# num high symmetry points
8
# label high symmetry points
G X M G R X M R 
# indices high symmetry points
1 34 67 114 171 218 219 252 
# nk, nb, ns
252 21 1
# k-points (frac coords)
+0.0000000e+00 +0.0000000e+00 +0.0000000e+00 
+0.0000000e+00 +1.5151515e-02 +0.0000000e+00 
+0.0000000e+00 +3.0303030e-02 +0.0000000e+00 
+0.0000000e+00 +4.5454545e-02 +0.0000000e+00 
+0.0000000e+00 +6.0606061e-02 +0.0000000e+00 
+0.0000000e+00 +7.5757576e-02 +0.0000000e+00 
+0.0000000e+00 +9.0909091e-02 +0.0000000e+00 
+0.0000000e+00 +1.0606061e-01 +0.0000000e+00 
+0.0000000e+00 +1.2121212e-01 +0.0000000e+00 
+0.0000000e+00 +1.3636364e-01 +0.0000000e+00 
+0.0000000e+00 +1.5151515e-01 +0.0000000e+00 
+0.0000000e+00 +1.6666667e-01 +0.0000000e+00 
+0.0000000e+00 +1.8181818e-01 +0.0000000e+00 
+0.0000000e+00 +1.9696970e-01 +0.0000000e+00 
+0.0000000e+00 +2.1212121e-01 +0.0000000e+00 
+0.0000000e+00 +2.2727273e-01 +0.0000000e+00 
+0.0000000e+00 +2.4242424e-01 +0.0000000e+00 
+0.0000000e+00 +2.5757576e-01 +0.0000000e+00 
+0.0000000e+00 +2.7272727e-01 +0.0000000e+00 
+0.0000000e+00 +2.8787879e-01 +0.0000000e+00 
+0.0000000e+00 +3.0303030e-01 +0.0000000e+00 
+0.0000000e+00 +3.1818182e-01 +0.0000000e+00 
+0.0000000e+00 +3.3333333e-01 +0.0000000e+00 
+0.0000000e+00 +3.4848485e-01 +0.0000000e+00 
+0.0000000e+00 +3.6363636e-01 +0.0000000e+00 
+0.0000000e+00 +3.7878788e-01 +0.0000000e+00 
+0.0000000e+00 +3.9393939e-01 +0.0000000e+00 
+0.0000000e+00 +4.0909091e-01 +0.0000000e+00 
+0.0000000e+00 +4.2424242e-01 +0.0000000e+00 
+0.0000000e+00 +4.3939394e-01 +0.0000000e+00 
+0.0000000e+00 +4.5454545e-01 +0.0000000e+00 
+0.0000000e+00 +4.6969697e-01 +0.0000000e+00 
+0.0000000e+00 +4.8484848e-01 +0.0000000e+00 
+0.0000000e+00 +5.0000000e-01 +0.0000000e+00 
+1.5151515e-02 +5.0000000e-01 +0.0000000e+00 
+3.0303030e-02 +5.0000000e-01 +0.0000000e+00 
+4.5454545e-02 +5.0000000e-01 +0.0000000e+00 
+6.0606061e-02 +5.0000000e-01 +0.0000000e+00 
+7.5757576e-02 +5.0000000e-01 +0.0000000e+00 
+9.0909091e-02 +5.0000000e-01 +0.0000000e+00 
+1.0606061e-01 +5.0000000e-01 +0.0000000e+00 
+1.2121212e-01 +5.0000000e-01 +0.0000000e+00 
+1.3636364e-01 +5.0000000e-01 +0.0000000e+00 
+1.5151515e-01 +5.0000000e-01 +0.0000000e+00 
+1.6666667e-01 +5.0000000e-01 +0.0000000e+00 
+1.8181818e-01 +5.0000000e-01 +0.0000000e+00 
+1.9696970e-01 +5.0000000e-01 +0.0000000e+00 
+2.1212121e-01 +5.0000000e-01 +0.0000000e+00 
+2.2727273e-01 +5.0000000e-01 +0.0000000e+00 
+2.4242424e-01 +5.0000000e-01 +0.0000000e+00 
+2.5757576e-01 +5.0000000e-01 +0.0000000e+00 
+2.7272727e-01 +5.0000000e-01 +0.0000000e+00 
+2.8787879e-01 +5.0000000e-01 +0.0000000e+00 
+3.0303030e-01 +5.0000000e-01 +0.0000000e+00 
+3.1818182e-01 +5.0000000e-01 +0.0000000e+00 
+3.3333333e-01 +5.0000000e-01 +0.0000000e+00 
+3.4848485e-01 +5.0000000e-01 +0.0000000e+00 
+3.6363636e-01 +5.0000000e-01 +0.0000000e+00 
+3.7878788e-01 +5.0000000e-01 +0.0000000e+00 
+3.9393939e-01 +5.0000000e-01 +0.0000000e+00 
+4.0909091e-01 +5.0000000e-01 +0.0000000e+00 
+4.2424242e-01 +5.0000000e-01 +0.0000000e+00 
+4.3939394e-01 +5.0000000e-01 +0.0000000e+00 
+4.5454545e-01 +5.0000000e-01 +0.0000000e+00 
+4.6969697e-01 +5.0000000e-01 +0.0000000e+00 
+4.8484848e-01 +5.0000000e-01 +0.0000000e+00 
+5.0000000e-01 +5.0000000e-01 +0.0000000e+00 
+4.8936170e-01 +4.8936170e-01 +0.0000000e+00 
+4.7872340e-01 +4.7872340e-01 +0.0000000e+00 
+4.6808511e-01 +4.6808511e-01 +0.0000000e+00 
+4.5744681e-01 +4.5744681e-01 +0.0000000e+00 
+4.4680851e-01 +4.4680851e-01 +0.0000000e+00 
+4.3617021e-01 +4.3617021e-01 +0.0000000e+00 
+4.2553191e-01 +4.2553191e-01 +0.0000000e+00 
+4.1489362e-01 +4.1489362e-01 +0.0000000e+00 
+4.0425532e-01 +4.0425532e-01 +0.0000000e+00 
+3.9361702e-01 +3.9361702e-01 +0.0000000e+00 
+3.8297872e-01 +3.8297872e-01 +0.0000000e+00 
+3.7234043e-01 +3.7234043e-01 +0.0000000e+00 
+3.6170213e-01 +3.6170213e-01 +0.0000000e+00 
+3.5106383e-01 +3.5106383e-01 +0.0000000e+00 
+3.4042553e-01 +3.4042553e-01 +0.0000000e+00 
+3.2978723e-01 +3.2978723e-01 +0.0000000e+00 
+3.1914894e-01 +3.1914894e-01 +0.0000000e+00 
+3.0851064e-01 +3.0851064e-01 +0.0000000e+00 
+2.9787234e-01 +2.9787234e-01 +0.0000000e+00 
+2.8723404e-01 +2.8723404e-01 +0.0000000e+00 
+2.7659574e-01 +2.7659574e-01 +0.0000000e+00 
+2.6595745e-01 +2.6595745e-01 +0.0000000e+00 
+2.5531915e-01 +2.5531915e-01 +0.0000000e+00 
+2.4468085e-01 +2.4468085e-01 +0.0000000e+00 
+2.3404255e-01 +2.3404255e-01 +0.0000000e+00 
+2.2340426e-01 +2.2340426e-01 +0.0000000e+00 
+2.1276596e-01 +2.1276596e-01 +0.0000000e+00 
+2.0212766e-01 +2.0212766e-01 +0.0000000e+00 
+1.9148936e-01 +1.9148936e-01 +0.0000000e+00 
+1.8085106e-01 +1.8085106e-01 +0.0000000e+00 
+1.7021277e-01 +1.7021277e-01 +0.0000000e+00 
+1.5957447e-01 +1.5957447e-01 +0.0000000e+00 
+1.4893617e-01 +1.4893617e-01 +0.0000000e+00 
+1.3829787e-01 +1.3829787e-01 +0.0000000e+00 
+1.2765957e-01 +1.2765957e-01 +0.0000000e+00 
+1.1702128e-01 +1.1702128e-01 +0.0000000e+00 
+1.0638298e-01 +1.0638298e-01 +0.0000000e+00 
+9.5744681e-02 +9.5744681e-02 +0.0000000e+00 
+8.5106383e-02 +8.5106383e-02 +0.0000000e+00 
+7.4468085e-02 +7.4468085e-02 +0.0000000e+00 
+6.3829787e-02 +6.3829787e-02 +0.0000000e+00 
+5.3191489e-02 +5.3191489e-02 +0.0000000e+00 
+4.2553191e-02 +4.2553191e-02 +0.0000000e+00 
+3.1914894e-02 +3.1914894e-02 +0.0000000e+00 
+2.1276596e-02 +2.1276596e-02 +0.0000000e+00 
+1.0638298e-02 +1.0638298e-02 +0.0000000e+00 
+0.0000000e+00 +0.0000000e+00 +0.0000000e+00 
+8.7719298e-03 +8.7719298e-03 +8.7719298e-03 
+1.7543860e-02 +1.7543860e-02 +1.7543860e-02 
+2.6315789e-02 +2.6315789e-02 +2.6315789e-02 
+3.5087719e-02 +3.5087719e-02 +3.5087719e-02 
+4.3859649e-02 +4.3859649e-02 +4.3859649e-02 
+5.2631579e-02 +5.2631579e-02 +5.2631579e-02 
+6.1403509e-02 +6.1403509e-02 +6.1403509e-02 
+7.0175439e-02 +7.0175439e-02 +7.0175439e-02 
+7.8947368e-02 +7.8947368e-02 +7.8947368e-02 
+8.7719298e-02 +8.7719298e-02 +8.7719298e-02 
+9.6491228e-02 +9.6491228e-02 +9.6491228e-02 
+1.0526316e-01 +1.0526316e-01 +1.0526316e-01 
+1.1403509e-01 +1.1403509e-01 +1.1403509e-01 
+1.2280702e-01 +1.2280702e-01 +1.2280702e-01 
+1.3157895e-01 +1.3157895e-01 +1.3157895e-01 
+1.4035088e-01 +1.4035088e-01 +1.4035088e-01 
+1.4912281e-01 +1.4912281e-01 +1.4912281e-01 
+1.5789474e-01 +1.5789474e-01 +1.5789474e-01 
+1.6666667e-01 +1.6666667e-01 +1.6666667e-01 
+1.7543860e-01 +1.7543860e-01 +1.7543860e-01 
+1.8421053e-01 +1.8421053e-01 +1.8421053e-01 
+1.9298246e-01 +1.9298246e-01 +1.9298246e-01 
+2.0175439e-01 +2.0175439e-01 +2.0175439e-01 
+2.1052632e-01 +2.1052632e-01 +2.1052632e-01 
+2.1929825e-01 +2.1929825e-01 +2.1929825e-01 
+2.2807018e-01 +2.2807018e-01 +2.2807018e-01 
+2.3684211e-01 +2.3684211e-01 +2.3684211e-01 
+2.4561404e-01 +2.4561404e-01 +2.4561404e-01 
+2.5438596e-01 +2.5438596e-01 +2.5438596e-01 
+2.6315789e-01 +2.6315789e-01 +2.6315789e-01 
+2.7192982e-01 +2.7192982e-01 +2.7192982e-01 
+2.8070175e-01 +2.8070175e-01 +2.8070175e-01 
+2.8947368e-01 +2.8947368e-01 +2.8947368e-01 
+2.9824561e-01 +2.9824561e-01 +2.9824561e-01 
+3.0701754e-01 +3.0701754e-01 +3.0701754e-01 
+3.1578947e-01 +3.1578947e-01 +3.1578947e-01 
+3.2456140e-01 +3.2456140e-01 +3.2456140e-01 
+3.3333333e-01 +3.3333333e-01 +3.3333333e-01 
+3.4210526e-01 +3.4210526e-01 +3.4210526e-01 
+3.5087719e-01 +3.5087719e-01 +3.5087719e-01 
+3.5964912e-01 +3.5964912e-01 +3.5964912e-01 
+3.6842105e-01 +3.6842105e-01 +3.6842105e-01 
+3.7719298e-01 +3.7719298e-01 +3.7719298e-01 
+3.8596491e-01 +3.8596491e-01 +3.8596491e-01 
+3.9473684e-01 +3.9473684e-01 +3.9473684e-01 
+4.0350877e-01 +4.0350877e-01 +4.0350877e-01 
+4.1228070e-01 +4.1228070e-01 +4.1228070e-01 
+4.2105263e-01 +4.2105263e-01 +4.2105263e-01 
+4.2982456e-01 +4.2982456e-01 +4.2982456e-01 
+4.3859649e-01 +4.3859649e-01 +4.3859649e-01 
+4.4736842e-01 +4.4736842e-01 +4.4736842e-01 
+4.5614035e-01 +4.5614035e-01 +4.5614035e-01 
+4.6491228e-01 +4.6491228e-01 +4.6491228e-01 
+4.7368421e-01 +4.7368421e-01 +4.7368421e-01 
+4.8245614e-01 +4.8245614e-01 +4.8245614e-01 
+4.9122807e-01 +4.9122807e-01 +4.9122807e-01 
+5.0000000e-01 +5.0000000e-01 +5.0000000e-01 
+4.8936170e-01 +5.0000000e-01 +4.8936170e-01 
+4.7872340e-01 +5.0000000e-01 +4.7872340e-01 
+4.6808511e-01 +5.0000000e-01 +4.6808511e-01 
+4.5744681e-01 +5.0000000e-01 +4.5744681e-01 
+4.4680851e-01 +5.0000000e-01 +4.4680851e-01 
+4.3617021e-01 +5.0000000e-01 +4.3617021e-01 
+4.2553191e-01 +5.0000000e-01 +4.2553191e-01 
+4.1489362e-01 +5.0000000e-01 +4.1489362e-01 
+4.0425532e-01 +5.0000000e-01 +4.0425532e-01 
+3.9361702e-01 +5.0000000e-01 +3.9361702e-01 
+3.8297872e-01 +5.0000000e-01 +3.8297872e-01 
+3.7234043e-01 +5.0000000e-01 +3.7234043e-01 
+3.6170213e-01 +5.0000000e-01 +3.6170213e-01 
+3.5106383e-01 +5.0000000e-01 +3.5106383e-01 
+3.4042553e-01 +5.0000000e-01 +3.4042553e-01 
+3.2978723e-01 +5.0000000e-01 +3.2978723e-01 
+3.1914894e-01 +5.0000000e-01 +3.1914894e-01 
+3.0851064e-01 +5.0000000e-01 +3.0851064e-01 
+2.9787234e-01 +5.0000000e-01 +2.9787234e-01 
+2.8723404e-01 +5.0000000e-01 +2.8723404e-01 
+2.7659574e-01 +5.0000000e-01 +2.7659574e-01 
+2.6595745e-01 +5.0000000e-01 +2.6595745e-01 
+2.5531915e-01 +5.0000000e-01 +2.5531915e-01 
+2.4468085e-01 +5.0000000e-01 +2.4468085e-01 
+2.3404255e-01 +5.0000000e-01 +2.3404255e-01 
+2.2340426e-01 +5.0000000e-01 +2.2340426e-01 
+2.1276596e-01 +5.0000000e-01 +2.1276596e-01 
+2.0212766e-01 +5.0000000e-01 +2.0212766e-01 
+1.9148936e-01 +5.0000000e-01 +1.9148936e-01 
+1.8085106e-01 +5.0000000e-01 +1.8085106e-01 
+1.7021277e-01 +5.0000000e-01 +1.7021277e-01 
+1.5957447e-01 +5.0000000e-01 +1.5957447e-01 
+1.4893617e-01 +5.0000000e-01 +1.4893617e-01 
+1.3829787e-01 +5.0000000e-01 +1.3829787e-01 
+1.2765957e-01 +5.0000000e-01 +1.2765957e-01 
+1.1702128e-01 +5.0000000e-01 +1.1702128e-01 
+1.0638298e-01 +5.0000000e-01 +1.0638298e-01 
+9.5744681e-02 +5.0000000e-01 +9.5744681e-02 
+8.5106383e-02 +5.0000000e-01 +8.5106383e-02 
+7.4468085e-02 +5.0000000e-01 +7.4468085e-02 
+6.3829787e-02 +5.0000000e-01 +6.3829787e-02 
+5.3191489e-02 +5.0000000e-01 +5.3191489e-02 
+4.2553191e-02 +5.0000000e-01 +4.2553191e-02 
+3.1914894e-02 +5.0000000e-01 +3.1914894e-02 
+2.1276596e-02 +5.0000000e-01 +2.1276596e-02 
+1.0638298e-02 +5.0000000e-01 +1.0638298e-02 
+0.0000000e+00 +5.0000000e-01 +0.0000000e+00 
+5.0000000e-01 +5.0000000e-01 +0.0000000e+00 
+5.0000000e-01 +5.0000000e-01 +1.5151515e-02 
+5.0000000e-01 +5.0000000e-01 +3.0303030e-02 
+5.0000000e-01 +5.0000000e-01 +4.5454545e-02 
+5.0000000e-01 +5.0000000e-01 +6.0606061e-02 
+5.0000000e-01 +5.0000000e-01 +7.5757576e-02 
+5.0000000e-01 +5.0000000e-01 +9.0909091e-02 
+5.0000000e-01 +5.0000000e-01 +1.0606061e-01 
+5.0000000e-01 +5.0000000e-01 +1.2121212e-01 
+5.0000000e-01 +5.0000000e-01 +1.3636364e-01 
+5.0000000e-01 +5.0000000e-01 +1.5151515e-01 
+5.0000000e-01 +5.0000000e-01 +1.6666667e-01 
+5.0000000e-01 +5.0000000e-01 +1.8181818e-01 
+5.0000000e-01 +5.0000000e-01 +1.9696970e-01 
+5.0000000e-01 +5.0000000e-01 +2.1212121e-01 
+5.0000000e-01 +5.0000000e-01 +2.2727273e-01 
+5.0000000e-01 +5.0000000e-01 +2.4242424e-01 
+5.0000000e-01 +5.0000000e-01 +2.5757576e-01 
+5.0000000e-01 +5.0000000e-01 +2.7272727e-01 
+5.0000000e-01 +5.0000000e-01 +2.8787879e-01 
+5.0000000e-01 +5.0000000e-01 +3.0303030e-01 
+5.0000000e-01 +5.0000000e-01 +3.1818182e-01 
+5.0000000e-01 +5.0000000e-01 +3.3333333e-01 
+5.0000000e-01 +5.0000000e-01 +3.4848485e-01 
+5.0000000e-01 +5.0000000e-01 +3.6363636e-01 
+5.0000000e-01 +5.0000000e-01 +3.7878788e-01 
+5.0000000e-01 +5.0000000e-01 +3.9393939e-01 
+5.0000000e-01 +5.0000000e-01 +4.0909091e-01 
+5.0000000e-01 +5.0000000e-01 +4.2424242e-01 
+5.0000000e-01 +5.0000000e-01 +4.3939394e-01 
+5.0000000e-01 +5.0000000e-01 +4.5454545e-01 
+5.0000000e-01 +5.0000000e-01 +4.6969697e-01 
+5.0000000e-01 +5.0000000e-01 +4.8484848e-01 
+5.0000000e-01 +5.0000000e-01 +5.0000000e-01 
# energies (kpt,band,spin)
# spin = 1
-6.7243446e+01 -6.7056531e+01 -3.3931911e+01 -3.3931911e+01 -3.3931911e+01 -3.3154667e+01 -3.3154667e+01 -3.3154667e+01 -7.7665915e+00 -3.6934713e+00 -3.6934713e+00 +6.7512795e-01 +6.7512795e-01 +6.7512795e-01 +3.9363202e+00 +3.9363202e+00 +6.6295360e+00 +6.6295360e+00 +6.6295360e+00 +9.2415163e+00 +9.2415163e+00 
-6.7243325e+01 -6.7056622e+01 -3.3931937e+01 -3.3931462e+01 -3.3931462e+01 -3.3155615e+01 -3.3155091e+01 -3.3155091e+01 -7.7614334e+00 -3.6907355e+00 -3.6895248e+00 +6.7468977e-01 +6.7468978e-01 +6.7756612e-01 +3.9287708e+00 +3.9390975e+00 +6.5974306e+00 +6.5974306e+00 +6.6249517e+00 +9.2095430e+00 +9.2790911e+00 
-6.7242961e+01 -6.7056895e+01 -3.3932008e+01 -3.3930116e+01 -3.3930116e+01 -3.3158454e+01 -3.3156362e+01 -3.3156362e+01 -7.7459800e+00 -3.6825303e+00 -3.6777252e+00 +6.7336332e-01 +6.7336332e-01 +6.8487922e-01 +3.9061049e+00 +3.9474070e+00 +6.5062018e+00 +6.5062018e+00 +6.6112217e+00 +9.1168244e+00 +9.3867287e+00 
-6.7242357e+01 -6.7057350e+01 -3.3932113e+01 -3.3927874e+01 -3.3927874e+01 -3.3163165e+01 -3.3158477e+01 -3.3158477e+01 -7.7202941e+00 -3.6688627e+00 -3.6581911e+00 +6.7112433e-01 +6.7112433e-01 +6.9706298e-01 +3.8682997e+00 +3.9611828e+00 +6.3680128e+00 +6.3680128e+00 +6.5884138e+00 +8.9720188e+00 +9.5522682e+00 
-6.7241515e+01 -6.7057987e+01 -3.3932232e+01 -3.3924741e+01 -3.3924741e+01 -3.3169717e+01 -3.3161433e+01 -3.3161433e+01 -7.6844825e+00 -3.6497440e+00 -3.6311208e+00 +6.6796364e-01 +6.6796365e-01 +7.1411033e-01 +3.8154026e+00 +3.9803156e+00 +6.1963690e+00 +6.1963690e+00 +6.5566410e+00 +8.7869090e+00 +9.7622070e+00 
-6.7240436e+01 -6.7058806e+01 -3.3932341e+01 -3.3920722e+01 -3.3920722e+01 -3.3178065e+01 -3.3165224e+01 -3.3165224e+01 -7.6386976e+00 -3.6251891e+00 -3.5967936e+00 +6.6391499e-01 +6.6391499e-01 +7.3601146e-01 +3.7476122e+00 +4.0046546e+00 +6.0025675e+00 +6.0025675e+00 +6.5160594e+00 +8.5737741e+00 +1.0005252e+01 
-6.7239124e+01 -6.7059807e+01 -3.3932413e+01 -3.3915825e+01 -3.3915825e+01 -3.3188155e+01 -3.3169842e+01 -3.3169842e+01 -7.5831384e+00 -3.5952169e+00 -3.5555757e+00 +6.5907166e-01 +6.5907166e-01 +7.6275387e-01 +3.6653313e+00 +4.0340083e+00 +5.7949004e+00 +5.7949004e+00 +6.4668676e+00 +8.3433636e+00 +1.0273116e+01 
-6.7237581e+01 -6.7060989e+01 -3.3932415e+01 -3.3910060e+01 -3.3910060e+01 -3.3199923e+01 -3.3175277e+01 -3.3175277e+01 -7.5180466e+00 -3.5598484e+00 -3.5079275e+00 +6.5358936e-01 +6.5358936e-01 +7.9432245e-01 +3.5691788e+00 +4.0681484e+00 +5.5791387e+00 +5.5791387e+00 +6.4093036e+00 +8.1038102e+00 +1.0560031e+01 
-6.7235811e+01 -6.7062349e+01 -3.3932313e+01 -3.3903439e+01 -3.3903439e+01 -3.3213292e+01 -3.3181520e+01 -3.3181520e+01 -7.4436964e+00 -3.5191073e+00 -3.4544141e+00 +6.4767929e-01 +6.4767929e-01 +8.3069955e-01 +3.4599664e+00 +4.1068155e+00 +5.3592475e+00 +5.3592475e+00 +6.3436424e+00 +7.8604204e+00 +1.0862034e+01 
-6.7233819e+01 -6.7063885e+01 -3.3932065e+01 -3.3895978e+01 -3.3895978e+01 -3.3228179e+01 -3.3188558e+01 -3.3188558e+01 -7.3603747e+00 -3.4730182e+00 -3.3957128e+00 +6.4159683e-01 +6.4159683e-01 +8.7186499e-01 +3.3386544e+00 +4.1497280e+00 +5.1379715e+00 +5.1379715e+00 +6.2701921e+00 +7.6161581e+00 +1.1176380e+01 
-6.7231614e+01 -6.7065595e+01 -3.3931628e+01 -3.3887694e+01 -3.3887694e+01 -3.3244491e+01 -3.3196377e+01 -3.3196377e+01 -7.2683560e+00 -3.4216067e+00 -3.3326196e+00 +6.3563010e-01 +6.3563010e-01 +9.1779614e-01 +3.2063013e+00 +4.1965894e+00 +4.9172439e+00 +4.9172439e+00 +6.1892885e+00 +7.3725502e+00 +1.1501120e+01 
-6.7229205e+01 -6.7067474e+01 -3.3930953e+01 -3.3878606e+01 -3.3878606e+01 -3.3262128e+01 -3.3204961e+01 -3.3204961e+01 -7.1678840e+00 -3.3648983e+00 -3.2660533e+00 +6.3009069e-01 +6.3009069e-01 +9.6846798e-01 +3.0640165e+00 +4.2470873e+00 +4.6984562e+00 +4.6984562e+00 +6.1012896e+00 +7.1306317e+00 +1.1834825e+01 
-6.7226599e+01 -6.7069521e+01 -3.3929988e+01 -3.3868737e+01 -3.3868737e+01 -3.3280984e+01 -3.3214293e+01 -3.3214293e+01 -7.0591696e+00 -3.3029178e+00 -3.1970611e+00 +6.2530734e-01 +6.2530734e-01 +1.0238530e+00 +2.9129212e+00 +4.3008766e+00 +4.4826344e+00 +4.4826344e+00 +6.0065684e+00 +6.8915822e+00 +1.2176387e+01 
-6.7223807e+01 -6.7071733e+01 -3.3928678e+01 -3.3858109e+01 -3.3858109e+01 -3.3300947e+01 -3.3224355e+01 -3.3224355e+01 -6.9424130e+00 -3.2356896e+00 -3.1268252e+00 +6.2162251e-01 +6.2162252e-01 +1.0839214e+00 +2.7541182e+00 +4.2705536e+00 +4.2705536e+00 +4.3575512e+00 +5.9055054e+00 +6.6569503e+00 +1.2524882e+01 
-6.7220837e+01 -6.7074108e+01 -3.3926965e+01 -3.3846748e+01 -3.3846748e+01 -3.3321900e+01 -3.3235126e+01 -3.3235126e+01 -6.8178380e+00 -3.1632365e+00 -3.0566695e+00 +6.1939075e-01 +6.1939075e-01 +1.1486407e+00 +2.5886700e+00 +4.0628151e+00 +4.0628152e+00 +4.4166110e+00 +5.7984821e+00 +6.4285955e+00 +1.2879463e+01 
-6.7217698e+01 -6.7076646e+01 -3.3924791e+01 -3.3834681e+01 -3.3834681e+01 -3.3343723e+01 -3.3246585e+01 -3.3246585e+01 -6.6857213e+00 -3.0855806e+00 -2.9880623e+00 +6.1897703e-01 +6.1897703e-01 +1.2179759e+00 +2.4175851e+00 +3.8598978e+00 +3.8598978e+00 +4.4774402e+00 +5.6858767e+00 +6.2085387e+00 +1.3239278e+01 
-6.7214398e+01 -6.7079343e+01 -3.3922099e+01 -3.3821937e+01 -3.3821937e+01 -3.3366293e+01 -3.3258708e+01 -3.3258708e+01 -6.5464069e+00 -3.0027430e+00 -2.9226125e+00 +6.2075335e-01 +6.2075335e-01 +1.2918890e+00 +2.2418093e+00 +3.6621939e+00 +3.6621940e+00 +4.5392997e+00 +5.5680631e+00 +5.9988312e+00 +1.3603421e+01 
-6.7210948e+01 -6.7082197e+01 -3.3918831e+01 -3.3808547e+01 -3.3808547e+01 -3.3389487e+01 -3.3271470e+01 -3.3271470e+01 -6.4003043e+00 -2.9147443e+00 -2.8620550e+00 +6.2509284e-01 +6.2509284e-01 +1.3703390e+00 +2.0622214e+00 +3.4700355e+00 +3.4700355e+00 +4.6013329e+00 +5.4454156e+00 +5.8014731e+00 +1.3970902e+01 
-6.7207355e+01 -6.7085205e+01 -3.3914930e+01 -3.3794543e+01 -3.3794543e+01 -3.3413178e+01 -3.3284845e+01 -3.3284845e+01 -6.2478795e+00 -2.8216054e+00 -2.8082246e+00 +6.3236203e-01 +6.3236204e-01 +1.4532808e+00 +1.8796322e+00 +3.2837119e+00 +3.2837119e+00 +4.6625820e+00 +5.3183170e+00 +5.6183642e+00 +1.4340675e+01 
-6.7203631e+01 -6.7088362e+01 -3.3910342e+01 -3.3779961e+01 -3.3779961e+01 -3.3437245e+01 -3.3298805e+01 -3.3298805e+01 -6.0896453e+00 -2.7630127e+00 -2.7233480e+00 +6.4291326e-01 +6.4291326e-01 +1.5406648e+00 +1.6947861e+00 +3.1034826e+00 +3.1034826e+00 +4.7220092e+00 +5.1871674e+00 +5.4512640e+00 +1.4711690e+01 
-6.7199785e+01 -6.7091665e+01 -3.3905015e+01 -3.3764836e+01 -3.3764836e+01 -3.3461565e+01 -3.3313320e+01 -3.3313320e+01 -5.9261545e+00 -2.7283093e+00 -2.6199960e+00 +6.5707889e-01 +6.5707890e-01 +1.5083633e+00 +1.6324359e+00 +2.9295824e+00 +2.9295824e+00 +4.7785259e+00 +5.0523914e+00 +5.3017433e+00 +1.5082991e+01 
-6.7195827e+01 -6.7095106e+01 -3.3898899e+01 -3.3749208e+01 -3.3749208e+01 -3.3486019e+01 -3.3328360e+01 -3.3328360e+01 -5.7579975e+00 -2.7059271e+00 -2.5115771e+00 +6.7516814e-01 +6.7516814e-01 +1.3209838e+00 +1.7285323e+00 +2.7622199e+00 +2.7622199e+00 +4.8310323e+00 +4.9144395e+00 +5.1711209e+00 +1.5453820e+01 
-6.7191769e+01 -6.7098681e+01 -3.3891950e+01 -3.3733117e+01 -3.3733117e+01 -3.3510489e+01 -3.3343892e+01 -3.3343892e+01 -5.5858031e+00 -2.6975145e+00 -2.3981249e+00 +6.9746613e-01 +6.9746614e-01 +1.1332117e+00 +1.8288838e+00 +2.6015686e+00 +2.6015686e+00 +4.7737836e+00 +4.8784686e+00 +5.0603854e+00 +1.5823690e+01 
-6.7187622e+01 -6.7102382e+01 -3.3884125e+01 -3.3716602e+01 -3.3716602e+01 -3.3534865e+01 -3.3359884e+01 -3.3359884e+01 -5.4102409e+00 -2.7044641e+00 -2.2796809e+00 +7.2423442e-01 +7.2423442e-01 +9.4555911e-01 +1.9334106e+00 +2.4477555e+00 +2.4477555e+00 +4.6309083e+00 +4.9198670e+00 +4.9701233e+00 +1.6192412e+01 
-6.7183396e+01 -6.7106199e+01 -3.3875388e+01 -3.3699705e+01 -3.3699705e+01 -3.3559038e+01 -3.3376300e+01 -3.3376300e+01 -5.2320245e+00 -2.7278271e+00 -2.1562971e+00 +7.5571208e-01 +7.5571208e-01 +7.5849142e-01 +2.0420213e+00 +2.3008507e+00 +2.3008508e+00 +4.4863008e+00 +4.9002830e+00 +4.9545761e+00 +1.6560053e+01 
-6.7179105e+01 -6.7110124e+01 -3.3865709e+01 -3.3682464e+01 -3.3682464e+01 -3.3582905e+01 -3.3393105e+01 -3.3393105e+01 -5.0519119e+00 -2.7682476e+00 -2.0280387e+00 +5.7243139e-01 +7.9211692e-01 +7.9211693e-01 +2.1546108e+00 +2.1608652e+00 +2.1608652e+00 +4.3404417e+00 +4.8505472e+00 +4.9818841e+00 +1.6926843e+01 
-6.7174758e+01 -6.7114143e+01 -3.3855061e+01 -3.3664917e+01 -3.3664917e+01 -3.3606370e+01 -3.3410262e+01 -3.3410262e+01 -4.8707031e+00 -2.8259264e+00 -1.8949861e+00 +3.8776370e-01 +8.3364660e-01 +8.3364661e-01 +2.0277578e+00 +2.0277578e+00 +2.2710593e+00 +4.1937978e+00 +4.8197073e+00 +5.0016289e+00 +1.7293062e+01 
-6.7170370e+01 -6.7118239e+01 -3.3843425e+01 -3.3647105e+01 -3.3647105e+01 -3.3629342e+01 -3.3427734e+01 -3.3427734e+01 -4.6892369e+00 -2.9006202e+00 -1.7572367e+00 +2.0483926e-01 +8.8047960e-01 +8.8047961e-01 +1.9014497e+00 +1.9014497e+00 +2.3912300e+00 +4.0468178e+00 +4.8060760e+00 +5.0137442e+00 +1.7341522e+01 
-6.7165951e+01 -6.7122397e+01 -3.3830788e+01 -3.3651738e+01 -3.3629067e+01 -3.3629067e+01 -3.3445481e+01 -3.3445481e+01 -4.5083916e+00 -2.9916762e+00 -1.6149056e+00 +2.3979294e-02 +9.3277627e-01 +9.3277627e-01 +1.7818414e+00 +1.7818414e+00 +2.5149680e+00 +3.8999299e+00 +4.8074064e+00 +5.0182887e+00 +1.7317246e+01 
-6.7161516e+01 -6.7126601e+01 -3.3817145e+01 -3.3673480e+01 -3.3610843e+01 -3.3610843e+01 -3.3463464e+01 -3.3463464e+01 -4.3291001e+00 -3.0980942e+00 -1.4681254e+00 -1.5452075e-01 +9.9067993e-01 +9.9067994e-01 +1.6688266e+00 +1.6688266e+00 +2.6420988e+00 +3.7535409e+00 +4.8209911e+00 +5.0153481e+00 +1.7320643e+01 
-6.7157077e+01 -6.7130844e+01 -3.3802496e+01 -3.3694500e+01 -3.3592476e+01 -3.3592476e+01 -3.3481642e+01 -3.3481642e+01 -4.1523804e+00 -3.2186061e+00 -1.3170458e+00 -3.3038752e-01 +1.0543183e+00 +1.0543183e+00 +1.5623017e+00 +1.5623017e+00 +2.7724279e+00 +3.6080358e+00 +4.8437873e+00 +5.0050515e+00 +1.7352648e+01 
-6.7152647e+01 -6.7135121e+01 -3.3786851e+01 -3.3714734e+01 -3.3574008e+01 -3.3574008e+01 -3.3499975e+01 -3.3499975e+01 -3.9793704e+00 -3.3517593e+00 -1.1618314e+00 -5.0336640e-01 +1.1238054e+00 +1.1238054e+00 +1.4621695e+00 +1.4621695e+00 +2.9057398e+00 +3.4637782e+00 +4.8725693e+00 +4.9877346e+00 +1.7412101e+01 
-6.7148245e+01 -6.7139424e+01 -3.3770224e+01 -3.3734130e+01 -3.3555482e+01 -3.3555482e+01 -3.3518419e+01 -3.3518419e+01 -3.8113465e+00 -3.4959952e+00 -1.0026613e+00 -6.7321827e-01 +1.1992433e+00 +1.1992433e+00 +1.3683397e+00 +1.3683397e+00 +3.0417972e+00 +3.3211112e+00 +4.9040871e+00 +4.9641933e+00 +1.7494863e+01 
-6.7144370e+01 -6.7143266e+01 -3.3752684e+01 -3.3752595e+01 -3.3537255e+01 -3.3537255e+01 -3.3536618e+01 -3.3536618e+01 -3.6497208e+00 -3.6497133e+00 -8.4054396e-01 -8.3889987e-01 +1.2805115e+00 +1.2805115e+00 +1.2809400e+00 +1.2809400e+00 +3.1793374e+00 +3.1813608e+00 +4.9327399e+00 +4.9383906e+00 +1.7578329e+01 
-6.7144353e+01 -6.7143247e+01 -3.3755827e+01 -3.3755731e+01 -3.3537207e+01 -3.3536569e+01 -3.3534430e+01 -3.3533801e+01 -3.6487134e+00 -3.6487022e+00 -8.4398213e-01 -8.4234319e-01 +1.2613629e+00 +1.2617629e+00 +1.2899619e+00 +1.2903867e+00 +3.2014737e+00 +3.2034655e+00 +4.9339280e+00 +4.9395566e+00 +1.7544875e+01 
-6.7144304e+01 -6.7143192e+01 -3.3764783e+01 -3.3764671e+01 -3.3537065e+01 -3.3536423e+01 -3.3526424e+01 -3.3525814e+01 -3.6458309e+00 -3.6457645e+00 -8.5376888e-01 -8.5214430e-01 +1.2065302e+00 +1.2068553e+00 +1.3178787e+00 +1.3182921e+00 +3.2652055e+00 +3.2671127e+00 +4.9374812e+00 +4.9430429e+00 +1.7447889e+01 
-6.7144223e+01 -6.7143102e+01 -3.3778431e+01 -3.3778298e+01 -3.3536830e+01 -3.3536182e+01 -3.3514349e+01 -3.3513764e+01 -3.6414135e+00 -3.6412590e+00 -8.6840728e-01 -8.6680345e-01 +1.1224921e+00 +1.1227190e+00 +1.3630419e+00 +1.3634345e+00 +3.3638732e+00 +3.3656651e+00 +4.9433657e+00 +4.9488151e+00 +1.7295601e+01 
-6.7144111e+01 -6.7142976e+01 -3.3795534e+01 -3.3795381e+01 -3.3536505e+01 -3.3535847e+01 -3.3499427e+01 -3.3498868e+01 -3.6360279e+00 -3.6357577e+00 -8.8565678e-01 -8.8407663e-01 +1.0168925e+00 +1.0170199e+00 +1.4236609e+00 +1.4240196e+00 +3.4895638e+00 +3.4912310e+00 +4.9515240e+00 +4.9568154e+00 +1.7097364e+01 
-6.7143970e+01 -6.7142818e+01 -3.3815059e+01 -3.3814889e+01 -3.3536094e+01 -3.3535422e+01 -3.3482668e+01 -3.3482134e+01 -3.6304372e+00 -3.6300313e+00 -9.0282139e-01 -9.0126538e-01 +8.9658159e-01 +8.9662245e-01 +1.4976417e+00 +1.4979466e+00 +3.6351045e+00 +3.6366507e+00 +4.9618742e+00 +4.9669624e+00 +1.6861010e+01 
-6.7143803e+01 -6.7142628e+01 -3.3836240e+01 -3.3836056e+01 -3.3535600e+01 -3.3534912e+01 -3.3464812e+01 -3.3464303e+01 -3.6255641e+00 -3.6250116e+00 -9.1703113e-01 -9.1549988e-01 +7.6690351e-01 +7.6692854e-01 +1.5828304e+00 +1.5830519e+00 +3.7947929e+00 +3.7962291e+00 +4.9743082e+00 +4.9791517e+00 +1.6592258e+01 
-6.7143612e+01 -6.7142410e+01 -3.3858528e+01 -3.3858335e+01 -3.3535028e+01 -3.3534321e+01 -3.3446375e+01 -3.3445891e+01 -3.6224361e+00 -3.6217362e+00 -9.2548120e-01 -9.2397959e-01 +6.3182284e-01 +6.3189038e-01 +1.6771912e+00 +1.6772896e+00 +3.9643815e+00 +3.9657215e+00 +4.9886876e+00 +4.9932527e+00 +1.6295569e+01 
-6.7143397e+01 -6.7142164e+01 -3.3881527e+01 -3.3881327e+01 -3.3534380e+01 -3.3533653e+01 -3.3427718e+01 -3.3427257e+01 -3.6221108e+00 -3.6212726e+00 -9.2562099e-01 -9.2416271e-01 +4.9423213e-01 +4.9431911e-01 +1.7788352e+00 +1.7789068e+00 +4.1408176e+00 +4.1420762e+00 +5.0048351e+00 +5.0091010e+00 +1.5975693e+01 
-6.7143159e+01 -6.7141895e+01 -3.3904943e+01 -3.3904738e+01 -3.3533660e+01 -3.3532914e+01 -3.3409092e+01 -3.3408656e+01 -3.6255840e+00 -3.6246245e+00 -9.1528978e-01 -9.1390023e-01 +3.5618162e-01 +3.5626769e-01 +1.8861141e+00 +1.8864013e+00 +4.3219601e+00 +4.3231511e+00 +5.0225176e+00 +5.0264799e+00 +1.5639076e+01 
-6.7142898e+01 -6.7141605e+01 -3.3928546e+01 -3.3928339e+01 -3.3532872e+01 -3.3532110e+01 -3.3390681e+01 -3.3390271e+01 -3.6336900e+00 -3.6326310e+00 -8.9279091e-01 -8.9150630e-01 +2.1916004e-01 +2.1922935e-01 +1.9977624e+00 +1.9982971e+00 +4.5063200e+00 +4.5074550e+00 +5.0414236e+00 +5.0450947e+00 +1.5294296e+01 
-6.7142615e+01 -6.7141296e+01 -3.3952152e+01 -3.3951946e+01 -3.3532021e+01 -3.3531248e+01 -3.3372620e+01 -3.3372237e+01 -3.6470125e+00 -3.6458765e+00 -8.5690426e-01 -8.5576596e-01 +8.4268237e-02 +8.4310359e-02 +2.1125466e+00 +2.1133372e+00 +4.6928319e+00 +4.6939189e+00 +5.0611439e+00 +5.0645475e+00 +1.4951051e+01 
-6.7142313e+01 -6.7140973e+01 -3.3975605e+01 -3.3975402e+01 -3.3531113e+01 -3.3530333e+01 -3.3355012e+01 -3.3354657e+01 -3.6658243e+00 -3.6646314e+00 -8.0685973e-01 -8.0590593e-01 -4.7658703e-02 -4.7648795e-02 +2.2292914e+00 +2.2303183e+00 +4.8806625e+00 +4.8817053e+00 +5.0811664e+00 +5.0843299e+00 +1.4618203e+01 
-6.7141993e+01 -6.7140638e+01 -3.3998771e+01 -3.3998572e+01 -3.3530157e+01 -3.3529375e+01 -3.3337938e+01 -3.3337612e+01 -3.6900701e+00 -3.6888369e+00 -7.4230411e-01 -7.4156242e-01 -1.7599053e-01 -1.7596769e-01 +2.3468523e+00 +2.3480722e+00 +5.0690695e+00 +5.0700679e+00 +5.1008890e+00 +5.1038358e+00 +1.4302056e+01 
-6.7141661e+01 -6.7140296e+01 -3.4021529e+01 -3.4021336e+01 -3.3529162e+01 -3.3528382e+01 -3.3321461e+01 -3.3321166e+01 -3.7193943e+00 -3.7181332e+00 -6.6327467e-01 -6.6275836e-01 -3.0018481e-01 -3.0013189e-01 +2.4641333e+00 +2.4654883e+00 +5.1196411e+00 +5.1223871e+00 +5.2573131e+00 +5.2582638e+00 +1.4005781e+01 
-6.7141323e+01 -6.7139950e+01 -3.4043768e+01 -3.4043583e+01 -3.3528139e+01 -3.3527363e+01 -3.3305635e+01 -3.3305369e+01 -3.7531991e+00 -3.7519189e+00 -5.7017012e-01 -5.6987794e-01 -4.1979314e-01 -4.1971465e-01 +2.5801211e+00 +2.5815472e+00 +5.1367042e+00 +5.1392579e+00 +5.4446140e+00 +5.4455114e+00 +1.3729950e+01 
-6.7140984e+01 -6.7139603e+01 -3.4065386e+01 -3.4065212e+01 -3.3527097e+01 -3.3526327e+01 -3.3290501e+01 -3.3290264e+01 -3.7907183e+00 -3.7894244e+00 -5.3444530e-01 -5.3434650e-01 -4.6370763e-01 -4.6362605e-01 +2.6939072e+00 +2.6953416e+00 +5.1513248e+00 +5.1536912e+00 +5.6301393e+00 +5.6309774e+00 +1.3473563e+01 
-6.7140648e+01 -6.7139258e+01 -3.4086288e+01 -3.4086125e+01 -3.3526046e+01 -3.3525284e+01 -3.3276095e+01 -3.3275886e+01 -3.8310912e+00 -3.8297855e+00 -6.4382412e-01 -6.4371027e-01 -3.4497466e-01 -3.4486852e-01 +2.8046903e+00 +2.8060754e+00 +5.1627251e+00 +5.1649093e+00 +5.8130041e+00 +5.8137771e+00 +1.3234988e+01 
-6.7140321e+01 -6.7138919e+01 -3.4106386e+01 -3.4106235e+01 -3.3524997e+01 -3.3524243e+01 -3.3262448e+01 -3.3262265e+01 -3.8734248e+00 -3.8721058e+00 -7.4765510e-01 -7.4753104e-01 -2.1510875e-01 -2.1484411e-01 +2.9117640e+00 +2.9130501e+00 +5.1701131e+00 +5.1721244e+00 +5.9922767e+00 +5.9929800e+00 +1.3012580e+01 
-6.7140008e+01 -6.7138589e+01 -3.4125594e+01 -3.4125457e+01 -3.3523959e+01 -3.3523214e+01 -3.3249585e+01 -3.3249427e+01 -3.9168411e+00 -3.9155046e+00 -8.4569908e-01 -8.4556906e-01 -7.5383631e-02 -7.4993336e-02 +3.0144995e+00 +3.0156464e+00 +5.1727018e+00 +5.1745559e+00 +6.1669850e+00 +6.1676159e+00 +1.2804997e+01 
-6.7139712e+01 -6.7138271e+01 -3.4143835e+01 -3.4143712e+01 -3.3522942e+01 -3.3522205e+01 -3.3237529e+01 -3.3237394e+01 -3.9605090e+00 -3.9591485e+00 -9.3774674e-01 -9.3761442e-01 +7.2699545e-02 +7.3181376e-02 +3.1123286e+00 +3.1133062e+00 +5.1697380e+00 +5.1714579e+00 +6.3361209e+00 +6.3366786e+00 +1.2611309e+01 
-6.7139437e+01 -6.7137967e+01 -3.4161034e+01 -3.4160924e+01 -3.3521955e+01 -3.3521227e+01 -3.3226299e+01 -3.3226184e+01 -4.0036624e+00 -4.0022704e+00 -1.0236144e+00 -1.0234830e+00 +2.2749819e-01 +2.2803826e-01 +3.2047308e+00 +3.2055203e+00 +5.1605465e+00 +5.1621620e+00 +6.4986448e+00 +6.4991305e+00 +1.2431001e+01 
-6.7139184e+01 -6.7137681e+01 -3.4177120e+01 -3.4177025e+01 -3.3521006e+01 -3.3520287e+01 -3.3215912e+01 -3.3215816e+01 -4.0456092e+00 -4.0441783e+00 -1.1031409e+00 -1.1030131e+00 +3.8721367e-01 +3.8778120e-01 +3.2912252e+00 +3.2918184e+00 +5.1445915e+00 +5.1461368e+00 +6.6534915e+00 +6.6539077e+00 +1.2263913e+01 
-6.7138956e+01 -6.7137414e+01 -3.4192031e+01 -3.4191948e+01 -3.3520104e+01 -3.3519394e+01 -3.3206383e+01 -3.3206302e+01 -4.0857330e+00 -4.0842576e+00 -1.1761844e+00 -1.1760629e+00 +5.4985957e-01 +5.5042753e-01 +3.3713654e+00 +3.3717644e+00 +5.1215567e+00 +5.1230668e+00 +6.7995770e+00 +6.7999277e+00 +1.2110162e+01 
-6.7138753e+01 -6.7137169e+01 -3.4205704e+01 -3.4205634e+01 -3.3519256e+01 -3.3518556e+01 -3.3197724e+01 -3.3197658e+01 -4.1234921e+00 -4.1219691e+00 -1.2426211e+00 -1.2425082e+00 +7.1321509e-01 +7.1376074e-01 +3.4447373e+00 +3.4449524e+00 +5.0914434e+00 +5.0929506e+00 +6.9358111e+00 +6.9361010e+00 +1.1970039e+01 
-6.7138574e+01 -6.7136947e+01 -3.4218085e+01 -3.4218027e+01 -3.3518470e+01 -3.3517781e+01 -3.3189946e+01 -3.3189893e+01 -4.1584158e+00 -4.1568452e+00 -1.3023423e+00 -1.3022405e+00 +8.7476651e-01 +8.7527141e-01 +3.5109586e+00 +3.5110063e+00 +5.0546824e+00 +5.0562114e+00 +7.0611133e+00 +7.0613476e+00 +1.1843906e+01 
-6.7138419e+01 -6.7136749e+01 -3.4229123e+01 -3.4229077e+01 -3.3517753e+01 -3.3517075e+01 -3.3183061e+01 -3.3183018e+01 -4.1900998e+00 -4.1884847e+00 -1.3552540e+00 -1.3551655e+00 +1.0316424e+00 +1.0320918e+00 +3.5695818e+00 +3.5696812e+00 +5.0122482e+00 +5.0138125e+00 +7.1744345e+00 +7.1746184e+00 +1.1732102e+01 
-6.7138286e+01 -6.7136576e+01 -3.4238773e+01 -3.4238737e+01 -3.3517111e+01 -3.3516445e+01 -3.3177074e+01 -3.3177041e+01 -4.2182013e+00 -4.2165475e+00 -1.4012746e+00 -1.4012012e+00 +1.1805531e+00 +1.1809354e+00 +3.6203741e+00 +3.6205987e+00 +4.9657601e+00 +4.9673597e+00 +7.2747836e+00 +7.2749225e+00 +1.1634869e+01 
-6.7138174e+01 -6.7136430e+01 -3.4246993e+01 -3.4246966e+01 -3.3516551e+01 -3.3515898e+01 -3.3171995e+01 -3.3171970e+01 -4.2424347e+00 -4.2407496e+00 -1.4403344e+00 -1.4402775e+00 +1.3177553e+00 +1.3180613e+00 +3.6631373e+00 +3.6634647e+00 +4.9175404e+00 +4.9191614e+00 +7.3612570e+00 +7.3613564e+00 +1.1552328e+01 
-6.7138084e+01 -6.7136312e+01 -3.4253748e+01 -3.4253730e+01 -3.3516079e+01 -3.3515439e+01 -3.3167828e+01 -3.3167810e+01 -4.2625662e+00 -4.2608583e+00 -1.4723746e+00 -1.4723344e+00 +1.4390777e+00 +1.4393020e+00 +3.6977187e+00 +3.6981269e+00 +4.8705906e+00 +4.8722079e+00 +7.4330676e+00 +7.4331330e+00 +1.1484513e+01 
-6.7138013e+01 -6.7136223e+01 -3.4259010e+01 -3.4258999e+01 -3.3515702e+01 -3.3515075e+01 -3.3164578e+01 -3.3164567e+01 -4.2784105e+00 -4.2766878e+00 -1.4973466e+00 -1.4973221e+00 +1.5400620e+00 +1.5402046e+00 +3.7241121e+00 +3.7245792e+00 +4.8284332e+00 +4.8300187e+00 +7.4895677e+00 +7.4896055e+00 +1.1431451e+01 
-6.7137963e+01 -6.7136165e+01 -3.4262760e+01 -3.4262754e+01 -3.3515426e+01 -3.3514809e+01 -3.3162249e+01 -3.3162244e+01 -4.2898266e+00 -4.2880962e+00 -1.5152121e+00 -1.5152005e+00 +1.6162771e+00 +1.6163472e+00 +3.7425057e+00 +3.7430107e+00 +4.7947737e+00 +4.7963084e+00 +7.5302626e+00 +7.5302798e+00 +1.1393259e+01 
-6.7137933e+01 -6.7136134e+01 -3.4264997e+01 -3.4264996e+01 -3.3515257e+01 -3.3514648e+01 -3.3160848e+01 -3.3160846e+01 -4.2967154e+00 -4.2949820e+00 -1.5259428e+00 -1.5259398e+00 +1.6638314e+00 +1.6638501e+00 +3.7532681e+00 +3.7537928e+00 +4.7729732e+00 +4.7744601e+00 +7.5548107e+00 +7.5548150e+00 +1.1370169e+01 
-6.7137923e+01 -6.7136125e+01 -3.4265739e+01 -3.4265739e+01 -3.3515201e+01 -3.3514594e+01 -3.3160380e+01 -3.3160380e+01 -4.2990182e+00 -4.2972842e+00 -1.5295217e+00 -1.5295217e+00 +1.6800096e+00 +1.6800096e+00 +3.7567967e+00 +3.7573272e+00 +4.7654172e+00 +4.7668844e+00 +7.5630147e+00 +7.5630147e+00 +1.1362435e+01 
-6.7137939e+01 -6.7136128e+01 -3.4265414e+01 -3.4264600e+01 -3.3515480e+01 -3.3514424e+01 -3.3161304e+01 -3.3160377e+01 -4.2984380e+00 -4.2933289e+00 -1.5275231e+00 -1.5244600e+00 +1.6629604e+00 +1.6651954e+00 +3.7465296e+00 +3.7606187e+00 +4.7640542e+00 +4.7832122e+00 +7.5479830e+00 +7.5618881e+00 +1.1361808e+01 
-6.7138051e+01 -6.7136071e+01 -3.4264416e+01 -3.4261185e+01 -3.3516865e+01 -3.3513363e+01 -3.3164072e+01 -3.3160367e+01 -4.2987958e+00 -4.2794637e+00 -1.5215346e+00 -1.5092791e+00 +1.6130181e+00 +1.6216980e+00 +3.7151240e+00 +3.7705979e+00 +4.7578943e+00 +4.8330804e+00 +7.5031902e+00 +7.5585137e+00 +1.1356783e+01 
-6.7138399e+01 -6.7135821e+01 -3.4262709e+01 -3.4255503e+01 -3.3519266e+01 -3.3511492e+01 -3.3168665e+01 -3.3160347e+01 -4.2997738e+00 -4.2563028e+00 -1.5115766e+00 -1.4839921e+00 +1.5334237e+00 +1.5521382e+00 +3.6633950e+00 +3.7851991e+00 +4.7476743e+00 +4.9125618e+00 +7.4295497e+00 +7.5529087e+00 +1.1348433e+01 
-6.7139047e+01 -6.7135315e+01 -3.4260281e+01 -3.4247567e+01 -3.3522626e+01 -3.3508857e+01 -3.3175054e+01 -3.3160315e+01 -4.3016189e+00 -4.2240941e+00 -1.4976821e+00 -1.4486204e+00 +1.4285843e+00 +1.4602860e+00 +3.5923783e+00 +3.8019636e+00 +4.7335357e+00 +5.0171816e+00 +7.3285844e+00 +7.5451013e+00 +1.1336926e+01 
-6.7139977e+01 -6.7134576e+01 -3.4257140e+01 -3.4237402e+01 -3.3526921e+01 -3.3505469e+01 -3.3183203e+01 -3.3160269e+01 -4.3047759e+00 -4.1830886e+00 -1.4798939e+00 -1.4031935e+00 +1.3031930e+00 +1.3504745e+00 +3.5036275e+00 +3.8183329e+00 +4.7156693e+00 +5.1421544e+00 +7.2023803e+00 +7.5351320e+00 +1.1322413e+01 
-6.7141161e+01 -6.7133633e+01 -3.4253303e+01 -3.4225038e+01 -3.3532128e+01 -3.3501339e+01 -3.3193066e+01 -3.3160209e+01 -4.3098279e+00 -4.1336041e+00 -1.4582630e+00 -1.3477490e+00 +1.1616314e+00 +1.2271428e+00 +3.3991784e+00 +3.8320458e+00 +4.6943259e+00 +5.2829746e+00 +7.0534743e+00 +7.5230528e+00 +1.1305032e+01 
-6.7142580e+01 -6.7132506e+01 -3.4248788e+01 -3.4210517e+01 -3.3538221e+01 -3.3496483e+01 -3.3204589e+01 -3.3160135e+01 -4.3174888e+00 -4.0760365e+00 -1.4328477e+00 -1.2823317e+00 +1.0076901e+00 +1.0945664e+00 +3.2814361e+00 +3.8413443e+00 +4.6698102e+00 +5.4357022e+00 +6.8846925e+00 +7.5089280e+00 +1.1284903e+01 
-6.7144223e+01 -6.7131208e+01 -3.4243618e+01 -3.4193889e+01 -3.3545167e+01 -3.3490920e+01 -3.3217711e+01 -3.3160047e+01 -4.3285966e+00 -4.0108696e+00 -1.4037118e+00 -1.2069936e+00 +8.4450766e-01 +9.5673617e-01 +3.1530300e+00 +3.8450259e+00 +4.6424700e+00 +5.5970272e+00 +6.6989743e+00 +7.4928336e+00 +1.1262124e+01 
-6.7146079e+01 -6.7129750e+01 -3.4237815e+01 -3.4175215e+01 -3.3552934e+01 -3.3484672e+01 -3.3232364e+01 -3.3159945e+01 -4.3441007e+00 -3.9386860e+00 -1.3709253e+00 -1.1217935e+00 +6.7462490e-01 +8.1732698e-01 +3.0166829e+00 +3.8424037e+00 +4.6126837e+00 +5.7642204e+00 +6.4992181e+00 +7.4748569e+00 +1.1236775e+01 
-6.7148141e+01 -6.7128140e+01 -3.4231405e+01 -3.4154562e+01 -3.3561483e+01 -3.3477766e+01 -3.3248469e+01 -3.3159831e+01 -4.3650404e+00 -3.8601786e+00 -1.3345646e+00 -1.0267971e+00 +5.0007990e-01 +6.7970251e-01 +2.8751191e+00 +3.8332275e+00 +4.5808491e+00 +5.9350422e+00 +6.2881679e+00 +7.4550959e+00 +1.1208928e+01 
-6.7150399e+01 -6.7126388e+01 -3.4224414e+01 -3.4132007e+01 -3.3570771e+01 -3.3470230e+01 -3.3265945e+01 -3.3159706e+01 -4.3925099e+00 -3.7761664e+00 -1.2947128e+00 -9.2207799e-01 +3.2250661e-01 +5.4692578e-01 +2.7310171e+00 +3.8175938e+00 +4.5473719e+00 +6.0683442e+00 +6.1076484e+00 +7.4336583e+00 +1.1178654e+01 
-6.7152843e+01 -6.7124500e+01 -3.4216872e+01 -3.4107634e+01 -3.3580754e+01 -3.3462096e+01 -3.3284701e+01 -3.3159569e+01 -4.4276101e+00 -3.6876109e+00 -1.2514614e+00 -8.0771905e-01 +1.4322115e-01 +4.2175714e-01 +2.5870015e+00 +3.7958630e+00 +4.5126571e+00 +5.8420125e+00 +6.2805093e+00 +7.4106605e+00 +1.1146029e+01 
-6.7155461e+01 -6.7122489e+01 -3.4208809e+01 -3.4081536e+01 -3.3591383e+01 -3.3453397e+01 -3.3304642e+01 -3.3159423e+01 -4.4713853e+00 -3.5956360e+00 -1.2049105e+00 -6.8381460e-01 -3.6707999e-02 +3.0663369e-01 +2.4456619e+00 +3.7685883e+00 +4.4771009e+00 +5.6111794e+00 +6.4523446e+00 +7.3862261e+00 +1.1111135e+01 
-6.7158242e+01 -6.7120362e+01 -3.4200259e+01 -3.4053811e+01 -3.3602606e+01 -3.3444170e+01 -3.3325668e+01 -3.3159267e+01 -4.5247502e+00 -3.5015481e+00 -1.1551705e+00 -5.5047317e-01 -2.1640517e-01 +2.0363128e-01 +2.3095864e+00 +3.7364594e+00 +4.4410854e+00 +5.3776054e+00 +6.6220732e+00 +7.3604855e+00 +1.1074067e+01 
-6.7161171e+01 -6.7118130e+01 -3.4191258e+01 -3.4024567e+01 -3.3614370e+01 -3.3434454e+01 -3.3347672e+01 -3.3159102e+01 -4.5884143e+00 -3.4068553e+00 -1.1023630e+00 -4.0781998e-01 -3.9514510e-01 +1.1441658e-01 +2.1814018e+00 +3.7002582e+00 +4.4049735e+00 +5.1428274e+00 +6.7887756e+00 +7.3335736e+00 +1.1034928e+01 
-6.7164234e+01 -6.7115804e+01 -3.4181841e+01 -3.3993917e+01 -3.3626618e+01 -3.3424290e+01 -3.3370548e+01 -3.3158930e+01 -4.6628154e+00 -3.3132779e+00 -1.0466216e+00 -5.7232031e-01 -2.5599875e-01 +4.0200338e-02 +2.0638071e+00 +3.6608277e+00 +4.3691062e+00 +4.9081846e+00 +6.9516637e+00 +7.3056294e+00 +1.0993830e+01 
-6.7167417e+01 -6.7113396e+01 -3.4172047e+01 -3.3961981e+01 -3.3639293e+01 -3.3413721e+01 -3.3394184e+01 -3.3158752e+01 -4.7480725e+00 -3.2227444e+00 -9.8809375e-01 -7.4741575e-01 -9.5172470e-02 -1.8295022e-02 +1.9595908e+00 +3.6190491e+00 +4.3338001e+00 +4.6748447e+00 +7.1100568e+00 +7.2767946e+00 +1.0950893e+01 
-6.7170704e+01 -6.7110917e+01 -3.4161918e+01 -3.3928886e+01 -3.3652335e+01 -3.3418467e+01 -3.3402792e+01 -3.3158568e+01 -4.8439698e+00 -3.1373600e+00 -9.2694139e-01 -9.1998888e-01 -6.0843386e-02 +7.4476870e-02 +1.8716168e+00 +3.5758271e+00 +4.2993469e+00 +4.4438275e+00 +7.2472127e+00 +7.2633618e+00 +1.0906240e+01 
-6.7174079e+01 -6.7108378e+01 -3.4151495e+01 -3.3894764e+01 -3.3665683e+01 -3.3443282e+01 -3.3391549e+01 -3.3158379e+01 -4.9499693e+00 -3.0593352e+00 -1.0896536e+00 -8.6334229e-01 -8.7693521e-02 +2.5274919e-01 +1.8027666e+00 +3.5320806e+00 +4.2160252e+00 +4.2660119e+00 +7.2170277e+00 +7.4110551e+00 +1.0859998e+01 
-6.7177526e+01 -6.7105791e+01 -3.4140823e+01 -3.3859756e+01 -3.3679276e+01 -3.3468512e+01 -3.3380042e+01 -3.3158186e+01 -5.0652512e+00 -2.9908676e+00 -1.2560668e+00 -7.9749127e-01 -9.9520614e-02 +4.3942752e-01 +1.7558258e+00 +3.4887354e+00 +3.9922174e+00 +4.2340338e+00 +7.1863840e+00 +7.5526666e+00 +1.0812290e+01 
-6.7181030e+01 -6.7103165e+01 -3.4129945e+01 -3.3824006e+01 -3.3693051e+01 -3.3494042e+01 -3.3368319e+01 -3.3157991e+01 -5.1887677e+00 -2.9339778e+00 -1.4189181e+00 -7.2960127e-01 -9.7358780e-02 +6.3427908e-01 +1.7333203e+00 +3.4467184e+00 +3.7730797e+00 +4.2036232e+00 +7.1554246e+00 +7.6877675e+00 +1.0763231e+01 
-6.7184574e+01 -6.7100513e+01 -3.4118911e+01 -3.3787666e+01 -3.3706946e+01 -3.3519756e+01 -3.3356431e+01 -3.3157795e+01 -5.3193033e+00 -2.8903167e+00 -1.5779200e+00 -6.5990420e-01 -8.2525141e-02 +8.3705598e-01 +1.7373209e+00 +3.4069519e+00 +3.5591851e+00 +4.1749611e+00 +7.1242914e+00 +7.8159610e+00 +1.0712932e+01 
-6.7188142e+01 -6.7097845e+01 -3.4107767e+01 -3.3750890e+01 -3.3720898e+01 -3.3545536e+01 -3.3344429e+01 -3.3157598e+01 -5.4555339e+00 -2.8609842e+00 -1.7328006e+00 -5.8865164e-01 -5.6545059e-02 +1.0474956e+00 +1.7692562e+00 +3.3509984e+00 +3.3703476e+00 +4.1481948e+00 +7.0931242e+00 +7.9368794e+00 +1.0661491e+01 
-6.7191718e+01 -6.7095173e+01 -3.4096565e+01 -3.3734846e+01 -3.3713841e+01 -3.3571270e+01 -3.3332367e+01 -3.3157401e+01 -5.5960810e+00 -2.8464001e+00 -1.8832986e+00 -5.1611514e-01 -2.1084777e-02 +1.2653205e+00 +1.8297814e+00 +3.1488673e+00 +3.3378008e+00 +4.1234340e+00 +7.0620601e+00 +8.0501892e+00 +1.0608992e+01 
-6.7195285e+01 -6.7092509e+01 -3.4085355e+01 -3.3748729e+01 -3.3676680e+01 -3.3596841e+01 -3.3320299e+01 -3.3157206e+01 -5.7395614e+00 -2.8462678e+00 -2.0291586e+00 -4.4258619e-01 +2.2106330e-02 +1.4902376e+00 +1.9187409e+00 +2.9530200e+00 +3.3101831e+00 +4.1007449e+00 +7.0312335e+00 +8.1556044e+00 +1.0555508e+01 
-6.7198829e+01 -6.7089865e+01 -3.4074191e+01 -3.3762485e+01 -3.3639575e+01 -3.3622139e+01 -3.3308278e+01 -3.3157014e+01 -5.8846268e+00 -2.8596370e+00 -2.1701305e+00 -3.6837577e-01 +7.1244924e-02 +1.7219372e+00 +2.0352345e+00 +2.7635849e+00 +3.2883308e+00 +4.0801441e+00 +7.0007754e+00 +8.2529109e+00 +1.0501099e+01 
-6.7202333e+01 -6.7087253e+01 -3.4063126e+01 -3.3776056e+01 -3.3647057e+01 -3.3602691e+01 -3.3296363e+01 -3.3156825e+01 -6.0299945e+00 -2.8850475e+00 -2.3059690e+00 -2.9381373e-01 +1.2455720e-01 +1.9600895e+00 +2.1777639e+00 +2.5806427e+00 +3.2730272e+00 +4.0615960e+00 +6.9708130e+00 +8.3419979e+00 +1.0445813e+01 
-6.7205782e+01 -6.7084684e+01 -3.4052213e+01 -3.3789384e+01 -3.3671484e+01 -3.3566203e+01 -3.3284611e+01 -3.3156640e+01 -6.1744661e+00 -2.9207104e+00 -2.4364364e+00 -2.1924790e-01 +1.8031999e-01 +2.2043400e+00 +2.3444195e+00 +2.4043041e+00 +3.2649755e+00 +4.0450129e+00 +6.9414698e+00 +8.4228956e+00 +1.0389686e+01 
-6.7209159e+01 -6.7082168e+01 -3.4041504e+01 -3.3802410e+01 -3.3695319e+01 -3.3530279e+01 -3.3273077e+01 -3.3156460e+01 -6.3169363e+00 -2.9646876e+00 -2.5613054e+00 -1.4504321e-01 +2.3690203e-01 +2.2347757e+00 +2.4543026e+00 +2.5330607e+00 +3.2647622e+00 +4.0302627e+00 +6.9128653e+00 +8.4958128e+00 +1.0332745e+01 
-6.7212452e+01 -6.7079716e+01 -3.4031052e+01 -3.3815079e+01 -3.3718463e+01 -3.3495090e+01 -3.3261817e+01 -3.3156285e+01 -6.4563949e+00 -3.0150378e+00 -2.6803637e+00 -7.1580699e-02 +2.9280630e-01 +2.0723858e+00 +2.7095419e+00 +2.7414618e+00 +3.2728142e+00 +4.0171815e+00 +6.8851144e+00 +8.5611683e+00 +1.0275001e+01 
-6.7215644e+01 -6.7077338e+01 -3.4020906e+01 -3.3827333e+01 -3.3740820e+01 -3.3460805e+01 -3.3250882e+01 -3.3156117e+01 -6.5919229e+00 -3.0699202e+00 -2.7934163e+00 +7.4356339e-04 +3.4671220e-01 +1.9175422e+00 +2.9674086e+00 +2.9695638e+00 +3.2893506e+00 +4.0055918e+00 +6.8583275e+00 +8.6196088e+00 +1.0216446e+01 
-6.7218722e+01 -6.7075044e+01 -3.4011113e+01 -3.3839115e+01 -3.3762298e+01 -3.3427591e+01 -3.3240321e+01 -3.3155956e+01 -6.7226871e+00 -3.1276562e+00 -2.9002887e+00 +7.1519775e-02 +3.9751427e-01 +1.7706731e+00 +3.2087463e+00 +3.2337932e+00 +3.3143370e+00 +3.9953199e+00 +6.8326100e+00 +8.6720078e+00 +1.0157039e+01 
-6.7221672e+01 -6.7072844e+01 -3.4001719e+01 -3.3850368e+01 -3.3782810e+01 -3.3395614e+01 -3.3230183e+01 -3.3155802e+01 -6.8479359e+00 -3.1867580e+00 -3.0008276e+00 +1.4032621e-01 +4.4435239e-01 +1.6321712e+00 +3.3474479e+00 +3.4633836e+00 +3.5015662e+00 +3.9862102e+00 +6.8080625e+00 +8.7194425e+00 +1.0096695e+01 
-6.7224480e+01 -6.7070748e+01 -3.3992768e+01 -3.3861036e+01 -3.3802272e+01 -3.3365034e+01 -3.3220515e+01 -3.3155656e+01 -6.9669965e+00 -3.2459339e+00 -3.0948997e+00 +2.0673173e-01 +4.8662814e-01 +1.5023645e+00 +3.3880454e+00 +3.7292570e+00 +3.7721318e+00 +3.9781320e+00 +6.7847800e+00 +8.7631453e+00 +1.0035261e+01 
-6.7227135e+01 -6.7068764e+01 -3.3984300e+01 -3.3871070e+01 -3.3820605e+01 -3.3336007e+01 -3.3211360e+01 -3.3155518e+01 -7.0792759e+00 -3.3040788e+00 -3.1823912e+00 +2.7029932e-01 +5.2400357e-01 +1.3815135e+00 +3.4351754e+00 +3.9709814e+00 +4.0042644e+00 +4.0446641e+00 +6.7628522e+00 +8.8044335e+00 +9.9725057e+00 
-6.7229622e+01 -6.7066903e+01 -3.3976354e+01 -3.3880430e+01 -3.3837736e+01 -3.3308685e+01 -3.3202763e+01 -3.3155389e+01 -7.1842634e+00 -3.3602569e+00 -3.2632043e+00 +3.3059088e-01 +5.5638135e-01 +1.2698200e+00 +3.4875877e+00 +3.9646764e+00 +4.2861622e+00 +4.3182619e+00 +6.7423628e+00 +8.8446179e+00 +9.9081161e+00 
-6.7231933e+01 -6.7065173e+01 -3.3968966e+01 -3.3889085e+01 -3.3853597e+01 -3.3283210e+01 -3.3194765e+01 -3.3155269e+01 -7.2815301e+00 -3.4136809e+00 -3.3372551e+00 +3.8717347e-01 +5.8386918e-01 +1.1674415e+00 +3.5437756e+00 +3.9591513e+00 +4.5724371e+00 +4.5919103e+00 +6.7233897e+00 +8.8848936e+00 +9.8417298e+00 
-6.7234054e+01 -6.7063582e+01 -3.3962170e+01 -3.3897010e+01 -3.3868126e+01 -3.3259718e+01 -3.3187405e+01 -3.3155158e+01 -7.3707220e+00 -3.4636899e+00 -3.4044710e+00 +4.3962710e-01 +6.0673387e-01 +1.0745027e+00 +3.6020312e+00 +3.9543505e+00 +4.8601575e+00 +4.8643901e+00 +6.7060042e+00 +8.9262146e+00 +9.7730142e+00 
-6.7235978e+01 -6.7062138e+01 -3.3955998e+01 -3.3904180e+01 -3.3881267e+01 -3.3238336e+01 -3.3180718e+01 -3.3155058e+01 -7.4515426e+00 -3.5097303e+00 -3.4647887e+00 +4.8755418e-01 +6.2535232e-01 +9.9110485e-01 +3.6605133e+00 +3.9502238e+00 +5.1341329e+00 +5.1458149e+00 +6.6902718e+00 +8.9691546e+00 +9.7018052e+00 
-6.7237696e+01 -6.7060848e+01 -3.3950477e+01 -3.3910573e+01 -3.3892972e+01 -3.3219180e+01 -3.3174738e+01 -3.3154969e+01 -7.5237287e+00 -3.5513388e+00 -3.5181520e+00 +5.3059005e-01 +6.4016555e-01 +9.1733225e-01 +3.7173231e+00 +3.9467233e+00 +5.3990158e+00 +5.4251589e+00 +6.6762509e+00 +9.0137631e+00 +9.6283001e+00 
-6.7239200e+01 -6.7059718e+01 -3.3945633e+01 -3.3916165e+01 -3.3903198e+01 -3.3202356e+01 -3.3169493e+01 -3.3154890e+01 -7.5870276e+00 -3.5881287e+00 -3.5645112e+00 +5.6841409e-01 +6.5164123e-01 +8.5325576e-01 +3.7705885e+00 +3.9438032e+00 +5.6560669e+00 +5.6930189e+00 +6.6639937e+00 +9.0594317e+00 +9.5532920e+00 
-6.7240485e+01 -6.7058753e+01 -3.3941491e+01 -3.3920936e+01 -3.3911910e+01 -3.3187957e+01 -3.3165010e+01 -3.3154823e+01 -7.6411830e+00 -3.6197791e+00 -3.6038218e+00 +6.0075972e-01 +6.6024739e-01 +7.9893539e-01 +3.8185548e+00 +3.9414194e+00 +5.9010265e+00 +5.9431089e+00 +6.6535452e+00 +9.1048067e+00 +9.4784283e+00 
-6.7241544e+01 -6.7057958e+01 -3.3938070e+01 -3.3924865e+01 -3.3919079e+01 -3.3176064e+01 -3.3161312e+01 -3.3154767e+01 -7.6859371e+00 -3.6460267e+00 -3.6360447e+00 +6.2742137e-01 +6.6643797e-01 +7.5442155e-01 +3.8596809e+00 +3.9395313e+00 +6.1277071e+00 +6.1678547e+00 +6.6449440e+00 +9.1477944e+00 +9.4064672e+00 
-6.7242373e+01 -6.7057335e+01 -3.3935388e+01 -3.3927939e+01 -3.3924679e+01 -3.3166743e+01 -3.3158415e+01 -3.3154723e+01 -7.7210443e+00 -3.6666601e+00 -3.6611458e+00 +6.4825580e-01 +6.7064666e-01 +7.1975571e-01 +3.8927280e+00 +3.9381030e+00 +6.3271719e+00 +6.3583687e+00 +6.6382214e+00 +9.1857153e+00 +9.3414577e+00 
-6.7242968e+01 -6.7056889e+01 -3.3933461e+01 -3.3930143e+01 -3.3928692e+01 -3.3160046e+01 -3.3156336e+01 -3.3154692e+01 -7.7462898e+00 -3.6815158e+00 -3.6790968e+00 +6.6317619e-01 +6.7327917e-01 +6.9497055e-01 +3.9168178e+00 +3.9371050e+00 +6.4870938e+00 +6.5048357e+00 +6.6334020e+00 +9.2156386e+00 +9.2886445e+00 
-6.7243326e+01 -6.7056621e+01 -3.3932299e+01 -3.3931469e+01 -3.3931106e+01 -3.3156013e+01 -3.3155084e+01 -3.3154673e+01 -7.7615071e+00 -3.6904765e+00 -3.6898765e+00 +6.7213909e-01 +6.7468896e-01 +6.8008981e-01 +3.9314287e+00 +3.9365153e+00 +6.5924692e+00 +6.5976649e+00 +6.6305034e+00 +9.2348742e+00 +9.2537620e+00 
-6.7243446e+01 -6.7056531e+01 -3.3931911e+01 -3.3931911e+01 -3.3931911e+01 -3.3154667e+01 -3.3154667e+01 -3.3154667e+01 -7.7665915e+00 -3.6934713e+00 -3.6934713e+00 +6.7512795e-01 +6.7512795e-01 +6.7512795e-01 +3.9363202e+00 +3.9363202e+00 +6.6295360e+00 +6.6295360e+00 +6.6295360e+00 +9.2415163e+00 +9.2415163e+00 
-6.7243324e+01 -6.7056622e+01 -3.3932025e+01 -3.3932024e+01 -3.3930808e+01 -3.3156180e+01 -3.3154813e+01 -3.3154813e+01 -7.7614067e+00 -3.6901109e+00 -3.6901109e+00 +6.7294389e-01 +6.7294389e-01 +6.8105833e-01 +3.9339269e+00 +3.9339269e+00 +6.5806276e+00 +6.6193147e+00 +6.6193147e+00 +9.2497016e+00 +9.2497016e+00 
-6.7242959e+01 -6.7056896e+01 -3.3932363e+01 -3.3932363e+01 -3.3927504e+01 -3.3160708e+01 -3.3155253e+01 -3.3155253e+01 -7.7458951e+00 -3.6800425e+00 -3.6800425e+00 +6.6633132e-01 +6.6633132e-01 +6.9884868e-01 +3.9267989e+00 +3.9267989e+00 +6.4413507e+00 +6.5891091e+00 +6.5891091e+00 +9.2741406e+00 +9.2741406e+00 
-6.7242352e+01 -6.7057350e+01 -3.3932921e+01 -3.3932921e+01 -3.3922022e+01 -3.3168215e+01 -3.3155988e+01 -3.3155988e+01 -7.7201816e+00 -3.6633030e+00 -3.6633030e+00 +6.5512874e-01 +6.5512874e-01 +7.2849706e-01 +3.9151122e+00 +3.9151122e+00 +6.2292508e+00 +6.5402379e+00 +6.5402379e+00 +9.3144727e+00 +9.3144727e+00 
-6.7241507e+01 -6.7057983e+01 -3.3933691e+01 -3.3933691e+01 -3.3914396e+01 -3.3178642e+01 -3.3157021e+01 -3.3157021e+01 -7.6844646e+00 -3.6399529e+00 -3.6399529e+00 +6.3911920e-01 +6.3911920e-01 +7.7000113e-01 +3.8992084e+00 +3.8992084e+00 +5.9634732e+00 +6.4747214e+00 +6.4747214e+00 +9.3700742e+00 +9.3700742e+00 
-6.7240428e+01 -6.7058789e+01 -3.3934663e+01 -3.3934663e+01 -3.3904673e+01 -3.3191908e+01 -3.3158354e+01 -3.3158354e+01 -7.6390016e+00 -3.6100736e+00 -3.6100736e+00 +6.1807648e-01 +6.1807648e-01 +8.2335895e-01 +3.8796250e+00 +3.8796250e+00 +5.6599457e+00 +6.3950534e+00 +6.3950534e+00 +9.4400533e+00 +9.4400533e+00 
-6.7239121e+01 -6.7059766e+01 -3.3935824e+01 -3.3935824e+01 -3.3892916e+01 -3.3207909e+01 -3.3159993e+01 -3.3159993e+01 -7.5840900e+00 -3.5737664e+00 -3.5737664e+00 +5.9179638e-01 +5.9179638e-01 +8.8856928e-01 +3.8570924e+00 +3.8570924e+00 +5.3305198e+00 +6.3039487e+00 +6.3039487e+00 +9.5232734e+00 +9.5232734e+00 
-6.7237591e+01 -6.7060906e+01 -3.3937158e+01 -3.3937158e+01 -3.3879194e+01 -3.3226523e+01 -3.3161942e+01 -3.3161942e+01 -7.5200435e+00 -3.5311518e+00 -3.5311518e+00 +5.6011374e-01 +5.6011374e-01 +9.6563120e-01 +3.8324966e+00 +3.8324966e+00 +4.9837105e+00 +6.2041154e+00 +6.2041154e+00 +9.6184021e+00 +9.6184021e+00 
-6.7235847e+01 -6.7062202e+01 -3.3938648e+01 -3.3938648e+01 -3.3863588e+01 -3.3247608e+01 -3.3164208e+01 -3.3164208e+01 -7.4471676e+00 -3.4823692e+00 -3.4823692e+00 +5.2291258e-01 +5.2291258e-01 +1.0545432e+00 +3.8068230e+00 +3.8068230e+00 +4.6256680e+00 +6.0980841e+00 +6.0980841e+00 +9.7239700e+00 +9.7239700e+00 
-6.7233894e+01 -6.7063648e+01 -3.3940275e+01 -3.3940275e+01 -3.3846186e+01 -3.3271002e+01 -3.3166797e+01 -3.3166797e+01 -7.3657402e+00 -3.4275782e+00 -3.4275782e+00 +4.8013507e-01 +4.8013507e-01 +1.1553019e+00 +3.7810942e+00 +3.7810942e+00 +4.2609966e+00 +5.9881043e+00 +5.9881043e+00 +9.8384261e+00 +9.8384261e+00 
-6.7231745e+01 -6.7065235e+01 -3.3942020e+01 -3.3942020e+01 -3.3827091e+01 -3.3296532e+01 -3.3169717e+01 -3.3169717e+01 -7.2760042e+00 -3.3669592e+00 -3.3669592e+00 +4.3179134e-01 +4.3179134e-01 +1.2679001e+00 +3.7563119e+00 +3.7563119e+00 +3.8933586e+00 +5.8761002e+00 +5.8761002e+00 +9.9601790e+00 +9.9601790e+00 
-6.7229409e+01 -6.7066953e+01 -3.3943858e+01 -3.3943858e+01 -3.3806421e+01 -3.3324009e+01 -3.3172977e+01 -3.3172977e+01 -7.1781752e+00 -3.3007155e+00 -3.3007155e+00 +3.7796943e-01 +3.7796943e-01 +1.3923244e+00 +3.5258385e+00 +3.7334088e+00 +3.7334088e+00 +5.7636708e+00 +5.7636708e+00 +1.0087625e+01 +1.0087625e+01 
-6.7226898e+01 -6.7068793e+01 -3.3945767e+01 -3.3945767e+01 -3.3784318e+01 -3.3353234e+01 -3.3176584e+01 -3.3176584e+01 -7.0724615e+00 -3.2290749e+00 -3.2290749e+00 +3.1884371e-01 +3.1884372e-01 +1.5285527e+00 +3.1610662e+00 +3.7132126e+00 +3.7132126e+00 +5.6521159e+00 +5.6521159e+00 +1.0168597e+01 +1.0219165e+01 
-6.7224226e+01 -6.7070744e+01 -3.3947722e+01 -3.3947722e+01 -3.3760937e+01 -3.3383995e+01 -3.3180547e+01 -3.3180547e+01 -6.9590864e+00 -3.1522921e+00 -3.1522921e+00 +2.5468032e-01 +2.5468032e-01 +1.6765500e+00 +2.8012006e+00 +3.6964242e+00 +3.6964243e+00 +5.5424740e+00 +5.5424740e+00 +1.0186052e+01 +1.0353219e+01 
-6.7221406e+01 -6.7072797e+01 -3.3949697e+01 -3.3949697e+01 -3.3736444e+01 -3.3416076e+01 -3.3184876e+01 -3.3184876e+01 -6.8383063e+00 -3.0706516e+00 -3.0706516e+00 +1.8583831e-01 +1.8583831e-01 +1.8362645e+00 +2.4479204e+00 +3.6836077e+00 +3.6836077e+00 +5.4355647e+00 +5.4355647e+00 +1.0193864e+01 +1.0488237e+01 
-6.7218450e+01 -6.7074939e+01 -3.3951664e+01 -3.3951664e+01 -3.3711013e+01 -3.3449251e+01 -3.3189580e+01 -3.3189580e+01 -6.7104186e+00 -2.9844703e+00 -2.9844703e+00 +1.1276611e-01 +1.1276611e-01 +2.0076210e+00 +2.1024952e+00 +3.6751901e+00 +3.6751901e+00 +5.3320286e+00 +5.3320286e+00 +1.0192606e+01 +1.0622717e+01 
-6.7215374e+01 -6.7077160e+01 -3.3953596e+01 -3.3953596e+01 -3.3684821e+01 -3.3483294e+01 -3.3194669e+01 -3.3194669e+01 -6.5757601e+00 -2.8941006e+00 -2.8941006e+00 +3.5992991e-02 +3.5992993e-02 +1.7658974e+00 +2.1905199e+00 +3.6714686e+00 +3.6714686e+00 +5.2323638e+00 +5.2323639e+00 +1.0182767e+01 +1.0755223e+01 
-6.7212190e+01 -6.7079447e+01 -3.3955462e+01 -3.3955462e+01 -3.3658050e+01 -3.3517972e+01 -3.3200151e+01 -3.3200151e+01 -6.4347003e+00 -2.7999337e+00 -2.7999337e+00 -4.3883817e-02 -4.3883815e-02 +1.4389210e+00 +2.3848182e+00 +3.6726204e+00 +3.6726204e+00 +5.1369582e+00 +5.1369582e+00 +1.0164863e+01 +1.0884414e+01 
-6.7208913e+01 -6.7081788e+01 -3.3957234e+01 -3.3957234e+01 -3.3630891e+01 -3.3553054e+01 -3.3206036e+01 -3.3206036e+01 -6.2876311e+00 -2.7024019e+00 -2.7024019e+00 -1.2621548e-01 -1.2621548e-01 +1.1222412e+00 +2.5903342e+00 +3.6787153e+00 +3.6787153e+00 +5.0461166e+00 +5.0461166e+00 +1.0139464e+01 +1.1009067e+01 
-6.7205560e+01 -6.7084171e+01 -3.3958880e+01 -3.3958880e+01 -3.3603539e+01 -3.3588309e+01 -3.3212333e+01 -3.3212333e+01 -6.1349573e+00 -2.6019808e+00 -2.6019808e+00 -2.1031980e-01 -2.1031980e-01 +8.1646168e-01 +2.8068317e+00 +3.6897271e+00 +3.6897271e+00 +4.9600846e+00 +4.9600846e+00 +1.0107191e+01 +1.1128099e+01 
-6.7202144e+01 -6.7086583e+01 -3.3960369e+01 -3.3960369e+01 -3.3623519e+01 -3.3576181e+01 -3.3219050e+01 -3.3219050e+01 -5.9770889e+00 -2.4991897e+00 -2.4991897e+00 -2.9549996e-01 -2.9549996e-01 +5.2213295e-01 +3.0340153e+00 +3.7055461e+00 +3.7055461e+00 +4.8790688e+00 +4.8790688e+00 +1.0068688e+01 +1.1240579e+01 
-6.7198681e+01 -6.7089012e+01 -3.3961669e+01 -3.3961669e+01 -3.3658448e+01 -3.3549034e+01 -3.3226194e+01 -3.3226194e+01 -5.8144344e+00 -2.3945912e+00 -2.3945912e+00 -3.8106247e-01 -3.8106247e-01 +2.3976245e-01 +3.2715246e+00 +3.7259905e+00 +3.7259906e+00 +4.8032534e+00 +4.8032534e+00 +1.0024603e+01 +1.1345740e+01 
-6.7195186e+01 -6.7091445e+01 -3.3962749e+01 -3.3962749e+01 -3.3692884e+01 -3.3522292e+01 -3.3233771e+01 -3.3233771e+01 -5.6473968e+00 -2.2887885e+00 -2.2887885e+00 -4.6633339e-01 -4.6633338e-01 -3.0178353e-02 +3.5189318e+00 +3.7508179e+00 +3.7508179e+00 +4.7328135e+00 +4.7328135e+00 +9.9755690e+00 +1.1442973e+01 
-6.7191676e+01 -6.7093871e+01 -3.3963578e+01 -3.3963578e+01 -3.3726616e+01 -3.3496160e+01 -3.3241789e+01 -3.3241789e+01 -5.4763711e+00 -2.1824217e+00 -2.1824217e+00 -5.5067226e-01 -5.5067226e-01 -2.8724765e-01 +3.7757428e+00 +3.7797359e+00 +3.7797359e+00 +4.6679241e+00 +4.6679241e+00 +9.9221812e+00 +1.1531811e+01 
-6.7188164e+01 -6.7096277e+01 -3.3964123e+01 -3.3964123e+01 -3.3759442e+01 -3.3470840e+01 -3.3250251e+01 -3.3250251e+01 -5.3017428e+00 -2.0761614e+00 -2.0761614e+00 -6.3348338e-01 -6.3348338e-01 -5.3102821e-01 +3.8124127e+00 +3.8124127e+00 +4.0413995e+00 +4.6087663e+00 +4.6087663e+00 +9.8649844e+00 +1.1611923e+01 
-6.7184666e+01 -6.7098653e+01 -3.3964355e+01 -3.3964355e+01 -3.3791166e+01 -3.3446529e+01 -3.3259160e+01 -3.3259160e+01 -5.1238884e+00 -1.9707018e+00 -1.9707018e+00 -7.6112513e-01 -7.1422422e-01 -7.1422422e-01 +3.8484874e+00 +3.8484874e+00 +4.3152844e+00 +4.5555281e+00 +4.5555281e+00 +9.8044537e+00 +1.1683094e+01 
-6.7181197e+01 -6.7100987e+01 -3.3964245e+01 -3.3964245e+01 -3.3821605e+01 -3.3423420e+01 -3.3268518e+01 -3.3268518e+01 -4.9431765e+00 -1.8667515e+00 -1.8667515e+00 -9.7716798e-01 -7.9241101e-01 -7.9241101e-01 +3.8875791e+00 +3.8875791e+00 +4.5084019e+00 +4.5084019e+00 +4.5967245e+00 +9.7409807e+00 +1.1745220e+01 
-6.7177770e+01 -6.7103269e+01 -3.3963765e+01 -3.3963765e+01 -3.3850587e+01 -3.3401699e+01 -3.3278326e+01 -3.3278326e+01 -4.7599695e+00 -1.7650242e+00 -1.7650242e+00 -1.1788173e+00 -8.6762140e-01 -8.6762140e-01 +3.9292957e+00 +3.9292957e+00 +4.4675780e+00 +4.4675780e+00 +4.8849947e+00 +9.6748661e+00 +1.1798311e+01 
-6.7174399e+01 -6.7105490e+01 -3.3962888e+01 -3.3962888e+01 -3.3877948e+01 -3.3381546e+01 -3.3288582e+01 -3.3288582e+01 -4.5746274e+00 -1.6662266e+00 -1.6662266e+00 -1.3657733e+00 -9.3949443e-01 -9.3949443e-01 +3.9732415e+00 +3.9732415e+00 +4.4332350e+00 +4.4332350e+00 +5.1793201e+00 +9.6063214e+00 +1.1842501e+01 
-6.7171096e+01 -6.7107640e+01 -3.3961591e+01 -3.3961591e+01 -3.3903540e+01 -3.3363128e+01 -3.3299283e+01 -3.3299283e+01 -4.3875116e+00 -1.5710477e+00 -1.5710477e+00 -1.5377838e+00 -1.0077277e+00 -1.0077277e+00 +4.0190227e+00 +4.0190227e+00 +4.4055265e+00 +4.4055265e+00 +5.4788774e+00 +9.5354789e+00 +1.1878071e+01 
-6.7167873e+01 -6.7109711e+01 -3.3959850e+01 -3.3959850e+01 -3.3927226e+01 -3.3346603e+01 -3.3310426e+01 -3.3310426e+01 -4.1989899e+00 -1.6946496e+00 -1.4801453e+00 -1.4801453e+00 -1.0720721e+00 -1.0720721e+00 +4.0662523e+00 +4.0662523e+00 +4.3845670e+00 +4.3845670e+00 +5.7827970e+00 +9.4624065e+00 +1.1905466e+01 
-6.7164742e+01 -6.7111694e+01 -3.3957645e+01 -3.3957645e+01 -3.3948879e+01 -3.3332115e+01 -3.3322004e+01 -3.3322004e+01 -4.0094428e+00 -1.8362259e+00 -1.3941343e+00 -1.3941343e+00 -1.1323235e+00 -1.1323235e+00 +4.1145520e+00 +4.1145520e+00 +4.3704156e+00 +4.3704156e+00 +6.0901646e+00 +9.3871248e+00 +1.1925318e+01 
-6.7161712e+01 -6.7113585e+01 -3.3968390e+01 -3.3954957e+01 -3.3954957e+01 -3.3334008e+01 -3.3334008e+01 -3.3319793e+01 -3.8192703e+00 -1.9624222e+00 -1.3135744e+00 -1.3135744e+00 -1.1883133e+00 -1.1883133e+00 +4.1635536e+00 +4.1635536e+00 +4.3630599e+00 +4.3630599e+00 +6.4000248e+00 +9.3096219e+00 +1.1938450e+01 
-6.7158792e+01 -6.7115375e+01 -3.3985658e+01 -3.3951768e+01 -3.3951768e+01 -3.3346430e+01 -3.3346430e+01 -3.3309752e+01 -3.6289000e+00 -2.0732000e+00 -1.2399641e+00 -1.2399641e+00 -1.2388925e+00 -1.2388925e+00 +4.2128980e+00 +4.2128980e+00 +4.3624006e+00 +4.3624006e+00 +6.7113848e+00 +9.2298649e+00 +1.1945874e+01 
-6.7155993e+01 -6.7117060e+01 -3.4000599e+01 -3.3948063e+01 -3.3948063e+01 -3.3359257e+01 -3.3359257e+01 -3.3302087e+01 -3.4387966e+00 -2.1685721e+00 -1.2869502e+00 -1.2869502e+00 -1.1707029e+00 -1.1707029e+00 +4.2622345e+00 +4.2622345e+00 +4.3682383e+00 +4.3682383e+00 +7.0232174e+00 +9.1478100e+00 +1.1948769e+01 
-6.7153321e+01 -6.7118636e+01 -3.4013142e+01 -3.3943827e+01 -3.3943827e+01 -3.3372477e+01 -3.3372477e+01 -3.3296877e+01 -3.2494713e+00 -2.2486013e+00 -1.3293468e+00 -1.3293468e+00 -1.1091436e+00 -1.1091436e+00 +4.3112205e+00 +4.3112205e+00 +4.3802637e+00 +4.3802637e+00 +7.3344622e+00 +9.0634092e+00 +1.1948453e+01 
-6.7150785e+01 -6.7120099e+01 -3.4023229e+01 -3.3939048e+01 -3.3939048e+01 -3.3386075e+01 -3.3386075e+01 -3.3294179e+01 -3.0614935e+00 -2.3134019e+00 -1.3669765e+00 -1.3669765e+00 -1.0545230e+00 -1.0545230e+00 +4.3595209e+00 +4.3595209e+00 +4.3980528e+00 +4.3980528e+00 +7.6440175e+00 +8.9766177e+00 +1.1946345e+01 
-6.7148389e+01 -6.7121447e+01 -3.4030817e+01 -3.3933716e+01 -3.3933716e+01 -3.3400034e+01 -3.3400034e+01 -3.3294031e+01 -2.8755013e+00 -2.3631407e+00 -1.3997380e+00 -1.3997380e+00 -1.0069921e+00 -1.0069921e+00 +4.4068025e+00 +4.4068025e+00 +4.4210751e+00 +4.4210751e+00 +7.9507147e+00 +8.8874019e+00 +1.1943918e+01 
-6.7146140e+01 -6.7122678e+01 -3.4035877e+01 -3.3927822e+01 -3.3927822e+01 -3.3414335e+01 -3.3414335e+01 -3.3296450e+01 -2.6922133e+00 -2.3980406e+00 -1.4275523e+00 -1.4275523e+00 -9.6660899e-01 -9.6660899e-01 +4.4485116e+00 +4.4485117e+00 +4.4529262e+00 +4.4529262e+00 +8.2532468e+00 +8.7957493e+00 +1.1942659e+01 
-6.7144041e+01 -6.7123793e+01 -3.4038393e+01 -3.3921359e+01 -3.3921359e+01 -3.3428958e+01 -3.3428958e+01 -3.3301432e+01 -2.5124393e+00 -2.4183837e+00 -1.4503741e+00 -1.4503741e+00 -9.3334091e-01 -9.3334091e-01 +4.4799718e+00 +4.4799718e+00 +4.4972462e+00 +4.4972462e+00 +8.5499901e+00 +8.7016807e+00 +1.1944030e+01 
-6.7142097e+01 -6.7124791e+01 -3.4038365e+01 -3.3914326e+01 -3.3914326e+01 -3.3443881e+01 -3.3443880e+01 -3.3308952e+01 -2.4245172e+00 -2.3370891e+00 -1.4682033e+00 -1.4682033e+00 -9.0707013e-01 -9.0707013e-01 +4.5143452e+00 +4.5143452e+00 +4.5397815e+00 +4.5397815e+00 +8.6052671e+00 +8.8385269e+00 +1.1533540e+01 
-6.7140308e+01 -6.7125675e+01 -3.4035808e+01 -3.3906719e+01 -3.3906719e+01 -3.3459078e+01 -3.3459078e+01 -3.3318964e+01 -2.4168574e+00 -2.1671810e+00 -1.4810903e+00 -1.4810903e+00 -8.8760163e-01 -8.8760163e-01 +4.5508018e+00 +4.5508018e+00 +4.5802436e+00 +4.5802436e+00 +8.5066502e+00 +9.1142079e+00 +1.1099621e+01 
-6.7138677e+01 -6.7126447e+01 -3.4030750e+01 -3.3898541e+01 -3.3898541e+01 -3.3474526e+01 -3.3474526e+01 -3.3331402e+01 -2.3958992e+00 -2.0038438e+00 -1.4891377e+00 -1.4891377e+00 -8.7467284e-01 -8.7467284e-01 +4.5884199e+00 +4.5884200e+00 +4.6184398e+00 +4.6184398e+00 +8.4060679e+00 +9.3648520e+00 +1.0705384e+01 
-6.7137203e+01 -6.7127110e+01 -3.4023233e+01 -3.3889795e+01 -3.3889795e+01 -3.3490195e+01 -3.3490195e+01 -3.3346181e+01 -2.3622233e+00 -1.8483178e+00 -1.4924956e+00 -1.4924956e+00 -8.6796429e-01 -8.6796429e-01 +4.6262709e+00 +4.6262709e+00 +4.6542222e+00 +4.6542222e+00 +8.3038856e+00 +9.5467740e+00 +1.0395443e+01 
-6.7135885e+01 -6.7127667e+01 -3.4013314e+01 -3.3880488e+01 -3.3880488e+01 -3.3506056e+01 -3.3506056e+01 -3.3363196e+01 -2.3165073e+00 -1.7019476e+00 -1.4913541e+00 -1.4913541e+00 -8.6711038e-01 -8.6711038e-01 +4.6634529e+00 +4.6634529e+00 +4.6874886e+00 +4.6874886e+00 +8.2006321e+00 +9.5288873e+00 +1.0301987e+01 
-6.7134723e+01 -6.7128123e+01 -3.4001064e+01 -3.3870626e+01 -3.3870626e+01 -3.3522079e+01 -3.3522079e+01 -3.3382325e+01 -2.2595380e+00 -1.5661673e+00 -1.4859347e+00 -1.4859347e+00 -8.7170959e-01 -8.7170959e-01 +4.6991241e+00 +4.6991241e+00 +4.7181826e+00 +4.7181826e+00 +8.0970399e+00 +9.2962663e+00 +1.0441203e+01 
-6.7133715e+01 -6.7128481e+01 -3.3986566e+01 -3.3860222e+01 -3.3860222e+01 -3.3538232e+01 -3.3538232e+01 -3.3403431e+01 -2.1922243e+00 -1.4764818e+00 -1.4764818e+00 -1.4424750e+00 -8.8133357e-01 -8.8133357e-01 +4.7325376e+00 +4.7325377e+00 +4.7462903e+00 +4.7462903e+00 +7.9940904e+00 +9.0044257e+00 +1.0658954e+01 
-6.7132859e+01 -6.7128744e+01 -3.3969917e+01 -3.3849286e+01 -3.3849286e+01 -3.3554482e+01 -3.3554482e+01 -3.3426359e+01 -2.1156114e+00 -1.4632564e+00 -1.4632563e+00 -1.3323935e+00 -8.9553475e-01 -8.9553475e-01 +4.7630773e+00 +4.7630773e+00 +4.7718308e+00 +4.7718308e+00 +7.8930610e+00 +8.7150708e+00 +1.0894974e+01 
-6.7132156e+01 -6.7128914e+01 -3.3951228e+01 -3.3837834e+01 -3.3837834e+01 -3.3570796e+01 -3.3570796e+01 -3.3450945e+01 -2.0308944e+00 -1.4465304e+00 -1.4465304e+00 -1.2374151e+00 -9.1385262e-01 -9.1385262e-01 +4.7902923e+00 +4.7902923e+00 +4.7948434e+00 +4.7948434e+00 +7.7955750e+00 +8.4453140e+00 +1.1133584e+01 
-6.7131604e+01 -6.7128993e+01 -3.3930619e+01 -3.3825882e+01 -3.3825882e+01 -3.3587140e+01 -3.3587140e+01 -3.3477010e+01 -1.9394303e+00 -1.4265848e+00 -1.4265848e+00 -1.1589291e+00 -9.3581886e-01 -9.3581886e-01 +4.8139250e+00 +4.8139251e+00 +4.8153727e+00 +4.8153727e+00 +7.7036504e+00 +8.2018721e+00 +1.1369413e+01 
-6.7131198e+01 -6.7128987e+01 -3.3908226e+01 -3.3813448e+01 -3.3813448e+01 -3.3603479e+01 -3.3603479e+01 -3.3504366e+01 -1.8427508e+00 -1.4037079e+00 -1.4037079e+00 -1.0981326e+00 -9.6096192e-01 -9.6096191e-01 +4.8334319e+00 +4.8334319e+00 +4.8339457e+00 +4.8339457e+00 +7.6197282e+00 +7.9883867e+00 +1.1599997e+01 
-6.7130918e+01 -6.7128914e+01 -3.3884192e+01 -3.3800554e+01 -3.3800554e+01 -3.3619780e+01 -3.3619780e+01 -3.3532817e+01 -1.7425747e+00 -1.3781957e+00 -1.3781957e+00 -1.0559323e+00 -9.8881156e-01 -9.8881156e-01 +4.8490716e+00 +4.8490716e+00 +4.8504600e+00 +4.8504600e+00 +7.5466275e+00 +7.8072257e+00 +1.1823911e+01 
-6.7130737e+01 -6.7128804e+01 -3.3858674e+01 -3.3787221e+01 -3.3787221e+01 -3.3636009e+01 -3.3636009e+01 -3.3562161e+01 -1.6408196e+00 -1.3503537e+00 -1.3503537e+00 -1.0328459e+00 -1.0189036e+00 -1.0189036e+00 +4.8622514e+00 +4.8622514e+00 +4.8637875e+00 +4.8637875e+00 +7.4872885e+00 +7.6599475e+00 +1.2040303e+01 
-6.7130621e+01 -6.7128687e+01 -3.3831838e+01 -3.3773475e+01 -3.3773475e+01 -3.3652133e+01 -3.3652133e+01 -3.3592190e+01 -1.5396084e+00 -1.3204971e+00 -1.3204971e+00 -1.0507847e+00 -1.0507847e+00 -1.0289180e+00 +4.8729432e+00 +4.8729432e+00 +4.8742880e+00 +4.8742880e+00 +7.4440526e+00 +7.5472759e+00 +1.2249046e+01 
-6.7130547e+01 -6.7128583e+01 -3.3803858e+01 -3.3759344e+01 -3.3759344e+01 -3.3668120e+01 -3.3668120e+01 -3.3622694e+01 -1.4412529e+00 -1.2889527e+00 -1.2889527e+00 -1.0840151e+00 -1.0840151e+00 -1.0436680e+00 +4.8811175e+00 +4.8811175e+00 +4.8823017e+00 +4.8823017e+00 +7.4172610e+00 +7.4687002e+00 +1.2451450e+01 
-6.7130502e+01 -6.7128506e+01 -3.3774918e+01 -3.3744855e+01 -3.3744855e+01 -3.3683936e+01 -3.3683936e+01 -3.3653460e+01 -1.3481920e+00 -1.2560594e+00 -1.2560594e+00 -1.1181707e+00 -1.1181707e+00 -1.0760855e+00 +4.8868274e+00 +4.8868274e+00 +4.8880137e+00 +4.8880137e+00 +7.4037356e+00 +7.4216352e+00 +1.2651619e+01 
-6.7130477e+01 -6.7128458e+01 -3.3745209e+01 -3.3730040e+01 -3.3730040e+01 -3.3699549e+01 -3.3699549e+01 -3.3684275e+01 -1.2628732e+00 -1.2221682e+00 -1.2221682e+00 -1.1528419e+00 -1.1528419e+00 -1.1246873e+00 +4.8902025e+00 +4.8902025e+00 +4.8914434e+00 +4.8914434e+00 +7.3973376e+00 +7.4004887e+00 +1.2857881e+01 
-6.7130469e+01 -6.7128442e+01 -3.3714980e+01 -3.3714980e+01 -3.3714980e+01 -3.3714874e+01 -3.3714874e+01 -3.3714874e+01 -1.1880339e+00 -1.1880339e+00 -1.1880339e+00 -1.1872398e+00 -1.1872398e+00 -1.1872398e+00 +4.8913218e+00 +4.8913218e+00 +4.8925853e+00 +4.8925853e+00 +7.3942697e+00 +7.3962539e+00 +1.3080347e+01 
-6.7130477e+01 -6.7128458e+01 -3.3740941e+01 -3.3740940e+01 -3.3714786e+01 -3.3714681e+01 -3.3688665e+01 -3.3688664e+01 -1.2496547e+00 -1.2496041e+00 -1.1889297e+00 -1.1881393e+00 -1.1305445e+00 -1.1304730e+00 +4.8897883e+00 +4.8906581e+00 +4.8910224e+00 +4.8919062e+00 +7.3978708e+00 +7.3997939e+00 +1.2886356e+01 
-6.7130501e+01 -6.7128504e+01 -3.3766597e+01 -3.3766592e+01 -3.3714205e+01 -3.3714102e+01 -3.3662270e+01 -3.3662265e+01 -1.3165024e+00 -1.3164220e+00 -1.1915980e+00 -1.1908188e+00 -1.0782705e+00 -1.0781140e+00 +4.8851424e+00 +4.8862888e+00 +4.8886638e+00 +4.8898659e+00 +7.4112720e+00 +7.4130345e+00 +1.2701401e+01 
-6.7130544e+01 -6.7128582e+01 -3.3791785e+01 -3.3791775e+01 -3.3713238e+01 -3.3713138e+01 -3.3635857e+01 -3.3635846e+01 -1.3880473e+00 -1.3879526e+00 -1.1959827e+00 -1.1952211e+00 -1.0306878e+00 -1.0304450e+00 +4.8772445e+00 +4.8782455e+00 +4.8853295e+00 +4.8864564e+00 +7.4402212e+00 +7.4417730e+00 +1.2520686e+01 
-6.7130610e+01 -6.7128689e+01 -3.3816401e+01 -3.3816385e+01 -3.3711887e+01 -3.3711792e+01 -3.3609543e+01 -3.3609523e+01 -1.4640049e+00 -1.4639059e+00 -1.2019936e+00 -1.2012550e+00 -9.8760398e-01 -9.8728476e-01 +4.8658517e+00 +4.8666535e+00 +4.8806441e+00 +4.8816693e+00 +7.4899468e+00 +7.4912834e+00 +1.2339853e+01 
-6.7130701e+01 -6.7128827e+01 -3.3840343e+01 -3.3840319e+01 -3.3710155e+01 -3.3710068e+01 -3.3583446e+01 -3.3583416e+01 -1.5439402e+00 -1.5438431e+00 -1.2095111e+00 -1.2087995e+00 -9.4876332e-01 -9.4838435e-01 +4.8506157e+00 +4.8511722e+00 +4.8746065e+00 +4.8755088e+00 +7.5632592e+00 +7.5644034e+00 +1.2156943e+01 
-6.7130821e+01 -6.7128994e+01 -3.3863512e+01 -3.3863479e+01 -3.3708047e+01 -3.3707969e+01 -3.3557684e+01 -3.3557643e+01 -1.6272993e+00 -1.6272083e+00 -1.2183913e+00 -1.2177089e+00 -9.1386219e-01 -9.1344178e-01 +4.8310969e+00 +4.8313754e+00 +4.8672433e+00 +4.8680075e+00 +7.6606934e+00 +7.6616792e+00 +1.1971436e+01 
-6.7130970e+01 -6.7129191e+01 -3.3885813e+01 -3.3885769e+01 -3.3705572e+01 -3.3705506e+01 -3.3532376e+01 -3.3532321e+01 -1.7134515e+00 -1.7133701e+00 -1.2284704e+00 -1.2278183e+00 -8.8256546e-01 -8.8212000e-01 +4.8067873e+00 +4.8068025e+00 +4.8586212e+00 +4.8592383e+00 +7.7813672e+00 +7.7822300e+00 +1.1783389e+01 
-6.7131150e+01 -6.7129417e+01 -3.3907158e+01 -3.3907100e+01 -3.3702741e+01 -3.3702687e+01 -3.3507637e+01 -3.3507569e+01 -1.8017294e+00 -1.8016603e+00 -1.2395674e+00 -1.2389459e+00 -8.5451785e-01 -8.5405989e-01 +4.7769343e+00 +4.7772400e+00 +4.8488527e+00 +4.8493188e+00 +7.9237033e+00 +7.9244768e+00 +1.1593003e+01 
-6.7131361e+01 -6.7129671e+01 -3.3927459e+01 -3.3927387e+01 -3.3699565e+01 -3.3699525e+01 -3.3483582e+01 -3.3483500e+01 -1.8914595e+00 -1.8914048e+00 -1.2514857e+00 -1.2508945e+00 -8.2934961e-01 -8.2888724e-01 +4.7413983e+00 +4.7419745e+00 +4.8380930e+00 +4.8384085e+00 +8.0858354e+00 +8.0865511e+00 +1.1400499e+01 
-6.7131602e+01 -6.7129954e+01 -3.3946636e+01 -3.3946550e+01 -3.3696060e+01 -3.3696036e+01 -3.3460325e+01 -3.3460229e+01 -1.9819851e+00 -1.9819464e+00 -1.2640131e+00 -1.2634519e+00 -8.0667816e-01 -8.0621531e-01 +4.6998554e+00 +4.7006695e+00 +4.8265328e+00 +4.8267009e+00 +8.2657719e+00 +8.2664605e+00 +1.1206139e+01 
-6.7131872e+01 -6.7130263e+01 -3.3964614e+01 -3.3964514e+01 -3.3692241e+01 -3.3692234e+01 -3.3437975e+01 -3.3437866e+01 -2.0726828e+00 -2.0726614e+00 -1.2769229e+00 -1.2763918e+00 -7.8610774e-01 -7.8564505e-01 +4.6520933e+00 +4.6531050e+00 +4.8143874e+00 +4.8144131e+00 +8.4613975e+00 +8.4620891e+00 +1.1010321e+01 
-6.7132171e+01 -6.7130598e+01 -3.3981322e+01 -3.3981211e+01 -3.3688137e+01 -3.3688127e+01 -3.3416638e+01 -3.3416518e+01 -2.1629728e+00 -2.1629706e+00 -1.2899759e+00 -1.2894751e+00 -7.6722826e-01 -7.6676432e-01 +4.5980080e+00 +4.5991746e+00 +4.8017756e+00 +4.8018863e+00 +8.6703186e+00 +8.6710417e+00 +1.0813784e+01 
-6.7132498e+01 -6.7130956e+01 -3.3996697e+01 -3.3996576e+01 -3.3683763e+01 -3.3683735e+01 -3.3396418e+01 -3.3396287e+01 -2.2523454e+00 -2.2523257e+00 -1.3029229e+00 -1.3024528e+00 -7.4961425e-01 -7.4914700e-01 +4.5375888e+00 +4.5388682e+00 +4.7890217e+00 +4.7892624e+00 +8.8894069e+00 +8.8901818e+00 +1.0618080e+01 
-6.7132851e+01 -6.7131337e+01 -3.4010681e+01 -3.4010552e+01 -3.3679132e+01 -3.3679084e+01 -3.3377412e+01 -3.3377273e+01 -2.3403099e+00 -2.3402642e+00 -1.3155092e+00 -1.3150701e+00 -7.3282493e-01 -7.3235289e-01 +4.4708994e+00 +4.4722522e+00 +4.7763777e+00 +4.7767421e+00 +9.1134273e+00 +9.1142457e+00 +1.0426946e+01 
-6.7133228e+01 -6.7131738e+01 -3.4023221e+01 -3.4023087e+01 -3.3674264e+01 -3.3674195e+01 -3.3359712e+01 -3.3359567e+01 -2.4264403e+00 -2.4263632e+00 -1.3274774e+00 -1.3270695e+00 -7.1640605e-01 -7.1592918e-01 +4.3980619e+00 +4.3994519e+00 +4.7640538e+00 +4.7645361e+00 +9.3300592e+00 +9.3308176e+00 +1.0251263e+01 
-6.7133627e+01 -6.7132157e+01 -3.4034272e+01 -3.4034135e+01 -3.3669180e+01 -3.3669089e+01 -3.3343406e+01 -3.3343257e+01 -2.5103634e+00 -2.5102482e+00 -1.3385720e+00 -1.3381951e+00 -6.9989379e-01 -6.9941397e-01 +4.3192451e+00 +4.3206394e+00 +4.7522352e+00 +4.7528301e+00 +9.4991688e+00 +9.4994761e+00 +1.0129767e+01 
-6.7134047e+01 -6.7132592e+01 -3.4043796e+01 -3.4043656e+01 -3.3663902e+01 -3.3663789e+01 -3.3328574e+01 -3.3328421e+01 -2.5917546e+00 -2.5915935e+00 -1.3485421e+00 -1.3481958e+00 -6.8282059e-01 -6.8234145e-01 +4.2346586e+00 +4.2360267e+00 +4.7410744e+00 +4.7417777e+00 +9.5209494e+00 +9.5214381e+00 +1.0160399e+01 
-6.7134485e+01 -6.7133041e+01 -3.4051760e+01 -3.4051617e+01 -3.3658455e+01 -3.3658318e+01 -3.3315290e+01 -3.3315134e+01 -2.6703381e+00 -2.6701224e+00 -1.3571445e+00 -1.3568284e+00 -6.6472140e-01 -6.6424782e-01 +4.1445481e+00 +4.1458618e+00 +4.7306846e+00 +4.7314934e+00 +9.3909216e+00 +9.3916942e+00 +1.0346966e+01 
-6.7134939e+01 -6.7133503e+01 -3.4058136e+01 -3.4057991e+01 -3.3652862e+01 -3.3652700e+01 -3.3303619e+01 -3.3303459e+01 -2.7458864e+00 -2.7456065e+00 -1.3641467e+00 -1.3638602e+00 -6.4513886e-01 -6.4467631e-01 +4.0491940e+00 +4.0504269e+00 +4.7211359e+00 +4.7220487e+00 +9.2020257e+00 +9.2028616e+00 +1.0595194e+01 
-6.7135406e+01 -6.7133975e+01 -3.4062905e+01 -3.4062755e+01 -3.3647148e+01 -3.3646961e+01 -3.3293618e+01 -3.3293452e+01 -2.8182204e+00 -2.8178666e+00 -1.3693286e+00 -1.3690717e+00 -6.2362618e-01 -6.2317997e-01 +3.9489092e+00 +3.9500360e+00 +4.7124523e+00 +4.7134699e+00 +8.9917200e+00 +8.9925821e+00 +1.0866134e+01 
-6.7135883e+01 -6.7134456e+01 -3.4066051e+01 -3.4065896e+01 -3.3641338e+01 -3.3641125e+01 -3.3285334e+01 -3.3285161e+01 -2.8872086e+00 -2.8867711e+00 -1.3724850e+00 -1.3722583e+00 -5.9974740e-01 -5.9932222e-01 +3.8440358e+00 +3.8450332e+00 +4.7046123e+00 +4.7057375e+00 +8.7707319e+00 +8.7716083e+00 +1.1147810e+01 
-6.7136368e+01 -6.7134944e+01 -3.4067566e+01 -3.4067407e+01 -3.3635459e+01 -3.3635220e+01 -3.3278806e+01 -3.3278625e+01 -2.9527639e+00 -2.9522338e+00 -1.3734276e+00 -1.3732327e+00 -5.7307620e-01 -5.7267576e-01 +3.7349423e+00 +3.7357882e+00 +4.6975485e+00 +4.6987869e+00 +8.5429183e+00 +8.5437994e+00 +1.1435271e+01 
-6.7136858e+01 -6.7135436e+01 -3.4067450e+01 -3.4067284e+01 -3.3629537e+01 -3.3629271e+01 -3.3274063e+01 -3.3273872e+01 -3.0148396e+00 -3.0142096e+00 -1.3719868e+00 -1.3718270e+00 -5.4319449e-01 -5.4282142e-01 +3.6220179e+00 +3.6226928e+00 +4.6911488e+00 +4.6925085e+00 +8.3101085e+00 +8.3109840e+00 +1.1725771e+01 
-6.7137350e+01 -6.7135931e+01 -3.4065707e+01 -3.4065535e+01 -3.3623598e+01 -3.3623305e+01 -3.3271124e+01 -3.3270919e+01 -3.0734246e+00 -3.0726895e+00 -1.3680142e+00 -1.3678947e+00 -5.0969232e-01 -5.0934821e-01 +3.5056689e+00 +3.5061559e+00 +4.6852561e+00 +4.6867474e+00 +8.0734497e+00 +8.0743095e+00 +1.2017456e+01 
-6.7137841e+01 -6.7136426e+01 -3.4062351e+01 -3.4062173e+01 -3.3617669e+01 -3.3617349e+01 -3.3269995e+01 -3.3269777e+01 -3.1285381e+00 -3.1276957e+00 -1.3613852e+00 -1.3613132e+00 -4.7216965e-01 -4.7185527e-01 +3.3863132e+00 +3.3865994e+00 +4.6796651e+00 +4.6812996e+00 +7.8338609e+00 +7.8346956e+00 +1.2308945e+01 
-6.7138329e+01 -6.7136919e+01 -3.4057400e+01 -3.4057216e+01 -3.3611776e+01 -3.3611429e+01 -3.3270677e+01 -3.3270442e+01 -3.1802254e+00 -3.1792767e+00 -1.3520021e+00 -1.3519874e+00 -4.3024033e-01 -4.2995590e-01 +3.2643781e+00 +3.2644557e+00 +4.6741163e+00 +4.6759058e+00 +7.5922105e+00 +7.5930121e+00 +1.2599166e+01 
-6.7138811e+01 -6.7137406e+01 -3.4050882e+01 -3.4050691e+01 -3.3605945e+01 -3.3605573e+01 -3.3273155e+01 -3.3272903e+01 -3.2285535e+00 -3.2275031e+00 -1.3398535e+00 -1.3397989e+00 -3.8353788e-01 -3.8328349e-01 +3.1401679e+00 +3.1403001e+00 +4.6682836e+00 +4.6702386e+00 +7.3493993e+00 +7.3501622e+00 +1.2887308e+01 
-6.7139286e+01 -6.7137887e+01 -3.4042830e+01 -3.4042634e+01 -3.3600204e+01 -3.3599806e+01 -3.3277407e+01 -3.3277135e+01 -3.2736081e+00 -3.2724642e+00 -1.3248841e+00 -1.3247459e+00 -3.3172286e-01 -3.3149885e-01 +3.0141948e+00 +3.0145293e+00 +4.6617532e+00 +4.6638802e+00 +7.1064147e+00 +7.1071351e+00 +1.3172785e+01 
-6.7139749e+01 -6.7138359e+01 -3.4033288e+01 -3.4033086e+01 -3.3594577e+01 -3.3594155e+01 -3.3283398e+01 -3.3283104e+01 -3.3154899e+00 -3.3142642e+00 -1.3070939e+00 -1.3068564e+00 -2.7449141e-01 -2.7429885e-01 +2.8870207e+00 +2.8875405e+00 +4.6539866e+00 +4.6562859e+00 +6.8643858e+00 +6.8650602e+00 +1.3455237e+01 
-6.7140201e+01 -6.7138820e+01 -3.4022304e+01 -3.4022097e+01 -3.3589090e+01 -3.3588645e+01 -3.3291082e+01 -3.3290764e+01 -3.3543117e+00 -3.3530195e+00 -1.2865454e+00 -1.2861930e+00 -2.1158505e-01 -2.1142605e-01 +2.7591729e+00 +2.7598496e+00 +4.6442607e+00 +4.6467224e+00 +6.6246570e+00 +6.6252793e+00 +1.3734517e+01 
-6.7140637e+01 -6.7139268e+01 -3.4009936e+01 -3.4009726e+01 -3.3583768e+01 -3.3583300e+01 -3.3300402e+01 -3.3300060e+01 -3.3901953e+00 -3.3888551e+00 -1.2633533e+00 -1.2628722e+00 -1.4280190e-01 -1.4267964e-01 +2.6312419e+00 +2.6320368e+00 +4.6315670e+00 +4.6341663e+00 +6.3889011e+00 +6.3894566e+00 +1.4010691e+01 
-6.7141058e+01 -6.7139700e+01 -3.3996253e+01 -3.3996040e+01 -3.3578633e+01 -3.3578145e+01 -3.3311290e+01 -3.3310922e+01 -3.4232681e+00 -3.4219011e+00 -1.2376863e+00 -1.2370664e+00 -6.8009665e-02 -6.7928141e-02 +2.5039023e+00 +2.5047674e+00 +4.6144484e+00 +4.6171385e+00 +6.1592930e+00 +6.1597499e+00 +1.4284024e+01 
-6.7141459e+01 -6.7140116e+01 -3.3981332e+01 -3.3981116e+01 -3.3573710e+01 -3.3573203e+01 -3.3323663e+01 -3.3323269e+01 -3.4536597e+00 -3.4522897e+00 -1.2097638e+00 -1.2090010e+00 +1.2839004e-02 +1.2875796e-02 +2.3779229e+00 +2.3788052e+00 +4.5907429e+00 +4.5934447e+00 +5.9387752e+00 +5.9390719e+00 +1.4554962e+01 
-6.7141841e+01 -6.7140513e+01 -3.3965259e+01 -3.3965042e+01 -3.3569021e+01 -3.3568495e+01 -3.3337427e+01 -3.3337007e+01 -3.4814986e+00 -3.4801509e+00 -1.1798503e+00 -1.1789476e+00 +9.9677676e-02 +9.9688433e-02 +2.2541599e+00 +2.2550070e+00 +4.5572296e+00 +4.5598181e+00 +5.7314177e+00 +5.7314454e+00 +1.4824082e+01 
-6.7142200e+01 -6.7140889e+01 -3.3948137e+01 -3.3947920e+01 -3.3564586e+01 -3.3564044e+01 -3.3352472e+01 -3.3352026e+01 -3.5069093e+00 -3.5056099e+00 -1.1482502e+00 -1.1472173e+00 +1.9230016e-01 +1.9235871e-01 +2.1335316e+00 +2.1342973e+00 +4.5093130e+00 +4.5116070e+00 +5.5423211e+00 +5.5427307e+00 +1.5092007e+01 
-6.7142535e+01 -6.7141244e+01 -3.3930083e+01 -3.3929867e+01 -3.3560426e+01 -3.3559869e+01 -3.3368671e+01 -3.3368201e+01 -3.5300089e+00 -3.5287837e+00 -1.1153092e+00 -1.1141610e+00 +2.9041794e-01 +2.9052078e-01 +2.0169821e+00 +2.0176315e+00 +4.4412947e+00 +4.4430738e+00 +5.3783068e+00 +5.3793664e+00 +1.5359261e+01 
-6.7142844e+01 -6.7141575e+01 -3.3911232e+01 -3.3911018e+01 -3.3556561e+01 -3.3555990e+01 -3.3385878e+01 -3.3385385e+01 -3.5509046e+00 -3.5497779e+00 -1.0814250e+00 -1.0801789e+00 +3.9352700e-01 +3.9366652e-01 +1.9054516e+00 +1.9059629e+00 +4.3482453e+00 +4.3493257e+00 +5.2453047e+00 +5.2471962e+00 +1.5626053e+01 
-6.7143126e+01 -6.7141880e+01 -3.3891746e+01 -3.3891537e+01 -3.3553007e+01 -3.3552424e+01 -3.3403916e+01 -3.3403403e+01 -3.5696896e+00 -3.5686834e+00 -1.0470674e+00 -1.0457404e+00 +5.0090404e-01 +5.0106956e-01 +1.7998679e+00 +1.8002320e+00 +4.2293533e+00 +4.2296874e+00 +5.1451870e+00 +5.1479592e+00 +1.5891986e+01 
-6.7143380e+01 -6.7142159e+01 -3.3871823e+01 -3.3871620e+01 -3.3549783e+01 -3.3549188e+01 -3.3422579e+01 -3.3422048e+01 -3.5864396e+00 -3.5855718e+00 -1.0128004e+00 -1.0114072e+00 +6.1154688e-01 +6.1172738e-01 +1.7011596e+00 +1.7013776e+00 +4.0892239e+00 +4.0895381e+00 +5.0742384e+00 +5.0777947e+00 +1.6155751e+01 
-6.7143606e+01 -6.7142410e+01 -3.3851710e+01 -3.3851515e+01 -3.3546902e+01 -3.3546297e+01 -3.3441606e+01 -3.3441060e+01 -3.6012078e+00 -3.6004908e+00 -9.7930031e-01 -9.7785224e-01 +7.2407855e-01 +7.2426662e-01 +1.6102830e+00 +1.6103631e+00 +3.9363511e+00 +3.9371579e+00 +5.0255631e+00 +5.0297437e+00 +1.6414845e+01 
-6.7143803e+01 -6.7142631e+01 -3.3831726e+01 -3.3831542e+01 -3.3544378e+01 -3.3543765e+01 -3.3460668e+01 -3.3460108e+01 -3.6140234e+00 -3.6134623e+00 -9.4736176e-01 -9.4586709e-01 +8.3659097e-01 +8.3678670e-01 +1.5282013e+00 +1.5282467e+00 +3.7796756e+00 +3.7808373e+00 +4.9924557e+00 +4.9971088e+00 +1.6665396e+01 
-6.7143973e+01 -6.7142821e+01 -3.3812301e+01 -3.3812131e+01 -3.3542222e+01 -3.3541602e+01 -3.3479327e+01 -3.3478754e+01 -3.6248935e+00 -3.6244843e+00 -9.1788724e-01 -9.1635196e-01 +9.4640786e-01 +9.4662061e-01 +1.4559631e+00 +1.4561192e+00 +3.6268480e+00 +3.6282682e+00 +4.9698948e+00 +4.9748989e+00 +1.6902070e+01 
-6.7144113e+01 -6.7142979e+01 -3.3794029e+01 -3.3793877e+01 -3.3540445e+01 -3.3539819e+01 -3.3496982e+01 -3.3496396e+01 -3.6338105e+00 -3.6335399e+00 -8.9185479e-01 -8.9028401e-01 +1.0497754e+00 +1.0500218e+00 +1.3947604e+00 +1.3950106e+00 +3.4849702e+00 +3.4865885e+00 +4.9545255e+00 +4.9597857e+00 +1.7117961e+01 
-6.7144224e+01 -6.7143104e+01 -3.3777736e+01 -3.3777604e+01 -3.3539054e+01 -3.3538423e+01 -3.3512802e+01 -3.3512201e+01 -3.6407608e+00 -3.6406071e+00 -8.7026104e-01 -8.6866022e-01 +1.1415666e+00 +1.1418644e+00 +1.3456974e+00 +1.3460235e+00 +3.3613746e+00 +3.3631525e+00 +4.9442064e+00 +4.9496475e+00 +1.7304384e+01 
-6.7144305e+01 -6.7143193e+01 -3.3764538e+01 -3.3764426e+01 -3.3538056e+01 -3.3537422e+01 -3.3525667e+01 -3.3525049e+01 -3.6457325e+00 -3.6456669e+00 -8.5403964e-01 -8.5241554e-01 +1.2152486e+00 +1.2156065e+00 +1.3097924e+00 +1.3101747e+00 +3.2640495e+00 +3.2659547e+00 +4.9376044e+00 +4.9431652e+00 +1.7450762e+01 
-6.7144354e+01 -6.7143248e+01 -3.3755778e+01 -3.3755682e+01 -3.3537456e+01 -3.3536819e+01 -3.3534228e+01 -3.3533596e+01 -3.6487179e+00 -3.6487068e+00 -8.4396292e-01 -8.4232396e-01 +1.2635875e+00 +1.2639960e+00 +1.2878800e+00 +1.2882968e+00 +3.2011676e+00 +3.2031596e+00 +4.9339230e+00 +4.9395517e+00 +1.7545415e+01 
-6.7144370e+01 -6.7143266e+01 -3.3752684e+01 -3.3752595e+01 -3.3537255e+01 -3.3537255e+01 -3.3536618e+01 -3.3536618e+01 -3.6497208e+00 -3.6497133e+00 -8.4054396e-01 -8.3889987e-01 +1.2805115e+00 +1.2805115e+00 +1.2809400e+00 +1.2809400e+00 +3.1793374e+00 +3.1813608e+00 +4.9327399e+00 +4.9383906e+00 +1.7578329e+01 
-6.7137923e+01 -6.7136125e+01 -3.4265739e+01 -3.4265739e+01 -3.3515201e+01 -3.3514594e+01 -3.3160380e+01 -3.3160380e+01 -4.2990182e+00 -4.2972842e+00 -1.5295217e+00 -1.5295217e+00 +1.6800096e+00 +1.6800096e+00 +3.7567967e+00 +3.7573272e+00 +4.7654172e+00 +4.7668844e+00 +7.5630147e+00 +7.5630147e+00 +1.1362435e+01 
-6.7137897e+01 -6.7136105e+01 -3.4265119e+01 -3.4265119e+01 -3.3515664e+01 -3.3515061e+01 -3.3161009e+01 -3.3161009e+01 -4.2936952e+00 -4.2919685e+00 -1.5302832e+00 -1.5302832e+00 +1.6727426e+00 +1.6727426e+00 +3.7590510e+00 +3.7595754e+00 +4.7657306e+00 +4.7671920e+00 +7.5730795e+00 +7.5730795e+00 +1.1353877e+01 
-6.7137819e+01 -6.7136045e+01 -3.4263262e+01 -3.4263262e+01 -3.3517048e+01 -3.3516456e+01 -3.3162894e+01 -3.3162894e+01 -4.2777484e+00 -4.2760432e+00 -1.5325473e+00 -1.5325473e+00 +1.6511154e+00 +1.6511154e+00 +3.7657997e+00 +3.7663067e+00 +4.7666673e+00 +4.7681113e+00 +7.6030984e+00 +7.6030984e+00 +1.1328226e+01 
-6.7137695e+01 -6.7135946e+01 -3.4260170e+01 -3.4260170e+01 -3.3519339e+01 -3.3518764e+01 -3.3166032e+01 -3.3166032e+01 -4.2512442e+00 -4.2495731e+00 -1.5362527e+00 -1.5362527e+00 +1.6156341e+00 +1.6156341e+00 +3.7770019e+00 +3.7774826e+00 +4.7682162e+00 +4.7696317e+00 +7.6525605e+00 +7.6525605e+00 +1.1285573e+01 
-6.7137531e+01 -6.7135812e+01 -3.4255850e+01 -3.4255850e+01 -3.3522515e+01 -3.3521961e+01 -3.3170415e+01 -3.3170415e+01 -4.2142931e+00 -4.2126663e+00 -1.5412983e+00 -1.5412983e+00 +1.5670955e+00 +1.5670955e+00 +3.7925925e+00 +3.7930412e+00 +4.7703597e+00 +4.7717358e+00 +7.7206614e+00 +7.7206614e+00 +1.1226101e+01 
-6.7137331e+01 -6.7135645e+01 -3.4250313e+01 -3.4250313e+01 -3.3526545e+01 -3.3526014e+01 -3.3176032e+01 -3.3176032e+01 -4.1670487e+00 -4.1654746e+00 -1.5475455e+00 -1.5475455e+00 +1.5065257e+00 +1.5065257e+00 +3.8124847e+00 +3.8128989e+00 +4.7730739e+00 +4.7744002e+00 +7.8063640e+00 +7.8063640e+00 +1.1150136e+01 
-6.7137102e+01 -6.7135447e+01 -3.4243568e+01 -3.4243568e+01 -3.3531389e+01 -3.3530882e+01 -3.3182870e+01 -3.3182870e+01 -4.1097083e+00 -4.1081937e+00 -1.5548205e+00 -1.5548205e+00 +1.4351101e+00 +1.4351101e+00 +3.8365716e+00 +3.8369513e+00 +4.7763290e+00 +4.7775957e+00 +7.9084680e+00 +7.9084680e+00 +1.1058180e+01 
-6.7136847e+01 -6.7135220e+01 -3.4235631e+01 -3.4235631e+01 -3.3537001e+01 -3.3536519e+01 -3.3190913e+01 -3.3190913e+01 -4.0425131e+00 -4.0410638e+00 -1.5629177e+00 -1.5629177e+00 +1.3541249e+00 +1.3541249e+00 +3.8647254e+00 +3.8650720e+00 +4.7800905e+00 +4.7812884e+00 +8.0256785e+00 +8.0256785e+00 +1.0950853e+01 
-6.7136569e+01 -6.7134967e+01 -3.4226519e+01 -3.4226519e+01 -3.3543329e+01 -3.3542869e+01 -3.3200144e+01 -3.3200144e+01 -3.9657495e+00 -3.9643712e+00 -1.5716036e+00 -1.5716036e+00 +1.2648756e+00 +1.2648756e+00 +3.8967942e+00 +3.8971102e+00 +4.7843191e+00 +4.7854398e+00 +8.1566655e+00 +8.1566655e+00 +1.0828863e+01 
-6.7136271e+01 -6.7134689e+01 -3.4216252e+01 -3.4216252e+01 -3.3550311e+01 -3.3549874e+01 -3.3210541e+01 -3.3210541e+01 -3.8797511e+00 -3.8784497e+00 -1.5806206e+00 -1.5806206e+00 +1.1686494e+00 +1.1686494e+00 +3.9325989e+00 +3.9328865e+00 +4.7889717e+00 +4.7900072e+00 +8.3001105e+00 +8.3001105e+00 +1.0693682e+01 
-6.7135955e+01 -6.7134390e+01 -3.4204852e+01 -3.4204852e+01 -3.3557883e+01 -3.3557468e+01 -3.3222080e+01 -3.3222080e+01 -3.7849011e+00 -3.7836825e+00 -1.5896920e+00 -1.5896920e+00 +1.0666794e+00 +1.0666794e+00 +3.9719287e+00 +3.9721904e+00 +4.7940013e+00 +4.7949447e+00 +8.4547397e+00 +8.4547397e+00 +1.0546586e+01 
-6.7135624e+01 -6.7134071e+01 -3.4192343e+01 -3.4192343e+01 -3.3565973e+01 -3.3565581e+01 -3.3234736e+01 -3.3234736e+01 -3.6816351e+00 -3.6805054e+00 -1.5985262e+00 -1.5985262e+00 +9.6012242e-01 +9.6012242e-01 +4.0145388e+00 +4.0147774e+00 +4.7993580e+00 +4.8002027e+00 +8.6193438e+00 +8.6193438e+00 +1.0388968e+01 
-6.7135279e+01 -6.7133736e+01 -3.4178753e+01 -3.4178753e+01 -3.3574507e+01 -3.3574139e+01 -3.3248481e+01 -3.3248481e+01 -3.5704450e+00 -3.5694097e+00 -1.6068212e+00 -1.6068212e+00 +8.5004593e-01 +8.5004593e-01 +4.0601499e+00 +4.0603690e+00 +4.8049888e+00 +4.8057291e+00 +8.7927880e+00 +8.7927880e+00 +1.0222283e+01 
-6.7134923e+01 -6.7133387e+01 -3.4164112e+01 -3.4164112e+01 -3.3583404e+01 -3.3583063e+01 -3.3263282e+01 -3.3263282e+01 -3.4518835e+00 -3.4509475e+00 -1.6142685e+00 -1.6142685e+00 +7.3742335e-01 +7.3742335e-01 +4.1084501e+00 +4.1086550e+00 +4.8108384e+00 +4.8114694e+00 +8.9740133e+00 +8.9740133e+00 +1.0048000e+01 
-6.7134559e+01 -6.7133028e+01 -3.4148452e+01 -3.4148452e+01 -3.3592583e+01 -3.3592271e+01 -3.3279107e+01 -3.3279107e+01 -3.3265695e+00 -3.3257359e+00 -1.6205573e+00 -1.6205573e+00 +6.2313453e-01 +6.2313453e-01 +4.1590986e+00 +4.1592967e+00 +4.8168494e+00 +4.8173668e+00 +9.1620326e+00 +9.1620326e+00 +9.8675670e+00 
-6.7134191e+01 -6.7132662e+01 -3.4131808e+01 -3.4131808e+01 -3.3601960e+01 -3.3601679e+01 -3.3295920e+01 -3.3295920e+01 -3.1951939e+00 -3.1944644e+00 -1.6253773e+00 -1.6253773e+00 +5.0796963e-01 +5.0796963e-01 +4.2117292e+00 +4.2119299e+00 +4.8229632e+00 +4.8233635e+00 +9.3559242e+00 +9.3559242e+00 +9.6823870e+00 
-6.7133822e+01 -6.7132293e+01 -3.4114216e+01 -3.4114216e+01 -3.3611449e+01 -3.3611201e+01 -3.3313683e+01 -3.3313683e+01 -3.0585275e+00 -3.0579013e+00 -1.6284225e+00 -1.6284225e+00 +3.9263521e-01 +3.9263521e-01 +4.2659498e+00 +4.2661636e+00 +4.8291200e+00 +4.8294004e+00 +9.4938283e+00 +9.4942057e+00 +9.5548237e+00 
-6.7133456e+01 -6.7131926e+01 -3.4095715e+01 -3.4095715e+01 -3.3620965e+01 -3.3620749e+01 -3.3332355e+01 -3.3332355e+01 -2.9174286e+00 -2.9169030e+00 -1.6293929e+00 -1.6293929e+00 +2.7776111e-01 +2.7776111e-01 +4.3213380e+00 +4.3215745e+00 +4.8352598e+00 +4.8354183e+00 +9.3032532e+00 +9.3034525e+00 +9.7579150e+00 
-6.7133098e+01 -6.7131562e+01 -3.4076346e+01 -3.4076346e+01 -3.3630420e+01 -3.3630236e+01 -3.3351895e+01 -3.3351895e+01 -2.7728521e+00 -2.7724223e+00 -1.6279975e+00 -1.6279975e+00 +1.6390766e-01 +1.6390766e-01 +4.3774298e+00 +4.3776960e+00 +4.8413231e+00 +4.8413585e+00 +9.1120617e+00 +9.1120891e+00 +9.9644234e+00 
-6.7132751e+01 -6.7131207e+01 -3.4056153e+01 -3.4056153e+01 -3.3639729e+01 -3.3639573e+01 -3.3372258e+01 -3.3372258e+01 -2.6258592e+00 -2.6255192e+00 -1.6239565e+00 -1.6239565e+00 +5.1572644e-02 +5.1572644e-02 +4.4337079e+00 +4.4340054e+00 +4.8471633e+00 +4.8472514e+00 +8.9215980e+00 +8.9217361e+00 +1.0173608e+01 
-6.7132420e+01 -6.7130862e+01 -3.4035180e+01 -3.4035180e+01 -3.3648807e+01 -3.3648676e+01 -3.3393397e+01 -3.3393397e+01 -2.4776272e+00 -2.4773702e+00 -1.6170038e+00 -1.6170038e+00 -5.8802190e-02 -5.8802190e-02 +4.4895902e+00 +4.4899136e+00 +4.8527769e+00 +4.8529882e+00 +8.7335781e+00 +8.7338766e+00 +1.0384758e+01 
-6.7132109e+01 -6.7130532e+01 -3.4013475e+01 -3.4013475e+01 -3.3657573e+01 -3.3657463e+01 -3.3415265e+01 -3.3415265e+01 -2.3294591e+00 -2.3292787e+00 -1.6068911e+00 -1.6068911e+00 -1.6682525e-01 -1.6682525e-01 +4.5444237e+00 +4.5447594e+00 +4.8581464e+00 +4.8584797e+00 +8.5497710e+00 +8.5502243e+00 +1.0597187e+01 
-6.7131822e+01 -6.7130220e+01 -3.3991085e+01 -3.3991085e+01 -3.3665945e+01 -3.3665854e+01 -3.3437811e+01 -3.3437811e+01 -2.1827921e+00 -2.1826835e+00 -1.5933932e+00 -1.5933932e+00 -2.7214988e-01 -2.7214988e-01 +4.5974872e+00 +4.5978125e+00 +4.8632226e+00 +4.8636757e+00 +8.3720756e+00 +8.3726753e+00 +1.0810237e+01 
-6.7131561e+01 -6.7129927e+01 -3.3968061e+01 -3.3968061e+01 -3.3673849e+01 -3.3673776e+01 -3.3460985e+01 -3.3460985e+01 -2.0392040e+00 -2.0391650e+00 -1.5763157e+00 -1.5763157e+00 -3.7446977e-01 -3.7446977e-01 +4.6480041e+00 +4.6482881e+00 +4.8679610e+00 +4.8685309e+00 +8.2025554e+00 +8.2032887e+00 +1.1023278e+01 
-6.7131329e+01 -6.7129656e+01 -3.3944455e+01 -3.3944455e+01 -3.3681214e+01 -3.3681159e+01 -3.3484733e+01 -3.3484733e+01 -1.9004461e+00 -1.9004145e+00 -1.5555031e+00 -1.5555031e+00 -4.7351500e-01 -4.7351500e-01 +4.6951702e+00 +4.6953751e+00 +4.8723225e+00 +4.8730048e+00 +8.0434419e+00 +8.0442926e+00 +1.1235722e+01 
-6.7131126e+01 -6.7129410e+01 -3.3920319e+01 -3.3920319e+01 -3.3687976e+01 -3.3687940e+01 -3.3509001e+01 -3.3509001e+01 -1.7683869e+00 -1.7682799e+00 -1.5308441e+00 -1.5308441e+00 -5.6904866e-01 -5.6904866e-01 +4.7381987e+00 +4.7382822e+00 +4.8762744e+00 +4.8770636e+00 +7.8971271e+00 +7.8980790e+00 +1.1447037e+01 
-6.7130954e+01 -6.7129189e+01 -3.3895709e+01 -3.3895709e+01 -3.3694075e+01 -3.3694062e+01 -3.3533733e+01 -3.3533733e+01 -1.6449662e+00 -1.6447760e+00 -1.5022683e+00 -1.5022683e+00 -6.6086402e-01 -6.6086402e-01 +4.7763031e+00 +4.7763834e+00 +4.8797905e+00 +4.8806798e+00 +7.7661291e+00 +7.7671725e+00 +1.1656774e+01 
-6.7130811e+01 -6.7128995e+01 -3.3870679e+01 -3.3870679e+01 -3.3699473e+01 -3.3699462e+01 -3.3558870e+01 -3.3558870e+01 -1.5322475e+00 -1.5319646e+00 -1.4697294e+00 -1.4697294e+00 -7.4878222e-01 -7.4878222e-01 +4.8088948e+00 +4.8091762e+00 +4.8828519e+00 +4.8838329e+00 +7.6529953e+00 +7.6541325e+00 +1.1864605e+01 
-6.7130696e+01 -6.7128829e+01 -3.3845287e+01 -3.3845287e+01 -3.3704129e+01 -3.3704093e+01 -3.3584355e+01 -3.3584355e+01 -1.4331825e+00 -1.4331825e+00 -1.4323234e+00 -1.4319382e+00 -8.3265053e-01 -8.3265053e-01 +4.8357560e+00 +4.8362632e+00 +4.8854464e+00 +4.8865088e+00 +7.5600738e+00 +7.5613235e+00 +1.2070370e+01 
-6.7130608e+01 -6.7128692e+01 -3.3819589e+01 -3.3819589e+01 -3.3707991e+01 -3.3707933e+01 -3.3610129e+01 -3.3610129e+01 -1.3925640e+00 -1.3925640e+00 -1.3472346e+00 -1.3467403e+00 -9.1234117e-01 -9.1234117e-01 +4.8568770e+00 +4.8576154e+00 +4.8875674e+00 +4.8886995e+00 +7.4890552e+00 +7.4904498e+00 +1.2274138e+01 
-6.7130544e+01 -6.7128583e+01 -3.3793646e+01 -3.3793646e+01 -3.3711029e+01 -3.3710951e+01 -3.3636132e+01 -3.3636132e+01 -1.3477892e+00 -1.3477892e+00 -1.2788636e+00 -1.2782604e+00 -9.8775079e-01 -9.8775079e-01 +4.8725300e+00 +4.8734806e+00 +4.8892136e+00 +4.8904019e+00 +7.4401969e+00 +7.4417708e+00 +1.2476274e+01 
-6.7130501e+01 -6.7128505e+01 -3.3767514e+01 -3.3767514e+01 -3.3713218e+01 -3.3713124e+01 -3.3662306e+01 -3.3662306e+01 -1.2987636e+00 -1.2987636e+00 -1.2288129e+00 -1.2281127e+00 -1.0588006e+00 -1.0588006e+00 +4.8831783e+00 +4.8842978e+00 +4.8903862e+00 +4.8916159e+00 +7.4113907e+00 +7.4131571e+00 +1.2677497e+01 
-6.7130477e+01 -6.7128458e+01 -3.3741255e+01 -3.3741255e+01 -3.3714538e+01 -3.3714436e+01 -3.3688591e+01 -3.3688591e+01 -1.2454015e+00 -1.2454015e+00 -1.1982902e+00 -1.1975212e+00 -1.1254371e+00 -1.1254371e+00 +4.8893194e+00 +4.8905462e+00 +4.8910882e+00 +4.8923431e+00 +7.3979150e+00 +7.3998378e+00 +1.2878908e+01 
-6.7130469e+01 -6.7128442e+01 -3.3714980e+01 -3.3714980e+01 -3.3714980e+01 -3.3714874e+01 -3.3714874e+01 -3.3714874e+01 -1.1880339e+00 -1.1880339e+00 -1.1880339e+00 -1.1872398e+00 -1.1872398e+00 -1.1872398e+00 +4.8913218e+00 +4.8913218e+00 +4.8925853e+00 +4.8925853e+00 +7.3942697e+00 +7.3962539e+00 +1.3080347e+01 
