# num high symmetry points
8
# label high symmetry points
G X M G R X M R 
# indices high symmetry points
1 34 67 114 171 218 219 252 
# nk, nb, ns
252 21 1
# k-points (frac coords)
+0.0000000e+00 +0.0000000e+00 +0.0000000e+00 
+0.0000000e+00 +1.5151515e-02 +0.0000000e+00 
+0.0000000e+00 +3.0303030e-02 +0.0000000e+00 
+0.0000000e+00 +4.5454545e-02 +0.0000000e+00 
+0.0000000e+00 +6.0606061e-02 +0.0000000e+00 
+0.0000000e+00 +7.5757576e-02 +0.0000000e+00 
+0.0000000e+00 +9.0909091e-02 +0.0000000e+00 
+0.0000000e+00 +1.0606061e-01 +0.0000000e+00 
+0.0000000e+00 +1.2121212e-01 +0.0000000e+00 
+0.0000000e+00 +1.3636364e-01 +0.0000000e+00 
+0.0000000e+00 +1.5151515e-01 +0.0000000e+00 
+0.0000000e+00 +1.6666667e-01 +0.0000000e+00 
+0.0000000e+00 +1.8181818e-01 +0.0000000e+00 
+0.0000000e+00 +1.9696970e-01 +0.0000000e+00 
+0.0000000e+00 +2.1212121e-01 +0.0000000e+00 
+0.0000000e+00 +2.2727273e-01 +0.0000000e+00 
+0.0000000e+00 +2.4242424e-01 +0.0000000e+00 
+0.0000000e+00 +2.5757576e-01 +0.0000000e+00 
+0.0000000e+00 +2.7272727e-01 +0.0000000e+00 
+0.0000000e+00 +2.8787879e-01 +0.0000000e+00 
+0.0000000e+00 +3.0303030e-01 +0.0000000e+00 
+0.0000000e+00 +3.1818182e-01 +0.0000000e+00 
+0.0000000e+00 +3.3333333e-01 +0.0000000e+00 
+0.0000000e+00 +3.4848485e-01 +0.0000000e+00 
+0.0000000e+00 +3.6363636e-01 +0.0000000e+00 
+0.0000000e+00 +3.7878788e-01 +0.0000000e+00 
+0.0000000e+00 +3.9393939e-01 +0.0000000e+00 
+0.0000000e+00 +4.0909091e-01 +0.0000000e+00 
+0.0000000e+00 +4.2424242e-01 +0.0000000e+00 
+0.0000000e+00 +4.3939394e-01 +0.0000000e+00 
+0.0000000e+00 +4.5454545e-01 +0.0000000e+00 
+0.0000000e+00 +4.6969697e-01 +0.0000000e+00 
+0.0000000e+00 +4.8484848e-01 +0.0000000e+00 
+0.0000000e+00 +5.0000000e-01 +0.0000000e+00 
+1.5151515e-02 +5.0000000e-01 +0.0000000e+00 
+3.0303030e-02 +5.0000000e-01 +0.0000000e+00 
+4.5454545e-02 +5.0000000e-01 +0.0000000e+00 
+6.0606061e-02 +5.0000000e-01 +0.0000000e+00 
+7.5757576e-02 +5.0000000e-01 +0.0000000e+00 
+9.0909091e-02 +5.0000000e-01 +0.0000000e+00 
+1.0606061e-01 +5.0000000e-01 +0.0000000e+00 
+1.2121212e-01 +5.0000000e-01 +0.0000000e+00 
+1.3636364e-01 +5.0000000e-01 +0.0000000e+00 
+1.5151515e-01 +5.0000000e-01 +0.0000000e+00 
+1.6666667e-01 +5.0000000e-01 +0.0000000e+00 
+1.8181818e-01 +5.0000000e-01 +0.0000000e+00 
+1.9696970e-01 +5.0000000e-01 +0.0000000e+00 
+2.1212121e-01 +5.0000000e-01 +0.0000000e+00 
+2.2727273e-01 +5.0000000e-01 +0.0000000e+00 
+2.4242424e-01 +5.0000000e-01 +0.0000000e+00 
+2.5757576e-01 +5.0000000e-01 +0.0000000e+00 
+2.7272727e-01 +5.0000000e-01 +0.0000000e+00 
+2.8787879e-01 +5.0000000e-01 +0.0000000e+00 
+3.0303030e-01 +5.0000000e-01 +0.0000000e+00 
+3.1818182e-01 +5.0000000e-01 +0.0000000e+00 
+3.3333333e-01 +5.0000000e-01 +0.0000000e+00 
+3.4848485e-01 +5.0000000e-01 +0.0000000e+00 
+3.6363636e-01 +5.0000000e-01 +0.0000000e+00 
+3.7878788e-01 +5.0000000e-01 +0.0000000e+00 
+3.9393939e-01 +5.0000000e-01 +0.0000000e+00 
+4.0909091e-01 +5.0000000e-01 +0.0000000e+00 
+4.2424242e-01 +5.0000000e-01 +0.0000000e+00 
+4.3939394e-01 +5.0000000e-01 +0.0000000e+00 
+4.5454545e-01 +5.0000000e-01 +0.0000000e+00 
+4.6969697e-01 +5.0000000e-01 +0.0000000e+00 
+4.8484848e-01 +5.0000000e-01 +0.0000000e+00 
+5.0000000e-01 +5.0000000e-01 +0.0000000e+00 
+4.8936170e-01 +4.8936170e-01 +0.0000000e+00 
+4.7872340e-01 +4.7872340e-01 +0.0000000e+00 
+4.6808511e-01 +4.6808511e-01 +0.0000000e+00 
+4.5744681e-01 +4.5744681e-01 +0.0000000e+00 
+4.4680851e-01 +4.4680851e-01 +0.0000000e+00 
+4.3617021e-01 +4.3617021e-01 +0.0000000e+00 
+4.2553191e-01 +4.2553191e-01 +0.0000000e+00 
+4.1489362e-01 +4.1489362e-01 +0.0000000e+00 
+4.0425532e-01 +4.0425532e-01 +0.0000000e+00 
+3.9361702e-01 +3.9361702e-01 +0.0000000e+00 
+3.8297872e-01 +3.8297872e-01 +0.0000000e+00 
+3.7234043e-01 +3.7234043e-01 +0.0000000e+00 
+3.6170213e-01 +3.6170213e-01 +0.0000000e+00 
+3.5106383e-01 +3.5106383e-01 +0.0000000e+00 
+3.4042553e-01 +3.4042553e-01 +0.0000000e+00 
+3.2978723e-01 +3.2978723e-01 +0.0000000e+00 
+3.1914894e-01 +3.1914894e-01 +0.0000000e+00 
+3.0851064e-01 +3.0851064e-01 +0.0000000e+00 
+2.9787234e-01 +2.9787234e-01 +0.0000000e+00 
+2.8723404e-01 +2.8723404e-01 +0.0000000e+00 
+2.7659574e-01 +2.7659574e-01 +0.0000000e+00 
+2.6595745e-01 +2.6595745e-01 +0.0000000e+00 
+2.5531915e-01 +2.5531915e-01 +0.0000000e+00 
+2.4468085e-01 +2.4468085e-01 +0.0000000e+00 
+2.3404255e-01 +2.3404255e-01 +0.0000000e+00 
+2.2340426e-01 +2.2340426e-01 +0.0000000e+00 
+2.1276596e-01 +2.1276596e-01 +0.0000000e+00 
+2.0212766e-01 +2.0212766e-01 +0.0000000e+00 
+1.9148936e-01 +1.9148936e-01 +0.0000000e+00 
+1.8085106e-01 +1.8085106e-01 +0.0000000e+00 
+1.7021277e-01 +1.7021277e-01 +0.0000000e+00 
+1.5957447e-01 +1.5957447e-01 +0.0000000e+00 
+1.4893617e-01 +1.4893617e-01 +0.0000000e+00 
+1.3829787e-01 +1.3829787e-01 +0.0000000e+00 
+1.2765957e-01 +1.2765957e-01 +0.0000000e+00 
+1.1702128e-01 +1.1702128e-01 +0.0000000e+00 
+1.0638298e-01 +1.0638298e-01 +0.0000000e+00 
+9.5744681e-02 +9.5744681e-02 +0.0000000e+00 
+8.5106383e-02 +8.5106383e-02 +0.0000000e+00 
+7.4468085e-02 +7.4468085e-02 +0.0000000e+00 
+6.3829787e-02 +6.3829787e-02 +0.0000000e+00 
+5.3191489e-02 +5.3191489e-02 +0.0000000e+00 
+4.2553191e-02 +4.2553191e-02 +0.0000000e+00 
+3.1914894e-02 +3.1914894e-02 +0.0000000e+00 
+2.1276596e-02 +2.1276596e-02 +0.0000000e+00 
+1.0638298e-02 +1.0638298e-02 +0.0000000e+00 
+0.0000000e+00 +0.0000000e+00 +0.0000000e+00 
+8.7719298e-03 +8.7719298e-03 +8.7719298e-03 
+1.7543860e-02 +1.7543860e-02 +1.7543860e-02 
+2.6315789e-02 +2.6315789e-02 +2.6315789e-02 
+3.5087719e-02 +3.5087719e-02 +3.5087719e-02 
+4.3859649e-02 +4.3859649e-02 +4.3859649e-02 
+5.2631579e-02 +5.2631579e-02 +5.2631579e-02 
+6.1403509e-02 +6.1403509e-02 +6.1403509e-02 
+7.0175439e-02 +7.0175439e-02 +7.0175439e-02 
+7.8947368e-02 +7.8947368e-02 +7.8947368e-02 
+8.7719298e-02 +8.7719298e-02 +8.7719298e-02 
+9.6491228e-02 +9.6491228e-02 +9.6491228e-02 
+1.0526316e-01 +1.0526316e-01 +1.0526316e-01 
+1.1403509e-01 +1.1403509e-01 +1.1403509e-01 
+1.2280702e-01 +1.2280702e-01 +1.2280702e-01 
+1.3157895e-01 +1.3157895e-01 +1.3157895e-01 
+1.4035088e-01 +1.4035088e-01 +1.4035088e-01 
+1.4912281e-01 +1.4912281e-01 +1.4912281e-01 
+1.5789474e-01 +1.5789474e-01 +1.5789474e-01 
+1.6666667e-01 +1.6666667e-01 +1.6666667e-01 
+1.7543860e-01 +1.7543860e-01 +1.7543860e-01 
+1.8421053e-01 +1.8421053e-01 +1.8421053e-01 
+1.9298246e-01 +1.9298246e-01 +1.9298246e-01 
+2.0175439e-01 +2.0175439e-01 +2.0175439e-01 
+2.1052632e-01 +2.1052632e-01 +2.1052632e-01 
+2.1929825e-01 +2.1929825e-01 +2.1929825e-01 
+2.2807018e-01 +2.2807018e-01 +2.2807018e-01 
+2.3684211e-01 +2.3684211e-01 +2.3684211e-01 
+2.4561404e-01 +2.4561404e-01 +2.4561404e-01 
+2.5438596e-01 +2.5438596e-01 +2.5438596e-01 
+2.6315789e-01 +2.6315789e-01 +2.6315789e-01 
+2.7192982e-01 +2.7192982e-01 +2.7192982e-01 
+2.8070175e-01 +2.8070175e-01 +2.8070175e-01 
+2.8947368e-01 +2.8947368e-01 +2.8947368e-01 
+2.9824561e-01 +2.9824561e-01 +2.9824561e-01 
+3.0701754e-01 +3.0701754e-01 +3.0701754e-01 
+3.1578947e-01 +3.1578947e-01 +3.1578947e-01 
+3.2456140e-01 +3.2456140e-01 +3.2456140e-01 
+3.3333333e-01 +3.3333333e-01 +3.3333333e-01 
+3.4210526e-01 +3.4210526e-01 +3.4210526e-01 
+3.5087719e-01 +3.5087719e-01 +3.5087719e-01 
+3.5964912e-01 +3.5964912e-01 +3.5964912e-01 
+3.6842105e-01 +3.6842105e-01 +3.6842105e-01 
+3.7719298e-01 +3.7719298e-01 +3.7719298e-01 
+3.8596491e-01 +3.8596491e-01 +3.8596491e-01 
+3.9473684e-01 +3.9473684e-01 +3.9473684e-01 
+4.0350877e-01 +4.0350877e-01 +4.0350877e-01 
+4.1228070e-01 +4.1228070e-01 +4.1228070e-01 
+4.2105263e-01 +4.2105263e-01 +4.2105263e-01 
+4.2982456e-01 +4.2982456e-01 +4.2982456e-01 
+4.3859649e-01 +4.3859649e-01 +4.3859649e-01 
+4.4736842e-01 +4.4736842e-01 +4.4736842e-01 
+4.5614035e-01 +4.5614035e-01 +4.5614035e-01 
+4.6491228e-01 +4.6491228e-01 +4.6491228e-01 
+4.7368421e-01 +4.7368421e-01 +4.7368421e-01 
+4.8245614e-01 +4.8245614e-01 +4.8245614e-01 
+4.9122807e-01 +4.9122807e-01 +4.9122807e-01 
+5.0000000e-01 +5.0000000e-01 +5.0000000e-01 
+4.8936170e-01 +5.0000000e-01 +4.8936170e-01 
+4.7872340e-01 +5.0000000e-01 +4.7872340e-01 
+4.6808511e-01 +5.0000000e-01 +4.6808511e-01 
+4.5744681e-01 +5.0000000e-01 +4.5744681e-01 
+4.4680851e-01 +5.0000000e-01 +4.4680851e-01 
+4.3617021e-01 +5.0000000e-01 +4.3617021e-01 
+4.2553191e-01 +5.0000000e-01 +4.2553191e-01 
+4.1489362e-01 +5.0000000e-01 +4.1489362e-01 
+4.0425532e-01 +5.0000000e-01 +4.0425532e-01 
+3.9361702e-01 +5.0000000e-01 +3.9361702e-01 
+3.8297872e-01 +5.0000000e-01 +3.8297872e-01 
+3.7234043e-01 +5.0000000e-01 +3.7234043e-01 
+3.6170213e-01 +5.0000000e-01 +3.6170213e-01 
+3.5106383e-01 +5.0000000e-01 +3.5106383e-01 
+3.4042553e-01 +5.0000000e-01 +3.4042553e-01 
+3.2978723e-01 +5.0000000e-01 +3.2978723e-01 
+3.1914894e-01 +5.0000000e-01 +3.1914894e-01 
+3.0851064e-01 +5.0000000e-01 +3.0851064e-01 
+2.9787234e-01 +5.0000000e-01 +2.9787234e-01 
+2.8723404e-01 +5.0000000e-01 +2.8723404e-01 
+2.7659574e-01 +5.0000000e-01 +2.7659574e-01 
+2.6595745e-01 +5.0000000e-01 +2.6595745e-01 
+2.5531915e-01 +5.0000000e-01 +2.5531915e-01 
+2.4468085e-01 +5.0000000e-01 +2.4468085e-01 
+2.3404255e-01 +5.0000000e-01 +2.3404255e-01 
+2.2340426e-01 +5.0000000e-01 +2.2340426e-01 
+2.1276596e-01 +5.0000000e-01 +2.1276596e-01 
+2.0212766e-01 +5.0000000e-01 +2.0212766e-01 
+1.9148936e-01 +5.0000000e-01 +1.9148936e-01 
+1.8085106e-01 +5.0000000e-01 +1.8085106e-01 
+1.7021277e-01 +5.0000000e-01 +1.7021277e-01 
+1.5957447e-01 +5.0000000e-01 +1.5957447e-01 
+1.4893617e-01 +5.0000000e-01 +1.4893617e-01 
+1.3829787e-01 +5.0000000e-01 +1.3829787e-01 
+1.2765957e-01 +5.0000000e-01 +1.2765957e-01 
+1.1702128e-01 +5.0000000e-01 +1.1702128e-01 
+1.0638298e-01 +5.0000000e-01 +1.0638298e-01 
+9.5744681e-02 +5.0000000e-01 +9.5744681e-02 
+8.5106383e-02 +5.0000000e-01 +8.5106383e-02 
+7.4468085e-02 +5.0000000e-01 +7.4468085e-02 
+6.3829787e-02 +5.0000000e-01 +6.3829787e-02 
+5.3191489e-02 +5.0000000e-01 +5.3191489e-02 
+4.2553191e-02 +5.0000000e-01 +4.2553191e-02 
+3.1914894e-02 +5.0000000e-01 +3.1914894e-02 
+2.1276596e-02 +5.0000000e-01 +2.1276596e-02 
+1.0638298e-02 +5.0000000e-01 +1.0638298e-02 
+0.0000000e+00 +5.0000000e-01 +0.0000000e+00 
+5.0000000e-01 +5.0000000e-01 +0.0000000e+00 
+5.0000000e-01 +5.0000000e-01 +1.5151515e-02 
+5.0000000e-01 +5.0000000e-01 +3.0303030e-02 
+5.0000000e-01 +5.0000000e-01 +4.5454545e-02 
+5.0000000e-01 +5.0000000e-01 +6.0606061e-02 
+5.0000000e-01 +5.0000000e-01 +7.5757576e-02 
+5.0000000e-01 +5.0000000e-01 +9.0909091e-02 
+5.0000000e-01 +5.0000000e-01 +1.0606061e-01 
+5.0000000e-01 +5.0000000e-01 +1.2121212e-01 
+5.0000000e-01 +5.0000000e-01 +1.3636364e-01 
+5.0000000e-01 +5.0000000e-01 +1.5151515e-01 
+5.0000000e-01 +5.0000000e-01 +1.6666667e-01 
+5.0000000e-01 +5.0000000e-01 +1.8181818e-01 
+5.0000000e-01 +5.0000000e-01 +1.9696970e-01 
+5.0000000e-01 +5.0000000e-01 +2.1212121e-01 
+5.0000000e-01 +5.0000000e-01 +2.2727273e-01 
+5.0000000e-01 +5.0000000e-01 +2.4242424e-01 
+5.0000000e-01 +5.0000000e-01 +2.5757576e-01 
+5.0000000e-01 +5.0000000e-01 +2.7272727e-01 
+5.0000000e-01 +5.0000000e-01 +2.8787879e-01 
+5.0000000e-01 +5.0000000e-01 +3.0303030e-01 
+5.0000000e-01 +5.0000000e-01 +3.1818182e-01 
+5.0000000e-01 +5.0000000e-01 +3.3333333e-01 
+5.0000000e-01 +5.0000000e-01 +3.4848485e-01 
+5.0000000e-01 +5.0000000e-01 +3.6363636e-01 
+5.0000000e-01 +5.0000000e-01 +3.7878788e-01 
+5.0000000e-01 +5.0000000e-01 +3.9393939e-01 
+5.0000000e-01 +5.0000000e-01 +4.0909091e-01 
+5.0000000e-01 +5.0000000e-01 +4.2424242e-01 
+5.0000000e-01 +5.0000000e-01 +4.3939394e-01 
+5.0000000e-01 +5.0000000e-01 +4.5454545e-01 
+5.0000000e-01 +5.0000000e-01 +4.6969697e-01 
+5.0000000e-01 +5.0000000e-01 +4.8484848e-01 
+5.0000000e-01 +5.0000000e-01 +5.0000000e-01 
# energies (kpt,band,spin)
# spin = 1
-5.4367948e+01 -5.3973847e+01 -3.0634881e+01 -3.0634881e+01 -3.0634881e+01 -2.9747552e+01 -2.9747552e+01 -2.9747552e+01 -5.6581948e+00 -3.7136435e+00 -3.7136435e+00 +2.6736663e-01 +2.6736663e-01 +2.6736664e-01 +3.1517581e+00 +3.1517581e+00 +5.4114268e+00 +5.4114268e+00 +5.4114268e+00 +9.6729380e+00 +9.6729380e+00 
-5.4367691e+01 -5.3974034e+01 -3.0634944e+01 -3.0634377e+01 -3.0634377e+01 -2.9748620e+01 -2.9748054e+01 -2.9748054e+01 -5.6859142e+00 -3.7111727e+00 -3.7095289e+00 +2.6778850e-01 +2.6778850e-01 +2.6962421e-01 +3.1463942e+00 +3.1540861e+00 +5.3947870e+00 +5.3947870e+00 +5.4078993e+00 +9.6606614e+00 +9.6928013e+00 
-5.4366919e+01 -5.3974596e+01 -3.0635129e+01 -3.0632862e+01 -3.0632862e+01 -2.9751868e+01 -2.9749548e+01 -2.9749548e+01 -5.7362185e+00 -3.7037585e+00 -3.6971893e+00 +2.6873387e-01 +2.6873387e-01 +2.7639353e-01 +3.1299444e+00 +3.1611822e+00 +5.3457808e+00 +5.3457808e+00 +5.3972794e+00 +9.6243673e+00 +9.7515195e+00 
-5.4365636e+01 -5.3975531e+01 -3.0635427e+01 -3.0630339e+01 -3.0630339e+01 -2.9757341e+01 -2.9752011e+01 -2.9752011e+01 -5.7689798e+00 -3.6913952e+00 -3.6766573e+00 +2.6950461e-01 +2.6950461e-01 +2.8766446e-01 +3.1015563e+00 +3.1731427e+00 +5.2669437e+00 +5.2669437e+00 +5.3794650e+00 +9.5655150e+00 +9.8466834e+00 
-5.4363845e+01 -5.3976842e+01 -3.0635817e+01 -3.0626809e+01 -3.0626809e+01 -2.9765023e+01 -2.9755425e+01 -2.9755425e+01 -5.7750282e+00 -3.6740736e+00 -3.6480842e+00 +2.6949265e-01 +2.6949265e-01 +3.0342029e-01 +3.0603556e+00 +3.1899155e+00 +5.1619238e+00 +5.1619238e+00 +5.3543178e+00 +9.4857992e+00 +9.9748649e+00 
-5.4361553e+01 -5.3978532e+01 -3.0636271e+01 -3.0622274e+01 -3.0622274e+01 -2.9774857e+01 -2.9759781e+01 -2.9759781e+01 -5.7583002e+00 -3.6517814e+00 -3.6119268e+00 +2.6841699e-01 +2.6841699e-01 +3.2363807e-01 +3.0058247e+00 +3.2113776e+00 +5.0348877e+00 +5.0348878e+00 +5.3217016e+00 +9.3855204e+00 +1.0132221e+01 
-5.4358766e+01 -5.3980604e+01 -3.0636752e+01 -3.0616740e+01 -3.0616740e+01 -2.9786766e+01 -2.9765071e+01 -2.9765070e+01 -5.7237123e+00 -3.6245036e+00 -3.5690411e+00 +2.6629976e-01 +2.6629976e-01 +3.4828901e-01 +2.9379325e+00 +3.2373737e+00 +4.8900317e+00 +4.8900317e+00 +5.2815210e+00 +9.2618547e+00 +1.0314991e+01 
-5.4355494e+01 -5.3983047e+01 -3.0637218e+01 -3.0610216e+01 -3.0610216e+01 -2.9800663e+01 -2.9771286e+01 -2.9771286e+01 -5.6747654e+00 -3.5922236e+00 -3.5202191e+00 +2.6335361e-01 +2.6335361e-01 +3.7733914e-01 +2.8570789e+00 +3.2677177e+00 +4.7312740e+00 +4.7312740e+00 +5.2337517e+00 +9.1105159e+00 +1.0519806e+01 
-5.4351746e+01 -5.3985843e+01 -3.0637624e+01 -3.0602712e+01 -3.0602712e+01 -2.9816454e+01 -2.9778417e+01 -2.9778417e+01 -5.6137543e+00 -3.5549238e+00 -3.4655955e+00 +2.5988808e-01 +2.5988808e-01 +4.1074995e-01 +2.7639702e+00 +3.3021886e+00 +4.5621117e+00 +4.5621117e+00 +5.1784593e+00 +8.9312881e+00 +1.0743825e+01 
-5.4347534e+01 -5.3988988e+01 -3.0637922e+01 -3.0594242e+01 -3.0594242e+01 -2.9834032e+01 -2.9786451e+01 -2.9786451e+01 -5.5422279e+00 -3.5125868e+00 -3.4049824e+00 +2.5625534e-01 +2.5625535e-01 +4.4847924e-01 +2.6595007e+00 +3.3405264e+00 +4.3855838e+00 +4.3855838e+00 +5.1158052e+00 +8.7297199e+00 +1.0984742e+01 
-5.4342872e+01 -5.3992483e+01 -3.0638053e+01 -3.0584824e+01 -3.0584824e+01 -2.9853283e+01 -2.9795374e+01 -2.9795374e+01 -5.4613088e+00 -3.4651966e+00 -3.3384750e+00 +2.5282370e-01 +2.5282370e-01 +4.9048197e-01 +2.5446655e+00 +3.3824276e+00 +4.2042896e+00 +4.2042896e+00 +5.0460427e+00 +8.5129881e+00 +1.1240731e+01 
-5.4337774e+01 -5.3996329e+01 -3.0637953e+01 -3.0574477e+01 -3.0574477e+01 -2.9874084e+01 -2.9805169e+01 -2.9805169e+01 -5.3718774e+00 -3.4127399e+00 -3.2665384e+00 +2.4996562e-01 +2.4996562e-01 +5.3671100e-01 +2.4205035e+00 +3.4275417e+00 +4.0204254e+00 +4.0204254e+00 +4.9695050e+00 +8.2866774e+00 +1.1510347e+01 
-5.4332257e+01 -5.4000526e+01 -3.0637556e+01 -3.0563226e+01 -3.0563226e+01 -2.9896301e+01 -2.9815817e+01 -2.9815817e+01 -5.2746704e+00 -3.3552073e+00 -3.1898678e+00 +2.4805207e-01 +2.4805208e-01 +5.8711771e-01 +2.2880612e+00 +3.4754714e+00 +3.8358232e+00 +3.8358232e+00 +4.8865901e+00 +8.0545481e+00 +1.1792422e+01 
-5.4326336e+01 -5.4005069e+01 -3.0636791e+01 -3.0551098e+01 -3.0551098e+01 -2.9919797e+01 -2.9827296e+01 -2.9827296e+01 -5.1703286e+00 -3.2925946e+00 -3.1092976e+00 +2.4744926e-01 +2.4744926e-01 +6.4165237e-01 +2.1483714e+00 +3.5257790e+00 +3.6519862e+00 +3.6519862e+00 +4.7977449e+00 +7.8192832e+00 +1.2085967e+01 
-5.4320029e+01 -5.4009952e+01 -3.0635584e+01 -3.0538124e+01 -3.0538124e+01 -2.9944428e+01 -2.9839585e+01 -2.9839585e+01 -5.0594146e+00 -3.2249036e+00 -3.0257736e+00 +2.4851579e-01 +2.4851580e-01 +7.0026415e-01 +2.0024400e+00 +3.4701219e+00 +3.4701219e+00 +3.5779992e+00 +4.7034490e+00 +7.5830477e+00 +1.2390093e+01 
-5.4313355e+01 -5.4015171e+01 -3.0633862e+01 -3.0524336e+01 -3.0524336e+01 -2.9970046e+01 -2.9852659e+01 -2.9852659e+01 -4.9424209e+00 -3.1521426e+00 -2.9403517e+00 +2.5159970e-01 +2.5159971e-01 +7.6290075e-01 +1.8512381e+00 +3.2911767e+00 +3.2911767e+00 +3.6316608e+00 +4.6042018e+00 +7.3477518e+00 +1.2703954e+01 
-5.4306332e+01 -5.4020718e+01 -3.0631551e+01 -3.0509771e+01 -3.0509771e+01 -2.9996505e+01 -2.9866491e+01 -2.9866491e+01 -4.8197795e+00 -3.0743265e+00 -2.8542026e+00 +2.5703497e-01 +2.5703498e-01 +8.2950772e-01 +1.6956973e+00 +3.1158729e+00 +3.1158729e+00 +3.6863129e+00 +4.5005104e+00 +7.1151495e+00 +1.3026725e+01 
-5.4298980e+01 -5.4026586e+01 -3.0628575e+01 -3.0494468e+01 -3.0494468e+01 -3.0023656e+01 -2.9881053e+01 -2.9881052e+01 -4.6918884e+00 -2.9914767e+00 -2.7686137e+00 +2.6513736e-01 +2.6513736e-01 +9.0002729e-01 +1.5367076e+00 +2.9447483e+00 +2.9447483e+00 +3.7415501e+00 +4.3928808e+00 +6.8868664e+00 +1.3357594e+01 
-5.4291318e+01 -5.4032767e+01 -3.0624863e+01 -3.0478465e+01 -3.0478465e+01 -3.0051357e+01 -2.9896314e+01 -2.9896314e+01 -4.5591551e+00 -2.9036198e+00 -2.6849834e+00 +2.7619969e-01 +2.7619969e-01 +9.7439703e-01 +1.3751153e+00 +2.7781967e+00 +2.7781967e+00 +3.7970265e+00 +4.2818108e+00 +6.6644035e+00 +1.3695781e+01 
-5.4283369e+01 -5.4039252e+01 -3.0620344e+01 -3.0461805e+01 -3.0461805e+01 -3.0079464e+01 -2.9912244e+01 -2.9912244e+01 -4.4220505e+00 -2.8107864e+00 -2.6048064e+00 +2.9048690e-01 +2.9048690e-01 +1.0525482e+00 +1.2117222e+00 +2.6165045e+00 +2.6165045e+00 +3.8524538e+00 +4.1677844e+00 +6.4491320e+00 +1.4040548e+01 
-5.4275153e+01 -5.4046032e+01 -3.0614950e+01 -3.0444529e+01 -3.0444529e+01 -3.0107840e+01 -2.9928808e+01 -2.9928808e+01 -4.2811562e+00 -2.7130094e+00 -2.5296468e+00 +3.0823167e-01 +3.0823167e-01 +1.0472819e+00 +1.1344037e+00 +2.4598830e+00 +2.4598830e+00 +3.9075858e+00 +4.0512680e+00 +6.2422861e+00 +1.4391221e+01 
-5.4266694e+01 -5.4053095e+01 -3.0608618e+01 -3.0426680e+01 -3.0426680e+01 -3.0136350e+01 -2.9945972e+01 -2.9945972e+01 -4.1371900e+00 -2.6103228e+00 -2.4610977e+00 +3.2963228e-01 +3.2963228e-01 +8.8249494e-01 +1.2198766e+00 +2.3084923e+00 +2.3084923e+00 +3.9327071e+00 +3.9621993e+00 +6.0449550e+00 +1.4747201e+01 
-5.4258015e+01 -5.4060432e+01 -3.0601289e+01 -3.0408300e+01 -3.0408300e+01 -3.0164859e+01 -2.9963699e+01 -2.9963699e+01 -3.9910069e+00 -2.5027596e+00 -2.4007297e+00 +3.5485478e-01 +3.5485479e-01 +7.1799658e-01 +1.3088674e+00 +2.1624588e+00 +2.1624588e+00 +3.8125241e+00 +4.0160835e+00 +5.8580749e+00 +1.5107962e+01 
-5.4249143e+01 -5.4068030e+01 -3.0592912e+01 -3.0389434e+01 -3.0389434e+01 -3.0193237e+01 -2.9981951e+01 -2.9981951e+01 -3.8435805e+00 -2.3903522e+00 -2.3500308e+00 +3.8404134e-01 +3.8404134e-01 +5.5433781e-01 +1.4012624e+00 +2.0218860e+00 +2.0218860e+00 +3.6911159e+00 +4.0690438e+00 +5.6824220e+00 +1.5473053e+01 
-5.4240100e+01 -5.4075877e+01 -3.0583441e+01 -3.0370125e+01 -3.0370125e+01 -3.0221358e+01 -3.0000689e+01 -3.0000689e+01 -3.6959778e+00 -2.3103459e+00 -2.2731329e+00 +3.9195485e-01 +4.1732447e-01 +4.1732448e-01 +1.4969321e+00 +1.8868607e+00 +1.8868607e+00 +3.5688519e+00 +4.1209242e+00 +5.5186061e+00 +1.5842078e+01 
-5.4230914e+01 -5.4083959e+01 -3.0572836e+01 -3.0350420e+01 -3.0350420e+01 -3.0249101e+01 -3.0019873e+01 -3.0019873e+01 -3.5493358e+00 -2.2828244e+00 -2.1511379e+00 +2.3112847e-01 +4.5484380e-01 +4.5484380e-01 +1.5957291e+00 +1.7574557e+00 +1.7574557e+00 +3.4460721e+00 +4.1716403e+00 +5.3670631e+00 +1.6214690e+01 
-5.4221608e+01 -5.4092263e+01 -3.0561069e+01 -3.0330363e+01 -3.0330363e+01 -3.0276350e+01 -3.0039460e+01 -3.0039460e+01 -3.4048441e+00 -2.2683833e+00 -2.0244141e+00 +7.1939845e-02 +4.9675888e-01 +4.9675889e-01 +1.6337308e+00 +1.6337308e+00 +1.6974880e+00 +3.3230857e+00 +4.2212192e+00 +5.2280429e+00 +1.6590560e+01 
-5.4212209e+01 -5.4100774e+01 -3.0548116e+01 -3.0310002e+01 -3.0310002e+01 -3.0302996e+01 -3.0059408e+01 -3.0059408e+01 -3.2637328e+00 -2.2676902e+00 -1.8930318e+00 -8.5758699e-02 +5.4325259e-01 +5.4325259e-01 +1.5157327e+00 +1.5157328e+00 +1.8020257e+00 +3.2001697e+00 +4.2698403e+00 +5.1015894e+00 +1.6969353e+01 
-5.4202740e+01 -5.4109476e+01 -3.0533961e+01 -3.0328939e+01 -3.0289384e+01 -3.0289384e+01 -3.0079671e+01 -3.0079671e+01 -3.1272635e+00 -2.2811624e+00 -1.7571039e+00 -2.4232787e-01 +5.9452355e-01 +5.9452355e-01 +1.4034951e+00 +1.4034951e+00 +1.9091436e+00 +3.0775689e+00 +4.3178711e+00 +4.9875135e+00 +1.7350697e+01 
-5.4193227e+01 -5.4118351e+01 -3.0518598e+01 -3.0354086e+01 -3.0268557e+01 -3.0268557e+01 -3.0100206e+01 -3.0100206e+01 -2.9967178e+00 -2.3089746e+00 -1.6168137e+00 -3.9825056e-01 +6.5077195e-01 +6.5077195e-01 +1.2970377e+00 +1.2970377e+00 +2.0186316e+00 +2.9554979e+00 +4.3658954e+00 +4.8853635e+00 +1.7734141e+01 
-5.4183694e+01 -5.4127382e+01 -3.0502028e+01 -3.0378354e+01 -3.0247568e+01 -3.0247568e+01 -3.0120965e+01 -3.0120965e+01 -2.8733834e+00 -2.3510679e+00 -1.4724499e+00 -5.5396442e-01 +7.1218477e-01 +7.1218478e-01 +1.1963665e+00 +1.1963665e+00 +2.1302739e+00 +2.8341451e+00 +4.4147279e+00 +4.7944076e+00 +1.8119119e+01 
-5.4174165e+01 -5.4136549e+01 -3.0484260e+01 -3.0401668e+01 -3.0226467e+01 -3.0226467e+01 -3.0141901e+01 -3.0141901e+01 -2.7585325e+00 -2.4071573e+00 -1.3244430e+00 -7.0966879e-01 +7.7892550e-01 +7.7892550e-01 +1.1014728e+00 +1.1014728e+00 +2.2438558e+00 +2.7136793e+00 +4.4654123e+00 +4.7136385e+00 +1.8504906e+01 
-5.4164664e+01 -5.4145832e+01 -3.0465315e+01 -3.0423959e+01 -3.0205303e+01 -3.0205303e+01 -3.0162965e+01 -3.0162965e+01 -2.6533951e+00 -2.4767401e+00 -1.1733907e+00 -8.6519510e-01 +8.5112947e-01 +8.5112948e-01 +1.0123326e+00 +1.0123326e+00 +2.3591699e+00 +2.5942594e+00 +4.5191977e+00 +4.6418098e+00 +1.8890599e+01 
-5.4155385e+01 -5.4155038e+01 -3.0445914e+01 -3.0444479e+01 -3.0184530e+01 -3.0184530e+01 -3.0183705e+01 -3.0183705e+01 -2.5598893e+00 -2.5583441e+00 -1.0215663e+00 -1.0184900e+00 +9.2867784e-01 +9.2867785e-01 +9.2913151e-01 +9.2913152e-01 +2.4749610e+00 +2.4771041e+00 +4.5769950e+00 +4.5780002e+00 +1.9274165e+01 
-5.4155341e+01 -5.4154995e+01 -3.0449403e+01 -3.0447976e+01 -3.0184472e+01 -3.0183645e+01 -3.0181436e+01 -3.0180610e+01 -2.5597244e+00 -2.5581747e+00 -1.0251775e+00 -1.0221411e+00 +9.1003816e-01 +9.1044718e-01 +9.3862089e-01 +9.3901382e-01 +2.4963074e+00 +2.4983343e+00 +4.5780696e+00 +4.5790842e+00 +1.9115143e+01 
-5.4155210e+01 -5.4154866e+01 -3.0459391e+01 -3.0457985e+01 -3.0184298e+01 -3.0183467e+01 -3.0172633e+01 -3.0171802e+01 -2.5594765e+00 -2.5579137e+00 -1.0351150e+00 -1.0321944e+00 +8.5701653e-01 +8.5731552e-01 +9.6778791e-01 +9.6800799e-01 +2.5572767e+00 +2.5589919e+00 +4.5812831e+00 +4.5823261e+00 +1.8812404e+01 
-5.4154994e+01 -5.4154651e+01 -3.0474715e+01 -3.0473340e+01 -3.0184008e+01 -3.0183170e+01 -3.0159268e+01 -3.0158436e+01 -2.5598727e+00 -2.5582905e+00 -1.0488892e+00 -1.0461491e+00 +7.7656050e-01 +7.7673190e-01 +1.0143342e+00 +1.0143732e+00 +2.6504827e+00 +2.6517720e+00 +4.5866019e+00 +4.5876935e+00 +1.8481707e+01 
-5.4154695e+01 -5.4154354e+01 -3.0494058e+01 -3.0492717e+01 -3.0183604e+01 -3.0182758e+01 -3.0142644e+01 -3.0141815e+01 -2.5620737e+00 -2.5604681e+00 -1.0629212e+00 -1.0604106e+00 +6.7642485e-01 +6.7648684e-01 +1.0755231e+00 +1.0758709e+00 +2.7676299e+00 +2.7684584e+00 +4.5939622e+00 +4.5951235e+00 +1.8145425e+01 
-5.4154314e+01 -5.4153976e+01 -3.0516278e+01 -3.0514974e+01 -3.0183086e+01 -3.0182233e+01 -3.0123871e+01 -3.0123053e+01 -2.5675714e+00 -2.5659415e+00 -1.0731532e+00 -1.0709042e+00 +5.6313228e-01 +5.6314810e-01 +1.1488986e+00 +1.1495663e+00 +2.9016781e+00 +2.9020666e+00 +4.6032582e+00 +4.6045115e+00 +1.7809521e+01 
-5.4153857e+01 -5.4153521e+01 -3.0540508e+01 -3.0539242e+01 -3.0182458e+01 -3.0181599e+01 -3.0103787e+01 -3.0102986e+01 -2.5780111e+00 -2.5763582e+00 -1.0755951e+00 -1.0736262e+00 +4.4153150e-01 +4.4159465e-01 +1.2319270e+00 +1.2328935e+00 +3.0473705e+00 +3.0473714e+00 +4.6143299e+00 +4.6156984e+00 +1.7476565e+01 
-5.4153327e+01 -5.4152992e+01 -3.0566110e+01 -3.0564884e+01 -3.0181725e+01 -3.0180861e+01 -3.0082987e+01 -3.0082208e+01 -2.5949392e+00 -2.5932669e+00 -1.0667443e+00 -1.0650652e+00 +3.1514253e-01 +3.1522913e-01 +1.3223783e+00 +1.3236013e+00 +3.2006487e+00 +3.2009679e+00 +4.6269525e+00 +4.6284599e+00 +1.7148360e+01 
-5.4152729e+01 -5.4152394e+01 -3.0592616e+01 -3.0591433e+01 -3.0180893e+01 -3.0180027e+01 -3.0061892e+01 -3.0061140e+01 -2.6195260e+00 -2.6178387e+00 -1.0438767e+00 -1.0424941e+00 +1.8642660e-01 +1.8651997e-01 +1.4183442e+00 +1.4197727e+00 +3.3592490e+00 +3.3598178e+00 +4.6408291e+00 +4.6424990e+00 +1.6826406e+01 
-5.4152068e+01 -5.4151732e+01 -3.0619677e+01 -3.0618537e+01 -3.0179970e+01 -3.0179103e+01 -3.0040802e+01 -3.0040081e+01 -2.6523489e+00 -2.6506516e+00 -1.0052094e+00 -1.0041304e+00 +5.7174145e-02 +5.7263516e-02 +1.5181919e+00 +1.5197759e+00 +3.5212386e+00 +3.5219895e+00 +4.6555833e+00 +4.6574386e+00 +1.6511634e+01 
-5.4151351e+01 -5.4151012e+01 -3.0647016e+01 -3.0645922e+01 -3.0178965e+01 -3.0178098e+01 -3.0019935e+01 -3.0019248e+01 -2.6933190e+00 -2.6916176e+00 -9.4991649e-01 -9.4915061e-01 -7.1274490e-02 -7.1195334e-02 +1.6205092e+00 +1.6222049e+00 +3.6851457e+00 +3.6860179e+00 +4.6707449e+00 +4.6728060e+00 +1.6203863e+01 
-5.4150585e+01 -5.4150239e+01 -3.0674412e+01 -3.0673366e+01 -3.0177886e+01 -3.0177021e+01 -2.9999451e+01 -2.9998802e+01 -2.7417669e+00 -2.7400716e+00 -8.7801245e-01 -8.7757091e-01 -1.9788715e-01 -1.9782105e-01 +1.7240647e+00 +1.7258369e+00 +3.8497934e+00 +3.8507341e+00 +4.6857207e+00 +4.6880010e+00 +1.5901229e+01 
-5.4149776e+01 -5.4149422e+01 -3.0701677e+01 -3.0700682e+01 -3.0176745e+01 -3.0175882e+01 -2.9979473e+01 -2.9978866e+01 -2.7966329e+00 -2.7949625e+00 -7.9016244e-01 -7.9005550e-01 -3.2184918e-01 -3.2179639e-01 +1.8277878e+00 +1.8296089e+00 +4.0141942e+00 +4.0151588e+00 +4.6997430e+00 +4.7022414e+00 +1.5599811e+01 
-5.4148932e+01 -5.4148569e+01 -3.0728648e+01 -3.0727707e+01 -3.0175551e+01 -3.0174691e+01 -2.9960097e+01 -2.9959536e+01 -2.8566682e+00 -2.8550573e+00 -6.8772748e-01 -6.8749649e-01 -4.4250437e-01 -4.4246313e-01 +1.9307668e+00 +1.9326138e+00 +4.1774821e+00 +4.1784341e+00 +4.7118040e+00 +4.7144937e+00 +1.5293965e+01 
-5.4148062e+01 -5.4147691e+01 -3.0755178e+01 -3.0754297e+01 -3.0174317e+01 -3.0173460e+01 -2.9941400e+01 -2.9940887e+01 -2.9205795e+00 -2.9190820e+00 -5.7201601e-01 -5.7145914e-01 -5.5931524e-01 -5.5928229e-01 +2.0322548e+00 +2.0341054e+00 +4.3388713e+00 +4.3397809e+00 +4.7206187e+00 +4.7234352e+00 +1.4978063e+01 
-5.4147174e+01 -5.4146799e+01 -3.0781136e+01 -3.0780322e+01 -3.0173053e+01 -3.0172199e+01 -2.9923441e+01 -2.9922980e+01 -2.9870872e+00 -2.9857719e+00 -6.7183567e-01 -6.7180669e-01 -4.4450640e-01 -4.4365804e-01 +2.1316678e+00 +2.1334969e+00 +4.4976289e+00 +4.4984727e+00 +4.7247025e+00 +4.7275399e+00 +1.4649930e+01 
-5.4146276e+01 -5.4145904e+01 -3.0806401e+01 -3.0805660e+01 -3.0171771e+01 -3.0170921e+01 -2.9906269e+01 -2.9905859e+01 -3.0549321e+00 -3.0538650e+00 -7.7969129e-01 -7.7966149e-01 -3.0674236e-01 -3.0565773e-01 +2.2285482e+00 +2.2303281e+00 +4.6530577e+00 +4.6538180e+00 +4.7226266e+00 +4.7253535e+00 +1.4314334e+01 
-5.4145376e+01 -5.4145010e+01 -3.0830858e+01 -3.0830195e+01 -3.0170482e+01 -3.0169636e+01 -2.9889921e+01 -2.9889558e+01 -3.1229013e+00 -3.1221232e+00 -8.8256537e-01 -8.8253008e-01 -1.6002059e-01 -1.5876318e-01 +2.3224906e+00 +2.3241956e+00 +4.7133415e+00 +4.7158360e+00 +4.8044851e+00 +4.8051492e+00 +1.3982976e+01 
-5.4144481e+01 -5.4144121e+01 -3.0854402e+01 -3.0853818e+01 -3.0169199e+01 -3.0168356e+01 -2.9874426e+01 -2.9874104e+01 -3.1899052e+00 -3.1894206e+00 -9.8018829e-01 -9.8014368e-01 -5.3181600e-03 -3.9444160e-03 +2.4130758e+00 +2.4146879e+00 +4.6963063e+00 +4.6984932e+00 +4.9512552e+00 +4.9518154e+00 +1.3669605e+01 
-5.4143600e+01 -5.4143240e+01 -3.0876929e+01 -3.0876423e+01 -3.0167933e+01 -3.0167093e+01 -2.9859810e+01 -2.9859524e+01 -3.2550519e+00 -3.2548363e+00 -1.0723298e+00 -1.0722735e+00 +1.5659113e-01 +1.5803794e-01 +2.4998570e+00 +2.5013692e+00 +4.6713261e+00 +4.6731952e+00 +5.0927219e+00 +5.0931754e+00 +1.3384078e+01 
-5.4142742e+01 -5.4142374e+01 -3.0898343e+01 -3.0897910e+01 -3.0166696e+01 -3.0165859e+01 -2.9846102e+01 -2.9845848e+01 -3.3176716e+00 -3.3176559e+00 -1.1587931e+00 -1.1587248e+00 +3.2494922e-01 +3.2643421e-01 +2.5823917e+00 +2.5838071e+00 +4.6383052e+00 +4.6399062e+00 +5.2282442e+00 +5.2285930e+00 +1.3130001e+01 
-5.4141915e+01 -5.4141534e+01 -3.0918552e+01 -3.0918185e+01 -3.0165498e+01 -3.0164664e+01 -2.9833330e+01 -2.9833106e+01 -3.3774008e+00 -3.3771916e+00 -1.2394100e+00 -1.2393315e+00 +4.9887729e-01 +5.0036673e-01 +2.6602742e+00 +2.6616028e+00 +4.5971308e+00 +4.5985534e+00 +5.3571809e+00 +5.3574317e+00 +1.2906195e+01 
-5.4141126e+01 -5.4140734e+01 -3.0937471e+01 -3.0937163e+01 -3.0164351e+01 -3.0163520e+01 -2.9821522e+01 -2.9821327e+01 -3.4336100e+00 -3.4332407e+00 -1.3140372e+00 -1.3139521e+00 +6.7730393e-01 +6.7876301e-01 +2.7331463e+00 +2.7344026e+00 +4.5476896e+00 +4.5490389e+00 +5.4788881e+00 +5.4790523e+00 +1.2709348e+01 
-5.4140382e+01 -5.4139984e+01 -3.0955018e+01 -3.0954762e+01 -3.0163265e+01 -3.0162436e+01 -2.9810699e+01 -2.9810534e+01 -3.4859554e+00 -3.4854549e+00 -1.3825516e+00 -1.3824650e+00 +8.5892746e-01 +8.6032317e-01 +2.8006916e+00 +2.8018919e+00 +4.4899360e+00 +4.4913094e+00 +5.5927206e+00 +5.5928125e+00 +1.2535984e+01 
-5.4139688e+01 -5.4139289e+01 -3.0971120e+01 -3.0970911e+01 -3.0162250e+01 -3.0161422e+01 -2.9800879e+01 -2.9800742e+01 -3.5341419e+00 -3.5335356e+00 -1.4448478e+00 -1.4447649e+00 +1.0421932e+00 +1.0434977e+00 +2.8626214e+00 +2.8637823e+00 +4.4239784e+00 +4.4254524e+00 +5.6980367e+00 +5.6980731e+00 +1.2383342e+01 
-5.4139048e+01 -5.4138653e+01 -3.0985710e+01 -3.0985543e+01 -3.0161315e+01 -3.0160489e+01 -2.9792069e+01 -2.9791959e+01 -3.5779126e+00 -3.5772226e+00 -1.5008335e+00 -1.5007590e+00 +1.2252626e+00 +1.2264535e+00 +2.9186602e+00 +2.9197977e+00 +4.3502030e+00 +4.3518301e+00 +5.7942072e+00 +5.7942092e+00 +1.2249509e+01 
-5.4138469e+01 -5.4138079e+01 -3.0998728e+01 -3.0998599e+01 -3.0160469e+01 -3.0159643e+01 -2.9784278e+01 -2.9784192e+01 -3.6170433e+00 -3.6162884e+00 -1.5504280e+00 -1.5503651e+00 +1.4059401e+00 +1.4069991e+00 +2.9685344e+00 +2.9696627e+00 +4.2694426e+00 +4.2712562e+00 +5.8806137e+00 +5.8806384e+00 +1.2133243e+01 
-5.4137955e+01 -5.4137572e+01 -3.1010121e+01 -3.1010025e+01 -3.0159720e+01 -3.0158894e+01 -2.9777510e+01 -2.9777447e+01 -3.6513397e+00 -3.6505352e+00 -1.5935596e+00 -1.5935100e+00 +1.5815270e+00 +1.5824373e+00 +3.0119656e+00 +3.0130967e+00 +4.1831948e+00 +4.1852161e+00 +5.9567315e+00 +5.9567656e+00 +1.2033728e+01 
-5.4137511e+01 -5.4137134e+01 -3.1019842e+01 -3.1019774e+01 -3.0159073e+01 -3.0158248e+01 -2.9771774e+01 -2.9771729e+01 -3.6806357e+00 -3.6797938e+00 -1.6301658e+00 -1.6301296e+00 +1.7485750e+00 +1.7493197e+00 +3.0486724e+00 +3.0498162e+00 +4.0939038e+00 +4.0961473e+00 +6.0220521e+00 +6.0220857e+00 +1.1950399e+01 
-5.4137142e+01 -5.4136771e+01 -3.1027850e+01 -3.1027807e+01 -3.0158536e+01 -3.0157710e+01 -2.9767072e+01 -2.9767043e+01 -3.7047922e+00 -3.7039228e+00 -1.6601922e+00 -1.6601683e+00 +1.9025162e+00 +1.9030798e+00 +3.0783899e+00 +3.0795533e+00 +4.0053246e+00 +4.0078003e+00 +6.0761299e+00 +6.0761569e+00 +1.1882825e+01 
-5.4136851e+01 -5.4136484e+01 -3.1034113e+01 -3.1034089e+01 -3.0158113e+01 -3.0157287e+01 -2.9763410e+01 -2.9763394e+01 -3.7236963e+00 -3.7228073e+00 -1.6835940e+00 -1.6835803e+00 +2.0371915e+00 +2.0375648e+00 +3.1009324e+00 +3.1021185e+00 +3.9229341e+00 +3.9256432e+00 +6.1185903e+00 +6.1186079e+00 +1.1830658e+01 
-5.4136641e+01 -5.4136277e+01 -3.1038606e+01 -3.1038595e+01 -3.0157808e+01 -3.0156982e+01 -2.9760792e+01 -2.9760784e+01 -3.7372610e+00 -3.7363589e+00 -1.7003353e+00 -1.7003292e+00 +2.1444924e+00 +2.1446842e+00 +3.1163367e+00 +3.1175435e+00 +3.8541412e+00 +3.8570647e+00 +6.1491357e+00 +6.1491444e+00 +1.1793617e+01 
-5.4136514e+01 -5.4136152e+01 -3.1041308e+01 -3.1041306e+01 -3.0157624e+01 -3.0156798e+01 -2.9759220e+01 -2.9759218e+01 -3.7454245e+00 -3.7445149e+00 -1.7103905e+00 -1.7103890e+00 +2.2148194e+00 +2.2148725e+00 +3.1250435e+00 +3.1262643e+00 +3.8076395e+00 +3.8107215e+00 +6.1675503e+00 +6.1675526e+00 +1.1771484e+01 
-5.4136472e+01 -5.4136110e+01 -3.1042211e+01 -3.1042211e+01 -3.0157562e+01 -3.0156737e+01 -2.9758695e+01 -2.9758695e+01 -3.7481498e+00 -3.7472377e+00 -1.7137440e+00 -1.7137440e+00 +2.2394822e+00 +2.2394822e+00 +3.1278076e+00 +3.1290330e+00 +3.7910875e+00 +3.7942291e+00 +6.1737031e+00 +6.1737031e+00 +1.1764122e+01 
-5.4136620e+01 -5.4136045e+01 -3.1041775e+01 -3.1040865e+01 -3.0157858e+01 -3.0156563e+01 -2.9759740e+01 -2.9758683e+01 -3.7462825e+00 -3.7437371e+00 -1.7118965e+00 -1.7089772e+00 +2.2064545e+00 +2.2241080e+00 +3.1199338e+00 +3.1314643e+00 +3.7912537e+00 +3.8264825e+00 +6.1624712e+00 +6.1728152e+00 +1.1762952e+01 
-5.4137367e+01 -5.4135547e+01 -3.1040468e+01 -3.1036832e+01 -3.0159427e+01 -3.0155356e+01 -2.9762867e+01 -2.9758644e+01 -3.7417689e+00 -3.7322159e+00 -1.7063588e+00 -1.6946820e+00 +2.1148610e+00 +2.1792882e+00 +3.0948332e+00 +3.1394666e+00 +3.7873106e+00 +3.9202086e+00 +6.1289846e+00 +6.1701558e+00 +1.1758828e+01 
-5.4138673e+01 -5.4134653e+01 -3.1038296e+01 -3.1030128e+01 -3.0162188e+01 -3.0153197e+01 -2.9768061e+01 -2.9758580e+01 -3.7344563e+00 -3.7130356e+00 -1.6971462e+00 -1.6708740e+00 +1.9807341e+00 +2.1083572e+00 +3.0537388e+00 +3.1500366e+00 +3.7807176e+00 +4.0579587e+00 +6.0738577e+00 +6.1657383e+00 +1.1752046e+01 
-5.4140504e+01 -5.4133396e+01 -3.1035268e+01 -3.1020776e+01 -3.0166057e+01 -3.0150162e+01 -2.9775294e+01 -2.9758491e+01 -3.7244803e+00 -3.6864128e+00 -1.6842836e+00 -1.6375786e+00 +1.8190504e+00 +2.0155203e+00 +2.9977775e+00 +3.1603467e+00 +3.7715914e+00 +4.2247205e+00 +5.9980712e+00 +6.1595851e+00 +1.1742733e+01 
-5.4142847e+01 -5.4131786e+01 -3.1031396e+01 -3.1008809e+01 -3.0171004e+01 -3.0146274e+01 -2.9784526e+01 -2.9758378e+01 -3.7120884e+00 -3.6526029e+00 -1.6678066e+00 -1.5948305e+00 +1.6403155e+00 +1.9049716e+00 +2.9284087e+00 +3.1680562e+00 +3.7600476e+00 +4.4100051e+00 +5.9029139e+00 +6.1517270e+00 +1.1731039e+01 
-5.4145688e+01 -5.4129832e+01 -3.1026696e+01 -3.0994272e+01 -3.0177001e+01 -3.0141551e+01 -2.9795709e+01 -2.9758240e+01 -3.6976101e+00 -3.6119395e+00 -1.6477609e+00 -1.5426728e+00 +1.4512089e+00 +1.7805397e+00 +2.8473618e+00 +3.1715748e+00 +3.7462256e+00 +4.6071994e+00 +5.7899128e+00 +6.1422030e+00 +1.1717118e+01 
-5.4149013e+01 -5.4127544e+01 -3.1021187e+01 -3.0977217e+01 -3.0184017e+01 -3.0136012e+01 -2.9808784e+01 -2.9758079e+01 -3.6814557e+00 -3.5648469e+00 -1.6242026e+00 -1.4811562e+00 +1.2559312e+00 +1.6456654e+00 +2.7565638e+00 +3.1700059e+00 +3.7302888e+00 +4.8122479e+00 +5.6607590e+00 +6.1310605e+00 +1.1701107e+01 
-5.4152808e+01 -5.4124933e+01 -3.1014891e+01 -3.0957706e+01 -3.0192015e+01 -3.0129680e+01 -2.9823683e+01 -2.9757896e+01 -3.6641165e+00 -3.5118527e+00 -1.5971981e+00 -1.4103389e+00 +1.0572019e+00 +1.5034937e+00 +2.6580758e+00 +3.1629807e+00 +3.7124219e+00 +5.0226891e+00 +5.5172377e+00 +6.1183542e+00 +1.1683102e+01 
-5.4157054e+01 -5.4122015e+01 -3.1007834e+01 -3.0935812e+01 -3.0200956e+01 -3.0122582e+01 -2.9840329e+01 -2.9757691e+01 -3.6461635e+00 -3.4536024e+00 -1.5668239e+00 -1.3302858e+00 +8.5686795e-01 +1.3569686e+00 +2.5540452e+00 +3.1504958e+00 +3.6928270e+00 +5.2370655e+00 +5.3611652e+00 +6.1041461e+00 +1.1663136e+01 
-5.4161731e+01 -5.4118806e+01 -3.1000044e+01 -3.0911615e+01 -3.0210795e+01 -3.0114744e+01 -2.9858635e+01 -2.9757465e+01 -3.6282447e+00 -3.3908748e+00 -1.5331664e+00 -1.2410689e+00 +6.5625510e-01 +1.2088873e+00 +2.4466733e+00 +3.1327867e+00 +3.6717211e+00 +5.1943385e+00 +5.4545329e+00 +6.0885052e+00 +1.1641172e+01 
-5.4166817e+01 -5.4115324e+01 -3.0991551e+01 -3.0885206e+01 -3.0221481e+01 -3.0106199e+01 -2.9878507e+01 -2.9757220e+01 -3.6110830e+00 -3.3245957e+00 -1.4963213e+00 -1.1427679e+00 +4.5636237e-01 +1.0618945e+00 +2.3381981e+00 +3.1102399e+00 +3.6493324e+00 +5.0184958e+00 +5.6745064e+00 +6.0715068e+00 +1.1617113e+01 
-5.4172287e+01 -5.4111586e+01 -3.0982384e+01 -3.0856684e+01 -3.0232963e+01 -3.0096982e+01 -2.9899843e+01 -2.9756957e+01 -3.5954874e+00 -3.2558458e+00 -1.4563932e+00 -1.0354716e+00 +2.5795343e-01 +9.1840241e-01 +2.2308877e+00 +3.0833401e+00 +3.6258972e+00 +4.8352891e+00 +5.8962526e+00 +6.0532322e+00 +1.1590844e+01 
-5.4178115e+01 -5.4107609e+01 -3.0972573e+01 -3.0826159e+01 -3.0245184e+01 -3.0087129e+01 -2.9922533e+01 -2.9756676e+01 -3.5823922e+00 -3.1858623e+00 -1.4134954e+00 -9.1928009e-01 +6.1582876e-02 +7.8043933e-01 +2.1270411e+00 +3.0526454e+00 +3.6016574e+00 +4.6462656e+00 +6.0337686e+00 +6.1185029e+00 +1.1562298e+01 
-5.4184275e+01 -5.4103408e+01 -3.0962150e+01 -3.0793750e+01 -3.0258083e+01 -3.0076682e+01 -2.9946460e+01 -2.9756379e+01 -3.5729430e+00 -3.1160345e+00 -1.3677498e+00 -7.9430901e-01 -1.3239123e-01 +6.4947837e-01 +2.0289908e+00 +3.0187839e+00 +3.5768567e+00 +4.4528583e+00 +6.0132086e+00 +6.3393468e+00 +1.1531509e+01 
-5.4190738e+01 -5.4098997e+01 -3.0951157e+01 -3.0759585e+01 -3.0271600e+01 -3.0065682e+01 -2.9971501e+01 -2.9756066e+01 -3.5686137e+00 -3.0478948e+00 -1.3192867e+00 -6.6069533e-01 -3.2374937e-01 +5.2638346e-01 +1.9391005e+00 +2.9824584e+00 +3.5517357e+00 +4.2563822e+00 +5.9916499e+00 +6.5566006e+00 +1.1498640e+01 
-5.4197472e+01 -5.4094393e+01 -3.0939650e+01 -3.0723802e+01 -3.0285669e+01 -3.0054176e+01 -2.9997531e+01 -2.9755739e+01 -3.5712751e+00 -2.9830999e+00 -1.2682457e+00 -5.1860638e-01 -5.1230333e-01 +4.1162748e-01 +1.8597476e+00 +2.9444349e+00 +3.5265252e+00 +4.0580353e+00 +5.9691950e+00 +6.7684224e+00 +1.1463945e+01 
-5.4204449e+01 -5.4089614e+01 -3.0927685e+01 -3.0686544e+01 -3.0300223e+01 -3.0042211e+01 -3.0024423e+01 -2.9755397e+01 -3.5830923e+00 -2.9233935e+00 -1.2147759e+00 -6.9780965e-01 -3.6825173e-01 +3.0576643e-01 +1.7932833e+00 +2.9055007e+00 +3.5014380e+00 +3.8589038e+00 +5.9459507e+00 +6.9736913e+00 +1.1427710e+01 
-5.4211635e+01 -5.4084679e+01 -3.0915321e+01 -3.0647961e+01 -3.0315194e+01 -3.0052044e+01 -3.0029837e+01 -2.9755043e+01 -3.6062091e+00 -2.8705416e+00 -1.1590366e+00 -8.7995610e-01 -2.0989753e-01 +2.0985691e-01 +1.7419620e+00 +2.8664050e+00 +3.4766630e+00 +3.6599699e+00 +5.9220279e+00 +7.1719503e+00 +1.1390166e+01 
-5.4218999e+01 -5.4079610e+01 -3.0902610e+01 -3.0608206e+01 -3.0330514e+01 -3.0080261e+01 -3.0017108e+01 -2.9754680e+01 -3.6423469e+00 -2.8262366e+00 -1.1011983e+00 -1.0583976e+00 -4.3880037e-02 +1.2545478e-01 +1.7078444e+00 +2.8278160e+00 +3.4523621e+00 +3.4621208e+00 +5.8975407e+00 +7.3631163e+00 +1.1351433e+01 
-5.4226508e+01 -5.4074429e+01 -3.0889608e+01 -3.0567439e+01 -3.0346113e+01 -3.0108942e+01 -3.0004077e+01 -2.9754308e+01 -3.6925136e+00 -2.7919766e+00 -1.2327946e+00 -1.0414432e+00 +5.4183290e-02 +1.2938866e-01 +1.6926816e+00 +2.7903175e+00 +3.2661587e+00 +3.4286731e+00 +5.8726059e+00 +7.5472112e+00 +1.1311470e+01 
-5.4234127e+01 -5.4069159e+01 -3.0876369e+01 -3.0525826e+01 -3.0361919e+01 -3.0137952e+01 -2.9990802e+01 -2.9753933e+01 -3.7569064e+00 -2.7689351e+00 -1.4028329e+00 -9.7996623e-01 -2.7959223e-03 +3.0943361e-01 +1.6978035e+00 +2.7544322e+00 +3.0728098e+00 +3.4057149e+00 +5.8473417e+00 +7.7242138e+00 +1.1270070e+01 
-5.4241823e+01 -5.4063824e+01 -3.0862949e+01 -3.0483539e+01 -3.0377862e+01 -3.0167158e+01 -2.9977339e+01 -2.9753556e+01 -3.8349568e+00 -2.7578450e+00 -1.5682293e+00 -9.1697533e-01 -4.5095279e-02 +4.9575909e-01 +1.7240380e+00 +2.7206561e+00 +2.8827330e+00 +3.3835925e+00 +5.8218675e+00 +7.8940119e+00 +1.1226868e+01 
-5.4249559e+01 -5.4058447e+01 -3.0849406e+01 -3.0440755e+01 -3.0393869e+01 -3.0196430e+01 -2.9963750e+01 -2.9753180e+01 -3.9254366e+00 -2.7589237e+00 -1.7287293e+00 -8.5269247e-01 -7.3118935e-02 +6.8791940e-01 +1.7716848e+00 +2.6894927e+00 +2.6965267e+00 +3.3623987e+00 +5.7963025e+00 +8.0564052e+00 +1.1181403e+01 
-5.4257302e+01 -5.4053052e+01 -3.0835800e+01 -3.0409866e+01 -3.0397659e+01 -3.0225639e+01 -2.9950092e+01 -2.9752806e+01 -4.0265906e+00 -2.7718558e+00 -1.8841027e+00 -7.8735408e-01 -8.7883351e-02 +8.8559594e-01 +1.8405542e+00 +2.5147350e+00 +2.6614924e+00 +3.3422145e+00 +5.7707650e+00 +8.2111264e+00 +1.1133209e+01 
-5.4265014e+01 -5.4047660e+01 -3.0822189e+01 -3.0425777e+01 -3.0354438e+01 -3.0254662e+01 -2.9936428e+01 -2.9752435e+01 -4.1363034e+00 -2.7958391e+00 -2.0341407e+00 -7.2121170e-01 -9.0784271e-02 +1.0886396e+00 +1.9300517e+00 +2.3378527e+00 +2.6372885e+00 +3.3231077e+00 +5.7453715e+00 +8.3578626e+00 +1.1081934e+01 
-5.4272662e+01 -5.4042294e+01 -3.0808636e+01 -3.0441529e+01 -3.0311286e+01 -3.0283376e+01 -2.9922819e+01 -2.9752071e+01 -4.2523077e+00 -2.8296814e+00 -2.1786518e+00 -6.5453250e-01 -8.3418230e-02 +1.2970458e+00 +2.0392768e+00 +2.1663290e+00 +2.6176081e+00 +3.3051316e+00 +5.7202363e+00 +8.4962717e+00 +1.1027467e+01 
-5.4280211e+01 -5.4036978e+01 -3.0795201e+01 -3.0457051e+01 -3.0311662e+01 -3.0268397e+01 -2.9909327e+01 -2.9751713e+01 -4.3724028e+00 -2.8719266e+00 -2.3174602e+00 -5.8759971e-01 -6.7493242e-02 +1.5108672e+00 +2.0005721e+00 +2.1671023e+00 +2.6032377e+00 +3.2883244e+00 +5.6954707e+00 +8.6259923e+00 +1.0970026e+01 
-5.4287629e+01 -5.4031734e+01 -3.0781946e+01 -3.0472275e+01 -3.0339400e+01 -3.0225969e+01 -2.9896013e+01 -2.9751364e+01 -4.4946177e+00 -2.9209852e+00 -2.4504026e+00 -5.2071304e-01 -4.4793060e-02 +1.7301071e+00 +1.8409520e+00 +2.3122192e+00 +2.5949462e+00 +3.2727084e+00 +5.6711825e+00 +8.7466486e+00 +1.0910166e+01 
-5.4294882e+01 -5.4026587e+01 -3.0768931e+01 -3.0487137e+01 -3.0366472e+01 -3.0184201e+01 -2.9882938e+01 -2.9751025e+01 -4.6172761e+00 -2.9752481e+00 -2.5773264e+00 -4.5418884e-01 -1.7137740e-02 +1.6878012e+00 +1.9546401e+00 +2.4731539e+00 +2.5933932e+00 +3.2582910e+00 +5.6474759e+00 +8.8578530e+00 +1.0848720e+01 
-5.4301941e+01 -5.4021562e+01 -3.0756218e+01 -3.0501573e+01 -3.0392764e+01 -3.0143289e+01 -2.9870163e+01 -2.9750697e+01 -4.7389740e+00 -3.0331738e+00 -2.6980858e+00 -3.8836017e-01 +1.3686364e-02 +1.5414234e+00 +2.1841661e+00 +2.5990488e+00 +2.6482780e+00 +3.2450641e+00 +5.6244510e+00 +8.9592146e+00 +1.0786638e+01 
-5.4308774e+01 -5.4016681e+01 -3.0743866e+01 -3.0515524e+01 -3.0418164e+01 -3.0103430e+01 -2.9857746e+01 -2.9750382e+01 -4.8585170e+00 -3.0933445e+00 -2.8125373e+00 -3.2357660e-01 +4.6014954e-02 +1.4020878e+00 +2.4182108e+00 +2.6121614e+00 +2.8357945e+00 +3.2330057e+00 +5.6022038e+00 +9.0503695e+00 +1.0724791e+01 
-5.4315353e+01 -5.4011968e+01 -3.0731933e+01 -3.0528932e+01 -3.0442563e+01 -3.0064818e+01 -2.9845745e+01 -2.9750081e+01 -4.9748573e+00 -3.1544970e+00 -2.9205321e+00 -2.6020372e-01 +7.8386635e-02 +1.2700356e+00 +2.6327023e+00 +2.6561257e+00 +3.0337651e+00 +3.2220799e+00 +5.5808256e+00 +9.1310655e+00 +1.0663725e+01 
-5.4321650e+01 -5.4007444e+01 -3.0720478e+01 -3.0541743e+01 -3.0465862e+01 -3.0027645e+01 -2.9834216e+01 -2.9749795e+01 -5.0870484e+00 -3.2155344e+00 -3.0219066e+00 -1.9862223e-01 +1.0959877e-01 +1.1454799e+00 +2.6603746e+00 +2.8970884e+00 +3.2122383e+00 +3.2400809e+00 +5.5604034e+00 +9.2013522e+00 +1.0603411e+01 
-5.4327637e+01 -5.4003130e+01 -3.0709554e+01 -3.0553903e+01 -3.0487963e+01 -2.9992095e+01 -2.9823213e+01 -2.9749525e+01 -5.1942140e+00 -3.2755239e+00 -3.1164711e+00 -1.3922663e-01 +1.3873329e-01 +1.0286078e+00 +2.6945995e+00 +3.1400896e+00 +3.2034209e+00 +3.4524518e+00 +5.5410195e+00 +9.2619177e+00 +1.0543016e+01 
-5.4333290e+01 -5.3999046e+01 -3.0699215e+01 -3.0565363e+01 -3.0508777e+01 -2.9958350e+01 -2.9812786e+01 -2.9749271e+01 -5.2955267e+00 -3.3336851e+00 -3.2040151e+00 -8.2423251e-02 +1.6515481e-01 +9.1958137e-01 +2.7345245e+00 +3.1955574e+00 +3.3839015e+00 +3.6683780e+00 +5.5227510e+00 +9.3144807e+00 +1.0480806e+01 
-5.4338583e+01 -5.3995211e+01 -3.0689504e+01 -3.0576076e+01 -3.0528221e+01 -2.9926583e+01 -2.9802986e+01 -2.9749034e+01 -5.3901859e+00 -3.3893657e+00 -3.2843622e+00 -2.8627450e-02 +1.8848662e-01 +8.1854016e-01 +2.7790440e+00 +3.1885692e+00 +3.6270319e+00 +3.8851255e+00 +5.5056704e+00 +9.3618459e+00 +1.0414364e+01 
-5.4343494e+01 -5.3991644e+01 -3.0680459e+01 -3.0585997e+01 -3.0546216e+01 -2.9896960e+01 -2.9793857e+01 -2.9748813e+01 -5.4773899e+00 -3.4420063e+00 -3.3575059e+00 +2.1740444e-02 +2.0857079e-01 +7.2560354e-01 +2.8268328e+00 +3.1823720e+00 +3.8676623e+00 +4.0997257e+00 +5.4898448e+00 +9.4070628e+00 +1.0341290e+01 
-5.4348004e+01 -5.3988363e+01 -3.0672111e+01 -3.0595087e+01 -3.0562693e+01 -2.9869638e+01 -2.9785443e+01 -2.9748608e+01 -5.5562925e+00 -3.4911015e+00 -3.4237096e+00 +6.8261136e-02 +2.2541898e-01 +6.4087485e-01 +2.8763905e+00 +3.1768797e+00 +4.1035752e+00 +4.3090111e+00 +5.4753359e+00 +9.4518725e+00 +1.0260296e+01 
-5.4352092e+01 -5.3985386e+01 -3.0664503e+01 -3.0603308e+01 -3.0577589e+01 -2.9844763e+01 -2.9777782e+01 -2.9748418e+01 -5.6259346e+00 -3.5361744e+00 -3.4833293e+00 +1.1052555e-01 +2.3916017e-01 +5.6444716e-01 +2.9260947e+00 +3.1720086e+00 +4.3320784e+00 +4.5096873e+00 +5.4622001e+00 +9.4958522e+00 +1.0172178e+01 
-5.4355741e+01 -5.3982728e+01 -3.0657691e+01 -3.0610629e+01 -3.0590848e+01 -2.9822472e+01 -2.9770911e+01 -2.9748243e+01 -5.6851267e+00 -3.5767811e+00 -3.5364877e+00 +1.4814915e-01 +2.4999049e-01 +4.9641176e-01 +2.9742580e+00 +3.1676835e+00 +4.5499372e+00 +4.6984075e+00 +5.4504882e+00 +9.5371639e+00 +1.0079971e+01 
-5.4358936e+01 -5.3980401e+01 -3.0651721e+01 -3.0617020e+01 -3.0602424e+01 -2.9802888e+01 -2.9764864e+01 -2.9748085e+01 -5.7322508e+00 -3.6125378e+00 -3.5830301e+00 +1.8079415e-01 +2.5813021e-01 +4.3686963e-01 +3.0191899e+00 +3.1638463e+00 +4.7533355e+00 +4.8718183e+00 +5.4402453e+00 +9.5739397e+00 +9.9881638e+00 
-5.4361664e+01 -5.3978416e+01 -3.0646624e+01 -3.0622457e+01 -3.0612279e+01 -2.9786125e+01 -2.9759673e+01 -2.9747943e+01 -5.7649342e+00 -3.6431452e+00 -3.6227159e+00 +2.0820199e-01 +2.6379510e-01 +3.8594534e-01 +3.0592699e+00 +3.1604654e+00 +4.9378954e+00 +5.0265721e+00 +5.4315106e+00 +9.6050447e+00 +9.9015647e+00 
-5.4363913e+01 -5.3976781e+01 -3.0642423e+01 -3.0626922e+01 -3.0620383e+01 -2.9772283e+01 -2.9755367e+01 -2.9747817e+01 -5.7796027e+00 -3.6683911e+00 -3.6553524e+00 +2.3023557e-01 +2.6719770e-01 +3.4380045e-01 +3.0930475e+00 +3.1575451e+00 +5.0987905e+00 +5.1593434e+00 +5.4243178e+00 +9.6300898e+00 +9.8245064e+00 
-5.4365672e+01 -5.3975502e+01 -3.0639135e+01 -3.0630402e+01 -3.0626711e+01 -2.9761453e+01 -2.9751976e+01 -2.9747709e+01 -5.7713668e+00 -3.6881358e+00 -3.6808184e+00 +2.4692053e-01 +2.6860985e-01 +3.1063963e-01 +3.1194028e+00 +3.1551306e+00 +5.2309930e+00 +5.2669005e+00 +5.4186944e+00 +9.6491458e+00 +9.7605856e+00 
-5.4366934e+01 -5.3974584e+01 -3.0636776e+01 -3.0632891e+01 -3.0631245e+01 -2.9753707e+01 -2.9749528e+01 -2.9747625e+01 -5.7367052e+00 -3.7022909e+00 -3.6990443e+00 +2.5845822e-01 +2.6851677e-01 +2.8670011e-01 +3.1377787e+00 +3.1533012e+00 +5.3296742e+00 +5.3462697e+00 +5.4146621e+00 +9.6624713e+00 +9.7126858e+00 
-5.4367694e+01 -5.3974032e+01 -3.0635356e+01 -3.0634384e+01 -3.0633972e+01 -2.9749082e+01 -2.9748047e+01 -2.9747571e+01 -5.6857032e+00 -3.7108030e+00 -3.7099923e+00 +2.6517136e-01 +2.6776944e-01 +2.7221665e-01 +3.1483512e+00 +3.1521514e+00 +5.3907426e+00 +5.3949926e+00 +5.4122364e+00 +9.6703383e+00 +9.6829989e+00 
-5.4367948e+01 -5.3973847e+01 -3.0634881e+01 -3.0634881e+01 -3.0634881e+01 -2.9747552e+01 -2.9747552e+01 -2.9747552e+01 -5.6581948e+00 -3.7136435e+00 -3.7136435e+00 +2.6736663e-01 +2.6736663e-01 +2.6736664e-01 +3.1517581e+00 +3.1517581e+00 +5.4114268e+00 +5.4114268e+00 +5.4114268e+00 +9.6729380e+00 +9.6729380e+00 
-5.4367689e+01 -5.3974035e+01 -3.0635035e+01 -3.0635035e+01 -3.0633623e+01 -2.9749276e+01 -2.9747733e+01 -2.9747733e+01 -5.6862253e+00 -3.7103334e+00 -3.7103334e+00 +2.6600235e-01 +2.6600236e-01 +2.7321163e-01 +3.1502173e+00 +3.1502173e+00 +5.3844810e+00 +5.4063834e+00 +5.4063834e+00 +9.6778444e+00 +9.6778444e+00 
-5.4366915e+01 -5.3974599e+01 -3.0635492e+01 -3.0635492e+01 -3.0629855e+01 -2.9754496e+01 -2.9748266e+01 -2.9748266e+01 -5.7380766e+00 -3.7004135e+00 -3.7004135e+00 +2.6158455e-01 +2.6158455e-01 +2.9069385e-01 +3.1453630e+00 +3.1453630e+00 +5.3049713e+00 +5.3913666e+00 +5.3913666e+00 +9.6924112e+00 +9.6924112e+00 
-5.4365629e+01 -5.3975534e+01 -3.0636249e+01 -3.0636249e+01 -3.0623592e+01 -2.9763237e+01 -2.9749140e+01 -2.9749140e+01 -5.7732222e+00 -3.6839144e+00 -3.6839144e+00 +2.5341194e-01 +2.5341194e-01 +3.1956960e-01 +3.1367597e+00 +3.1367597e+00 +5.1766169e+00 +5.3667068e+00 +5.3667068e+00 +9.7162023e+00 +9.7162023e+00 
-5.4363839e+01 -5.3976834e+01 -3.0637296e+01 -3.0637296e+01 -3.0614867e+01 -2.9775418e+01 -2.9750351e+01 -2.9750351e+01 -5.7815092e+00 -3.6608887e+00 -3.6608887e+00 +2.4085710e-01 +2.4085710e-01 +3.5948470e-01 +3.1242208e+00 +3.1242208e+00 +5.0048714e+00 +5.3329225e+00 +5.3329225e+00 +9.7485614e+00 +9.7485614e+00 
-5.4361553e+01 -5.3978492e+01 -3.0638622e+01 -3.0638622e+01 -3.0603725e+01 -2.9790900e+01 -2.9751902e+01 -2.9751902e+01 -5.7665515e+00 -3.6314133e+00 -3.6314133e+00 +2.2354711e-01 +2.2354711e-01 +4.1016089e-01 +3.1080129e+00 +3.1080129e+00 +4.7961416e+00 +5.2906789e+00 +5.2906789e+00 +9.7887095e+00 +9.7887095e+00 
-5.4358782e+01 -5.3980497e+01 -3.0640212e+01 -3.0640212e+01 -3.0590232e+01 -2.9809538e+01 -2.9753803e+01 -2.9753803e+01 -5.7333328e+00 -3.5955930e+00 -3.5955930e+00 +2.0131234e-01 +2.0131235e-01 +4.7145613e-01 +3.0887916e+00 +3.0887916e+00 +4.5571084e+00 +5.2407411e+00 +5.2407411e+00 +9.8358692e+00 +9.8358692e+00 
-5.4355538e+01 -5.3982837e+01 -3.0642050e+01 -3.0642050e+01 -3.0574467e+01 -2.9831175e+01 -2.9756060e+01 -2.9756060e+01 -5.6854939e+00 -3.5535645e+00 -3.5535645e+00 +1.7409343e-01 +1.7409343e-01 +5.4333747e-01 +3.0674477e+00 +3.0674477e+00 +4.2942365e+00 +5.1839289e+00 +5.1839289e+00 +9.8893964e+00 +9.8893964e+00 
-5.4351837e+01 -5.3985500e+01 -3.0644112e+01 -3.0644112e+01 -3.0556532e+01 -2.9855646e+01 -2.9758684e+01 -2.9758684e+01 -5.6254411e+00 -3.5054986e+00 -3.5054986e+00 +1.4188710e-01 +1.4188711e-01 +6.2583514e-01 +3.0449748e+00 +3.0449748e+00 +4.0134701e+00 +5.1210819e+00 +5.1210819e+00 +9.9488883e+00 +9.9488883e+00 
-5.4347696e+01 -5.3988467e+01 -3.0646374e+01 -3.0646374e+01 -3.0536540e+01 -2.9882769e+01 -2.9761685e+01 -2.9761685e+01 -5.5547915e+00 -3.4515931e+00 -3.4515931e+00 +1.0473033e-01 +1.0473033e-01 +7.1900582e-01 +3.0223774e+00 +3.0223774e+00 +3.7200763e+00 +5.0530393e+00 +5.0530393e+00 +1.0014212e+01 +1.0014212e+01 
-5.4343133e+01 -5.3991722e+01 -3.0648803e+01 -3.0648803e+01 -3.0514621e+01 -2.9912345e+01 -2.9765071e+01 -2.9765071e+01 -5.4746995e+00 -3.3920475e+00 -3.3920475e+00 +6.2704436e-02 +6.2704440e-02 +8.2290891e-01 +3.0006118e+00 +3.0006118e+00 +3.4185938e+00 +4.9806407e+00 +4.9806407e+00 +1.0085380e+01 +1.0085380e+01 
-5.4338170e+01 -5.3995245e+01 -3.0651365e+01 -3.0651365e+01 -3.0490919e+01 -2.9944163e+01 -2.9768854e+01 -2.9768854e+01 -5.3860514e+00 -3.3270223e+00 -3.3270223e+00 +1.5945988e-02 +1.5945991e-02 +9.3759238e-01 +2.9805467e+00 +2.9805467e+00 +3.1128524e+00 +4.9047454e+00 +4.9047454e+00 +1.0162223e+01 +1.0162223e+01 
-5.4332829e+01 -5.3999014e+01 -3.0654024e+01 -3.0654024e+01 -3.0465592e+01 -2.9977993e+01 -2.9773044e+01 -2.9773044e+01 -5.2895773e+00 -3.2566185e+00 -3.2566185e+00 -3.5343055e-02 -3.5343052e-02 +1.0630840e+00 +2.8060312e+00 +2.9629386e+00 +2.9629386e+00 +4.8262511e+00 +4.8262511e+00 +1.0243964e+01 +1.0243964e+01 
-5.4327135e+01 -5.4003008e+01 -3.0656752e+01 -3.0656752e+01 -3.0438809e+01 -3.0013596e+01 -2.9777652e+01 -2.9777652e+01 -5.1859141e+00 -3.1809208e+00 -3.1809208e+00 -9.0889547e-02 -9.0889544e-02 +1.1993852e+00 +2.5007316e+00 +2.9484170e+00 +2.9484170e+00 +4.7460810e+00 +4.7460810e+00 +1.0328958e+01 +1.0328958e+01 
-5.4321114e+01 -5.4007203e+01 -3.0659522e+01 -3.0659522e+01 -3.0410752e+01 -3.0050724e+01 -2.9782690e+01 -2.9782690e+01 -5.0756410e+00 -3.1000803e+00 -3.1000803e+00 -1.5034936e-01 -1.5034935e-01 +1.3464662e+00 +2.1990463e+00 +2.9374788e+00 +2.9374788e+00 +4.6651314e+00 +4.6651314e+00 +1.0414850e+01 +1.0414850e+01 
-5.4314792e+01 -5.4011573e+01 -3.0662303e+01 -3.0662303e+01 -3.0381615e+01 -3.0089121e+01 -2.9788169e+01 -2.9788169e+01 -4.9592993e+00 -3.0143595e+00 -3.0143595e+00 -2.1331392e-01 -2.1331392e-01 +1.5042614e+00 +1.9026115e+00 +2.9304886e+00 +2.9304886e+00 +4.5842166e+00 +4.5842166e+00 +1.0499105e+01 +1.0499105e+01 
-5.4308198e+01 -5.4016093e+01 -3.0665062e+01 -3.0665062e+01 -3.0351602e+01 -3.0128525e+01 -2.9794103e+01 -2.9794103e+01 -4.8374045e+00 -2.9241154e+00 -2.9241154e+00 -2.7932255e-01 -2.7932254e-01 +1.6126426e+00 +1.6726646e+00 +2.9276834e+00 +2.9276834e+00 +4.5040482e+00 +4.5040482e+00 +1.0579554e+01 +1.0579554e+01 
-5.4301361e+01 -5.4020738e+01 -3.0667761e+01 -3.0667761e+01 -3.0320930e+01 -3.0168672e+01 -2.9800501e+01 -2.9800501e+01 -4.7104532e+00 -2.8297614e+00 -2.8297614e+00 -3.4787872e-01 -3.4787872e-01 +1.3299646e+00 +1.8515248e+00 +2.9291786e+00 +2.9291786e+00 +4.4252488e+00 +4.4252488e+00 +1.0654650e+01 +1.0654650e+01 
-5.4294311e+01 -5.4025482e+01 -3.0670364e+01 -3.0670364e+01 -3.0289823e+01 -3.0209298e+01 -2.9807377e+01 -2.9807377e+01 -4.5789263e+00 -2.7317430e+00 -2.7317430e+00 -4.1846760e-01 -4.1846760e-01 +1.0550661e+00 +2.0406418e+00 +2.9349744e+00 +2.9349744e+00 +4.3483758e+00 +4.3483758e+00 +1.0723431e+01 +1.0723431e+01 
-5.4287078e+01 -5.4030303e+01 -3.0672830e+01 -3.0672830e+01 -3.0258514e+01 -3.0250138e+01 -2.9814742e+01 -2.9814742e+01 -4.4432924e+00 -2.6305293e+00 -2.6305293e+00 -4.9057037e-01 -4.9057037e-01 +7.8820788e-01 +2.2397618e+00 +2.9449621e+00 +2.9449621e+00 +4.2739380e+00 +4.2739380e+00 +1.0785355e+01 +1.0785355e+01 
-5.4279695e+01 -5.4035176e+01 -3.0675123e+01 -3.0675123e+01 -3.0290933e+01 -3.0227233e+01 -2.9822609e+01 -2.9822609e+01 -4.3040093e+00 -2.5266148e+00 -2.5266148e+00 -5.6367080e-01 -5.6367080e-01 +5.2958590e-01 +2.4485739e+00 +2.9589327e+00 +2.9589327e+00 +4.2024047e+00 +4.2024047e+00 +1.0840131e+01 +1.0840131e+01 
-5.4272196e+01 -5.4040080e+01 -3.0677204e+01 -3.0677204e+01 -3.0331426e+01 -3.0196215e+01 -2.9830990e+01 -2.9830990e+01 -4.1615242e+00 -2.4205232e+00 -2.4205232e+00 -6.3725145e-01 -6.3725145e-01 +2.7949484e-01 +2.6667079e+00 +2.9765941e+00 +2.9765941e+00 +4.1342092e+00 +4.1342092e+00 +1.0887623e+01 +1.0887623e+01 
-5.4264616e+01 -5.4044988e+01 -3.0679035e+01 -3.0679035e+01 -3.0371366e+01 -3.0165687e+01 -2.9839895e+01 -2.9839895e+01 -4.0162750e+00 -2.3128115e+00 -2.3128115e+00 -7.1078243e-01 -7.1078243e-01 +3.8412250e-02 +2.8937324e+00 +2.9975998e+00 +2.9975998e+00 +4.0697497e+00 +4.0697497e+00 +1.0927810e+01 +1.0927810e+01 
-5.4256987e+01 -5.4049876e+01 -3.0680581e+01 -3.0680581e+01 -3.0410512e+01 -3.0135876e+01 -2.9849331e+01 -2.9849331e+01 -3.8686900e+00 -2.2040720e+00 -2.2040720e+00 -7.8371229e-01 -7.8371229e-01 -1.9303149e-01 +3.0215878e+00 +3.0215878e+00 +3.1291556e+00 +4.0093897e+00 +4.0093897e+00 +1.0960785e+01 +1.0960785e+01 
-5.4249344e+01 -5.4054718e+01 -3.0681803e+01 -3.0681803e+01 -3.0448628e+01 -3.0107009e+01 -2.9859304e+01 -2.9859304e+01 -3.7191885e+00 -2.0949336e+00 -2.0949336e+00 -8.5547155e-01 -8.5547155e-01 -4.1415480e-01 +3.0482176e+00 +3.0482176e+00 +3.3724275e+00 +3.9534561e+00 +3.9534561e+00 +1.0986770e+01 +1.0986770e+01 
-5.4241717e+01 -5.4059488e+01 -3.0682668e+01 -3.0682668e+01 -3.0485493e+01 -3.0079313e+01 -2.9869814e+01 -2.9869814e+01 -3.5681816e+00 -1.9860609e+00 -1.9860609e+00 -9.2549244e-01 -9.2549244e-01 -6.2432426e-01 +3.0771927e+00 +3.0771927e+00 +3.6229441e+00 +3.9022360e+00 +3.9022360e+00 +1.1006128e+01 +1.1006128e+01 
-5.4234138e+01 -5.4064163e+01 -3.0683141e+01 -3.0683141e+01 -3.0520894e+01 -3.0053011e+01 -2.9880860e+01 -2.9880860e+01 -3.4160737e+00 -1.8781511e+00 -1.8781511e+00 -9.9323725e-01 -9.9323725e-01 -8.2300661e-01 +3.1082619e+00 +3.1082620e+00 +3.8559695e+00 +3.8559695e+00 +3.8800543e+00 +1.1019369e+01 +1.1019369e+01 
-5.4226638e+01 -5.4068723e+01 -3.0683187e+01 -3.0683187e+01 -3.0554630e+01 -3.0028319e+01 -2.9892440e+01 -2.9892440e+01 -3.2632652e+00 -1.7719293e+00 -1.7719293e+00 -1.0582237e+00 -1.0582237e+00 -1.0097719e+00 +3.1412033e+00 +3.1412033e+00 +3.8148384e+00 +3.8148384e+00 +4.1430691e+00 +1.1027149e+01 +1.1027149e+01 
-5.4219246e+01 -5.4073146e+01 -3.0682776e+01 -3.0682776e+01 -3.0586513e+01 -3.0005447e+01 -2.9904549e+01 -2.9904549e+01 -3.1101558e+00 -1.6681404e+00 -1.6681404e+00 -1.1842677e+00 -1.1200394e+00 -1.1200394e+00 +3.1758008e+00 +3.1758008e+00 +3.7789513e+00 +3.7789513e+00 +4.4112722e+00 +1.1030250e+01 +1.1030250e+01 
-5.4211989e+01 -5.4077415e+01 -3.0681876e+01 -3.0681876e+01 -3.0616371e+01 -2.9984591e+01 -2.9917183e+01 -2.9917183e+01 -2.9571501e+00 -1.5675375e+00 -1.5675375e+00 -1.3461857e+00 -1.1783439e+00 -1.1783439e+00 +3.2118246e+00 +3.2118246e+00 +3.7483243e+00 +3.7483243e+00 +4.6839330e+00 +1.1029558e+01 +1.1029558e+01 
-5.4204895e+01 -5.4081514e+01 -3.0680458e+01 -3.0680458e+01 -3.0644042e+01 -2.9965935e+01 -2.9930334e+01 -2.9930334e+01 -2.8046635e+00 -1.4952335e+00 -1.4708676e+00 -1.4708676e+00 -1.2328630e+00 -1.2328630e+00 +3.2490199e+00 +3.2490199e+00 +3.7228623e+00 +3.7228624e+00 +4.9603192e+00 +1.1026027e+01 +1.1026027e+01 
-5.4197990e+01 -5.4085428e+01 -3.0678495e+01 -3.0678495e+01 -3.0669381e+01 -2.9949649e+01 -2.9943997e+01 -2.9943997e+01 -2.6531295e+00 -1.6311207e+00 -1.3788523e+00 -1.3788523e+00 -1.2833773e+00 -1.2833773e+00 +3.2871048e+00 +3.2871048e+00 +3.7023458e+00 +3.7023458e+00 +5.2397099e+00 +1.1020639e+01 +1.1020639e+01 
-5.4191297e+01 -5.4089145e+01 -3.0692257e+01 -3.0675961e+01 -3.0675961e+01 -2.9958160e+01 -2.9958160e+01 -2.9935884e+01 -2.5030079e+00 -1.7535602e+00 -1.3297113e+00 -1.3297113e+00 -1.2921674e+00 -1.2921674e+00 +3.3257781e+00 +3.3257781e+00 +3.6864328e+00 +3.6864328e+00 +5.5214059e+00 +1.1014366e+01 +1.1014366e+01 
-5.4184838e+01 -5.4092653e+01 -3.0712557e+01 -3.0672834e+01 -3.0672834e+01 -2.9972813e+01 -2.9972813e+01 -2.9924773e+01 -2.3547925e+00 -1.8622856e+00 -1.3717236e+00 -1.3717236e+00 -1.2114195e+00 -1.2114195e+00 +3.3647307e+00 +3.3647307e+00 +3.6746876e+00 +3.6746876e+00 +5.8047376e+00 +1.1008127e+01 +1.1008127e+01 
-5.4178633e+01 -5.4095946e+01 -3.0730178e+01 -3.0669091e+01 -3.0669091e+01 -2.9987943e+01 -2.9987943e+01 -2.9916431e+01 -2.2090196e+00 -1.9570790e+00 -1.4092997e+00 -1.4092997e+00 -1.1371266e+00 -1.1371266e+00 +3.4036603e+00 +3.4036603e+00 +3.6666421e+00 +3.6666421e+00 +6.0890679e+00 +1.1002766e+01 +1.1002766e+01 
-5.4172701e+01 -5.4099014e+01 -3.0745039e+01 -3.0664714e+01 -3.0664714e+01 -3.0003532e+01 -3.0003532e+01 -2.9910946e+01 -2.0662799e+00 -2.0377963e+00 -1.4423489e+00 -1.4423489e+00 -1.0697046e+00 -1.0697046e+00 +3.4422827e+00 +3.4422827e+00 +3.6618846e+00 +3.6618846e+00 +6.3737909e+00 +1.0976018e+01 +1.0999050e+01 
-5.4167056e+01 -5.4101853e+01 -3.0757069e+01 -3.0659686e+01 -3.0659686e+01 -3.0019564e+01 -3.0019564e+01 -2.9908388e+01 -2.1044235e+00 -1.9271927e+00 -1.4708026e+00 -1.4708026e+00 -1.0094641e+00 -1.0094641e+00 +3.4803399e+00 +3.4803399e+00 +3.6601480e+00 +3.6601480e+00 +6.6583242e+00 +1.0944906e+01 +1.0997685e+01 
-5.4161713e+01 -5.4104459e+01 -3.0766219e+01 -3.0653995e+01 -3.0653995e+01 -3.0036018e+01 -3.0036018e+01 -2.9908797e+01 -2.1570201e+00 -1.7924801e+00 -1.4946155e+00 -1.4946154e+00 -9.5661719e-01 -9.5661719e-01 +3.5176037e+00 +3.5176037e+00 +3.6613579e+00 +3.6613579e+00 +6.9420971e+00 +1.0916417e+01 +1.0999365e+01 
-5.4156683e+01 -5.4106828e+01 -3.0772450e+01 -3.0647630e+01 -3.0647630e+01 -3.0052871e+01 -3.0052871e+01 -2.9912191e+01 -2.1957942e+00 -1.6628909e+00 -1.5137664e+00 -1.5137664e+00 -9.1128893e-01 -9.1128893e-01 +3.5538759e+00 +3.5538759e+00 +3.6656021e+00 +3.6656021e+00 +7.2245334e+00 +1.0889336e+01 +1.1004819e+01 
-5.4151974e+01 -5.4108961e+01 -3.0775745e+01 -3.0640583e+01 -3.0640583e+01 -3.0070098e+01 -3.0070098e+01 -2.9918562e+01 -2.2210496e+00 -1.5392422e+00 -1.5282597e+00 -1.5282597e+00 -8.7352572e-01 -8.7352571e-01 +3.5889859e+00 +3.5889859e+00 +3.6730257e+00 +3.6730257e+00 +7.5050292e+00 +1.0862497e+01 +1.1014855e+01 
-5.4147592e+01 -5.4110857e+01 -3.0776098e+01 -3.0632851e+01 -3.0632851e+01 -3.0087670e+01 -3.0087670e+01 -2.9927877e+01 -2.2331800e+00 -1.5381260e+00 -1.5381260e+00 -1.4224032e+00 -8.4329645e-01 -8.4329644e-01 +3.6227874e+00 +3.6227874e+00 +3.6836936e+00 +3.6836936e+00 +7.7829254e+00 +1.0834905e+01 +1.1030366e+01 
-5.4143542e+01 -5.4112521e+01 -3.0773524e+01 -3.0624431e+01 -3.0624431e+01 -3.0105560e+01 -3.0105560e+01 -2.9940077e+01 -2.2326547e+00 -1.5434223e+00 -1.5434223e+00 -1.3132864e+00 -8.2048817e-01 -8.2048817e-01 +3.6551541e+00 +3.6551541e+00 +3.6974800e+00 +3.6974800e+00 +8.0574702e+00 +1.0805825e+01 +1.1052306e+01 
-5.4139825e+01 -5.4113957e+01 -3.0768051e+01 -3.0615327e+01 -3.0615327e+01 -3.0123735e+01 -3.0123735e+01 -2.9955082e+01 -2.2200077e+00 -1.5442316e+00 -1.5442316e+00 -1.2128331e+00 -8.0490245e-01 -8.0490244e-01 +3.6859750e+00 +3.6859750e+00 +3.7140262e+00 +3.7140262e+00 +8.3277658e+00 +1.0774834e+01 +1.1081637e+01 
-5.4136440e+01 -5.4115174e+01 -3.0759724e+01 -3.0605542e+01 -3.0605542e+01 -3.0142162e+01 -3.0142162e+01 -2.9972788e+01 -2.1958330e+00 -1.5406629e+00 -1.5406629e+00 -1.1219932e+00 -7.9625734e-01 -7.9625734e-01 +3.7151496e+00 +3.7151496e+00 +3.7327678e+00 +3.7327678e+00 +8.5926861e+00 +1.0741839e+01 +1.1119265e+01 
-5.4133383e+01 -5.4116182e+01 -3.0748604e+01 -3.0595082e+01 -3.0595082e+01 -3.0160806e+01 -3.0160806e+01 -2.9993069e+01 -2.1607850e+00 -1.5328502e+00 -1.5328502e+00 -1.0417001e+00 -7.9419650e-01 -7.9419650e-01 +3.7425790e+00 +3.7425790e+00 +3.7530079e+00 +3.7530079e+00 +8.8507427e+00 +1.0707090e+01 +1.1165986e+01 
-5.4130649e+01 -5.4116993e+01 -3.0734769e+01 -3.0583958e+01 -3.0583958e+01 -3.0179632e+01 -3.0179632e+01 -3.0015780e+01 -2.1155814e+00 -1.5209523e+00 -1.5209523e+00 -9.7283967e-01 -7.9830317e-01 -7.9830317e-01 +3.7681524e+00 +3.7681524e+00 +3.7740086e+00 +3.7740086e+00 +9.0998689e+00 +1.0671192e+01 +1.1222437e+01 
-5.4128230e+01 -5.4117621e+01 -3.0718311e+01 -3.0572181e+01 -3.0572181e+01 -3.0198601e+01 -3.0198601e+01 -3.0040758e+01 -2.0610087e+00 -1.5051527e+00 -1.5051527e+00 -9.1621474e-01 -8.0811611e-01 -8.0811611e-01 +3.7917277e+00 +3.7917277e+00 +3.7950810e+00 +3.7950810e+00 +9.3370854e+00 +1.0635145e+01 +1.1289068e+01 
-5.4126114e+01 -5.4118082e+01 -3.0699339e+01 -3.0559764e+01 -3.0559764e+01 -3.0217675e+01 -3.0217675e+01 -3.0067822e+01 -1.9979286e+00 -1.4856595e+00 -1.4856595e+00 -8.7250676e-01 -8.2314490e-01 -8.2314489e-01 +3.8131750e+00 +3.8131750e+00 +3.8155927e+00 +3.8155927e+00 +9.5580751e+00 +1.0600427e+01 +1.1366128e+01 
-5.4124291e+01 -5.4118392e+01 -3.0677976e+01 -3.0546726e+01 -3.0546726e+01 -3.0236815e+01 -3.0236815e+01 -3.0096776e+01 -1.9272842e+00 -1.4627054e+00 -1.4627054e+00 -8.4288298e-01 -8.4288298e-01 -8.4223680e-01 +3.8325372e+00 +3.8325372e+00 +3.8348433e+00 +3.8348433e+00 +9.7569826e+00 +1.0569157e+01 +1.1330346e+01 
-5.4122745e+01 -5.4118572e+01 -3.0654358e+01 -3.0533086e+01 -3.0533085e+01 -3.0255979e+01 -3.0255979e+01 -3.0127413e+01 -1.8501061e+00 -1.4365483e+00 -1.4365483e+00 -8.6681803e-01 -8.6681803e-01 -8.2572915e-01 +3.8498646e+00 +3.8498646e+00 +3.8522522e+00 +3.8522522e+00 +9.9275502e+00 +1.0544414e+01 +1.1305003e+01 
-5.4121462e+01 -5.4118640e+01 -3.0628639e+01 -3.0518863e+01 -3.0518863e+01 -3.0275127e+01 -3.0275127e+01 -3.0159511e+01 -1.7675174e+00 -1.4074700e+00 -1.4074700e+00 -8.9443953e-01 -8.9443953e-01 -8.2308142e-01 +3.8650652e+00 +3.8650652e+00 +3.8675247e+00 +3.8675247e+00 +1.0067414e+01 +1.0530820e+01 +1.1343148e+01 
-5.4120426e+01 -5.4118616e+01 -3.0600984e+01 -3.0504082e+01 -3.0504082e+01 -3.0294218e+01 -3.0294218e+01 -3.0192842e+01 -1.6807374e+00 -1.3757760e+00 -1.3757759e+00 -9.2524395e-01 -9.2524394e-01 -8.3414461e-01 +3.8780378e+00 +3.8780378e+00 +3.8805315e+00 +3.8805315e+00 +1.0184733e+01 +1.0535650e+01 +1.1442348e+01 
-5.4119620e+01 -5.4118518e+01 -3.0571572e+01 -3.0488768e+01 -3.0488768e+01 -3.0313209e+01 -3.0313209e+01 -3.0227170e+01 -1.5910833e+00 -1.3417926e+00 -1.3417926e+00 -9.5873794e-01 -9.5873793e-01 -8.5851731e-01 +3.8887462e+00 +3.8887462e+00 +3.8912404e+00 +3.8912404e+00 +1.0301184e+01 +1.0570928e+01 +1.1591065e+01 
-5.4119032e+01 -5.4118363e+01 -3.0540595e+01 -3.0472949e+01 -3.0472949e+01 -3.0332058e+01 -3.0332058e+01 -3.0262255e+01 -1.4999667e+00 -1.3058654e+00 -1.3058654e+00 -9.9444009e-01 -9.9444008e-01 -8.9555720e-01 +3.8972308e+00 +3.8972308e+00 +3.8997007e+00 +3.8997007e+00 +1.0450064e+01 +1.0657219e+01 +1.1774077e+01 
-5.4118645e+01 -5.4118169e+01 -3.0508256e+01 -3.0456653e+01 -3.0456653e+01 -3.0350724e+01 -3.0350724e+01 -3.0297851e+01 -1.4088775e+00 -1.2683558e+00 -1.2683558e+00 -1.0318816e+00 -1.0318816e+00 -9.4441151e-01 +3.9035964e+00 +3.9035964e+00 +3.9060281e+00 +3.9060282e+00 +1.0676524e+01 +1.0828815e+01 +1.1976910e+01 
-5.4118414e+01 -5.4117983e+01 -3.0474769e+01 -3.0439913e+01 -3.0439913e+01 -3.0369164e+01 -3.0369164e+01 -3.0333713e+01 -1.3193263e+00 -1.2296387e+00 -1.2296387e+00 -1.0706063e+00 -1.0706063e+00 -1.0040515e+00 +3.9079867e+00 +3.9079868e+00 +3.9103789e+00 +3.9103789e+00 +1.1033802e+01 +1.1129889e+01 +1.2184584e+01 
-5.4118288e+01 -5.4117857e+01 -3.0440357e+01 -3.0422765e+01 -3.0422765e+01 -3.0387336e+01 -3.0387336e+01 -3.0369587e+01 -1.2326923e+00 -1.1901016e+00 -1.1901016e+00 -1.1101704e+00 -1.1101704e+00 -1.0732175e+00 +3.9105478e+00 +3.9105478e+00 +3.9129106e+00 +3.9129106e+00 +1.1513209e+01 +1.1545109e+01 +1.2380642e+01 
-5.4118246e+01 -5.4117814e+01 -3.0405856e+01 -3.0405856e+01 -3.0405856e+01 -3.0404586e+01 -3.0404586e+01 -3.0404586e+01 -1.1502625e+00 -1.1502625e+00 -1.1502625e+00 -1.1500221e+00 -1.1500221e+00 -1.1500221e+00 +3.9113881e+00 +3.9113881e+00 +3.9137401e+00 +3.9137401e+00 +1.1795990e+01 +1.1796269e+01 +1.2611298e+01 
-5.4118287e+01 -5.4117856e+01 -3.0435415e+01 -3.0435409e+01 -3.0405610e+01 -3.0404343e+01 -3.0374699e+01 -3.0374691e+01 -1.2195495e+00 -1.2195205e+00 -1.1513432e+00 -1.1511041e+00 -1.0824321e+00 -1.0823903e+00 +3.9102399e+00 +3.9108885e+00 +3.9126057e+00 +3.9132478e+00 +1.1532639e+01 +1.1534514e+01 +1.2387041e+01 
-5.4118408e+01 -5.4117982e+01 -3.0465145e+01 -3.0465132e+01 -3.0404873e+01 -3.0403613e+01 -3.0343990e+01 -3.0343973e+01 -1.2902536e+00 -1.2901538e+00 -1.1545672e+00 -1.1543323e+00 -1.0170701e+00 -1.0169741e+00 +3.9067095e+00 +3.9091117e+00 +3.9093967e+00 +3.9117764e+00 +1.1084494e+01 +1.1089198e+01 +1.2179044e+01 
-5.4118612e+01 -5.4118188e+01 -3.0494306e+01 -3.0494283e+01 -3.0403650e+01 -3.0402401e+01 -3.0313223e+01 -3.0313200e+01 -1.3620335e+00 -1.3618802e+00 -1.1598818e+00 -1.1596535e+00 -9.5453915e-01 -9.5442224e-01 +3.9005634e+00 +3.9030116e+00 +3.9069295e+00 +3.9093384e+00 +1.0748335e+01 +1.0754855e+01 +1.1968812e+01 
-5.4118898e+01 -5.4118473e+01 -3.0522778e+01 -3.0522739e+01 -3.0401945e+01 -3.0400712e+01 -3.0282539e+01 -3.0282514e+01 -1.4345630e+00 -1.4343958e+00 -1.1672000e+00 -1.1669805e+00 -8.9512060e-01 -8.9501563e-01 +3.8914807e+00 +3.8939674e+00 +3.9035214e+00 +3.9059624e+00 +1.0541289e+01 +1.0548667e+01 +1.1765040e+01 
-5.4119266e+01 -5.4118836e+01 -3.0550440e+01 -3.0550384e+01 -3.0399766e+01 -3.0398553e+01 -3.0252076e+01 -3.0252052e+01 -1.5074225e+00 -1.5072806e+00 -1.1764027e+00 -1.1761940e+00 -8.3903860e-01 -8.3896567e-01 +3.8791197e+00 +3.8816216e+00 +3.8992434e+00 +3.9017133e+00 +1.0416172e+01 +1.0423636e+01 +1.1576101e+01 
-5.4119715e+01 -5.4119276e+01 -3.0577179e+01 -3.0577103e+01 -3.0397125e+01 -3.0395935e+01 -3.0221972e+01 -3.0221953e+01 -1.5801649e+00 -1.5800819e+00 -1.1873414e+00 -1.1871447e+00 -7.8649888e-01 -7.8646770e-01 +3.8631678e+00 +3.8656505e+00 +3.8942181e+00 +3.8967080e+00 +1.0332537e+01 +1.0339392e+01 +1.1409719e+01 
-5.4120244e+01 -5.4119791e+01 -3.0602886e+01 -3.0602790e+01 -3.0394032e+01 -3.0392870e+01 -3.0192364e+01 -3.0192353e+01 -1.6523479e+00 -1.6523452e+00 -1.1998406e+00 -1.1996562e+00 -7.3769462e-01 -7.3768135e-01 +3.8433668e+00 +3.8457898e+00 +3.8886237e+00 +3.8911201e+00 +1.0260881e+01 +1.0266460e+01 +1.1274635e+01 
-5.4120849e+01 -5.4120379e+01 -3.0627459e+01 -3.0627340e+01 -3.0390502e+01 -3.0389371e+01 -3.0163390e+01 -3.0163390e+01 -1.7236403e+00 -1.7235312e+00 -1.2137017e+00 -1.2135290e+00 -6.9278430e-01 -6.9272877e-01 +3.8195183e+00 +3.8218402e+00 +3.8826892e+00 +3.8851755e+00 +1.0179185e+01 +1.0183008e+01 +1.1182132e+01 
-5.4121527e+01 -5.4121038e+01 -3.0650800e+01 -3.0650658e+01 -3.0386549e+01 -3.0385453e+01 -3.0135198e+01 -3.0135185e+01 -1.7935394e+00 -1.7933093e+00 -1.2287055e+00 -1.2285430e+00 -6.5182979e-01 -6.5173801e-01 +3.7914796e+00 +3.7936620e+00 +3.8766820e+00 +3.8791401e+00 +1.0073945e+01 +1.0076007e+01 +1.1138609e+01 
-5.4122274e+01 -5.4121765e+01 -3.0672819e+01 -3.0672652e+01 -3.0382193e+01 -3.0381135e+01 -3.0107911e+01 -3.0107883e+01 -1.8616480e+00 -1.8612876e+00 -1.2446165e+00 -1.2444619e+00 -6.1487233e-01 -6.1475348e-01 +3.7591589e+00 +3.7611685e+00 +3.8708924e+00 +3.8733037e+00 +9.9421899e+00 +9.9429330e+00 +1.1142566e+01 
-5.4123086e+01 -5.4122557e+01 -3.0693430e+01 -3.0693237e+01 -3.0377450e+01 -3.0376435e+01 -3.0081658e+01 -3.0081612e+01 -1.9275938e+00 -1.9270991e+00 -1.2611858e+00 -1.2610366e+00 -5.8189600e-01 -5.8176201e-01 +3.7225134e+00 +3.7243233e+00 +3.8656167e+00 +3.8679627e+00 +9.7882676e+00 +9.7882868e+00 +1.1186757e+01 
-5.4123958e+01 -5.4123411e+01 -3.0712556e+01 -3.0712335e+01 -3.0372342e+01 -3.0371372e+01 -3.0056566e+01 -3.0056500e+01 -1.9910321e+00 -1.9904037e+00 -1.2781550e+00 -1.2780082e+00 -5.5282378e-01 -5.5268885e-01 +3.6815488e+00 +3.6831386e+00 +3.8611401e+00 +3.8634035e+00 +9.6179751e+00 +9.6183267e+00 +1.1263240e+01 
-5.4124885e+01 -5.4124323e+01 -3.0730124e+01 -3.0729874e+01 -3.0366891e+01 -3.0365970e+01 -3.0032756e+01 -3.0032667e+01 -2.0516470e+00 -2.0508899e+00 -1.2952589e+00 -1.2951117e+00 -5.2751475e-01 -5.2739474e-01 +3.6363184e+00 +3.6376744e+00 +3.8577224e+00 +3.8598872e+00 +9.4367605e+00 +9.4371763e+00 +1.1365998e+01 
-5.4125862e+01 -5.4125290e+01 -3.0746069e+01 -3.0745789e+01 -3.0361120e+01 -3.0360252e+01 -3.0010343e+01 -3.0010231e+01 -2.1091529e+00 -2.1082764e+00 -1.3122287e+00 -1.3120793e+00 -5.0576250e-01 -5.0567411e-01 +3.5869167e+00 +3.5880315e+00 +3.8555847e+00 +3.8576371e+00 +9.2477584e+00 +9.2480894e+00 +1.1491132e+01 
-5.4126886e+01 -5.4126308e+01 -3.0760334e+01 -3.0760022e+01 -3.0355054e+01 -3.0354242e+01 -2.9989439e+01 -2.9989300e+01 -2.1632951e+00 -2.1623125e+00 -1.3287953e+00 -1.3286429e+00 -4.8729476e-01 -4.8725456e-01 +3.5334604e+00 +3.5343337e+00 +3.8548996e+00 +3.8568279e+00 +9.0529718e+00 +9.0531423e+00 +1.1636313e+01 
-5.4127949e+01 -5.4127374e+01 -3.0772867e+01 -3.0772522e+01 -3.0348720e+01 -3.0347967e+01 -2.9970147e+01 -2.9969979e+01 -2.2138503e+00 -2.2127792e+00 -1.3446923e+00 -1.3445377e+00 -4.7179773e-01 -4.7177445e-01 +3.4760566e+00 +3.4766952e+00 +3.8557831e+00 +3.8575782e+00 +8.8536850e+00 +8.8537086e+00 +1.1800281e+01 
-5.4129048e+01 -5.4128484e+01 -3.0783624e+01 -3.0783245e+01 -3.0342145e+01 -3.0341453e+01 -2.9952564e+01 -2.9952363e+01 -2.2606270e+00 -2.2594896e+00 -1.3596599e+00 -1.3595058e+00 -4.5890170e-01 -4.5880224e-01 +3.4147550e+00 +3.4151743e+00 +3.8582894e+00 +3.8599452e+00 +8.6506458e+00 +8.6508742e+00 +1.1982519e+01 
-5.4130176e+01 -5.4129635e+01 -3.0792570e+01 -3.0792154e+01 -3.0335358e+01 -3.0334730e+01 -2.9936777e+01 -2.9936542e+01 -2.3034674e+00 -2.3022901e+00 -1.3734490e+00 -1.3733001e+00 -4.4810510e-01 -4.4792054e-01 +3.3494978e+00 +3.3497223e+00 +3.8624084e+00 +3.8639219e+00 +8.4447160e+00 +8.4451482e+00 +1.2183070e+01 
-5.4131329e+01 -5.4130823e+01 -3.0799674e+01 -3.0799221e+01 -3.0328388e+01 -3.0327826e+01 -2.9922867e+01 -2.9922594e+01 -2.3422506e+00 -2.3410634e+00 -1.3858262e+00 -1.3856886e+00 -4.3889274e-01 -4.3861897e-01 +3.2800867e+00 +3.2801489e+00 +3.8680645e+00 +3.8694364e+00 +8.2364573e+00 +8.2370868e+00 +1.2402420e+01 
-5.4132500e+01 -5.4132046e+01 -3.0804916e+01 -3.0804424e+01 -3.0321264e+01 -3.0320770e+01 -2.9910905e+01 -2.9910590e+01 -2.3768994e+00 -2.3757347e+00 -1.3965785e+00 -1.3964595e+00 -4.3070249e-01 -4.3034062e-01 +3.2061334e+00 +3.2061967e+00 +3.8751176e+00 +3.8763520e+00 +8.0263635e+00 +8.0271818e+00 +1.2641375e+01 
-5.4133685e+01 -5.4133299e+01 -3.0808281e+01 -3.0807748e+01 -3.0314019e+01 -3.0313594e+01 -2.9900950e+01 -2.9900592e+01 -2.4073929e+00 -2.4062833e+00 -1.4055178e+00 -1.4054240e+00 -4.2293243e-01 -4.2248826e-01 +3.1273003e+00 +3.1274554e+00 +3.8833633e+00 +3.8844681e+00 +7.8148958e+00 +7.8158942e+00 +1.2900846e+01 
-5.4134879e+01 -5.4134577e+01 -3.0809762e+01 -3.0809188e+01 -3.0306684e+01 -3.0306329e+01 -2.9893051e+01 -2.9892649e+01 -2.4337824e+00 -2.4327587e+00 -1.4124826e+00 -1.4124190e+00 -4.1494727e-01 -4.1442956e-01 +3.0433504e+00 +3.0435751e+00 +3.8925336e+00 +3.8935208e+00 +7.6024980e+00 +7.6036688e+00 +1.3181452e+01 
-5.4136080e+01 -5.4135874e+01 -3.0809362e+01 -3.0808743e+01 -3.0299291e+01 -3.0299006e+01 -2.9887243e+01 -2.9886797e+01 -2.4562076e+00 -2.4552971e+00 -1.4173377e+00 -1.4173065e+00 -4.0608319e-01 -4.0550095e-01 +2.9541964e+00 +2.9544873e+00 +3.9022946e+00 +3.9031800e+00 +7.3895987e+00 +7.3909360e+00 +1.3482846e+01 
-5.4137286e+01 -5.4137179e+01 -3.0807088e+01 -3.0806425e+01 -3.0291875e+01 -3.0291659e+01 -2.9883546e+01 -2.9883059e+01 -2.4749042e+00 -2.4741314e+00 -1.4199718e+00 -1.4199715e+00 -3.9565214e-01 -3.9501195e-01 +2.8600424e+00 +2.8604160e+00 +3.9122410e+00 +3.9130437e+00 +7.1766006e+00 +7.1781012e+00 +1.3802698e+01 
-5.4138494e+01 -5.4138480e+01 -3.0802959e+01 -3.0802248e+01 -3.0284467e+01 -3.0284320e+01 -2.9881964e+01 -2.9881440e+01 -2.4901971e+00 -2.4895858e+00 -1.4203192e+00 -1.4202938e+00 -3.8294851e-01 -3.8225330e-01 +2.7613724e+00 +2.7618598e+00 +3.9218846e+00 +3.9226261e+00 +6.9638632e+00 +6.9655262e+00 +1.4133471e+01 
-5.4139762e+01 -5.4139701e+01 -3.0796999e+01 -3.0796239e+01 -3.0277102e+01 -3.0277023e+01 -2.9882488e+01 -2.9881932e+01 -2.5024790e+00 -2.5020543e+00 -1.4182724e+00 -1.4182298e+00 -3.6726134e-01 -3.6651197e-01 +2.6588672e+00 +2.6595047e+00 +3.9306364e+00 +3.9313384e+00 +6.7516934e+00 +6.7535192e+00 +1.4466140e+01 
-5.4141014e+01 -5.4140904e+01 -3.0789242e+01 -3.0788432e+01 -3.0269813e+01 -3.0269799e+01 -2.9885097e+01 -2.9884514e+01 -2.5121818e+00 -2.5119697e+00 -1.4137701e+00 -1.4137216e+00 -3.4789221e-01 -3.4709160e-01 +2.5533017e+00 +2.5541211e+00 +3.9377816e+00 +3.9384624e+00 +6.5403765e+00 +6.5423645e+00 +1.4788062e+01 
-5.4142226e+01 -5.4142095e+01 -3.0779729e+01 -3.0778869e+01 -3.0262682e+01 -3.0262631e+01 -2.9889757e+01 -2.9889150e+01 -2.5197710e+00 -2.5197501e+00 -1.4067691e+00 -1.4067277e+00 -3.2417356e-01 -3.2333165e-01 +2.4454644e+00 +2.4464866e+00 +3.9424474e+00 +3.9431170e+00 +6.3302896e+00 +6.3324348e+00 +1.5084330e+01 
-5.4143391e+01 -5.4143269e+01 -3.0768510e+01 -3.0767601e+01 -3.0255703e+01 -3.0255590e+01 -2.9896424e+01 -2.9895795e+01 -2.5258737e+00 -2.5256134e+00 -1.3972464e+00 -1.3972263e+00 -2.9548093e-01 -2.9461741e-01 +2.3361169e+00 +2.3373485e+00 +3.9435584e+00 +3.9442151e+00 +6.1221192e+00 +6.1244093e+00 +1.5343367e+01 
-5.4144511e+01 -5.4144419e+01 -3.0755644e+01 -3.0754688e+01 -3.0248895e+01 -3.0248720e+01 -2.9905046e+01 -2.9904395e+01 -2.5306469e+00 -2.5301609e+00 -1.3852196e+00 -1.3852037e+00 -2.6123881e-01 -2.6038178e-01 +2.2259833e+00 +2.2274173e+00 +3.9397712e+00 +3.9404005e+00 +5.9171347e+00 +5.9195488e+00 +1.5561456e+01 
-5.4145588e+01 -5.4145539e+01 -3.0741197e+01 -3.0740199e+01 -3.0242288e+01 -3.0242054e+01 -2.9915560e+01 -2.9914885e+01 -2.5344020e+00 -2.5337211e+00 -1.3707390e+00 -1.3706714e+00 -2.2092900e-01 -2.2011007e-01 +2.1157572e+00 +2.1173744e+00 +3.9293766e+00 +3.9299560e+00 +5.7174054e+00 +5.7199151e+00 +1.5744119e+01 
-5.4146625e+01 -5.4146621e+01 -3.0725250e+01 -3.0724212e+01 -3.0235913e+01 -3.0235621e+01 -2.9927890e+01 -2.9927190e+01 -2.5373952e+00 -2.5365582e+00 -1.3538490e+00 -1.3537130e+00 -1.7411108e-01 -1.7335980e-01 +2.0061127e+00 +2.0078849e+00 +3.9101792e+00 +3.9106860e+00 +5.5258703e+00 +5.5284413e+00 +1.5903383e+01 
-5.4147661e+01 -5.4147622e+01 -3.0707892e+01 -3.0706818e+01 -3.0229799e+01 -3.0229450e+01 -2.9941945e+01 -2.9941218e+01 -2.5398395e+00 -2.5388818e+00 -1.3346520e+00 -1.3344292e+00 -1.2045447e-01 -1.1979467e-01 +1.8977160e+00 +1.8996072e+00 +3.8794108e+00 +3.8798315e+00 +5.3462461e+00 +5.3488387e+00 +1.6053052e+01 
-5.4148652e+01 -5.4148576e+01 -3.0689227e+01 -3.0688119e+01 -3.0223974e+01 -3.0223571e+01 -2.9957617e+01 -2.9956862e+01 -2.5419137e+00 -2.5408608e+00 -1.3132911e+00 -1.3129609e+00 -5.9773158e-02 -5.9221646e-02 +1.7912329e+00 +1.7932013e+00 +3.8338224e+00 +3.8341602e+00 +5.1827573e+00 +5.1853243e+00 +1.6204894e+01 
-5.4149590e+01 -5.4149481e+01 -3.0669375e+01 -3.0668236e+01 -3.0218465e+01 -3.0218010e+01 -2.9974777e+01 -2.9973996e+01 -2.5437650e+00 -2.5426311e+00 -1.2899531e+00 -1.2894918e+00 +7.9437158e-03 +8.3770529e-03 +1.6873349e+00 +1.6893333e+00 +3.7701751e+00 +3.7704511e+00 +5.0395557e+00 +5.0420414e+00 +1.6367032e+01 
-5.4150470e+01 -5.4150332e+01 -3.0648475e+01 -3.0647305e+01 -3.0213298e+01 -3.0212793e+01 -2.9993276e+01 -2.9992468e+01 -2.5455075e+00 -2.5442982e+00 -1.2648708e+00 -1.2642512e+00 +8.2505427e-02 +8.2817294e-02 +1.5867032e+00 +1.5886796e+00 +3.6862485e+00 +3.6864930e+00 +4.9197151e+00 +4.9220610e+00 +1.6544108e+01 
-5.4151288e+01 -5.4151121e+01 -3.0626688e+01 -3.0625489e+01 -3.0208497e+01 -3.0207945e+01 -3.0012938e+01 -3.0012105e+01 -2.5472195e+00 -2.5459359e+00 -1.2383261e+00 -1.2375174e+00 +1.6349280e-01 +1.6368658e-01 +1.4900324e+00 +1.4919304e+00 +3.5820048e+00 +3.5822392e+00 +4.8241257e+00 +4.8262839e+00 +1.6738203e+01 
-5.4152040e+01 -5.4151845e+01 -3.0604207e+01 -3.0602981e+01 -3.0204084e+01 -3.0203487e+01 -3.0033555e+01 -3.0032700e+01 -2.5489431e+00 -2.5475860e+00 -1.2106550e+00 -1.2096239e+00 +2.5022525e-01 +2.5031161e-01 +1.3980361e+00 +1.3997952e+00 +3.4600638e+00 +3.4602828e+00 +4.7511001e+00 +4.7530461e+00 +1.6949813e+01 
-5.4152723e+01 -5.4152498e+01 -3.0581267e+01 -3.0580014e+01 -3.0200079e+01 -3.0199440e+01 -3.0054876e+01 -3.0054003e+01 -2.5506864e+00 -2.5492596e+00 -1.1822603e+00 -1.1809731e+00 +3.4171324e-01 +3.4171543e-01 +1.3114556e+00 +1.3130141e+00 +3.3250640e+00 +3.3252280e+00 +4.6971069e+00 +4.6988423e+00 +1.7178572e+01 
-5.4153332e+01 -5.4153079e+01 -3.0558161e+01 -3.0556882e+01 -3.0196501e+01 -3.0195824e+01 -3.0076592e+01 -3.0075705e+01 -2.5524280e+00 -2.5509402e+00 -1.1536352e+00 -1.1520622e+00 +4.3653912e-01 +4.3660183e-01 +1.2310795e+00 +1.2323788e+00 +3.1825172e+00 +3.1825564e+00 +4.6580320e+00 +4.6595776e+00 +1.7423693e+01 
-5.4153867e+01 -5.4153586e+01 -3.0535269e+01 -3.0533965e+01 -3.0193368e+01 -3.0192655e+01 -3.0098308e+01 -3.0097414e+01 -2.5541228e+00 -2.5525881e+00 -1.1254036e+00 -1.1235248e+00 +5.3295673e-01 +5.3304226e-01 +1.1577740e+00 +1.1587653e+00 +3.0378436e+00 +3.0380185e+00 +4.6301327e+00 +4.6315189e+00 +1.7684179e+01 
-5.4154325e+01 -5.4154018e+01 -3.0513097e+01 -3.0511768e+01 -3.0190692e+01 -3.0189947e+01 -3.0119505e+01 -3.0118610e+01 -2.5557100e+00 -2.5541462e+00 -1.0983714e+00 -1.0961833e+00 +6.2847807e-01 +6.2853995e-01 +1.0925232e+00 +1.0931767e+00 +2.8966173e+00 +2.8971008e+00 +4.6104256e+00 +4.6116845e+00 +1.7958840e+01 
-5.4154703e+01 -5.4154378e+01 -3.0492336e+01 -3.0490981e+01 -3.0188487e+01 -3.0187715e+01 -3.0139480e+01 -3.0138595e+01 -2.5571216e+00 -2.5555468e+00 -1.0735670e+00 -1.0710877e+00 +7.1967272e-01 +7.1968578e-01 +1.0364612e+00 +1.0367749e+00 +2.7646878e+00 +2.7655615e+00 +4.5966985e+00 +4.5978602e+00 +1.8246094e+01 
-5.4154999e+01 -5.4154662e+01 -3.0473928e+01 -3.0472546e+01 -3.0186761e+01 -3.0185967e+01 -3.0157284e+01 -3.0156414e+01 -2.5582923e+00 -2.5567209e+00 -1.0522267e+00 -1.0494974e+00 +8.0174711e-01 +8.0188157e-01 +9.9086006e-01 +9.9086480e-01 +2.6486674e+00 +2.6499754e+00 +4.5873808e+00 +4.5884716e+00 +1.8543246e+01 
-5.4155213e+01 -5.4154869e+01 -3.0459116e+01 -3.0457708e+01 -3.0185523e+01 -3.0184712e+01 -3.0171668e+01 -3.0170819e+01 -2.5591671e+00 -2.5576067e+00 -1.0356867e+00 -1.0327674e+00 +8.6858493e-01 +8.6886461e-01 +9.5679711e-01 +9.5703851e-01 +2.5563054e+00 +2.5580275e+00 +4.5813995e+00 +4.5824421e+00 +1.8843879e+01 
-5.4155342e+01 -5.4154996e+01 -3.0449348e+01 -3.0447921e+01 -3.0184778e+01 -3.0183957e+01 -3.0181180e+01 -3.0180348e+01 -2.5597069e+00 -2.5581574e+00 -1.0251755e+00 -1.0221388e+00 +9.1300266e-01 +9.1340650e-01 +9.3578443e-01 +9.3618377e-01 +2.4960221e+00 +2.4980507e+00 +4.5780654e+00 +4.5790798e+00 +1.9125183e+01 
-5.4155385e+01 -5.4155038e+01 -3.0445914e+01 -3.0444479e+01 -3.0184530e+01 -3.0184530e+01 -3.0183705e+01 -3.0183705e+01 -2.5598893e+00 -2.5583441e+00 -1.0215663e+00 -1.0184900e+00 +9.2867784e-01 +9.2867785e-01 +9.2913151e-01 +9.2913152e-01 +2.4749610e+00 +2.4771041e+00 +4.5769950e+00 +4.5780002e+00 +1.9274165e+01 
-5.4136472e+01 -5.4136110e+01 -3.1042211e+01 -3.1042211e+01 -3.0157562e+01 -3.0156737e+01 -2.9758695e+01 -2.9758695e+01 -3.7481498e+00 -3.7472377e+00 -1.7137440e+00 -1.7137440e+00 +2.2394822e+00 +2.2394822e+00 +3.1278076e+00 +3.1290330e+00 +3.7910875e+00 +3.7942291e+00 +6.1737031e+00 +6.1737031e+00 +1.1764122e+01 
-5.4136430e+01 -5.4136070e+01 -3.1041496e+01 -3.1041496e+01 -3.0158134e+01 -3.0157314e+01 -2.9759430e+01 -2.9759430e+01 -3.7434192e+00 -3.7425109e+00 -1.7141526e+00 -1.7141526e+00 +2.2288414e+00 +2.2288414e+00 +3.1294460e+00 +3.1306595e+00 +3.7913965e+00 +3.7945383e+00 +6.1870161e+00 +6.1870161e+00 +1.1760541e+01 
-5.4136306e+01 -5.4135950e+01 -3.1039355e+01 -3.1039355e+01 -3.0159844e+01 -3.0159039e+01 -2.9761634e+01 -2.9761634e+01 -3.7292494e+00 -3.7283527e+00 -1.7153608e+00 -1.7153608e+00 +2.1973744e+00 +2.1973744e+00 +3.1343541e+00 +3.1355322e+00 +3.7923210e+00 +3.7954633e+00 +6.2264985e+00 +6.2264985e+00 +1.1749828e+01 
-5.4136100e+01 -5.4135750e+01 -3.1035791e+01 -3.1035791e+01 -3.0162676e+01 -3.0161895e+01 -2.9765301e+01 -2.9765301e+01 -3.7057067e+00 -3.7048296e+00 -1.7173169e+00 -1.7173169e+00 +2.1463691e+00 +2.1463691e+00 +3.1425107e+00 +3.1436300e+00 +3.7938528e+00 +3.7969958e+00 +6.2908581e+00 +6.2908581e+00 +1.1732082e+01 
-5.4135814e+01 -5.4135472e+01 -3.1030813e+01 -3.1030813e+01 -3.0166602e+01 -3.0165856e+01 -2.9770423e+01 -2.9770423e+01 -3.6729012e+00 -3.6720524e+00 -1.7199347e+00 -1.7199347e+00 +2.0777428e+00 +2.0777428e+00 +3.1538783e+00 +3.1549165e+00 +3.7959785e+00 +3.7991223e+00 +6.3781714e+00 +6.3781714e+00 +1.1707467e+01 
-5.4135451e+01 -5.4135119e+01 -3.1024429e+01 -3.1024429e+01 -3.0171585e+01 -3.0170882e+01 -2.9776988e+01 -2.9776988e+01 -3.6309869e+00 -3.6301754e+00 -1.7230950e+00 -1.7230950e+00 +1.9937817e+00 +1.9937817e+00 +3.1684002e+00 +3.1693364e+00 +3.7986790e+00 +3.8018236e+00 +6.4861444e+00 +6.4861444e+00 +1.1676205e+01 
-5.4135013e+01 -5.4134693e+01 -3.1016655e+01 -3.1016655e+01 -3.0177577e+01 -3.0176925e+01 -2.9784982e+01 -2.9784982e+01 -3.5801598e+00 -3.5793949e+00 -1.7266469e+00 -1.7266469e+00 +1.8968943e+00 +1.8968943e+00 +3.1859948e+00 +3.1868115e+00 +3.8019300e+00 +3.8050752e+00 +6.6123611e+00 +6.6123611e+00 +1.1638578e+01 
-5.4134505e+01 -5.4134197e+01 -3.1007506e+01 -3.1007506e+01 -3.0184519e+01 -3.0183928e+01 -2.9794386e+01 -2.9794386e+01 -3.5206558e+00 -3.5199458e+00 -1.7304097e+00 -1.7304097e+00 +1.7894241e+00 +1.7894241e+00 +3.2065484e+00 +3.2072327e+00 +3.8057017e+00 +3.8088470e+00 +6.7544736e+00 +6.7544736e+00 +1.1594912e+01 
-5.4133930e+01 -5.4133635e+01 -3.0997001e+01 -3.0997001e+01 -3.0192346e+01 -3.0191823e+01 -2.9805178e+01 -2.9805178e+01 -3.4527461e+00 -3.4520973e+00 -1.7341764e+00 -1.7341764e+00 +1.6735313e+00 +1.6735313e+00 +3.2299040e+00 +3.2304503e+00 +3.8099585e+00 +3.8131030e+00 +6.9103247e+00 +6.9103247e+00 +1.1545570e+01 
-5.4133293e+01 -5.4133011e+01 -3.0985163e+01 -3.0985163e+01 -3.0200983e+01 -3.0200536e+01 -2.9817335e+01 -2.9817335e+01 -3.3767349e+00 -3.3761499e+00 -1.7377177e+00 -1.7377177e+00 +1.5511361e+00 +1.5511361e+00 +3.2558517e+00 +3.2562632e+00 +3.8146592e+00 +3.8178017e+00 +7.0780103e+00 +7.0780103e+00 +1.1490926e+01 
-5.4132602e+01 -5.4132328e+01 -3.0972017e+01 -3.0972017e+01 -3.0210348e+01 -3.0209982e+01 -2.9830827e+01 -2.9830827e+01 -3.2929608e+00 -3.2924368e+00 -1.7407873e+00 -1.7407873e+00 +1.4239036e+00 +1.4239036e+00 +3.2841234e+00 +3.2844133e+00 +3.8197568e+00 +3.8228956e+00 +7.2558988e+00 +7.2558988e+00 +1.1431352e+01 
-5.4131863e+01 -5.4131592e+01 -3.0957590e+01 -3.0957590e+01 -3.0220352e+01 -3.0220074e+01 -2.9845624e+01 -2.9845624e+01 -3.2018112e+00 -3.2013389e+00 -1.7431284e+00 -1.7431284e+00 +1.2932564e+00 +1.2932564e+00 +3.3144032e+00 +3.3145923e+00 +3.8251984e+00 +3.8283312e+00 +7.4426229e+00 +7.4426229e+00 +1.1367203e+01 
-5.4131085e+01 -5.4130810e+01 -3.0941914e+01 -3.0941914e+01 -3.0230901e+01 -3.0230716e+01 -2.9861692e+01 -2.9861692e+01 -3.1037496e+00 -3.1033146e+00 -1.7444798e+00 -1.7444798e+00 +1.1603995e+00 +1.1603995e+00 +3.3463604e+00 +3.3464715e+00 +3.8309249e+00 +3.8340489e+00 +7.6370538e+00 +7.6370538e+00 +1.1298831e+01 
-5.4130274e+01 -5.4129989e+01 -3.0925022e+01 -3.0925022e+01 -3.0241896e+01 -3.0241809e+01 -2.9878993e+01 -2.9878993e+01 -2.9993505e+00 -2.9989366e+00 -1.7445820e+00 -1.7445820e+00 +1.0263511e+00 +1.0263511e+00 +3.3796969e+00 +3.3797465e+00 +3.8368714e+00 +3.8399832e+00 +7.8382651e+00 +7.8382651e+00 +1.1226077e+01 
-5.4129440e+01 -5.4129141e+01 -3.0906951e+01 -3.0906951e+01 -3.0253250e+01 -3.0253236e+01 -2.9897488e+01 -2.9897488e+01 -2.8893202e+00 -2.8889142e+00 -1.7431814e+00 -1.7431814e+00 +8.9197328e-01 +8.9197328e-01 +3.4141764e+00 +3.4141861e+00 +3.8429675e+00 +3.8460628e+00 +8.0454928e+00 +8.0454928e+00 +1.1149859e+01 
-5.4128590e+01 -5.4128275e+01 -3.0887741e+01 -3.0887741e+01 -3.0264933e+01 -3.0264816e+01 -2.9917132e+01 -2.9917132e+01 -2.7744876e+00 -2.7740831e+00 -1.7400326e+00 -1.7400326e+00 +7.5799969e-01 +7.5799969e-01 +3.4495876e+00 +3.4496716e+00 +3.8491378e+00 +3.8522121e+00 +8.2580974e+00 +8.2580974e+00 +1.1070903e+01 
-5.4127731e+01 -5.4127399e+01 -3.0867432e+01 -3.0867432e+01 -3.0276752e+01 -3.0276531e+01 -2.9937881e+01 -2.9937881e+01 -2.6557709e+00 -2.6553695e+00 -1.7348990e+00 -1.7348990e+00 +6.2505887e-01 +6.2505887e-01 +3.4858378e+00 +3.4860255e+00 +3.8553038e+00 +3.8583517e+00 +8.4755321e+00 +8.4755321e+00 +1.0990107e+01 
-5.4126870e+01 -5.4126523e+01 -3.0846069e+01 -3.0846069e+01 -3.0288599e+01 -3.0288275e+01 -2.9959687e+01 -2.9959687e+01 -2.5341442e+00 -2.5337540e+00 -1.7275515e+00 -1.7275515e+00 +4.9369246e-01 +4.9369246e-01 +3.5227633e+00 +3.5230919e+00 +3.8613856e+00 +3.8644012e+00 +8.6973206e+00 +8.6973206e+00 +1.0908505e+01 
-5.4126012e+01 -5.4125654e+01 -3.0823700e+01 -3.0823700e+01 -3.0300366e+01 -3.0299940e+01 -2.9982499e+01 -2.9982499e+01 -2.4106207e+00 -2.4102539e+00 -1.7177667e+00 -1.7177667e+00 +3.6436939e-01 +3.6436939e-01 +3.5601399e+00 +3.5606468e+00 +3.8673045e+00 +3.8702821e+00 +8.9230432e+00 +8.9230432e+00 +1.0827223e+01 
-5.4125167e+01 -5.4124799e+01 -3.0800372e+01 -3.0800372e+01 -3.0311949e+01 -3.0311423e+01 -3.0006264e+01 -3.0006264e+01 -2.2862548e+00 -2.2859246e+00 -1.7053257e+00 -1.7053257e+00 +2.3749668e-01 +2.3749668e-01 +3.5976681e+00 +3.5983855e+00 +3.8729867e+00 +3.8759205e+00 +9.1523298e+00 +9.1523298e+00 +1.0747442e+01 
-5.4124341e+01 -5.4123965e+01 -3.0776138e+01 -3.0776138e+01 -3.0323244e+01 -3.0322621e+01 -3.0030929e+01 -3.0030929e+01 -2.1621517e+00 -2.1618705e+00 -1.6900135e+00 -1.6900135e+00 +1.1342804e-01 +1.1342804e-01 +3.6349786e+00 +3.6359302e+00 +3.8783667e+00 +3.8812514e+00 +9.3848555e+00 +9.3848555e+00 +1.0670413e+01 
-5.4123542e+01 -5.4123159e+01 -3.0751050e+01 -3.0751050e+01 -3.0334150e+01 -3.0333434e+01 -3.0056436e+01 -3.0056436e+01 -2.0394763e+00 -2.0392541e+00 -1.6716191e+00 -1.6716191e+00 -7.5291879e-03 -7.5291879e-03 +3.6716465e+00 +3.6728461e+00 +3.8833903e+00 +3.8862213e+00 +9.6203386e+00 +9.6203386e+00 +1.0597501e+01 
-5.4122776e+01 -5.4122387e+01 -3.0725164e+01 -3.0725164e+01 -3.0344571e+01 -3.0343768e+01 -3.0082726e+01 -3.0082726e+01 -1.9194574e+00 -1.9193015e+00 -1.6499372e+00 -1.6499372e+00 -1.2510834e-01 -1.2510834e-01 +3.7072076e+00 +3.7086585e+00 +3.8880167e+00 +3.8907909e+00 +9.8585375e+00 +9.8585375e+00 +1.0530269e+01 
-5.4122051e+01 -5.4121657e+01 -3.0698537e+01 -3.0698537e+01 -3.0354417e+01 -3.0353531e+01 -3.0109740e+01 -3.0109740e+01 -1.8033852e+00 -1.8032993e+00 -1.6247704e+00 -1.6247704e+00 -2.3907874e-01 -2.3907874e-01 +3.7411746e+00 +3.7428694e+00 +3.8922197e+00 +3.8949353e+00 +1.0099249e+01 +1.0099249e+01 +1.0470620e+01 
-5.4121373e+01 -5.4120976e+01 -3.0671228e+01 -3.0671228e+01 -3.0363601e+01 -3.0362639e+01 -3.0137414e+01 -3.0137414e+01 -1.6926022e+00 -1.6925862e+00 -1.5959326e+00 -1.5959326e+00 -3.4924207e-01 -3.4924207e-01 +3.7730526e+00 +3.7749739e+00 +3.8959866e+00 +3.8986435e+00 +1.0342302e+01 +1.0342302e+01 +1.0421017e+01 
-5.4120749e+01 -5.4120348e+01 -3.0643298e+01 -3.0643298e+01 -3.0372044e+01 -3.0371012e+01 -3.0165684e+01 -3.0165684e+01 -1.5885374e+00 -1.5884877e+00 -1.5632522e+00 -1.5632522e+00 -4.5542957e-01 -4.5542957e-01 +3.8023580e+00 +3.8044779e+00 +3.8993157e+00 +3.9019156e+00 +1.0384862e+01 +1.0393153e+01 +1.0587555e+01 
-5.4120185e+01 -5.4119779e+01 -3.0614810e+01 -3.0614810e+01 -3.0379673e+01 -3.0378579e+01 -3.0194487e+01 -3.0194487e+01 -1.5265764e+00 -1.5265764e+00 -1.4925428e+00 -1.4924364e+00 -5.5750014e-01 -5.5750014e-01 +3.8286397e+00 +3.8309208e+00 +3.9022138e+00 +3.9047600e+00 +1.0367161e+01 +1.0375641e+01 +1.0834890e+01 
-5.4119684e+01 -5.4119275e+01 -3.0585826e+01 -3.0585826e+01 -3.0386424e+01 -3.0385275e+01 -3.0223753e+01 -3.0223753e+01 -1.4857744e+00 -1.4857744e+00 -1.4059794e+00 -1.4058313e+00 -6.5533908e-01 -6.5533908e-01 +3.8515084e+00 +3.8539054e+00 +3.9046923e+00 +3.9071895e+00 +1.0375742e+01 +1.0384235e+01 +1.1084198e+01 
-5.4119253e+01 -5.4118841e+01 -3.0556413e+01 -3.0556413e+01 -3.0392238e+01 -3.0391045e+01 -3.0253416e+01 -3.0253416e+01 -1.4407409e+00 -1.4407409e+00 -1.3301795e+00 -1.3300122e+00 -7.4885735e-01 -7.4885735e-01 +3.8706738e+00 +3.8731367e+00 +3.9067642e+00 +3.9092184e+00 +1.0423465e+01 +1.0431724e+01 +1.1335375e+01 
-5.4118895e+01 -5.4118479e+01 -3.0526636e+01 -3.0526636e+01 -3.0397068e+01 -3.0395839e+01 -3.0283405e+01 -3.0283405e+01 -1.3913973e+00 -1.3913973e+00 -1.2663944e+00 -1.2662407e+00 -8.3799073e-01 -8.3799073e-01 +3.8859870e+00 +3.8884665e+00 +3.9084421e+00 +3.9108602e+00 +1.0532017e+01 +1.0539676e+01 +1.1588298e+01 
-5.4118613e+01 -5.4118192e+01 -3.0496562e+01 -3.0496562e+01 -3.0400873e+01 -3.0399621e+01 -3.0313651e+01 -3.0313651e+01 -1.3376911e+00 -1.3376911e+00 -1.2157520e+00 -1.2156581e+00 -9.2269851e-01 -9.2269851e-01 +3.8974761e+00 +3.8999323e+00 +3.9097366e+00 +3.9121260e+00 +1.0736419e+01 +1.0742931e+01 +1.1842808e+01 
-5.4118410e+01 -5.4117984e+01 -3.0466257e+01 -3.0466257e+01 -3.0403625e+01 -3.0402358e+01 -3.0344082e+01 -3.0344082e+01 -1.2795905e+00 -1.2795905e+00 -1.1792067e+00 -1.1791857e+00 -1.0029606e+00 -1.0029606e+00 +3.9053457e+00 +3.9077568e+00 +3.9106559e+00 +3.9130245e+00 +1.1078219e+01 +1.1082808e+01 +1.2098686e+01 
-5.4118287e+01 -5.4117857e+01 -3.0435791e+01 -3.0435791e+01 -3.0405294e+01 -3.0404024e+01 -3.0374625e+01 -3.0374625e+01 -1.2170781e+00 -1.2170781e+00 -1.1574352e+00 -1.1572695e+00 -1.0787731e+00 -1.0787731e+00 +3.9098994e+00 +3.9112053e+00 +3.9122685e+00 +3.9135615e+00 +1.1531009e+01 +1.1532835e+01 +1.2355628e+01 
-5.4118246e+01 -5.4117814e+01 -3.0405856e+01 -3.0405856e+01 -3.0405856e+01 -3.0404586e+01 -3.0404586e+01 -3.0404586e+01 -1.1502625e+00 -1.1502625e+00 -1.1502625e+00 -1.1500221e+00 -1.1500221e+00 -1.1500221e+00 +3.9113881e+00 +3.9113881e+00 +3.9137401e+00 +3.9137401e+00 +1.1795990e+01 +1.1796269e+01 +1.2611298e+01 
