# num high symmetry points
12
# label high symmetry points
G M K G A L H A L M K H 
# indices high symmetry points
1 57 89 154 185 241 273 338 339 370 371 402 
# nk, nb, ns
402 12 1
# k-points (frac coords)
+0.0000000e+00 +0.0000000e+00 +0.0000000e+00 
+8.9285714e-03 +0.0000000e+00 +0.0000000e+00 
+1.7857143e-02 +0.0000000e+00 +0.0000000e+00 
+2.6785714e-02 +0.0000000e+00 +0.0000000e+00 
+3.5714286e-02 +0.0000000e+00 +0.0000000e+00 
+4.4642857e-02 +0.0000000e+00 +0.0000000e+00 
+5.3571429e-02 +0.0000000e+00 +0.0000000e+00 
+6.2500000e-02 +0.0000000e+00 +0.0000000e+00 
+7.1428571e-02 +0.0000000e+00 +0.0000000e+00 
+8.0357143e-02 +0.0000000e+00 +0.0000000e+00 
+8.9285714e-02 +0.0000000e+00 +0.0000000e+00 
+9.8214286e-02 +0.0000000e+00 +0.0000000e+00 
+1.0714286e-01 +0.0000000e+00 +0.0000000e+00 
+1.1607143e-01 +0.0000000e+00 +0.0000000e+00 
+1.2500000e-01 +0.0000000e+00 +0.0000000e+00 
+1.3392857e-01 +0.0000000e+00 +0.0000000e+00 
+1.4285714e-01 +0.0000000e+00 +0.0000000e+00 
+1.5178571e-01 +0.0000000e+00 +0.0000000e+00 
+1.6071429e-01 +0.0000000e+00 +0.0000000e+00 
+1.6964286e-01 +0.0000000e+00 +0.0000000e+00 
+1.7857143e-01 +0.0000000e+00 +0.0000000e+00 
+1.8750000e-01 +0.0000000e+00 +0.0000000e+00 
+1.9642857e-01 +0.0000000e+00 +0.0000000e+00 
+2.0535714e-01 +0.0000000e+00 +0.0000000e+00 
+2.1428571e-01 +0.0000000e+00 +0.0000000e+00 
+2.2321429e-01 +0.0000000e+00 +0.0000000e+00 
+2.3214286e-01 +0.0000000e+00 +0.0000000e+00 
+2.4107143e-01 +0.0000000e+00 +0.0000000e+00 
+2.5000000e-01 +0.0000000e+00 +0.0000000e+00 
+2.5892857e-01 +0.0000000e+00 +0.0000000e+00 
+2.6785714e-01 +0.0000000e+00 +0.0000000e+00 
+2.7678571e-01 +0.0000000e+00 +0.0000000e+00 
+2.8571429e-01 +0.0000000e+00 +0.0000000e+00 
+2.9464286e-01 +0.0000000e+00 +0.0000000e+00 
+3.0357143e-01 +0.0000000e+00 +0.0000000e+00 
+3.1250000e-01 +0.0000000e+00 +0.0000000e+00 
+3.2142857e-01 +0.0000000e+00 +0.0000000e+00 
+3.3035714e-01 +0.0000000e+00 +0.0000000e+00 
+3.3928571e-01 +0.0000000e+00 +0.0000000e+00 
+3.4821429e-01 +0.0000000e+00 +0.0000000e+00 
+3.5714286e-01 +0.0000000e+00 +0.0000000e+00 
+3.6607143e-01 +0.0000000e+00 +0.0000000e+00 
+3.7500000e-01 +0.0000000e+00 +0.0000000e+00 
+3.8392857e-01 +0.0000000e+00 +0.0000000e+00 
+3.9285714e-01 +0.0000000e+00 +0.0000000e+00 
+4.0178571e-01 +0.0000000e+00 +0.0000000e+00 
+4.1071429e-01 +0.0000000e+00 +0.0000000e+00 
+4.1964286e-01 +0.0000000e+00 +0.0000000e+00 
+4.2857143e-01 +0.0000000e+00 +0.0000000e+00 
+4.3750000e-01 +0.0000000e+00 +0.0000000e+00 
+4.4642857e-01 +0.0000000e+00 +0.0000000e+00 
+4.5535714e-01 +0.0000000e+00 +0.0000000e+00 
+4.6428571e-01 +0.0000000e+00 +0.0000000e+00 
+4.7321429e-01 +0.0000000e+00 +0.0000000e+00 
+4.8214286e-01 +0.0000000e+00 +0.0000000e+00 
+4.9107143e-01 +0.0000000e+00 +0.0000000e+00 
+5.0000000e-01 +0.0000000e+00 +0.0000000e+00 
+4.9479167e-01 +1.0416667e-02 +0.0000000e+00 
+4.8958333e-01 +2.0833333e-02 +0.0000000e+00 
+4.8437500e-01 +3.1250000e-02 +0.0000000e+00 
+4.7916667e-01 +4.1666667e-02 +0.0000000e+00 
+4.7395833e-01 +5.2083333e-02 +0.0000000e+00 
+4.6875000e-01 +6.2500000e-02 +0.0000000e+00 
+4.6354167e-01 +7.2916667e-02 +0.0000000e+00 
+4.5833333e-01 +8.3333333e-02 +0.0000000e+00 
+4.5312500e-01 +9.3750000e-02 +0.0000000e+00 
+4.4791667e-01 +1.0416667e-01 +0.0000000e+00 
+4.4270833e-01 +1.1458333e-01 +0.0000000e+00 
+4.3750000e-01 +1.2500000e-01 +0.0000000e+00 
+4.3229167e-01 +1.3541667e-01 +0.0000000e+00 
+4.2708333e-01 +1.4583333e-01 +0.0000000e+00 
+4.2187500e-01 +1.5625000e-01 +0.0000000e+00 
+4.1666667e-01 +1.6666667e-01 +0.0000000e+00 
+4.1145833e-01 +1.7708333e-01 +0.0000000e+00 
+4.0625000e-01 +1.8750000e-01 +0.0000000e+00 
+4.0104167e-01 +1.9791667e-01 +0.0000000e+00 
+3.9583333e-01 +2.0833333e-01 +0.0000000e+00 
+3.9062500e-01 +2.1875000e-01 +0.0000000e+00 
+3.8541667e-01 +2.2916667e-01 +0.0000000e+00 
+3.8020833e-01 +2.3958333e-01 +0.0000000e+00 
+3.7500000e-01 +2.5000000e-01 +0.0000000e+00 
+3.6979167e-01 +2.6041667e-01 +0.0000000e+00 
+3.6458333e-01 +2.7083333e-01 +0.0000000e+00 
+3.5937500e-01 +2.8125000e-01 +0.0000000e+00 
+3.5416667e-01 +2.9166667e-01 +0.0000000e+00 
+3.4895833e-01 +3.0208333e-01 +0.0000000e+00 
+3.4375000e-01 +3.1250000e-01 +0.0000000e+00 
+3.3854167e-01 +3.2291667e-01 +0.0000000e+00 
+3.3333333e-01 +3.3333333e-01 +0.0000000e+00 
+3.2820513e-01 +3.2820513e-01 +0.0000000e+00 
+3.2307692e-01 +3.2307692e-01 +0.0000000e+00 
+3.1794872e-01 +3.1794872e-01 +0.0000000e+00 
+3.1282051e-01 +3.1282051e-01 +0.0000000e+00 
+3.0769231e-01 +3.0769231e-01 +0.0000000e+00 
+3.0256410e-01 +3.0256410e-01 +0.0000000e+00 
+2.9743590e-01 +2.9743590e-01 +0.0000000e+00 
+2.9230769e-01 +2.9230769e-01 +0.0000000e+00 
+2.8717949e-01 +2.8717949e-01 +0.0000000e+00 
+2.8205128e-01 +2.8205128e-01 +0.0000000e+00 
+2.7692308e-01 +2.7692308e-01 +0.0000000e+00 
+2.7179487e-01 +2.7179487e-01 +0.0000000e+00 
+2.6666667e-01 +2.6666667e-01 +0.0000000e+00 
+2.6153846e-01 +2.6153846e-01 +0.0000000e+00 
+2.5641026e-01 +2.5641026e-01 +0.0000000e+00 
+2.5128205e-01 +2.5128205e-01 +0.0000000e+00 
+2.4615385e-01 +2.4615385e-01 +0.0000000e+00 
+2.4102564e-01 +2.4102564e-01 +0.0000000e+00 
+2.3589744e-01 +2.3589744e-01 +0.0000000e+00 
+2.3076923e-01 +2.3076923e-01 +0.0000000e+00 
+2.2564103e-01 +2.2564103e-01 +0.0000000e+00 
+2.2051282e-01 +2.2051282e-01 +0.0000000e+00 
+2.1538462e-01 +2.1538462e-01 +0.0000000e+00 
+2.1025641e-01 +2.1025641e-01 +0.0000000e+00 
+2.0512821e-01 +2.0512821e-01 +0.0000000e+00 
+2.0000000e-01 +2.0000000e-01 +0.0000000e+00 
+1.9487179e-01 +1.9487179e-01 +0.0000000e+00 
+1.8974359e-01 +1.8974359e-01 +0.0000000e+00 
+1.8461538e-01 +1.8461538e-01 +0.0000000e+00 
+1.7948718e-01 +1.7948718e-01 +0.0000000e+00 
+1.7435897e-01 +1.7435897e-01 +0.0000000e+00 
+1.6923077e-01 +1.6923077e-01 +0.0000000e+00 
+1.6410256e-01 +1.6410256e-01 +0.0000000e+00 
+1.5897436e-01 +1.5897436e-01 +0.0000000e+00 
+1.5384615e-01 +1.5384615e-01 +0.0000000e+00 
+1.4871795e-01 +1.4871795e-01 +0.0000000e+00 
+1.4358974e-01 +1.4358974e-01 +0.0000000e+00 
+1.3846154e-01 +1.3846154e-01 +0.0000000e+00 
+1.3333333e-01 +1.3333333e-01 +0.0000000e+00 
+1.2820513e-01 +1.2820513e-01 +0.0000000e+00 
+1.2307692e-01 +1.2307692e-01 +0.0000000e+00 
+1.1794872e-01 +1.1794872e-01 +0.0000000e+00 
+1.1282051e-01 +1.1282051e-01 +0.0000000e+00 
+1.0769231e-01 +1.0769231e-01 +0.0000000e+00 
+1.0256410e-01 +1.0256410e-01 +0.0000000e+00 
+9.7435897e-02 +9.7435897e-02 +0.0000000e+00 
+9.2307692e-02 +9.2307692e-02 +0.0000000e+00 
+8.7179487e-02 +8.7179487e-02 +0.0000000e+00 
+8.2051282e-02 +8.2051282e-02 +0.0000000e+00 
+7.6923077e-02 +7.6923077e-02 +0.0000000e+00 
+7.1794872e-02 +7.1794872e-02 +0.0000000e+00 
+6.6666667e-02 +6.6666667e-02 +0.0000000e+00 
+6.1538462e-02 +6.1538462e-02 +0.0000000e+00 
+5.6410256e-02 +5.6410256e-02 +0.0000000e+00 
+5.1282051e-02 +5.1282051e-02 +0.0000000e+00 
+4.6153846e-02 +4.6153846e-02 +0.0000000e+00 
+4.1025641e-02 +4.1025641e-02 +0.0000000e+00 
+3.5897436e-02 +3.5897436e-02 +0.0000000e+00 
+3.0769231e-02 +3.0769231e-02 +0.0000000e+00 
+2.5641026e-02 +2.5641026e-02 +0.0000000e+00 
+2.0512821e-02 +2.0512821e-02 +0.0000000e+00 
+1.5384615e-02 +1.5384615e-02 +0.0000000e+00 
+1.0256410e-02 +1.0256410e-02 +0.0000000e+00 
+5.1282051e-03 +5.1282051e-03 +0.0000000e+00 
+0.0000000e+00 +0.0000000e+00 +0.0000000e+00 
+0.0000000e+00 +0.0000000e+00 +1.6129032e-02 
+0.0000000e+00 +0.0000000e+00 +3.2258065e-02 
+0.0000000e+00 +0.0000000e+00 +4.8387097e-02 
+0.0000000e+00 +0.0000000e+00 +6.4516129e-02 
+0.0000000e+00 +0.0000000e+00 +8.0645161e-02 
+0.0000000e+00 +0.0000000e+00 +9.6774194e-02 
+0.0000000e+00 +0.0000000e+00 +1.1290323e-01 
+0.0000000e+00 +0.0000000e+00 +1.2903226e-01 
+0.0000000e+00 +0.0000000e+00 +1.4516129e-01 
+0.0000000e+00 +0.0000000e+00 +1.6129032e-01 
+0.0000000e+00 +0.0000000e+00 +1.7741935e-01 
+0.0000000e+00 +0.0000000e+00 +1.9354839e-01 
+0.0000000e+00 +0.0000000e+00 +2.0967742e-01 
+0.0000000e+00 +0.0000000e+00 +2.2580645e-01 
+0.0000000e+00 +0.0000000e+00 +2.4193548e-01 
+0.0000000e+00 +0.0000000e+00 +2.5806452e-01 
+0.0000000e+00 +0.0000000e+00 +2.7419355e-01 
+0.0000000e+00 +0.0000000e+00 +2.9032258e-01 
+0.0000000e+00 +0.0000000e+00 +3.0645161e-01 
+0.0000000e+00 +0.0000000e+00 +3.2258065e-01 
+0.0000000e+00 +0.0000000e+00 +3.3870968e-01 
+0.0000000e+00 +0.0000000e+00 +3.5483871e-01 
+0.0000000e+00 +0.0000000e+00 +3.7096774e-01 
+0.0000000e+00 +0.0000000e+00 +3.8709677e-01 
+0.0000000e+00 +0.0000000e+00 +4.0322581e-01 
+0.0000000e+00 +0.0000000e+00 +4.1935484e-01 
+0.0000000e+00 +0.0000000e+00 +4.3548387e-01 
+0.0000000e+00 +0.0000000e+00 +4.5161290e-01 
+0.0000000e+00 +0.0000000e+00 +4.6774194e-01 
+0.0000000e+00 +0.0000000e+00 +4.8387097e-01 
+0.0000000e+00 +0.0000000e+00 +5.0000000e-01 
+8.9285714e-03 +0.0000000e+00 +5.0000000e-01 
+1.7857143e-02 +0.0000000e+00 +5.0000000e-01 
+2.6785714e-02 +0.0000000e+00 +5.0000000e-01 
+3.5714286e-02 +0.0000000e+00 +5.0000000e-01 
+4.4642857e-02 +0.0000000e+00 +5.0000000e-01 
+5.3571429e-02 +0.0000000e+00 +5.0000000e-01 
+6.2500000e-02 +0.0000000e+00 +5.0000000e-01 
+7.1428571e-02 +0.0000000e+00 +5.0000000e-01 
+8.0357143e-02 +0.0000000e+00 +5.0000000e-01 
+8.9285714e-02 +0.0000000e+00 +5.0000000e-01 
+9.8214286e-02 +0.0000000e+00 +5.0000000e-01 
+1.0714286e-01 +0.0000000e+00 +5.0000000e-01 
+1.1607143e-01 +0.0000000e+00 +5.0000000e-01 
+1.2500000e-01 +0.0000000e+00 +5.0000000e-01 
+1.3392857e-01 +0.0000000e+00 +5.0000000e-01 
+1.4285714e-01 +0.0000000e+00 +5.0000000e-01 
+1.5178571e-01 +0.0000000e+00 +5.0000000e-01 
+1.6071429e-01 +0.0000000e+00 +5.0000000e-01 
+1.6964286e-01 +0.0000000e+00 +5.0000000e-01 
+1.7857143e-01 +0.0000000e+00 +5.0000000e-01 
+1.8750000e-01 +0.0000000e+00 +5.0000000e-01 
+1.9642857e-01 +0.0000000e+00 +5.0000000e-01 
+2.0535714e-01 +0.0000000e+00 +5.0000000e-01 
+2.1428571e-01 +0.0000000e+00 +5.0000000e-01 
+2.2321429e-01 +0.0000000e+00 +5.0000000e-01 
+2.3214286e-01 +0.0000000e+00 +5.0000000e-01 
+2.4107143e-01 +0.0000000e+00 +5.0000000e-01 
+2.5000000e-01 +0.0000000e+00 +5.0000000e-01 
+2.5892857e-01 +0.0000000e+00 +5.0000000e-01 
+2.6785714e-01 +0.0000000e+00 +5.0000000e-01 
+2.7678571e-01 +0.0000000e+00 +5.0000000e-01 
+2.8571429e-01 +0.0000000e+00 +5.0000000e-01 
+2.9464286e-01 +0.0000000e+00 +5.0000000e-01 
+3.0357143e-01 +0.0000000e+00 +5.0000000e-01 
+3.1250000e-01 +0.0000000e+00 +5.0000000e-01 
+3.2142857e-01 +0.0000000e+00 +5.0000000e-01 
+3.3035714e-01 +0.0000000e+00 +5.0000000e-01 
+3.3928571e-01 +0.0000000e+00 +5.0000000e-01 
+3.4821429e-01 +0.0000000e+00 +5.0000000e-01 
+3.5714286e-01 +0.0000000e+00 +5.0000000e-01 
+3.6607143e-01 +0.0000000e+00 +5.0000000e-01 
+3.7500000e-01 +0.0000000e+00 +5.0000000e-01 
+3.8392857e-01 +0.0000000e+00 +5.0000000e-01 
+3.9285714e-01 +0.0000000e+00 +5.0000000e-01 
+4.0178571e-01 +0.0000000e+00 +5.0000000e-01 
+4.1071429e-01 +0.0000000e+00 +5.0000000e-01 
+4.1964286e-01 +0.0000000e+00 +5.0000000e-01 
+4.2857143e-01 +0.0000000e+00 +5.0000000e-01 
+4.3750000e-01 +0.0000000e+00 +5.0000000e-01 
+4.4642857e-01 +0.0000000e+00 +5.0000000e-01 
+4.5535714e-01 +0.0000000e+00 +5.0000000e-01 
+4.6428571e-01 +0.0000000e+00 +5.0000000e-01 
+4.7321429e-01 +0.0000000e+00 +5.0000000e-01 
+4.8214286e-01 +0.0000000e+00 +5.0000000e-01 
+4.9107143e-01 +0.0000000e+00 +5.0000000e-01 
+5.0000000e-01 +0.0000000e+00 +5.0000000e-01 
+4.9479167e-01 +1.0416667e-02 +5.0000000e-01 
+4.8958333e-01 +2.0833333e-02 +5.0000000e-01 
+4.8437500e-01 +3.1250000e-02 +5.0000000e-01 
+4.7916667e-01 +4.1666667e-02 +5.0000000e-01 
+4.7395833e-01 +5.2083333e-02 +5.0000000e-01 
+4.6875000e-01 +6.2500000e-02 +5.0000000e-01 
+4.6354167e-01 +7.2916667e-02 +5.0000000e-01 
+4.5833333e-01 +8.3333333e-02 +5.0000000e-01 
+4.5312500e-01 +9.3750000e-02 +5.0000000e-01 
+4.4791667e-01 +1.0416667e-01 +5.0000000e-01 
+4.4270833e-01 +1.1458333e-01 +5.0000000e-01 
+4.3750000e-01 +1.2500000e-01 +5.0000000e-01 
+4.3229167e-01 +1.3541667e-01 +5.0000000e-01 
+4.2708333e-01 +1.4583333e-01 +5.0000000e-01 
+4.2187500e-01 +1.5625000e-01 +5.0000000e-01 
+4.1666667e-01 +1.6666667e-01 +5.0000000e-01 
+4.1145833e-01 +1.7708333e-01 +5.0000000e-01 
+4.0625000e-01 +1.8750000e-01 +5.0000000e-01 
+4.0104167e-01 +1.9791667e-01 +5.0000000e-01 
+3.9583333e-01 +2.0833333e-01 +5.0000000e-01 
+3.9062500e-01 +2.1875000e-01 +5.0000000e-01 
+3.8541667e-01 +2.2916667e-01 +5.0000000e-01 
+3.8020833e-01 +2.3958333e-01 +5.0000000e-01 
+3.7500000e-01 +2.5000000e-01 +5.0000000e-01 
+3.6979167e-01 +2.6041667e-01 +5.0000000e-01 
+3.6458333e-01 +2.7083333e-01 +5.0000000e-01 
+3.5937500e-01 +2.8125000e-01 +5.0000000e-01 
+3.5416667e-01 +2.9166667e-01 +5.0000000e-01 
+3.4895833e-01 +3.0208333e-01 +5.0000000e-01 
+3.4375000e-01 +3.1250000e-01 +5.0000000e-01 
+3.3854167e-01 +3.2291667e-01 +5.0000000e-01 
+3.3333333e-01 +3.3333333e-01 +5.0000000e-01 
+3.2820513e-01 +3.2820513e-01 +5.0000000e-01 
+3.2307692e-01 +3.2307692e-01 +5.0000000e-01 
+3.1794872e-01 +3.1794872e-01 +5.0000000e-01 
+3.1282051e-01 +3.1282051e-01 +5.0000000e-01 
+3.0769231e-01 +3.0769231e-01 +5.0000000e-01 
+3.0256410e-01 +3.0256410e-01 +5.0000000e-01 
+2.9743590e-01 +2.9743590e-01 +5.0000000e-01 
+2.9230769e-01 +2.9230769e-01 +5.0000000e-01 
+2.8717949e-01 +2.8717949e-01 +5.0000000e-01 
+2.8205128e-01 +2.8205128e-01 +5.0000000e-01 
+2.7692308e-01 +2.7692308e-01 +5.0000000e-01 
+2.7179487e-01 +2.7179487e-01 +5.0000000e-01 
+2.6666667e-01 +2.6666667e-01 +5.0000000e-01 
+2.6153846e-01 +2.6153846e-01 +5.0000000e-01 
+2.5641026e-01 +2.5641026e-01 +5.0000000e-01 
+2.5128205e-01 +2.5128205e-01 +5.0000000e-01 
+2.4615385e-01 +2.4615385e-01 +5.0000000e-01 
+2.4102564e-01 +2.4102564e-01 +5.0000000e-01 
+2.3589744e-01 +2.3589744e-01 +5.0000000e-01 
+2.3076923e-01 +2.3076923e-01 +5.0000000e-01 
+2.2564103e-01 +2.2564103e-01 +5.0000000e-01 
+2.2051282e-01 +2.2051282e-01 +5.0000000e-01 
+2.1538462e-01 +2.1538462e-01 +5.0000000e-01 
+2.1025641e-01 +2.1025641e-01 +5.0000000e-01 
+2.0512821e-01 +2.0512821e-01 +5.0000000e-01 
+2.0000000e-01 +2.0000000e-01 +5.0000000e-01 
+1.9487179e-01 +1.9487179e-01 +5.0000000e-01 
+1.8974359e-01 +1.8974359e-01 +5.0000000e-01 
+1.8461538e-01 +1.8461538e-01 +5.0000000e-01 
+1.7948718e-01 +1.7948718e-01 +5.0000000e-01 
+1.7435897e-01 +1.7435897e-01 +5.0000000e-01 
+1.6923077e-01 +1.6923077e-01 +5.0000000e-01 
+1.6410256e-01 +1.6410256e-01 +5.0000000e-01 
+1.5897436e-01 +1.5897436e-01 +5.0000000e-01 
+1.5384615e-01 +1.5384615e-01 +5.0000000e-01 
+1.4871795e-01 +1.4871795e-01 +5.0000000e-01 
+1.4358974e-01 +1.4358974e-01 +5.0000000e-01 
+1.3846154e-01 +1.3846154e-01 +5.0000000e-01 
+1.3333333e-01 +1.3333333e-01 +5.0000000e-01 
+1.2820513e-01 +1.2820513e-01 +5.0000000e-01 
+1.2307692e-01 +1.2307692e-01 +5.0000000e-01 
+1.1794872e-01 +1.1794872e-01 +5.0000000e-01 
+1.1282051e-01 +1.1282051e-01 +5.0000000e-01 
+1.0769231e-01 +1.0769231e-01 +5.0000000e-01 
+1.0256410e-01 +1.0256410e-01 +5.0000000e-01 
+9.7435897e-02 +9.7435897e-02 +5.0000000e-01 
+9.2307692e-02 +9.2307692e-02 +5.0000000e-01 
+8.7179487e-02 +8.7179487e-02 +5.0000000e-01 
+8.2051282e-02 +8.2051282e-02 +5.0000000e-01 
+7.6923077e-02 +7.6923077e-02 +5.0000000e-01 
+7.1794872e-02 +7.1794872e-02 +5.0000000e-01 
+6.6666667e-02 +6.6666667e-02 +5.0000000e-01 
+6.1538462e-02 +6.1538462e-02 +5.0000000e-01 
+5.6410256e-02 +5.6410256e-02 +5.0000000e-01 
+5.1282051e-02 +5.1282051e-02 +5.0000000e-01 
+4.6153846e-02 +4.6153846e-02 +5.0000000e-01 
+4.1025641e-02 +4.1025641e-02 +5.0000000e-01 
+3.5897436e-02 +3.5897436e-02 +5.0000000e-01 
+3.0769231e-02 +3.0769231e-02 +5.0000000e-01 
+2.5641026e-02 +2.5641026e-02 +5.0000000e-01 
+2.0512821e-02 +2.0512821e-02 +5.0000000e-01 
+1.5384615e-02 +1.5384615e-02 +5.0000000e-01 
+1.0256410e-02 +1.0256410e-02 +5.0000000e-01 
+5.1282051e-03 +5.1282051e-03 +5.0000000e-01 
+0.0000000e+00 +0.0000000e+00 +5.0000000e-01 
+5.0000000e-01 +0.0000000e+00 +5.0000000e-01 
+5.0000000e-01 +0.0000000e+00 +4.8387097e-01 
+5.0000000e-01 +0.0000000e+00 +4.6774194e-01 
+5.0000000e-01 +0.0000000e+00 +4.5161290e-01 
+5.0000000e-01 +0.0000000e+00 +4.3548387e-01 
+5.0000000e-01 +0.0000000e+00 +4.1935484e-01 
+5.0000000e-01 +0.0000000e+00 +4.0322581e-01 
+5.0000000e-01 +0.0000000e+00 +3.8709677e-01 
+5.0000000e-01 +0.0000000e+00 +3.7096774e-01 
+5.0000000e-01 +0.0000000e+00 +3.5483871e-01 
+5.0000000e-01 +0.0000000e+00 +3.3870968e-01 
+5.0000000e-01 +0.0000000e+00 +3.2258065e-01 
+5.0000000e-01 +0.0000000e+00 +3.0645161e-01 
+5.0000000e-01 +0.0000000e+00 +2.9032258e-01 
+5.0000000e-01 +0.0000000e+00 +2.7419355e-01 
+5.0000000e-01 +0.0000000e+00 +2.5806452e-01 
+5.0000000e-01 +0.0000000e+00 +2.4193548e-01 
+5.0000000e-01 +0.0000000e+00 +2.2580645e-01 
+5.0000000e-01 +0.0000000e+00 +2.0967742e-01 
+5.0000000e-01 +0.0000000e+00 +1.9354839e-01 
+5.0000000e-01 +0.0000000e+00 +1.7741935e-01 
+5.0000000e-01 +0.0000000e+00 +1.6129032e-01 
+5.0000000e-01 +0.0000000e+00 +1.4516129e-01 
+5.0000000e-01 +0.0000000e+00 +1.2903226e-01 
+5.0000000e-01 +0.0000000e+00 +1.1290323e-01 
+5.0000000e-01 +0.0000000e+00 +9.6774194e-02 
+5.0000000e-01 +0.0000000e+00 +8.0645161e-02 
+5.0000000e-01 +0.0000000e+00 +6.4516129e-02 
+5.0000000e-01 +0.0000000e+00 +4.8387097e-02 
+5.0000000e-01 +0.0000000e+00 +3.2258065e-02 
+5.0000000e-01 +0.0000000e+00 +1.6129032e-02 
+5.0000000e-01 +0.0000000e+00 +0.0000000e+00 
+3.3333333e-01 +3.3333333e-01 +0.0000000e+00 
+3.3333333e-01 +3.3333333e-01 +1.6129032e-02 
+3.3333333e-01 +3.3333333e-01 +3.2258065e-02 
+3.3333333e-01 +3.3333333e-01 +4.8387097e-02 
+3.3333333e-01 +3.3333333e-01 +6.4516129e-02 
+3.3333333e-01 +3.3333333e-01 +8.0645161e-02 
+3.3333333e-01 +3.3333333e-01 +9.6774194e-02 
+3.3333333e-01 +3.3333333e-01 +1.1290323e-01 
+3.3333333e-01 +3.3333333e-01 +1.2903226e-01 
+3.3333333e-01 +3.3333333e-01 +1.4516129e-01 
+3.3333333e-01 +3.3333333e-01 +1.6129032e-01 
+3.3333333e-01 +3.3333333e-01 +1.7741935e-01 
+3.3333333e-01 +3.3333333e-01 +1.9354839e-01 
+3.3333333e-01 +3.3333333e-01 +2.0967742e-01 
+3.3333333e-01 +3.3333333e-01 +2.2580645e-01 
+3.3333333e-01 +3.3333333e-01 +2.4193548e-01 
+3.3333333e-01 +3.3333333e-01 +2.5806452e-01 
+3.3333333e-01 +3.3333333e-01 +2.7419355e-01 
+3.3333333e-01 +3.3333333e-01 +2.9032258e-01 
+3.3333333e-01 +3.3333333e-01 +3.0645161e-01 
+3.3333333e-01 +3.3333333e-01 +3.2258065e-01 
+3.3333333e-01 +3.3333333e-01 +3.3870968e-01 
+3.3333333e-01 +3.3333333e-01 +3.5483871e-01 
+3.3333333e-01 +3.3333333e-01 +3.7096774e-01 
+3.3333333e-01 +3.3333333e-01 +3.8709677e-01 
+3.3333333e-01 +3.3333333e-01 +4.0322581e-01 
+3.3333333e-01 +3.3333333e-01 +4.1935484e-01 
+3.3333333e-01 +3.3333333e-01 +4.3548387e-01 
+3.3333333e-01 +3.3333333e-01 +4.5161290e-01 
+3.3333333e-01 +3.3333333e-01 +4.6774194e-01 
+3.3333333e-01 +3.3333333e-01 +4.8387097e-01 
+3.3333333e-01 +3.3333333e-01 +5.0000000e-01 
# energies (kpt,band,spin)
# spin = 1
-9.9865230e+01 -9.9838022e+01 -1.1001398e+01 -4.0458921e+00 +1.5134049e+00 +1.6888513e+01 +1.6888767e+01 +1.9722688e+01 +1.9722925e+01 +2.1436464e+01 +4.0215725e+01 +4.0216105e+01 
-9.9865215e+01 -9.9838016e+01 -1.0999043e+01 -4.0456233e+00 +1.5137947e+00 +1.6862854e+01 +1.6867182e+01 +1.9724808e+01 +1.9734336e+01 +2.1433643e+01 +3.9614088e+01 +4.0362006e+01 
-9.9865169e+01 -9.9837998e+01 -1.0991986e+01 -4.0441096e+00 +1.5149768e+00 +1.6787786e+01 +1.6805304e+01 +1.9729438e+01 +1.9766681e+01 +2.1425185e+01 +3.8241057e+01 +4.0785885e+01 
-9.9865092e+01 -9.9837968e+01 -1.0980246e+01 -4.0396074e+00 +1.5170029e+00 +1.6669482e+01 +1.6708866e+01 +1.9733993e+01 +1.9813637e+01 +2.1411103e+01 +3.6742481e+01 +4.1446464e+01 
-9.9864985e+01 -9.9837927e+01 -1.0963846e+01 -4.0301481e+00 +1.5199819e+00 +1.6514640e+01 +1.6585159e+01 +1.9735787e+01 +1.9867747e+01 +2.1391400e+01 +3.5422710e+01 +4.2279439e+01 
-9.9864846e+01 -9.9837873e+01 -1.0942811e+01 -4.0141987e+00 +1.5240724e+00 +1.6328717e+01 +1.6440912e+01 +1.9733256e+01 +1.9922350e+01 +2.1366035e+01 +3.4338175e+01 +4.3205078e+01 
-9.9864677e+01 -9.9837809e+01 -1.0917162e+01 -3.9908903e+00 +1.5294462e+00 +1.6115575e+01 +1.6281369e+01 +1.9726044e+01 +1.9972585e+01 +2.1334867e+01 +3.3452019e+01 +4.4139648e+01 
-9.9864477e+01 -9.9837733e+01 -1.0886914e+01 -3.9599075e+00 +1.5362463e+00 +1.5878027e+01 +1.6110234e+01 +1.9714593e+01 +2.0015447e+01 +2.1297584e+01 +3.2704655e+01 +4.5008511e+01 
-9.9864248e+01 -9.9837647e+01 -1.0852081e+01 -3.9212603e+00 +1.5445551e+00 +1.5618475e+01 +1.5930020e+01 +1.9699669e+01 +2.0049402e+01 +2.1253618e+01 +3.2037550e+01 +4.4704039e+01 
-9.9863989e+01 -9.9837550e+01 -1.0812671e+01 -3.8750870e+00 +1.5543797e+00 +1.5339296e+01 +1.5742490e+01 +1.9682051e+01 +2.0073908e+01 +2.1202068e+01 +3.1400446e+01 +4.3732637e+01 
-9.9863701e+01 -9.9837444e+01 -1.0768692e+01 -3.8215463e+00 +1.5656463e+00 +1.5042959e+01 +1.5549021e+01 +1.9662357e+01 +2.0089013e+01 +2.1141649e+01 +3.0754538e+01 +4.3013224e+01 
-9.9863386e+01 -9.9837329e+01 -1.0720145e+01 -3.7607912e+00 +1.5782003e+00 +1.4731953e+01 +1.5350840e+01 +1.9640953e+01 +2.0095082e+01 +2.1070673e+01 +3.0074961e+01 +4.2546218e+01 
-9.9863044e+01 -9.9837205e+01 -1.0667028e+01 -3.6929878e+00 +1.5918108e+00 +1.4408658e+01 +1.5149137e+01 +1.9617878e+01 +2.0092620e+01 +2.0987087e+01 +2.9351906e+01 +4.2318649e+01 
-9.9862676e+01 -9.9837072e+01 -1.0609324e+01 -3.6183391e+00 +1.6061821e+00 +1.4075223e+01 +1.4945095e+01 +1.9592764e+01 +2.0082166e+01 +2.0888533e+01 +2.8589200e+01 +4.2307019e+01 
-9.9862283e+01 -9.9836933e+01 -1.0547007e+01 -3.5370848e+00 +1.6209752e+00 +1.3733500e+01 +1.4739851e+01 +1.9564712e+01 +2.0064243e+01 +2.0772460e+01 +2.7800675e+01 +4.2481881e+01 
-9.9861866e+01 -9.9836786e+01 -1.0480035e+01 -3.4494773e+00 +1.6358391e+00 +1.3385061e+01 +1.4534449e+01 +1.9532158e+01 +2.0039340e+01 +2.0636242e+01 +2.7005856e+01 +4.2812786e+01 
-9.9861426e+01 -9.9836634e+01 -1.0408359e+01 -3.3557500e+00 +1.6504432e+00 +1.3031285e+01 +1.4329793e+01 +1.9492741e+01 +2.0007909e+01 +2.0477330e+01 +2.6226181e+01 +4.3272383e+01 
-9.9860965e+01 -9.9836476e+01 -1.0331927e+01 -3.2560939e+00 +1.6644996e+00 +1.2673499e+01 +1.4126632e+01 +1.9443212e+01 +1.9970376e+01 +2.0293438e+01 +2.5482123e+01 +4.0643636e+01 
-9.9860483e+01 -9.9836313e+01 -1.0250698e+01 -3.1506489e+00 +1.6777620e+00 +1.2313099e+01 +1.3925553e+01 +1.9379433e+01 +1.9927161e+01 +2.0082760e+01 +2.4791212e+01 +3.8013756e+01 
-9.9859981e+01 -9.9836148e+01 -1.0164646e+01 -3.0395067e+00 +1.6900025e+00 +1.1951637e+01 +1.3727014e+01 +1.9296531e+01 +1.9844209e+01 +1.9878691e+01 +2.4166902e+01 +3.5847210e+01 
-9.9859461e+01 -9.9835979e+01 -1.0073767e+01 -2.9227208e+00 +1.7009726e+00 +1.1590832e+01 +1.3531367e+01 +1.9189306e+01 +1.9577634e+01 +1.9825409e+01 +2.3618178e+01 +3.4088403e+01 
-9.9858924e+01 -9.9835808e+01 -9.9780911e+00 -2.8003168e+00 +1.7103607e+00 +1.1232515e+01 +1.3338891e+01 +1.9052975e+01 +1.9283957e+01 +1.9767783e+01 +2.3149606e+01 +3.2671225e+01 
-9.9858372e+01 -9.9835636e+01 -9.8776845e+00 -2.6723025e+00 +1.7177563e+00 +1.0878559e+01 +1.3149825e+01 +1.8884213e+01 +1.8965168e+01 +1.9706298e+01 +2.2761465e+01 +3.1533889e+01 
-9.9857805e+01 -9.9835464e+01 -9.7726615e+00 -2.5386751e+00 +1.7226231e+00 +1.0530782e+01 +1.2964382e+01 +1.8624156e+01 +1.8682162e+01 +1.9641445e+01 +2.2449883e+01 +3.0623646e+01 
-9.9857226e+01 -9.9835293e+01 -9.6631894e+00 -2.3994264e+00 +1.7242788e+00 +1.0190869e+01 +1.2782771e+01 +1.8264410e+01 +1.8448842e+01 +1.9573692e+01 +2.2207242e+01 +2.9897241e+01 
-9.9856635e+01 -9.9835123e+01 -9.5494813e+00 -2.2545459e+00 +1.7218798e+00 +9.8602879e+00 +1.2605205e+01 +1.7889665e+01 +1.8188627e+01 +1.9503449e+01 +2.2023142e+01 +2.9319915e+01 
-9.9856035e+01 -9.9834955e+01 -9.4317642e+00 -2.1040216e+00 +1.7144075e+00 +9.5402495e+00 +1.2431907e+01 +1.7503578e+01 +1.7907051e+01 +1.9431030e+01 +2.1885772e+01 +2.8864093e+01 
-9.9855426e+01 -9.9834791e+01 -9.3102177e+00 -1.9478402e+00 +1.7006613e+00 +9.2317321e+00 +1.2263115e+01 +1.7109491e+01 +1.7609620e+01 +1.9356609e+01 +2.1783270e+01 +2.8508126e+01 
-9.9854810e+01 -9.9834631e+01 -9.1849020e+00 -1.7859850e+00 +1.6792642e+00 +8.9356072e+00 +1.2099076e+01 +1.6710297e+01 +1.7301090e+01 +1.9280209e+01 +2.1704803e+01 +2.8235211e+01 
-9.9854189e+01 -9.9834476e+01 -9.0557165e+00 -1.6184335e+00 +1.6486920e+00 +8.6528417e+00 +1.1940045e+01 +1.6308408e+01 +1.6985265e+01 +1.9201721e+01 +2.1641335e+01 +2.8032478e+01 
-9.9853565e+01 -9.9834327e+01 -8.9224231e+00 -1.4451528e+00 +1.6073262e+00 +8.3846821e+00 +1.1786270e+01 +1.5905777e+01 +1.6665115e+01 +1.9120979e+01 +2.1586070e+01 +2.7890236e+01 
-9.9852939e+01 -9.9834185e+01 -8.7847244e+00 -1.2660956e+00 +1.5535303e+00 +8.1327157e+00 +1.1637972e+01 +1.5503960e+01 +1.6342995e+01 +1.9037871e+01 +2.1534522e+01 +2.7801365e+01 
-9.9852313e+01 -9.9834050e+01 -8.6423495e+00 -1.0811950e+00 +1.4857414e+00 +7.8987723e+00 +1.1495338e+01 +1.5104189e+01 +1.6020835e+01 +1.8952474e+01 +2.1484228e+01 +2.7760822e+01 
-9.9851689e+01 -9.9833923e+01 -8.4951074e+00 -8.9036115e-01 +1.4025760e+00 +7.6847141e+00 +1.1358502e+01 +1.4707448e+01 +1.5700274e+01 +1.8865137e+01 +2.1434248e+01 +2.7765258e+01 
-9.9851068e+01 -9.9833805e+01 -8.3429002e+00 -6.9347998e-01 +1.3029438e+00 +7.4921962e+00 +1.1227554e+01 +1.4314530e+01 +1.5382727e+01 +1.8776510e+01 +2.1384635e+01 +2.7812719e+01 
-9.9850452e+01 -9.9833697e+01 -8.1857129e+00 -4.9041553e-01 +1.1861599e+00 +7.3224664e+00 +1.1102543e+01 +1.3926096e+01 +1.5069437e+01 +1.8687489e+01 +2.1336011e+01 +2.7902425e+01 
-9.9849843e+01 -9.9833598e+01 -8.0236011e+00 -2.8101797e-01 +1.0520365e+00 +7.1762363e+00 +1.0983491e+01 +1.3542709e+01 +1.4761515e+01 +1.8599113e+01 +2.1289299e+01 +2.8034636e+01 
-9.9849242e+01 -9.9833510e+01 -7.8566837e+00 -6.5137758e-02 +9.0093670e-01 +7.0536367e+00 +1.0870406e+01 +1.3164870e+01 +1.4459979e+01 +1.8512438e+01 +2.1245592e+01 +2.8210578e+01 
-9.9848652e+01 -9.9833433e+01 -7.6851450e+00 +1.5735323e-01 +7.3377324e-01 +6.9542541e+00 +1.0763292e+01 +1.2793040e+01 +1.4165788e+01 +1.8428435e+01 +2.1206095e+01 +2.8432461e+01 
-9.9848073e+01 -9.9833366e+01 -7.5092359e+00 +3.8653418e-01 +5.5194642e-01 +6.8772282e+00 +1.0662155e+01 +1.2427663e+01 +1.3879864e+01 +1.8347913e+01 +2.1172083e+01 +2.8703557e+01 
-9.9847509e+01 -9.9833311e+01 -7.3292681e+00 +3.5722535e-01 +6.2240199e-01 +6.8213787e+00 +1.0567004e+01 +1.2069181e+01 +1.3603089e+01 +1.8271484e+01 +2.1144806e+01 +2.9028357e+01 
-9.9846961e+01 -9.9833267e+01 -7.1455943e+00 +1.5158974e-01 +8.6483291e-01 +6.7853146e+00 +1.0477854e+01 +1.1718064e+01 +1.3336273e+01 +1.8199555e+01 +2.1125308e+01 +2.9412785e+01 
-9.9846430e+01 -9.9833234e+01 -6.9585801e+00 -6.2935268e-02 +1.1135391e+00 +6.7674900e+00 +1.0394721e+01 +1.1374826e+01 +1.3080111e+01 +1.8132345e+01 +2.1114170e+01 +2.9864485e+01 
-9.9845920e+01 -9.9833211e+01 -6.7685826e+00 -2.8440883e-01 +1.3680190e+00 +6.7662008e+00 +1.0317624e+01 +1.1040066e+01 +1.2835157e+01 +1.8069916e+01 +2.1111285e+01 +3.0393150e+01 
-9.9845433e+01 -9.9833199e+01 -6.5759558e+00 -5.1103454e-01 +1.6274984e+00 +6.7795537e+00 +1.0246581e+01 +1.0714500e+01 +1.2601860e+01 +1.8012212e+01 +2.1115786e+01 +3.1010893e+01 
-9.9844970e+01 -9.9833196e+01 -6.3810892e+00 -7.4114455e-01 +1.8908581e+00 +6.8054511e+00 +1.0181608e+01 +1.0399014e+01 +1.2380644e+01 +1.7959097e+01 +2.1126199e+01 +3.1732596e+01 
-9.9844534e+01 -9.9833201e+01 -6.1844758e+00 -9.7312846e-01 +2.1565430e+00 +6.8416160e+00 +1.0094727e+01 +1.0122711e+01 +1.2172022e+01 +1.7910403e+01 +2.1140760e+01 +3.2576116e+01 
-9.9844127e+01 -9.9833214e+01 -5.9867991e+00 -1.2053329e+00 +2.4224467e+00 +6.8856415e+00 +9.8030646e+00 +1.0069886e+01 +1.1976693e+01 +1.7865961e+01 +2.1157739e+01 +3.3562068e+01 
-9.9843753e+01 -9.9833232e+01 -5.7890413e+00 -1.4359407e+00 +2.6857687e+00 +6.9350414e+00 +9.5258507e+00 +1.0023107e+01 +1.1795595e+01 +1.7825641e+01 +2.1175662e+01 +3.4712655e+01 
-9.9843413e+01 -9.9833255e+01 -5.5926311e+00 -1.6628122e+00 +2.9428455e+00 +6.9872852e+00 +9.2654164e+00 +9.9823268e+00 +1.1629923e+01 +1.7789377e+01 +2.1193377e+01 +3.6048518e+01 
-9.9843112e+01 -9.9833280e+01 -5.3996682e+00 -1.8832522e+00 +3.1889704e+00 +7.0398202e+00 +9.0247169e+00 +9.9474636e+00 +1.1481111e+01 +1.7757196e+01 +2.1210032e+01 +3.7581916e+01 
-9.9842850e+01 -9.9833306e+01 -5.2132833e+00 -2.0936402e+00 +3.4182395e+00 +7.0900954e+00 +8.8074459e+00 +9.9184014e+00 +1.1350797e+01 +1.7729222e+01 +2.1225003e+01 +3.9303840e+01 
-9.9842632e+01 -9.9833331e+01 -5.0382055e+00 -2.2888537e+00 +3.6235024e+00 +7.1356087e+00 +8.6181046e+00 +9.8949900e+00 +1.1240745e+01 +1.7705677e+01 +2.1237828e+01 +4.1162913e+01 
-9.9842459e+01 -9.9833353e+01 -4.8815749e+00 -2.4614455e+00 +3.7965454e+00 +7.1739907e+00 +8.4619441e+00 +9.8770539e+00 +1.1152745e+01 +1.7686859e+01 +2.1248155e+01 +4.3037612e+01 
-9.9842334e+01 -9.9833369e+01 -4.7537691e+00 -2.6008093e+00 +3.9286827e+00 +7.2031338e+00 +8.3446422e+00 +9.8644116e+00 +1.1088468e+01 +1.7673097e+01 +2.1255721e+01 +4.4714858e+01 
-9.9842258e+01 -9.9833380e+01 -4.6681740e+00 -2.6934009e+00 +4.0118845e+00 +7.2213533e+00 +8.2715778e+00 +9.8569016e+00 +1.1049289e+01 +1.7664696e+01 +2.1260337e+01 +4.5907006e+01 
-9.9842233e+01 -9.9833384e+01 -4.6377511e+00 -2.7261662e+00 +4.0403329e+00 +7.2275535e+00 +8.2467288e+00 +9.8544117e+00 +1.1036123e+01 +1.7661870e+01 +2.1261889e+01 +4.6342665e+01 
-9.9842225e+01 -9.9833385e+01 -4.6347283e+00 -2.7240009e+00 +4.0433604e+00 +7.2273967e+00 +8.2465977e+00 +9.7628249e+00 +1.1117506e+01 +1.7656271e+01 +2.1290787e+01 +4.4390196e+01 
-9.9842199e+01 -9.9833388e+01 -4.6256667e+00 -2.7175113e+00 +4.0524507e+00 +7.2269466e+00 +8.2465883e+00 +9.5382468e+00 +1.1311467e+01 +1.7639463e+01 +2.1378206e+01 +4.0723037e+01 
-9.9842158e+01 -9.9833393e+01 -4.6105876e+00 -2.7067134e+00 +4.0676249e+00 +7.2262607e+00 +8.2476268e+00 +9.2478922e+00 +1.1550786e+01 +1.7611428e+01 +2.1526380e+01 +3.7041500e+01 
-9.9842099e+01 -9.9833400e+01 -4.5895262e+00 -2.6916272e+00 +4.0889136e+00 +7.2254232e+00 +8.2507083e+00 +8.9249349e+00 +1.1802336e+01 +1.7572160e+01 +2.1739227e+01 +3.3857450e+01 
-9.9842025e+01 -9.9833410e+01 -4.5625325e+00 -2.6722682e+00 +4.1163513e+00 +7.2245284e+00 +8.2565296e+00 +8.5836213e+00 +1.2052041e+01 +1.7521703e+01 +2.2022691e+01 +3.1259880e+01 
-9.9841934e+01 -9.9833423e+01 -4.5296696e+00 -2.6486404e+00 +4.1499718e+00 +7.2236607e+00 +8.2307953e+00 +8.2653716e+00 +1.2293424e+01 +1.7460195e+01 +2.2385300e+01 +2.9174411e+01 
-9.9841828e+01 -9.9833438e+01 -4.4910114e+00 -2.6207319e+00 +4.1898044e+00 +7.2228741e+00 +7.8702692e+00 +8.2771554e+00 +1.2523294e+01 +1.7387904e+01 +2.2839026e+01 +2.7487567e+01 
-9.9841706e+01 -9.9833457e+01 -4.4466374e+00 -2.5885169e+00 +4.2358725e+00 +7.2221775e+00 +7.5044618e+00 +8.2915520e+00 +1.2740122e+01 +1.7305257e+01 +2.3400555e+01 +2.6096479e+01 
-9.9841570e+01 -9.9833479e+01 -4.3966258e+00 -2.5519618e+00 +4.2881931e+00 +7.1350700e+00 +7.2215290e+00 +8.3080751e+00 +1.2943337e+01 +1.7212860e+01 +2.4093032e+01 +2.4921570e+01 
-9.9841420e+01 -9.9833504e+01 -4.3410446e+00 -2.5110344e+00 +4.3467778e+00 +6.7633714e+00 +7.2208379e+00 +8.3261408e+00 +1.3132924e+01 +1.7111489e+01 +2.3905335e+01 +2.4948326e+01 
-9.9841256e+01 -9.9833534e+01 -4.2799441e+00 -2.4657129e+00 +4.4116329e+00 +6.3903600e+00 +7.2199801e+00 +8.3450979e+00 +1.3309141e+01 +1.7002081e+01 +2.3007553e+01 +2.6009607e+01 
-9.9841079e+01 -9.9833569e+01 -4.2133523e+00 -2.4159920e+00 +4.4827611e+00 +6.0168136e+00 +7.2188104e+00 +8.3642388e+00 +1.3472291e+01 +1.6885711e+01 +2.2200562e+01 +2.7333332e+01 
-9.9840889e+01 -9.9833609e+01 -4.1412748e+00 -2.3618865e+00 +4.5601618e+00 +5.6433166e+00 +7.2171774e+00 +8.3827992e+00 +1.3622550e+01 +1.6763570e+01 +2.1465542e+01 +2.8987763e+01 
-9.9840688e+01 -9.9833654e+01 -4.0637009e+00 -2.3034308e+00 +4.6438315e+00 +5.2702668e+00 +7.2149351e+00 +8.3999520e+00 +1.3759874e+01 +1.6636938e+01 +2.0789806e+01 +3.1039375e+01 
-9.9840476e+01 -9.9833706e+01 -3.9806121e+00 -2.2406782e+00 +4.7337640e+00 +4.8978797e+00 +7.2119513e+00 +8.4147981e+00 +1.3884028e+01 +1.6507164e+01 +2.0164897e+01 +3.3502958e+01 
-9.9840254e+01 -9.9833764e+01 -3.8919927e+00 -2.1736978e+00 +4.5262108e+00 +4.8299506e+00 +7.2081147e+00 +8.4263574e+00 +1.3994725e+01 +1.6375643e+01 +1.9585269e+01 +3.6203736e+01 
-9.9840023e+01 -9.9833829e+01 -3.7978397e+00 -2.1025728e+00 +4.1552132e+00 +4.9323793e+00 +7.2033444e+00 +8.4335606e+00 +1.4091861e+01 +1.6243782e+01 +1.9047383e+01 +3.8594223e+01 
-9.9839783e+01 -9.9833902e+01 -3.6981732e+00 -2.0273978e+00 +3.7848466e+00 +5.0410351e+00 +7.1976025e+00 +8.4352452e+00 +1.4175781e+01 +1.6112963e+01 +1.8549070e+01 +4.0113032e+01 
-9.9839536e+01 -9.9833984e+01 -3.5930470e+00 -1.9482763e+00 +3.4152254e+00 +5.1558995e+00 +7.1909088e+00 +8.4301577e+00 +1.4247449e+01 +1.5984484e+01 +1.8089095e+01 +4.0869054e+01 
-9.9839282e+01 -9.9834075e+01 -3.4825627e+00 -1.8653195e+00 +3.0467658e+00 +5.2769501e+00 +7.1833541e+00 +8.4169643e+00 +1.4308463e+01 +1.5859503e+01 +1.7666839e+01 +4.1224477e+01 
-9.9839022e+01 -9.9834175e+01 -3.3668847e+00 -1.7786445e+00 +2.6802779e+00 +5.4041609e+00 +7.1751044e+00 +8.3942724e+00 +1.4360878e+01 +1.5738975e+01 +1.7282063e+01 +4.1394729e+01 
-9.9838758e+01 -9.9834286e+01 -3.2462590e+00 -1.6883741e+00 +2.3169732e+00 +5.5375025e+00 +7.1663908e+00 +8.3606661e+00 +1.4406910e+01 +1.5623623e+01 +1.6934722e+01 +4.1477483e+01 
-9.9838491e+01 -9.9834407e+01 -3.1210371e+00 -1.5946379e+00 +1.9583941e+00 +5.6769431e+00 +7.1574859e+00 +8.3147543e+00 +1.4448654e+01 +1.5513937e+01 +1.6624813e+01 +4.1515966e+01 
-9.9838220e+01 -9.9834540e+01 -2.9917175e+00 -1.4975747e+00 +1.6062925e+00 +5.8224495e+00 +7.1486719e+00 +8.2552303e+00 +1.4487882e+01 +1.5410221e+01 +1.6352244e+01 +4.1528881e+01 
-9.9837948e+01 -9.9834685e+01 -2.8590179e+00 -1.3973343e+00 +1.2625064e+00 +5.9739893e+00 +7.1402133e+00 +8.1809372e+00 +1.4525964e+01 +1.5312658e+01 +1.6116714e+01 +4.1523270e+01 
-9.9837676e+01 -9.9834843e+01 -2.7240064e+00 -1.2940805e+00 +9.2891469e-01 +6.1315334e+00 +7.1323399e+00 +8.0909299e+00 +1.4563891e+01 +1.5221381e+01 +1.5917629e+01 +4.1500681e+01 
-9.9837404e+01 -9.9835013e+01 -2.5883387e+00 -1.1879915e+00 +6.0758724e-01 +6.2950593e+00 +7.1252439e+00 +7.9845245e+00 +1.4602344e+01 +1.5136517e+01 +1.5754037e+01 +4.1460853e+01 
-9.9837133e+01 -9.9835198e+01 -2.4547011e+00 -1.0792613e+00 +3.0125604e-01 +6.4645541e+00 +7.1190884e+00 +7.8613272e+00 +1.4641781e+01 +1.5058216e+01 +1.5624606e+01 +4.1404669e+01 
-9.9836865e+01 -9.9835397e+01 -2.3276509e+00 -9.6809866e-01 +1.4269369e-02 +6.6400173e+00 +7.1140213e+00 +7.7212363e+00 +1.4682506e+01 +1.4986655e+01 +1.5527646e+01 +4.1336857e+01 
-9.9836600e+01 -9.9835610e+01 -2.2151908e+00 -8.5472699e-01 -2.4570078e-01 +6.8214619e+00 +7.1101900e+00 +7.5644208e+00 +1.4724726e+01 +1.4922025e+01 +1.5461166e+01 +4.1267800e+01 
-9.9836339e+01 -9.9835839e+01 -2.1313040e+00 -7.3938342e-01 -4.6501712e-01 +7.0089124e+00 +7.1077547e+00 +7.3912811e+00 +1.4768585e+01 +1.4864521e+01 +1.5422965e+01 +4.1213181e+01 
-9.9836084e+01 -9.9836084e+01 -2.0977486e+00 -6.2236620e-01 -6.2217452e-01 +7.1068983e+00 +7.2023978e+00 +7.2024046e+00 +1.4814108e+01 +1.4814398e+01 +1.5410743e+01 +4.1191076e+01 
-9.9836340e+01 -9.9835838e+01 -2.1361503e+00 -6.9443006e-01 -5.0547063e-01 +7.0017534e+00 +7.1078005e+00 +7.3988398e+00 +1.4771974e+01 +1.4861053e+01 +1.5421872e+01 +4.1217360e+01 
-9.9836612e+01 -9.9835600e+01 -2.2509332e+00 -6.7907444e-01 -3.8761790e-01 +6.7873517e+00 +7.1106750e+00 +7.6011661e+00 +1.4737213e+01 +1.4909483e+01 +1.5453897e+01 +4.1303877e+01 
-9.9836901e+01 -9.9835369e+01 -2.4251731e+00 -5.9332331e-01 -2.6889595e-01 +6.5600709e+00 +7.1157940e+00 +7.8093706e+00 +1.4709932e+01 +1.4959689e+01 +1.5504935e+01 +4.1459836e+01 
-9.9837206e+01 -9.9835146e+01 -2.6361843e+00 -4.5991463e-01 -1.4960188e-01 +6.3208626e+00 +7.1234669e+00 +8.0234079e+00 +1.4690218e+01 +1.5011649e+01 +1.5573351e+01 +4.1692740e+01 
-9.9837527e+01 -9.9834933e+01 -2.8674238e+00 -2.9540153e-01 -3.0054155e-02 +6.0707508e+00 +7.1340425e+00 +8.2431970e+00 +1.4678144e+01 +1.5065310e+01 +1.5657792e+01 +4.2010491e+01 
-9.9837865e+01 -9.9834729e+01 -3.1090404e+00 -1.0960241e-01 +8.9402093e-02 +5.8108342e+00 +7.1479084e+00 +8.4686234e+00 +1.4673783e+01 +1.5120606e+01 +1.5757195e+01 +4.2360025e+01 
-9.9838221e+01 -9.9834536e+01 -3.3554084e+00 +9.1940166e-02 +2.0838925e-01 +5.5422857e+00 +7.1654899e+00 +8.6995451e+00 +1.4677219e+01 +1.5177470e+01 +1.5870777e+01 +4.2037181e+01 
-9.9838593e+01 -9.9834353e+01 -3.6032536e+00 +3.0610067e-01 +3.2649165e-01 +5.2663477e+00 +7.1872453e+00 +8.9358010e+00 +1.4688559e+01 +1.5235862e+01 +1.5997996e+01 +4.1733885e+01 
-9.9838982e+01 -9.9834183e+01 -3.8506014e+00 +4.4325214e-01 +5.3113682e-01 +4.9843198e+00 +7.2136567e+00 +9.1772179e+00 +1.4707952e+01 +1.5295819e+01 +1.6138507e+01 +4.1446126e+01 
-9.9839387e+01 -9.9834024e+01 -4.0962206e+00 +5.5817246e-01 +7.6614636e-01 +4.6975388e+00 +7.2452164e+00 +9.4236160e+00 +1.4735599e+01 +1.5357513e+01 +1.6292100e+01 +4.1170309e+01 
-9.9839810e+01 -9.9833878e+01 -4.3393269e+00 +6.7071952e-01 +1.0107620e+00 +4.4073528e+00 +7.2824083e+00 +9.6748124e+00 +1.4771760e+01 +1.5421308e+01 +1.6458634e+01 +4.0903319e+01 
-9.9840249e+01 -9.9833745e+01 -4.5794176e+00 +7.8033797e-01 +1.2649365e+00 +4.1150921e+00 +7.3256890e+00 +9.9306228e+00 +1.4816738e+01 +1.5487794e+01 +1.6637988e+01 +4.0642531e+01 
-9.9840704e+01 -9.9833626e+01 -4.8161729e+00 +8.8646815e-01 +1.5287373e+00 +3.8220396e+00 +7.3754717e+00 +1.0190862e+01 +1.4870836e+01 +1.5557742e+01 +1.6830016e+01 +4.0385789e+01 
-9.9841175e+01 -9.9833520e+01 -5.0493876e+00 +9.8856635e-01 +1.8021322e+00 +3.5294045e+00 +7.4321183e+00 +1.0455346e+01 +1.4934278e+01 +1.5631977e+01 +1.7034531e+01 +4.0131386e+01 
-9.9841662e+01 -9.9833427e+01 -5.2789189e+00 +1.0861235e+00 +2.0848033e+00 +3.2383011e+00 +7.4959394e+00 +1.0723891e+01 +1.5007116e+01 +1.5711184e+01 +1.7251315e+01 +3.9878048e+01 
-9.9842164e+01 -9.9833349e+01 -5.5046468e+00 +1.1786797e+00 +2.3760622e+00 +2.9497343e+00 +7.5671992e+00 +1.0996318e+01 +1.5089173e+01 +1.5795732e+01 +1.7480136e+01 +3.9624934e+01 
-9.9842681e+01 -9.9833285e+01 -5.7264507e+00 +1.2658338e+00 +2.6645902e+00 +2.6749038e+00 +7.6461207e+00 +1.1272458e+01 +1.5180041e+01 +1.5885603e+01 +1.7720784e+01 +3.9371665e+01 
-9.9843211e+01 -9.9833235e+01 -5.9442027e+00 +1.3472498e+00 +2.3836336e+00 +2.9801647e+00 +7.7328887e+00 +1.1552157e+01 +1.5279148e+01 +1.5980447e+01 +1.7973102e+01 +3.9118357e+01 
-9.9843756e+01 -9.9833199e+01 -6.1577741e+00 +1.4226611e+00 +2.1075081e+00 +3.2906951e+00 +7.8276533e+00 +1.1835284e+01 +1.5385847e+01 +1.6079721e+01 +1.8237013e+01 +3.8865679e+01 
-9.9844313e+01 -9.9833176e+01 -6.3670441e+00 +1.4918728e+00 +1.8367410e+00 +3.6054695e+00 +7.9305338e+00 +1.2121738e+01 +1.5499478e+01 +1.6182835e+01 +1.8512547e+01 +3.8614912e+01 
-9.9844882e+01 -9.9833168e+01 -6.5719076e+00 +1.5547613e+00 +1.5717493e+00 +3.9236181e+00 +8.0416250e+00 +1.2411462e+01 +1.5619422e+01 +1.6289267e+01 +1.8799862e+01 +3.8367998e+01 
-9.9845463e+01 -9.9833174e+01 -6.7722768e+00 +1.3128489e+00 +1.6112726e+00 +4.2444017e+00 +8.1610012e+00 +1.2704440e+01 +1.5745126e+01 +1.6398617e+01 +1.9099260e+01 +3.8127581e+01 
-9.9846054e+01 -9.9833193e+01 -6.9680790e+00 +1.0602647e+00 +1.6614183e+00 +4.5671694e+00 +8.2887163e+00 +1.3000706e+01 +1.5876128e+01 +1.6510632e+01 +1.9411213e+01 +3.7897016e+01 
-9.9846654e+01 -9.9833225e+01 -7.1592535e+00 +8.1414159e-01 +1.7052733e+00 +4.8913240e+00 +8.4247990e+00 +1.3300336e+01 +1.6012092e+01 +1.6625199e+01 +1.9736390e+01 +3.7680341e+01 
-9.9847264e+01 -9.9833271e+01 -7.3457469e+00 +5.7455612e-01 +1.7429719e+00 +5.2163082e+00 +8.5692436e+00 +1.3603439e+01 +1.6152838e+01 +1.6742337e+01 +2.0075693e+01 +3.7482227e+01 
-9.9847881e+01 -9.9833329e+01 -7.5275111e+00 +3.4152840e-01 +1.7747061e+00 +5.5416143e+00 +8.7219981e+00 +1.3910134e+01 +1.6298371e+01 +1.6862180e+01 +2.0430306e+01 +3.7307893e+01 
-9.9848505e+01 -9.9833399e+01 -7.7045016e+00 +1.1503358e-01 +1.8007232e+00 +5.8668136e+00 +8.8829525e+00 +1.4220529e+01 +1.6448872e+01 +1.6984957e+01 +2.0801757e+01 +3.7163020e+01 
-9.9849134e+01 -9.9833480e+01 -7.8766791e+00 -1.0498704e-01 +1.8213215e+00 +6.1916018e+00 +9.0519326e+00 +1.4534684e+01 +1.6604663e+01 +1.7110965e+01 +2.1191989e+01 +3.7053688e+01 
-9.9849768e+01 -9.9833573e+01 -8.0440129e+00 -3.1861589e-01 +1.8368459e+00 +6.5158524e+00 +9.2287008e+00 +1.4852580e+01 +1.6766125e+01 +1.7240540e+01 +2.1603456e+01 +3.6986348e+01 
-9.9850405e+01 -9.9833677e+01 -8.2064864e+00 -5.2595001e-01 +1.8476792e+00 +6.8396701e+00 +9.4129647e+00 +1.5174087e+01 +1.6933585e+01 +1.7374012e+01 +2.2039231e+01 +3.6967882e+01 
-9.9851044e+01 -9.9833790e+01 -8.3641040e+00 -7.2709327e-01 +1.8542329e+00 +7.1634304e+00 +9.6043936e+00 +1.5498932e+01 +1.7107211e+01 +1.7511646e+01 +2.2503143e+01 +3.7005739e+01 
-9.9851684e+01 -9.9833913e+01 -8.5168984e+00 -9.2214998e-01 +1.8569361e+00 +7.4877883e+00 +9.8026353e+00 +1.5826680e+01 +1.7286922e+01 +1.7653580e+01 +2.2999926e+01 +3.7094221e+01 
-9.9852325e+01 -9.9834044e+01 -8.6649323e+00 -1.1112201e+00 +1.8562248e+00 +7.8136380e+00 +1.0007332e+01 +1.6156714e+01 +1.7472360e+01 +1.7799740e+01 +2.3535404e+01 +3.5803338e+01 
-9.9852963e+01 -9.9834183e+01 -8.8082948e+00 -1.2943960e+00 +1.8525306e+00 +8.1420149e+00 +1.0218128e+01 +1.6488218e+01 +1.7662910e+01 +1.7949757e+01 +2.4116695e+01 +3.4196157e+01 
-9.9853599e+01 -9.9834329e+01 -8.9470876e+00 -1.4717603e+00 +1.8462715e+00 +8.4739474e+00 +1.0434672e+01 +1.6820168e+01 +1.7857754e+01 +1.8102885e+01 +2.4752447e+01 +3.2832902e+01 
-9.9854230e+01 -9.9834482e+01 -9.0814054e+00 -1.6433855e+00 +1.8378417e+00 +8.8102922e+00 +1.0656611e+01 +1.7151320e+01 +1.8055912e+01 +1.8257928e+01 +2.5453083e+01 +3.1702767e+01 
-9.9854857e+01 -9.9834640e+01 -9.2113159e+00 -1.8093343e+00 +1.8276029e+00 +9.1515961e+00 +1.0883585e+01 +1.7480204e+01 +1.8256231e+01 +1.8413203e+01 +2.6231047e+01 +3.0789452e+01 
-9.9855476e+01 -9.9834802e+01 -9.3368471e+00 -1.9696598e+00 +1.8158768e+00 +9.4980201e+00 +1.1115220e+01 +1.7805120e+01 +1.8457290e+01 +1.8566568e+01 +2.7100991e+01 +3.0073856e+01 
-9.9856087e+01 -9.9834968e+01 -9.4579863e+00 -2.1244071e+00 +1.8029390e+00 +9.8493333e+00 +1.1351120e+01 +1.8124146e+01 +1.8657222e+01 +1.8715516e+01 +2.8079837e+01 +2.9536081e+01 
-9.9856689e+01 -9.9835137e+01 -9.5746893e+00 -2.2736136e+00 +1.7890159e+00 +1.0204958e+01 +1.1590870e+01 +1.8435167e+01 +1.8853526e+01 +1.8857370e+01 +2.9156697e+01 +2.9186555e+01 
-9.9857280e+01 -9.9835308e+01 -9.6868952e+00 -2.4173090e+00 +1.7742857e+00 +1.0564035e+01 +1.1834034e+01 +1.8735929e+01 +1.8989554e+01 +1.9042989e+01 +2.8917291e+01 +3.0441442e+01 
-9.9857859e+01 -9.9835480e+01 -9.7945414e+00 -2.5555139e+00 +1.7588847e+00 +1.0925495e+01 +1.2080166e+01 +1.9024118e+01 +1.9109894e+01 +1.9221868e+01 +2.8800472e+01 +3.1864636e+01 
-9.9858424e+01 -9.9835653e+01 -9.8975740e+00 -2.6882366e+00 +1.7429202e+00 +1.1288112e+01 +1.2328811e+01 +1.9216880e+01 +1.9297484e+01 +1.9386383e+01 +2.8789572e+01 +3.3473583e+01 
-9.9858975e+01 -9.9835825e+01 -9.9959544e+00 -2.8154688e+00 +1.7264896e+00 +1.1650564e+01 +1.2579512e+01 +1.9309826e+01 +1.9533422e+01 +1.9553975e+01 +2.8868303e+01 +3.5279453e+01 
-9.9859509e+01 -9.9835995e+01 -1.0089661e+01 -2.9371795e+00 +1.7097010e+00 +1.2011487e+01 +1.2831803e+01 +1.9388869e+01 +1.9661143e+01 +1.9791889e+01 +2.9020525e+01 +3.6529023e+01 
-9.9860026e+01 -9.9836163e+01 -1.0178687e+01 -3.0533095e+00 +1.6926898e+00 +1.2369534e+01 +1.3085199e+01 +1.9454843e+01 +1.9769194e+01 +2.0010003e+01 +2.9230232e+01 +3.6966842e+01 
-9.9860525e+01 -9.9836328e+01 -1.0263038e+01 -3.1637668e+00 +1.6756251e+00 +1.2723432e+01 +1.3339180e+01 +1.9509069e+01 +1.9858486e+01 +2.0207674e+01 +2.9481732e+01 +3.7437505e+01 
-9.9861004e+01 -9.9836490e+01 -1.0342728e+01 -3.2684273e+00 +1.6587032e+00 +1.3072027e+01 +1.3593178e+01 +1.9553132e+01 +1.9930693e+01 +2.0384869e+01 +2.9760033e+01 +3.7936175e+01 
-9.9861462e+01 -9.9836646e+01 -1.0417777e+01 -3.3671404e+00 +1.6421328e+00 +1.3414298e+01 +1.3846570e+01 +1.9588693e+01 +1.9987729e+01 +2.0542144e+01 +3.0051435e+01 +3.8462209e+01 
-9.9861899e+01 -9.9836798e+01 -1.0488207e+01 -3.4597409e+00 +1.6261176e+00 +1.3749344e+01 +1.4098673e+01 +1.9617357e+01 +2.0031370e+01 +2.0680561e+01 +3.0344422e+01 +3.9018330e+01 
-9.9862312e+01 -9.9836943e+01 -1.0554043e+01 -3.5460627e+00 +1.6108426e+00 +1.4076315e+01 +1.4348753e+01 +1.9640590e+01 +2.0063070e+01 +2.0801559e+01 +3.0630833e+01 +3.9609732e+01 
-9.9862702e+01 -9.9837082e+01 -1.0615313e+01 -3.6259488e+00 +1.5964670e+00 +1.4394298e+01 +1.4596029e+01 +1.9659681e+01 +2.0083907e+01 +2.0906806e+01 +3.0907240e+01 +4.0243235e+01 
-9.9863066e+01 -9.9837213e+01 -1.0672042e+01 -3.6992545e+00 +1.5831216e+00 +1.4702176e+01 +1.4839680e+01 +1.9675715e+01 +2.0094632e+01 +2.0998058e+01 +3.1176197e+01 +4.0926292e+01 
-9.9863405e+01 -9.9837336e+01 -1.0724255e+01 -3.7658396e+00 +1.5709091e+00 +1.4998498e+01 +1.5078854e+01 +1.9689559e+01 +2.0095733e+01 +2.1077032e+01 +3.1446968e+01 +4.1665198e+01 
-9.9863717e+01 -9.9837450e+01 -1.0771976e+01 -3.8255552e+00 +1.5599047e+00 +1.5281417e+01 +1.5312658e+01 +1.9701828e+01 +2.0087517e+01 +2.1145311e+01 +3.1735495e+01 +4.2460582e+01 
-9.9864001e+01 -9.9837555e+01 -1.0815221e+01 -3.8782296e+00 +1.5501559e+00 +1.5540136e+01 +1.5548754e+01 +1.9712843e+01 +2.0070193e+01 +2.1204282e+01 +3.2063784e+01 +4.3293611e+01 
-9.9864258e+01 -9.9837651e+01 -1.0853998e+01 -3.9236658e+00 +1.5416805e+00 +1.5760202e+01 +1.5798195e+01 +1.9722591e+01 +2.0043966e+01 +2.1255102e+01 +3.2459308e+01 +4.4075323e+01 
-9.9864485e+01 -9.9837736e+01 -1.0888305e+01 -3.9616608e+00 +1.5344651e+00 +1.5971505e+01 +1.6027541e+01 +1.9730707e+01 +2.0009173e+01 +2.1298688e+01 +3.2955045e+01 +4.4483715e+01 
-9.9864683e+01 -9.9837811e+01 -1.0918132e+01 -3.9920631e+00 +1.5284642e+00 +1.6172182e+01 +1.6234887e+01 +1.9736550e+01 +1.9966507e+01 +2.1335723e+01 +3.3590189e+01 +4.4097279e+01 
-9.9864850e+01 -9.9837875e+01 -1.0943455e+01 -4.0148863e+00 +1.5236045e+00 +1.6359468e+01 +1.6418563e+01 +1.9739403e+01 +1.9917367e+01 +2.1366676e+01 +3.4410103e+01 +4.3231240e+01 
-9.9864987e+01 -9.9837928e+01 -1.0964245e+01 -4.0304812e+00 +1.5197946e+00 +1.6529180e+01 +1.6576766e+01 +1.9738830e+01 +1.9864358e+01 +2.1391837e+01 +3.5460850e+01 +4.2290402e+01 
-9.9865094e+01 -9.9837969e+01 -1.0980466e+01 -4.0397301e+00 +1.5169399e+00 +1.6675227e+01 +1.6706952e+01 +1.9735135e+01 +1.9811809e+01 +2.1411359e+01 +3.6765855e+01 +4.1444713e+01 
-9.9865170e+01 -9.9837999e+01 -1.0992084e+01 -4.0441394e+00 +1.5149581e+00 +1.6789566e+01 +1.6805364e+01 +1.9729710e+01 +1.9765952e+01 +2.1425301e+01 +3.8256075e+01 +4.0782186e+01 
-9.9865215e+01 -9.9838016e+01 -1.0999067e+01 -4.0456267e+00 +1.5137907e+00 +1.6863229e+01 +1.6867292e+01 +1.9724868e+01 +1.9734139e+01 +2.1433672e+01 +3.9619659e+01 +4.0360712e+01 
-9.9865230e+01 -9.9838022e+01 -1.1001398e+01 -4.0458921e+00 +1.5134049e+00 +1.6888513e+01 +1.6888767e+01 +1.9722688e+01 +1.9722925e+01 +2.1436464e+01 +4.0215725e+01 +4.0216105e+01 
-9.9865213e+01 -9.9838040e+01 -1.0999148e+01 -4.0605800e+00 +1.5354893e+00 +1.6890174e+01 +1.6890428e+01 +1.9721975e+01 +1.9722212e+01 +2.1430103e+01 +4.0235311e+01 +4.0235692e+01 
-9.9865161e+01 -9.9838092e+01 -1.0992395e+01 -4.1040672e+00 +1.6010817e+00 +1.6895157e+01 +1.6895411e+01 +1.9719849e+01 +1.9720086e+01 +2.1410695e+01 +4.0294988e+01 +4.0295373e+01 
-9.9865073e+01 -9.9838178e+01 -1.0981130e+01 -4.1747132e+00 +1.7082998e+00 +1.6903459e+01 +1.6903713e+01 +1.9716345e+01 +1.9716581e+01 +2.1377098e+01 +4.0397431e+01 +4.0397824e+01 
-9.9864952e+01 -9.9838300e+01 -1.0965335e+01 -4.2700463e+00 +1.8543046e+00 +1.6915079e+01 +1.6915333e+01 +1.9711512e+01 +1.9711748e+01 +2.1326861e+01 +4.0546853e+01 +4.0547257e+01 
-9.9864796e+01 -9.9838455e+01 -1.0944977e+01 -4.3870715e+00 +2.0356507e+00 +1.6930016e+01 +1.6930271e+01 +1.9705407e+01 +1.9705642e+01 +2.1255545e+01 +4.0748623e+01 +4.0749041e+01 
-9.9864606e+01 -9.9838644e+01 -1.0920011e+01 -4.5225740e+00 +2.2486338e+00 +1.6948278e+01 +1.6948533e+01 +1.9698079e+01 +1.9698312e+01 +2.1156184e+01 +4.1008760e+01 +4.1009195e+01 
-9.9864383e+01 -9.9838866e+01 -1.0890388e+01 -4.6733653e+00 +2.4895747e+00 +1.6969879e+01 +1.6970134e+01 +1.9689551e+01 +1.9689783e+01 +2.1019605e+01 +4.1333337e+01 +4.1333794e+01 
-9.9864127e+01 -9.9839121e+01 -1.0856076e+01 -4.8364542e+00 +2.7550159e+00 +1.6994845e+01 +1.6995101e+01 +1.9679809e+01 +1.9680040e+01 +2.0836350e+01 +4.1727903e+01 +4.1728386e+01 
-9.9863838e+01 -9.9839408e+01 -1.0817071e+01 -5.0091439e+00 +3.0418331e+00 +1.7023217e+01 +1.7023473e+01 +1.9668777e+01 +1.9669006e+01 +2.0600200e+01 +4.2197033e+01 +4.2197547e+01 
-9.9863519e+01 -9.9839727e+01 -1.0773403e+01 -5.1890719e+00 +3.3472797e+00 +1.7055049e+01 +1.7055304e+01 +1.9656302e+01 +1.9656529e+01 +2.0311542e+01 +4.2744133e+01 +4.2744682e+01 
-9.9863169e+01 -9.9840076e+01 -1.0725108e+01 -5.3742116e+00 +3.6689851e+00 +1.7090405e+01 +1.7090660e+01 +1.9642130e+01 +1.9642355e+01 +1.9977962e+01 +4.3371514e+01 +4.3372103e+01 
-9.9862790e+01 -9.9840455e+01 -1.0672216e+01 -5.5628500e+00 +4.0049246e+00 +1.7129360e+01 +1.7129615e+01 +1.9611287e+01 +1.9625895e+01 +1.9626116e+01 +4.4080649e+01 +4.4081282e+01 
-9.9862382e+01 -9.9840863e+01 -1.0614744e+01 -5.7535530e+00 +4.3533747e+00 +1.7171989e+01 +1.7172243e+01 +1.9223275e+01 +1.9607112e+01 +1.9607329e+01 +4.4872417e+01 +4.4873099e+01 
-9.9861946e+01 -9.9841298e+01 -1.0552690e+01 -5.9451274e+00 +4.7128630e+00 +1.7218361e+01 +1.7218614e+01 +1.8822775e+01 +1.9585197e+01 +1.9585411e+01 +4.5697126e+01 +4.5747121e+01 
-9.9861484e+01 -9.9841760e+01 -1.0486048e+01 -6.1365823e+00 +5.0821170e+00 +1.7268534e+01 +1.7268785e+01 +1.8415136e+01 +1.9559511e+01 +1.9559720e+01 +4.5356724e+01 +4.6704152e+01 
-9.9860996e+01 -9.9842247e+01 -1.0414805e+01 -6.3270946e+00 +5.4600158e+00 +1.7322539e+01 +1.7322788e+01 +1.8002999e+01 +1.9529413e+01 +1.9529618e+01 +4.5408135e+01 +4.7741302e+01 
-9.9860485e+01 -9.9842758e+01 -1.0338949e+01 -6.5159785e+00 +5.8455461e+00 +1.7380381e+01 +1.7380627e+01 +1.7587391e+01 +1.9494330e+01 +1.9494531e+01 +4.5784498e+01 +4.8853803e+01 
-9.9859951e+01 -9.9843292e+01 -1.0258469e+01 -6.7026594e+00 +6.2377617e+00 +1.7168581e+01 +1.7442023e+01 +1.7442267e+01 +1.9453817e+01 +1.9454014e+01 +4.6447682e+01 +5.0033229e+01 
-9.9859395e+01 -9.9843848e+01 -1.0173357e+01 -6.8866542e+00 +6.6357510e+00 +1.6746610e+01 +1.7507387e+01 +1.7507628e+01 +1.9407596e+01 +1.9407789e+01 +4.7381944e+01 +5.1266306e+01 
-9.9858819e+01 -9.9844423e+01 -1.0083611e+01 -7.0675554e+00 +7.0386113e+00 +1.6321550e+01 +1.7576352e+01 +1.7576589e+01 +1.9355572e+01 +1.9355762e+01 +4.8589413e+01 +5.2533605e+01 
-9.9858225e+01 -9.9845017e+01 -9.9892330e+00 -7.2450222e+00 +7.4454355e+00 +1.5893625e+01 +1.7648747e+01 +1.7648981e+01 +1.9297836e+01 +1.9298023e+01 +5.0087200e+01 +5.3807952e+01 
-9.9857614e+01 -9.9845628e+01 -9.8902390e+00 -7.4187760e+00 +7.8553156e+00 +1.5463226e+01 +1.7724363e+01 +1.7724594e+01 +1.9234633e+01 +1.9234819e+01 +5.1905566e+01 +5.5052439e+01 
-9.9856988e+01 -9.9846254e+01 -9.7866577e+00 -7.5886029e+00 +8.2673682e+00 +1.5030909e+01 +1.7802951e+01 +1.7803178e+01 +1.9166340e+01 +1.9166525e+01 +5.4086342e+01 +5.6218461e+01 
-9.9856348e+01 -9.9846894e+01 -9.6785383e+00 -7.7543606e+00 +8.6807847e+00 +1.4597360e+01 +1.7884229e+01 +1.7884452e+01 +1.9093428e+01 +1.9093612e+01 +5.6680488e+01 +5.7246030e+01 
-9.9855695e+01 -9.9847547e+01 -9.5659563e+00 -7.9159888e+00 +9.0949063e+00 +1.4163355e+01 +1.7967887e+01 +1.7968106e+01 +1.9016423e+01 +1.9016608e+01 +5.8072171e+01 +5.8073064e+01 
-9.9855032e+01 -9.9848209e+01 -9.4490195e+00 -8.0735162e+00 +9.5093079e+00 +1.3729719e+01 +1.8053592e+01 +1.8053806e+01 +1.8935889e+01 +1.8936074e+01 +5.8653428e+01 +5.8654145e+01 
-9.9854361e+01 -9.9848881e+01 -9.3278728e+00 -8.2270575e+00 +9.9238688e+00 +1.3297269e+01 +1.8140988e+01 +1.8141199e+01 +1.8852393e+01 +1.8852580e+01 +5.8993416e+01 +5.8993940e+01 
-9.9853682e+01 -9.9849560e+01 -9.2026964e+00 -8.3767935e+00 +1.0338798e+01 +1.2866745e+01 +1.8229704e+01 +1.8229911e+01 +1.8766499e+01 +1.8766688e+01 +5.9146815e+01 +5.9147164e+01 
-9.9852998e+01 -9.9850244e+01 -9.0736962e+00 -8.5229293e+00 +1.0754589e+01 +1.2438735e+01 +1.8319350e+01 +1.8319553e+01 +1.8678754e+01 +1.8678945e+01 +5.9191892e+01 +5.9192105e+01 
-9.9852310e+01 -9.9850931e+01 -8.9410807e+00 -8.6656411e+00 +1.1171902e+01 +1.2013598e+01 +1.8409517e+01 +1.8409717e+01 +1.8589680e+01 +1.8589874e+01 +5.9200794e+01 +5.9200911e+01 
-9.9851621e+01 -9.9851621e+01 -8.8050270e+00 -8.8050270e+00 +1.1591401e+01 +1.1591401e+01 +1.8499777e+01 +1.8499777e+01 +1.8499974e+01 +1.8499974e+01 +5.9228036e+01 +5.9228036e+01 
-9.9851610e+01 -9.9851610e+01 -8.8031780e+00 -8.8031780e+00 +1.1589716e+01 +1.1589716e+01 +1.8488855e+01 +1.8488855e+01 +1.8491065e+01 +1.8491065e+01 +5.8971835e+01 +5.8971835e+01 
-9.9851577e+01 -9.9851577e+01 -8.7974781e+00 -8.7974781e+00 +1.1584905e+01 +1.1584905e+01 +1.8455522e+01 +1.8455522e+01 +1.8464895e+01 +1.8464895e+01 +5.7896170e+01 +5.7896170e+01 
-9.9851523e+01 -9.9851523e+01 -8.7875813e+00 -8.7875813e+00 +1.1577583e+01 +1.1577583e+01 +1.8399527e+01 +1.8399527e+01 +1.8421700e+01 +1.8421700e+01 +5.4026023e+01 +5.4026023e+01 
-9.9851448e+01 -9.9851448e+01 -8.7731567e+00 -8.7731567e+00 +1.1568484e+01 +1.1568484e+01 +1.8320282e+01 +1.8320282e+01 +1.8362097e+01 +1.8362097e+01 +4.8132415e+01 +4.8132415e+01 
-9.9851351e+01 -9.9851351e+01 -8.7540049e+00 -8.7540049e+00 +1.1558235e+01 +1.1558235e+01 +1.8217121e+01 +1.8217121e+01 +1.8286931e+01 +1.8286931e+01 +4.3183435e+01 +4.3183435e+01 
-9.9851233e+01 -9.9851233e+01 -8.7300572e+00 -8.7300572e+00 +1.1547257e+01 +1.1547257e+01 +1.8089461e+01 +1.8089461e+01 +1.8197255e+01 +1.8197255e+01 +3.9428380e+01 +3.9428380e+01 
-9.9851095e+01 -9.9851095e+01 -8.7013272e+00 -8.7013272e+00 +1.1535753e+01 +1.1535753e+01 +1.7937000e+01 +1.7937000e+01 +1.8094291e+01 +1.8094291e+01 +3.6612085e+01 +3.6612085e+01 
-9.9850937e+01 -9.9850937e+01 -8.6678660e+00 -8.6678660e+00 +1.1523743e+01 +1.1523743e+01 +1.7759908e+01 +1.7759908e+01 +1.7979392e+01 +1.7979392e+01 +3.4478919e+01 +3.4478919e+01 
-9.9850759e+01 -9.9850759e+01 -8.6297345e+00 -8.6297345e+00 +1.1511090e+01 +1.1511090e+01 +1.7558964e+01 +1.7558964e+01 +1.7853984e+01 +1.7853984e+01 +3.2836307e+01 +3.2836307e+01 
-9.9850562e+01 -9.9850562e+01 -8.5869874e+00 -8.5869874e+00 +1.1497500e+01 +1.1497500e+01 +1.7335638e+01 +1.7335638e+01 +1.7719512e+01 +1.7719512e+01 +3.1548571e+01 +3.1548571e+01 
-9.9850347e+01 -9.9850347e+01 -8.5396660e+00 -8.5396660e+00 +1.1482495e+01 +1.1482495e+01 +1.7092102e+01 +1.7092102e+01 +1.7577379e+01 +1.7577379e+01 +3.0521493e+01 +3.0521493e+01 
-9.9850114e+01 -9.9850114e+01 -8.4877933e+00 -8.4877933e+00 +1.1465363e+01 +1.1465363e+01 +1.6831198e+01 +1.6831198e+01 +1.7428893e+01 +1.7428893e+01 +2.9689457e+01 +2.9689457e+01 
-9.9849864e+01 -9.9849864e+01 -8.4313733e+00 -8.4313733e+00 +1.1445096e+01 +1.1445096e+01 +1.6556406e+01 +1.6556406e+01 +1.7275232e+01 +1.7275232e+01 +2.9006497e+01 +2.9006497e+01 
-9.9849598e+01 -9.9849598e+01 -8.3703909e+00 -8.3703909e+00 +1.1420321e+01 +1.1420321e+01 +1.6271820e+01 +1.6271820e+01 +1.7117417e+01 +1.7117417e+01 +2.8440313e+01 +2.8440313e+01 
-9.9849316e+01 -9.9849316e+01 -8.3048155e+00 -8.3048155e+00 +1.1389242e+01 +1.1389242e+01 +1.5982144e+01 +1.5982144e+01 +1.6956306e+01 +1.6956306e+01 +2.7968217e+01 +2.7968217e+01 
-9.9849020e+01 -9.9849020e+01 -8.2346065e+00 -8.2346065e+00 +1.1349599e+01 +1.1349599e+01 +1.5692665e+01 +1.5692665e+01 +1.6792611e+01 +1.6792611e+01 +2.7574222e+01 +2.7574222e+01 
-9.9848710e+01 -9.9848710e+01 -8.1597198e+00 -8.1597198e+00 +1.1298675e+01 +1.1298675e+01 +1.5409169e+01 +1.5409169e+01 +1.6626914e+01 +1.6626914e+01 +2.7246831e+01 +2.7246831e+01 
-9.9848388e+01 -9.9848388e+01 -8.0801158e+00 -8.0801158e+00 +1.1233374e+01 +1.1233374e+01 +1.5137748e+01 +1.5137748e+01 +1.6459707e+01 +1.6459707e+01 +2.6977298e+01 +2.6977298e+01 
-9.9848054e+01 -9.9848054e+01 -7.9957655e+00 -7.9957655e+00 +1.1150404e+01 +1.1150404e+01 +1.4884471e+01 +1.4884471e+01 +1.6291418e+01 +1.6291418e+01 +2.6758303e+01 +2.6758303e+01 
-9.9847710e+01 -9.9847710e+01 -7.9066550e+00 -7.9066550e+00 +1.1046588e+01 +1.1046588e+01 +1.4654920e+01 +1.4654920e+01 +1.6122447e+01 +1.6122447e+01 +2.6583019e+01 +2.6583019e+01 
-9.9847356e+01 -9.9847356e+01 -7.8127877e+00 -7.8127877e+00 +1.0919283e+01 +1.0919283e+01 +1.4453642e+01 +1.4453642e+01 +1.5953186e+01 +1.5953186e+01 +2.6444554e+01 +2.6444554e+01 
-9.9846994e+01 -9.9846994e+01 -7.7141839e+00 -7.7141839e+00 +1.0766816e+01 +1.0766816e+01 +1.4283647e+01 +1.4283647e+01 +1.5784041e+01 +1.5784041e+01 +2.6335741e+01 +2.6335741e+01 
-9.9846625e+01 -9.9846625e+01 -7.6108793e+00 -7.6108793e+00 +1.0588768e+01 +1.0588768e+01 +1.4146105e+01 +1.4146105e+01 +1.5615440e+01 +1.5615440e+01 +2.6249182e+01 +2.6249182e+01 
-9.9846250e+01 -9.9846250e+01 -7.5029226e+00 -7.5029226e+00 +1.0385985e+01 +1.0385985e+01 +1.4040398e+01 +1.4040398e+01 +1.5447838e+01 +1.5447838e+01 +2.6177499e+01 +2.6177499e+01 
-9.9845869e+01 -9.9845869e+01 -7.3903730e+00 -7.3903730e+00 +1.0160303e+01 +1.0160303e+01 +1.3964486e+01 +1.3964486e+01 +1.5281711e+01 +1.5281711e+01 +2.6113666e+01 +2.6113666e+01 
-9.9845486e+01 -9.9845486e+01 -7.2732983e+00 -7.2732983e+00 +9.9141167e+00 +9.9141167e+00 +1.3915462e+01 +1.3915462e+01 +1.5117554e+01 +1.5117554e+01 +2.6051352e+01 +2.6051352e+01 
-9.9845099e+01 -9.9845099e+01 -7.1517737e+00 -7.1517737e+00 +9.6499828e+00 +9.6499828e+00 +1.3890085e+01 +1.3890085e+01 +1.4955873e+01 +1.4955873e+01 +2.5985190e+01 +2.5985190e+01 
-9.9844712e+01 -9.9844712e+01 -7.0258806e+00 -7.0258806e+00 +9.3703431e+00 +9.3703431e+00 +1.3885177e+01 +1.3885177e+01 +1.4797171e+01 +1.4797171e+01 +2.5910911e+01 +2.5910911e+01 
-9.9844324e+01 -9.9844324e+01 -6.8957076e+00 -6.8957076e+00 +9.0773999e+00 +9.0773999e+00 +1.3897853e+01 +1.3897853e+01 +1.4641946e+01 +1.4641946e+01 +2.5825347e+01 +2.5825347e+01 
-9.9843938e+01 -9.9843938e+01 -6.7613509e+00 -6.7613509e+00 +8.7730969e+00 +8.7730969e+00 +1.3925616e+01 +1.3925616e+01 +1.4490673e+01 +1.4490673e+01 +2.5726312e+01 +2.5726312e+01 
-9.9843554e+01 -9.9843554e+01 -6.6229160e+00 -6.6229160e+00 +8.4591575e+00 +8.4591575e+00 +1.3966369e+01 +1.3966369e+01 +1.4343806e+01 +1.4343806e+01 +2.5612434e+01 +2.5612434e+01 
-9.9843173e+01 -9.9843173e+01 -6.4805205e+00 -6.4805205e+00 +8.1371397e+00 +8.1371397e+00 +1.4018382e+01 +1.4018382e+01 +1.4201763e+01 +1.4201763e+01 +2.5482975e+01 +2.5482975e+01 
-9.9842798e+01 -9.9842798e+01 -6.3342965e+00 -6.3342965e+00 +7.8084897e+00 +7.8084897e+00 +1.4064926e+01 +1.4064926e+01 +1.4080244e+01 +1.4080244e+01 +2.5337682e+01 +2.5337682e+01 
-9.9842428e+01 -9.9842428e+01 -6.1843951e+00 -6.1843951e+00 +7.4745857e+00 +7.4745857e+00 +1.3933642e+01 +1.3933642e+01 +1.4150796e+01 +1.4150796e+01 +2.5176713e+01 +2.5176713e+01 
-9.9842066e+01 -9.9842066e+01 -6.0309905e+00 -6.0309905e+00 +7.1367746e+00 +7.1367746e+00 +1.3808206e+01 +1.3808206e+01 +1.4229096e+01 +1.4229096e+01 +2.5000638e+01 +2.5000638e+01 
-9.9841712e+01 -9.9841712e+01 -5.8742865e+00 -5.8742865e+00 +6.7964056e+00 +6.7964056e+00 +1.3688867e+01 +1.3688867e+01 +1.4314356e+01 +1.4314356e+01 +2.4810526e+01 +2.4810526e+01 
-9.9841368e+01 -9.9841368e+01 -5.7145242e+00 -5.7145242e+00 +6.4548654e+00 +6.4548654e+00 +1.3575826e+01 +1.3575826e+01 +1.4405907e+01 +1.4405907e+01 +2.4608103e+01 +2.4608103e+01 
-9.9841033e+01 -9.9841033e+01 -5.5519925e+00 -5.5519925e+00 +6.1136154e+00 +6.1136154e+00 +1.3469224e+01 +1.3469224e+01 +1.4503156e+01 +1.4503156e+01 +2.4395954e+01 +2.4395954e+01 
-9.9840711e+01 -9.9840711e+01 -5.3870442e+00 -5.3870442e+00 +5.7742260e+00 +5.7742260e+00 +1.3369144e+01 +1.3369144e+01 +1.4605551e+01 +1.4605551e+01 +2.4177670e+01 +2.4177670e+01 
-9.9840401e+01 -9.9840401e+01 -5.2201160e+00 -5.2201160e+00 +5.4383934e+00 +5.4383934e+00 +1.3275610e+01 +1.3275610e+01 +1.4712541e+01 +1.4712541e+01 +2.3957824e+01 +2.3957824e+01 
-9.9840105e+01 -9.9840105e+01 -5.0517562e+00 -5.0517562e+00 +5.1079212e+00 +5.1079212e+00 +1.3188590e+01 +1.3188590e+01 +1.4823530e+01 +1.4823530e+01 +2.3741608e+01 +2.3741608e+01 
-9.9839823e+01 -9.9839823e+01 -4.8826538e+00 -4.8826538e+00 +4.7846510e+00 +4.7846510e+00 +1.3108001e+01 +1.3108001e+01 +1.4937827e+01 +1.4937827e+01 +2.3534037e+01 +2.3534037e+01 
-9.9839557e+01 -9.9839557e+01 -4.7136645e+00 -4.7136645e+00 +4.4703553e+00 +4.4703553e+00 +1.3033724e+01 +1.3033724e+01 +1.5054595e+01 +1.5054595e+01 +2.3338865e+01 +2.3338865e+01 
-9.9839306e+01 -9.9839306e+01 -4.5458264e+00 -4.5458264e+00 +4.1666402e+00 +4.1666402e+00 +1.2965617e+01 +1.2965617e+01 +1.5172819e+01 +1.5172819e+01 +2.3157633e+01 +2.3157633e+01 
-9.9839073e+01 -9.9839073e+01 -4.3803602e+00 -4.3803602e+00 +3.8749265e+00 +3.8749265e+00 +1.2903527e+01 +1.2903527e+01 +1.5291289e+01 +1.5291289e+01 +2.2989400e+01 +2.2989400e+01 
-9.9838858e+01 -9.9838858e+01 -4.2186640e+00 -4.2186640e+00 +3.5965462e+00 +3.5965462e+00 +1.2847303e+01 +1.2847303e+01 +1.5408623e+01 +1.5408623e+01 +2.2831376e+01 +2.2831376e+01 
-9.9838661e+01 -9.9838661e+01 -4.0623102e+00 -4.0623102e+00 +3.3329258e+00 +3.3329258e+00 +1.2796805e+01 +1.2796805e+01 +1.5523288e+01 +1.5523288e+01 +2.2680210e+01 +2.2680210e+01 
-9.9838483e+01 -9.9838483e+01 -3.9130559e+00 -3.9130559e+00 +3.0857758e+00 +3.0857758e+00 +1.2751910e+01 +1.2751910e+01 +1.5633632e+01 +1.5633632e+01 +2.2533316e+01 +2.2533316e+01 
-9.9838324e+01 -9.9838324e+01 -3.7728605e+00 -3.7728605e+00 +2.8572152e+00 +2.8572152e+00 +1.2712509e+01 +1.2712509e+01 +1.5737888e+01 +1.5737888e+01 +2.2389789e+01 +2.2389789e+01 
-9.9838186e+01 -9.9838186e+01 -3.6438965e+00 -3.6438965e+00 +2.6498000e+00 +2.6498000e+00 +1.2678516e+01 +1.2678516e+01 +1.5834183e+01 +1.5834183e+01 +2.2250756e+01 +2.2250756e+01 
-9.9838069e+01 -9.9838069e+01 -3.5285358e+00 -3.5285358e+00 +2.4664603e+00 +2.4664603e+00 +1.2649858e+01 +1.2649858e+01 +1.5920553e+01 +1.5920553e+01 +2.2119296e+01 +2.2119296e+01 
-9.9837972e+01 -9.9837972e+01 -3.4292898e+00 -3.4292898e+00 +2.3103615e+00 +2.3103615e+00 +1.2626478e+01 +1.2626478e+01 +1.5994984e+01 +1.5994984e+01 +2.2000057e+01 +2.2000057e+01 
-9.9837896e+01 -9.9837896e+01 -3.3486894e+00 -3.3486894e+00 +2.1846995e+00 +2.1846995e+00 +1.2608335e+01 +1.2608335e+01 +1.6055494e+01 +1.6055494e+01 +2.1898658e+01 +2.1898658e+01 
-9.9837842e+01 -9.9837842e+01 -3.2890970e+00 -3.2890970e+00 +2.0924372e+00 +2.0924372e+00 +1.2595397e+01 +1.2595397e+01 +1.6100260e+01 +1.6100260e+01 +2.1820908e+01 +2.1820908e+01 
-9.9837809e+01 -9.9837809e+01 -3.2524688e+00 -3.2524688e+00 +2.0360046e+00 +2.0360046e+00 +1.2587643e+01 +1.2587643e+01 +1.6127784e+01 +1.6127784e+01 +2.1771906e+01 +2.1771906e+01 
-9.9837799e+01 -9.9837799e+01 -3.2401067e+00 -3.2401067e+00 +2.0170064e+00 +2.0170064e+00 +1.2585059e+01 +1.2585059e+01 +1.6137075e+01 +1.6137075e+01 +2.1755156e+01 +2.1755156e+01 
-9.9837795e+01 -9.9837795e+01 -3.2372911e+00 -3.2372911e+00 +2.0171730e+00 +2.0171730e+00 +1.2561442e+01 +1.2561442e+01 +1.6140783e+01 +1.6140783e+01 +2.1800181e+01 +2.1800181e+01 
-9.9837784e+01 -9.9837784e+01 -3.2288360e+00 -3.2288360e+00 +2.0176554e+00 +2.0176554e+00 +1.2491811e+01 +1.2491811e+01 +1.6151486e+01 +1.6151486e+01 +2.1935076e+01 +2.1935076e+01 
-9.9837766e+01 -9.9837766e+01 -3.2147173e+00 -3.2147173e+00 +2.0184008e+00 +2.0184008e+00 +1.2379554e+01 +1.2379554e+01 +1.6168081e+01 +1.6168081e+01 +2.2159404e+01 +2.2159404e+01 
-9.9837740e+01 -9.9837740e+01 -3.1948981e+00 -3.1948981e+00 +2.0193198e+00 +2.0193198e+00 +1.2229553e+01 +1.2229553e+01 +1.6189140e+01 +1.6189140e+01 +2.2472708e+01 +2.2472708e+01 
-9.9837708e+01 -9.9837708e+01 -3.1693330e+00 -3.1693330e+00 +2.0202839e+00 +2.0202839e+00 +1.2047398e+01 +1.2047398e+01 +1.6213297e+01 +1.6213297e+01 +2.2874787e+01 +2.2874787e+01 
-9.9837669e+01 -9.9837669e+01 -3.1379718e+00 -3.1379718e+00 +2.0211230e+00 +2.0211230e+00 +1.1838734e+01 +1.1838734e+01 +1.6239484e+01 +1.6239484e+01 +2.3365788e+01 +2.3365788e+01 
-9.9837623e+01 -9.9837623e+01 -3.1007646e+00 -3.1007646e+00 +2.0216225e+00 +2.0216225e+00 +1.1608859e+01 +1.1608859e+01 +1.6267006e+01 +1.6267006e+01 +2.3945873e+01 +2.3945873e+01 
-9.9837571e+01 -9.9837571e+01 -3.0576654e+00 -3.0576654e+00 +2.0215211e+00 +2.0215211e+00 +1.1362545e+01 +1.1362545e+01 +1.6295508e+01 +1.6295508e+01 +2.4613969e+01 +2.4613969e+01 
-9.9837514e+01 -9.9837514e+01 -3.0086348e+00 -3.0086348e+00 +2.0205077e+00 +2.0205077e+00 +1.1104020e+01 +1.1104020e+01 +1.6324879e+01 +1.6324879e+01 +2.5364613e+01 +2.5364613e+01 
-9.9837452e+01 -9.9837452e+01 -2.9536431e+00 -2.9536431e+00 +2.0182197e+00 +2.0182197e+00 +1.0837020e+01 +1.0837020e+01 +1.6355160e+01 +1.6355160e+01 +2.6180767e+01 +2.6180767e+01 
-9.9837384e+01 -9.9837384e+01 -2.8926721e+00 -2.8926721e+00 +2.0142387e+00 +2.0142387e+00 +1.0564862e+01 +1.0564862e+01 +1.6386465e+01 +1.6386465e+01 +2.7019734e+01 +2.7019734e+01 
-9.9837313e+01 -9.9837313e+01 -2.8257174e+00 -2.8257174e+00 +2.0080856e+00 +2.0080856e+00 +1.0290507e+01 +1.0290507e+01 +1.6418928e+01 +1.6418928e+01 +2.7797468e+01 +2.7797468e+01 
-9.9837238e+01 -9.9837238e+01 -2.7527904e+00 -2.7527904e+00 +1.9992134e+00 +1.9992134e+00 +1.0016600e+01 +1.0016600e+01 +1.6452664e+01 +1.6452664e+01 +2.8410917e+01 +2.8410917e+01 
-9.9837160e+01 -9.9837160e+01 -2.6739195e+00 -2.6739195e+00 +1.9869977e+00 +1.9869977e+00 +9.7454824e+00 +9.7454824e+00 +1.6487749e+01 +1.6487749e+01 +2.8821678e+01 +2.8821678e+01 
-9.9837079e+01 -9.9837079e+01 -2.5891528e+00 -2.5891528e+00 +1.9707286e+00 +1.9707286e+00 +9.4792042e+00 +9.4792042e+00 +1.6524200e+01 +1.6524200e+01 +2.9077065e+01 +2.9077065e+01 
-9.9836997e+01 -9.9836997e+01 -2.4985600e+00 -2.4985600e+00 +1.9496059e+00 +1.9496059e+00 +9.2195285e+00 +9.2195285e+00 +1.6561968e+01 +1.6561968e+01 +2.9241776e+01 +2.9241776e+01 
-9.9836914e+01 -9.9836914e+01 -2.4022364e+00 -2.4022364e+00 +1.9227448e+00 +1.9227448e+00 +8.9679537e+00 +8.9679537e+00 +1.6600924e+01 +1.6600924e+01 +2.9361207e+01 +2.9361207e+01 
-9.9836830e+01 -9.9836830e+01 -2.3003077e+00 -2.3003077e+00 +1.8891991e+00 +1.8891991e+00 +8.7257536e+00 +8.7257536e+00 +1.6640859e+01 +1.6640859e+01 +2.9462939e+01 +2.9462939e+01 
-9.9836747e+01 -9.9836747e+01 -2.1929390e+00 -2.1929390e+00 +1.8480050e+00 +1.8480050e+00 +8.4940392e+00 +8.4940392e+00 +1.6681484e+01 +1.6681484e+01 +2.9564282e+01 +2.9564282e+01 
-9.9836665e+01 -9.9836665e+01 -2.0803464e+00 -2.0803464e+00 +1.7982453e+00 +1.7982453e+00 +8.2738336e+00 +8.2738336e+00 +1.6722448e+01 +1.6722448e+01 +2.9677211e+01 +2.9677211e+01 
-9.9836586e+01 -9.9836586e+01 -1.9628150e+00 -1.9628150e+00 +1.7391278e+00 +1.7391278e+00 +8.0661418e+00 +8.0661418e+00 +1.6763359e+01 +1.6763359e+01 +2.9810995e+01 +2.9810995e+01 
-9.9836509e+01 -9.9836509e+01 -1.8407263e+00 -1.8407263e+00 +1.6700682e+00 +1.6700682e+00 +7.8719967e+00 +7.8719967e+00 +1.6803797e+01 +1.6803797e+01 +2.9973579e+01 +2.9973579e+01 
-9.9836435e+01 -9.9836435e+01 -1.7145981e+00 -1.7145981e+00 +1.5907773e+00 +1.5907773e+00 +7.6924693e+00 +7.6924693e+00 +1.6843331e+01 +1.6843331e+01 +3.0172303e+01 +3.0172303e+01 
-9.9836367e+01 -9.9836367e+01 -1.5851484e+00 -1.5851484e+00 +1.5013642e+00 +1.5013642e+00 +7.5286522e+00 +7.5286522e+00 +1.6881501e+01 +1.6881501e+01 +3.0414213e+01 +3.0414213e+01 
-9.9836303e+01 -9.9836303e+01 -1.4533963e+00 -1.4533963e+00 +1.4024786e+00 +1.4024786e+00 +7.3816288e+00 +7.3816288e+00 +1.6917795e+01 +1.6917795e+01 +3.0705980e+01 +3.0705980e+01 
-9.9836245e+01 -9.9836245e+01 -1.3208288e+00 -1.3208288e+00 +1.2955248e+00 +1.2955248e+00 +7.2524428e+00 +7.2524428e+00 +1.6951611e+01 +1.6951611e+01 +3.1053247e+01 +3.1053247e+01 
-9.9836195e+01 -9.9836195e+01 -1.1896790e+00 -1.1896790e+00 +1.1829918e+00 +1.1829918e+00 +7.1420645e+00 +7.1420645e+00 +1.6982246e+01 +1.6982246e+01 +3.1458896e+01 +3.1458896e+01 
-9.9836152e+01 -9.9836152e+01 -1.0633855e+00 -1.0633855e+00 +1.0689529e+00 +1.0689529e+00 +7.0513365e+00 +7.0513365e+00 +1.7008907e+01 +1.7008907e+01 +3.1919199e+01 +3.1919199e+01 
-9.9836117e+01 -9.9836117e+01 -9.4730748e-01 -9.4730748e-01 +9.5978795e-01 +9.5978795e-01 +6.9808888e+00 +6.9808888e+00 +1.7030762e+01 +1.7030762e+01 +3.2415744e+01 +3.2415744e+01 
-9.9836091e+01 -9.9836091e+01 -8.4963585e-01 -8.4963585e-01 +8.6504661e-01 +8.6504661e-01 +6.9310245e+00 +6.9310245e+00 +1.7047029e+01 +1.7047029e+01 +3.2900203e+01 +3.2900203e+01 
-9.9836075e+01 -9.9836075e+01 -7.8184997e-01 -7.8184997e-01 +7.9779740e-01 +7.9779740e-01 +6.9016120e+00 +6.9016120e+00 +1.7057069e+01 +1.7057069e+01 +3.3275921e+01 +3.3275921e+01 
-9.9836070e+01 -9.9836070e+01 -7.5686606e-01 -7.5686606e-01 +7.7262902e-01 +7.7262902e-01 +6.8920250e+00 +6.8920250e+00 +1.7060465e+01 +1.7060465e+01 +3.3418596e+01 +3.3418596e+01 
-9.9836075e+01 -9.9836075e+01 -7.8249457e-01 -7.8249457e-01 +7.9892793e-01 +7.9892793e-01 +6.9009038e+00 +6.9009038e+00 +1.7057165e+01 +1.7057165e+01 +3.3296440e+01 +3.3296440e+01 
-9.9836092e+01 -9.9836092e+01 -8.5719927e-01 -8.5719927e-01 +8.7654485e-01 +8.7654485e-01 +6.9265288e+00 +6.9265288e+00 +1.7047370e+01 +1.7047370e+01 +3.3022362e+01 +3.3022362e+01 
-9.9836121e+01 -9.9836121e+01 -9.7233173e-01 -9.7233173e-01 +9.9800758e-01 +9.9800758e-01 +6.9672637e+00 +6.9672637e+00 +1.7031364e+01 +1.7031364e+01 +3.2730585e+01 +3.2730585e+01 
-9.9836162e+01 -9.9836162e+01 -1.1171592e+00 -1.1171592e+00 +1.1535523e+00 +1.1535523e+00 +7.0213780e+00 +7.0213780e+00 +1.7009549e+01 +1.7009549e+01 +3.2497362e+01 +3.2497362e+01 
-9.9836216e+01 -9.9836216e+01 -1.2826819e+00 -1.2826819e+00 +1.3349595e+00 +1.3349595e+00 +7.0871582e+00 +7.0871582e+00 +1.6982359e+01 +1.6982359e+01 +3.2348127e+01 +3.2348127e+01 
-9.9836283e+01 -9.9836283e+01 -1.4624322e+00 -1.4624322e+00 +1.5363791e+00 +1.5363791e+00 +7.1629923e+00 +7.1629923e+00 +1.6950192e+01 +1.6950192e+01 +3.2281872e+01 +3.2281872e+01 
-9.9836364e+01 -9.9836364e+01 -1.6519808e+00 -1.6519808e+00 +1.7538594e+00 +1.7538594e+00 +7.2474283e+00 +7.2474283e+00 +1.6913371e+01 +1.6913371e+01 +3.2286625e+01 +3.2286625e+01 
-9.9836459e+01 -9.9836459e+01 -1.8482861e+00 -1.8482861e+00 +1.9847177e+00 +1.9847177e+00 +7.3392113e+00 +7.3392113e+00 +1.6872145e+01 +1.6872145e+01 +3.2347198e+01 +3.2347198e+01 
-9.9836568e+01 -9.9836568e+01 -2.0492052e+00 -2.0492052e+00 +2.2270719e+00 +2.2270719e+00 +7.4373005e+00 +7.4373005e+00 +1.6826709e+01 +1.6826709e+01 +3.2448746e+01 +3.2448746e+01 
-9.9836692e+01 -9.9836692e+01 -2.2531769e+00 -2.2531769e+00 +2.4795427e+00 +2.4795427e+00 +7.5408678e+00 +7.5408678e+00 +1.6777250e+01 +1.6777250e+01 +3.2578221e+01 +3.2578221e+01 
-9.9836831e+01 -9.9836831e+01 -2.4590238e+00 -2.4590238e+00 +2.7410723e+00 +2.7410723e+00 +7.6492792e+00 +7.6492792e+00 +1.6723983e+01 +1.6723983e+01 +3.2724741e+01 +3.2724741e+01 
-9.9836984e+01 -9.9836984e+01 -2.6658281e+00 -2.6658281e+00 +3.0108111e+00 +3.0108111e+00 +7.7620633e+00 +7.7620633e+00 +1.6667179e+01 +1.6667179e+01 +3.2879416e+01 +3.2879416e+01 
-9.9837152e+01 -9.9837152e+01 -2.8728528e+00 -2.8728528e+00 +3.2880399e+00 +3.2880399e+00 +7.8788739e+00 +7.8788739e+00 +1.6607168e+01 +1.6607168e+01 +3.3034928e+01 +3.3034928e+01 
-9.9837335e+01 -9.9837335e+01 -3.0794893e+00 -3.0794893e+00 +3.5721108e+00 +3.5721108e+00 +7.9994525e+00 +7.9994525e+00 +1.6544330e+01 +1.6544330e+01 +3.3185056e+01 +3.3185056e+01 
-9.9837532e+01 -9.9837532e+01 -3.2852228e+00 -3.2852228e+00 +3.8623997e+00 +3.8623997e+00 +8.1235953e+00 +8.1235953e+00 +1.6479070e+01 +1.6479070e+01 +3.3324237e+01 +3.3324237e+01 
-9.9837744e+01 -9.9837744e+01 -3.4896087e+00 -3.4896087e+00 +4.1582742e+00 +4.1582742e+00 +8.2511274e+00 +8.2511274e+00 +1.6411797e+01 +1.6411797e+01 +3.3447220e+01 +3.3447220e+01 
-9.9837971e+01 -9.9837971e+01 -3.6922570e+00 -3.6922570e+00 +4.4590775e+00 +4.4590775e+00 +8.3818846e+00 +8.3818846e+00 +1.6342915e+01 +1.6342915e+01 +3.3548834e+01 +3.3548834e+01 
-9.9838212e+01 -9.9838212e+01 -3.8928228e+00 -3.8928228e+00 +4.7641294e+00 +4.7641294e+00 +8.5157006e+00 +8.5157006e+00 +1.6272823e+01 +1.6272823e+01 +3.3623857e+01 +3.3623857e+01 
-9.9838466e+01 -9.9838466e+01 -4.0910006e+00 -4.0910006e+00 +5.0727412e+00 +5.0727412e+00 +8.6523985e+00 +8.6523985e+00 +1.6201915e+01 +1.6201915e+01 +3.3666986e+01 +3.3666986e+01 
-9.9838735e+01 -9.9838735e+01 -4.2865198e+00 -4.2865198e+00 +5.3842386e+00 +5.3842386e+00 +8.7917856e+00 +8.7917856e+00 +1.6130596e+01 +1.6130596e+01 +3.3672920e+01 +3.3672920e+01 
-9.9839016e+01 -9.9839016e+01 -4.4791418e+00 -4.4791418e+00 +5.6979856e+00 +5.6979856e+00 +8.9336497e+00 +8.9336497e+00 +1.6059288e+01 +1.6059288e+01 +3.3636540e+01 +3.3636540e+01 
-9.9839309e+01 -9.9839309e+01 -4.6686564e+00 -4.6686564e+00 +6.0134038e+00 +6.0134038e+00 +9.0777570e+00 +9.0777570e+00 +1.5988447e+01 +1.5988447e+01 +3.3553217e+01 +3.3553217e+01 
-9.9839615e+01 -9.9839615e+01 -4.8548791e+00 -4.8548791e+00 +6.3299830e+00 +6.3299830e+00 +9.2238526e+00 +9.2238526e+00 +1.5918566e+01 +1.5918566e+01 +3.3419207e+01 +3.3419207e+01 
-9.9839932e+01 -9.9839932e+01 -5.0376476e+00 -5.0376476e+00 +6.6472814e+00 +6.6472814e+00 +9.3716641e+00 +9.3716641e+00 +1.5850188e+01 +1.5850188e+01 +3.3232133e+01 +3.3232133e+01 
-9.9840260e+01 -9.9840260e+01 -5.2168190e+00 -5.2168190e+00 +6.9649139e+00 +6.9649139e+00 +9.5209099e+00 +9.5209099e+00 +1.5783913e+01 +1.5783913e+01 +3.2991468e+01 +3.2991468e+01 
-9.9840599e+01 -9.9840599e+01 -5.3922668e+00 -5.3922668e+00 +7.2825280e+00 +7.2825280e+00 +9.6713149e+00 +9.6713149e+00 +1.5720404e+01 +1.5720404e+01 +3.2698945e+01 +3.2698945e+01 
-9.9840946e+01 -9.9840946e+01 -5.5638793e+00 -5.5638793e+00 +7.5997666e+00 +7.5997666e+00 +9.8226379e+00 +9.8226379e+00 +1.5660394e+01 +1.5660394e+01 +3.2358777e+01 +3.2358777e+01 
-9.9841302e+01 -9.9841302e+01 -5.7315571e+00 -5.7315571e+00 +7.9162144e+00 +7.9162144e+00 +9.9747150e+00 +9.9747150e+00 +1.5604687e+01 +1.5604687e+01 +3.1977587e+01 +3.1977587e+01 
-9.9841666e+01 -9.9841666e+01 -5.8952124e+00 -5.8952124e+00 +8.2313215e+00 +8.2313215e+00 +1.0127530e+01 +1.0127530e+01 +1.5554152e+01 +1.5554152e+01 +3.1564010e+01 +3.1564010e+01 
-9.9842037e+01 -9.9842037e+01 -6.0547670e+00 -6.0547670e+00 +8.5442915e+00 +8.5442915e+00 +1.0281328e+01 +1.0281328e+01 +1.5509718e+01 +1.5509718e+01 +3.1128014e+01 +3.1128014e+01 
-9.9842413e+01 -9.9842413e+01 -6.2101510e+00 -6.2101510e+00 +8.8539135e+00 +8.8539135e+00 +1.0436785e+01 +1.0436785e+01 +1.5472357e+01 +1.5472357e+01 +3.0680082e+01 +3.0680082e+01 
-9.9842795e+01 -9.9842795e+01 -6.3613021e+00 -6.3613021e+00 +9.1583100e+00 +9.1583100e+00 +1.0595283e+01 +1.0595283e+01 +1.5443061e+01 +1.5443061e+01 +3.0230417e+01 +3.0230417e+01 
-9.9843181e+01 -9.9843181e+01 -6.5081637e+00 -6.5081637e+00 +9.4545788e+00 +9.4545788e+00 +1.0759284e+01 +1.0759284e+01 +1.5422811e+01 +1.5422811e+01 +2.9788320e+01 +2.9788320e+01 
-9.9843569e+01 -9.9843569e+01 -6.6506839e+00 -6.6506839e+00 +9.7383774e+00 +9.7383774e+00 +1.0932777e+01 +1.0932777e+01 +1.5412540e+01 +1.5412540e+01 +2.9361818e+01 +2.9361818e+01 
-9.9843960e+01 -9.9843960e+01 -6.7888142e+00 -6.7888142e+00 +1.0003734e+01 +1.0003734e+01 +1.1121489e+01 +1.1121489e+01 +1.5413098e+01 +1.5413098e+01 +2.8957535e+01 +2.8957535e+01 
-9.9844352e+01 -9.9844352e+01 -6.9225086e+00 -6.9225086e+00 +1.0243762e+01 +1.0243762e+01 +1.1332189e+01 +1.1332189e+01 +1.5425204e+01 +1.5425204e+01 +2.8580759e+01 +2.8580759e+01 
-9.9844744e+01 -9.9844744e+01 -7.0517227e+00 -7.0517227e+00 +1.0452866e+01 +1.0452866e+01 +1.1570494e+01 +1.1570494e+01 +1.5449419e+01 +1.5449419e+01 +2.8235631e+01 +2.8235631e+01 
-9.9845134e+01 -9.9845134e+01 -7.1764133e+00 -7.1764133e+00 +1.0629315e+01 +1.0629315e+01 +1.1838270e+01 +1.1838270e+01 +1.5486120e+01 +1.5486120e+01 +2.7925400e+01 +2.7925400e+01 
-9.9845523e+01 -9.9845523e+01 -7.2965386e+00 -7.2965386e+00 +1.0775645e+01 +1.0775645e+01 +1.2133193e+01 +1.2133193e+01 +1.5535488e+01 +1.5535488e+01 +2.7652678e+01 +2.7652678e+01 
-9.9845908e+01 -9.9845908e+01 -7.4120590e+00 -7.4120590e+00 +1.0896627e+01 +1.0896627e+01 +1.2450702e+01 +1.2450702e+01 +1.5597514e+01 +1.5597514e+01 +2.7419694e+01 +2.7419694e+01 
-9.9846288e+01 -9.9846288e+01 -7.5229389e+00 -7.5229389e+00 +1.0997131e+01 +1.0997131e+01 +1.2786044e+01 +1.2786044e+01 +1.5672014e+01 +1.5672014e+01 +2.7228503e+01 +2.7228503e+01 
-9.9846663e+01 -9.9846663e+01 -7.6291489e+00 -7.6291489e+00 +1.1081170e+01 +1.1081170e+01 +1.3135117e+01 +1.3135117e+01 +1.5758656e+01 +1.5758656e+01 +2.7081176e+01 +2.7081176e+01 
-9.9847032e+01 -9.9847032e+01 -7.7306686e+00 -7.7306686e+00 +1.1151815e+01 +1.1151815e+01 +1.3494446e+01 +1.3494446e+01 +1.5856989e+01 +1.5856989e+01 +2.6979966e+01 +2.6979966e+01 
-9.9847392e+01 -9.9847392e+01 -7.8274896e+00 -7.8274896e+00 +1.1211401e+01 +1.1211401e+01 +1.3860879e+01 +1.3860879e+01 +1.5966463e+01 +1.5966463e+01 +2.6927472e+01 +2.6927472e+01 
-9.9847744e+01 -9.9847744e+01 -7.9196168e+00 -7.9196168e+00 +1.1261755e+01 +1.1261755e+01 +1.4231312e+01 +1.4231312e+01 +1.6086454e+01 +1.6086454e+01 +2.6926810e+01 +2.6926810e+01 
-9.9848087e+01 -9.9848087e+01 -8.0070695e+00 -8.0070695e+00 +1.1304359e+01 +1.1304359e+01 +1.4602505e+01 +1.4602505e+01 +1.6216268e+01 +1.6216268e+01 +2.6981820e+01 +2.6981820e+01 
-9.9848418e+01 -9.9848418e+01 -8.0898791e+00 -8.0898791e+00 +1.1340459e+01 +1.1340459e+01 +1.4971010e+01 +1.4971010e+01 +1.6355134e+01 +1.6355134e+01 +2.7097305e+01 +2.7097305e+01 
-9.9848738e+01 -9.9848738e+01 -8.1680855e+00 -8.1680855e+00 +1.1371135e+01 +1.1371135e+01 +1.5333192e+01 +1.5333192e+01 +1.6502188e+01 +1.6502188e+01 +2.7279321e+01 +2.7279321e+01 
-9.9849045e+01 -9.9849045e+01 -8.2417319e+00 -8.2417319e+00 +1.1397334e+01 +1.1397334e+01 +1.5685323e+01 +1.5685323e+01 +1.6656444e+01 +1.6656444e+01 +2.7535559e+01 +2.7535559e+01 
-9.9849339e+01 -9.9849339e+01 -8.3108589e+00 -8.3108589e+00 +1.1419889e+01 +1.1419889e+01 +1.6023729e+01 +1.6023729e+01 +1.6816745e+01 +1.6816745e+01 +2.7875847e+01 +2.7875847e+01 
-9.9849618e+01 -9.9849618e+01 -8.3754997e+00 -8.3754997e+00 +1.1439530e+01 +1.1439530e+01 +1.6344990e+01 +1.6344990e+01 +1.6981702e+01 +1.6981702e+01 +2.8312877e+01 +2.8312877e+01 
-9.9849882e+01 -9.9849882e+01 -8.4356762e+00 -8.4356762e+00 +1.1456884e+01 +1.1456884e+01 +1.6646158e+01 +1.6646158e+01 +1.7149618e+01 +1.7149618e+01 +2.8863312e+01 +2.8863312e+01 
-9.9850129e+01 -9.9850129e+01 -8.4913967e+00 -8.4913967e+00 +1.1472480e+01 +1.1472480e+01 +1.6924984e+01 +1.6924984e+01 +1.7318399e+01 +1.7318399e+01 +2.9549515e+01 +2.9549515e+01 
-9.9850360e+01 -9.9850360e+01 -8.5426555e+00 -8.5426555e+00 +1.1486754e+01 +1.1486754e+01 +1.7180110e+01 +1.7180110e+01 +1.7485475e+01 +1.7485475e+01 +3.0402254e+01 +3.0402254e+01 
-9.9850573e+01 -9.9850573e+01 -8.5894328e+00 -8.5894328e+00 +1.1500053e+01 +1.1500053e+01 +1.7411133e+01 +1.7411133e+01 +1.7647807e+01 +1.7647807e+01 +3.1464910e+01 +3.1464910e+01 
-9.9850768e+01 -9.9850768e+01 -8.6316949e+00 -8.6316949e+00 +1.1512646e+01 +1.1512646e+01 +1.7618483e+01 +1.7618483e+01 +1.7802047e+01 +1.7802047e+01 +3.2799894e+01 +3.2799894e+01 
-9.9850944e+01 -9.9850944e+01 -8.6693960e+00 -8.6693960e+00 +1.1524722e+01 +1.1524722e+01 +1.7803037e+01 +1.7803037e+01 +1.7944926e+01 +1.7944926e+01 +3.4498202e+01 +3.4498202e+01 
-9.9851101e+01 -9.9851101e+01 -8.7024800e+00 -8.7024800e+00 +1.1536397e+01 +1.1536397e+01 +1.7965645e+01 +1.7965645e+01 +1.8073715e+01 +1.8073715e+01 +3.6692808e+01 +3.6692808e+01 
-9.9851237e+01 -9.9851237e+01 -8.7308868e+00 -8.7308868e+00 +1.1547700e+01 +1.1547700e+01 +1.8106799e+01 +1.8106799e+01 +1.8186530e+01 +1.8186530e+01 +3.9574481e+01 +3.9574481e+01 
-9.9851354e+01 -9.9851354e+01 -8.7545660e+00 -8.7545660e+00 +1.1558547e+01 +1.1558547e+01 +1.8226596e+01 +1.8226596e+01 +1.8282334e+01 +1.8282334e+01 +4.3398429e+01 +4.3398429e+01 
-9.9851450e+01 -9.9851450e+01 -8.7735040e+00 -8.7735040e+00 +1.1568698e+01 +1.1568698e+01 +1.8324887e+01 +1.8324887e+01 +1.8360711e+01 +1.8360711e+01 +4.8424567e+01 +4.8424567e+01 
-9.9851524e+01 -9.9851524e+01 -8.7877689e+00 -8.7877689e+00 +1.1577716e+01 +1.1577716e+01 +1.8401468e+01 +1.8401468e+01 +1.8421595e+01 +1.8421595e+01 +5.4425896e+01 +5.4425896e+01 
-9.9851578e+01 -9.9851578e+01 -8.7975579e+00 -8.7975579e+00 +1.1584970e+01 +1.1584970e+01 +1.8456199e+01 +1.8456199e+01 +1.8465038e+01 +1.8465038e+01 +5.8077556e+01 +5.8077556e+01 
-9.9851610e+01 -9.9851610e+01 -8.8031972e+00 -8.8031972e+00 +1.1589734e+01 +1.1589734e+01 +1.8489032e+01 +1.8489032e+01 +1.8491093e+01 +1.8491093e+01 +5.8982972e+01 +5.8982972e+01 
-9.9851621e+01 -9.9851621e+01 -8.8050270e+00 -8.8050270e+00 +1.1591401e+01 +1.1591401e+01 +1.8499777e+01 +1.8499777e+01 +1.8499974e+01 +1.8499974e+01 +5.9228036e+01 +5.9228036e+01 
-9.9837799e+01 -9.9837799e+01 -3.2401067e+00 -3.2401067e+00 +2.0170064e+00 +2.0170064e+00 +1.2585059e+01 +1.2585059e+01 +1.6137075e+01 +1.6137075e+01 +2.1755156e+01 +2.1755156e+01 
-9.9838023e+01 -9.9837574e+01 -3.2952947e+00 -3.1876537e+00 +2.0152946e+00 +2.0302319e+00 +1.2410074e+01 +1.2765473e+01 +1.5986088e+01 +1.6239422e+01 +2.1384650e+01 +2.2197733e+01 
-9.9838246e+01 -9.9837351e+01 -3.3529890e+00 -3.1381166e+00 +2.0246627e+00 +2.0553017e+00 +1.2240762e+01 +1.2950968e+01 +1.5795432e+01 +1.6285247e+01 +2.1087158e+01 +2.2711424e+01 
-9.9838469e+01 -9.9837129e+01 -3.4129130e+00 -3.0916317e+00 +2.0445870e+00 +2.0924443e+00 +1.2077276e+01 +1.3141098e+01 +1.5573848e+01 +1.6269596e+01 +2.0862027e+01 +2.3296135e+01 
-9.9838689e+01 -9.9836908e+01 -3.4747441e+00 -3.0482941e+00 +2.0744741e+00 +2.1417986e+00 +1.1919686e+01 +1.3335326e+01 +1.5329106e+01 +1.6192161e+01 +2.0705331e+01 +2.3952859e+01 
-9.9838908e+01 -9.9836690e+01 -3.5381202e+00 -3.0081611e+00 +2.1136862e+00 +2.2034369e+00 +1.1768006e+01 +1.3533043e+01 +1.5067674e+01 +1.6057828e+01 +2.0609183e+01 +2.4683535e+01 
-9.9839124e+01 -9.9836475e+01 -3.6026481e+00 -2.9712560e+00 +2.1615648e+00 +2.2773920e+00 +1.1622208e+01 +1.3733594e+01 +1.4794645e+01 +1.5875506e+01 +2.0562669e+01 +2.5490840e+01 
-9.9839336e+01 -9.9836263e+01 -3.6679151e+00 -2.9375696e+00 +2.2174491e+00 +2.3636828e+00 +1.1482241e+01 +1.3936299e+01 +1.4513822e+01 +1.5655896e+01 +2.0553817e+01 +2.6378048e+01 
-9.9839544e+01 -9.9836055e+01 -3.7335021e+00 -2.9070625e+00 +2.2806873e+00 +2.4623315e+00 +1.1348049e+01 +1.4140477e+01 +1.4227899e+01 +1.5409426e+01 +2.0571448e+01 +2.7348996e+01 
-9.9839748e+01 -9.9835852e+01 -3.7989943e+00 -2.8796660e+00 +2.3506418e+00 +2.5733709e+00 +1.1219582e+01 +1.3938695e+01 +1.4345463e+01 +1.5145050e+01 +2.0606231e+01 +2.8407952e+01 
-9.9839947e+01 -9.9835654e+01 -3.8639916e+00 -2.8552837e+00 +2.4266874e+00 +2.6968429e+00 +1.1096798e+01 +1.3647406e+01 +1.4550622e+01 +1.4869885e+01 +2.0650956e+01 +2.9085003e+01 
-9.9840141e+01 -9.9835461e+01 -3.9281146e+00 -2.8337941e+00 +2.5082067e+00 +2.8327885e+00 +1.0979671e+01 +1.3354822e+01 +1.4589349e+01 +1.4755359e+01 +2.0700372e+01 +2.9112575e+01 
-9.9840328e+01 -9.9835274e+01 -3.9910075e+00 -2.8150529e+00 +2.5945828e+00 +2.9812346e+00 +1.0868193e+01 +1.3061514e+01 +1.4307489e+01 +1.4959114e+01 +2.0750846e+01 +2.9180280e+01 
-9.9840510e+01 -9.9835094e+01 -4.0523395e+00 -2.7988968e+00 +2.6851911e+00 +3.1421790e+00 +1.0762366e+01 +1.2767966e+01 +1.4027335e+01 +1.5161367e+01 +2.0800013e+01 +2.9294361e+01 
-9.9840684e+01 -9.9834921e+01 -4.1118028e+00 -2.7851464e+00 +2.7793898e+00 +3.3155763e+00 +1.0662211e+01 +1.2474662e+01 +1.3751210e+01 +1.5361625e+01 +2.0846472e+01 +2.9461489e+01 
-9.9840851e+01 -9.9834755e+01 -4.1691108e+00 -2.7736102e+00 +2.8765099e+00 +3.5013233e+00 +1.0567757e+01 +1.2182125e+01 +1.3480965e+01 +1.5559414e+01 +2.0889533e+01 +2.9689219e+01 
-9.9841010e+01 -9.9834597e+01 -4.2239965e+00 -2.7640861e+00 +2.9758434e+00 +3.6992454e+00 +1.0479043e+01 +1.1890933e+01 +1.3218159e+01 +1.5754259e+01 +2.0929015e+01 +2.9986165e+01 
-9.9841160e+01 -9.9834447e+01 -4.2762098e+00 -2.7563642e+00 +3.0766298e+00 +3.9090803e+00 +1.0396112e+01 +1.1601709e+01 +1.2964186e+01 +1.5945659e+01 +2.0965088e+01 +3.0362291e+01 
-9.9841303e+01 -9.9834306e+01 -4.3255176e+00 -2.7502267e+00 +3.1780418e+00 +4.1304580e+00 +1.0319017e+01 +1.1315095e+01 +1.2720364e+01 +1.6133062e+01 +2.0998137e+01 +3.0829265e+01 
-9.9841436e+01 -9.9834174e+01 -4.3717031e+00 -2.7454491e+00 +3.2791703e+00 +4.3628755e+00 +1.0247809e+01 +1.1031725e+01 +1.2487992e+01 +1.6315827e+01 +2.1028660e+01 +3.1400837e+01 
-9.9841560e+01 -9.9834051e+01 -4.4145667e+00 -2.7418005e+00 +3.3790112e+00 +4.6056639e+00 +1.0182541e+01 +1.0752184e+01 +1.2268389e+01 +1.6493182e+01 +2.1057177e+01 +3.2093096e+01 
-9.9841674e+01 -9.9833938e+01 -4.4539276e+00 -2.7390451e+00 +3.4764554e+00 +4.8579475e+00 +1.0123263e+01 +1.0476968e+01 +1.2062912e+01 +1.6664183e+01 +2.1084164e+01 +3.2924400e+01 
-9.9841778e+01 -9.9833834e+01 -4.4896270e+00 -2.7369470e+00 +3.5702875e+00 +5.1185933e+00 +1.0070018e+01 +1.0206454e+01 +1.1872952e+01 +1.6827667e+01 +2.1109992e+01 +3.3914564e+01 
-9.9841872e+01 -9.9833741e+01 -4.5215326e+00 -2.7352797e+00 +3.6591959e+00 +5.3861508e+00 +9.9408709e+00 +1.0022836e+01 +1.1699903e+01 +1.6982221e+01 +2.1134883e+01 +3.5082666e+01 
-9.9841956e+01 -9.9833658e+01 -4.5495449e+00 -2.7338405e+00 +3.7418001e+00 +5.6587744e+00 +9.6803156e+00 +9.9817197e+00 +1.1545109e+01 +1.7126161e+01 +2.1158871e+01 +3.6442510e+01 
-9.9842029e+01 -9.9833586e+01 -4.5736052e+00 -2.7324725e+00 +3.8166984e+00 +5.9341079e+00 +9.4248400e+00 +9.9466404e+00 +1.1409773e+01 +1.7257542e+01 +2.1181771e+01 +3.7994524e+01 
-9.9842091e+01 -9.9833524e+01 -4.5937037e+00 -2.7310871e+00 +3.8825339e+00 +6.2090651e+00 +9.1747203e+00 +9.9175157e+00 +1.1294857e+01 +1.7374208e+01 +2.1203173e+01 +3.9713095e+01 
-9.9842142e+01 -9.9833474e+01 -4.6098850e+00 -2.7296813e+00 +3.9380733e+00 +6.4793271e+00 +8.9311005e+00 +9.8942004e+00 +1.1200985e+01 +1.7473885e+01 +2.1222442e+01 +4.1529550e+01 
-9.9842182e+01 -9.9833434e+01 -4.6222464e+00 -2.7283382e+00 +3.9822818e+00 +6.7380457e+00 +8.6975332e+00 +9.8764843e+00 +1.1128385e+01 +1.7554321e+01 +2.1238774e+01 +4.3314465e+01 
-9.9842210e+01 -9.9833406e+01 -4.6309222e+00 -2.7272029e+00 +4.0143728e+00 +6.9722870e+00 +8.4838617e+00 +9.8641098e+00 +1.1076932e+01 +1.7613469e+01 +2.1251291e+01 +4.4869932e+01 
-9.9842227e+01 -9.9833389e+01 -4.6360541e+00 -2.7264371e+00 +4.0338200e+00 +7.1537553e+00 +8.3158488e+00 +9.8568178e+00 +1.1046291e+01 +1.7649676e+01 +2.1259187e+01 +4.5951987e+01 
-9.9842233e+01 -9.9833384e+01 -4.6377511e+00 -2.7261662e+00 +4.0403329e+00 +7.2275535e+00 +8.2467288e+00 +9.8544117e+00 +1.1036123e+01 +1.7661870e+01 +2.1261889e+01 +4.6342665e+01 
-9.9836084e+01 -9.9836084e+01 -2.0977486e+00 -6.2236620e-01 -6.2217452e-01 +7.1068983e+00 +7.2023978e+00 +7.2024046e+00 +1.4814108e+01 +1.4814398e+01 +1.5410743e+01 +4.1191076e+01 
-9.9836084e+01 -9.9836084e+01 -2.0947590e+00 -6.2275472e-01 -6.2256331e-01 +7.0897443e+00 +7.2031864e+00 +7.2031932e+00 +1.4818137e+01 +1.4818427e+01 +1.5444426e+01 +4.1188459e+01 
-9.9836084e+01 -9.9836084e+01 -2.0857891e+00 -6.2391606e-01 -6.2372545e-01 +7.0389777e+00 +7.2054708e+00 +7.2054776e+00 +1.4830239e+01 +1.4830529e+01 +1.5544197e+01 +4.1181164e+01 
-9.9836083e+01 -9.9836083e+01 -2.0708353e+00 -6.2583759e-01 -6.2564831e-01 +6.9565467e+00 +7.2090077e+00 +7.2090144e+00 +1.4850459e+01 +1.4850748e+01 +1.5706379e+01 +4.1170689e+01 
-9.9836083e+01 -9.9836083e+01 -2.0498926e+00 -6.2849844e-01 -6.2831101e-01 +6.8452924e+00 +7.2133986e+00 +7.2134052e+00 +1.4878857e+01 +1.4879146e+01 +1.5925324e+01 +4.1159072e+01 
-9.9836083e+01 -9.9836083e+01 -2.0229561e+00 -6.3186976e-01 -6.3168470e-01 +6.7085011e+00 +7.2181106e+00 +7.2181171e+00 +1.4915496e+01 +1.4915783e+01 +1.6193994e+01 +4.1148421e+01 
-9.9836082e+01 -9.9836082e+01 -1.9900214e+00 -6.3591498e-01 -6.3573278e-01 +6.5495008e+00 +7.2225197e+00 +7.2225259e+00 +1.4960398e+01 +1.4960683e+01 +1.6504595e+01 +4.1140585e+01 
-9.9836082e+01 -9.9836082e+01 -1.9510868e+00 -6.4059010e-01 -6.4041125e-01 +6.3713867e+00 +7.2259758e+00 +7.2259816e+00 +1.5013513e+01 +1.5013796e+01 +1.6849187e+01 +4.1136992e+01 
-9.9836081e+01 -9.9836081e+01 -1.9061526e+00 -6.4584399e-01 -6.4566896e-01 +6.1768910e+00 +7.2278810e+00 +7.2278864e+00 +1.5074670e+01 +1.5074949e+01 +1.7220219e+01 +4.1138661e+01 
-9.9836080e+01 -9.9836080e+01 -1.8552223e+00 -6.5161870e-01 -6.5144797e-01 +5.9683716e+00 +7.2277620e+00 +7.2277668e+00 +1.5143549e+01 +1.5143825e+01 +1.7610991e+01 +4.1146314e+01 
-9.9836080e+01 -9.9836080e+01 -1.7983016e+00 -6.5784982e-01 -6.5768383e-01 +5.7478719e+00 +7.2253187e+00 +7.2253229e+00 +1.5219672e+01 +1.5219944e+01 +1.8015976e+01 +4.1160514e+01 
-9.9836079e+01 -9.9836079e+01 -1.7353978e+00 -6.6446681e-01 -6.6430601e-01 +5.5172081e+00 +7.2204395e+00 +7.2204429e+00 +1.5302413e+01 +1.5302680e+01 +1.8431014e+01 +4.1181808e+01 
-9.9836078e+01 -9.9836078e+01 -1.6665197e+00 -6.7139349e-01 -6.7123829e-01 +5.2780515e+00 +7.2131835e+00 +7.2131861e+00 +1.5391029e+01 +1.5391290e+01 +1.8853339e+01 +4.1210834e+01 
-9.9836078e+01 -9.9836078e+01 -1.5916763e+00 -6.7854841e-01 -6.7839922e-01 +5.0319873e+00 +7.2037401e+00 +7.2037419e+00 +1.5484698e+01 +1.5484953e+01 +1.9281486e+01 +4.1248387e+01 
-9.9836077e+01 -9.9836077e+01 -1.5108771e+00 -6.8584540e-01 -6.8570262e-01 +4.7805452e+00 +7.1923779e+00 +7.1923788e+00 +1.5582566e+01 +1.5582814e+01 +1.9715109e+01 +4.1295421e+01 
-9.9836076e+01 -9.9836076e+01 -1.4241319e+00 -6.9319409e-01 -6.9305808e-01 +4.5252048e+00 +7.1793941e+00 +7.1793943e+00 +1.5683784e+01 +1.5684024e+01 +2.0154784e+01 +4.1352984e+01 
-9.9836075e+01 -9.9836075e+01 -1.3314508e+00 -7.0050062e-01 -7.0037172e-01 +4.2673867e+00 +7.1650706e+00 +7.1650712e+00 +1.5787537e+01 +1.5787770e+01 +2.0601840e+01 +4.1422034e+01 
-9.9836075e+01 -9.9836075e+01 -1.2328457e+00 -7.0766863e-01 -7.0754718e-01 +4.0084355e+00 +7.1496405e+00 +7.1496417e+00 +1.5893072e+01 +1.5893296e+01 +2.1058277e+01 +4.1503129e+01 
-9.9836074e+01 -9.9836074e+01 -1.1283302e+00 -7.1460091e-01 -7.1448722e-01 +3.7496039e+00 +7.1332610e+00 +7.1332627e+00 +1.5999701e+01 +1.5999916e+01 +2.1526765e+01 +4.1595893e+01 
-9.9836073e+01 -9.9836073e+01 -1.0179212e+00 -7.2120171e-01 -7.2109606e-01 +3.4920413e+00 +7.1159977e+00 +7.1159998e+00 +1.6106810e+01 +1.6107014e+01 +2.2010777e+01 +4.1698220e+01 
-9.9836073e+01 -9.9836073e+01 -9.0163909e-01 -7.2737997e-01 -7.2728268e-01 +3.2367877e+00 +7.0978208e+00 +7.0978231e+00 +1.6213831e+01 +1.6214025e+01 +2.2514822e+01 +4.1805074e+01 
-9.9836072e+01 -9.9836072e+01 -7.7950723e-01 -7.3305299e-01 -7.3296479e-01 +2.9847730e+00 +7.0786213e+00 +7.0786235e+00 +1.6320215e+01 +1.6320398e+01 +2.3044828e+01 +4.1906750e+01 
-9.9836071e+01 -9.9836071e+01 -7.3815399e-01 -7.3807315e-01 -6.5154505e-01 +2.7368189e+00 +7.0582543e+00 +7.0582562e+00 +1.6425365e+01 +1.6425536e+01 +2.3608661e+01 +4.1986355e+01 
-9.9836071e+01 -9.9836071e+01 -7.4262740e-01 -7.4255562e-01 -5.1776837e-01 +2.4936409e+00 +7.0366177e+00 +7.0366191e+00 +1.6528546e+01 +1.6528704e+01 +2.4216820e+01 +4.2016200e+01 
-9.9836071e+01 -9.9836071e+01 -7.4644340e-01 -7.4638057e-01 -3.7816356e-01 +2.2558508e+00 +7.0137618e+00 +7.0137626e+00 +1.6628768e+01 +1.6628911e+01 +2.4883338e+01 +4.1952804e+01 
-9.9836070e+01 -9.9836070e+01 -7.4959340e-01 -7.4953954e-01 -2.3267604e-01 +2.0239571e+00 +6.9900134e+00 +6.9900136e+00 +1.6724634e+01 +1.6724762e+01 +2.5626881e+01 +4.1730774e+01 
-9.9836070e+01 -9.9836070e+01 -7.5209409e-01 -7.5204922e-01 -8.1193242e-02 +1.7983663e+00 +6.9660817e+00 +6.9660821e+00 +1.6814187e+01 +1.6814298e+01 +2.6471969e+01 +4.1258413e+01 
-9.9836070e+01 -9.9836070e+01 -7.5398747e-01 -7.5395158e-01 +7.6454716e-02 +1.5793847e+00 +6.9431060e+00 +6.9431068e+00 +1.6894805e+01 +1.6894897e+01 +2.7449997e+01 +4.0425207e+01 
-9.9836070e+01 -9.9836070e+01 -7.5533743e-01 -7.5531052e-01 +2.4047274e-01 +1.3672252e+00 +6.9225985e+00 +6.9225995e+00 +1.6963223e+01 +1.6963294e+01 +2.8599121e+01 +3.9142131e+01 
-9.9836070e+01 -9.9836070e+01 -7.5622073e-01 -7.5620280e-01 +4.1106548e-01 +1.1620166e+00 +6.9062611e+00 +6.9062619e+00 +1.7015795e+01 +1.7015844e+01 +2.9960736e+01 +3.7422351e+01 
-9.9836070e+01 -9.9836070e+01 -7.5671202e-01 -7.5670305e-01 +5.8840733e-01 +9.6381730e-01 +6.8956882e+00 +6.8956887e+00 +1.7049056e+01 +1.7049081e+01 +3.1567884e+01 +3.5432828e+01 
-9.9836070e+01 -9.9836070e+01 -7.5686606e-01 -7.5686606e-01 +7.7262902e-01 +7.7262902e-01 +6.8920250e+00 +6.8920250e+00 +1.7060465e+01 +1.7060465e+01 +3.3418596e+01 +3.3418596e+01 
