# num high symmetry points
8
# label high symmetry points
G X M G R X M R 
# indices high symmetry points
1 25 49 83 124 158 159 183 
# nk, nb, ns
183 24 1
# k-points (frac coords)
+0.0000000e+00 +0.0000000e+00 +0.0000000e+00 
+0.0000000e+00 +2.0833333e-02 +0.0000000e+00 
+0.0000000e+00 +4.1666667e-02 +0.0000000e+00 
+0.0000000e+00 +6.2500000e-02 +0.0000000e+00 
+0.0000000e+00 +8.3333333e-02 +0.0000000e+00 
+0.0000000e+00 +1.0416667e-01 +0.0000000e+00 
+0.0000000e+00 +1.2500000e-01 +0.0000000e+00 
+0.0000000e+00 +1.4583333e-01 +0.0000000e+00 
+0.0000000e+00 +1.6666667e-01 +0.0000000e+00 
+0.0000000e+00 +1.8750000e-01 +0.0000000e+00 
+0.0000000e+00 +2.0833333e-01 +0.0000000e+00 
+0.0000000e+00 +2.2916667e-01 +0.0000000e+00 
+0.0000000e+00 +2.5000000e-01 +0.0000000e+00 
+0.0000000e+00 +2.7083333e-01 +0.0000000e+00 
+0.0000000e+00 +2.9166667e-01 +0.0000000e+00 
+0.0000000e+00 +3.1250000e-01 +0.0000000e+00 
+0.0000000e+00 +3.3333333e-01 +0.0000000e+00 
+0.0000000e+00 +3.5416667e-01 +0.0000000e+00 
+0.0000000e+00 +3.7500000e-01 +0.0000000e+00 
+0.0000000e+00 +3.9583333e-01 +0.0000000e+00 
+0.0000000e+00 +4.1666667e-01 +0.0000000e+00 
+0.0000000e+00 +4.3750000e-01 +0.0000000e+00 
+0.0000000e+00 +4.5833333e-01 +0.0000000e+00 
+0.0000000e+00 +4.7916667e-01 +0.0000000e+00 
+0.0000000e+00 +5.0000000e-01 +0.0000000e+00 
+2.0833333e-02 +5.0000000e-01 +0.0000000e+00 
+4.1666667e-02 +5.0000000e-01 +0.0000000e+00 
+6.2500000e-02 +5.0000000e-01 +0.0000000e+00 
+8.3333333e-02 +5.0000000e-01 +0.0000000e+00 
+1.0416667e-01 +5.0000000e-01 +0.0000000e+00 
+1.2500000e-01 +5.0000000e-01 +0.0000000e+00 
+1.4583333e-01 +5.0000000e-01 +0.0000000e+00 
+1.6666667e-01 +5.0000000e-01 +0.0000000e+00 
+1.8750000e-01 +5.0000000e-01 +0.0000000e+00 
+2.0833333e-01 +5.0000000e-01 +0.0000000e+00 
+2.2916667e-01 +5.0000000e-01 +0.0000000e+00 
+2.5000000e-01 +5.0000000e-01 +0.0000000e+00 
+2.7083333e-01 +5.0000000e-01 +0.0000000e+00 
+2.9166667e-01 +5.0000000e-01 +0.0000000e+00 
+3.1250000e-01 +5.0000000e-01 +0.0000000e+00 
+3.3333333e-01 +5.0000000e-01 +0.0000000e+00 
+3.5416667e-01 +5.0000000e-01 +0.0000000e+00 
+3.7500000e-01 +5.0000000e-01 +0.0000000e+00 
+3.9583333e-01 +5.0000000e-01 +0.0000000e+00 
+4.1666667e-01 +5.0000000e-01 +0.0000000e+00 
+4.3750000e-01 +5.0000000e-01 +0.0000000e+00 
+4.5833333e-01 +5.0000000e-01 +0.0000000e+00 
+4.7916667e-01 +5.0000000e-01 +0.0000000e+00 
+5.0000000e-01 +5.0000000e-01 +0.0000000e+00 
+4.8529412e-01 +4.8529412e-01 +0.0000000e+00 
+4.7058824e-01 +4.7058824e-01 +0.0000000e+00 
+4.5588235e-01 +4.5588235e-01 +0.0000000e+00 
+4.4117647e-01 +4.4117647e-01 +0.0000000e+00 
+4.2647059e-01 +4.2647059e-01 +0.0000000e+00 
+4.1176471e-01 +4.1176471e-01 +0.0000000e+00 
+3.9705882e-01 +3.9705882e-01 +0.0000000e+00 
+3.8235294e-01 +3.8235294e-01 +0.0000000e+00 
+3.6764706e-01 +3.6764706e-01 +0.0000000e+00 
+3.5294118e-01 +3.5294118e-01 +0.0000000e+00 
+3.3823529e-01 +3.3823529e-01 +0.0000000e+00 
+3.2352941e-01 +3.2352941e-01 +0.0000000e+00 
+3.0882353e-01 +3.0882353e-01 +0.0000000e+00 
+2.9411765e-01 +2.9411765e-01 +0.0000000e+00 
+2.7941176e-01 +2.7941176e-01 +0.0000000e+00 
+2.6470588e-01 +2.6470588e-01 +0.0000000e+00 
+2.5000000e-01 +2.5000000e-01 +0.0000000e+00 
+2.3529412e-01 +2.3529412e-01 +0.0000000e+00 
+2.2058824e-01 +2.2058824e-01 +0.0000000e+00 
+2.0588235e-01 +2.0588235e-01 +0.0000000e+00 
+1.9117647e-01 +1.9117647e-01 +0.0000000e+00 
+1.7647059e-01 +1.7647059e-01 +0.0000000e+00 
+1.6176471e-01 +1.6176471e-01 +0.0000000e+00 
+1.4705882e-01 +1.4705882e-01 +0.0000000e+00 
+1.3235294e-01 +1.3235294e-01 +0.0000000e+00 
+1.1764706e-01 +1.1764706e-01 +0.0000000e+00 
+1.0294118e-01 +1.0294118e-01 +0.0000000e+00 
+8.8235294e-02 +8.8235294e-02 +0.0000000e+00 
+7.3529412e-02 +7.3529412e-02 +0.0000000e+00 
+5.8823529e-02 +5.8823529e-02 +0.0000000e+00 
+4.4117647e-02 +4.4117647e-02 +0.0000000e+00 
+2.9411765e-02 +2.9411765e-02 +0.0000000e+00 
+1.4705882e-02 +1.4705882e-02 +0.0000000e+00 
+0.0000000e+00 +0.0000000e+00 +0.0000000e+00 
+1.2195122e-02 +1.2195122e-02 +1.2195122e-02 
+2.4390244e-02 +2.4390244e-02 +2.4390244e-02 
+3.6585366e-02 +3.6585366e-02 +3.6585366e-02 
+4.8780488e-02 +4.8780488e-02 +4.8780488e-02 
+6.0975610e-02 +6.0975610e-02 +6.0975610e-02 
+7.3170732e-02 +7.3170732e-02 +7.3170732e-02 
+8.5365854e-02 +8.5365854e-02 +8.5365854e-02 
+9.7560976e-02 +9.7560976e-02 +9.7560976e-02 
+1.0975610e-01 +1.0975610e-01 +1.0975610e-01 
+1.2195122e-01 +1.2195122e-01 +1.2195122e-01 
+1.3414634e-01 +1.3414634e-01 +1.3414634e-01 
+1.4634146e-01 +1.4634146e-01 +1.4634146e-01 
+1.5853659e-01 +1.5853659e-01 +1.5853659e-01 
+1.7073171e-01 +1.7073171e-01 +1.7073171e-01 
+1.8292683e-01 +1.8292683e-01 +1.8292683e-01 
+1.9512195e-01 +1.9512195e-01 +1.9512195e-01 
+2.0731707e-01 +2.0731707e-01 +2.0731707e-01 
+2.1951220e-01 +2.1951220e-01 +2.1951220e-01 
+2.3170732e-01 +2.3170732e-01 +2.3170732e-01 
+2.4390244e-01 +2.4390244e-01 +2.4390244e-01 
+2.5609756e-01 +2.5609756e-01 +2.5609756e-01 
+2.6829268e-01 +2.6829268e-01 +2.6829268e-01 
+2.8048780e-01 +2.8048780e-01 +2.8048780e-01 
+2.9268293e-01 +2.9268293e-01 +2.9268293e-01 
+3.0487805e-01 +3.0487805e-01 +3.0487805e-01 
+3.1707317e-01 +3.1707317e-01 +3.1707317e-01 
+3.2926829e-01 +3.2926829e-01 +3.2926829e-01 
+3.4146341e-01 +3.4146341e-01 +3.4146341e-01 
+3.5365854e-01 +3.5365854e-01 +3.5365854e-01 
+3.6585366e-01 +3.6585366e-01 +3.6585366e-01 
+3.7804878e-01 +3.7804878e-01 +3.7804878e-01 
+3.9024390e-01 +3.9024390e-01 +3.9024390e-01 
+4.0243902e-01 +4.0243902e-01 +4.0243902e-01 
+4.1463415e-01 +4.1463415e-01 +4.1463415e-01 
+4.2682927e-01 +4.2682927e-01 +4.2682927e-01 
+4.3902439e-01 +4.3902439e-01 +4.3902439e-01 
+4.5121951e-01 +4.5121951e-01 +4.5121951e-01 
+4.6341463e-01 +4.6341463e-01 +4.6341463e-01 
+4.7560976e-01 +4.7560976e-01 +4.7560976e-01 
+4.8780488e-01 +4.8780488e-01 +4.8780488e-01 
+5.0000000e-01 +5.0000000e-01 +5.0000000e-01 
+4.8529412e-01 +5.0000000e-01 +4.8529412e-01 
+4.7058824e-01 +5.0000000e-01 +4.7058824e-01 
+4.5588235e-01 +5.0000000e-01 +4.5588235e-01 
+4.4117647e-01 +5.0000000e-01 +4.4117647e-01 
+4.2647059e-01 +5.0000000e-01 +4.2647059e-01 
+4.1176471e-01 +5.0000000e-01 +4.1176471e-01 
+3.9705882e-01 +5.0000000e-01 +3.9705882e-01 
+3.8235294e-01 +5.0000000e-01 +3.8235294e-01 
+3.6764706e-01 +5.0000000e-01 +3.6764706e-01 
+3.5294118e-01 +5.0000000e-01 +3.5294118e-01 
+3.3823529e-01 +5.0000000e-01 +3.3823529e-01 
+3.2352941e-01 +5.0000000e-01 +3.2352941e-01 
+3.0882353e-01 +5.0000000e-01 +3.0882353e-01 
+2.9411765e-01 +5.0000000e-01 +2.9411765e-01 
+2.7941176e-01 +5.0000000e-01 +2.7941176e-01 
+2.6470588e-01 +5.0000000e-01 +2.6470588e-01 
+2.5000000e-01 +5.0000000e-01 +2.5000000e-01 
+2.3529412e-01 +5.0000000e-01 +2.3529412e-01 
+2.2058824e-01 +5.0000000e-01 +2.2058824e-01 
+2.0588235e-01 +5.0000000e-01 +2.0588235e-01 
+1.9117647e-01 +5.0000000e-01 +1.9117647e-01 
+1.7647059e-01 +5.0000000e-01 +1.7647059e-01 
+1.6176471e-01 +5.0000000e-01 +1.6176471e-01 
+1.4705882e-01 +5.0000000e-01 +1.4705882e-01 
+1.3235294e-01 +5.0000000e-01 +1.3235294e-01 
+1.1764706e-01 +5.0000000e-01 +1.1764706e-01 
+1.0294118e-01 +5.0000000e-01 +1.0294118e-01 
+8.8235294e-02 +5.0000000e-01 +8.8235294e-02 
+7.3529412e-02 +5.0000000e-01 +7.3529412e-02 
+5.8823529e-02 +5.0000000e-01 +5.8823529e-02 
+4.4117647e-02 +5.0000000e-01 +4.4117647e-02 
+2.9411765e-02 +5.0000000e-01 +2.9411765e-02 
+1.4705882e-02 +5.0000000e-01 +1.4705882e-02 
+0.0000000e+00 +5.0000000e-01 +0.0000000e+00 
+5.0000000e-01 +5.0000000e-01 +0.0000000e+00 
+5.0000000e-01 +5.0000000e-01 +2.0833333e-02 
+5.0000000e-01 +5.0000000e-01 +4.1666667e-02 
+5.0000000e-01 +5.0000000e-01 +6.2500000e-02 
+5.0000000e-01 +5.0000000e-01 +8.3333333e-02 
+5.0000000e-01 +5.0000000e-01 +1.0416667e-01 
+5.0000000e-01 +5.0000000e-01 +1.2500000e-01 
+5.0000000e-01 +5.0000000e-01 +1.4583333e-01 
+5.0000000e-01 +5.0000000e-01 +1.6666667e-01 
+5.0000000e-01 +5.0000000e-01 +1.8750000e-01 
+5.0000000e-01 +5.0000000e-01 +2.0833333e-01 
+5.0000000e-01 +5.0000000e-01 +2.2916667e-01 
+5.0000000e-01 +5.0000000e-01 +2.5000000e-01 
+5.0000000e-01 +5.0000000e-01 +2.7083333e-01 
+5.0000000e-01 +5.0000000e-01 +2.9166667e-01 
+5.0000000e-01 +5.0000000e-01 +3.1250000e-01 
+5.0000000e-01 +5.0000000e-01 +3.3333333e-01 
+5.0000000e-01 +5.0000000e-01 +3.5416667e-01 
+5.0000000e-01 +5.0000000e-01 +3.7500000e-01 
+5.0000000e-01 +5.0000000e-01 +3.9583333e-01 
+5.0000000e-01 +5.0000000e-01 +4.1666667e-01 
+5.0000000e-01 +5.0000000e-01 +4.3750000e-01 
+5.0000000e-01 +5.0000000e-01 +4.5833333e-01 
+5.0000000e-01 +5.0000000e-01 +4.7916667e-01 
+5.0000000e-01 +5.0000000e-01 +5.0000000e-01 
# energies (kpt,band,spin)
# spin = 1
-3.6397734e+01 -3.6329597e+01 -3.6329069e+01 -3.6329069e+01 -1.3550470e+01 -1.3550470e+01 -1.3550470e+01 -1.3233952e+01 -1.3233952e+01 -1.3233952e+01 -1.3230365e+01 -1.3230365e+01 -1.3230365e+01 -1.3059107e+01 -1.3059107e+01 -1.3059107e+01 +5.6124680e+00 +5.6745129e+00 +5.6745129e+00 +9.5615233e+00 +9.5615233e+00 +9.5615233e+00 +1.6254642e+01 +1.6254642e+01 
-3.6397661e+01 -3.6329624e+01 -3.6329116e+01 -3.6329068e+01 -1.3550289e+01 -1.3550289e+01 -1.3550022e+01 -1.3234061e+01 -1.3234061e+01 -1.3234020e+01 -1.3230436e+01 -1.3230436e+01 -1.3230434e+01 -1.3059696e+01 -1.3059295e+01 -1.3059295e+01 +5.6170768e+00 +5.6775049e+00 +5.6809710e+00 +9.5609932e+00 +9.5609932e+00 +9.5645736e+00 +1.6236560e+01 +1.6251078e+01 
-3.6397445e+01 -3.6329738e+01 -3.6329223e+01 -3.6329065e+01 -1.3549682e+01 -1.3549682e+01 -1.3548679e+01 -1.3234593e+01 -1.3234593e+01 -1.3234222e+01 -1.3230635e+01 -1.3230442e+01 -1.3230442e+01 -1.3061458e+01 -1.3059857e+01 -1.3059857e+01 +5.6298449e+00 +5.6863511e+00 +5.7012871e+00 +9.5594098e+00 +9.5594098e+00 +9.5737314e+00 +1.6182760e+01 +1.6240417e+01 
-3.6397085e+01 -3.6330021e+01 -3.6329308e+01 -3.6329060e+01 -1.3548515e+01 -1.3548515e+01 -1.3546442e+01 -1.3235919e+01 -1.3235919e+01 -1.3234546e+01 -1.3230959e+01 -1.3230002e+01 -1.3230002e+01 -1.3064384e+01 -1.3060792e+01 -1.3060792e+01 +5.6484510e+00 +5.7006907e+00 +5.7374625e+00 +9.5567932e+00 +9.5567932e+00 +9.5890172e+00 +1.6094557e+01 +1.6222755e+01 
-3.6396583e+01 -3.6330497e+01 -3.6329346e+01 -3.6329054e+01 -1.3546678e+01 -1.3546678e+01 -1.3543317e+01 -1.3238121e+01 -1.3238121e+01 -1.3234978e+01 -1.3231392e+01 -1.3229021e+01 -1.3229021e+01 -1.3068459e+01 -1.3062095e+01 -1.3062095e+01 +5.6710853e+00 +5.7200041e+00 +5.7908545e+00 +9.5531774e+00 +9.5531774e+00 +9.6104655e+00 +1.5974053e+01 +1.6198251e+01 
-3.6395943e+01 -3.6331142e+01 -3.6329359e+01 -3.6329046e+01 -1.3544121e+01 -1.3544121e+01 -1.3539308e+01 -1.3241112e+01 -1.3241112e+01 -1.3235504e+01 -1.3231920e+01 -1.3227574e+01 -1.3227574e+01 -1.3073660e+01 -1.3063759e+01 -1.3063759e+01 +5.6970097e+00 +5.7436958e+00 +5.8616999e+00 +9.5486106e+00 +9.5486106e+00 +9.6381246e+00 +1.5824017e+01 +1.6167128e+01 
-3.6395167e+01 -3.6331939e+01 -3.6329361e+01 -3.6329038e+01 -1.3540840e+01 -1.3540840e+01 -1.3534422e+01 -1.3244820e+01 -1.3244820e+01 -1.3236112e+01 -1.3232528e+01 -1.3225719e+01 -1.3225719e+01 -1.3079959e+01 -1.3065779e+01 -1.3065779e+01 +5.7259192e+00 +5.7711611e+00 +5.9498190e+00 +9.5431552e+00 +9.5431552e+00 +9.6720569e+00 +1.5647729e+01 +1.6129669e+01 
-3.6394259e+01 -3.6332878e+01 -3.6329357e+01 -3.6329028e+01 -1.3536856e+01 -1.3536856e+01 -1.3528668e+01 -1.3249204e+01 -1.3249204e+01 -1.3236789e+01 -1.3233207e+01 -1.3223490e+01 -1.3223490e+01 -1.3087324e+01 -1.3068145e+01 -1.3068145e+01 +5.7575201e+00 +5.8018221e+00 +6.0550734e+00 +9.5368888e+00 +9.5368888e+00 +9.7123394e+00 +1.4671950e+01 +1.4671950e+01 
-3.6393223e+01 -3.6333954e+01 -3.6329350e+01 -3.6329017e+01 -1.3532200e+01 -1.3532200e+01 -1.3522059e+01 -1.3254229e+01 -1.3254229e+01 -1.3237523e+01 -1.3233944e+01 -1.3220907e+01 -1.3220907e+01 -1.3095714e+01 -1.3070846e+01 -1.3070846e+01 +5.7914570e+00 +5.8351362e+00 +6.1774463e+00 +9.5299049e+00 +9.5299049e+00 +9.7590633e+00 +1.3396467e+01 +1.3396467e+01 
-3.6392064e+01 -3.6335160e+01 -3.6329340e+01 -3.6329005e+01 -1.3526904e+01 -1.3526904e+01 -1.3514607e+01 -1.3259867e+01 -1.3259867e+01 -1.3238303e+01 -1.3234726e+01 -1.3217988e+01 -1.3217988e+01 -1.3105086e+01 -1.3073871e+01 -1.3073871e+01 +5.8273276e+00 +5.8705875e+00 +6.3170185e+00 +9.5223136e+00 +9.5223136e+00 +9.8123347e+00 +1.2473674e+01 +1.2473674e+01 
-3.6390785e+01 -3.6336491e+01 -3.6329330e+01 -3.6328993e+01 -1.3521003e+01 -1.3521003e+01 -1.3506330e+01 -1.3266090e+01 -1.3266090e+01 -1.3239117e+01 -1.3235544e+01 -1.3214749e+01 -1.3214749e+01 -1.3115391e+01 -1.3077206e+01 -1.3077206e+01 +5.8646961e+00 +5.9076712e+00 +6.4739379e+00 +9.5142433e+00 +9.5142433e+00 +9.8722744e+00 +1.1790575e+01 +1.1790575e+01 
-3.6389392e+01 -3.6337939e+01 -3.6329318e+01 -3.6328981e+01 -1.3514528e+01 -1.3514528e+01 -1.3497246e+01 -1.3272866e+01 -1.3272866e+01 -1.3239952e+01 -1.3236383e+01 -1.3211207e+01 -1.3211207e+01 -1.3126574e+01 -1.3080837e+01 -1.3080837e+01 +5.9030956e+00 +5.9458778e+00 +6.6483999e+00 +9.5058416e+00 +9.5058416e+00 +9.9390185e+00 +1.1274890e+01 +1.1274890e+01 
-3.6387891e+01 -3.6339499e+01 -3.6329307e+01 -3.6328968e+01 -1.3507514e+01 -1.3507514e+01 -1.3487379e+01 -1.3280165e+01 -1.3280165e+01 -1.3240796e+01 -1.3237230e+01 -1.3207380e+01 -1.3207380e+01 -1.3138578e+01 -1.3084747e+01 -1.3084747e+01 +5.9420279e+00 +5.9846815e+00 +6.8406348e+00 +9.4972773e+00 +9.4972773e+00 +1.0012718e+01 +1.0879159e+01 +1.0879159e+01 
-3.6386287e+01 -3.6341163e+01 -3.6329294e+01 -3.6328955e+01 -1.3499995e+01 -1.3499995e+01 -1.3476754e+01 -1.3287954e+01 -1.3287954e+01 -1.3241635e+01 -1.3238074e+01 -1.3203284e+01 -1.3203284e+01 -1.3151340e+01 -1.3088920e+01 -1.3088920e+01 +5.9809622e+00 +6.0235333e+00 +7.0508993e+00 +9.4887425e+00 +9.4887425e+00 +1.0093538e+01 +1.0571390e+01 +1.0571390e+01 
-3.6384587e+01 -3.6342924e+01 -3.6329283e+01 -3.6328943e+01 -1.3492006e+01 -1.3492006e+01 -1.3465402e+01 -1.3296196e+01 -1.3296196e+01 -1.3242456e+01 -1.3238900e+01 -1.3198939e+01 -1.3198939e+01 -1.3164793e+01 -1.3093338e+01 -1.3093338e+01 +6.0193376e+00 +6.0618597e+00 +7.2794706e+00 +9.4804556e+00 +9.4804556e+00 +1.0181659e+01 +1.0329482e+01 +1.0329482e+01 
-3.6382797e+01 -3.6344773e+01 -3.6329271e+01 -3.6328931e+01 -1.3483583e+01 -1.3483583e+01 -1.3453355e+01 -1.3304855e+01 -1.3304855e+01 -1.3243246e+01 -1.3239696e+01 -1.3194362e+01 -1.3194362e+01 -1.3178868e+01 -1.3097980e+01 -1.3097980e+01 +6.0565682e+00 +6.0990657e+00 +7.5266415e+00 +9.4726637e+00 +9.4726637e+00 +1.0137808e+01 +1.0137808e+01 +1.0277274e+01 
-3.6380924e+01 -3.6346702e+01 -3.6329260e+01 -3.6328920e+01 -1.3474764e+01 -1.3474764e+01 -1.3440651e+01 -1.3313892e+01 -1.3313892e+01 -1.3243993e+01 -1.3240449e+01 -1.3193493e+01 -1.3189576e+01 -1.3189576e+01 -1.3102828e+01 -1.3102828e+01 +6.0920518e+00 +6.1345422e+00 +7.7927155e+00 +9.4656473e+00 +9.4656473e+00 +9.9850827e+00 +9.9850827e+00 +1.0380589e+01 
-3.6378977e+01 -3.6348703e+01 -3.6329250e+01 -3.6328909e+01 -1.3465586e+01 -1.3465586e+01 -1.3427332e+01 -1.3323267e+01 -1.3323267e+01 -1.3244683e+01 -1.3241150e+01 -1.3208588e+01 -1.3184599e+01 -1.3184599e+01 -1.3107859e+01 -1.3107859e+01 +6.1251820e+00 +6.1676776e+00 +8.0780023e+00 +9.4597248e+00 +9.4597248e+00 +9.8629970e+00 +9.8629970e+00 +1.0491821e+01 
-3.6376962e+01 -3.6350767e+01 -3.6329240e+01 -3.6328900e+01 -1.3456090e+01 -1.3456090e+01 -1.3413444e+01 -1.3332939e+01 -1.3332939e+01 -1.3245306e+01 -1.3241798e+01 -1.3224069e+01 -1.3179455e+01 -1.3179455e+01 -1.3113052e+01 -1.3113052e+01 +6.1553622e+00 +6.1978709e+00 +8.3828123e+00 +9.4552584e+00 +9.4552584e+00 +9.7653210e+00 +9.7653210e+00 +1.0611195e+01 
-3.6374888e+01 -3.6352883e+01 -3.6329232e+01 -3.6328891e+01 -1.3446316e+01 -1.3446316e+01 -1.3399037e+01 -1.3342865e+01 -1.3342865e+01 -1.3245851e+01 -1.3242626e+01 -1.3239613e+01 -1.3174165e+01 -1.3174165e+01 -1.3118384e+01 -1.3118384e+01 +6.1820230e+00 +6.2245488e+00 +8.7074520e+00 +9.4526619e+00 +9.4526619e+00 +9.6873053e+00 +9.6873053e+00 +1.0738939e+01 
-3.6372764e+01 -3.6355044e+01 -3.6329225e+01 -3.6328884e+01 -1.3436307e+01 -1.3436307e+01 -1.3384167e+01 -1.3353001e+01 -1.3353001e+01 -1.3256076e+01 -1.3246311e+01 -1.3242689e+01 -1.3168752e+01 -1.3168752e+01 -1.3123831e+01 -1.3123831e+01 +6.2046392e+00 +6.2471834e+00 +9.0522177e+00 +9.4524099e+00 +9.4524099e+00 +9.6252733e+00 +9.6252733e+00 +1.0875284e+01 
-3.6370598e+01 -3.6357239e+01 -3.6329220e+01 -3.6328879e+01 -1.3426106e+01 -1.3426106e+01 -1.3368891e+01 -1.3363303e+01 -1.3363303e+01 -1.3272268e+01 -1.3246676e+01 -1.3243091e+01 -1.3163240e+01 -1.3163240e+01 -1.3129371e+01 -1.3129371e+01 +6.2227492e+00 +6.2653105e+00 +9.4173885e+00 +9.4550498e+00 +9.4550498e+00 +9.5763372e+00 +9.5763372e+00 +1.1020456e+01 
-3.6368400e+01 -3.6359458e+01 -3.6329216e+01 -3.6328875e+01 -1.3415758e+01 -1.3415758e+01 -1.3373723e+01 -1.3373723e+01 -1.3353278e+01 -1.3288563e+01 -1.3246941e+01 -1.3243367e+01 -1.3157653e+01 -1.3157653e+01 -1.3134977e+01 -1.3134977e+01 +6.2359720e+00 +6.2785469e+00 +9.4612168e+00 +9.4612168e+00 +9.5381981e+00 +9.5381981e+00 +9.8032186e+00 +1.1174666e+01 
-3.6366181e+01 -3.6361690e+01 -3.6329213e+01 -3.6328872e+01 -1.3405314e+01 -1.3405314e+01 -1.3384211e+01 -1.3384211e+01 -1.3337416e+01 -1.3304840e+01 -1.3247102e+01 -1.3243533e+01 -1.3152024e+01 -1.3152024e+01 -1.3140618e+01 -1.3140618e+01 +6.2440232e+00 +6.2866069e+00 +9.4716527e+00 +9.4716527e+00 +9.5090028e+00 +9.5090028e+00 +1.0209920e+01 +1.1086869e+01 
-3.6364114e+01 -3.6363762e+01 -3.6329212e+01 -3.6328871e+01 -1.3395523e+01 -1.3395523e+01 -1.3394017e+01 -1.3394017e+01 -1.3322969e+01 -1.3319427e+01 -1.3247156e+01 -1.3243588e+01 -1.3146899e+01 -1.3146899e+01 -1.3145747e+01 -1.3145747e+01 +6.2467268e+00 +6.2893135e+00 +9.4869664e+00 +9.4869664e+00 +9.4875053e+00 +9.4875053e+00 +1.0630670e+01 +1.0644902e+01 
-3.6364081e+01 -3.6363730e+01 -3.6329250e+01 -3.6328909e+01 -1.3396082e+01 -1.3395259e+01 -1.3394601e+01 -1.3393752e+01 -1.3323555e+01 -1.3320032e+01 -1.3246442e+01 -1.3242899e+01 -1.3147164e+01 -1.3146539e+01 -1.3146011e+01 -1.3145404e+01 +6.2511713e+00 +6.2937240e+00 +9.4666838e+00 +9.4671795e+00 +9.4831140e+00 +9.4836618e+00 +1.0636087e+01 +1.0650302e+01 
-3.6363985e+01 -3.6363633e+01 -3.6329364e+01 -3.6329022e+01 -1.3397718e+01 -1.3396309e+01 -1.3394466e+01 -1.3392959e+01 -1.3325293e+01 -1.3321824e+01 -1.3244344e+01 -1.3240874e+01 -1.3147955e+01 -1.3146801e+01 -1.3145479e+01 -1.3144397e+01 +6.2643056e+00 +6.3067550e+00 +9.4081568e+00 +9.4085268e+00 +9.4717195e+00 +9.4722952e+00 +1.0651779e+01 +1.0665948e+01 
-3.6363825e+01 -3.6363473e+01 -3.6329553e+01 -3.6329211e+01 -1.3400316e+01 -1.3399016e+01 -1.3393147e+01 -1.3391641e+01 -1.3328123e+01 -1.3324739e+01 -1.3240987e+01 -1.3237625e+01 -1.3149272e+01 -1.3148114e+01 -1.3143784e+01 -1.3142783e+01 +6.2855298e+00 +6.3278035e+00 +9.3178712e+00 +9.3180440e+00 +9.4532775e+00 +9.4539046e+00 +1.0676058e+01 +1.0690165e+01 
-3.6363604e+01 -3.6363253e+01 -3.6329817e+01 -3.6329474e+01 -1.3403714e+01 -1.3402547e+01 -1.3391308e+01 -1.3389802e+01 -1.3331955e+01 -1.3328682e+01 -1.3236545e+01 -1.3233315e+01 -1.3151107e+01 -1.3149944e+01 -1.3141547e+01 -1.3140652e+01 +6.3138369e+00 +6.3558566e+00 +9.2050841e+00 +9.2051621e+00 +9.4286346e+00 +9.4293445e+00 +1.0706036e+01 +1.0720092e+01 
-3.6363325e+01 -3.6362973e+01 -3.6330154e+01 -3.6329811e+01 -1.3407726e+01 -1.3406706e+01 -1.3388956e+01 -1.3387451e+01 -1.3336681e+01 -1.3333535e+01 -1.3231213e+01 -1.3228128e+01 -1.3153454e+01 -1.3152286e+01 -1.3138884e+01 -1.3138109e+01 +6.3478039e+00 +6.3894821e+00 +9.0800573e+00 +9.0804183e+00 +9.3990212e+00 +9.3998568e+00 +1.0737452e+01 +1.0751497e+01 
-3.6362988e+01 -3.6362636e+01 -3.6330564e+01 -3.6330220e+01 -1.3412169e+01 -1.3411298e+01 -1.3386099e+01 -1.3384596e+01 -1.3342178e+01 -1.3339171e+01 -1.3225187e+01 -1.3222249e+01 -1.3156303e+01 -1.3155128e+01 -1.3135915e+01 -1.3135268e+01 +6.3855829e+00 +6.4268188e+00 +8.9526816e+00 +8.9533361e+00 +9.3660899e+00 +9.3671108e+00 +1.0764247e+01 +1.0778366e+01 
-3.6362596e+01 -3.6362244e+01 -3.6331046e+01 -3.6330700e+01 -1.3416869e+01 -1.3416146e+01 -1.3382751e+01 -1.3381251e+01 -1.3348322e+01 -1.3345460e+01 -1.3218644e+01 -1.3215850e+01 -1.3159643e+01 -1.3158460e+01 -1.3132759e+01 -1.3132245e+01 +6.4248998e+00 +6.4655751e+00 +8.8307677e+00 +8.8317075e+00 +9.3319529e+00 +9.3332396e+00 +1.0777673e+01 +1.0778499e+01 
-3.6362147e+01 -3.6361795e+01 -3.6331597e+01 -3.6331250e+01 -1.3421678e+01 -1.3421094e+01 -1.3378924e+01 -1.3377429e+01 -1.3354988e+01 -1.3352273e+01 -1.3211738e+01 -1.3209082e+01 -1.3163459e+01 -1.3162268e+01 -1.3129525e+01 -1.3129143e+01 +6.4630766e+00 +6.5030516e+00 +8.7197386e+00 +8.7209425e+00 +9.2991997e+00 +9.3008590e+00 +1.0618204e+01 +1.0620203e+01 
-3.6361642e+01 -3.6361289e+01 -3.6332216e+01 -3.6331868e+01 -1.3426463e+01 -1.3426013e+01 -1.3374636e+01 -1.3373146e+01 -1.3362055e+01 -1.3359486e+01 -1.3204604e+01 -1.3202077e+01 -1.3167737e+01 -1.3166536e+01 -1.3126313e+01 -1.3126061e+01 +6.4971004e+00 +6.5362122e+00 +8.6227679e+00 +8.6242069e+00 +9.2708718e+00 +9.2730383e+00 +1.0457370e+01 +1.0459360e+01 
-3.6361078e+01 -3.6360725e+01 -3.6332900e+01 -3.6332551e+01 -1.3431117e+01 -1.3430792e+01 -1.3369903e+01 -1.3369405e+01 -1.3368421e+01 -1.3366980e+01 -1.3197352e+01 -1.3194947e+01 -1.3172459e+01 -1.3171247e+01 -1.3123209e+01 -1.3123082e+01 +6.5237725e+00 +6.5618387e+00 +8.5412552e+00 +8.5428975e+00 +9.2503560e+00 +9.2531896e+00 +1.0298200e+01 +1.0300189e+01 
-3.6360453e+01 -3.6360099e+01 -3.6333647e+01 -3.6333297e+01 -1.3435547e+01 -1.3435339e+01 -1.3376925e+01 -1.3374640e+01 -1.3364748e+01 -1.3363272e+01 -1.3190079e+01 -1.3187786e+01 -1.3177605e+01 -1.3176380e+01 -1.3120288e+01 -1.3120280e+01 +6.5399665e+00 +6.5767970e+00 +8.4753828e+00 +8.4771965e+00 +9.2411666e+00 +9.2448435e+00 +1.0142304e+01 +1.0144299e+01 
-3.6359765e+01 -3.6359411e+01 -3.6334455e+01 -3.6334104e+01 -1.3439676e+01 -1.3439578e+01 -1.3384506e+01 -1.3382357e+01 -1.3359190e+01 -1.3357723e+01 -1.3183153e+01 -1.3182864e+01 -1.3181916e+01 -1.3180675e+01 -1.3117719e+01 -1.3117613e+01 +6.5429980e+00 +6.5784164e+00 +8.4245989e+00 +8.4265543e+00 +9.2466053e+00 +9.2513073e+00 +9.9675811e+00 +9.9831487e+00 
-3.6359013e+01 -3.6358658e+01 -3.6335320e+01 -3.6334968e+01 -1.3443448e+01 -1.3443442e+01 -1.3392045e+01 -1.3390028e+01 -1.3353254e+01 -1.3351797e+01 -1.3189080e+01 -1.3187829e+01 -1.3175775e+01 -1.3173685e+01 -1.3115451e+01 -1.3115237e+01 +6.5310539e+00 +6.5649247e+00 +8.3879758e+00 +8.3900459e+00 +9.2692395e+00 +9.2752555e+00 +9.5172224e+00 +9.5323516e+00 
-3.6358198e+01 -3.6357842e+01 -3.6336238e+01 -3.6335885e+01 -1.3446895e+01 -1.3446790e+01 -1.3399446e+01 -1.3397557e+01 -1.3346964e+01 -1.3345519e+01 -1.3195361e+01 -1.3194096e+01 -1.3168872e+01 -1.3166874e+01 -1.3113521e+01 -1.3113204e+01 +6.5035696e+00 +6.5358232e+00 +8.3644456e+00 +8.3666068e+00 +9.0167214e+00 +9.0324059e+00 +9.3118456e+00 +9.3184708e+00 
-3.6357321e+01 -3.6356964e+01 -3.6337206e+01 -3.6336853e+01 -1.3449877e+01 -1.3449677e+01 -1.3406623e+01 -1.3404858e+01 -1.3340349e+01 -1.3338916e+01 -1.3201970e+01 -1.3200689e+01 -1.3162205e+01 -1.3160293e+01 -1.3111967e+01 -1.3111553e+01 +6.4614313e+00 +6.4920773e+00 +8.3529424e+00 +8.3551742e+00 +8.5081236e+00 +8.5238757e+00 +9.3734564e+00 +9.3814108e+00 
-3.6356385e+01 -3.6356027e+01 -3.6338220e+01 -3.6337867e+01 -1.3452358e+01 -1.3452067e+01 -1.3413498e+01 -1.3411853e+01 -1.3333436e+01 -1.3332016e+01 -1.3208878e+01 -1.3207580e+01 -1.3155818e+01 -1.3153988e+01 -1.3110819e+01 -1.3110313e+01 +6.4069444e+00 +6.4360693e+00 +8.0215206e+00 +8.0376344e+00 +8.3524786e+00 +8.3547635e+00 +9.4426108e+00 +9.4447042e+00 
-3.6355394e+01 -3.6355034e+01 -3.6339276e+01 -3.6338923e+01 -1.3454310e+01 -1.3453928e+01 -1.3420003e+01 -1.3418473e+01 -1.3326254e+01 -1.3324850e+01 -1.3216055e+01 -1.3214739e+01 -1.3149750e+01 -1.3147997e+01 -1.3110102e+01 -1.3109510e+01 +6.3436101e+00 +6.3713626e+00 +7.5780844e+00 +7.5946466e+00 +8.3621808e+00 +8.3645038e+00 +9.3216794e+00 +9.3238002e+00 
-3.6354355e+01 -3.6353992e+01 -3.6340368e+01 -3.6340016e+01 -1.3455709e+01 -1.3455238e+01 -1.3426079e+01 -1.3424663e+01 -1.3318836e+01 -1.3317449e+01 -1.3223470e+01 -1.3222134e+01 -1.3144034e+01 -1.3142355e+01 -1.3109837e+01 -1.3109162e+01 +6.2758183e+00 +6.3023926e+00 +7.1902462e+00 +7.2072553e+00 +8.3813005e+00 +8.3836489e+00 +9.2075086e+00 +9.2096576e+00 
-3.6353272e+01 -3.6352907e+01 -3.6341493e+01 -3.6341141e+01 -1.3456537e+01 -1.3455976e+01 -1.3431678e+01 -1.3430374e+01 -1.3311212e+01 -1.3309846e+01 -1.3231092e+01 -1.3229732e+01 -1.3138700e+01 -1.3137091e+01 -1.3110038e+01 -1.3109286e+01 +6.2085592e+00 +6.2341849e+00 +6.8636624e+00 +6.8810518e+00 +8.4092122e+00 +8.4115754e+00 +9.1001466e+00 +9.1023240e+00 
-3.6352153e+01 -3.6351785e+01 -3.6342644e+01 -3.6342294e+01 -1.3456783e+01 -1.3456126e+01 -1.3436758e+01 -1.3435567e+01 -1.3303416e+01 -1.3302077e+01 -1.3238886e+01 -1.3237498e+01 -1.3133776e+01 -1.3132231e+01 -1.3110715e+01 -1.3109892e+01 +6.1472050e+00 +6.1721539e+00 +6.5991156e+00 +6.6167521e+00 +8.4454036e+00 +8.4477731e+00 +8.9996150e+00 +9.0018202e+00 
-3.6351005e+01 -3.6350633e+01 -3.6343814e+01 -3.6343469e+01 -1.3456441e+01 -1.3455679e+01 -1.3441284e+01 -1.3440212e+01 -1.3295483e+01 -1.3294181e+01 -1.3246817e+01 -1.3245392e+01 -1.3129286e+01 -1.3127798e+01 -1.3111871e+01 -1.3110988e+01 +6.0973529e+00 +6.1219853e+00 +6.3941739e+00 +6.4118148e+00 +8.4894646e+00 +8.4918335e+00 +8.9059237e+00 +8.9081551e+00 
-3.6349838e+01 -3.6349457e+01 -3.6344997e+01 -3.6344659e+01 -1.3455518e+01 -1.3454628e+01 -1.3445216e+01 -1.3444283e+01 -1.3287452e+01 -1.3286211e+01 -1.3254848e+01 -1.3253360e+01 -1.3125262e+01 -1.3123809e+01 -1.3113499e+01 -1.3112576e+01 +6.0646378e+00 +6.0895801e+00 +6.2445693e+00 +6.2616897e+00 +8.5410727e+00 +8.5434371e+00 +8.8190851e+00 +8.8213388e+00 
-3.6348669e+01 -3.6348265e+01 -3.6346175e+01 -3.6345859e+01 -1.3454080e+01 -1.3452974e+01 -1.3448468e+01 -1.3447757e+01 -1.3279375e+01 -1.3278289e+01 -1.3262925e+01 -1.3261281e+01 -1.3121768e+01 -1.3120282e+01 -1.3115548e+01 -1.3114657e+01 +6.0539376e+00 +6.0810281e+00 +6.1458516e+00 +6.1607022e+00 +8.5999768e+00 +8.6023411e+00 +8.7391304e+00 +8.7413948e+00 
-3.6347755e+01 -3.6347092e+01 -3.6347092e+01 -3.6347036e+01 -1.3452855e+01 -1.3451039e+01 -1.3450300e+01 -1.3450300e+01 -1.3272259e+01 -1.3272259e+01 -1.3270041e+01 -1.3267311e+01 -1.3119573e+01 -1.3117261e+01 -1.3117261e+01 -1.3117195e+01 +6.0598044e+00 +6.1017058e+00 +6.1035177e+00 +6.1035177e+00 +8.6640185e+00 +8.6680864e+00 +8.6680864e+00 +8.6686506e+00 
-3.6349026e+01 -3.6347347e+01 -3.6347053e+01 -3.6345542e+01 -1.3454344e+01 -1.3451876e+01 -1.3450357e+01 -1.3446707e+01 -1.3282244e+01 -1.3272179e+01 -1.3268647e+01 -1.3258799e+01 -1.3122205e+01 -1.3118654e+01 -1.3117682e+01 -1.3113710e+01 +6.0559831e+00 +6.0927377e+00 +6.1072745e+00 +6.1852684e+00 +8.5737373e+00 +8.6685259e+00 +8.6702723e+00 +8.7702564e+00 
-3.6350796e+01 -3.6347242e+01 -3.6346938e+01 -3.6343974e+01 -1.3455832e+01 -1.3452115e+01 -1.3450530e+01 -1.3441192e+01 -1.3293863e+01 -1.3271943e+01 -1.3268373e+01 -1.3247692e+01 -1.3126263e+01 -1.3119969e+01 -1.3118938e+01 -1.3109951e+01 +6.0771167e+00 +6.1093918e+00 +6.1184951e+00 +6.3543727e+00 +8.4897022e+00 +8.6750944e+00 +8.6768343e+00 +8.8830674e+00 
-3.6352637e+01 -3.6347054e+01 -3.6346748e+01 -3.6342479e+01 -1.3456163e+01 -1.3452408e+01 -1.3450828e+01 -1.3434291e+01 -1.3305647e+01 -1.3271550e+01 -1.3267973e+01 -1.3236701e+01 -1.3130519e+01 -1.3122047e+01 -1.3121008e+01 -1.3106279e+01 +6.1077067e+00 +6.1370246e+00 +6.1586302e+00 +6.6189172e+00 +8.4149130e+00 +8.6860566e+00 +8.6877846e+00 +9.0059736e+00 
-3.6354527e+01 -3.6346791e+01 -3.6346483e+01 -3.6341068e+01 -1.3455310e+01 -1.3452801e+01 -1.3451262e+01 -1.3426048e+01 -1.3317524e+01 -1.3271005e+01 -1.3267425e+01 -1.3225919e+01 -1.3134888e+01 -1.3124893e+01 -1.3123858e+01 -1.3102735e+01 +6.1362351e+00 +6.1625895e+00 +6.2394207e+00 +6.9891630e+00 +8.3493064e+00 +8.7014302e+00 +8.7031410e+00 +9.1392778e+00 
-3.6356451e+01 -3.6346455e+01 -3.6346147e+01 -3.6339746e+01 -1.3453785e+01 -1.3452830e+01 -1.3451851e+01 -1.3416501e+01 -1.3329453e+01 -1.3270312e+01 -1.3266731e+01 -1.3215376e+01 -1.3139344e+01 -1.3128466e+01 -1.3127441e+01 -1.3099332e+01 +6.1690601e+00 +6.1947720e+00 +6.3335701e+00 +7.4706751e+00 +8.2928832e+00 +8.7212348e+00 +8.7229230e+00 +9.2833176e+00 
-3.6358399e+01 -3.6346051e+01 -3.6345741e+01 -3.6338514e+01 -1.3454246e+01 -1.3452616e+01 -1.3449904e+01 -1.3405710e+01 -1.3341402e+01 -1.3269476e+01 -1.3265894e+01 -1.3205097e+01 -1.3143870e+01 -1.3132705e+01 -1.3131695e+01 -1.3096077e+01 +6.2072011e+00 +6.2329740e+00 +6.4293893e+00 +8.0612165e+00 +8.2457243e+00 +8.7454865e+00 +8.7471461e+00 +9.4384530e+00 
-3.6360362e+01 -3.6345582e+01 -3.6345271e+01 -3.6337373e+01 -1.3455160e+01 -1.3453584e+01 -1.3445633e+01 -1.3393753e+01 -1.3353336e+01 -1.3268504e+01 -1.3264922e+01 -1.3195099e+01 -1.3148452e+01 -1.3137538e+01 -1.3136550e+01 -1.3092974e+01 +6.2501801e+00 +6.2763682e+00 +6.5179295e+00 +8.2080049e+00 +8.7478622e+00 +8.7741891e+00 +8.7758139e+00 +9.3561915e+00 
-3.6362332e+01 -3.6345051e+01 -3.6344738e+01 -3.6336323e+01 -1.3456317e+01 -1.3454783e+01 -1.3440311e+01 -1.3380730e+01 -1.3365223e+01 -1.3267405e+01 -1.3263822e+01 -1.3185399e+01 -1.3153075e+01 -1.3142878e+01 -1.3141921e+01 -1.3090025e+01 +6.2969767e+00 +6.3238374e+00 +6.5921262e+00 +8.1800122e+00 +8.8073238e+00 +8.8089068e+00 +9.2635885e+00 +9.5045244e+00 
-3.6364304e+01 -3.6344463e+01 -3.6344149e+01 -3.6335362e+01 -1.3457739e+01 -1.3456248e+01 -1.3434016e+01 -1.3377028e+01 -1.3366758e+01 -1.3266186e+01 -1.3262603e+01 -1.3176011e+01 -1.3157729e+01 -1.3148631e+01 -1.3147718e+01 -1.3087233e+01 +6.3461351e+00 +6.3739060e+00 +6.6468942e+00 +8.1621671e+00 +8.8448351e+00 +8.8463690e+00 +9.1958542e+00 +9.9741752e+00 
-3.6366273e+01 -3.6343824e+01 -3.6343508e+01 -3.6334489e+01 -1.3459454e+01 -1.3458011e+01 -1.3426821e+01 -1.3388718e+01 -1.3351963e+01 -1.3264859e+01 -1.3261276e+01 -1.3166948e+01 -1.3162402e+01 -1.3154690e+01 -1.3153841e+01 -1.3084598e+01 +6.3957368e+00 +6.4246760e+00 +6.6793889e+00 +8.1550528e+00 +8.8866138e+00 +8.8880905e+00 +9.1526045e+00 +1.0094281e+01 
-3.6368235e+01 -3.6343138e+01 -3.6342820e+01 -3.6333701e+01 -1.3461496e+01 -1.3460106e+01 -1.3418804e+01 -1.3400258e+01 -1.3336477e+01 -1.3263433e+01 -1.3259849e+01 -1.3167092e+01 -1.3160936e+01 -1.3160185e+01 -1.3158219e+01 -1.3082119e+01 +6.4433563e+00 +6.4737882e+00 +6.6891369e+00 +8.1594516e+00 +8.9324751e+00 +8.9338861e+00 +9.1321012e+00 +1.0053311e+01 
-3.6370189e+01 -3.6342412e+01 -3.6342092e+01 -3.6332995e+01 -1.3463896e+01 -1.3462566e+01 -1.3411614e+01 -1.3410049e+01 -1.3320430e+01 -1.3261921e+01 -1.3258337e+01 -1.3171816e+01 -1.3167227e+01 -1.3166642e+01 -1.3149834e+01 -1.3079794e+01 +6.4860204e+00 +6.5184477e+00 +6.6778598e+00 +8.1763939e+00 +8.9821338e+00 +8.9834702e+00 +9.1312123e+00 +1.0032224e+01 
-3.6372130e+01 -3.6341651e+01 -3.6341329e+01 -3.6332368e+01 -1.3466680e+01 -1.3465417e+01 -1.3422751e+01 -1.3400646e+01 -1.3303953e+01 -1.3260334e+01 -1.3256750e+01 -1.3176650e+01 -1.3173362e+01 -1.3173106e+01 -1.3141802e+01 -1.3077622e+01 +6.5200445e+00 +6.5555588e+00 +6.6491672e+00 +8.2072226e+00 +9.0351763e+00 +9.0364288e+00 +9.1459068e+00 +1.0037431e+01 
-3.6374054e+01 -3.6340863e+01 -3.6340538e+01 -3.6331815e+01 -1.3469870e+01 -1.3468679e+01 -1.3433635e+01 -1.3390688e+01 -1.3287170e+01 -1.3258687e+01 -1.3255102e+01 -1.3181793e+01 -1.3179473e+01 -1.3179023e+01 -1.3134128e+01 -1.3075599e+01 +6.5394110e+00 +6.5820064e+00 +6.6097010e+00 +8.2536799e+00 +9.0910311e+00 +9.0921906e+00 +9.1718995e+00 +1.0075584e+01 
-3.6375958e+01 -3.6340053e+01 -3.6339726e+01 -3.6331331e+01 -1.3473475e+01 -1.3472364e+01 -1.3444231e+01 -1.3380275e+01 -1.3270203e+01 -1.3256992e+01 -1.3253407e+01 -1.3187324e+01 -1.3185646e+01 -1.3184015e+01 -1.3126818e+01 -1.3073722e+01 +6.5248091e+00 +6.5798565e+00 +6.5950698e+00 +8.3180254e+00 +9.1489426e+00 +9.1500005e+00 +9.2052048e+00 +1.0153252e+01 
-3.6377834e+01 -3.6339229e+01 -3.6338899e+01 -3.6330913e+01 -1.3477496e+01 -1.3476470e+01 -1.3454507e+01 -1.3369509e+01 -1.3255263e+01 -1.3253174e+01 -1.3251678e+01 -1.3192919e+01 -1.3191539e+01 -1.3188561e+01 -1.3119876e+01 -1.3071986e+01 +6.4709877e+00 +6.5664633e+00 +6.5928738e+00 +8.4031974e+00 +9.2079533e+00 +9.2089019e+00 +9.2424630e+00 +1.0276586e+01 
-3.6379675e+01 -3.6338399e+01 -3.6338066e+01 -3.6330556e+01 -1.3481916e+01 -1.3480979e+01 -1.3464427e+01 -1.3358498e+01 -1.3253515e+01 -1.3249930e+01 -1.3236204e+01 -1.3198295e+01 -1.3197076e+01 -1.3192856e+01 -1.3113306e+01 -1.3070387e+01 +6.4049891e+00 +6.5446985e+00 +6.5747219e+00 +8.5130386e+00 +9.2669025e+00 +9.2677362e+00 +9.2810497e+00 +1.0451154e+01 
-3.6381473e+01 -3.6337568e+01 -3.6337232e+01 -3.6330255e+01 -1.3486704e+01 -1.3485859e+01 -1.3473959e+01 -1.3347350e+01 -1.3251762e+01 -1.3248177e+01 -1.3219431e+01 -1.3203319e+01 -1.3202180e+01 -1.3196959e+01 -1.3107110e+01 -1.3068920e+01 +6.3350211e+00 +6.5092698e+00 +6.5411788e+00 +8.6526136e+00 +9.3190418e+00 +9.3244520e+00 +9.3251675e+00 +1.0682104e+01 
-3.6383219e+01 -3.6336745e+01 -3.6336406e+01 -3.6330003e+01 -1.3491813e+01 -1.3491062e+01 -1.3483071e+01 -1.3336173e+01 -1.3250019e+01 -1.3246433e+01 -1.3207924e+01 -1.3207200e+01 -1.3202583e+01 -1.3200883e+01 -1.3101288e+01 -1.3067580e+01 +6.2639493e+00 +6.4607962e+00 +6.4938849e+00 +8.8286664e+00 +9.3551161e+00 +9.3791457e+00 +9.3797430e+00 +1.0974698e+01 
-3.6384905e+01 -3.6335936e+01 -3.6335594e+01 -3.6329798e+01 -1.3497180e+01 -1.3496523e+01 -1.3491731e+01 -1.3325079e+01 -1.3248300e+01 -1.3244714e+01 -1.3212079e+01 -1.3211215e+01 -1.3204620e+01 -1.3186673e+01 -1.3095844e+01 -1.3066361e+01 +6.1935002e+00 +6.4013444e+00 +6.4352059e+00 +9.0502867e+00 +9.3884301e+00 +9.4295078e+00 +9.4299904e+00 +1.1335202e+01 
-3.6386522e+01 -3.6335148e+01 -3.6334802e+01 -3.6329632e+01 -1.3502729e+01 -1.3502165e+01 -1.3499908e+01 -1.3314176e+01 -1.3246619e+01 -1.3243033e+01 -1.3215774e+01 -1.3214947e+01 -1.3208161e+01 -1.3171086e+01 -1.3090776e+01 -1.3065257e+01 +6.1248970e+00 +6.3335104e+00 +6.3678586e+00 +9.3299006e+00 +9.4185096e+00 +9.4741744e+00 +9.4745480e+00 +1.1772110e+01 
-3.6388060e+01 -3.6334389e+01 -3.6334039e+01 -3.6329502e+01 -1.3508373e+01 -1.3507897e+01 -1.3507570e+01 -1.3303574e+01 -1.3244991e+01 -1.3241404e+01 -1.3219016e+01 -1.3218223e+01 -1.3211491e+01 -1.3156112e+01 -1.3086085e+01 -1.3064263e+01 +6.0590475e+00 +6.2600105e+00 +6.2946122e+00 +9.4451534e+00 +9.5120228e+00 +9.5123084e+00 +9.6847921e+00 +1.2297783e+01 
-3.6389511e+01 -3.6333665e+01 -3.6333311e+01 -3.6329403e+01 -1.3514688e+01 -1.3514015e+01 -1.3513623e+01 -1.3293377e+01 -1.3243428e+01 -1.3239841e+01 -1.3221825e+01 -1.3221054e+01 -1.3214594e+01 -1.3141870e+01 -1.3081772e+01 -1.3063373e+01 +5.9966328e+00 +6.1834624e+00 +6.2180974e+00 +9.4683563e+00 +9.5423487e+00 +9.5425503e+00 +1.0139390e+01 +1.2930764e+01 
-3.6390866e+01 -3.6332983e+01 -3.6332624e+01 -3.6329328e+01 -1.3521232e+01 -1.3519556e+01 -1.3519242e+01 -1.3283687e+01 -1.3241943e+01 -1.3238357e+01 -1.3224232e+01 -1.3223464e+01 -1.3217455e+01 -1.3128468e+01 -1.3077835e+01 -1.3062582e+01 +5.9381582e+00 +6.1062838e+00 +6.1407106e+00 +9.4882481e+00 +9.5648931e+00 +9.5650278e+00 +1.0729027e+01 +1.3699247e+01 
-3.6392118e+01 -3.6332348e+01 -3.6331983e+01 -3.6329275e+01 -1.3527171e+01 -1.3524894e+01 -1.3524650e+01 -1.3274603e+01 -1.3240550e+01 -1.3236964e+01 -1.3226275e+01 -1.3225485e+01 -1.3220056e+01 -1.3116005e+01 -1.3074274e+01 -1.3061884e+01 +5.8839813e+00 +6.0306661e+00 +6.0645820e+00 +9.5050467e+00 +9.5799158e+00 +9.5799993e+00 +1.1505868e+01 +1.4559217e+01 
-3.6393259e+01 -3.6331766e+01 -3.6331395e+01 -3.6329237e+01 -1.3532475e+01 -1.3529929e+01 -1.3529748e+01 -1.3266215e+01 -1.3239260e+01 -1.3235674e+01 -1.3227994e+01 -1.3227151e+01 -1.3222382e+01 -1.3104576e+01 -1.3071089e+01 -1.3061274e+01 +5.8343196e+00 +5.9585958e+00 +5.9915802e+00 +9.5190218e+00 +9.5881422e+00 +9.5881887e+00 +1.2548756e+01 +1.4868765e+01 
-3.6394282e+01 -3.6331244e+01 -3.6330864e+01 -3.6329212e+01 -1.3537113e+01 -1.3534568e+01 -1.3534441e+01 -1.3258613e+01 -1.3238085e+01 -1.3234499e+01 -1.3229434e+01 -1.3228496e+01 -1.3224416e+01 -1.3094271e+01 -1.3068280e+01 -1.3060747e+01 +5.7892379e+00 +5.8919055e+00 +5.9233330e+00 +9.5304667e+00 +9.5906712e+00 +9.5906931e+00 +1.3979539e+01 +1.5160232e+01 
-3.6395181e+01 -3.6330786e+01 -3.6330396e+01 -3.6329193e+01 -1.3541058e+01 -1.3538722e+01 -1.3538639e+01 -1.3251877e+01 -1.3237036e+01 -1.3233450e+01 -1.3230634e+01 -1.3229552e+01 -1.3226141e+01 -1.3085168e+01 -1.3065846e+01 -1.3060300e+01 +5.7486244e+00 +5.8323362e+00 +5.8612525e+00 +9.5396775e+00 +9.5888491e+00 +9.5888562e+00 +1.5428079e+01 +1.5989812e+01 
-3.6395951e+01 -3.6330399e+01 -3.6329994e+01 -3.6329178e+01 -1.3544284e+01 -1.3542315e+01 -1.3542267e+01 -1.3246087e+01 -1.3236124e+01 -1.3232537e+01 -1.3231632e+01 -1.3230340e+01 -1.3227551e+01 -1.3077339e+01 -1.3063787e+01 -1.3059929e+01 +5.7122172e+00 +5.7815435e+00 +5.8065578e+00 +9.5469361e+00 +9.5841328e+00 +9.5841332e+00 +1.5666719e+01 +1.6155025e+01 
-3.6396588e+01 -3.6330087e+01 -3.6329662e+01 -3.6329160e+01 -1.3546781e+01 -1.3545285e+01 -1.3545261e+01 -1.3241327e+01 -1.3235359e+01 -1.3232450e+01 -1.3231773e+01 -1.3230868e+01 -1.3228645e+01 -1.3070847e+01 -1.3062102e+01 -1.3059629e+01 +5.6798816e+00 +5.7408445e+00 +5.7602929e+00 +9.5524984e+00 +9.5779609e+00 +9.5779640e+00 +1.5870756e+01 +1.6193306e+01 
-3.6397087e+01 -3.6329855e+01 -3.6329402e+01 -3.6329136e+01 -1.3548564e+01 -1.3547587e+01 -1.3547578e+01 -1.3237700e+01 -1.3234751e+01 -1.3233097e+01 -1.3231165e+01 -1.3231109e+01 -1.3229441e+01 -1.3065742e+01 -1.3060792e+01 -1.3059399e+01 +5.6522185e+00 +5.7106239e+00 +5.7233359e+00 +9.5565846e+00 +9.5716532e+00 +9.5716561e+00 +1.6035253e+01 +1.6221224e+01 
-3.6397446e+01 -3.6329703e+01 -3.6329216e+01 -3.6329107e+01 -1.3549696e+01 -1.3549207e+01 -1.3549205e+01 -1.3235342e+01 -1.3234310e+01 -1.3233568e+01 -1.3230992e+01 -1.3230723e+01 -1.3229971e+01 -1.3062066e+01 -1.3059856e+01 -1.3059237e+01 +5.6307453e+00 +5.6901563e+00 +5.6963982e+00 +9.5593725e+00 +9.5663113e+00 +9.5663130e+00 +1.6156009e+01 +1.6240140e+01 
-3.6397662e+01 -3.6329622e+01 -3.6329105e+01 -3.6329080e+01 -1.3550290e+01 -1.3550158e+01 -1.3550158e+01 -1.3234232e+01 -1.3234042e+01 -1.3233855e+01 -1.3230592e+01 -1.3230455e+01 -1.3230269e+01 -1.3059849e+01 -1.3059295e+01 -1.3059140e+01 +5.6171283e+00 +5.6783640e+00 +5.6800127e+00 +9.5609923e+00 +9.5627637e+00 +9.5627642e+00 +1.6229812e+01 +1.6251070e+01 
-3.6397734e+01 -3.6329597e+01 -3.6329069e+01 -3.6329069e+01 -1.3550470e+01 -1.3550470e+01 -1.3550470e+01 -1.3233952e+01 -1.3233952e+01 -1.3233952e+01 -1.3230365e+01 -1.3230365e+01 -1.3230365e+01 -1.3059107e+01 -1.3059107e+01 -1.3059107e+01 +5.6124680e+00 +5.6745129e+00 +5.6745129e+00 +9.5615233e+00 +9.5615233e+00 +9.5615233e+00 +1.6254642e+01 +1.6254642e+01 
-3.6397659e+01 -3.6329622e+01 -3.6329094e+01 -3.6329094e+01 -1.3550194e+01 -1.3550194e+01 -1.3550194e+01 -1.3234169e+01 -1.3234169e+01 -1.3233795e+01 -1.3230690e+01 -1.3230319e+01 -1.3230319e+01 -1.3059925e+01 -1.3059194e+01 -1.3059194e+01 +5.6172991e+00 +5.6793238e+00 +5.6793238e+00 +9.5621894e+00 +9.5621894e+00 +9.5621899e+00 +1.6226672e+01 +1.6255668e+01 
-3.6397437e+01 -3.6329698e+01 -3.6329169e+01 -3.6329169e+01 -1.3549341e+01 -1.3549339e+01 -1.3549339e+01 -1.3234917e+01 -1.3234917e+01 -1.3233323e+01 -1.3231655e+01 -1.3230075e+01 -1.3230075e+01 -1.3062374e+01 -1.3059453e+01 -1.3059453e+01 +5.6317102e+00 +5.6936747e+00 +5.6936747e+00 +9.5640027e+00 +9.5640027e+00 +9.5640044e+00 +1.6143370e+01 +1.6258693e+01 
-3.6397067e+01 -3.6329825e+01 -3.6329296e+01 -3.6329296e+01 -1.3547854e+01 -1.3547846e+01 -1.3547846e+01 -1.3236320e+01 -1.3236320e+01 -1.3233236e+01 -1.3232531e+01 -1.3229479e+01 -1.3229479e+01 -1.3066436e+01 -1.3059882e+01 -1.3059882e+01 +5.6554699e+00 +5.7173358e+00 +5.7173358e+00 +9.5663810e+00 +9.5663810e+00 +9.5663838e+00 +1.6006532e+01 +1.6263550e+01 
-3.6396552e+01 -3.6330003e+01 -3.6329475e+01 -3.6329475e+01 -1.3545693e+01 -1.3545670e+01 -1.3545670e+01 -1.3238377e+01 -1.3238377e+01 -1.3235397e+01 -1.3231416e+01 -1.3228492e+01 -1.3228492e+01 -1.3072088e+01 -1.3060480e+01 -1.3060480e+01 +5.6882367e+00 +5.7499670e+00 +5.7499670e+00 +9.5682561e+00 +9.5682561e+00 +9.5682579e+00 +1.5819041e+01 +1.6269959e+01 
-3.6395896e+01 -3.6330232e+01 -3.6329704e+01 -3.6329704e+01 -1.3542856e+01 -1.3542808e+01 -1.3542808e+01 -1.3241017e+01 -1.3241017e+01 -1.3238086e+01 -1.3229978e+01 -1.3227134e+01 -1.3227134e+01 -1.3079291e+01 -1.3061243e+01 -1.3061243e+01 +5.7296111e+00 +5.7911693e+00 +5.7911693e+00 +9.5679009e+00 +9.5679059e+00 +9.5679059e+00 +1.5584723e+01 +1.6277511e+01 
-3.6395103e+01 -3.6330511e+01 -3.6329983e+01 -3.6329983e+01 -1.3539382e+01 -1.3539299e+01 -1.3539299e+01 -1.3244156e+01 -1.3244156e+01 -1.3241240e+01 -1.3228224e+01 -1.3225431e+01 -1.3225431e+01 -1.3087999e+01 -1.3062166e+01 -1.3062166e+01 +5.7791849e+00 +5.8405325e+00 +5.8405325e+00 +9.5626545e+00 +9.5626792e+00 +9.5626792e+00 +1.5308150e+01 +1.6285661e+01 
-3.6394177e+01 -3.6330837e+01 -3.6330310e+01 -3.6330310e+01 -1.3535345e+01 -1.3535215e+01 -1.3535215e+01 -1.3247703e+01 -1.3247703e+01 -1.3244779e+01 -1.3226162e+01 -1.3223403e+01 -1.3223403e+01 -1.3098156e+01 -1.3063243e+01 -1.3063243e+01 +5.8365770e+00 +5.8976713e+00 +5.8976713e+00 +9.5485162e+00 +9.5485874e+00 +9.5485874e+00 +1.4994439e+01 +1.5835721e+01 
-3.6393124e+01 -3.6331209e+01 -3.6330682e+01 -3.6330682e+01 -1.3530844e+01 -1.3530657e+01 -1.3530657e+01 -1.3251554e+01 -1.3251554e+01 -1.3248605e+01 -1.3223804e+01 -1.3221070e+01 -1.3221070e+01 -1.3109698e+01 -1.3064469e+01 -1.3064469e+01 +5.9014522e+00 +5.9622433e+00 +5.9622433e+00 +9.5196352e+00 +9.5198044e+00 +9.5198044e+00 +1.4296662e+01 +1.4303473e+01 
-3.6391950e+01 -3.6331624e+01 -3.6331098e+01 -3.6331098e+01 -1.3526004e+01 -1.3525749e+01 -1.3525749e+01 -1.3255588e+01 -1.3255588e+01 -1.3252602e+01 -1.3221164e+01 -1.3218448e+01 -1.3218448e+01 -1.3122551e+01 -1.3065835e+01 -1.3065835e+01 +5.9735204e+00 +6.0339475e+00 +6.0339475e+00 +9.4680295e+00 +9.4683894e+00 +9.4683894e+00 +1.3196259e+01 +1.3202631e+01 
-3.6390663e+01 -3.6332080e+01 -3.6331554e+01 -3.6331554e+01 -1.3520969e+01 -1.3520637e+01 -1.3520637e+01 -1.3259663e+01 -1.3259663e+01 -1.3256630e+01 -1.3218259e+01 -1.3215557e+01 -1.3215557e+01 -1.3136632e+01 -1.3067334e+01 -1.3067334e+01 +6.0525179e+00 +6.1125053e+00 +6.1125053e+00 +9.3845102e+00 +9.3852070e+00 +9.3852070e+00 +1.2419027e+01 +1.2424889e+01 
-3.6389270e+01 -3.6332573e+01 -3.6332049e+01 -3.6332049e+01 -1.3515906e+01 -1.3515491e+01 -1.3515491e+01 -1.3263613e+01 -1.3263613e+01 -1.3260527e+01 -1.3215107e+01 -1.3212416e+01 -1.3212416e+01 -1.3151852e+01 -1.3068957e+01 -1.3068957e+01 +6.1381714e+00 +6.1976225e+00 +6.1976225e+00 +9.2623737e+00 +9.2635902e+00 +9.2635902e+00 +1.1889492e+01 +1.1894740e+01 
-3.6387778e+01 -3.6333102e+01 -3.6332579e+01 -3.6332579e+01 -1.3511007e+01 -1.3510504e+01 -1.3510504e+01 -1.3267252e+01 -1.3267252e+01 -1.3264110e+01 -1.3211725e+01 -1.3209043e+01 -1.3209043e+01 -1.3168116e+01 -1.3070693e+01 -1.3070693e+01 +6.2301397e+00 +6.2889275e+00 +6.2889275e+00 +9.1032577e+00 +9.1051545e+00 +9.1051545e+00 +1.1551139e+01 +1.1555712e+01 
-3.6386198e+01 -3.6333662e+01 -3.6333140e+01 -3.6333140e+01 -1.3506481e+01 -1.3505888e+01 -1.3505888e+01 -1.3270370e+01 -1.3270370e+01 -1.3267174e+01 -1.3208135e+01 -1.3205461e+01 -1.3205461e+01 -1.3185320e+01 -1.3072534e+01 -1.3072534e+01 +6.3279209e+00 +6.3858727e+00 +6.3858727e+00 +8.9192188e+00 +8.9218969e+00 +8.9218969e+00 +1.1354825e+01 +1.1358759e+01 
-3.6384538e+01 -3.6334251e+01 -3.6333730e+01 -3.6333730e+01 -1.3502548e+01 -1.3501872e+01 -1.3501872e+01 -1.3272745e+01 -1.3272745e+01 -1.3269504e+01 -1.3204357e+01 -1.3203357e+01 -1.3201689e+01 -1.3201689e+01 -1.3074467e+01 -1.3074467e+01 +6.4307012e+00 +6.4875700e+00 +6.4875700e+00 +8.7271287e+00 +8.7306804e+00 +8.7306804e+00 +1.1258509e+01 +1.1261918e+01 
-3.6382807e+01 -3.6334864e+01 -3.6334345e+01 -3.6334345e+01 -1.3499430e+01 -1.3498681e+01 -1.3498681e+01 -1.3274155e+01 -1.3274155e+01 -1.3270888e+01 -1.3222111e+01 -1.3200414e+01 -1.3197752e+01 -1.3197752e+01 -1.3076482e+01 -1.3076482e+01 +6.5370937e+00 +6.5925079e+00 +6.5925079e+00 +8.5417379e+00 +8.5463577e+00 +8.5463577e+00 +1.1230647e+01 +1.1233663e+01 
-3.6381016e+01 -3.6335499e+01 -3.6334981e+01 -3.6334981e+01 -1.3497328e+01 -1.3496524e+01 -1.3496524e+01 -1.3274400e+01 -1.3274400e+01 -1.3271145e+01 -1.3241453e+01 -1.3196329e+01 -1.3193672e+01 -1.3193672e+01 -1.3078565e+01 -1.3078565e+01 +6.6446794e+00 +6.6980508e+00 +6.6980508e+00 +8.3736400e+00 +8.3797533e+00 +8.3797533e+00 +1.1250245e+01 +1.1252983e+01 
-3.6379174e+01 -3.6336151e+01 -3.6335634e+01 -3.6335634e+01 -1.3496399e+01 -1.3495562e+01 -1.3495562e+01 -1.3273322e+01 -1.3273322e+01 -1.3270279e+01 -1.3261109e+01 -1.3192126e+01 -1.3189474e+01 -1.3189474e+01 -1.3080706e+01 -1.3080706e+01 +6.7492180e+00 +6.7995884e+00 +6.7995884e+00 +8.2311093e+00 +8.2395353e+00 +8.2395353e+00 +1.0958138e+01 +1.1304237e+01 
-3.6377293e+01 -3.6336816e+01 -3.6336301e+01 -3.6336301e+01 -1.3496738e+01 -1.3495893e+01 -1.3495893e+01 -1.3281838e+01 -1.3270833e+01 -1.3270833e+01 -1.3267325e+01 -1.3187830e+01 -1.3185183e+01 -1.3185183e+01 -1.3082890e+01 -1.3082890e+01 +6.8434912e+00 +6.8893460e+00 +6.8893460e+00 +8.1230121e+00 +8.1351479e+00 +8.1351479e+00 +1.0557472e+01 +1.1384658e+01 
-3.6375384e+01 -3.6337491e+01 -3.6336978e+01 -3.6336978e+01 -1.3498364e+01 -1.3497536e+01 -1.3497536e+01 -1.3302207e+01 -1.3266923e+01 -1.3266923e+01 -1.3263583e+01 -1.3183466e+01 -1.3180823e+01 -1.3180823e+01 -1.3085106e+01 -1.3085106e+01 +6.9165062e+00 +6.9558218e+00 +6.9558218e+00 +8.0609089e+00 +8.0786773e+00 +8.0786773e+00 +1.0168708e+01 +1.1486679e+01 
-3.6373456e+01 -3.6338172e+01 -3.6337661e+01 -3.6337661e+01 -1.3501222e+01 -1.3500431e+01 -1.3500431e+01 -1.3322793e+01 -1.3261661e+01 -1.3261661e+01 -1.3258419e+01 -1.3179059e+01 -1.3176420e+01 -1.3176420e+01 -1.3087339e+01 -1.3087339e+01 +6.9558228e+00 +6.9869437e+00 +6.9869437e+00 +8.0575127e+00 +8.0824811e+00 +8.0824811e+00 +9.7933811e+00 +1.1607347e+01 
-3.6371522e+01 -3.6338855e+01 -3.6338345e+01 -3.6338345e+01 -1.3505193e+01 -1.3504457e+01 -1.3504457e+01 -1.3343400e+01 -1.3255181e+01 -1.3255181e+01 -1.3252038e+01 -1.3174636e+01 -1.3172001e+01 -1.3172001e+01 -1.3089577e+01 -1.3089577e+01 +6.9551887e+00 +6.9782072e+00 +6.9782072e+00 +8.1195050e+00 +8.1515039e+00 +8.1515039e+00 +9.4327244e+00 +1.1744847e+01 
-3.6369592e+01 -3.6339535e+01 -3.6339027e+01 -3.6339027e+01 -1.3510120e+01 -1.3509448e+01 -1.3509448e+01 -1.3363896e+01 -1.3247660e+01 -1.3247660e+01 -1.3244619e+01 -1.3170223e+01 -1.3167591e+01 -1.3167591e+01 -1.3091805e+01 -1.3091805e+01 +6.9198527e+00 +6.9365088e+00 +6.9365088e+00 +8.2425011e+00 +8.2797230e+00 +8.2797230e+00 +9.0877120e+00 +1.1898062e+01 
-3.6367679e+01 -3.6340209e+01 -3.6339702e+01 -3.6339702e+01 -1.3515823e+01 -1.3515219e+01 -1.3515219e+01 -1.3384159e+01 -1.3239296e+01 -1.3239296e+01 -1.3236360e+01 -1.3165845e+01 -1.3163217e+01 -1.3163217e+01 -1.3094012e+01 -1.3094012e+01 +6.8613129e+00 +6.8736121e+00 +6.8736121e+00 +8.4165054e+00 +8.4568931e+00 +8.4568931e+00 +8.7591037e+00 +1.2066306e+01 
-3.6365792e+01 -3.6340872e+01 -3.6340367e+01 -3.6340367e+01 -1.3522115e+01 -1.3521581e+01 -1.3521581e+01 -1.3404072e+01 -1.3230295e+01 -1.3230295e+01 -1.3227461e+01 -1.3161528e+01 -1.3158904e+01 -1.3158904e+01 -1.3096183e+01 -1.3096183e+01 +6.7898719e+00 +6.7993116e+00 +6.7993116e+00 +8.4473980e+00 +8.6336387e+00 +8.6755814e+00 +8.6755814e+00 +1.2249166e+01 
-3.6363943e+01 -3.6341522e+01 -3.6341018e+01 -3.6341018e+01 -1.3528819e+01 -1.3528352e+01 -1.3528352e+01 -1.3423520e+01 -1.3220852e+01 -1.3220852e+01 -1.3218117e+01 -1.3157299e+01 -1.3154679e+01 -1.3154679e+01 -1.3098305e+01 -1.3098305e+01 +6.7123493e+00 +6.7198924e+00 +6.7198924e+00 +8.1531524e+00 +8.8903633e+00 +8.9329322e+00 +8.9329322e+00 +1.2446428e+01 
-3.6362143e+01 -3.6342153e+01 -3.6341651e+01 -3.6341651e+01 -1.3535766e+01 -1.3535364e+01 -1.3535364e+01 -1.3442391e+01 -1.3211153e+01 -1.3211153e+01 -1.3208511e+01 -1.3153181e+01 -1.3150565e+01 -1.3150565e+01 -1.3100365e+01 -1.3100365e+01 +6.6327898e+00 +6.6390367e+00 +6.6390367e+00 +7.8765639e+00 +9.1874901e+00 +9.2300296e+00 +9.2300296e+00 +1.2658102e+01 
-3.6360402e+01 -3.6342763e+01 -3.6342263e+01 -3.6342263e+01 -1.3542806e+01 -1.3542463e+01 -1.3542463e+01 -1.3460580e+01 -1.3201366e+01 -1.3201366e+01 -1.3198810e+01 -1.3149200e+01 -1.3146588e+01 -1.3146588e+01 -1.3102351e+01 -1.3102351e+01 +6.5535366e+00 +6.5588674e+00 +6.5588674e+00 +7.6178488e+00 +9.5290603e+00 +9.5711592e+00 +9.5711592e+00 +1.2884572e+01 
-3.6358731e+01 -3.6343347e+01 -3.6342849e+01 -3.6342849e+01 -1.3549801e+01 -1.3549512e+01 -1.3549512e+01 -1.3477985e+01 -1.3191645e+01 -1.3191645e+01 -1.3189167e+01 -1.3145379e+01 -1.3142771e+01 -1.3142771e+01 -1.3104251e+01 -1.3104251e+01 +6.4759700e+00 +6.4806334e+00 +6.4806334e+00 +7.3771287e+00 +9.9220268e+00 +9.9634042e+00 +9.9634042e+00 +1.3127032e+01 
-3.6357140e+01 -3.6343903e+01 -3.6343407e+01 -3.6343407e+01 -1.3556627e+01 -1.3556387e+01 -1.3556387e+01 -1.3494509e+01 -1.3182128e+01 -1.3182128e+01 -1.3179721e+01 -1.3141741e+01 -1.3139137e+01 -1.3139137e+01 -1.3106052e+01 -1.3106052e+01 +6.4009402e+00 +6.4051052e+00 +6.4051052e+00 +7.1544645e+00 +1.0375845e+01 +1.0416277e+01 +1.0416277e+01 +1.3388515e+01 
-3.6355638e+01 -3.6344427e+01 -3.6343933e+01 -3.6343933e+01 -1.3563173e+01 -1.3562979e+01 -1.3562979e+01 -1.3510061e+01 -1.3172940e+01 -1.3172940e+01 -1.3170596e+01 -1.3138308e+01 -1.3135708e+01 -1.3135708e+01 -1.3107743e+01 -1.3107743e+01 +6.3290153e+00 +6.3328007e+00 +6.3328007e+00 +6.9498726e+00 +1.0901291e+01 +1.0940521e+01 +1.0940521e+01 +1.3676391e+01 
-3.6354235e+01 -3.6344916e+01 -3.6344425e+01 -3.6344425e+01 -1.3569339e+01 -1.3569186e+01 -1.3569186e+01 -1.3524556e+01 -1.3164192e+01 -1.3164192e+01 -1.3161904e+01 -1.3135099e+01 -1.3132504e+01 -1.3132504e+01 -1.3109314e+01 -1.3109314e+01 +6.2606259e+00 +6.2641178e+00 +6.2641178e+00 +6.7633370e+00 +1.1506143e+01 +1.1543687e+01 +1.1543687e+01 +1.4008824e+01 
-3.6352939e+01 -3.6345368e+01 -3.6344879e+01 -3.6344879e+01 -1.3575036e+01 -1.3574920e+01 -1.3574920e+01 -1.3537916e+01 -1.3155984e+01 -1.3155984e+01 -1.3153743e+01 -1.3132135e+01 -1.3129546e+01 -1.3129546e+01 -1.3110753e+01 -1.3110753e+01 +6.1961552e+00 +6.1994174e+00 +6.1994174e+00 +6.5948193e+00 +1.2181221e+01 +1.2215861e+01 +1.2215861e+01 +1.4431822e+01 
-3.6351759e+01 -3.6345778e+01 -3.6345292e+01 -3.6345292e+01 -1.3580180e+01 -1.3580098e+01 -1.3580098e+01 -1.3550068e+01 -1.3148407e+01 -1.3148407e+01 -1.3146205e+01 -1.3129433e+01 -1.3126851e+01 -1.3126851e+01 -1.3112050e+01 -1.3112050e+01 +6.1359990e+00 +6.1390798e+00 +6.1390798e+00 +6.4442671e+00 +1.2868038e+01 +1.2897071e+01 +1.2897071e+01 +1.4907504e+01 
-3.6350701e+01 -3.6346145e+01 -3.6345664e+01 -3.6345664e+01 -1.3584701e+01 -1.3584650e+01 -1.3584650e+01 -1.3560947e+01 -1.3141540e+01 -1.3141540e+01 -1.3139366e+01 -1.3127009e+01 -1.3124437e+01 -1.3124437e+01 -1.3113196e+01 -1.3113196e+01 +6.0806060e+00 +6.0835426e+00 +6.0835426e+00 +6.3116205e+00 +1.3451467e+01 +1.3472476e+01 +1.3472476e+01 +1.4871408e+01 
-3.6349775e+01 -3.6346465e+01 -3.6345991e+01 -3.6345991e+01 -1.3588538e+01 -1.3588516e+01 -1.3588516e+01 -1.3570494e+01 -1.3135454e+01 -1.3135454e+01 -1.3133297e+01 -1.3124878e+01 -1.3122319e+01 -1.3122319e+01 -1.3114180e+01 -1.3114180e+01 +6.0305033e+00 +6.0333252e+00 +6.0333252e+00 +6.1968172e+00 +1.3873555e+01 +1.3887957e+01 +1.3887957e+01 +1.4840310e+01 
-3.6348988e+01 -3.6346733e+01 -3.6346271e+01 -3.6346271e+01 -1.3591655e+01 -1.3591655e+01 -1.3591651e+01 -1.3578660e+01 -1.3130215e+01 -1.3130215e+01 -1.3128057e+01 -1.3123053e+01 -1.3120515e+01 -1.3120515e+01 -1.3114989e+01 -1.3114989e+01 +5.9863053e+00 +5.9890374e+00 +5.9890374e+00 +6.0997973e+00 +1.4172620e+01 +1.4183063e+01 +1.4183063e+01 +1.4814110e+01 
-3.6348352e+01 -3.6346941e+01 -3.6346504e+01 -3.6346504e+01 -1.3594056e+01 -1.3594056e+01 -1.3594027e+01 -1.3585400e+01 -1.3125885e+01 -1.3125885e+01 -1.3123697e+01 -1.3121544e+01 -1.3119044e+01 -1.3119044e+01 -1.3115599e+01 -1.3115599e+01 +5.9487004e+00 +5.9513663e+00 +5.9513663e+00 +6.0205073e+00 +1.4391997e+01 +1.4400160e+01 +1.4400160e+01 +1.4792724e+01 
-3.6347892e+01 -3.6347067e+01 -3.6346687e+01 -3.6346687e+01 -1.3595748e+01 -1.3595748e+01 -1.3595698e+01 -1.3590680e+01 -1.3122536e+01 -1.3122536e+01 -1.3120361e+01 -1.3120259e+01 -1.3117930e+01 -1.3117930e+01 -1.3115964e+01 -1.3115964e+01 +5.9184106e+00 +5.9210393e+00 +5.9210393e+00 +5.9589052e+00 +1.4553364e+01 +1.4560145e+01 +1.4560145e+01 +1.4776088e+01 
-3.6347656e+01 -3.6347064e+01 -3.6346820e+01 -3.6346820e+01 -1.3596813e+01 -1.3596813e+01 -1.3596747e+01 -1.3594470e+01 -1.3120265e+01 -1.3120265e+01 -1.3119511e+01 -1.3117778e+01 -1.3117183e+01 -1.3117183e+01 -1.3116021e+01 -1.3116021e+01 +5.8961142e+00 +5.8987594e+00 +5.8987594e+00 +5.9149768e+00 +1.4665676e+01 +1.4671548e+01 +1.4671548e+01 +1.4764163e+01 
-3.6347605e+01 -3.6346973e+01 -3.6346900e+01 -3.6346900e+01 -1.3597373e+01 -1.3597373e+01 -1.3597299e+01 -1.3596750e+01 -1.3119123e+01 -1.3119123e+01 -1.3118999e+01 -1.3116690e+01 -1.3116690e+01 -1.3116278e+01 -1.3115867e+01 -1.3115867e+01 +5.8822779e+00 +5.8851220e+00 +5.8851220e+00 +5.8888210e+00 +1.4732328e+01 +1.4737179e+01 +1.4737179e+01 +1.4756961e+01 
-3.6347603e+01 -3.6346927e+01 -3.6346927e+01 -3.6346927e+01 -1.3597543e+01 -1.3597543e+01 -1.3597543e+01 -1.3597434e+01 -1.3118828e+01 -1.3118828e+01 -1.3118828e+01 -1.3116476e+01 -1.3116476e+01 -1.3115776e+01 -1.3115776e+01 -1.3115776e+01 +5.8771942e+00 +5.8805288e+00 +5.8805288e+00 +5.8805288e+00 +1.4754461e+01 +1.4754461e+01 +1.4754461e+01 +1.4755091e+01 
-3.6347604e+01 -3.6346962e+01 -3.6346924e+01 -3.6346889e+01 -1.3597450e+01 -1.3597404e+01 -1.3597020e+01 -1.3596960e+01 -1.3119195e+01 -1.3119064e+01 -1.3118955e+01 -1.3116781e+01 -1.3116595e+01 -1.3116234e+01 -1.3115893e+01 -1.3115861e+01 +5.8820733e+00 +5.8844829e+00 +5.8865897e+00 +5.8875075e+00 +1.4730886e+01 +1.4733621e+01 +1.4749270e+01 +1.4756455e+01 
-3.6347629e+01 -3.6347068e+01 -3.6346891e+01 -3.6346773e+01 -1.3597123e+01 -1.3597079e+01 -1.3595441e+01 -1.3595386e+01 -1.3120593e+01 -1.3120041e+01 -1.3119341e+01 -1.3117394e+01 -1.3117330e+01 -1.3116964e+01 -1.3116229e+01 -1.3116111e+01 +5.8944126e+00 +5.8963245e+00 +5.9068721e+00 +5.9082667e+00 +1.4655665e+01 +1.4658774e+01 +1.4732642e+01 +1.4739490e+01 
-3.6347730e+01 -3.6347245e+01 -3.6346779e+01 -3.6346582e+01 -1.3596440e+01 -1.3596405e+01 -1.3592785e+01 -1.3592728e+01 -1.3123359e+01 -1.3122457e+01 -1.3119997e+01 -1.3118342e+01 -1.3117959e+01 -1.3117617e+01 -1.3116742e+01 -1.3116511e+01 +5.9141867e+00 +5.9159929e+00 +5.9408664e+00 +5.9423353e+00 +1.4529434e+01 +1.4533117e+01 +1.4704388e+01 +1.4711029e+01 
-3.6347932e+01 -3.6347495e+01 -3.6346565e+01 -3.6346317e+01 -1.3595260e+01 -1.3595238e+01 -1.3589032e+01 -1.3588968e+01 -1.3127424e+01 -1.3126393e+01 -1.3120937e+01 -1.3119152e+01 -1.3118582e+01 -1.3118512e+01 -1.3117394e+01 -1.3117043e+01 +5.9416052e+00 +5.9433902e+00 +5.9876458e+00 +5.9890977e+00 +1.4350447e+01 +1.4355099e+01 +1.4663690e+01 +1.4670141e+01 
-3.6348226e+01 -3.6347815e+01 -3.6346257e+01 -3.6345979e+01 -1.3593471e+01 -1.3593462e+01 -1.3584181e+01 -1.3584103e+01 -1.3132672e+01 -1.3131588e+01 -1.3122174e+01 -1.3119969e+01 -1.3119861e+01 -1.3119129e+01 -1.3118171e+01 -1.3117691e+01 +5.9765944e+00 +5.9783871e+00 +6.0465614e+00 +6.0479641e+00 +1.4110505e+01 +1.4116852e+01 +1.4609330e+01 +1.4615547e+01 
-3.6348600e+01 -3.6348203e+01 -3.6345868e+01 -3.6345573e+01 -1.3591010e+01 -1.3591004e+01 -1.3578253e+01 -1.3578153e+01 -1.3139023e+01 -1.3137907e+01 -1.3123716e+01 -1.3121447e+01 -1.3120869e+01 -1.3119834e+01 -1.3119070e+01 -1.3118441e+01 +6.0190146e+00 +6.0208288e+00 +6.1171633e+00 +6.1185026e+00 +1.3781470e+01 +1.3791117e+01 +1.4539637e+01 +1.4545545e+01 
-3.6349046e+01 -3.6348657e+01 -3.6345407e+01 -3.6345101e+01 -1.3587853e+01 -1.3587833e+01 -1.3571289e+01 -1.3571156e+01 -1.3146405e+01 -1.3145266e+01 -1.3125564e+01 -1.3123334e+01 -1.3121868e+01 -1.3120635e+01 -1.3120086e+01 -1.3119286e+01 +6.0686991e+00 +6.0705428e+00 +6.1992367e+00 +6.2005057e+00 +1.3278632e+01 +1.3294852e+01 +1.4452469e+01 +1.4457960e+01 
-3.6349555e+01 -3.6349172e+01 -3.6344880e+01 -3.6344568e+01 -1.3583995e+01 -1.3583959e+01 -1.3563344e+01 -1.3563170e+01 -1.3154747e+01 -1.3153586e+01 -1.3127718e+01 -1.3125519e+01 -1.3122964e+01 -1.3121529e+01 -1.3121211e+01 -1.3120219e+01 +6.1254680e+00 +6.1273461e+00 +6.2928052e+00 +6.2940008e+00 +1.2499286e+01 +1.2522744e+01 +1.4284417e+01 +1.4286009e+01 
-3.6350122e+01 -3.6349742e+01 -3.6344295e+01 -3.6343978e+01 -1.3579457e+01 -1.3579407e+01 -1.3554489e+01 -1.3554263e+01 -1.3163969e+01 -1.3162788e+01 -1.3130179e+01 -1.3128002e+01 -1.3124150e+01 -1.3122511e+01 -1.3122435e+01 -1.3121232e+01 +6.1891375e+00 +6.1910527e+00 +6.3981025e+00 +6.3992235e+00 +1.1602268e+01 +1.1628687e+01 +1.3738207e+01 +1.3738451e+01 
-3.6350740e+01 -3.6350363e+01 -3.6343656e+01 -3.6343336e+01 -1.3574271e+01 -1.3574205e+01 -1.3544800e+01 -1.3544513e+01 -1.3173988e+01 -1.3172786e+01 -1.3132944e+01 -1.3130781e+01 -1.3125413e+01 -1.3123745e+01 -1.3123574e+01 -1.3122321e+01 +6.2595279e+00 +6.2614812e+00 +6.5155290e+00 +6.5165751e+00 +1.0789074e+01 +1.0816689e+01 +1.3345155e+01 +1.3345694e+01 
-3.6351403e+01 -3.6351029e+01 -3.6342971e+01 -3.6342648e+01 -1.3568475e+01 -1.3568393e+01 -1.3534366e+01 -1.3534007e+01 -1.3184713e+01 -1.3183490e+01 -1.3136012e+01 -1.3133856e+01 -1.3126742e+01 -1.3125129e+01 -1.3124708e+01 -1.3123477e+01 +6.3364708e+00 +6.3384615e+00 +6.6456051e+00 +6.6465762e+00 +1.0103896e+01 +1.0132388e+01 +1.3005156e+01 +1.3006194e+01 
-3.6352105e+01 -3.6351733e+01 -3.6342244e+01 -3.6341919e+01 -1.3562108e+01 -1.3562009e+01 -1.3523278e+01 -1.3522837e+01 -1.3196048e+01 -1.3194805e+01 -1.3139383e+01 -1.3137226e+01 -1.3128120e+01 -1.3126570e+01 -1.3125906e+01 -1.3124690e+01 +6.4198164e+00 +6.4218421e+00 +6.7889263e+00 +6.7898226e+00 +9.5346532e+00 +9.5639829e+00 +1.2689738e+01 +1.2691218e+01 
-3.6352839e+01 -3.6352469e+01 -3.6341482e+01 -3.6341155e+01 -1.3555211e+01 -1.3555093e+01 -1.3511634e+01 -1.3511102e+01 -1.3207893e+01 -1.3206629e+01 -1.3143053e+01 -1.3140892e+01 -1.3129533e+01 -1.3128053e+01 -1.3127156e+01 -1.3125953e+01 +6.5094406e+00 +6.5114973e+00 +6.9461203e+00 +6.9469414e+00 +9.0604818e+00 +9.0906575e+00 +1.2390513e+01 +1.2392341e+01 
-3.6353597e+01 -3.6353229e+01 -3.6340693e+01 -3.6340364e+01 -1.3547827e+01 -1.3547689e+01 -1.3499538e+01 -1.3498903e+01 -1.3220145e+01 -1.3218859e+01 -1.3147021e+01 -1.3144849e+01 -1.3130963e+01 -1.3129563e+01 -1.3128447e+01 -1.3127256e+01 +6.6052530e+00 +6.6073350e+00 +7.1178025e+00 +7.1185476e+00 +8.6623862e+00 +8.6934214e+00 +1.2105287e+01 +1.2107372e+01 
-3.6354374e+01 -3.6354007e+01 -3.6339882e+01 -3.6339552e+01 -1.3539998e+01 -1.3539837e+01 -1.3487096e+01 -1.3486349e+01 -1.3232696e+01 -1.3231389e+01 -1.3151284e+01 -1.3149096e+01 -1.3132393e+01 -1.3131082e+01 -1.3129769e+01 -1.3128586e+01 +6.7072060e+00 +6.7093060e+00 +7.3045276e+00 +7.3051934e+00 +8.3249913e+00 +8.3568937e+00 +1.1833946e+01 +1.1836204e+01 
-3.6355160e+01 -3.6354796e+01 -3.6339057e+01 -3.6338725e+01 -1.3531769e+01 -1.3531583e+01 -1.3474417e+01 -1.3473547e+01 -1.3245439e+01 -1.3244110e+01 -1.3155836e+01 -1.3153628e+01 -1.3133806e+01 -1.3132593e+01 -1.3131111e+01 -1.3129935e+01 +6.8153051e+00 +6.8174138e+00 +7.5067322e+00 +7.5073038e+00 +8.0362942e+00 +8.0690543e+00 +1.1577020e+01 +1.1579377e+01 
-3.6355950e+01 -3.6355587e+01 -3.6338224e+01 -3.6337892e+01 -1.3523186e+01 -1.3522971e+01 -1.3461614e+01 -1.3460611e+01 -1.3258262e+01 -1.3256914e+01 -1.3160671e+01 -1.3158437e+01 -1.3135186e+01 -1.3134081e+01 -1.3132462e+01 -1.3131291e+01 +6.9296212e+00 +6.9317273e+00 +7.7246638e+00 +7.7247715e+00 +7.7873704e+00 +7.8206168e+00 +1.1335142e+01 +1.1337532e+01 
-3.6356736e+01 -3.6356375e+01 -3.6337392e+01 -3.6337058e+01 -1.3514297e+01 -1.3514051e+01 -1.3448800e+01 -1.3447652e+01 -1.3271059e+01 -1.3269689e+01 -1.3165779e+01 -1.3163515e+01 -1.3136517e+01 -1.3135530e+01 -1.3133809e+01 -1.3132642e+01 +7.0503035e+00 +7.0523938e+00 +7.5697847e+00 +7.6044280e+00 +7.9582937e+00 +7.9588576e+00 +1.1108829e+01 +1.1111196e+01 
-3.6357511e+01 -3.6357151e+01 -3.6336566e+01 -3.6336231e+01 -1.3505155e+01 -1.3504873e+01 -1.3436088e+01 -1.3434784e+01 -1.3283718e+01 -1.3282329e+01 -1.3171149e+01 -1.3168849e+01 -1.3137784e+01 -1.3136925e+01 -1.3135141e+01 -1.3133978e+01 +7.1775940e+00 +7.1796530e+00 +7.3795111e+00 +7.4149768e+00 +8.2072096e+00 +8.2076723e+00 +1.0898411e+01 +1.0900707e+01 
-3.6358268e+01 -3.6357909e+01 -3.6335755e+01 -3.6335419e+01 -1.3495813e+01 -1.3495489e+01 -1.3423590e+01 -1.3422120e+01 -1.3296136e+01 -1.3294726e+01 -1.3176763e+01 -1.3174421e+01 -1.3138973e+01 -1.3138252e+01 -1.3136448e+01 -1.3135288e+01 +7.2117220e+00 +7.2480138e+00 +7.3118393e+00 +7.3138488e+00 +8.4704864e+00 +8.4708758e+00 +1.0704012e+01 +1.0706201e+01 
-3.6359000e+01 -3.6358642e+01 -3.6334964e+01 -3.6334627e+01 -1.3486330e+01 -1.3485959e+01 -1.3411416e+01 -1.3409770e+01 -1.3308206e+01 -1.3306777e+01 -1.3182602e+01 -1.3180211e+01 -1.3140074e+01 -1.3139501e+01 -1.3137718e+01 -1.3136560e+01 +7.0631668e+00 +7.1002601e+00 +7.4534961e+00 +7.4554355e+00 +8.7465350e+00 +8.7468571e+00 +1.0525577e+01 +1.0527630e+01 
-3.6359701e+01 -3.6359344e+01 -3.6334202e+01 -3.6333864e+01 -1.3476770e+01 -1.3476345e+01 -1.3399676e+01 -1.3397843e+01 -1.3319828e+01 -1.3318380e+01 -1.3188637e+01 -1.3186189e+01 -1.3141077e+01 -1.3140660e+01 -1.3138941e+01 -1.3137785e+01 +6.9313267e+00 +6.9691861e+00 +7.6031213e+00 +7.6049670e+00 +9.0329346e+00 +9.0331875e+00 +1.0362895e+01 +1.0364792e+01 
-3.6360365e+01 -3.6360009e+01 -3.6333473e+01 -3.6333134e+01 -1.3467203e+01 -1.3466716e+01 -1.3388472e+01 -1.3386444e+01 -1.3330907e+01 -1.3329439e+01 -1.3194833e+01 -1.3192320e+01 -1.3141975e+01 -1.3141723e+01 -1.3140107e+01 -1.3138952e+01 +6.8142596e+00 +6.8528421e+00 +7.7613306e+00 +7.7630561e+00 +9.3262518e+00 +9.3264230e+00 +1.0215635e+01 +1.0217364e+01 
-3.6360986e+01 -3.6360632e+01 -3.6332785e+01 -3.6332446e+01 -1.3457709e+01 -1.3457152e+01 -1.3377906e+01 -1.3375672e+01 -1.3341352e+01 -1.3339858e+01 -1.3201144e+01 -1.3198558e+01 -1.3142766e+01 -1.3142684e+01 -1.3141206e+01 -1.3140051e+01 +6.7104717e+00 +6.7497279e+00 +7.9287009e+00 +7.9302769e+00 +9.6218483e+00 +9.6219034e+00 +1.0083382e+01 +1.0084940e+01 
-3.6361560e+01 -3.6361207e+01 -3.6332144e+01 -3.6331804e+01 -1.3448378e+01 -1.3447739e+01 -1.3368085e+01 -1.3365622e+01 -1.3351075e+01 -1.3349536e+01 -1.3207513e+01 -1.3204842e+01 -1.3143540e+01 -1.3143447e+01 -1.3142228e+01 -1.3141075e+01 +6.6188168e+00 +6.6586923e+00 +8.1055775e+00 +8.1069723e+00 +9.9134817e+00 +9.9136325e+00 +9.9656717e+00 +9.9670564e+00 
-3.6362083e+01 -3.6361730e+01 -3.6331555e+01 -3.6331214e+01 -1.3439313e+01 -1.3438582e+01 -1.3359999e+01 -1.3359856e+01 -1.3357632e+01 -1.3356380e+01 -1.3213865e+01 -1.3211098e+01 -1.3144291e+01 -1.3144023e+01 -1.3143167e+01 -1.3142013e+01 +6.5384184e+00 +6.5788549e+00 +8.2917395e+00 +8.2929204e+00 +9.8620020e+00 +9.8632276e+00 +1.0192900e+01 +1.0193484e+01 
-3.6362551e+01 -3.6362198e+01 -3.6331023e+01 -3.6330682e+01 -1.3430636e+01 -1.3429803e+01 -1.3368049e+01 -1.3366628e+01 -1.3350740e+01 -1.3348028e+01 -1.3220105e+01 -1.3217230e+01 -1.3144937e+01 -1.3144497e+01 -1.3144013e+01 -1.3142860e+01 +6.4686089e+00 +6.5095448e+00 +8.4858779e+00 +8.4868137e+00 +9.7718913e+00 +9.7729655e+00 +1.0447108e+01 +1.0448871e+01 
-3.6362961e+01 -3.6362609e+01 -3.6330553e+01 -3.6330211e+01 -1.3422490e+01 -1.3421543e+01 -1.3375163e+01 -1.3373698e+01 -1.3343566e+01 -1.3340638e+01 -1.3226112e+01 -1.3223120e+01 -1.3145483e+01 -1.3144878e+01 -1.3144761e+01 -1.3143608e+01 +6.4088825e+00 +6.4502539e+00 +8.6848899e+00 +8.6855551e+00 +9.6948634e+00 +9.6958011e+00 +1.0644594e+01 +1.0650223e+01 
-3.6363311e+01 -3.6362959e+01 -3.6330149e+01 -3.6329807e+01 -1.3415045e+01 -1.3413976e+01 -1.3381280e+01 -1.3379798e+01 -1.3337379e+01 -1.3334274e+01 -1.3231738e+01 -1.3228620e+01 -1.3145931e+01 -1.3145403e+01 -1.3145175e+01 -1.3144251e+01 +6.3588585e+00 +6.4006002e+00 +8.8831062e+00 +8.8834864e+00 +9.6304827e+00 +9.6313016e+00 +1.0719490e+01 +1.0731286e+01 
-3.6363598e+01 -3.6363247e+01 -3.6329814e+01 -3.6329473e+01 -1.3408494e+01 -1.3407300e+01 -1.3386353e+01 -1.3384860e+01 -1.3332246e+01 -1.3328990e+01 -1.3236799e+01 -1.3233553e+01 -1.3146289e+01 -1.3145936e+01 -1.3145399e+01 -1.3144784e+01 +6.3182537e+00 +6.3602991e+00 +9.0717597e+00 +9.0718583e+00 +9.5783629e+00 +9.5790824e+00 +1.0706031e+01 +1.0719676e+01 
-3.6363823e+01 -3.6363472e+01 -3.6329552e+01 -3.6329210e+01 -1.3403055e+01 -1.3401743e+01 -1.3390342e+01 -1.3388842e+01 -1.3328211e+01 -1.3324833e+01 -1.3241085e+01 -1.3237717e+01 -1.3146560e+01 -1.3146355e+01 -1.3145559e+01 -1.3145203e+01 +6.2868609e+00 +6.3291430e+00 +9.2390119e+00 +9.2391686e+00 +9.5381765e+00 +9.5388176e+00 +1.0676914e+01 +1.0690940e+01 
-3.6363984e+01 -3.6363633e+01 -3.6329364e+01 -3.6329022e+01 -1.3398954e+01 -1.3397541e+01 -1.3393213e+01 -1.3391709e+01 -1.3325306e+01 -1.3321838e+01 -1.3244371e+01 -1.3240898e+01 -1.3146750e+01 -1.3146657e+01 -1.3145666e+01 -1.3145504e+01 +6.2645335e+00 +6.3069847e+00 +9.3716745e+00 +9.3720356e+00 +9.5096624e+00 +9.5102469e+00 +1.0651991e+01 +1.0666147e+01 
-3.6364081e+01 -3.6363730e+01 -3.6329250e+01 -3.6328909e+01 -1.3396394e+01 -1.3394945e+01 -1.3394913e+01 -1.3393439e+01 -1.3323555e+01 -1.3320031e+01 -1.3246445e+01 -1.3242903e+01 -1.3146862e+01 -1.3146839e+01 -1.3145727e+01 -1.3145686e+01 +6.2511740e+00 +6.2937268e+00 +9.4573247e+00 +9.4578179e+00 +9.4926307e+00 +9.4931811e+00 +1.0636088e+01 +1.0650303e+01 
-3.6364114e+01 -3.6363762e+01 -3.6329212e+01 -3.6328871e+01 -1.3395523e+01 -1.3395523e+01 -1.3394017e+01 -1.3394017e+01 -1.3322969e+01 -1.3319427e+01 -1.3247156e+01 -1.3243588e+01 -1.3146899e+01 -1.3146899e+01 -1.3145747e+01 -1.3145747e+01 +6.2467268e+00 +6.2893135e+00 +9.4869664e+00 +9.4869664e+00 +9.4875053e+00 +9.4875053e+00 +1.0630670e+01 +1.0644902e+01 
-3.6347755e+01 -3.6347092e+01 -3.6347092e+01 -3.6347036e+01 -1.3452855e+01 -1.3451039e+01 -1.3450300e+01 -1.3450300e+01 -1.3272259e+01 -1.3272259e+01 -1.3270041e+01 -1.3267311e+01 -1.3119573e+01 -1.3117261e+01 -1.3117261e+01 -1.3117195e+01 +6.0598044e+00 +6.1017058e+00 +6.1035177e+00 +6.1035177e+00 +8.6640185e+00 +8.6680864e+00 +8.6680864e+00 +8.6686506e+00 
-3.6347754e+01 -3.6347091e+01 -3.6347091e+01 -3.6347034e+01 -1.3454045e+01 -1.3452267e+01 -1.3451543e+01 -1.3451543e+01 -1.3271021e+01 -1.3271021e+01 -1.3268820e+01 -1.3266127e+01 -1.3119572e+01 -1.3117260e+01 -1.3117260e+01 -1.3117193e+01 +6.0712831e+00 +6.1128546e+00 +6.1147067e+00 +6.1147067e+00 +8.6521928e+00 +8.6561151e+00 +8.6561704e+00 +8.6561704e+00 
-3.6347751e+01 -3.6347087e+01 -3.6347087e+01 -3.6347031e+01 -1.3457508e+01 -1.3455834e+01 -1.3455153e+01 -1.3455153e+01 -1.3267429e+01 -1.3267429e+01 -1.3265271e+01 -1.3262681e+01 -1.3119567e+01 -1.3117255e+01 -1.3117255e+01 -1.3117189e+01 +6.1052103e+00 +6.1457619e+00 +6.1477360e+00 +6.1477360e+00 +8.6204052e+00 +8.6223240e+00 +8.6241323e+00 +8.6241323e+00 
-3.6347745e+01 -3.6347082e+01 -3.6347082e+01 -3.6347026e+01 -1.3462958e+01 -1.3461432e+01 -1.3460814e+01 -1.3460814e+01 -1.3261797e+01 -1.3261797e+01 -1.3259700e+01 -1.3257259e+01 -1.3119560e+01 -1.3117248e+01 -1.3117248e+01 -1.3117182e+01 +6.1599024e+00 +6.1986528e+00 +6.2008333e+00 +6.2008333e+00 +8.5773172e+00 +8.5784475e+00 +8.5818088e+00 +8.5818088e+00 
-3.6347738e+01 -3.6347075e+01 -3.6347075e+01 -3.6347019e+01 -1.3470008e+01 -1.3468656e+01 -1.3468106e+01 -1.3468106e+01 -1.3254538e+01 -1.3254538e+01 -1.3252509e+01 -1.3250241e+01 -1.3119550e+01 -1.3117237e+01 -1.3117237e+01 -1.3117172e+01 +6.2320167e+00 +6.2680360e+00 +6.2705091e+00 +6.2705091e+00 +8.5348083e+00 +8.5398760e+00 +8.5427993e+00 +8.5427993e+00 
-3.6347728e+01 -3.6347065e+01 -3.6347065e+01 -3.6347010e+01 -1.3478258e+01 -1.3477083e+01 -1.3476601e+01 -1.3476601e+01 -1.3246076e+01 -1.3246076e+01 -1.3244114e+01 -1.3242025e+01 -1.3119538e+01 -1.3117223e+01 -1.3117223e+01 -1.3117159e+01 +6.3157653e+00 +6.3479509e+00 +6.3507975e+00 +6.3507975e+00 +8.5109125e+00 +8.5207987e+00 +8.5232455e+00 +8.5232455e+00 
-3.6347718e+01 -3.6347054e+01 -3.6347054e+01 -3.6346999e+01 -1.3487338e+01 -1.3486334e+01 -1.3485915e+01 -1.3485915e+01 -1.3236789e+01 -1.3236789e+01 -1.3234888e+01 -1.3232972e+01 -1.3119522e+01 -1.3117207e+01 -1.3117207e+01 -1.3117143e+01 +6.4021184e+00 +6.4292822e+00 +6.4325585e+00 +6.4325585e+00 +8.5244190e+00 +8.5400177e+00 +8.5419892e+00 +8.5419892e+00 
-3.6347705e+01 -3.6347042e+01 -3.6347042e+01 -3.6346987e+01 -1.3496930e+01 -1.3496086e+01 -1.3495723e+01 -1.3495723e+01 -1.3226995e+01 -1.3226995e+01 -1.3225146e+01 -1.3223391e+01 -1.3119503e+01 -1.3117187e+01 -1.3117187e+01 -1.3117124e+01 +6.4789586e+00 +6.5001345e+00 +6.5038404e+00 +6.5038404e+00 +8.5970163e+00 +8.6189898e+00 +8.6205494e+00 +8.6205494e+00 
-3.6347692e+01 -3.6347028e+01 -3.6347028e+01 -3.6346975e+01 -1.3506774e+01 -1.3506073e+01 -1.3505758e+01 -1.3505758e+01 -1.3216948e+01 -1.3216948e+01 -1.3215144e+01 -1.3213536e+01 -1.3119481e+01 -1.3117163e+01 -1.3117163e+01 -1.3117102e+01 +6.5336730e+00 +6.5485940e+00 +6.5526503e+00 +6.5526503e+00 +8.7514047e+00 +8.7797359e+00 +8.7810296e+00 +8.7810296e+00 
-3.6347678e+01 -3.6347014e+01 -3.6347014e+01 -3.6346961e+01 -1.3516651e+01 -1.3516078e+01 -1.3515805e+01 -1.3515805e+01 -1.3206857e+01 -1.3206857e+01 -1.3205089e+01 -1.3203613e+01 -1.3119457e+01 -1.3117137e+01 -1.3117137e+01 -1.3117077e+01 +6.5579731e+00 +6.5673111e+00 +6.5715791e+00 +6.5715791e+00 +9.0072546e+00 +9.0410204e+00 +9.0422563e+00 +9.0422563e+00 
-3.6347664e+01 -3.6346999e+01 -3.6346999e+01 -3.6346948e+01 -1.3526384e+01 -1.3525922e+01 -1.3525686e+01 -1.3525686e+01 -1.3196887e+01 -1.3196887e+01 -1.3195149e+01 -1.3193791e+01 -1.3119428e+01 -1.3117106e+01 -1.3117106e+01 -1.3117049e+01 +6.5510791e+00 +6.5561166e+00 +6.5604542e+00 +6.5604542e+00 +9.3788030e+00 +9.4165132e+00 +9.4179064e+00 +9.4179064e+00 
-3.6347649e+01 -3.6346985e+01 -3.6346985e+01 -3.6346935e+01 -1.3535824e+01 -1.3535457e+01 -1.3535254e+01 -1.3535254e+01 -1.3187176e+01 -1.3187176e+01 -1.3185461e+01 -1.3184207e+01 -1.3119396e+01 -1.3117071e+01 -1.3117071e+01 -1.3117018e+01 +6.5182207e+00 +6.5202845e+00 +6.5245886e+00 +6.5245886e+00 +9.8770677e+00 +9.9172498e+00 +9.9189820e+00 +9.9189820e+00 
-3.6347636e+01 -3.6346970e+01 -3.6346970e+01 -3.6346922e+01 -1.3544844e+01 -1.3544558e+01 -1.3544385e+01 -1.3544385e+01 -1.3177834e+01 -1.3177834e+01 -1.3176138e+01 -1.3174976e+01 -1.3119361e+01 -1.3117032e+01 -1.3117032e+01 -1.3116983e+01 +6.4668105e+00 +6.4669420e+00 +6.4711550e+00 +6.4711550e+00 +1.0513995e+01 +1.0555571e+01 +1.0557786e+01 +1.0557786e+01 
-3.6347622e+01 -3.6346957e+01 -3.6346957e+01 -3.6346911e+01 -1.3553338e+01 -1.3553119e+01 -1.3552975e+01 -1.3552975e+01 -1.3168958e+01 -1.3168958e+01 -1.3167274e+01 -1.3166194e+01 -1.3119321e+01 -1.3116989e+01 -1.3116989e+01 -1.3116944e+01 +6.4026681e+00 +6.4037589e+00 +6.4067652e+00 +6.4067652e+00 +1.1303364e+01 +1.1345817e+01 +1.1348636e+01 +1.1348636e+01 
-3.6347611e+01 -3.6346944e+01 -3.6346944e+01 -3.6346901e+01 -1.3561215e+01 -1.3561050e+01 -1.3560933e+01 -1.3560933e+01 -1.3160626e+01 -1.3160626e+01 -1.3158950e+01 -1.3157943e+01 -1.3119278e+01 -1.3116939e+01 -1.3116939e+01 -1.3116902e+01 +6.3327150e+00 +6.3345758e+00 +6.3366905e+00 +6.3366905e+00 +1.2246039e+01 +1.2289361e+01 +1.2292896e+01 +1.2292896e+01 
-3.6347601e+01 -3.6346934e+01 -3.6346934e+01 -3.6346894e+01 -1.3568399e+01 -1.3568274e+01 -1.3568185e+01 -1.3568185e+01 -1.3152908e+01 -1.3152908e+01 -1.3151236e+01 -1.3150291e+01 -1.3119230e+01 -1.3116884e+01 -1.3116884e+01 -1.3116856e+01 +6.2610698e+00 +6.2634207e+00 +6.2649281e+00 +6.2649281e+00 +1.3185948e+01 +1.3221560e+01 +1.3226008e+01 +1.3226008e+01 
-3.6347593e+01 -3.6346925e+01 -3.6346925e+01 -3.6346889e+01 -1.3574827e+01 -1.3574731e+01 -1.3574669e+01 -1.3574669e+01 -1.3145863e+01 -1.3145863e+01 -1.3144188e+01 -1.3143298e+01 -1.3119179e+01 -1.3116822e+01 -1.3116822e+01 -1.3116807e+01 +6.1907487e+00 +6.1934181e+00 +6.1944990e+00 +6.1944990e+00 +1.3674900e+01 +1.3690251e+01 +1.3695425e+01 +1.3695425e+01 
-3.6347588e+01 -3.6346919e+01 -3.6346919e+01 -3.6346887e+01 -1.3580453e+01 -1.3580374e+01 -1.3580341e+01 -1.3580341e+01 -1.3139543e+01 -1.3139543e+01 -1.3137859e+01 -1.3137015e+01 -1.3119124e+01 -1.3116755e+01 -1.3116752e+01 -1.3116752e+01 +6.1240775e+00 +6.1269598e+00 +6.1277312e+00 +6.1277312e+00 +1.3945635e+01 +1.3954130e+01 +1.3959633e+01 +1.3959633e+01 
-3.6347586e+01 -3.6346915e+01 -3.6346915e+01 -3.6346889e+01 -1.3585248e+01 -1.3585177e+01 -1.3585172e+01 -1.3585172e+01 -1.3133993e+01 -1.3133993e+01 -1.3132291e+01 -1.3131486e+01 -1.3119066e+01 -1.3116700e+01 -1.3116671e+01 -1.3116671e+01 +6.0628968e+00 +6.0659263e+00 +6.0664662e+00 +6.0664662e+00 +1.4158694e+01 +1.4164191e+01 +1.4169925e+01 +1.4169925e+01 
-3.6347586e+01 -3.6346915e+01 -3.6346915e+01 -3.6346894e+01 -1.3589205e+01 -1.3589156e+01 -1.3589156e+01 -1.3589133e+01 -1.3129255e+01 -1.3129255e+01 -1.3127520e+01 -1.3126748e+01 -1.3119009e+01 -1.3116646e+01 -1.3116577e+01 -1.3116577e+01 +6.0086963e+00 +6.0118309e+00 +6.0121941e+00 +6.0121941e+00 +1.4337267e+01 +1.4340980e+01 +1.4346895e+01 +1.4346895e+01 
-3.6347589e+01 -3.6346916e+01 -3.6346916e+01 -3.6346901e+01 -1.3592338e+01 -1.3592309e+01 -1.3592309e+01 -1.3592259e+01 -1.3125369e+01 -1.3125369e+01 -1.3123576e+01 -1.3122830e+01 -1.3118953e+01 -1.3116593e+01 -1.3116462e+01 -1.3116462e+01 +5.9626943e+00 +5.9659054e+00 +5.9661334e+00 +5.9661334e+00 +1.4485000e+01 +1.4487502e+01 +1.4493555e+01 +1.4493555e+01 
-3.6347593e+01 -3.6346919e+01 -3.6346919e+01 -3.6346910e+01 -1.3594684e+01 -1.3594670e+01 -1.3594670e+01 -1.3594596e+01 -1.3122377e+01 -1.3122377e+01 -1.3120484e+01 -1.3119758e+01 -1.3118903e+01 -1.3116547e+01 -1.3116311e+01 -1.3116311e+01 +5.9258780e+00 +5.9291447e+00 +5.9292715e+00 +5.9292715e+00 +1.4601655e+01 +1.4603306e+01 +1.4609442e+01 +1.4609442e+01 
-3.6347598e+01 -3.6346923e+01 -3.6346923e+01 -3.6346919e+01 -1.3596298e+01 -1.3596292e+01 -1.3596292e+01 -1.3596199e+01 -1.3120317e+01 -1.3120317e+01 -1.3118863e+01 -1.3118262e+01 -1.3117550e+01 -1.3116509e+01 -1.3116108e+01 -1.3116108e+01 +5.8990201e+00 +5.9023249e+00 +5.9023809e+00 +5.9023809e+00 +1.4686125e+01 +1.4687200e+01 +1.4693308e+01 +1.4693308e+01 
-3.6347601e+01 -3.6346926e+01 -3.6346926e+01 -3.6346925e+01 -1.3597236e+01 -1.3597235e+01 -1.3597235e+01 -1.3597129e+01 -1.3119176e+01 -1.3119176e+01 -1.3118837e+01 -1.3116923e+01 -1.3116485e+01 -1.3116220e+01 -1.3115884e+01 -1.3115884e+01 +5.8826791e+00 +5.8860063e+00 +5.8860203e+00 +5.8860203e+00 +1.4737311e+01 +1.4738051e+01 +1.4743474e+01 +1.4743474e+01 
-3.6347603e+01 -3.6346927e+01 -3.6346927e+01 -3.6346927e+01 -1.3597543e+01 -1.3597543e+01 -1.3597543e+01 -1.3597434e+01 -1.3118828e+01 -1.3118828e+01 -1.3118828e+01 -1.3116476e+01 -1.3116476e+01 -1.3115776e+01 -1.3115776e+01 -1.3115776e+01 +5.8771942e+00 +5.8805288e+00 +5.8805288e+00 +5.8805288e+00 +1.4754461e+01 +1.4754461e+01 +1.4754461e+01 +1.4755091e+01 
