# num high symmetry points
8
# label high symmetry points
G X M G R X M R 
# indices high symmetry points
1 16 31 52 78 99 100 115 
# nk, nb, ns
115 44 1
# k-points (frac coords)
+0.0000000e+00 +0.0000000e+00 +0.0000000e+00 
+0.0000000e+00 +3.3333333e-02 +0.0000000e+00 
+0.0000000e+00 +6.6666667e-02 +0.0000000e+00 
+0.0000000e+00 +1.0000000e-01 +0.0000000e+00 
+0.0000000e+00 +1.3333333e-01 +0.0000000e+00 
+0.0000000e+00 +1.6666667e-01 +0.0000000e+00 
+0.0000000e+00 +2.0000000e-01 +0.0000000e+00 
+0.0000000e+00 +2.3333333e-01 +0.0000000e+00 
+0.0000000e+00 +2.6666667e-01 +0.0000000e+00 
+0.0000000e+00 +3.0000000e-01 +0.0000000e+00 
+0.0000000e+00 +3.3333333e-01 +0.0000000e+00 
+0.0000000e+00 +3.6666667e-01 +0.0000000e+00 
+0.0000000e+00 +4.0000000e-01 +0.0000000e+00 
+0.0000000e+00 +4.3333333e-01 +0.0000000e+00 
+0.0000000e+00 +4.6666667e-01 +0.0000000e+00 
+0.0000000e+00 +5.0000000e-01 +0.0000000e+00 
+3.3333333e-02 +5.0000000e-01 +0.0000000e+00 
+6.6666667e-02 +5.0000000e-01 +0.0000000e+00 
+1.0000000e-01 +5.0000000e-01 +0.0000000e+00 
+1.3333333e-01 +5.0000000e-01 +0.0000000e+00 
+1.6666667e-01 +5.0000000e-01 +0.0000000e+00 
+2.0000000e-01 +5.0000000e-01 +0.0000000e+00 
+2.3333333e-01 +5.0000000e-01 +0.0000000e+00 
+2.6666667e-01 +5.0000000e-01 +0.0000000e+00 
+3.0000000e-01 +5.0000000e-01 +0.0000000e+00 
+3.3333333e-01 +5.0000000e-01 +0.0000000e+00 
+3.6666667e-01 +5.0000000e-01 +0.0000000e+00 
+4.0000000e-01 +5.0000000e-01 +0.0000000e+00 
+4.3333333e-01 +5.0000000e-01 +0.0000000e+00 
+4.6666667e-01 +5.0000000e-01 +0.0000000e+00 
+5.0000000e-01 +5.0000000e-01 +0.0000000e+00 
+4.7619048e-01 +4.7619048e-01 +0.0000000e+00 
+4.5238095e-01 +4.5238095e-01 +0.0000000e+00 
+4.2857143e-01 +4.2857143e-01 +0.0000000e+00 
+4.0476190e-01 +4.0476190e-01 +0.0000000e+00 
+3.8095238e-01 +3.8095238e-01 +0.0000000e+00 
+3.5714286e-01 +3.5714286e-01 +0.0000000e+00 
+3.3333333e-01 +3.3333333e-01 +0.0000000e+00 
+3.0952381e-01 +3.0952381e-01 +0.0000000e+00 
+2.8571429e-01 +2.8571429e-01 +0.0000000e+00 
+2.6190476e-01 +2.6190476e-01 +0.0000000e+00 
+2.3809524e-01 +2.3809524e-01 +0.0000000e+00 
+2.1428571e-01 +2.1428571e-01 +0.0000000e+00 
+1.9047619e-01 +1.9047619e-01 +0.0000000e+00 
+1.6666667e-01 +1.6666667e-01 +0.0000000e+00 
+1.4285714e-01 +1.4285714e-01 +0.0000000e+00 
+1.1904762e-01 +1.1904762e-01 +0.0000000e+00 
+9.5238095e-02 +9.5238095e-02 +0.0000000e+00 
+7.1428571e-02 +7.1428571e-02 +0.0000000e+00 
+4.7619048e-02 +4.7619048e-02 +0.0000000e+00 
+2.3809524e-02 +2.3809524e-02 +0.0000000e+00 
+0.0000000e+00 +0.0000000e+00 +0.0000000e+00 
+1.9230769e-02 +1.9230769e-02 +1.9230769e-02 
+3.8461538e-02 +3.8461538e-02 +3.8461538e-02 
+5.7692308e-02 +5.7692308e-02 +5.7692308e-02 
+7.6923077e-02 +7.6923077e-02 +7.6923077e-02 
+9.6153846e-02 +9.6153846e-02 +9.6153846e-02 
+1.1538462e-01 +1.1538462e-01 +1.1538462e-01 
+1.3461538e-01 +1.3461538e-01 +1.3461538e-01 
+1.5384615e-01 +1.5384615e-01 +1.5384615e-01 
+1.7307692e-01 +1.7307692e-01 +1.7307692e-01 
+1.9230769e-01 +1.9230769e-01 +1.9230769e-01 
+2.1153846e-01 +2.1153846e-01 +2.1153846e-01 
+2.3076923e-01 +2.3076923e-01 +2.3076923e-01 
+2.5000000e-01 +2.5000000e-01 +2.5000000e-01 
+2.6923077e-01 +2.6923077e-01 +2.6923077e-01 
+2.8846154e-01 +2.8846154e-01 +2.8846154e-01 
+3.0769231e-01 +3.0769231e-01 +3.0769231e-01 
+3.2692308e-01 +3.2692308e-01 +3.2692308e-01 
+3.4615385e-01 +3.4615385e-01 +3.4615385e-01 
+3.6538462e-01 +3.6538462e-01 +3.6538462e-01 
+3.8461538e-01 +3.8461538e-01 +3.8461538e-01 
+4.0384615e-01 +4.0384615e-01 +4.0384615e-01 
+4.2307692e-01 +4.2307692e-01 +4.2307692e-01 
+4.4230769e-01 +4.4230769e-01 +4.4230769e-01 
+4.6153846e-01 +4.6153846e-01 +4.6153846e-01 
+4.8076923e-01 +4.8076923e-01 +4.8076923e-01 
+5.0000000e-01 +5.0000000e-01 +5.0000000e-01 
+4.7619048e-01 +5.0000000e-01 +4.7619048e-01 
+4.5238095e-01 +5.0000000e-01 +4.5238095e-01 
+4.2857143e-01 +5.0000000e-01 +4.2857143e-01 
+4.0476190e-01 +5.0000000e-01 +4.0476190e-01 
+3.8095238e-01 +5.0000000e-01 +3.8095238e-01 
+3.5714286e-01 +5.0000000e-01 +3.5714286e-01 
+3.3333333e-01 +5.0000000e-01 +3.3333333e-01 
+3.0952381e-01 +5.0000000e-01 +3.0952381e-01 
+2.8571429e-01 +5.0000000e-01 +2.8571429e-01 
+2.6190476e-01 +5.0000000e-01 +2.6190476e-01 
+2.3809524e-01 +5.0000000e-01 +2.3809524e-01 
+2.1428571e-01 +5.0000000e-01 +2.1428571e-01 
+1.9047619e-01 +5.0000000e-01 +1.9047619e-01 
+1.6666667e-01 +5.0000000e-01 +1.6666667e-01 
+1.4285714e-01 +5.0000000e-01 +1.4285714e-01 
+1.1904762e-01 +5.0000000e-01 +1.1904762e-01 
+9.5238095e-02 +5.0000000e-01 +9.5238095e-02 
+7.1428571e-02 +5.0000000e-01 +7.1428571e-02 
+4.7619048e-02 +5.0000000e-01 +4.7619048e-02 
+2.3809524e-02 +5.0000000e-01 +2.3809524e-02 
+0.0000000e+00 +5.0000000e-01 +0.0000000e+00 
+5.0000000e-01 +5.0000000e-01 +0.0000000e+00 
+5.0000000e-01 +5.0000000e-01 +3.3333333e-02 
+5.0000000e-01 +5.0000000e-01 +6.6666667e-02 
+5.0000000e-01 +5.0000000e-01 +1.0000000e-01 
+5.0000000e-01 +5.0000000e-01 +1.3333333e-01 
+5.0000000e-01 +5.0000000e-01 +1.6666667e-01 
+5.0000000e-01 +5.0000000e-01 +2.0000000e-01 
+5.0000000e-01 +5.0000000e-01 +2.3333333e-01 
+5.0000000e-01 +5.0000000e-01 +2.6666667e-01 
+5.0000000e-01 +5.0000000e-01 +3.0000000e-01 
+5.0000000e-01 +5.0000000e-01 +3.3333333e-01 
+5.0000000e-01 +5.0000000e-01 +3.6666667e-01 
+5.0000000e-01 +5.0000000e-01 +4.0000000e-01 
+5.0000000e-01 +5.0000000e-01 +4.3333333e-01 
+5.0000000e-01 +5.0000000e-01 +4.6666667e-01 
+5.0000000e-01 +5.0000000e-01 +5.0000000e-01 
# energies (kpt,band,spin)
# spin = 1
-4.5585321e+01 -4.5585321e+01 -4.5585321e+01 -4.5585263e+01 -4.5585263e+01 -4.5585263e+01 -4.5584906e+01 -4.5584906e+01 -4.5584906e+01 -4.5584906e+01 -4.5584906e+01 -4.5584906e+01 -4.5584880e+01 -4.5584880e+01 -4.5584861e+01 -4.5584861e+01 -4.5584861e+01 -4.5584727e+01 -4.5584727e+01 -4.5584727e+01 -2.1364721e+01 -2.1330694e+01 -2.1330694e+01 -2.1330694e+01 -7.4621585e+00 -7.4621585e+00 -7.4621585e+00 -7.0132206e+00 -7.0132206e+00 -7.0132206e+00 -7.0132206e+00 -7.0132206e+00 -7.0132206e+00 -6.7315476e+00 -6.7315475e+00 -6.7315475e+00 +4.7398834e-01 +4.7398834e-01 +4.7398834e-01 +1.2137433e+00 +1.2137433e+00 +1.2137433e+00 +3.1950421e+00 +3.1950421e+00 
-4.5585320e+01 -4.5585320e+01 -4.5585320e+01 -4.5585263e+01 -4.5585262e+01 -4.5585262e+01 -4.5584907e+01 -4.5584907e+01 -4.5584907e+01 -4.5584907e+01 -4.5584906e+01 -4.5584906e+01 -4.5584879e+01 -4.5584879e+01 -4.5584861e+01 -4.5584861e+01 -4.5584861e+01 -4.5584727e+01 -4.5584727e+01 -4.5584727e+01 -2.1364628e+01 -2.1330790e+01 -2.1330687e+01 -2.1330687e+01 -7.4612846e+00 -7.4612845e+00 -7.4604194e+00 -7.0146368e+00 -7.0146368e+00 -7.0134679e+00 -7.0134679e+00 -7.0125091e+00 -7.0125091e+00 -6.7338356e+00 -6.7323651e+00 -6.7323651e+00 +4.8049325e-01 +4.8049325e-01 +4.8258834e-01 +1.2169952e+00 +1.2188419e+00 +1.2188419e+00 +3.1859366e+00 +3.1984190e+00 
-4.5585320e+01 -4.5585317e+01 -4.5585317e+01 -4.5585263e+01 -4.5585260e+01 -4.5585260e+01 -4.5584911e+01 -4.5584911e+01 -4.5584909e+01 -4.5584909e+01 -4.5584906e+01 -4.5584906e+01 -4.5584879e+01 -4.5584878e+01 -4.5584862e+01 -4.5584861e+01 -4.5584861e+01 -4.5584728e+01 -4.5584726e+01 -4.5584726e+01 -2.1364352e+01 -2.1331079e+01 -2.1330669e+01 -2.1330669e+01 -7.4586372e+00 -7.4586372e+00 -7.4552143e+00 -7.0188644e+00 -7.0188644e+00 -7.0141979e+00 -7.0141979e+00 -7.0103790e+00 -7.0103790e+00 -6.7406647e+00 -6.7348075e+00 -6.7348075e+00 +4.9989283e-01 +4.9989283e-01 +5.0839949e-01 +1.2267576e+00 +1.2341359e+00 +1.2341359e+00 +3.1589226e+00 +3.2085711e+00 
-4.5585319e+01 -4.5585313e+01 -4.5585313e+01 -4.5585263e+01 -4.5585256e+01 -4.5585256e+01 -4.5584916e+01 -4.5584916e+01 -4.5584913e+01 -4.5584913e+01 -4.5584906e+01 -4.5584906e+01 -4.5584878e+01 -4.5584876e+01 -4.5584862e+01 -4.5584860e+01 -4.5584860e+01 -4.5584730e+01 -4.5584725e+01 -4.5584725e+01 -2.1363895e+01 -2.1331555e+01 -2.1330640e+01 -2.1330640e+01 -7.4541486e+00 -7.4541486e+00 -7.4465788e+00 -7.0258411e+00 -7.0258411e+00 -7.0153756e+00 -7.0153756e+00 -7.0068433e+00 -7.0068433e+00 -6.7519302e+00 -6.7388435e+00 -6.7388435e+00 +5.3183710e-01 +5.3183711e-01 +5.5145156e-01 +1.2430496e+00 +1.2596217e+00 +1.2596217e+00 +3.1148845e+00 +3.2255637e+00 
-4.5585317e+01 -4.5585307e+01 -4.5585307e+01 -4.5585264e+01 -4.5585251e+01 -4.5585251e+01 -4.5584924e+01 -4.5584924e+01 -4.5584919e+01 -4.5584919e+01 -4.5584906e+01 -4.5584906e+01 -4.5584877e+01 -4.5584873e+01 -4.5584863e+01 -4.5584859e+01 -4.5584859e+01 -4.5584733e+01 -4.5584725e+01 -4.5584725e+01 -2.1363262e+01 -2.1332214e+01 -2.1330603e+01 -2.1330603e+01 -7.4477318e+00 -7.4477318e+00 -7.4345725e+00 -7.0354646e+00 -7.0354646e+00 -7.0169453e+00 -7.0169453e+00 -7.0019256e+00 -7.0019256e+00 -6.7674611e+00 -6.7444221e+00 -6.7444221e+00 +5.7572675e-01 +5.7572675e-01 +6.1178149e-01 +1.2659013e+00 +1.2952992e+00 +1.2952992e+00 +3.0552218e+00 +3.2495091e+00 
-4.5585315e+01 -4.5585300e+01 -4.5585300e+01 -4.5585265e+01 -4.5585245e+01 -4.5585245e+01 -4.5584934e+01 -4.5584934e+01 -4.5584928e+01 -4.5584928e+01 -4.5584906e+01 -4.5584906e+01 -4.5584876e+01 -4.5584869e+01 -4.5584863e+01 -4.5584858e+01 -4.5584858e+01 -4.5584736e+01 -4.5584724e+01 -4.5584724e+01 -2.1362462e+01 -2.1333046e+01 -2.1330559e+01 -2.1330559e+01 -7.4393091e+00 -7.4393091e+00 -7.4192789e+00 -7.0475954e+00 -7.0475954e+00 -7.0188336e+00 -7.0188336e+00 -6.9956613e+00 -6.9956613e+00 -6.7870239e+00 -6.7514730e+00 -6.7514730e+00 +6.3068664e-01 +6.3068664e-01 +6.8941480e-01 +1.2953512e+00 +1.3411810e+00 +1.3411810e+00 +2.9817481e+00 +3.2805717e+00 
-4.5585313e+01 -4.5585291e+01 -4.5585291e+01 -4.5585265e+01 -4.5585237e+01 -4.5585237e+01 -4.5584947e+01 -4.5584947e+01 -4.5584940e+01 -4.5584940e+01 -4.5584906e+01 -4.5584906e+01 -4.5584874e+01 -4.5584864e+01 -4.5584864e+01 -4.5584857e+01 -4.5584857e+01 -4.5584740e+01 -4.5584724e+01 -4.5584724e+01 -2.1361504e+01 -2.1334042e+01 -2.1330513e+01 -2.1330513e+01 -7.4288349e+00 -7.4288349e+00 -7.4008057e+00 -7.0620598e+00 -7.0620598e+00 -7.0209538e+00 -7.0209538e+00 -6.9880994e+00 -6.9880994e+00 -6.8103288e+00 -6.7599078e+00 -6.7599078e+00 +6.9552388e-01 +6.9552388e-01 +7.8433972e-01 +1.3314423e+00 +1.3973051e+00 +1.3973051e+00 +2.8965695e+00 +3.3189756e+00 
-4.5585311e+01 -4.5585280e+01 -4.5585280e+01 -4.5585267e+01 -4.5585228e+01 -4.5585228e+01 -4.5584961e+01 -4.5584961e+01 -4.5584955e+01 -4.5584955e+01 -4.5584906e+01 -4.5584906e+01 -4.5584873e+01 -4.5584865e+01 -4.5584859e+01 -4.5584856e+01 -4.5584856e+01 -4.5584745e+01 -4.5584725e+01 -4.5584725e+01 -2.1360397e+01 -2.1335189e+01 -2.1330466e+01 -2.1330466e+01 -7.4163100e+00 -7.4163100e+00 -7.3792852e+00 -7.0786539e+00 -7.0786539e+00 -7.0232101e+00 -7.0232101e+00 -6.9793037e+00 -6.9793037e+00 -6.8370363e+00 -6.7696217e+00 -6.7696217e+00 +7.6866575e-01 +7.6866575e-01 +8.9647516e-01 +1.3742167e+00 +1.4637517e+00 +1.4637517e+00 +2.8019561e+00 +3.3650140e+00 
-4.5585308e+01 -4.5585268e+01 -4.5585267e+01 -4.5585267e+01 -4.5585217e+01 -4.5585217e+01 -4.5584977e+01 -4.5584977e+01 -4.5584973e+01 -4.5584973e+01 -4.5584906e+01 -4.5584906e+01 -4.5584872e+01 -4.5584866e+01 -4.5584854e+01 -4.5584854e+01 -4.5584853e+01 -4.5584750e+01 -4.5584727e+01 -4.5584727e+01 -2.1359155e+01 -2.1336474e+01 -2.1330421e+01 -2.1330421e+01 -7.4017864e+00 -7.4017864e+00 -7.3548751e+00 -7.0971479e+00 -7.0971479e+00 -7.0255026e+00 -7.0255026e+00 -6.9693530e+00 -6.9693529e+00 -6.8667645e+00 -6.7804951e+00 -6.7804951e+00 +8.4807263e-01 +8.4807263e-01 +1.0256334e+00 +1.4237085e+00 +1.5406641e+00 +1.5406641e+00 +2.7002207e+00 +3.4190596e+00 
-4.5585305e+01 -4.5585270e+01 -4.5585253e+01 -4.5585253e+01 -4.5585206e+01 -4.5585206e+01 -4.5584994e+01 -4.5584994e+01 -4.5584993e+01 -4.5584993e+01 -4.5584906e+01 -4.5584906e+01 -4.5584871e+01 -4.5584866e+01 -4.5584852e+01 -4.5584852e+01 -4.5584847e+01 -4.5584756e+01 -4.5584729e+01 -4.5584729e+01 -2.1357791e+01 -2.1337881e+01 -2.1330379e+01 -2.1330379e+01 -7.3853646e+00 -7.3853646e+00 -7.3277599e+00 -7.1172907e+00 -7.1172907e+00 -7.0277316e+00 -7.0277316e+00 -6.9583408e+00 -6.9583408e+00 -6.8990974e+00 -6.7923953e+00 -6.7923953e+00 +9.3112447e-01 +9.3112447e-01 +1.1714794e+00 +1.4799350e+00 +1.6282739e+00 +1.6282739e+00 +2.5936137e+00 +3.4815782e+00 
-4.5585302e+01 -4.5585272e+01 -4.5585237e+01 -4.5585237e+01 -4.5585192e+01 -4.5585192e+01 -4.5585015e+01 -4.5585015e+01 -4.5585012e+01 -4.5585012e+01 -4.5584906e+01 -4.5584906e+01 -4.5584870e+01 -4.5584867e+01 -4.5584851e+01 -4.5584851e+01 -4.5584840e+01 -4.5584763e+01 -4.5584731e+01 -4.5584731e+01 -2.1356319e+01 -2.1339393e+01 -2.1330342e+01 -2.1330342e+01 -7.3671878e+00 -7.3671878e+00 -7.2981519e+00 -7.1388144e+00 -7.1388144e+00 -7.0298019e+00 -7.0298019e+00 -6.9463748e+00 -6.9463748e+00 -6.9335931e+00 -6.8051788e+00 -6.8051788e+00 +1.0144896e+00 +1.0144896e+00 +1.3334891e+00 +1.5428855e+00 +1.7269318e+00 +1.7269318e+00 +2.4842413e+00 +3.5393423e+00 
-4.5585298e+01 -4.5585274e+01 -4.5585219e+01 -4.5585219e+01 -4.5585178e+01 -4.5585178e+01 -4.5585039e+01 -4.5585039e+01 -4.5585031e+01 -4.5585031e+01 -4.5584906e+01 -4.5584906e+01 -4.5584870e+01 -4.5584867e+01 -4.5584849e+01 -4.5584849e+01 -4.5584832e+01 -4.5584770e+01 -4.5584733e+01 -4.5584733e+01 -2.1354755e+01 -2.1340994e+01 -2.1330311e+01 -2.1330311e+01 -7.3474347e+00 -7.3474347e+00 -7.2662936e+00 -7.1614387e+00 -7.1614387e+00 -7.0316262e+00 -7.0316262e+00 -6.9697923e+00 -6.9335754e+00 -6.9335754e+00 -6.8186933e+00 -6.8186933e+00 +1.0940127e+00 +1.0940127e+00 +1.5109105e+00 +1.6125075e+00 +1.8371432e+00 +1.8371432e+00 +2.3740084e+00 +3.2842059e+00 
-4.5585295e+01 -4.5585276e+01 -4.5585200e+01 -4.5585200e+01 -4.5585162e+01 -4.5585162e+01 -4.5585063e+01 -4.5585063e+01 -4.5585051e+01 -4.5585051e+01 -4.5584906e+01 -4.5584906e+01 -4.5584869e+01 -4.5584868e+01 -4.5584847e+01 -4.5584847e+01 -4.5584825e+01 -4.5584777e+01 -4.5584736e+01 -4.5584736e+01 -2.1353114e+01 -2.1342664e+01 -2.1330286e+01 -2.1330286e+01 -7.3263129e+00 -7.3263129e+00 -7.2324581e+00 -7.1848752e+00 -7.1848752e+00 -7.0331289e+00 -7.0331289e+00 -7.0072271e+00 -6.9200745e+00 -6.9200745e+00 -6.8327797e+00 -6.8327797e+00 +1.1647098e+00 +1.1647098e+00 +1.6886904e+00 +1.7027293e+00 +1.9596101e+00 +1.9596101e+00 +2.2645850e+00 +3.0289050e+00 
-4.5585292e+01 -4.5585279e+01 -4.5585180e+01 -4.5585180e+01 -4.5585145e+01 -4.5585145e+01 -4.5585087e+01 -4.5585087e+01 -4.5585071e+01 -4.5585071e+01 -4.5584906e+01 -4.5584906e+01 -4.5584869e+01 -4.5584868e+01 -4.5584846e+01 -4.5584846e+01 -4.5584817e+01 -4.5584785e+01 -4.5584738e+01 -4.5584738e+01 -2.1351415e+01 -2.1344387e+01 -2.1330268e+01 -2.1330268e+01 -7.3040535e+00 -7.3040535e+00 -7.2088315e+00 -7.2088315e+00 -7.1969511e+00 -7.0454291e+00 -7.0342481e+00 -7.0342481e+00 -6.9060142e+00 -6.9060142e+00 -6.8472743e+00 -6.8472743e+00 +1.2210325e+00 +1.2210325e+00 +1.7712458e+00 +1.9076449e+00 +2.0952790e+00 +2.0952790e+00 +2.1573941e+00 +2.8005831e+00 
-4.5585288e+01 -4.5585282e+01 -4.5585158e+01 -4.5585158e+01 -4.5585128e+01 -4.5585128e+01 -4.5585111e+01 -4.5585111e+01 -4.5585090e+01 -4.5585090e+01 -4.5584906e+01 -4.5584906e+01 -4.5584869e+01 -4.5584869e+01 -4.5584845e+01 -4.5584845e+01 -4.5584809e+01 -4.5584793e+01 -4.5584739e+01 -4.5584739e+01 -2.1349674e+01 -2.1346142e+01 -2.1330257e+01 -2.1330257e+01 -7.2809058e+00 -7.2809058e+00 -7.2330146e+00 -7.2330146e+00 -7.1601107e+00 -7.0839376e+00 -7.0349383e+00 -7.0349383e+00 -6.8915446e+00 -6.8915446e+00 -6.8620109e+00 -6.8620109e+00 +1.2575808e+00 +1.2575808e+00 +1.8598858e+00 +2.0536146e+00 +2.1240577e+00 +2.2453951e+00 +2.2453951e+00 +2.5835008e+00 
-4.5585285e+01 -4.5585285e+01 -4.5585135e+01 -4.5585135e+01 -4.5585135e+01 -4.5585135e+01 -4.5585109e+01 -4.5585109e+01 -4.5585109e+01 -4.5585109e+01 -4.5584906e+01 -4.5584906e+01 -4.5584869e+01 -4.5584869e+01 -4.5584845e+01 -4.5584845e+01 -4.5584801e+01 -4.5584801e+01 -4.5584740e+01 -4.5584740e+01 -2.1347910e+01 -2.1347910e+01 -2.1330254e+01 -2.1330254e+01 -7.2571343e+00 -7.2571343e+00 -7.2571343e+00 -7.2571343e+00 -7.1223065e+00 -7.1223065e+00 -7.0351715e+00 -7.0351715e+00 -6.8768228e+00 -6.8768228e+00 -6.8768228e+00 -6.8768228e+00 +1.2702763e+00 +1.2702763e+00 +1.9541970e+00 +1.9541970e+00 +2.3500701e+00 +2.3500701e+00 +2.4115609e+00 +2.4115609e+00 
-4.5585284e+01 -4.5585284e+01 -4.5585135e+01 -4.5585135e+01 -4.5585135e+01 -4.5585135e+01 -4.5585109e+01 -4.5585109e+01 -4.5585109e+01 -4.5585109e+01 -4.5584907e+01 -4.5584907e+01 -4.5584868e+01 -4.5584868e+01 -4.5584844e+01 -4.5584844e+01 -4.5584800e+01 -4.5584800e+01 -4.5584740e+01 -4.5584740e+01 -2.1347876e+01 -2.1347876e+01 -2.1330303e+01 -2.1330303e+01 -7.2590490e+00 -7.2590490e+00 -7.2562266e+00 -7.2562266e+00 -7.1244922e+00 -7.1244922e+00 -7.0324609e+00 -7.0324609e+00 -6.8779582e+00 -6.8779582e+00 -6.8753857e+00 -6.8753857e+00 +1.2778508e+00 +1.2778508e+00 +1.9555525e+00 +1.9555525e+00 +2.3562037e+00 +2.3562037e+00 +2.4101317e+00 +2.4101317e+00 
-4.5585283e+01 -4.5585283e+01 -4.5585136e+01 -4.5585136e+01 -4.5585135e+01 -4.5585135e+01 -4.5585110e+01 -4.5585110e+01 -4.5585109e+01 -4.5585109e+01 -4.5584911e+01 -4.5584911e+01 -4.5584867e+01 -4.5584867e+01 -4.5584842e+01 -4.5584842e+01 -4.5584799e+01 -4.5584799e+01 -4.5584741e+01 -4.5584741e+01 -2.1347773e+01 -2.1347773e+01 -2.1330451e+01 -2.1330451e+01 -7.2644317e+00 -7.2644317e+00 -7.2535042e+00 -7.2535042e+00 -7.1308281e+00 -7.1308281e+00 -7.0246995e+00 -7.0246995e+00 -6.8813491e+00 -6.8813491e+00 -6.8712935e+00 -6.8712935e+00 +1.3004235e+00 +1.3004235e+00 +1.9596041e+00 +1.9596041e+00 +2.3744699e+00 +2.3744699e+00 +2.4063271e+00 +2.4063271e+00 
-4.5585280e+01 -4.5585280e+01 -4.5585136e+01 -4.5585136e+01 -4.5585134e+01 -4.5585134e+01 -4.5585112e+01 -4.5585112e+01 -4.5585109e+01 -4.5585109e+01 -4.5584916e+01 -4.5584916e+01 -4.5584864e+01 -4.5584864e+01 -4.5584838e+01 -4.5584838e+01 -4.5584798e+01 -4.5584798e+01 -4.5584743e+01 -4.5584743e+01 -2.1347600e+01 -2.1347600e+01 -2.1330697e+01 -2.1330697e+01 -7.2723826e+00 -7.2723826e+00 -7.2489697e+00 -7.2489697e+00 -7.1407337e+00 -7.1407337e+00 -7.0128132e+00 -7.0128132e+00 -6.8869496e+00 -6.8869496e+00 -6.8651186e+00 -6.8651186e+00 +1.3375206e+00 +1.3375206e+00 +1.9663066e+00 +1.9663066e+00 +2.4015604e+00 +2.4015604e+00 +2.4017635e+00 +2.4017635e+00 
-4.5585275e+01 -4.5585275e+01 -4.5585137e+01 -4.5585137e+01 -4.5585134e+01 -4.5585134e+01 -4.5585114e+01 -4.5585114e+01 -4.5585109e+01 -4.5585109e+01 -4.5584924e+01 -4.5584924e+01 -4.5584861e+01 -4.5584861e+01 -4.5584833e+01 -4.5584833e+01 -4.5584795e+01 -4.5584795e+01 -4.5584745e+01 -4.5584745e+01 -2.1347356e+01 -2.1347356e+01 -2.1331040e+01 -2.1331040e+01 -7.2818288e+00 -7.2818288e+00 -7.2426337e+00 -7.2426337e+00 -7.1534531e+00 -7.1534531e+00 -6.9979180e+00 -6.9979180e+00 -6.8946842e+00 -6.8946842e+00 -6.8576026e+00 -6.8576026e+00 +1.3882740e+00 +1.3882740e+00 +1.9755842e+00 +1.9755842e+00 +2.3942128e+00 +2.3942128e+00 +2.3980954e+00 +2.3980954e+00 
-4.5585270e+01 -4.5585270e+01 -4.5585138e+01 -4.5585138e+01 -4.5585133e+01 -4.5585133e+01 -4.5585116e+01 -4.5585116e+01 -4.5585109e+01 -4.5585109e+01 -4.5584934e+01 -4.5584934e+01 -4.5584858e+01 -4.5584858e+01 -4.5584828e+01 -4.5584828e+01 -4.5584792e+01 -4.5584792e+01 -4.5584748e+01 -4.5584748e+01 -2.1347039e+01 -2.1347039e+01 -2.1331479e+01 -2.1331479e+01 -7.2917896e+00 -7.2917896e+00 -7.2345196e+00 -7.2345196e+00 -7.1682172e+00 -7.1682172e+00 -6.9810530e+00 -6.9810530e+00 -6.9044496e+00 -6.9044496e+00 -6.8494896e+00 -6.8494896e+00 +1.4512927e+00 +1.4512927e+00 +1.9873307e+00 +1.9873307e+00 +2.3845922e+00 +2.3845922e+00 +2.3989877e+00 +2.3989877e+00 
-4.5585263e+01 -4.5585263e+01 -4.5585139e+01 -4.5585139e+01 -4.5585132e+01 -4.5585132e+01 -4.5585118e+01 -4.5585118e+01 -4.5585109e+01 -4.5585109e+01 -4.5584947e+01 -4.5584947e+01 -4.5584854e+01 -4.5584854e+01 -4.5584821e+01 -4.5584821e+01 -4.5584788e+01 -4.5584788e+01 -4.5584751e+01 -4.5584751e+01 -2.1346648e+01 -2.1346648e+01 -2.1332012e+01 -2.1332012e+01 -7.3014729e+00 -7.3014729e+00 -7.2246701e+00 -7.2246701e+00 -7.1843316e+00 -7.1843316e+00 -6.9630824e+00 -6.9630824e+00 -6.9161165e+00 -6.9161165e+00 -6.8414363e+00 -6.8414363e+00 +1.5244717e+00 +1.5244717e+00 +2.0014085e+00 +2.0014085e+00 +2.3729648e+00 +2.3729648e+00 +2.4081021e+00 +2.4081021e+00 
-4.5585255e+01 -4.5585255e+01 -4.5585140e+01 -4.5585140e+01 -4.5585132e+01 -4.5585132e+01 -4.5585120e+01 -4.5585120e+01 -4.5585109e+01 -4.5585109e+01 -4.5584961e+01 -4.5584961e+01 -4.5584850e+01 -4.5584850e+01 -4.5584815e+01 -4.5584815e+01 -4.5584783e+01 -4.5584783e+01 -4.5584755e+01 -4.5584755e+01 -2.1346181e+01 -2.1346181e+01 -2.1332635e+01 -2.1332635e+01 -7.3102726e+00 -7.3102726e+00 -7.2131503e+00 -7.2131503e+00 -7.2011997e+00 -7.2011997e+00 -6.9446973e+00 -6.9446973e+00 -6.9295320e+00 -6.9295320e+00 -6.8339838e+00 -6.8339838e+00 +1.6047797e+00 +1.6047797e+00 +2.0176489e+00 +2.0176489e+00 +2.3594068e+00 +2.3594068e+00 +2.4301957e+00 +2.4301957e+00 
-4.5585246e+01 -4.5585246e+01 -4.5585141e+01 -4.5585141e+01 -4.5585131e+01 -4.5585131e+01 -4.5585122e+01 -4.5585122e+01 -4.5585109e+01 -4.5585109e+01 -4.5584977e+01 -4.5584977e+01 -4.5584846e+01 -4.5584846e+01 -4.5584809e+01 -4.5584809e+01 -4.5584778e+01 -4.5584778e+01 -4.5584757e+01 -4.5584757e+01 -2.1345636e+01 -2.1345636e+01 -2.1333343e+01 -2.1333343e+01 -7.3177346e+00 -7.3177346e+00 -7.2183147e+00 -7.2183147e+00 -7.2000493e+00 -7.2000493e+00 -6.9445227e+00 -6.9445227e+00 -6.9264480e+00 -6.9264480e+00 -6.8275630e+00 -6.8275630e+00 +1.6882061e+00 +1.6882061e+00 +2.0358529e+00 +2.0358529e+00 +2.3440078e+00 +2.3440078e+00 +2.4708894e+00 +2.4708894e+00 
-4.5585236e+01 -4.5585236e+01 -4.5585143e+01 -4.5585143e+01 -4.5585131e+01 -4.5585131e+01 -4.5585124e+01 -4.5585124e+01 -4.5585108e+01 -4.5585108e+01 -4.5584994e+01 -4.5584994e+01 -4.5584843e+01 -4.5584843e+01 -4.5584805e+01 -4.5584805e+01 -4.5584773e+01 -4.5584773e+01 -4.5584759e+01 -4.5584759e+01 -2.1345012e+01 -2.1345012e+01 -2.1334130e+01 -2.1334130e+01 -7.3235224e+00 -7.3235224e+00 -7.2352406e+00 -7.2352406e+00 -7.1854805e+00 -7.1854805e+00 -6.9608976e+00 -6.9608976e+00 -6.9087773e+00 -6.9087773e+00 -6.8225101e+00 -6.8225101e+00 +1.7702603e+00 +1.7702603e+00 +2.0557924e+00 +2.0557924e+00 +2.3268733e+00 +2.3268733e+00 +2.5361165e+00 +2.5361165e+00 
-4.5585225e+01 -4.5585225e+01 -4.5585144e+01 -4.5585144e+01 -4.5585130e+01 -4.5585130e+01 -4.5585125e+01 -4.5585125e+01 -4.5585107e+01 -4.5585107e+01 -4.5585012e+01 -4.5585012e+01 -4.5584839e+01 -4.5584839e+01 -4.5584803e+01 -4.5584803e+01 -4.5584767e+01 -4.5584767e+01 -4.5584759e+01 -4.5584759e+01 -2.1344311e+01 -2.1344311e+01 -2.1334986e+01 -2.1334986e+01 -7.3273918e+00 -7.3273918e+00 -7.2515959e+00 -7.2515959e+00 -7.1695793e+00 -7.1695793e+00 -6.9784512e+00 -6.9784512e+00 -6.8920465e+00 -6.8920465e+00 -6.8190821e+00 -6.8190821e+00 +1.8473444e+00 +1.8473444e+00 +2.0772125e+00 +2.0772125e+00 +2.3081274e+00 +2.3081274e+00 +2.6307069e+00 +2.6307069e+00 
-4.5585213e+01 -4.5585213e+01 -4.5585146e+01 -4.5585146e+01 -4.5585130e+01 -4.5585130e+01 -4.5585127e+01 -4.5585127e+01 -4.5585106e+01 -4.5585106e+01 -4.5585029e+01 -4.5585029e+01 -4.5584835e+01 -4.5584835e+01 -4.5584803e+01 -4.5584803e+01 -4.5584762e+01 -4.5584762e+01 -4.5584758e+01 -4.5584758e+01 -2.1343536e+01 -2.1343536e+01 -2.1335901e+01 -2.1335901e+01 -7.3291736e+00 -7.3291736e+00 -7.2670414e+00 -7.2670414e+00 -7.1525015e+00 -7.1525015e+00 -6.9969671e+00 -6.9969671e+00 -6.8765522e+00 -6.8765522e+00 -6.8174700e+00 -6.8174700e+00 +1.9183685e+00 +1.9183685e+00 +2.0998354e+00 +2.0998354e+00 +2.2879165e+00 +2.2879165e+00 +2.5568684e+00 +2.5568684e+00 
-4.5585201e+01 -4.5585201e+01 -4.5585149e+01 -4.5585149e+01 -4.5585129e+01 -4.5585129e+01 -4.5585127e+01 -4.5585127e+01 -4.5585104e+01 -4.5585104e+01 -4.5585047e+01 -4.5585047e+01 -4.5584831e+01 -4.5584831e+01 -4.5584805e+01 -4.5584805e+01 -4.5584758e+01 -4.5584758e+01 -4.5584756e+01 -4.5584756e+01 -2.1342694e+01 -2.1342694e+01 -2.1336861e+01 -2.1336861e+01 -7.3287630e+00 -7.3287630e+00 -7.2812735e+00 -7.2812735e+00 -7.1344206e+00 -7.1344206e+00 -7.0162208e+00 -7.0162208e+00 -6.8625379e+00 -6.8625379e+00 -6.8178082e+00 -6.8178082e+00 +1.9851116e+00 +1.9851116e+00 +2.1233649e+00 +2.1233649e+00 +2.2664129e+00 +2.2664129e+00 +2.4599628e+00 +2.4599628e+00 
-4.5585188e+01 -4.5585188e+01 -4.5585153e+01 -4.5585153e+01 -4.5585129e+01 -4.5585129e+01 -4.5585128e+01 -4.5585128e+01 -4.5585100e+01 -4.5585100e+01 -4.5585062e+01 -4.5585062e+01 -4.5584826e+01 -4.5584826e+01 -4.5584809e+01 -4.5584809e+01 -4.5584755e+01 -4.5584755e+01 -4.5584754e+01 -4.5584754e+01 -2.1341792e+01 -2.1341792e+01 -2.1337851e+01 -2.1337851e+01 -7.3261131e+00 -7.3261131e+00 -7.2940231e+00 -7.2940231e+00 -7.1155254e+00 -7.1155254e+00 -7.0359831e+00 -7.0359831e+00 -6.8502014e+00 -6.8502014e+00 -6.8201812e+00 -6.8201812e+00 +2.0509987e+00 +2.0509987e+00 +2.1474928e+00 +2.1474928e+00 +2.2438169e+00 +2.2438169e+00 +2.3643505e+00 +2.3643505e+00 
-4.5585177e+01 -4.5585177e+01 -4.5585159e+01 -4.5585159e+01 -4.5585129e+01 -4.5585129e+01 -4.5585129e+01 -4.5585129e+01 -4.5585095e+01 -4.5585095e+01 -4.5585076e+01 -4.5585076e+01 -4.5584822e+01 -4.5584822e+01 -4.5584813e+01 -4.5584813e+01 -4.5584752e+01 -4.5584752e+01 -4.5584752e+01 -4.5584752e+01 -2.1340842e+01 -2.1340842e+01 -2.1338856e+01 -2.1338856e+01 -7.3212314e+00 -7.3212314e+00 -7.3050559e+00 -7.3050559e+00 -7.0960177e+00 -7.0960177e+00 -7.0560229e+00 -7.0560229e+00 -6.8396991e+00 -6.8396991e+00 -6.8246286e+00 -6.8246286e+00 +2.1195901e+00 +2.1195901e+00 +2.1719060e+00 +2.1719060e+00 +2.2203583e+00 +2.2203583e+00 +2.2751390e+00 +2.2751390e+00 
-4.5585167e+01 -4.5585167e+01 -4.5585167e+01 -4.5585167e+01 -4.5585129e+01 -4.5585129e+01 -4.5585129e+01 -4.5585129e+01 -4.5585087e+01 -4.5585087e+01 -4.5585087e+01 -4.5585087e+01 -4.5584817e+01 -4.5584817e+01 -4.5584817e+01 -4.5584817e+01 -4.5584752e+01 -4.5584752e+01 -4.5584752e+01 -4.5584752e+01 -2.1339858e+01 -2.1339858e+01 -2.1339858e+01 -2.1339858e+01 -7.3141765e+00 -7.3141765e+00 -7.3141765e+00 -7.3141765e+00 -7.0761100e+00 -7.0761100e+00 -7.0761100e+00 -7.0761100e+00 -6.8311483e+00 -6.8311483e+00 -6.8311483e+00 -6.8311483e+00 +2.1937140e+00 +2.1937140e+00 +2.1937140e+00 +2.1937140e+00 +2.1962942e+00 +2.1962942e+00 +2.1962942e+00 +2.1962942e+00 
-4.5585179e+01 -4.5585170e+01 -4.5585170e+01 -4.5585154e+01 -4.5585130e+01 -4.5585129e+01 -4.5585128e+01 -4.5585128e+01 -4.5585100e+01 -4.5585084e+01 -4.5585084e+01 -4.5585073e+01 -4.5584824e+01 -4.5584818e+01 -4.5584818e+01 -4.5584811e+01 -4.5584753e+01 -4.5584753e+01 -4.5584751e+01 -4.5584751e+01 -2.1341311e+01 -2.1339806e+01 -2.1339806e+01 -2.1338472e+01 -7.3233786e+00 -7.3144302e+00 -7.3144302e+00 -7.3002564e+00 -7.1048595e+00 -7.0757668e+00 -7.0757668e+00 -7.0476803e+00 -6.8421543e+00 -6.8329782e+00 -6.8329782e+00 -6.8206184e+00 +2.0833613e+00 +2.1690751e+00 +2.1884295e+00 +2.1884295e+00 +2.2006084e+00 +2.2006084e+00 +2.2386760e+00 +2.3049825e+00 
-4.5585190e+01 -4.5585177e+01 -4.5585177e+01 -4.5585139e+01 -4.5585133e+01 -4.5585131e+01 -4.5585125e+01 -4.5585125e+01 -4.5585113e+01 -4.5585076e+01 -4.5585076e+01 -4.5585060e+01 -4.5584829e+01 -4.5584819e+01 -4.5584819e+01 -4.5584804e+01 -4.5584758e+01 -4.5584757e+01 -4.5584751e+01 -4.5584751e+01 -2.1342810e+01 -2.1339650e+01 -2.1339650e+01 -2.1337173e+01 -7.3277748e+00 -7.3152152e+00 -7.3152152e+00 -7.2818130e+00 -7.1337352e+00 -7.0747442e+00 -7.0747442e+00 -7.0197541e+00 -6.8535642e+00 -6.8383808e+00 -6.8383808e+00 -6.8106256e+00 +1.9738970e+00 +2.1563346e+00 +2.1653481e+00 +2.1653481e+00 +2.2186968e+00 +2.2186968e+00 +2.2970228e+00 +2.4169256e+00 
-4.5585200e+01 -4.5585186e+01 -4.5585186e+01 -4.5585138e+01 -4.5585135e+01 -4.5585126e+01 -4.5585123e+01 -4.5585120e+01 -4.5585120e+01 -4.5585065e+01 -4.5585065e+01 -4.5585047e+01 -4.5584834e+01 -4.5584820e+01 -4.5584820e+01 -4.5584796e+01 -4.5584764e+01 -4.5584764e+01 -4.5584750e+01 -4.5584750e+01 -2.1344340e+01 -2.1339394e+01 -2.1339394e+01 -2.1335980e+01 -7.3273924e+00 -7.3166023e+00 -7.3166023e+00 -7.2591310e+00 -7.1625354e+00 -7.0730636e+00 -7.0730636e+00 -6.9925036e+00 -6.8652951e+00 -6.8470986e+00 -6.8470986e+00 -6.8012192e+00 +1.8651659e+00 +2.1284754e+00 +2.1284754e+00 +2.1574584e+00 +2.2376566e+00 +2.2376566e+00 +2.3723040e+00 +2.5289236e+00 
-4.5585209e+01 -4.5585197e+01 -4.5585197e+01 -4.5585145e+01 -4.5585140e+01 -4.5585139e+01 -4.5585114e+01 -4.5585114e+01 -4.5585106e+01 -4.5585053e+01 -4.5585053e+01 -4.5585034e+01 -4.5584839e+01 -4.5584822e+01 -4.5584822e+01 -4.5584789e+01 -4.5584773e+01 -4.5584772e+01 -4.5584749e+01 -4.5584749e+01 -2.1345886e+01 -2.1339044e+01 -2.1339044e+01 -2.1334907e+01 -7.3223750e+00 -7.3187070e+00 -7.3187070e+00 -7.2325663e+00 -7.1910521e+00 -7.0707602e+00 -7.0707602e+00 -6.9660883e+00 -6.8772549e+00 -6.8587155e+00 -6.8587155e+00 -6.7924367e+00 +1.7570230e+00 +2.0798687e+00 +2.0798687e+00 +2.1718535e+00 +2.2315448e+00 +2.2315448e+00 +2.4657047e+00 +2.6399204e+00 
-4.5585216e+01 -4.5585208e+01 -4.5585208e+01 -4.5585154e+01 -4.5585152e+01 -4.5585146e+01 -4.5585105e+01 -4.5585105e+01 -4.5585088e+01 -4.5585040e+01 -4.5585040e+01 -4.5585021e+01 -4.5584843e+01 -4.5584824e+01 -4.5584824e+01 -4.5584784e+01 -4.5584782e+01 -4.5584781e+01 -4.5584748e+01 -4.5584748e+01 -2.1347440e+01 -2.1338606e+01 -2.1338606e+01 -2.1333963e+01 -7.3216839e+00 -7.3216839e+00 -7.3129750e+00 -7.2190734e+00 -7.2025295e+00 -7.0678826e+00 -7.0678826e+00 -6.9406536e+00 -6.8893430e+00 -6.8726772e+00 -6.8726772e+00 -6.7843036e+00 +1.6494367e+00 +2.0218905e+00 +2.0218905e+00 +2.1634801e+00 +2.1634801e+00 +2.1989002e+00 +2.5633624e+00 +2.5786723e+00 
-4.5585223e+01 -4.5585220e+01 -4.5585220e+01 -4.5585166e+01 -4.5585164e+01 -4.5585153e+01 -4.5585094e+01 -4.5585094e+01 -4.5585069e+01 -4.5585026e+01 -4.5585026e+01 -4.5585009e+01 -4.5584847e+01 -4.5584827e+01 -4.5584827e+01 -4.5584795e+01 -4.5584792e+01 -4.5584773e+01 -4.5584747e+01 -4.5584747e+01 -2.1348995e+01 -2.1338092e+01 -2.1338092e+01 -2.1333151e+01 -7.3257165e+00 -7.3257165e+00 -7.2995426e+00 -7.2463856e+00 -7.1694756e+00 -7.0644915e+00 -7.0644915e+00 -6.9163300e+00 -6.9014517e+00 -6.8883196e+00 -6.8883196e+00 -6.7768342e+00 +1.5425385e+00 +1.9569402e+00 +1.9569402e+00 +2.0328542e+00 +2.0328542e+00 +2.2379033e+00 +2.4018469e+00 +2.7129569e+00 
-4.5585231e+01 -4.5585231e+01 -4.5585229e+01 -4.5585178e+01 -4.5585175e+01 -4.5585161e+01 -4.5585082e+01 -4.5585082e+01 -4.5585050e+01 -4.5585013e+01 -4.5585013e+01 -4.5584997e+01 -4.5584850e+01 -4.5584830e+01 -4.5584830e+01 -4.5584806e+01 -4.5584802e+01 -4.5584765e+01 -4.5584745e+01 -4.5584745e+01 -2.1350545e+01 -2.1337513e+01 -2.1337513e+01 -2.1332471e+01 -7.3309984e+00 -7.3309984e+00 -7.2825126e+00 -7.2727761e+00 -7.1339009e+00 -7.0606592e+00 -7.0606592e+00 -6.9134681e+00 -6.9049077e+00 -6.9049077e+00 -6.8932330e+00 -6.7700320e+00 +1.4366239e+00 +1.8716946e+00 +1.8716946e+00 +1.8872853e+00 +1.8872853e+00 +2.2503614e+00 +2.2880452e+00 +2.8706409e+00 
-4.5585242e+01 -4.5585242e+01 -4.5585234e+01 -4.5585193e+01 -4.5585186e+01 -4.5585170e+01 -4.5585068e+01 -4.5585068e+01 -4.5585030e+01 -4.5585000e+01 -4.5585000e+01 -4.5584985e+01 -4.5584854e+01 -4.5584833e+01 -4.5584833e+01 -4.5584816e+01 -4.5584812e+01 -4.5584757e+01 -4.5584743e+01 -4.5584743e+01 -2.1352084e+01 -2.1336882e+01 -2.1336882e+01 -2.1331917e+01 -7.3377054e+00 -7.3377054e+00 -7.2980358e+00 -7.2623927e+00 -7.0963439e+00 -7.0564681e+00 -7.0564681e+00 -6.9252759e+00 -6.9216854e+00 -6.9216854e+00 -6.8714624e+00 -6.7638903e+00 +1.3321238e+00 +1.7022614e+00 +1.7022614e+00 +1.8149803e+00 +1.8149803e+00 +2.1088095e+00 +2.3483393e+00 +3.0386194e+00 
-4.5585253e+01 -4.5585253e+01 -4.5585239e+01 -4.5585208e+01 -4.5585197e+01 -4.5585180e+01 -4.5585052e+01 -4.5585052e+01 -4.5585011e+01 -4.5584987e+01 -4.5584987e+01 -4.5584974e+01 -4.5584856e+01 -4.5584836e+01 -4.5584836e+01 -4.5584825e+01 -4.5584822e+01 -4.5584750e+01 -4.5584742e+01 -4.5584742e+01 -2.1353603e+01 -2.1336214e+01 -2.1336214e+01 -2.1331479e+01 -7.3459563e+00 -7.3459563e+00 -7.3219633e+00 -7.2397523e+00 -7.0573890e+00 -7.0520088e+00 -7.0520088e+00 -6.9379336e+00 -6.9379336e+00 -6.9367570e+00 -6.8511030e+00 -6.7583938e+00 +1.2295730e+00 +1.5349051e+00 +1.5349051e+00 +1.7418461e+00 +1.7418461e+00 +1.9771433e+00 +2.4175873e+00 +3.1157751e+00 
-4.5585263e+01 -4.5585263e+01 -4.5585243e+01 -4.5585223e+01 -4.5585207e+01 -4.5585190e+01 -4.5585035e+01 -4.5585035e+01 -4.5584993e+01 -4.5584975e+01 -4.5584975e+01 -4.5584964e+01 -4.5584859e+01 -4.5584840e+01 -4.5584840e+01 -4.5584833e+01 -4.5584831e+01 -4.5584744e+01 -4.5584740e+01 -4.5584740e+01 -2.1355090e+01 -2.1335524e+01 -2.1335524e+01 -2.1331146e+01 -7.3557706e+00 -7.3557706e+00 -7.3443688e+00 -7.2152124e+00 -7.0473788e+00 -7.0473788e+00 -7.0176681e+00 -6.9530314e+00 -6.9530314e+00 -6.9477940e+00 -6.8322248e+00 -6.7535196e+00 +1.1295953e+00 +1.3746623e+00 +1.3746623e+00 +1.6694792e+00 +1.6694792e+00 +1.8554280e+00 +2.4943423e+00 +3.1793448e+00 
-4.5585272e+01 -4.5585272e+01 -4.5585246e+01 -4.5585238e+01 -4.5585216e+01 -4.5585200e+01 -4.5585017e+01 -4.5585017e+01 -4.5584975e+01 -4.5584963e+01 -4.5584963e+01 -4.5584954e+01 -4.5584862e+01 -4.5584843e+01 -4.5584843e+01 -4.5584840e+01 -4.5584839e+01 -4.5584738e+01 -4.5584738e+01 -4.5584738e+01 -2.1356531e+01 -2.1334829e+01 -2.1334829e+01 -2.1330904e+01 -7.3670303e+00 -7.3670303e+00 -7.3650786e+00 -7.1894363e+00 -7.0426803e+00 -7.0426803e+00 -6.9778582e+00 -6.9665102e+00 -6.9665102e+00 -6.9582724e+00 -6.8148842e+00 -6.7492388e+00 +1.0329096e+00 +1.2243283e+00 +1.2243283e+00 +1.5992721e+00 +1.5992721e+00 +1.7438366e+00 +2.5768824e+00 +3.2276934e+00 
-4.5585281e+01 -4.5585281e+01 -4.5585253e+01 -4.5585250e+01 -4.5585225e+01 -4.5585211e+01 -4.5584999e+01 -4.5584999e+01 -4.5584959e+01 -4.5584953e+01 -4.5584953e+01 -4.5584946e+01 -4.5584864e+01 -4.5584847e+01 -4.5584847e+01 -4.5584847e+01 -4.5584845e+01 -4.5584736e+01 -4.5584736e+01 -4.5584733e+01 -2.1357909e+01 -2.1334145e+01 -2.1334145e+01 -2.1330740e+01 -7.3839414e+00 -7.3794612e+00 -7.3794612e+00 -7.1631192e+00 -7.0380182e+00 -7.0380182e+00 -6.9780865e+00 -6.9780865e+00 -6.9680829e+00 -6.9386759e+00 -6.7991252e+00 -6.7455180e+00 +9.4035033e-01 +1.0856338e+00 +1.0856338e+00 +1.5324374e+00 +1.5324374e+00 +1.6426019e+00 +2.6631985e+00 +3.2601104e+00 
-4.5585288e+01 -4.5585288e+01 -4.5585267e+01 -4.5585252e+01 -4.5585233e+01 -4.5585220e+01 -4.5584980e+01 -4.5584980e+01 -4.5584945e+01 -4.5584943e+01 -4.5584943e+01 -4.5584937e+01 -4.5584867e+01 -4.5584854e+01 -4.5584850e+01 -4.5584850e+01 -4.5584849e+01 -4.5584734e+01 -4.5584734e+01 -4.5584729e+01 -2.1359208e+01 -2.1333489e+01 -2.1333489e+01 -2.1330641e+01 -7.4008339e+00 -7.3926423e+00 -7.3926423e+00 -7.1369762e+00 -7.0334975e+00 -7.0334975e+00 -6.9876641e+00 -6.9876641e+00 -6.9771235e+00 -6.9008659e+00 -6.7849808e+00 -6.7423210e+00 +8.5288529e-01 +9.5973020e-01 +9.5973020e-01 +1.4700272e+00 +1.4700272e+00 +1.5519532e+00 +2.7510034e+00 +3.2771062e+00 
-4.5585296e+01 -4.5585296e+01 -4.5585279e+01 -4.5585255e+01 -4.5585239e+01 -4.5585230e+01 -4.5584963e+01 -4.5584963e+01 -4.5584934e+01 -4.5584934e+01 -4.5584933e+01 -4.5584930e+01 -4.5584869e+01 -4.5584860e+01 -4.5584853e+01 -4.5584853e+01 -4.5584853e+01 -4.5584733e+01 -4.5584733e+01 -4.5584727e+01 -2.1360409e+01 -2.1332876e+01 -2.1332876e+01 -2.1330591e+01 -7.4156669e+00 -7.4060426e+00 -7.4060426e+00 -7.1117282e+00 -7.0292211e+00 -7.0292211e+00 -6.9953079e+00 -6.9953079e+00 -6.9853019e+00 -6.8651860e+00 -6.7724745e+00 -6.7396106e+00 +7.7161429e-01 +8.4741529e-01 +8.4741529e-01 +1.4129500e+00 +1.4129500e+00 +1.4720628e+00 +2.8377660e+00 +3.2804930e+00 
-4.5585302e+01 -4.5585302e+01 -4.5585290e+01 -4.5585257e+01 -4.5585246e+01 -4.5585238e+01 -4.5584947e+01 -4.5584947e+01 -4.5584927e+01 -4.5584927e+01 -4.5584924e+01 -4.5584923e+01 -4.5584872e+01 -4.5584865e+01 -4.5584856e+01 -4.5584856e+01 -4.5584856e+01 -4.5584731e+01 -4.5584731e+01 -4.5584725e+01 -2.1361493e+01 -2.1332320e+01 -2.1332320e+01 -2.1330577e+01 -7.4283905e+00 -7.4190762e+00 -7.4190762e+00 -7.0880855e+00 -7.0252872e+00 -7.0252872e+00 -7.0011980e+00 -7.0011980e+00 -6.9925372e+00 -6.8323879e+00 -6.7616222e+00 -6.7373498e+00 +6.9773986e-01 +7.4925505e-01 +7.4925505e-01 +1.3619839e+00 +1.3619839e+00 +1.4030193e+00 +2.9207757e+00 +3.2731783e+00 
-4.5585308e+01 -4.5585308e+01 -4.5585299e+01 -4.5585259e+01 -4.5585251e+01 -4.5585245e+01 -4.5584934e+01 -4.5584934e+01 -4.5584921e+01 -4.5584921e+01 -4.5584919e+01 -4.5584916e+01 -4.5584874e+01 -4.5584870e+01 -4.5584858e+01 -4.5584858e+01 -4.5584858e+01 -4.5584730e+01 -4.5584730e+01 -4.5584725e+01 -2.1362443e+01 -2.1331834e+01 -2.1331834e+01 -2.1330589e+01 -7.4389967e+00 -7.4311608e+00 -7.4311608e+00 -7.0667283e+00 -7.0217873e+00 -7.0217873e+00 -7.0055792e+00 -7.0055792e+00 -6.9987612e+00 -6.8031944e+00 -6.7524335e+00 -6.7355037e+00 +6.3251176e-01 +6.6565639e-01 +6.6565639e-01 +1.3177863e+00 +1.3177863e+00 +1.3448265e+00 +2.9972389e+00 +3.2587324e+00 
-4.5585312e+01 -4.5585312e+01 -4.5585307e+01 -4.5585260e+01 -4.5585255e+01 -4.5585251e+01 -4.5584923e+01 -4.5584923e+01 -4.5584915e+01 -4.5584915e+01 -4.5584914e+01 -4.5584911e+01 -4.5584876e+01 -4.5584873e+01 -4.5584860e+01 -4.5584860e+01 -4.5584859e+01 -4.5584729e+01 -4.5584729e+01 -4.5584725e+01 -2.1363244e+01 -2.1331428e+01 -2.1331428e+01 -2.1330613e+01 -7.4475171e+00 -7.4417671e+00 -7.4417671e+00 -7.0482855e+00 -7.0188031e+00 -7.0188031e+00 -7.0087165e+00 -7.0087165e+00 -7.0039190e+00 -6.7782757e+00 -6.7449139e+00 -6.7340404e+00 +5.7715465e-01 +5.9691475e-01 +5.9691475e-01 +1.2809018e+00 +1.2809018e+00 +1.2974232e+00 +3.0644053e+00 +3.2394460e+00 
-4.5585316e+01 -4.5585316e+01 -4.5585313e+01 -4.5585261e+01 -4.5585258e+01 -4.5585256e+01 -4.5584915e+01 -4.5584915e+01 -4.5584911e+01 -4.5584911e+01 -4.5584911e+01 -4.5584908e+01 -4.5584877e+01 -4.5584876e+01 -4.5584861e+01 -4.5584861e+01 -4.5584860e+01 -4.5584728e+01 -4.5584728e+01 -4.5584725e+01 -2.1363881e+01 -2.1331108e+01 -2.1331108e+01 -2.1330643e+01 -7.4540152e+00 -7.4504538e+00 -7.4504538e+00 -7.0333126e+00 -7.0164051e+00 -7.0164051e+00 -7.0108614e+00 -7.0108614e+00 -7.0079688e+00 -6.7582243e+00 -6.7390654e+00 -6.7329324e+00 +5.3279166e-01 +5.4324557e-01 +5.4324557e-01 +1.2517683e+00 +1.2517683e+00 +1.2607111e+00 +3.1197154e+00 +3.2200029e+00 
-4.5585318e+01 -4.5585318e+01 -4.5585317e+01 -4.5585262e+01 -4.5585261e+01 -4.5585260e+01 -4.5584910e+01 -4.5584910e+01 -4.5584908e+01 -4.5584908e+01 -4.5584908e+01 -4.5584907e+01 -4.5584879e+01 -4.5584878e+01 -4.5584861e+01 -4.5584861e+01 -4.5584861e+01 -4.5584727e+01 -4.5584727e+01 -4.5584726e+01 -2.1364345e+01 -2.1330878e+01 -2.1330878e+01 -2.1330669e+01 -7.4585721e+00 -7.4568843e+00 -7.4568843e+00 -7.0222695e+00 -7.0146502e+00 -7.0146502e+00 -7.0122286e+00 -7.0122286e+00 -7.0108805e+00 -6.7435308e+00 -6.7348885e+00 -6.7321575e+00 +5.0037394e-01 +5.0480429e-01 +5.0480429e-01 +1.2307218e+00 +1.2307218e+00 +1.2345834e+00 +3.1609595e+00 +3.2061306e+00 
-4.5585320e+01 -4.5585320e+01 -4.5585320e+01 -4.5585263e+01 -4.5585262e+01 -4.5585262e+01 -4.5584907e+01 -4.5584907e+01 -4.5584907e+01 -4.5584907e+01 -4.5584907e+01 -4.5584906e+01 -4.5584879e+01 -4.5584879e+01 -4.5584861e+01 -4.5584861e+01 -4.5584861e+01 -4.5584727e+01 -4.5584727e+01 -4.5584727e+01 -2.1364626e+01 -2.1330740e+01 -2.1330740e+01 -2.1330687e+01 -7.4612672e+00 -7.4608294e+00 -7.4608294e+00 -7.0155009e+00 -7.0135802e+00 -7.0135802e+00 -7.0129812e+00 -7.0129812e+00 -7.0126347e+00 -6.7345626e+00 -6.7323827e+00 -6.7316992e+00 +4.8062292e-01 +4.8169756e-01 +4.8169756e-01 +1.2179996e+00 +1.2179996e+00 +1.2189479e+00 +3.1864289e+00 +3.1978134e+00 
-4.5585321e+01 -4.5585321e+01 -4.5585321e+01 -4.5585263e+01 -4.5585263e+01 -4.5585263e+01 -4.5584906e+01 -4.5584906e+01 -4.5584906e+01 -4.5584906e+01 -4.5584906e+01 -4.5584906e+01 -4.5584880e+01 -4.5584880e+01 -4.5584861e+01 -4.5584861e+01 -4.5584861e+01 -4.5584727e+01 -4.5584727e+01 -4.5584727e+01 -2.1364721e+01 -2.1330694e+01 -2.1330694e+01 -2.1330694e+01 -7.4621585e+00 -7.4621585e+00 -7.4621585e+00 -7.0132206e+00 -7.0132206e+00 -7.0132206e+00 -7.0132206e+00 -7.0132206e+00 -7.0132206e+00 -6.7315476e+00 -6.7315475e+00 -6.7315475e+00 +4.7398834e-01 +4.7398834e-01 +4.7398834e-01 +1.2137433e+00 +1.2137433e+00 +1.2137433e+00 +3.1950421e+00 +3.1950421e+00 
-4.5585320e+01 -4.5585320e+01 -4.5585320e+01 -4.5585263e+01 -4.5585262e+01 -4.5585262e+01 -4.5584907e+01 -4.5584907e+01 -4.5584907e+01 -4.5584907e+01 -4.5584907e+01 -4.5584907e+01 -4.5584879e+01 -4.5584879e+01 -4.5584861e+01 -4.5584861e+01 -4.5584861e+01 -4.5584727e+01 -4.5584727e+01 -4.5584727e+01 -2.1364628e+01 -2.1330722e+01 -2.1330722e+01 -2.1330722e+01 -7.4610016e+00 -7.4610016e+00 -7.4610016e+00 -7.0144698e+00 -7.0144698e+00 -7.0144698e+00 -7.0126017e+00 -7.0126017e+00 -7.0126017e+00 -6.7347220e+00 -6.7319182e+00 -6.7319182e+00 +4.8118203e-01 +4.8118203e-01 +4.8118203e-01 +1.2182170e+00 +1.2182170e+00 +1.2182170e+00 +3.1868041e+00 +3.1979644e+00 
-4.5585318e+01 -4.5585318e+01 -4.5585318e+01 -4.5585262e+01 -4.5585261e+01 -4.5585261e+01 -4.5584909e+01 -4.5584909e+01 -4.5584909e+01 -4.5584908e+01 -4.5584908e+01 -4.5584908e+01 -4.5584878e+01 -4.5584878e+01 -4.5584861e+01 -4.5584861e+01 -4.5584861e+01 -4.5584727e+01 -4.5584727e+01 -4.5584727e+01 -2.1364353e+01 -2.1330806e+01 -2.1330806e+01 -2.1330806e+01 -7.4575626e+00 -7.4575626e+00 -7.4575626e+00 -7.0181522e+00 -7.0181522e+00 -7.0181522e+00 -7.0107499e+00 -7.0107499e+00 -7.0107499e+00 -6.7441817e+00 -6.7330243e+00 -6.7330243e+00 +5.0270338e-01 +5.0270338e-01 +5.0270338e-01 +1.2316072e+00 +1.2316072e+00 +1.2316072e+00 +3.1621103e+00 +3.2066235e+00 
-4.5585315e+01 -4.5585315e+01 -4.5585315e+01 -4.5585261e+01 -4.5585258e+01 -4.5585258e+01 -4.5584913e+01 -4.5584913e+01 -4.5584912e+01 -4.5584911e+01 -4.5584911e+01 -4.5584911e+01 -4.5584877e+01 -4.5584877e+01 -4.5584860e+01 -4.5584860e+01 -4.5584860e+01 -4.5584727e+01 -4.5584727e+01 -4.5584727e+01 -2.1363900e+01 -2.1330948e+01 -2.1330948e+01 -2.1330948e+01 -7.4519431e+00 -7.4519431e+00 -7.4519431e+00 -7.0240694e+00 -7.0240694e+00 -7.0240694e+00 -7.0076807e+00 -7.0076807e+00 -7.0076807e+00 -6.7597380e+00 -6.7348481e+00 -6.7348481e+00 +5.3837056e-01 +5.3837056e-01 +5.3837056e-01 +1.2538181e+00 +1.2538181e+00 +1.2538181e+00 +3.1210348e+00 +3.2206819e+00 
-4.5585311e+01 -4.5585311e+01 -4.5585311e+01 -4.5585259e+01 -4.5585254e+01 -4.5585254e+01 -4.5584918e+01 -4.5584918e+01 -4.5584918e+01 -4.5584916e+01 -4.5584916e+01 -4.5584916e+01 -4.5584875e+01 -4.5584875e+01 -4.5584859e+01 -4.5584859e+01 -4.5584859e+01 -4.5584727e+01 -4.5584727e+01 -4.5584727e+01 -2.1363278e+01 -2.1331150e+01 -2.1331150e+01 -2.1331150e+01 -7.4443360e+00 -7.4443360e+00 -7.4443360e+00 -7.0318829e+00 -7.0318829e+00 -7.0318829e+00 -7.0034222e+00 -7.0034222e+00 -7.0034222e+00 -6.7810843e+00 -6.7373609e+00 -6.7373609e+00 +5.8786980e-01 +5.8786980e-01 +5.8786980e-01 +1.2846828e+00 +1.2846828e+00 +1.2846828e+00 +3.0637465e+00 +3.2395292e+00 
-4.5585305e+01 -4.5585305e+01 -4.5585305e+01 -4.5585256e+01 -4.5585249e+01 -4.5585249e+01 -4.5584924e+01 -4.5584924e+01 -4.5584924e+01 -4.5584924e+01 -4.5584924e+01 -4.5584924e+01 -4.5584872e+01 -4.5584872e+01 -4.5584857e+01 -4.5584857e+01 -4.5584857e+01 -4.5584728e+01 -4.5584728e+01 -4.5584728e+01 -2.1362498e+01 -2.1331412e+01 -2.1331412e+01 -2.1331412e+01 -7.4350566e+00 -7.4350566e+00 -7.4350566e+00 -7.0411005e+00 -7.0411005e+00 -7.0411005e+00 -6.9980172e+00 -6.9980172e+00 -6.9980172e+00 -6.8078068e+00 -6.7405228e+00 -6.7405228e+00 +6.5073252e-01 +6.5073252e-01 +6.5073252e-01 +1.3239504e+00 +1.3239504e+00 +1.3239504e+00 +2.9905694e+00 +3.2622074e+00 
-4.5585299e+01 -4.5585299e+01 -4.5585299e+01 -4.5585254e+01 -4.5585244e+01 -4.5585244e+01 -4.5584933e+01 -4.5584933e+01 -4.5584933e+01 -4.5584933e+01 -4.5584933e+01 -4.5584933e+01 -4.5584869e+01 -4.5584869e+01 -4.5584854e+01 -4.5584854e+01 -4.5584854e+01 -4.5584729e+01 -4.5584729e+01 -4.5584729e+01 -2.1361573e+01 -2.1331735e+01 -2.1331735e+01 -2.1331735e+01 -7.4245830e+00 -7.4245830e+00 -7.4245830e+00 -7.0510561e+00 -7.0510561e+00 -7.0510561e+00 -6.9915254e+00 -6.9915254e+00 -6.9915254e+00 -6.8393993e+00 -6.7442841e+00 -6.7442841e+00 +7.2628820e-01 +7.2628820e-01 +7.2628820e-01 +1.3712650e+00 +1.3712650e+00 +1.3712650e+00 +2.9020537e+00 +3.2873053e+00 
-4.5585291e+01 -4.5585291e+01 -4.5585291e+01 -4.5585250e+01 -4.5585238e+01 -4.5585238e+01 -4.5584945e+01 -4.5584945e+01 -4.5584945e+01 -4.5584942e+01 -4.5584942e+01 -4.5584942e+01 -4.5584865e+01 -4.5584865e+01 -4.5584850e+01 -4.5584850e+01 -4.5584850e+01 -4.5584731e+01 -4.5584731e+01 -4.5584731e+01 -2.1360521e+01 -2.1332116e+01 -2.1332116e+01 -2.1332116e+01 -7.4135971e+00 -7.4135970e+00 -7.4135970e+00 -7.0608854e+00 -7.0608854e+00 -7.0608854e+00 -6.9840239e+00 -6.9840239e+00 -6.9840239e+00 -6.8752785e+00 -6.7485862e+00 -6.7485862e+00 +8.1357366e-01 +8.1357366e-01 +8.1357366e-01 +1.4261354e+00 +1.4261354e+00 +1.4261354e+00 +2.7990478e+00 +3.3128401e+00 
-4.5585282e+01 -4.5585282e+01 -4.5585282e+01 -4.5585246e+01 -4.5585231e+01 -4.5585231e+01 -4.5584959e+01 -4.5584959e+01 -4.5584959e+01 -4.5584954e+01 -4.5584954e+01 -4.5584954e+01 -4.5584860e+01 -4.5584860e+01 -4.5584846e+01 -4.5584846e+01 -4.5584846e+01 -4.5584732e+01 -4.5584732e+01 -4.5584732e+01 -2.1359358e+01 -2.1332553e+01 -2.1332553e+01 -2.1332553e+01 -7.4030130e+00 -7.4030130e+00 -7.4030130e+00 -7.0695116e+00 -7.0695116e+00 -7.0695116e+00 -6.9756077e+00 -6.9756077e+00 -6.9756077e+00 -6.9148017e+00 -6.7533622e+00 -6.7533622e+00 +9.1116449e-01 +9.1116449e-01 +9.1116449e-01 +1.4878963e+00 +1.4878963e+00 +1.4878963e+00 +2.6827551e+00 +3.3361807e+00 
-4.5585272e+01 -4.5585272e+01 -4.5585272e+01 -4.5585241e+01 -4.5585224e+01 -4.5585224e+01 -4.5584973e+01 -4.5584973e+01 -4.5584973e+01 -4.5584966e+01 -4.5584966e+01 -4.5584966e+01 -4.5584855e+01 -4.5584855e+01 -4.5584841e+01 -4.5584841e+01 -4.5584841e+01 -4.5584734e+01 -4.5584734e+01 -4.5584734e+01 -2.1358104e+01 -2.1333039e+01 -2.1333039e+01 -2.1333039e+01 -7.3939579e+00 -7.3939579e+00 -7.3939579e+00 -7.0756738e+00 -7.0756738e+00 -7.0756738e+00 -6.9663883e+00 -6.9663883e+00 -6.9663883e+00 -6.9572839e+00 -6.7585386e+00 -6.7585386e+00 +1.0168670e+00 +1.0168670e+00 +1.0168670e+00 +1.5556801e+00 +1.5556801e+00 +1.5556801e+00 +2.5547675e+00 +3.3541405e+00 
-4.5585262e+01 -4.5585262e+01 -4.5585262e+01 -4.5585236e+01 -4.5585216e+01 -4.5585216e+01 -4.5584989e+01 -4.5584989e+01 -4.5584989e+01 -4.5584980e+01 -4.5584980e+01 -4.5584980e+01 -4.5584850e+01 -4.5584850e+01 -4.5584835e+01 -4.5584835e+01 -4.5584835e+01 -4.5584736e+01 -4.5584736e+01 -4.5584736e+01 -2.1356778e+01 -2.1333569e+01 -2.1333569e+01 -2.1333569e+01 -7.3876481e+00 -7.3876481e+00 -7.3876481e+00 -7.0780576e+00 -7.0780576e+00 -7.0780576e+00 -7.0020143e+00 -6.9564918e+00 -6.9564918e+00 -6.9564918e+00 -6.7640366e+00 -6.7640366e+00 +1.1271613e+00 +1.1271613e+00 +1.1271613e+00 +1.6284627e+00 +1.6284627e+00 +1.6284627e+00 +2.4170638e+00 +3.3634104e+00 
-4.5585251e+01 -4.5585251e+01 -4.5585251e+01 -4.5585230e+01 -4.5585208e+01 -4.5585208e+01 -4.5585005e+01 -4.5585005e+01 -4.5585005e+01 -4.5584994e+01 -4.5584994e+01 -4.5584994e+01 -4.5584844e+01 -4.5584844e+01 -4.5584829e+01 -4.5584829e+01 -4.5584829e+01 -4.5584738e+01 -4.5584738e+01 -4.5584738e+01 -2.1355399e+01 -2.1334135e+01 -2.1334135e+01 -2.1334135e+01 -7.3851245e+00 -7.3851245e+00 -7.3851245e+00 -7.0755637e+00 -7.0755637e+00 -7.0755637e+00 -7.0482713e+00 -6.9460576e+00 -6.9460576e+00 -6.9460576e+00 -6.7697729e+00 -6.7697729e+00 +1.2362371e+00 +1.2362371e+00 +1.2362371e+00 +1.7053694e+00 +1.7053694e+00 +1.7053694e+00 +2.2719707e+00 +3.3613906e+00 
-4.5585239e+01 -4.5585239e+01 -4.5585239e+01 -4.5585223e+01 -4.5585201e+01 -4.5585201e+01 -4.5585021e+01 -4.5585021e+01 -4.5585021e+01 -4.5585009e+01 -4.5585009e+01 -4.5585009e+01 -4.5584838e+01 -4.5584837e+01 -4.5584822e+01 -4.5584822e+01 -4.5584822e+01 -4.5584740e+01 -4.5584740e+01 -4.5584740e+01 -2.1353988e+01 -2.1334728e+01 -2.1334728e+01 -2.1334728e+01 -7.3869240e+00 -7.3869240e+00 -7.3869240e+00 -7.0953362e+00 -7.0676388e+00 -7.0676388e+00 -7.0676388e+00 -6.9352351e+00 -6.9352351e+00 -6.9352351e+00 -6.7756615e+00 -6.7756615e+00 +1.3346228e+00 +1.3346228e+00 +1.3346228e+00 +1.7865333e+00 +1.7865333e+00 +1.7865333e+00 +2.1220870e+00 +3.3470941e+00 
-4.5585227e+01 -4.5585227e+01 -4.5585227e+01 -4.5585215e+01 -4.5585193e+01 -4.5585193e+01 -4.5585036e+01 -4.5585036e+01 -4.5585036e+01 -4.5585025e+01 -4.5585025e+01 -4.5585025e+01 -4.5584831e+01 -4.5584830e+01 -4.5584815e+01 -4.5584815e+01 -4.5584815e+01 -4.5584742e+01 -4.5584742e+01 -4.5584742e+01 -2.1352565e+01 -2.1335340e+01 -2.1335340e+01 -2.1335340e+01 -7.3929016e+00 -7.3929015e+00 -7.3929015e+00 -7.1425049e+00 -7.0544556e+00 -7.0544556e+00 -7.0544556e+00 -6.9241821e+00 -6.9241821e+00 -6.9241821e+00 -6.7816152e+00 -6.7816152e+00 +1.4086113e+00 +1.4086113e+00 +1.4086113e+00 +1.8742084e+00 +1.8742084e+00 +1.8742084e+00 +1.9701783e+00 +3.3215002e+00 
-4.5585215e+01 -4.5585215e+01 -4.5585215e+01 -4.5585207e+01 -4.5585186e+01 -4.5585186e+01 -4.5585050e+01 -4.5585050e+01 -4.5585050e+01 -4.5585040e+01 -4.5585040e+01 -4.5585040e+01 -4.5584823e+01 -4.5584823e+01 -4.5584807e+01 -4.5584807e+01 -4.5584807e+01 -4.5584744e+01 -4.5584744e+01 -4.5584744e+01 -2.1351148e+01 -2.1335960e+01 -2.1335960e+01 -2.1335960e+01 -7.4023398e+00 -7.4023398e+00 -7.4023398e+00 -7.1890980e+00 -7.0368038e+00 -7.0368038e+00 -7.0368038e+00 -6.9130619e+00 -6.9130619e+00 -6.9130619e+00 -6.7875462e+00 -6.7875462e+00 +1.4441351e+00 +1.4441351e+00 +1.4441351e+00 +1.8190558e+00 +1.9717574e+00 +1.9717574e+00 +1.9717574e+00 +3.2870842e+00 
-4.5585203e+01 -4.5585203e+01 -4.5585203e+01 -4.5585198e+01 -4.5585179e+01 -4.5585179e+01 -4.5585063e+01 -4.5585063e+01 -4.5585063e+01 -4.5585056e+01 -4.5585056e+01 -4.5585056e+01 -4.5584815e+01 -4.5584815e+01 -4.5584800e+01 -4.5584800e+01 -4.5584800e+01 -4.5584746e+01 -4.5584746e+01 -4.5584746e+01 -2.1349756e+01 -2.1336581e+01 -2.1336581e+01 -2.1336581e+01 -7.4142381e+00 -7.4142381e+00 -7.4142381e+00 -7.2344681e+00 -7.0158016e+00 -7.0158016e+00 -7.0158016e+00 -6.9020409e+00 -6.9020409e+00 -6.9020409e+00 -6.7933684e+00 -6.7933684e+00 +1.4355186e+00 +1.4355186e+00 +1.4355186e+00 +1.6714530e+00 +2.0795343e+00 +2.0795343e+00 +2.0795343e+00 +3.2469289e+00 
-4.5585191e+01 -4.5585191e+01 -4.5585191e+01 -4.5585188e+01 -4.5585174e+01 -4.5585174e+01 -4.5585075e+01 -4.5585075e+01 -4.5585075e+01 -4.5585070e+01 -4.5585070e+01 -4.5585070e+01 -4.5584807e+01 -4.5584807e+01 -4.5584792e+01 -4.5584792e+01 -4.5584792e+01 -4.5584747e+01 -4.5584747e+01 -4.5584747e+01 -2.1348409e+01 -2.1337192e+01 -2.1337192e+01 -2.1337192e+01 -7.4275741e+00 -7.4275741e+00 -7.4275741e+00 -7.2780072e+00 -6.9926345e+00 -6.9926345e+00 -6.9926345e+00 -6.8912858e+00 -6.8912858e+00 -6.8912858e+00 -6.7989978e+00 -6.7989978e+00 +1.3890220e+00 +1.3890220e+00 +1.3890220e+00 +1.5299148e+00 +2.1936893e+00 +2.1936893e+00 +2.1936893e+00 +3.2039894e+00 
-4.5585180e+01 -4.5585180e+01 -4.5585180e+01 -4.5585178e+01 -4.5585168e+01 -4.5585168e+01 -4.5585086e+01 -4.5585086e+01 -4.5585086e+01 -4.5585084e+01 -4.5585084e+01 -4.5585084e+01 -4.5584799e+01 -4.5584799e+01 -4.5584784e+01 -4.5584784e+01 -4.5584784e+01 -4.5584749e+01 -4.5584749e+01 -4.5584749e+01 -2.1347124e+01 -2.1337784e+01 -2.1337784e+01 -2.1337784e+01 -7.4414455e+00 -7.4414455e+00 -7.4414455e+00 -7.3191508e+00 -6.9684122e+00 -6.9684122e+00 -6.9684122e+00 -6.8809611e+00 -6.8809611e+00 -6.8809611e+00 -6.8043541e+00 -6.8043541e+00 +1.3171394e+00 +1.3171394e+00 +1.3171394e+00 +1.3967106e+00 +2.3093127e+00 +2.3093127e+00 +2.3093127e+00 +3.1607273e+00 
-4.5585171e+01 -4.5585171e+01 -4.5585171e+01 -4.5585167e+01 -4.5585164e+01 -4.5585164e+01 -4.5585097e+01 -4.5585097e+01 -4.5585097e+01 -4.5585095e+01 -4.5585095e+01 -4.5585095e+01 -4.5584791e+01 -4.5584791e+01 -4.5584777e+01 -4.5584777e+01 -4.5584777e+01 -4.5584750e+01 -4.5584750e+01 -4.5584750e+01 -2.1345918e+01 -2.1338350e+01 -2.1338350e+01 -2.1338350e+01 -7.4551148e+00 -7.4551148e+00 -7.4551148e+00 -7.3573818e+00 -6.9441227e+00 -6.9441227e+00 -6.9441227e+00 -6.8712264e+00 -6.8712264e+00 -6.8712264e+00 -6.8093619e+00 -6.8093619e+00 +1.2321675e+00 +1.2321675e+00 +1.2321675e+00 +1.2737786e+00 +2.4224872e+00 +2.4224872e+00 +2.4224872e+00 +3.1190331e+00 
-4.5585163e+01 -4.5585163e+01 -4.5585163e+01 -4.5585160e+01 -4.5585160e+01 -4.5585157e+01 -4.5585109e+01 -4.5585109e+01 -4.5585109e+01 -4.5585103e+01 -4.5585103e+01 -4.5585103e+01 -4.5584784e+01 -4.5584784e+01 -4.5584771e+01 -4.5584771e+01 -4.5584771e+01 -4.5584751e+01 -4.5584751e+01 -4.5584751e+01 -2.1344808e+01 -2.1338878e+01 -2.1338878e+01 -2.1338878e+01 -7.4680067e+00 -7.4680067e+00 -7.4680067e+00 -7.3922329e+00 -6.9206318e+00 -6.9206318e+00 -6.9206318e+00 -6.8622338e+00 -6.8622338e+00 -6.8622338e+00 -6.8139514e+00 -6.8139514e+00 +1.1436077e+00 +1.1436077e+00 +1.1436077e+00 +1.1627024e+00 +2.5302797e+00 +2.5302797e+00 +2.5302797e+00 +3.0802886e+00 
-4.5585157e+01 -4.5585157e+01 -4.5585156e+01 -4.5585156e+01 -4.5585156e+01 -4.5585147e+01 -4.5585120e+01 -4.5585120e+01 -4.5585119e+01 -4.5585109e+01 -4.5585109e+01 -4.5585109e+01 -4.5584776e+01 -4.5584776e+01 -4.5584766e+01 -4.5584766e+01 -4.5584766e+01 -4.5584752e+01 -4.5584752e+01 -4.5584752e+01 -2.1343809e+01 -2.1339362e+01 -2.1339362e+01 -2.1339362e+01 -7.4796899e+00 -7.4796899e+00 -7.4796899e+00 -7.4232888e+00 -6.8986959e+00 -6.8986959e+00 -6.8986959e+00 -6.8541250e+00 -6.8541250e+00 -6.8541250e+00 -6.8180597e+00 -6.8180597e+00 +1.0581283e+00 +1.0581283e+00 +1.0581283e+00 +1.0647176e+00 +2.6302254e+00 +2.6302254e+00 +2.6302254e+00 +3.0454713e+00 
-4.5585154e+01 -4.5585154e+01 -4.5585152e+01 -4.5585152e+01 -4.5585152e+01 -4.5585138e+01 -4.5585129e+01 -4.5585129e+01 -4.5585129e+01 -4.5585113e+01 -4.5585113e+01 -4.5585113e+01 -4.5584770e+01 -4.5584770e+01 -4.5584761e+01 -4.5584761e+01 -4.5584761e+01 -4.5584753e+01 -4.5584753e+01 -4.5584753e+01 -2.1342937e+01 -2.1339793e+01 -2.1339793e+01 -2.1339793e+01 -7.4898578e+00 -7.4898578e+00 -7.4898578e+00 -7.4501869e+00 -6.8789735e+00 -6.8789735e+00 -6.8789735e+00 -6.8470288e+00 -6.8470288e+00 -6.8470288e+00 -6.8216312e+00 -6.8216312e+00 +9.8028575e-01 +9.8028575e-01 +9.8028575e-01 +9.8074195e-01 +2.7200053e+00 +2.7200053e+00 +2.7200053e+00 +3.0152558e+00 
-4.5585153e+01 -4.5585153e+01 -4.5585150e+01 -4.5585150e+01 -4.5585150e+01 -4.5585136e+01 -4.5585136e+01 -4.5585136e+01 -4.5585130e+01 -4.5585115e+01 -4.5585115e+01 -4.5585115e+01 -4.5584765e+01 -4.5584765e+01 -4.5584758e+01 -4.5584758e+01 -4.5584758e+01 -4.5584753e+01 -4.5584753e+01 -4.5584753e+01 -2.1342204e+01 -2.1340160e+01 -2.1340160e+01 -2.1340160e+01 -7.4983090e+00 -7.4983090e+00 -7.4983090e+00 -7.4726187e+00 -6.8620311e+00 -6.8620311e+00 -6.8620311e+00 -6.8410591e+00 -6.8410591e+00 -6.8410591e+00 -6.8246184e+00 -6.8246184e+00 +9.1142205e-01 +9.1321212e-01 +9.1321212e-01 +9.1321212e-01 +2.7973625e+00 +2.7973625e+00 +2.7973625e+00 +2.9900970e+00 
-4.5585151e+01 -4.5585151e+01 -4.5585149e+01 -4.5585149e+01 -4.5585149e+01 -4.5585142e+01 -4.5585142e+01 -4.5585142e+01 -4.5585124e+01 -4.5585115e+01 -4.5585115e+01 -4.5585115e+01 -4.5584760e+01 -4.5584760e+01 -4.5584756e+01 -4.5584756e+01 -4.5584756e+01 -4.5584754e+01 -4.5584754e+01 -4.5584754e+01 -2.1341621e+01 -2.1340457e+01 -2.1340457e+01 -2.1340457e+01 -7.5049279e+00 -7.5049279e+00 -7.5049279e+00 -7.4903304e+00 -6.8483428e+00 -6.8483427e+00 -6.8483427e+00 -6.8363122e+00 -6.8363122e+00 -6.8363122e+00 -6.8269822e+00 -6.8269822e+00 +8.5718724e-01 +8.5908836e-01 +8.5908836e-01 +8.5908836e-01 +2.8601637e+00 +2.8601637e+00 +2.8601637e+00 +2.9702945e+00 
-4.5585151e+01 -4.5585151e+01 -4.5585149e+01 -4.5585149e+01 -4.5585149e+01 -4.5585146e+01 -4.5585146e+01 -4.5585146e+01 -4.5585119e+01 -4.5585115e+01 -4.5585115e+01 -4.5585115e+01 -4.5584757e+01 -4.5584757e+01 -4.5584755e+01 -4.5584755e+01 -4.5584755e+01 -4.5584754e+01 -4.5584754e+01 -4.5584754e+01 -2.1341198e+01 -2.1340676e+01 -2.1340676e+01 -2.1340676e+01 -7.5096622e+00 -7.5096622e+00 -7.5096622e+00 -7.5031239e+00 -6.8382871e+00 -6.8382871e+00 -6.8382871e+00 -6.8328651e+00 -6.8328651e+00 -6.8328651e+00 -6.8286922e+00 -6.8286922e+00 +8.1830401e-01 +8.1943060e-01 +8.1943060e-01 +8.1943060e-01 +2.9065294e+00 +2.9065294e+00 +2.9065294e+00 +2.9560390e+00 
-4.5585150e+01 -4.5585150e+01 -4.5585150e+01 -4.5585150e+01 -4.5585150e+01 -4.5585149e+01 -4.5585149e+01 -4.5585149e+01 -4.5585116e+01 -4.5585115e+01 -4.5585115e+01 -4.5585115e+01 -4.5584755e+01 -4.5584755e+01 -4.5584754e+01 -4.5584754e+01 -4.5584754e+01 -4.5584754e+01 -4.5584754e+01 -4.5584754e+01 -2.1340941e+01 -2.1340810e+01 -2.1340810e+01 -2.1340810e+01 -7.5124996e+00 -7.5124996e+00 -7.5124996e+00 -7.5108570e+00 -6.8321409e+00 -6.8321409e+00 -6.8321409e+00 -6.8307740e+00 -6.8307740e+00 -6.8307740e+00 -6.8297269e+00 -6.8297268e+00 +7.9492442e-01 +7.9524821e-01 +7.9524821e-01 +7.9524821e-01 +2.9349818e+00 +2.9349818e+00 +2.9349818e+00 +2.9474454e+00 
-4.5585150e+01 -4.5585150e+01 -4.5585150e+01 -4.5585150e+01 -4.5585150e+01 -4.5585150e+01 -4.5585150e+01 -4.5585150e+01 -4.5585115e+01 -4.5585115e+01 -4.5585115e+01 -4.5585115e+01 -4.5584754e+01 -4.5584754e+01 -4.5584754e+01 -4.5584754e+01 -4.5584754e+01 -4.5584754e+01 -4.5584754e+01 -4.5584754e+01 -2.1340855e+01 -2.1340855e+01 -2.1340855e+01 -2.1340855e+01 -7.5134443e+00 -7.5134443e+00 -7.5134443e+00 -7.5134443e+00 -6.8300732e+00 -6.8300732e+00 -6.8300732e+00 -6.8300732e+00 -6.8300732e+00 -6.8300732e+00 -6.8300732e+00 -6.8300732e+00 +7.8712376e-01 +7.8712376e-01 +7.8712376e-01 +7.8712376e-01 +2.9445746e+00 +2.9445746e+00 +2.9445746e+00 +2.9445746e+00 
-4.5585150e+01 -4.5585150e+01 -4.5585150e+01 -4.5585150e+01 -4.5585150e+01 -4.5585150e+01 -4.5585149e+01 -4.5585149e+01 -4.5585115e+01 -4.5585115e+01 -4.5585115e+01 -4.5585115e+01 -4.5584755e+01 -4.5584755e+01 -4.5584754e+01 -4.5584754e+01 -4.5584754e+01 -4.5584754e+01 -4.5584754e+01 -4.5584754e+01 -2.1340893e+01 -2.1340893e+01 -2.1340792e+01 -2.1340792e+01 -7.5126881e+00 -7.5126881e+00 -7.5114307e+00 -7.5114307e+00 -6.8327116e+00 -6.8327116e+00 -6.8307063e+00 -6.8307063e+00 -6.8304268e+00 -6.8304268e+00 -6.8303383e+00 -6.8303383e+00 +7.9521810e-01 +7.9521810e-01 +7.9547177e-01 +7.9547177e-01 +2.9335771e+00 +2.9335771e+00 +2.9423344e+00 +2.9423344e+00 
-4.5585150e+01 -4.5585150e+01 -4.5585149e+01 -4.5585149e+01 -4.5585149e+01 -4.5585149e+01 -4.5585146e+01 -4.5585146e+01 -4.5585117e+01 -4.5585117e+01 -4.5585115e+01 -4.5585115e+01 -4.5584757e+01 -4.5584757e+01 -4.5584755e+01 -4.5584755e+01 -4.5584754e+01 -4.5584754e+01 -4.5584754e+01 -4.5584754e+01 -2.1341006e+01 -2.1341006e+01 -2.1340605e+01 -2.1340605e+01 -7.5104037e+00 -7.5104037e+00 -7.5054172e+00 -7.5054172e+00 -6.8405491e+00 -6.8405491e+00 -6.8326064e+00 -6.8326064e+00 -6.8314754e+00 -6.8314754e+00 -6.8311274e+00 -6.8311274e+00 +8.1939799e-01 +8.1939799e-01 +8.2035026e-01 +8.2035026e-01 +2.9009808e+00 +2.9009808e+00 +2.9357090e+00 +2.9357090e+00 
-4.5585151e+01 -4.5585151e+01 -4.5585148e+01 -4.5585148e+01 -4.5585148e+01 -4.5585148e+01 -4.5585141e+01 -4.5585141e+01 -4.5585120e+01 -4.5585120e+01 -4.5585115e+01 -4.5585115e+01 -4.5584760e+01 -4.5584760e+01 -4.5584756e+01 -4.5584756e+01 -4.5584755e+01 -4.5584755e+01 -4.5584754e+01 -4.5584754e+01 -2.1341194e+01 -2.1341194e+01 -2.1340298e+01 -2.1340298e+01 -7.5065477e+00 -7.5065477e+00 -7.4954888e+00 -7.4954888e+00 -6.8533559e+00 -6.8533559e+00 -6.8357756e+00 -6.8357756e+00 -6.8331823e+00 -6.8331823e+00 -6.8324222e+00 -6.8324222e+00 +8.5935249e-01 +8.5935249e-01 +8.6126640e-01 +8.6126640e-01 +2.8479383e+00 +2.8479383e+00 +2.9249809e+00 +2.9249809e+00 
-4.5585153e+01 -4.5585153e+01 -4.5585146e+01 -4.5585146e+01 -4.5585146e+01 -4.5585146e+01 -4.5585136e+01 -4.5585136e+01 -4.5585124e+01 -4.5585124e+01 -4.5585114e+01 -4.5585114e+01 -4.5584765e+01 -4.5584765e+01 -4.5584757e+01 -4.5584757e+01 -4.5584755e+01 -4.5584755e+01 -4.5584754e+01 -4.5584754e+01 -2.1341455e+01 -2.1341455e+01 -2.1339879e+01 -2.1339879e+01 -7.5010595e+00 -7.5010595e+00 -7.4817950e+00 -7.4817950e+00 -6.8707623e+00 -6.8707623e+00 -6.8402168e+00 -6.8402168e+00 -6.8354894e+00 -6.8354894e+00 -6.8341928e+00 -6.8341928e+00 +9.1455323e-01 +9.1455323e-01 +9.1741128e-01 +9.1741128e-01 +2.7762584e+00 +2.7762584e+00 +2.9106110e+00 +2.9106110e+00 
-4.5585158e+01 -4.5585158e+01 -4.5585144e+01 -4.5585144e+01 -4.5585144e+01 -4.5585144e+01 -4.5585130e+01 -4.5585130e+01 -4.5585126e+01 -4.5585126e+01 -4.5585111e+01 -4.5585111e+01 -4.5584771e+01 -4.5584771e+01 -4.5584759e+01 -4.5584759e+01 -4.5584755e+01 -4.5584755e+01 -4.5584755e+01 -4.5584755e+01 -2.1341787e+01 -2.1341787e+01 -2.1339357e+01 -2.1339357e+01 -7.4938770e+00 -7.4938770e+00 -7.4645584e+00 -7.4645584e+00 -6.8922762e+00 -6.8922762e+00 -6.8459320e+00 -6.8459320e+00 -6.8383198e+00 -6.8383198e+00 -6.8363982e+00 -6.8363982e+00 +9.8422400e-01 +9.8422400e-01 +9.8767713e-01 +9.8767713e-01 +2.6882624e+00 +2.6882624e+00 +2.8932208e+00 +2.8932208e+00 
-4.5585165e+01 -4.5585165e+01 -4.5585143e+01 -4.5585143e+01 -4.5585142e+01 -4.5585142e+01 -4.5585128e+01 -4.5585128e+01 -4.5585127e+01 -4.5585127e+01 -4.5585103e+01 -4.5585103e+01 -4.5584779e+01 -4.5584779e+01 -4.5584761e+01 -4.5584761e+01 -4.5584757e+01 -4.5584757e+01 -4.5584755e+01 -4.5584755e+01 -2.1342183e+01 -2.1342183e+01 -2.1338746e+01 -2.1338746e+01 -7.4849520e+00 -7.4849520e+00 -7.4440805e+00 -7.4440805e+00 -6.9173056e+00 -6.9173056e+00 -6.8529211e+00 -6.8529211e+00 -6.8415816e+00 -6.8415816e+00 -6.8389875e+00 -6.8389875e+00 +1.0672727e+00 +1.0672727e+00 +1.0706791e+00 +1.0706791e+00 +2.5866254e+00 +2.5866254e+00 +2.8735618e+00 +2.8735618e+00 
-4.5585174e+01 -4.5585174e+01 -4.5585141e+01 -4.5585141e+01 -4.5585139e+01 -4.5585139e+01 -4.5585128e+01 -4.5585128e+01 -4.5585127e+01 -4.5585127e+01 -4.5585091e+01 -4.5585091e+01 -4.5584787e+01 -4.5584787e+01 -4.5584764e+01 -4.5584764e+01 -4.5584761e+01 -4.5584761e+01 -4.5584755e+01 -4.5584755e+01 -2.1342634e+01 -2.1342634e+01 -2.1338061e+01 -2.1338061e+01 -7.4742642e+00 -7.4742642e+00 -7.4207433e+00 -7.4207433e+00 -6.9451829e+00 -6.9451829e+00 -6.8611796e+00 -6.8611796e+00 -6.8451713e+00 -6.8451713e+00 -6.8419011e+00 -6.8419011e+00 +1.1621707e+00 +1.1621707e+00 +1.1647804e+00 +1.1647804e+00 +2.4742320e+00 +2.4742320e+00 +2.8524581e+00 +2.8524581e+00 
-4.5585185e+01 -4.5585185e+01 -4.5585140e+01 -4.5585140e+01 -4.5585136e+01 -4.5585136e+01 -4.5585129e+01 -4.5585129e+01 -4.5585126e+01 -4.5585126e+01 -4.5585076e+01 -4.5585076e+01 -4.5584795e+01 -4.5584795e+01 -4.5584767e+01 -4.5584767e+01 -4.5584765e+01 -4.5584765e+01 -4.5584756e+01 -4.5584756e+01 -2.1343129e+01 -2.1343129e+01 -2.1337317e+01 -2.1337317e+01 -7.4618309e+00 -7.4618309e+00 -7.3950068e+00 -7.3950068e+00 -6.9751899e+00 -6.9751899e+00 -6.8706948e+00 -6.8706948e+00 -6.8489768e+00 -6.8489768e+00 -6.8450722e+00 -6.8450722e+00 +1.2667709e+00 +1.2667709e+00 +1.2681206e+00 +1.2681206e+00 +2.3540696e+00 +2.3540696e+00 +2.8306908e+00 +2.8306908e+00 
-4.5585197e+01 -4.5585197e+01 -4.5585138e+01 -4.5585138e+01 -4.5585133e+01 -4.5585133e+01 -4.5585130e+01 -4.5585130e+01 -4.5585124e+01 -4.5585124e+01 -4.5585060e+01 -4.5585060e+01 -4.5584804e+01 -4.5584804e+01 -4.5584771e+01 -4.5584771e+01 -4.5584770e+01 -4.5584770e+01 -4.5584755e+01 -4.5584755e+01 -2.1343656e+01 -2.1343656e+01 -2.1336533e+01 -2.1336533e+01 -7.4477143e+00 -7.4477143e+00 -7.3674033e+00 -7.3674033e+00 -7.0065808e+00 -7.0065808e+00 -6.8814429e+00 -6.8814429e+00 -6.8528812e+00 -6.8528812e+00 -6.8484284e+00 -6.8484284e+00 +1.3780747e+00 +1.3780747e+00 +1.3786487e+00 +1.3786487e+00 +2.2291646e+00 +2.2291646e+00 +2.8087637e+00 +2.8087637e+00 
-4.5585209e+01 -4.5585209e+01 -4.5585137e+01 -4.5585137e+01 -4.5585131e+01 -4.5585131e+01 -4.5585130e+01 -4.5585130e+01 -4.5585123e+01 -4.5585123e+01 -4.5585042e+01 -4.5585042e+01 -4.5584813e+01 -4.5584813e+01 -4.5584778e+01 -4.5584778e+01 -4.5584773e+01 -4.5584773e+01 -4.5584755e+01 -4.5584755e+01 -2.1344199e+01 -2.1344199e+01 -2.1335729e+01 -2.1335729e+01 -7.4320240e+00 -7.4320240e+00 -7.3385278e+00 -7.3385278e+00 -7.0386042e+00 -7.0386042e+00 -6.8933832e+00 -6.8933832e+00 -6.8567661e+00 -6.8567661e+00 -6.8518936e+00 -6.8518936e+00 +1.4920008e+00 +1.4920008e+00 +1.4941616e+00 +1.4941616e+00 +2.1025456e+00 +2.1025456e+00 +2.7864493e+00 +2.7864493e+00 
-4.5585222e+01 -4.5585222e+01 -4.5585136e+01 -4.5585136e+01 -4.5585133e+01 -4.5585133e+01 -4.5585127e+01 -4.5585127e+01 -4.5585121e+01 -4.5585121e+01 -4.5585023e+01 -4.5585023e+01 -4.5584822e+01 -4.5584822e+01 -4.5584786e+01 -4.5584786e+01 -4.5584776e+01 -4.5584776e+01 -4.5584755e+01 -4.5584755e+01 -2.1344744e+01 -2.1344744e+01 -2.1334923e+01 -2.1334923e+01 -7.4149196e+00 -7.4149196e+00 -7.3090273e+00 -7.3090273e+00 -7.0705210e+00 -7.0705210e+00 -6.9064519e+00 -6.9064519e+00 -6.8605150e+00 -6.8605150e+00 -6.8553895e+00 -6.8553895e+00 +1.6032973e+00 +1.6032973e+00 +1.6123504e+00 +1.6123504e+00 +1.9772034e+00 +1.9772034e+00 +2.7620622e+00 +2.7620622e+00 
-4.5585233e+01 -4.5585233e+01 -4.5585136e+01 -4.5585136e+01 -4.5585134e+01 -4.5585134e+01 -4.5585124e+01 -4.5585124e+01 -4.5585119e+01 -4.5585119e+01 -4.5585004e+01 -4.5585004e+01 -4.5584830e+01 -4.5584830e+01 -4.5584794e+01 -4.5584794e+01 -4.5584780e+01 -4.5584780e+01 -4.5584754e+01 -4.5584754e+01 -2.1345277e+01 -2.1345277e+01 -2.1334135e+01 -2.1334135e+01 -7.3966126e+00 -7.3966126e+00 -7.2795866e+00 -7.2795866e+00 -7.1016213e+00 -7.1016213e+00 -6.9205534e+00 -6.9205534e+00 -6.8640179e+00 -6.8640179e+00 -6.8588377e+00 -6.8588377e+00 +1.7058582e+00 +1.7058582e+00 +1.7308518e+00 +1.7308518e+00 +1.8560186e+00 +1.8560186e+00 +2.7318491e+00 +2.7318491e+00 
-4.5585244e+01 -4.5585244e+01 -4.5585135e+01 -4.5585135e+01 -4.5585135e+01 -4.5585135e+01 -4.5585121e+01 -4.5585121e+01 -4.5585117e+01 -4.5585117e+01 -4.5584985e+01 -4.5584985e+01 -4.5584837e+01 -4.5584837e+01 -4.5584803e+01 -4.5584803e+01 -4.5584783e+01 -4.5584783e+01 -4.5584753e+01 -4.5584753e+01 -2.1345785e+01 -2.1345785e+01 -2.1333384e+01 -2.1333384e+01 -7.3773714e+00 -7.3773714e+00 -7.2509111e+00 -7.2509111e+00 -7.1312380e+00 -7.1312380e+00 -6.9355487e+00 -6.9355487e+00 -6.8671765e+00 -6.8671765e+00 -6.8621614e+00 -6.8621614e+00 +1.7416559e+00 +1.7416559e+00 +1.7937147e+00 +1.7937147e+00 +1.8472925e+00 +1.8472925e+00 +2.6909622e+00 +2.6909622e+00 
-4.5585254e+01 -4.5585254e+01 -4.5585135e+01 -4.5585135e+01 -4.5585135e+01 -4.5585135e+01 -4.5585119e+01 -4.5585119e+01 -4.5585115e+01 -4.5585115e+01 -4.5584967e+01 -4.5584967e+01 -4.5584844e+01 -4.5584844e+01 -4.5584811e+01 -4.5584811e+01 -4.5584787e+01 -4.5584787e+01 -4.5584751e+01 -4.5584751e+01 -2.1346255e+01 -2.1346255e+01 -2.1332686e+01 -2.1332686e+01 -7.3575313e+00 -7.3575313e+00 -7.2237067e+00 -7.2237067e+00 -7.1587598e+00 -7.1587598e+00 -6.9512378e+00 -6.9512378e+00 -6.8699104e+00 -6.8699104e+00 -6.8652873e+00 -6.8652873e+00 +1.6364524e+00 +1.6364524e+00 +1.8625760e+00 +1.8625760e+00 +1.9593142e+00 +1.9593142e+00 +2.6372688e+00 +2.6372688e+00 
-4.5585262e+01 -4.5585262e+01 -4.5585136e+01 -4.5585136e+01 -4.5585135e+01 -4.5585135e+01 -4.5585116e+01 -4.5585116e+01 -4.5585114e+01 -4.5585114e+01 -4.5584951e+01 -4.5584951e+01 -4.5584851e+01 -4.5584851e+01 -4.5584819e+01 -4.5584819e+01 -4.5584790e+01 -4.5584790e+01 -4.5584749e+01 -4.5584749e+01 -2.1346679e+01 -2.1346679e+01 -2.1332059e+01 -2.1332059e+01 -7.3375125e+00 -7.3375125e+00 -7.1986550e+00 -7.1986550e+00 -7.1836419e+00 -7.1836419e+00 -6.9673352e+00 -6.9673352e+00 -6.8721640e+00 -6.8721640e+00 -6.8681471e+00 -6.8681471e+00 +1.5423381e+00 +1.5423381e+00 +1.9110777e+00 +1.9110777e+00 +2.0645598e+00 +2.0645598e+00 +2.5746457e+00 +2.5746457e+00 
-4.5585269e+01 -4.5585269e+01 -4.5585136e+01 -4.5585136e+01 -4.5585135e+01 -4.5585135e+01 -4.5585114e+01 -4.5585114e+01 -4.5585112e+01 -4.5585112e+01 -4.5584937e+01 -4.5584937e+01 -4.5584856e+01 -4.5584856e+01 -4.5584827e+01 -4.5584827e+01 -4.5584793e+01 -4.5584793e+01 -4.5584747e+01 -4.5584747e+01 -2.1347047e+01 -2.1347047e+01 -2.1331515e+01 -2.1331515e+01 -7.3178515e+00 -7.3178515e+00 -7.2054159e+00 -7.2054159e+00 -7.1763859e+00 -7.1763859e+00 -6.9834328e+00 -6.9834328e+00 -6.8739149e+00 -6.8739149e+00 -6.8706785e+00 -6.8706785e+00 +1.4608136e+00 +1.4608136e+00 +1.9408438e+00 +1.9408438e+00 +2.1606183e+00 +2.1606183e+00 +2.5110151e+00 +2.5110151e+00 
-4.5585275e+01 -4.5585275e+01 -4.5585136e+01 -4.5585136e+01 -4.5585135e+01 -4.5585135e+01 -4.5585112e+01 -4.5585112e+01 -4.5585111e+01 -4.5585111e+01 -4.5584925e+01 -4.5584925e+01 -4.5584861e+01 -4.5584861e+01 -4.5584833e+01 -4.5584833e+01 -4.5584795e+01 -4.5584795e+01 -4.5584745e+01 -4.5584745e+01 -2.1347354e+01 -2.1347354e+01 -2.1331062e+01 -2.1331062e+01 -7.2992484e+00 -7.2992484e+00 -7.2236969e+00 -7.2236969e+00 -7.1574503e+00 -7.1574503e+00 -6.9989473e+00 -6.9989473e+00 -6.8751797e+00 -6.8751797e+00 -6.8728272e+00 -6.8728272e+00 +1.3929794e+00 +1.3929794e+00 +1.9555305e+00 +1.9555305e+00 +2.2449483e+00 +2.2449483e+00 +2.4539016e+00 +2.4539016e+00 
-4.5585279e+01 -4.5585279e+01 -4.5585136e+01 -4.5585136e+01 -4.5585135e+01 -4.5585135e+01 -4.5585111e+01 -4.5585111e+01 -4.5585110e+01 -4.5585110e+01 -4.5584917e+01 -4.5584917e+01 -4.5584864e+01 -4.5584864e+01 -4.5584838e+01 -4.5584838e+01 -4.5584798e+01 -4.5584798e+01 -4.5584743e+01 -4.5584743e+01 -2.1347596e+01 -2.1347596e+01 -2.1330708e+01 -2.1330708e+01 -7.2826272e+00 -7.2826272e+00 -7.2381869e+00 -7.2381869e+00 -7.1422963e+00 -7.1422963e+00 -7.0130554e+00 -7.0130554e+00 -6.8760147e+00 -6.8760147e+00 -6.8745474e+00 -6.8745474e+00 +1.3395996e+00 +1.3395996e+00 +1.9597576e+00 +1.9597576e+00 +2.3148408e+00 +2.3148408e+00 +2.4080854e+00 +2.4080854e+00 
-4.5585283e+01 -4.5585283e+01 -4.5585135e+01 -4.5585135e+01 -4.5585135e+01 -4.5585135e+01 -4.5585110e+01 -4.5585110e+01 -4.5585110e+01 -4.5585110e+01 -4.5584911e+01 -4.5584911e+01 -4.5584867e+01 -4.5584867e+01 -4.5584842e+01 -4.5584842e+01 -4.5584799e+01 -4.5584799e+01 -4.5584741e+01 -4.5584741e+01 -2.1347770e+01 -2.1347770e+01 -2.1330455e+01 -2.1330455e+01 -7.2691766e+00 -7.2691766e+00 -7.2486717e+00 -7.2486717e+00 -7.1312573e+00 -7.1312573e+00 -7.0246505e+00 -7.0246505e+00 -6.8765066e+00 -6.8765066e+00 -6.8758026e+00 -6.8758026e+00 +1.3011757e+00 +1.3011757e+00 +1.9583261e+00 +1.9583261e+00 +2.3675074e+00 +2.3675074e+00 +2.3755324e+00 +2.3755324e+00 
-4.5585284e+01 -4.5585284e+01 -4.5585135e+01 -4.5585135e+01 -4.5585135e+01 -4.5585135e+01 -4.5585109e+01 -4.5585109e+01 -4.5585109e+01 -4.5585109e+01 -4.5584907e+01 -4.5584907e+01 -4.5584868e+01 -4.5584868e+01 -4.5584844e+01 -4.5584844e+01 -4.5584800e+01 -4.5584800e+01 -4.5584740e+01 -4.5584740e+01 -2.1347875e+01 -2.1347875e+01 -2.1330304e+01 -2.1330304e+01 -7.2602719e+00 -7.2602719e+00 -7.2550127e+00 -7.2550127e+00 -7.1245537e+00 -7.1245537e+00 -7.0324173e+00 -7.0324173e+00 -6.8767509e+00 -6.8767509e+00 -6.8765664e+00 -6.8765664e+00 +1.2780138e+00 +1.2780138e+00 +1.9554917e+00 +1.9554917e+00 +2.3563666e+00 +2.3563666e+00 +2.4003736e+00 +2.4003736e+00 
-4.5585285e+01 -4.5585285e+01 -4.5585135e+01 -4.5585135e+01 -4.5585135e+01 -4.5585135e+01 -4.5585109e+01 -4.5585109e+01 -4.5585109e+01 -4.5585109e+01 -4.5584906e+01 -4.5584906e+01 -4.5584869e+01 -4.5584869e+01 -4.5584845e+01 -4.5584845e+01 -4.5584801e+01 -4.5584801e+01 -4.5584740e+01 -4.5584740e+01 -2.1347910e+01 -2.1347910e+01 -2.1330254e+01 -2.1330254e+01 -7.2571343e+00 -7.2571343e+00 -7.2571343e+00 -7.2571343e+00 -7.1223065e+00 -7.1223065e+00 -7.0351715e+00 -7.0351715e+00 -6.8768228e+00 -6.8768228e+00 -6.8768228e+00 -6.8768228e+00 +1.2702763e+00 +1.2702763e+00 +1.9541970e+00 +1.9541970e+00 +2.3500701e+00 +2.3500701e+00 +2.4115609e+00 +2.4115609e+00 
-4.5585167e+01 -4.5585167e+01 -4.5585167e+01 -4.5585167e+01 -4.5585129e+01 -4.5585129e+01 -4.5585129e+01 -4.5585129e+01 -4.5585087e+01 -4.5585087e+01 -4.5585087e+01 -4.5585087e+01 -4.5584817e+01 -4.5584817e+01 -4.5584817e+01 -4.5584817e+01 -4.5584752e+01 -4.5584752e+01 -4.5584752e+01 -4.5584752e+01 -2.1339858e+01 -2.1339858e+01 -2.1339858e+01 -2.1339858e+01 -7.3141765e+00 -7.3141765e+00 -7.3141765e+00 -7.3141765e+00 -7.0761100e+00 -7.0761100e+00 -7.0761100e+00 -7.0761100e+00 -6.8311483e+00 -6.8311483e+00 -6.8311483e+00 -6.8311483e+00 +2.1937140e+00 +2.1937140e+00 +2.1937140e+00 +2.1937140e+00 +2.1962942e+00 +2.1962942e+00 +2.1962942e+00 +2.1962942e+00 
-4.5585166e+01 -4.5585166e+01 -4.5585166e+01 -4.5585166e+01 -4.5585129e+01 -4.5585129e+01 -4.5585129e+01 -4.5585129e+01 -4.5585088e+01 -4.5585088e+01 -4.5585088e+01 -4.5585088e+01 -4.5584817e+01 -4.5584817e+01 -4.5584817e+01 -4.5584817e+01 -4.5584752e+01 -4.5584752e+01 -4.5584752e+01 -4.5584752e+01 -2.1339868e+01 -2.1339868e+01 -2.1339868e+01 -2.1339868e+01 -7.3186021e+00 -7.3186021e+00 -7.3186021e+00 -7.3186021e+00 -7.0711982e+00 -7.0711982e+00 -7.0711982e+00 -7.0711982e+00 -6.8311375e+00 -6.8311375e+00 -6.8311375e+00 -6.8311375e+00 +2.0816303e+00 +2.0816303e+00 +2.0816303e+00 +2.0816303e+00 +2.2873085e+00 +2.2873085e+00 +2.2873085e+00 +2.2873085e+00 
-4.5585165e+01 -4.5585165e+01 -4.5585165e+01 -4.5585165e+01 -4.5585129e+01 -4.5585129e+01 -4.5585129e+01 -4.5585129e+01 -4.5585090e+01 -4.5585090e+01 -4.5585090e+01 -4.5585090e+01 -4.5584814e+01 -4.5584814e+01 -4.5584814e+01 -4.5584814e+01 -4.5584751e+01 -4.5584751e+01 -4.5584751e+01 -4.5584751e+01 -2.1339896e+01 -2.1339896e+01 -2.1339896e+01 -2.1339896e+01 -7.3307481e+00 -7.3307481e+00 -7.3307481e+00 -7.3307481e+00 -7.0576119e+00 -7.0576119e+00 -7.0576119e+00 -7.0576119e+00 -6.8311052e+00 -6.8311052e+00 -6.8311052e+00 -6.8311052e+00 +1.9513473e+00 +1.9513473e+00 +1.9513473e+00 +1.9513473e+00 +2.3610701e+00 +2.3610701e+00 +2.3610701e+00 +2.3610701e+00 
-4.5585163e+01 -4.5585163e+01 -4.5585163e+01 -4.5585163e+01 -4.5585130e+01 -4.5585130e+01 -4.5585130e+01 -4.5585130e+01 -4.5585094e+01 -4.5585094e+01 -4.5585094e+01 -4.5585094e+01 -4.5584810e+01 -4.5584810e+01 -4.5584810e+01 -4.5584810e+01 -4.5584751e+01 -4.5584751e+01 -4.5584751e+01 -4.5584751e+01 -2.1339942e+01 -2.1339942e+01 -2.1339942e+01 -2.1339942e+01 -7.3481360e+00 -7.3481360e+00 -7.3481360e+00 -7.3481360e+00 -7.0378840e+00 -7.0378840e+00 -7.0378840e+00 -7.0378840e+00 -6.8310528e+00 -6.8310528e+00 -6.8310528e+00 -6.8310528e+00 +1.8117907e+00 +1.8117907e+00 +1.8117907e+00 +1.8117907e+00 +2.4232962e+00 +2.4232962e+00 +2.4232962e+00 +2.4232962e+00 
-4.5585159e+01 -4.5585159e+01 -4.5585159e+01 -4.5585159e+01 -4.5585130e+01 -4.5585130e+01 -4.5585130e+01 -4.5585130e+01 -4.5585099e+01 -4.5585099e+01 -4.5585099e+01 -4.5585099e+01 -4.5584804e+01 -4.5584804e+01 -4.5584804e+01 -4.5584804e+01 -4.5584751e+01 -4.5584751e+01 -4.5584751e+01 -4.5584751e+01 -2.1340005e+01 -2.1340005e+01 -2.1340005e+01 -2.1340005e+01 -7.3683489e+00 -7.3683489e+00 -7.3683489e+00 -7.3683489e+00 -7.0145207e+00 -7.0145207e+00 -7.0145207e+00 -7.0145207e+00 -6.8309820e+00 -6.8309820e+00 -6.8309820e+00 -6.8309820e+00 +1.6701861e+00 +1.6701861e+00 +1.6701861e+00 +1.6701861e+00 +2.4806173e+00 +2.4806173e+00 +2.4806173e+00 +2.4806173e+00 
-4.5585156e+01 -4.5585156e+01 -4.5585156e+01 -4.5585156e+01 -4.5585130e+01 -4.5585130e+01 -4.5585130e+01 -4.5585130e+01 -4.5585105e+01 -4.5585105e+01 -4.5585105e+01 -4.5585105e+01 -4.5584798e+01 -4.5584798e+01 -4.5584798e+01 -4.5584798e+01 -4.5584751e+01 -4.5584751e+01 -4.5584751e+01 -4.5584751e+01 -2.1340082e+01 -2.1340082e+01 -2.1340082e+01 -2.1340082e+01 -7.3895921e+00 -7.3895921e+00 -7.3895921e+00 -7.3895921e+00 -6.9894395e+00 -6.9894395e+00 -6.9894395e+00 -6.9894395e+00 -6.8308955e+00 -6.8308955e+00 -6.8308955e+00 -6.8308955e+00 +1.5318861e+00 +1.5318861e+00 +1.5318861e+00 +1.5318861e+00 +2.5370243e+00 +2.5370243e+00 +2.5370243e+00 +2.5370243e+00 
-4.5585153e+01 -4.5585153e+01 -4.5585153e+01 -4.5585153e+01 -4.5585130e+01 -4.5585130e+01 -4.5585130e+01 -4.5585130e+01 -4.5585112e+01 -4.5585112e+01 -4.5585112e+01 -4.5585112e+01 -4.5584791e+01 -4.5584791e+01 -4.5584791e+01 -4.5584791e+01 -4.5584751e+01 -4.5584751e+01 -4.5584751e+01 -4.5584751e+01 -2.1340172e+01 -2.1340172e+01 -2.1340172e+01 -2.1340172e+01 -7.4106473e+00 -7.4106473e+00 -7.4106473e+00 -7.4106473e+00 -6.9640114e+00 -6.9640114e+00 -6.9640114e+00 -6.9640114e+00 -6.8307966e+00 -6.8307966e+00 -6.8307966e+00 -6.8307966e+00 +1.4005424e+00 +1.4005424e+00 +1.4005424e+00 +1.4005424e+00 +2.5940421e+00 +2.5940421e+00 +2.5940421e+00 +2.5940421e+00 
-4.5585150e+01 -4.5585150e+01 -4.5585150e+01 -4.5585150e+01 -4.5585130e+01 -4.5585130e+01 -4.5585130e+01 -4.5585130e+01 -4.5585118e+01 -4.5585118e+01 -4.5585118e+01 -4.5585118e+01 -4.5584785e+01 -4.5584785e+01 -4.5584785e+01 -4.5584785e+01 -4.5584751e+01 -4.5584751e+01 -4.5584751e+01 -4.5584751e+01 -2.1340271e+01 -2.1340271e+01 -2.1340271e+01 -2.1340271e+01 -7.4306964e+00 -7.4306964e+00 -7.4306964e+00 -7.4306964e+00 -6.9392338e+00 -6.9392338e+00 -6.9392338e+00 -6.9392338e+00 -6.8306890e+00 -6.8306890e+00 -6.8306890e+00 -6.8306890e+00 +1.2786400e+00 +1.2786400e+00 +1.2786400e+00 +1.2786400e+00 +2.6515443e+00 +2.6515443e+00 +2.6515443e+00 +2.6515443e+00 
-4.5585148e+01 -4.5585148e+01 -4.5585148e+01 -4.5585148e+01 -4.5585128e+01 -4.5585128e+01 -4.5585128e+01 -4.5585128e+01 -4.5585125e+01 -4.5585125e+01 -4.5585125e+01 -4.5585125e+01 -4.5584778e+01 -4.5584778e+01 -4.5584778e+01 -4.5584778e+01 -4.5584752e+01 -4.5584752e+01 -4.5584752e+01 -4.5584752e+01 -2.1340375e+01 -2.1340375e+01 -2.1340375e+01 -2.1340375e+01 -7.4491810e+00 -7.4491810e+00 -7.4491810e+00 -7.4491810e+00 -6.9158643e+00 -6.9158643e+00 -6.9158643e+00 -6.9158643e+00 -6.8305771e+00 -6.8305771e+00 -6.8305771e+00 -6.8305771e+00 +1.1679333e+00 +1.1679333e+00 +1.1679333e+00 +1.1679333e+00 +2.7084253e+00 +2.7084253e+00 +2.7084253e+00 +2.7084253e+00 
-4.5585147e+01 -4.5585147e+01 -4.5585147e+01 -4.5585147e+01 -4.5585131e+01 -4.5585131e+01 -4.5585131e+01 -4.5585131e+01 -4.5585126e+01 -4.5585126e+01 -4.5585126e+01 -4.5585126e+01 -4.5584772e+01 -4.5584772e+01 -4.5584772e+01 -4.5584772e+01 -4.5584752e+01 -4.5584752e+01 -4.5584752e+01 -4.5584752e+01 -2.1340480e+01 -2.1340480e+01 -2.1340480e+01 -2.1340480e+01 -7.4657141e+00 -7.4657141e+00 -7.4657141e+00 -7.4657141e+00 -6.8945025e+00 -6.8945025e+00 -6.8945025e+00 -6.8945025e+00 -6.8304657e+00 -6.8304657e+00 -6.8304657e+00 -6.8304657e+00 +1.0697253e+00 +1.0697253e+00 +1.0697253e+00 +1.0697253e+00 +2.7630465e+00 +2.7630465e+00 +2.7630465e+00 +2.7630465e+00 
-4.5585148e+01 -4.5585148e+01 -4.5585148e+01 -4.5585148e+01 -4.5585136e+01 -4.5585136e+01 -4.5585136e+01 -4.5585136e+01 -4.5585123e+01 -4.5585123e+01 -4.5585123e+01 -4.5585123e+01 -4.5584767e+01 -4.5584767e+01 -4.5584767e+01 -4.5584767e+01 -4.5584752e+01 -4.5584752e+01 -4.5584752e+01 -4.5584752e+01 -2.1340580e+01 -2.1340580e+01 -2.1340580e+01 -2.1340580e+01 -7.4800251e+00 -7.4800251e+00 -7.4800251e+00 -7.4800251e+00 -6.8756357e+00 -6.8756357e+00 -6.8756357e+00 -6.8756357e+00 -6.8303598e+00 -6.8303598e+00 -6.8303598e+00 -6.8303598e+00 +9.8502804e-01 +9.8502804e-01 +9.8502804e-01 +9.8502804e-01 +2.8135336e+00 +2.8135336e+00 +2.8135336e+00 +2.8135336e+00 
-4.5585148e+01 -4.5585148e+01 -4.5585148e+01 -4.5585148e+01 -4.5585141e+01 -4.5585141e+01 -4.5585141e+01 -4.5585141e+01 -4.5585120e+01 -4.5585120e+01 -4.5585120e+01 -4.5585120e+01 -4.5584762e+01 -4.5584762e+01 -4.5584762e+01 -4.5584762e+01 -4.5584753e+01 -4.5584753e+01 -4.5584753e+01 -4.5584753e+01 -2.1340671e+01 -2.1340671e+01 -2.1340671e+01 -2.1340671e+01 -7.4919257e+00 -7.4919257e+00 -7.4919257e+00 -7.4919257e+00 -6.8596628e+00 -6.8596628e+00 -6.8596628e+00 -6.8596628e+00 -6.8302645e+00 -6.8302645e+00 -6.8302645e+00 -6.8302645e+00 +9.1465026e-01 +9.1465026e-01 +9.1465026e-01 +9.1465026e-01 +2.8579861e+00 +2.8579861e+00 +2.8579861e+00 +2.8579861e+00 
-4.5585149e+01 -4.5585149e+01 -4.5585149e+01 -4.5585149e+01 -4.5585145e+01 -4.5585145e+01 -4.5585145e+01 -4.5585145e+01 -4.5585118e+01 -4.5585118e+01 -4.5585118e+01 -4.5585118e+01 -4.5584759e+01 -4.5584759e+01 -4.5584759e+01 -4.5584759e+01 -4.5584753e+01 -4.5584753e+01 -4.5584753e+01 -4.5584753e+01 -2.1340748e+01 -2.1340748e+01 -2.1340748e+01 -2.1340748e+01 -7.5012876e+00 -7.5012876e+00 -7.5012876e+00 -7.5012876e+00 -6.8469057e+00 -6.8469057e+00 -6.8469057e+00 -6.8469057e+00 -6.8301844e+00 -6.8301844e+00 -6.8301844e+00 -6.8301844e+00 +8.5923900e-01 +8.5923900e-01 +8.5923900e-01 +8.5923900e-01 +2.8946369e+00 +2.8946369e+00 +2.8946369e+00 +2.8946369e+00 
-4.5585149e+01 -4.5585149e+01 -4.5585149e+01 -4.5585149e+01 -4.5585148e+01 -4.5585148e+01 -4.5585148e+01 -4.5585148e+01 -4.5585116e+01 -4.5585116e+01 -4.5585116e+01 -4.5585116e+01 -4.5584756e+01 -4.5584756e+01 -4.5584756e+01 -4.5584756e+01 -4.5584754e+01 -4.5584754e+01 -4.5584754e+01 -4.5584754e+01 -2.1340806e+01 -2.1340806e+01 -2.1340806e+01 -2.1340806e+01 -7.5080257e+00 -7.5080257e+00 -7.5080257e+00 -7.5080257e+00 -6.8376143e+00 -6.8376143e+00 -6.8376143e+00 -6.8376143e+00 -6.8301238e+00 -6.8301238e+00 -6.8301238e+00 -6.8301238e+00 +8.1929679e-01 +8.1929679e-01 +8.1929679e-01 +8.1929679e-01 +2.9219793e+00 +2.9219793e+00 +2.9219793e+00 +2.9219793e+00 
-4.5585150e+01 -4.5585150e+01 -4.5585150e+01 -4.5585150e+01 -4.5585149e+01 -4.5585149e+01 -4.5585149e+01 -4.5585149e+01 -4.5585115e+01 -4.5585115e+01 -4.5585115e+01 -4.5585115e+01 -4.5584755e+01 -4.5584755e+01 -4.5584755e+01 -4.5584755e+01 -4.5584754e+01 -4.5584754e+01 -4.5584754e+01 -4.5584754e+01 -2.1340843e+01 -2.1340843e+01 -2.1340843e+01 -2.1340843e+01 -7.5120874e+00 -7.5120874e+00 -7.5120874e+00 -7.5120874e+00 -6.8319675e+00 -6.8319675e+00 -6.8319675e+00 -6.8319675e+00 -6.8300860e+00 -6.8300860e+00 -6.8300860e+00 -6.8300860e+00 +7.9518537e-01 +7.9518537e-01 +7.9518537e-01 +7.9518537e-01 +2.9388647e+00 +2.9388647e+00 +2.9388647e+00 +2.9388647e+00 
-4.5585150e+01 -4.5585150e+01 -4.5585150e+01 -4.5585150e+01 -4.5585150e+01 -4.5585150e+01 -4.5585150e+01 -4.5585150e+01 -4.5585115e+01 -4.5585115e+01 -4.5585115e+01 -4.5585115e+01 -4.5584754e+01 -4.5584754e+01 -4.5584754e+01 -4.5584754e+01 -4.5584754e+01 -4.5584754e+01 -4.5584754e+01 -4.5584754e+01 -2.1340855e+01 -2.1340855e+01 -2.1340855e+01 -2.1340855e+01 -7.5134443e+00 -7.5134443e+00 -7.5134443e+00 -7.5134443e+00 -6.8300732e+00 -6.8300732e+00 -6.8300732e+00 -6.8300732e+00 -6.8300732e+00 -6.8300732e+00 -6.8300732e+00 -6.8300732e+00 +7.8712376e-01 +7.8712376e-01 +7.8712376e-01 +7.8712376e-01 +2.9445746e+00 +2.9445746e+00 +2.9445746e+00 +2.9445746e+00 
