# num high symmetry points
8
# label high symmetry points
G X M G R X M R 
# indices high symmetry points
1 25 49 83 124 158 159 183 
# nk, nb, ns
183 16 1
# k-points (frac coords)
+0.0000000e+00 +0.0000000e+00 +0.0000000e+00 
+0.0000000e+00 +2.0833333e-02 +0.0000000e+00 
+0.0000000e+00 +4.1666667e-02 +0.0000000e+00 
+0.0000000e+00 +6.2500000e-02 +0.0000000e+00 
+0.0000000e+00 +8.3333333e-02 +0.0000000e+00 
+0.0000000e+00 +1.0416667e-01 +0.0000000e+00 
+0.0000000e+00 +1.2500000e-01 +0.0000000e+00 
+0.0000000e+00 +1.4583333e-01 +0.0000000e+00 
+0.0000000e+00 +1.6666667e-01 +0.0000000e+00 
+0.0000000e+00 +1.8750000e-01 +0.0000000e+00 
+0.0000000e+00 +2.0833333e-01 +0.0000000e+00 
+0.0000000e+00 +2.2916667e-01 +0.0000000e+00 
+0.0000000e+00 +2.5000000e-01 +0.0000000e+00 
+0.0000000e+00 +2.7083333e-01 +0.0000000e+00 
+0.0000000e+00 +2.9166667e-01 +0.0000000e+00 
+0.0000000e+00 +3.1250000e-01 +0.0000000e+00 
+0.0000000e+00 +3.3333333e-01 +0.0000000e+00 
+0.0000000e+00 +3.5416667e-01 +0.0000000e+00 
+0.0000000e+00 +3.7500000e-01 +0.0000000e+00 
+0.0000000e+00 +3.9583333e-01 +0.0000000e+00 
+0.0000000e+00 +4.1666667e-01 +0.0000000e+00 
+0.0000000e+00 +4.3750000e-01 +0.0000000e+00 
+0.0000000e+00 +4.5833333e-01 +0.0000000e+00 
+0.0000000e+00 +4.7916667e-01 +0.0000000e+00 
+0.0000000e+00 +5.0000000e-01 +0.0000000e+00 
+2.0833333e-02 +5.0000000e-01 +0.0000000e+00 
+4.1666667e-02 +5.0000000e-01 +0.0000000e+00 
+6.2500000e-02 +5.0000000e-01 +0.0000000e+00 
+8.3333333e-02 +5.0000000e-01 +0.0000000e+00 
+1.0416667e-01 +5.0000000e-01 +0.0000000e+00 
+1.2500000e-01 +5.0000000e-01 +0.0000000e+00 
+1.4583333e-01 +5.0000000e-01 +0.0000000e+00 
+1.6666667e-01 +5.0000000e-01 +0.0000000e+00 
+1.8750000e-01 +5.0000000e-01 +0.0000000e+00 
+2.0833333e-01 +5.0000000e-01 +0.0000000e+00 
+2.2916667e-01 +5.0000000e-01 +0.0000000e+00 
+2.5000000e-01 +5.0000000e-01 +0.0000000e+00 
+2.7083333e-01 +5.0000000e-01 +0.0000000e+00 
+2.9166667e-01 +5.0000000e-01 +0.0000000e+00 
+3.1250000e-01 +5.0000000e-01 +0.0000000e+00 
+3.3333333e-01 +5.0000000e-01 +0.0000000e+00 
+3.5416667e-01 +5.0000000e-01 +0.0000000e+00 
+3.7500000e-01 +5.0000000e-01 +0.0000000e+00 
+3.9583333e-01 +5.0000000e-01 +0.0000000e+00 
+4.1666667e-01 +5.0000000e-01 +0.0000000e+00 
+4.3750000e-01 +5.0000000e-01 +0.0000000e+00 
+4.5833333e-01 +5.0000000e-01 +0.0000000e+00 
+4.7916667e-01 +5.0000000e-01 +0.0000000e+00 
+5.0000000e-01 +5.0000000e-01 +0.0000000e+00 
+4.8529412e-01 +4.8529412e-01 +0.0000000e+00 
+4.7058824e-01 +4.7058824e-01 +0.0000000e+00 
+4.5588235e-01 +4.5588235e-01 +0.0000000e+00 
+4.4117647e-01 +4.4117647e-01 +0.0000000e+00 
+4.2647059e-01 +4.2647059e-01 +0.0000000e+00 
+4.1176471e-01 +4.1176471e-01 +0.0000000e+00 
+3.9705882e-01 +3.9705882e-01 +0.0000000e+00 
+3.8235294e-01 +3.8235294e-01 +0.0000000e+00 
+3.6764706e-01 +3.6764706e-01 +0.0000000e+00 
+3.5294118e-01 +3.5294118e-01 +0.0000000e+00 
+3.3823529e-01 +3.3823529e-01 +0.0000000e+00 
+3.2352941e-01 +3.2352941e-01 +0.0000000e+00 
+3.0882353e-01 +3.0882353e-01 +0.0000000e+00 
+2.9411765e-01 +2.9411765e-01 +0.0000000e+00 
+2.7941176e-01 +2.7941176e-01 +0.0000000e+00 
+2.6470588e-01 +2.6470588e-01 +0.0000000e+00 
+2.5000000e-01 +2.5000000e-01 +0.0000000e+00 
+2.3529412e-01 +2.3529412e-01 +0.0000000e+00 
+2.2058824e-01 +2.2058824e-01 +0.0000000e+00 
+2.0588235e-01 +2.0588235e-01 +0.0000000e+00 
+1.9117647e-01 +1.9117647e-01 +0.0000000e+00 
+1.7647059e-01 +1.7647059e-01 +0.0000000e+00 
+1.6176471e-01 +1.6176471e-01 +0.0000000e+00 
+1.4705882e-01 +1.4705882e-01 +0.0000000e+00 
+1.3235294e-01 +1.3235294e-01 +0.0000000e+00 
+1.1764706e-01 +1.1764706e-01 +0.0000000e+00 
+1.0294118e-01 +1.0294118e-01 +0.0000000e+00 
+8.8235294e-02 +8.8235294e-02 +0.0000000e+00 
+7.3529412e-02 +7.3529412e-02 +0.0000000e+00 
+5.8823529e-02 +5.8823529e-02 +0.0000000e+00 
+4.4117647e-02 +4.4117647e-02 +0.0000000e+00 
+2.9411765e-02 +2.9411765e-02 +0.0000000e+00 
+1.4705882e-02 +1.4705882e-02 +0.0000000e+00 
+0.0000000e+00 +0.0000000e+00 +0.0000000e+00 
+1.2195122e-02 +1.2195122e-02 +1.2195122e-02 
+2.4390244e-02 +2.4390244e-02 +2.4390244e-02 
+3.6585366e-02 +3.6585366e-02 +3.6585366e-02 
+4.8780488e-02 +4.8780488e-02 +4.8780488e-02 
+6.0975610e-02 +6.0975610e-02 +6.0975610e-02 
+7.3170732e-02 +7.3170732e-02 +7.3170732e-02 
+8.5365854e-02 +8.5365854e-02 +8.5365854e-02 
+9.7560976e-02 +9.7560976e-02 +9.7560976e-02 
+1.0975610e-01 +1.0975610e-01 +1.0975610e-01 
+1.2195122e-01 +1.2195122e-01 +1.2195122e-01 
+1.3414634e-01 +1.3414634e-01 +1.3414634e-01 
+1.4634146e-01 +1.4634146e-01 +1.4634146e-01 
+1.5853659e-01 +1.5853659e-01 +1.5853659e-01 
+1.7073171e-01 +1.7073171e-01 +1.7073171e-01 
+1.8292683e-01 +1.8292683e-01 +1.8292683e-01 
+1.9512195e-01 +1.9512195e-01 +1.9512195e-01 
+2.0731707e-01 +2.0731707e-01 +2.0731707e-01 
+2.1951220e-01 +2.1951220e-01 +2.1951220e-01 
+2.3170732e-01 +2.3170732e-01 +2.3170732e-01 
+2.4390244e-01 +2.4390244e-01 +2.4390244e-01 
+2.5609756e-01 +2.5609756e-01 +2.5609756e-01 
+2.6829268e-01 +2.6829268e-01 +2.6829268e-01 
+2.8048780e-01 +2.8048780e-01 +2.8048780e-01 
+2.9268293e-01 +2.9268293e-01 +2.9268293e-01 
+3.0487805e-01 +3.0487805e-01 +3.0487805e-01 
+3.1707317e-01 +3.1707317e-01 +3.1707317e-01 
+3.2926829e-01 +3.2926829e-01 +3.2926829e-01 
+3.4146341e-01 +3.4146341e-01 +3.4146341e-01 
+3.5365854e-01 +3.5365854e-01 +3.5365854e-01 
+3.6585366e-01 +3.6585366e-01 +3.6585366e-01 
+3.7804878e-01 +3.7804878e-01 +3.7804878e-01 
+3.9024390e-01 +3.9024390e-01 +3.9024390e-01 
+4.0243902e-01 +4.0243902e-01 +4.0243902e-01 
+4.1463415e-01 +4.1463415e-01 +4.1463415e-01 
+4.2682927e-01 +4.2682927e-01 +4.2682927e-01 
+4.3902439e-01 +4.3902439e-01 +4.3902439e-01 
+4.5121951e-01 +4.5121951e-01 +4.5121951e-01 
+4.6341463e-01 +4.6341463e-01 +4.6341463e-01 
+4.7560976e-01 +4.7560976e-01 +4.7560976e-01 
+4.8780488e-01 +4.8780488e-01 +4.8780488e-01 
+5.0000000e-01 +5.0000000e-01 +5.0000000e-01 
+4.8529412e-01 +5.0000000e-01 +4.8529412e-01 
+4.7058824e-01 +5.0000000e-01 +4.7058824e-01 
+4.5588235e-01 +5.0000000e-01 +4.5588235e-01 
+4.4117647e-01 +5.0000000e-01 +4.4117647e-01 
+4.2647059e-01 +5.0000000e-01 +4.2647059e-01 
+4.1176471e-01 +5.0000000e-01 +4.1176471e-01 
+3.9705882e-01 +5.0000000e-01 +3.9705882e-01 
+3.8235294e-01 +5.0000000e-01 +3.8235294e-01 
+3.6764706e-01 +5.0000000e-01 +3.6764706e-01 
+3.5294118e-01 +5.0000000e-01 +3.5294118e-01 
+3.3823529e-01 +5.0000000e-01 +3.3823529e-01 
+3.2352941e-01 +5.0000000e-01 +3.2352941e-01 
+3.0882353e-01 +5.0000000e-01 +3.0882353e-01 
+2.9411765e-01 +5.0000000e-01 +2.9411765e-01 
+2.7941176e-01 +5.0000000e-01 +2.7941176e-01 
+2.6470588e-01 +5.0000000e-01 +2.6470588e-01 
+2.5000000e-01 +5.0000000e-01 +2.5000000e-01 
+2.3529412e-01 +5.0000000e-01 +2.3529412e-01 
+2.2058824e-01 +5.0000000e-01 +2.2058824e-01 
+2.0588235e-01 +5.0000000e-01 +2.0588235e-01 
+1.9117647e-01 +5.0000000e-01 +1.9117647e-01 
+1.7647059e-01 +5.0000000e-01 +1.7647059e-01 
+1.6176471e-01 +5.0000000e-01 +1.6176471e-01 
+1.4705882e-01 +5.0000000e-01 +1.4705882e-01 
+1.3235294e-01 +5.0000000e-01 +1.3235294e-01 
+1.1764706e-01 +5.0000000e-01 +1.1764706e-01 
+1.0294118e-01 +5.0000000e-01 +1.0294118e-01 
+8.8235294e-02 +5.0000000e-01 +8.8235294e-02 
+7.3529412e-02 +5.0000000e-01 +7.3529412e-02 
+5.8823529e-02 +5.0000000e-01 +5.8823529e-02 
+4.4117647e-02 +5.0000000e-01 +4.4117647e-02 
+2.9411765e-02 +5.0000000e-01 +2.9411765e-02 
+1.4705882e-02 +5.0000000e-01 +1.4705882e-02 
+0.0000000e+00 +5.0000000e-01 +0.0000000e+00 
+5.0000000e-01 +5.0000000e-01 +0.0000000e+00 
+5.0000000e-01 +5.0000000e-01 +2.0833333e-02 
+5.0000000e-01 +5.0000000e-01 +4.1666667e-02 
+5.0000000e-01 +5.0000000e-01 +6.2500000e-02 
+5.0000000e-01 +5.0000000e-01 +8.3333333e-02 
+5.0000000e-01 +5.0000000e-01 +1.0416667e-01 
+5.0000000e-01 +5.0000000e-01 +1.2500000e-01 
+5.0000000e-01 +5.0000000e-01 +1.4583333e-01 
+5.0000000e-01 +5.0000000e-01 +1.6666667e-01 
+5.0000000e-01 +5.0000000e-01 +1.8750000e-01 
+5.0000000e-01 +5.0000000e-01 +2.0833333e-01 
+5.0000000e-01 +5.0000000e-01 +2.2916667e-01 
+5.0000000e-01 +5.0000000e-01 +2.5000000e-01 
+5.0000000e-01 +5.0000000e-01 +2.7083333e-01 
+5.0000000e-01 +5.0000000e-01 +2.9166667e-01 
+5.0000000e-01 +5.0000000e-01 +3.1250000e-01 
+5.0000000e-01 +5.0000000e-01 +3.3333333e-01 
+5.0000000e-01 +5.0000000e-01 +3.5416667e-01 
+5.0000000e-01 +5.0000000e-01 +3.7500000e-01 
+5.0000000e-01 +5.0000000e-01 +3.9583333e-01 
+5.0000000e-01 +5.0000000e-01 +4.1666667e-01 
+5.0000000e-01 +5.0000000e-01 +4.3750000e-01 
+5.0000000e-01 +5.0000000e-01 +4.5833333e-01 
+5.0000000e-01 +5.0000000e-01 +4.7916667e-01 
+5.0000000e-01 +5.0000000e-01 +5.0000000e-01 
# energies (kpt,band,spin)
# spin = 1
-2.2828178e+01 -2.2757105e+01 -2.2757105e+01 -2.2755875e+01 -4.9962411e-01 -4.9962411e-01 -4.9962411e-01 -1.8106585e-01 -1.8106585e-01 -1.8106585e-01 -1.7916664e-01 -1.7916664e-01 -1.7916664e-01 -1.0011795e-06 -9.9999131e-07 -9.9999130e-07 
-2.2828103e+01 -2.2757158e+01 -2.2757105e+01 -2.2755900e+01 -4.9928778e-01 -4.9928778e-01 -4.9913089e-01 -1.8118163e-01 -1.8118162e-01 -1.8109784e-01 -1.7920735e-01 -1.7920735e-01 -1.7919863e-01 -5.7902438e-04 -1.9527440e-04 -1.9527322e-04 
-2.2827878e+01 -2.2757329e+01 -2.2757105e+01 -2.2755963e+01 -4.9828016e-01 -4.9828016e-01 -4.9765282e-01 -1.8186493e-01 -1.8186493e-01 -1.8119326e-01 -1.7929405e-01 -1.7899275e-01 -1.7899275e-01 -2.3100481e-03 -7.7724321e-04 -7.7724202e-04 
-2.2827505e+01 -2.2757642e+01 -2.2757105e+01 -2.2756037e+01 -4.9660535e-01 -4.9660535e-01 -4.9519469e-01 -1.8341736e-01 -1.8341736e-01 -1.8135048e-01 -1.7945127e-01 -1.7821895e-01 -1.7821895e-01 -5.1849466e-03 -1.7443590e-03 -1.7443578e-03 
-2.2826984e+01 -2.2758119e+01 -2.2757105e+01 -2.2756101e+01 -4.9427017e-01 -4.9427017e-01 -4.9176450e-01 -1.8575475e-01 -1.8575474e-01 -1.8156681e-01 -1.7966760e-01 -1.7696633e-01 -1.7696633e-01 -9.1885902e-03 -3.0923871e-03 -3.0923859e-03 
-2.2826317e+01 -2.2758762e+01 -2.2757105e+01 -2.2756149e+01 -4.9128412e-01 -4.9128412e-01 -4.8737344e-01 -1.8880213e-01 -1.8880213e-01 -1.8183855e-01 -1.7993934e-01 -1.7530456e-01 -1.7530455e-01 -1.4299961e-02 -4.8154272e-03 -4.8154260e-03 
-2.2825509e+01 -2.2759567e+01 -2.2757105e+01 -2.2756182e+01 -4.8765940e-01 -4.8765940e-01 -4.8203592e-01 -1.9252300e-01 -1.9252299e-01 -1.8216104e-01 -1.8026184e-01 -1.7326341e-01 -1.7326341e-01 -2.0492312e-02 -6.9059398e-03 -6.9059386e-03 
-2.2824560e+01 -2.2760526e+01 -2.2757105e+01 -2.2756205e+01 -4.8341078e-01 -4.8341078e-01 -4.7576958e-01 -1.9689203e-01 -1.9689202e-01 -1.8252877e-01 -1.8062957e-01 -1.7086007e-01 -1.7086007e-01 -2.7733372e-02 -9.3547824e-03 -9.3547812e-03 
-2.2823477e+01 -2.2761630e+01 -2.2757105e+01 -2.2756222e+01 -4.7855565e-01 -4.7855565e-01 -4.6859528e-01 -2.0188591e-01 -2.0188591e-01 -1.8293545e-01 -1.8103625e-01 -1.6810834e-01 -1.6810834e-01 -3.5985586e-02 -1.2151251e-02 -1.2151250e-02 
-2.2822262e+01 -2.2762873e+01 -2.2757105e+01 -2.2756233e+01 -4.7311386e-01 -4.7311386e-01 -4.6053713e-01 -2.0748049e-01 -2.0748049e-01 -1.8337412e-01 -1.8147492e-01 -1.6502159e-01 -1.6502158e-01 -4.5206398e-02 -1.5283131e-02 -1.5283130e-02 
-2.2820921e+01 -2.2764248e+01 -2.2757105e+01 -2.2756242e+01 -4.6710773e-01 -4.6710773e-01 -4.5162247e-01 -2.1364980e-01 -2.1364980e-01 -1.8383726e-01 -1.8193807e-01 -1.6161375e-01 -1.6161375e-01 -5.5348557e-02 -1.8736751e-02 -1.8736750e-02 
-2.2819460e+01 -2.2765746e+01 -2.2757105e+01 -2.2756249e+01 -4.6056194e-01 -4.6056194e-01 -4.4188189e-01 -2.2036577e-01 -2.2036577e-01 -1.8431697e-01 -1.8241777e-01 -1.5789971e-01 -1.5789970e-01 -6.6360466e-02 -2.2497051e-02 -2.2497050e-02 
-2.2817884e+01 -2.2767362e+01 -2.2757105e+01 -2.2756254e+01 -4.5350341e-01 -4.5350341e-01 -4.3134921e-01 -2.2759818e-01 -2.2759818e-01 -1.8480502e-01 -1.8290582e-01 -1.5389542e-01 -1.5389542e-01 -7.8186541e-02 -2.6547645e-02 -2.6547644e-02 
-2.2816200e+01 -2.2769086e+01 -2.2757105e+01 -2.2756258e+01 -4.4596127e-01 -4.4596127e-01 -4.2006149e-01 -2.3531470e-01 -2.3531470e-01 -1.8529308e-01 -1.8339387e-01 -1.4961799e-01 -1.4961798e-01 -9.0767605e-02 -3.0870900e-02 -3.0870899e-02 
-2.2814414e+01 -2.2770912e+01 -2.2757105e+01 -2.2756261e+01 -4.3796670e-01 -4.3796670e-01 -4.0805895e-01 -2.4348099e-01 -2.4348099e-01 -1.8577278e-01 -1.8387356e-01 -1.4508557e-01 -1.4508557e-01 -1.0404129e-01 -3.5448018e-02 -3.5448017e-02 
-2.2812535e+01 -2.2772831e+01 -2.2757105e+01 -2.2756263e+01 -4.2955283e-01 -4.2955283e-01 -3.9538501e-01 -2.5206088e-01 -2.5206088e-01 -1.8623593e-01 -1.8433670e-01 -1.4031740e-01 -1.4031740e-01 -1.1794243e-01 -4.0259117e-02 -4.0259116e-02 
-2.2810570e+01 -2.2774835e+01 -2.2757105e+01 -2.2756265e+01 -4.2075464e-01 -4.2075463e-01 -3.8208618e-01 -2.6101648e-01 -2.6101648e-01 -1.8667462e-01 -1.8477534e-01 -1.3533369e-01 -1.3533369e-01 -1.3240353e-01 -4.5283323e-02 -4.5283322e-02 
-2.2808527e+01 -2.2776913e+01 -2.2757105e+01 -2.2756267e+01 -4.1160878e-01 -4.1160878e-01 -3.6821201e-01 -2.7030836e-01 -2.7030836e-01 -1.8708134e-01 -1.8518200e-01 -1.4735513e-01 -1.3015560e-01 -1.3015559e-01 -5.0498866e-02 -5.0498864e-02 
-2.2806414e+01 -2.2779058e+01 -2.2757105e+01 -2.2756268e+01 -4.0215348e-01 -4.0215348e-01 -3.5381505e-01 -2.7989577e-01 -2.7989577e-01 -1.8744922e-01 -1.8554971e-01 -1.6272621e-01 -1.2480508e-01 -1.2480508e-01 -5.5883172e-02 -5.5883171e-02 
-2.2804242e+01 -2.2781259e+01 -2.2757105e+01 -2.2756269e+01 -3.9242837e-01 -3.9242837e-01 -3.3895070e-01 -2.8973678e-01 -2.8973678e-01 -1.8777247e-01 -1.8587218e-01 -1.7844416e-01 -1.1930486e-01 -1.1930486e-01 -6.1412970e-02 -6.1412969e-02 
-2.2802018e+01 -2.2783507e+01 -2.2757105e+01 -2.2756270e+01 -3.8247435e-01 -3.8247435e-01 -3.2367721e-01 -2.9978848e-01 -2.9978848e-01 -1.9444068e-01 -1.8804106e-01 -1.8614390e-01 -1.1367834e-01 -1.1367834e-01 -6.7064389e-02 -6.7064387e-02 
-2.2799754e+01 -2.2785790e+01 -2.2757105e+01 -2.2756270e+01 -3.7233341e-01 -3.7233341e-01 -3.1000721e-01 -3.1000721e-01 -3.0805564e-01 -2.1063404e-01 -1.8825868e-01 -1.8636021e-01 -1.0794948e-01 -1.0794947e-01 -7.2813062e-02 -7.2813060e-02 
-2.2797460e+01 -2.2788099e+01 -2.2757105e+01 -2.2756271e+01 -3.6204847e-01 -3.6204847e-01 -3.2034869e-01 -3.2034869e-01 -2.9215037e-01 -2.2695561e-01 -1.8841609e-01 -1.8651742e-01 -1.0214270e-01 -1.0214270e-01 -7.8634222e-02 -7.8634221e-02 
-2.2795154e+01 -2.2790413e+01 -2.2757105e+01 -2.2756271e+01 -3.5166328e-01 -3.5166328e-01 -3.3076821e-01 -3.3076820e-01 -2.7603344e-01 -2.4332525e-01 -1.8851157e-01 -1.8661283e-01 -9.6282922e-02 -9.6282920e-02 -8.4502729e-02 -8.4502728e-02 
-2.2793181e+01 -2.2792388e+01 -2.2757105e+01 -2.2756271e+01 -3.4130154e-01 -3.4130154e-01 -3.4114145e-01 -3.4114145e-01 -2.6066940e-01 -2.5877401e-01 -1.8854358e-01 -1.8664482e-01 -9.0470063e-02 -9.0470061e-02 -9.0318513e-02 -9.0318512e-02 
-2.2793143e+01 -2.2792349e+01 -2.2757144e+01 -2.2756310e+01 -3.4178472e-01 -3.4161662e-01 -3.4103639e-01 -3.4087631e-01 -2.6124590e-01 -2.5935744e-01 -1.8789033e-01 -1.8599952e-01 -9.0741989e-02 -9.0590435e-02 -9.0106333e-02 -8.9947912e-02 
-2.2793027e+01 -2.2792234e+01 -2.2757259e+01 -2.2756425e+01 -3.4320022e-01 -3.4300912e-01 -3.4024206e-01 -3.4008198e-01 -2.6295186e-01 -2.6108349e-01 -1.8596510e-01 -1.8409712e-01 -9.1556558e-02 -9.1404992e-02 -8.9037509e-02 -8.8859161e-02 
-2.2792835e+01 -2.2792042e+01 -2.2757452e+01 -2.2756618e+01 -3.4545296e-01 -3.4522667e-01 -3.3892180e-01 -3.3876175e-01 -2.6572034e-01 -2.6388329e-01 -1.8286427e-01 -1.8103127e-01 -9.2910149e-02 -9.2758563e-02 -8.7327016e-02 -8.7117565e-02 
-2.2792567e+01 -2.2791774e+01 -2.2757720e+01 -2.2756886e+01 -3.4840501e-01 -3.4813493e-01 -3.3708107e-01 -3.3692104e-01 -2.6945060e-01 -2.6765349e-01 -1.7872808e-01 -1.7693860e-01 -9.4796745e-02 -9.4645130e-02 -8.5069733e-02 -8.4820584e-02 
-2.2792225e+01 -2.2791432e+01 -2.2758063e+01 -2.2757228e+01 -3.5189709e-01 -3.5157821e-01 -3.3472746e-01 -3.3456747e-01 -2.7402050e-01 -2.7226918e-01 -1.7371902e-01 -1.7197808e-01 -9.7207964e-02 -9.7056314e-02 -8.2379623e-02 -8.2084922e-02 
-2.2791809e+01 -2.2791017e+01 -2.2758479e+01 -2.2757644e+01 -3.5576703e-01 -3.5539727e-01 -3.3187070e-01 -3.3171075e-01 -2.7929838e-01 -2.7759621e-01 -1.6800347e-01 -1.6631319e-01 -1.0013310e-01 -9.9981409e-02 -7.9377923e-02 -7.9034294e-02 
-2.2791323e+01 -2.2790531e+01 -2.2758966e+01 -2.2758131e+01 -3.5986199e-01 -3.5944136e-01 -3.2852259e-01 -3.2836268e-01 -2.8515231e-01 -2.8350064e-01 -1.6173949e-01 -1.6009987e-01 -1.0355918e-01 -1.0340744e-01 -7.6183984e-02 -7.5790042e-02 
-2.2790767e+01 -2.2789976e+01 -2.2759523e+01 -2.2758687e+01 -3.6404472e-01 -3.6357458e-01 -3.2469698e-01 -3.2453712e-01 -2.9145614e-01 -2.8985486e-01 -1.5507056e-01 -1.5348026e-01 -1.0747100e-01 -1.0731922e-01 -7.2909336e-02 -7.2465152e-02 
-2.2790144e+01 -2.2789354e+01 -2.2760147e+01 -2.2759310e+01 -3.6819559e-01 -3.6767806e-01 -3.2040973e-01 -3.2024991e-01 -2.9809268e-01 -2.9654075e-01 -1.4812356e-01 -1.4658048e-01 -1.1185127e-01 -1.1169943e-01 -6.9654597e-02 -6.9161216e-02 
-2.2789457e+01 -2.2788668e+01 -2.2760835e+01 -2.2759997e+01 -3.7221215e-01 -3.7164965e-01 -3.1567860e-01 -3.1551883e-01 -3.0495497e-01 -3.0345072e-01 -1.4100927e-01 -1.3951100e-01 -1.1668059e-01 -1.1652870e-01 -6.6508401e-02 -6.5967464e-02 
-2.2788708e+01 -2.2787920e+01 -2.2761584e+01 -2.2760745e+01 -3.7600750e-01 -3.7540251e-01 -3.1194618e-01 -3.1052325e-01 -3.1048768e-01 -3.1036352e-01 -1.3382400e-01 -1.3236806e-01 -1.2193764e-01 -1.2178570e-01 -6.3547579e-02 -6.2961039e-02 
-2.2787902e+01 -2.2787115e+01 -2.2762391e+01 -2.2761551e+01 -3.7950838e-01 -3.7886327e-01 -3.1897902e-01 -3.1756419e-01 -3.0496512e-01 -3.0480544e-01 -1.2759924e-01 -1.2744726e-01 -1.2665152e-01 -1.2523551e-01 -6.0837971e-02 -6.0207905e-02 
-2.2787041e+01 -2.2786256e+01 -2.2763253e+01 -2.2762411e+01 -3.8265333e-01 -3.8197028e-01 -3.2597474e-01 -3.2460155e-01 -2.9902738e-01 -2.9886772e-01 -1.3364045e-01 -1.3348844e-01 -1.1956493e-01 -1.1818665e-01 -5.8435508e-02 -5.7763993e-02 
-2.2786129e+01 -2.2785346e+01 -2.2764166e+01 -2.2763321e+01 -3.8539105e-01 -3.8467198e-01 -3.3286226e-01 -3.3152878e-01 -2.9273483e-01 -2.9257518e-01 -1.4003471e-01 -1.3988269e-01 -1.1262834e-01 -1.1128579e-01 -5.6387317e-02 -5.5676351e-02 
-2.2785170e+01 -2.2784390e+01 -2.2765126e+01 -2.2764279e+01 -3.8767908e-01 -3.8692567e-01 -3.3957732e-01 -3.3828175e-01 -2.8611379e-01 -2.8595411e-01 -1.4675394e-01 -1.4660194e-01 -1.0589818e-01 -1.0458961e-01 -5.4732745e-02 -5.3984206e-02 
-2.2784168e+01 -2.2783392e+01 -2.2766129e+01 -2.2765278e+01 -3.8948276e-01 -3.8869639e-01 -3.4606169e-01 -3.4480241e-01 -2.7919204e-01 -2.7903230e-01 -1.5376868e-01 -1.5361675e-01 -9.9424302e-02 -9.8148181e-02 -5.3504245e-02 -5.2719879e-02 
-2.2783127e+01 -2.2782356e+01 -2.2767170e+01 -2.2766315e+01 -3.9077435e-01 -3.8995617e-01 -3.5226263e-01 -3.5103825e-01 -2.7199871e-01 -2.7183883e-01 -1.6104823e-01 -1.6089642e-01 -9.3250834e-02 -9.2005832e-02 -5.2728129e-02 -5.1909544e-02 
-2.2782052e+01 -2.2781287e+01 -2.2768246e+01 -2.2767384e+01 -3.9153246e-01 -3.9068330e-01 -3.5813244e-01 -3.5694177e-01 -2.6456417e-01 -2.6440407e-01 -1.6856072e-01 -1.6840914e-01 -8.7416841e-02 -8.6201799e-02 -5.2425162e-02 -5.1573850e-02 
-2.2780948e+01 -2.2780191e+01 -2.2769351e+01 -2.2768480e+01 -3.9174153e-01 -3.9086195e-01 -3.6362802e-01 -3.6247016e-01 -2.5692000e-01 -2.5675950e-01 -1.7627326e-01 -1.7612208e-01 -8.1956872e-02 -8.0770740e-02 -5.2611027e-02 -5.1728409e-02 
-2.2779818e+01 -2.2779076e+01 -2.2770481e+01 -2.2769596e+01 -3.9139160e-01 -3.9048174e-01 -3.6871058e-01 -3.6758498e-01 -2.4909895e-01 -2.4893776e-01 -1.8415192e-01 -1.8400142e-01 -7.6901447e-02 -7.5743178e-02 -5.3296608e-02 -5.2384132e-02 
-2.2778669e+01 -2.2777949e+01 -2.2771630e+01 -2.2770724e+01 -3.9047833e-01 -3.8953770e-01 -3.7334508e-01 -3.7225181e-01 -2.4113522e-01 -2.4097273e-01 -1.9216151e-01 -1.9201230e-01 -7.2277681e-02 -7.1145964e-02 -5.4487962e-02 -5.3547361e-02 
-2.2777504e+01 -2.2776828e+01 -2.2772795e+01 -2.2771845e+01 -3.8900415e-01 -3.8803073e-01 -3.7749876e-01 -3.7643940e-01 -2.3306582e-01 -2.3290056e-01 -2.0026424e-01 -2.0011781e-01 -6.8110887e-02 -6.7003254e-02 -5.6185160e-02 -5.5219340e-02 
-2.2776330e+01 -2.2775770e+01 -2.2773970e+01 -2.2772903e+01 -3.8698767e-01 -3.8597263e-01 -3.8113149e-01 -3.8011444e-01 -2.2494100e-01 -2.2476705e-01 -2.0840928e-01 -2.0827154e-01 -6.4434322e-02 -6.3342015e-02 -5.8372858e-02 -5.7391029e-02 
-2.2775150e+01 -2.2775150e+01 -2.2775150e+01 -2.2773523e+01 -3.8491515e-01 -3.8374419e-01 -3.8374419e-01 -3.8288328e-01 -2.1770501e-01 -2.1739332e-01 -2.1565205e-01 -2.1565205e-01 -6.1751735e-02 -6.0557976e-02 -6.0557976e-02 -5.9677369e-02 
-2.2776611e+01 -2.2775112e+01 -2.2774466e+01 -2.2772783e+01 -3.8742761e-01 -3.8393607e-01 -3.8382288e-01 -3.7902397e-01 -2.2829455e-01 -2.1747117e-01 -2.1557437e-01 -2.0504884e-01 -6.5024391e-02 -6.1106740e-02 -6.0990706e-02 -5.6414238e-02 
-2.2778320e+01 -2.2774998e+01 -2.2774249e+01 -2.2771406e+01 -3.8958767e-01 -3.8417607e-01 -3.8406155e-01 -3.7317162e-01 -2.4004442e-01 -2.1723903e-01 -2.1534196e-01 -1.9372303e-01 -6.9314831e-02 -6.2401805e-02 -6.2281693e-02 -5.2495319e-02 
-2.2780134e+01 -2.2774809e+01 -2.2774035e+01 -2.2769993e+01 -3.9056596e-01 -3.8457520e-01 -3.8446797e-01 -3.6608238e-01 -2.5189652e-01 -2.1685395e-01 -2.1495681e-01 -1.8257405e-01 -7.3754945e-02 -6.4528465e-02 -6.4409411e-02 -4.8678667e-02 
-2.2782023e+01 -2.2774546e+01 -2.2773764e+01 -2.2768637e+01 -3.9035317e-01 -3.8514409e-01 -3.8505496e-01 -3.5781752e-01 -2.6381270e-01 -2.1631938e-01 -2.1442219e-01 -1.7163383e-01 -7.8300242e-02 -6.7454587e-02 -6.7338254e-02 -4.4999936e-02 
-2.2783975e+01 -2.2774212e+01 -2.2773426e+01 -2.2767355e+01 -3.8900137e-01 -3.8586938e-01 -3.8584023e-01 -3.4842531e-01 -2.7576188e-01 -2.1563987e-01 -2.1374263e-01 -1.6092510e-01 -8.2931581e-02 -7.1131197e-02 -7.1018954e-02 -4.1470537e-02 
-2.2785979e+01 -2.2773810e+01 -2.2773022e+01 -2.2766154e+01 -3.8737494e-01 -3.8684606e-01 -3.8594339e-01 -3.3795950e-01 -2.8771340e-01 -2.1482120e-01 -2.1292391e-01 -1.5046788e-01 -8.7633419e-02 -7.5495843e-02 -7.5389219e-02 -3.8096716e-02 
-2.2788027e+01 -2.2773342e+01 -2.2772554e+01 -2.2765037e+01 -3.8832074e-01 -3.8809885e-01 -3.8259036e-01 -3.2648187e-01 -2.9963627e-01 -2.1387032e-01 -2.1197298e-01 -1.4028037e-01 -9.2390766e-02 -8.0473701e-02 -8.0374602e-02 -3.4882463e-02 
-2.2790112e+01 -2.2772814e+01 -2.2772025e+01 -2.2764004e+01 -3.8980975e-01 -3.8962839e-01 -3.7792306e-01 -3.1406255e-01 -3.1149894e-01 -2.1279532e-01 -2.1089792e-01 -1.3037928e-01 -9.7188568e-02 -8.5978695e-02 -8.5889681e-02 -3.1830268e-02 
-2.2792224e+01 -2.2772228e+01 -2.2771440e+01 -2.2763055e+01 -3.9163103e-01 -3.9146695e-01 -3.7224715e-01 -3.2326944e-01 -3.0077984e-01 -2.1160534e-01 -2.0970787e-01 -1.2077979e-01 -1.0201173e-01 -9.1914834e-02 -9.1839576e-02 -2.8941412e-02 
-2.2794355e+01 -2.2771591e+01 -2.2770803e+01 -2.2762188e+01 -3.9380090e-01 -3.9364792e-01 -3.6565012e-01 -3.3491539e-01 -2.8671976e-01 -2.1031048e-01 -2.0841293e-01 -1.1149571e-01 -1.0684555e-01 -9.8177694e-02 -9.8121879e-02 -2.6216104e-02 
-2.2796496e+01 -2.2770907e+01 -2.2770119e+01 -2.2761401e+01 -3.9634825e-01 -3.9620418e-01 -3.5821366e-01 -3.4640419e-01 -2.7197554e-01 -2.0892175e-01 -2.0702413e-01 -1.1167692e-01 -1.0465564e-01 -1.0462903e-01 -1.0253945e-01 -2.3653584e-02 
-2.2798638e+01 -2.2770182e+01 -2.2769396e+01 -2.2760692e+01 -3.9930185e-01 -3.9916591e-01 -3.5770311e-01 -3.5002358e-01 -2.5664696e-01 -2.0745098e-01 -2.0555328e-01 -1.1649783e-01 -1.1125113e-01 -1.1122922e-01 -9.3922082e-02 -2.1252201e-02 
-2.2800771e+01 -2.2769422e+01 -2.2768637e+01 -2.2760057e+01 -4.0268616e-01 -4.0255819e-01 -3.6877944e-01 -3.4117085e-01 -2.4083965e-01 -2.0591068e-01 -2.0401289e-01 -1.2131817e-01 -1.1787921e-01 -1.1776171e-01 -8.5653401e-02 -1.9009491e-02 
-2.2802887e+01 -2.2768634e+01 -2.2767851e+01 -2.2759494e+01 -4.0651807e-01 -4.0639819e-01 -3.7960063e-01 -3.3175139e-01 -2.2466437e-01 -2.0431397e-01 -2.0241608e-01 -1.2622593e-01 -1.2440869e-01 -1.2404253e-01 -7.7741967e-02 -1.6922259e-02 
-2.2804975e+01 -2.2767825e+01 -2.2767044e+01 -2.2758997e+01 -4.1080400e-01 -4.1069245e-01 -3.9013444e-01 -3.2186538e-01 -2.0823616e-01 -2.0267444e-01 -2.0077646e-01 -1.3154386e-01 -1.3074304e-01 -1.2963428e-01 -7.0195175e-02 -1.4986653e-02 
-2.2807027e+01 -2.2767000e+01 -2.2766222e+01 -2.2758564e+01 -4.1553722e-01 -4.1543428e-01 -4.0034906e-01 -3.1161652e-01 -2.0100606e-01 -1.9910799e-01 -1.9167347e-01 -1.3725151e-01 -1.3679707e-01 -1.3445417e-01 -6.3019318e-02 -1.3198252e-02 
-2.2809032e+01 -2.2766168e+01 -2.2765393e+01 -2.2758189e+01 -4.2069583e-01 -4.2060174e-01 -4.1021330e-01 -3.0111116e-01 -1.9932307e-01 -1.9742489e-01 -1.7509733e-01 -1.4283399e-01 -1.4249974e-01 -1.3892823e-01 -5.6219666e-02 -1.1552151e-02 
-2.2810981e+01 -2.2765335e+01 -2.2764564e+01 -2.2757867e+01 -4.2624160e-01 -4.2615650e-01 -4.1969667e-01 -2.9045742e-01 -1.9763981e-01 -1.9574154e-01 -1.5863139e-01 -1.4807431e-01 -1.4779515e-01 -1.4320107e-01 -4.9800540e-02 -1.0043046e-02 
-2.2812865e+01 -2.2764509e+01 -2.2763743e+01 -2.2757594e+01 -4.3211981e-01 -4.3204373e-01 -4.2876958e-01 -2.7976422e-01 -1.9597065e-01 -1.9407228e-01 -1.5289594e-01 -1.5265450e-01 -1.4729426e-01 -1.4238977e-01 -4.3765397e-02 -8.6653255e-03 
-2.2814675e+01 -2.2763696e+01 -2.2762936e+01 -2.2757365e+01 -4.3826031e-01 -4.3819314e-01 -4.3740345e-01 -2.6914040e-01 -1.9432984e-01 -1.9243138e-01 -1.5726610e-01 -1.5704226e-01 -1.5120293e-01 -1.2650969e-01 -3.8116914e-02 -7.4131591e-03 
-2.2816402e+01 -2.2762903e+01 -2.2762151e+01 -2.2757175e+01 -4.4557084e-01 -4.4457960e-01 -4.4452110e-01 -2.5869365e-01 -1.9273139e-01 -1.9083284e-01 -1.6117508e-01 -1.6096216e-01 -1.5491518e-01 -1.1110304e-01 -3.2857077e-02 -6.2805867e-03 
-2.2818038e+01 -2.2762138e+01 -2.2761396e+01 -2.2757019e+01 -4.5324561e-01 -4.5098370e-01 -4.5093351e-01 -2.4852963e-01 -1.9118897e-01 -1.8929034e-01 -1.6462935e-01 -1.6442099e-01 -1.5841692e-01 -9.6289430e-02 -2.7987262e-02 -5.2616067e-03 
-2.2819575e+01 -2.2761407e+01 -2.2760678e+01 -2.2756890e+01 -4.6040299e-01 -4.5737151e-01 -4.5732915e-01 -2.3875095e-01 -1.8971576e-01 -1.8781704e-01 -1.6764738e-01 -1.6743736e-01 -1.6169345e-01 -8.2183629e-02 -2.3508328e-02 -4.3502630e-03 
-2.2821005e+01 -2.2760716e+01 -2.2760004e+01 -2.2756784e+01 -4.6701975e-01 -4.6363831e-01 -4.6360323e-01 -2.2945626e-01 -1.8832436e-01 -1.8642556e-01 -1.7025634e-01 -1.7003770e-01 -1.6472999e-01 -6.8895661e-02 -1.9420699e-02 -3.5407283e-03 
-2.2822321e+01 -2.2760071e+01 -2.2759382e+01 -2.2756693e+01 -4.7307427e-01 -4.6967916e-01 -4.6965074e-01 -2.2073935e-01 -1.8702668e-01 -1.8512781e-01 -1.7248923e-01 -1.7225337e-01 -1.6751182e-01 -5.6529853e-02 -1.5724449e-02 -2.8273847e-03 
-2.2823518e+01 -2.2759478e+01 -2.2758822e+01 -2.2756612e+01 -4.7854670e-01 -4.7539195e-01 -4.7536952e-01 -2.1268836e-01 -1.8583382e-01 -1.8393488e-01 -1.7438257e-01 -1.7411805e-01 -1.7002419e-01 -4.5183895e-02 -1.2419377e-02 -2.2048996e-03 
-2.2824587e+01 -2.2758942e+01 -2.2758333e+01 -2.2756531e+01 -4.8341898e-01 -4.8068000e-01 -4.8066285e-01 -2.0538507e-01 -1.8475600e-01 -1.8285700e-01 -1.7597464e-01 -1.7566546e-01 -1.7225206e-01 -3.4947923e-02 -9.5050851e-03 -1.6682973e-03 
-2.2825526e+01 -2.2758468e+01 -2.2757926e+01 -2.2756442e+01 -4.8767497e-01 -4.8545420e-01 -4.8544163e-01 -1.9890449e-01 -1.8380245e-01 -1.8190339e-01 -1.7730411e-01 -1.7692724e-01 -1.7417980e-01 -2.5903660e-02 -6.9810487e-03 -1.2130241e-03 
-2.2826328e+01 -2.2758059e+01 -2.2757611e+01 -2.2756335e+01 -4.9130054e-01 -4.8963471e-01 -4.8962601e-01 -1.9331510e-01 -1.8298133e-01 -1.8108223e-01 -1.7840830e-01 -1.7793078e-01 -1.7579175e-01 -1.8123638e-02 -4.8466764e-03 -8.3500823e-04 
-2.2826989e+01 -2.2757719e+01 -2.2757388e+01 -2.2756211e+01 -4.9428360e-01 -4.9315228e-01 -4.9314672e-01 -1.8868082e-01 -1.8229970e-01 -1.8040056e-01 -1.7931878e-01 -1.7869553e-01 -1.7707571e-01 -1.1670485e-02 -3.1013687e-03 -5.3071200e-04 
-2.2827508e+01 -2.2757452e+01 -2.2757245e+01 -2.2756084e+01 -4.9661419e-01 -4.9594914e-01 -4.9594602e-01 -1.8506911e-01 -1.8176338e-01 -1.8005231e-01 -1.7986421e-01 -1.7922373e-01 -1.7803133e-01 -6.5963130e-03 -1.7445666e-03 -2.9717766e-04 
-2.2827880e+01 -2.2757260e+01 -2.2757161e+01 -2.2755974e+01 -4.9828450e-01 -4.9797978e-01 -4.9797839e-01 -1.8257963e-01 -1.8137697e-01 -1.8060292e-01 -1.7947778e-01 -1.7947083e-01 -1.7867773e-01 -2.9422037e-03 -7.7579177e-04 -1.3206486e-04 
-2.2828104e+01 -2.2757144e+01 -2.2757118e+01 -2.2755901e+01 -4.9928893e-01 -4.9921137e-01 -4.9921103e-01 -1.8134273e-01 -1.8114379e-01 -1.8094801e-01 -1.7934626e-01 -1.7924459e-01 -1.7904699e-01 -7.3779796e-04 -1.9467941e-04 -3.3680473e-05 
-2.2828178e+01 -2.2757105e+01 -2.2757105e+01 -2.2755875e+01 -4.9962411e-01 -4.9962411e-01 -4.9962411e-01 -1.8106585e-01 -1.8106585e-01 -1.8106585e-01 -1.7916664e-01 -1.7916664e-01 -1.7916664e-01 -1.0011795e-06 -9.9999131e-07 -9.9999130e-07 
-2.2828101e+01 -2.2757132e+01 -2.2757132e+01 -2.2755902e+01 -4.9922526e-01 -4.9922490e-01 -4.9922490e-01 -1.8136862e-01 -1.8103642e-01 -1.8103642e-01 -1.7932501e-01 -1.7932501e-01 -1.7899241e-01 -8.1647874e-04 -9.0003397e-05 -9.0002605e-05 
-2.2827870e+01 -2.2757212e+01 -2.2757212e+01 -2.2755982e+01 -4.9803504e-01 -4.9803358e-01 -4.9803358e-01 -1.8227087e-01 -1.8132235e-01 -1.8132235e-01 -1.7942088e-01 -1.7942088e-01 -1.7847074e-01 -3.2577472e-03 -3.5648060e-04 -3.5647981e-04 
-2.2827487e+01 -2.2757344e+01 -2.2757344e+01 -2.2756114e+01 -4.9607260e-01 -4.9606922e-01 -4.9606922e-01 -1.8375417e-01 -1.8252708e-01 -1.8252708e-01 -1.7883546e-01 -1.7883546e-01 -1.7760460e-01 -7.3093459e-03 -7.9884381e-04 -7.9884302e-04 
-2.2826953e+01 -2.2757529e+01 -2.2757529e+01 -2.2756299e+01 -4.9337037e-01 -4.9336410e-01 -4.9336410e-01 -1.8578739e-01 -1.8447165e-01 -1.8447165e-01 -1.7772162e-01 -1.7772162e-01 -1.7639894e-01 -1.2945641e-02 -1.4144564e-03 -1.4144556e-03 
-2.2826271e+01 -2.2757764e+01 -2.2757764e+01 -2.2756534e+01 -4.8997480e-01 -4.8996448e-01 -4.8996448e-01 -1.8832589e-01 -1.8697588e-01 -1.8697588e-01 -1.7622205e-01 -1.7622205e-01 -1.7486068e-01 -2.0131020e-02 -2.1996500e-03 -2.1996492e-03 
-2.2825446e+01 -2.2758049e+01 -2.2758049e+01 -2.2756819e+01 -4.8594747e-01 -4.8593165e-01 -4.8593165e-01 -1.9131049e-01 -1.8994647e-01 -1.8994647e-01 -1.7437994e-01 -1.7437994e-01 -1.7299861e-01 -2.8820166e-02 -3.1497476e-03 -3.1497468e-03 
-2.2824482e+01 -2.2758382e+01 -2.2758382e+01 -2.2757151e+01 -4.8136661e-01 -4.8134343e-01 -4.8134343e-01 -1.9466602e-01 -1.9329813e-01 -1.9329813e-01 -1.7221649e-01 -1.7221649e-01 -1.7082342e-01 -3.8958401e-02 -4.2590924e-03 -4.2590916e-03 
-2.2823384e+01 -2.2758760e+01 -2.2758760e+01 -2.2757529e+01 -4.7632884e-01 -4.7629592e-01 -4.7629592e-01 -1.9829958e-01 -1.9693443e-01 -1.9693443e-01 -1.6974823e-01 -1.6974823e-01 -1.6834757e-01 -5.0482097e-02 -5.5210830e-03 -5.5210822e-03 
-2.2822159e+01 -2.2759181e+01 -2.2759181e+01 -2.2757951e+01 -4.7095136e-01 -4.7090565e-01 -4.7090564e-01 -2.0209844e-01 -2.0074149e-01 -2.0074149e-01 -1.6699119e-01 -1.6699119e-01 -1.6558528e-01 -6.3319152e-02 -6.9282140e-03 -6.9282132e-03 
-2.2820813e+01 -2.2759643e+01 -2.2759643e+01 -2.2758412e+01 -4.6537407e-01 -4.6531165e-01 -4.6531165e-01 -2.0592799e-01 -2.0458461e-01 -2.0458461e-01 -1.6396218e-01 -1.6396218e-01 -1.6255244e-01 -7.7389521e-02 -8.4721230e-03 -8.4721222e-03 
-2.2819353e+01 -2.2760143e+01 -2.2760143e+01 -2.2758912e+01 -4.5976134e-01 -4.5967727e-01 -4.5967727e-01 -2.0963001e-01 -2.0830610e-01 -2.0830610e-01 -1.6067918e-01 -1.6067918e-01 -1.5926651e-01 -9.2605802e-02 -1.0143641e-02 -1.0143640e-02 
-2.2817789e+01 -2.2760677e+01 -2.2760677e+01 -2.2759446e+01 -4.5430247e-01 -4.5419062e-01 -4.5419061e-01 -2.1302228e-01 -2.1172459e-01 -2.1172459e-01 -1.5716141e-01 -1.5716141e-01 -1.5574641e-01 -1.0887386e-01 -1.1932851e-02 -1.1932850e-02 
-2.2816129e+01 -2.2761244e+01 -2.2761244e+01 -2.2760012e+01 -4.4920944e-01 -4.4906247e-01 -4.4906247e-01 -2.1590092e-01 -2.1463719e-01 -2.1463719e-01 -1.5342938e-01 -1.5342938e-01 -1.5201247e-01 -1.2609350e-01 -1.3829144e-02 -1.3829143e-02 
-2.2814382e+01 -2.2761838e+01 -2.2761838e+01 -2.2760606e+01 -4.4471013e-01 -4.4451966e-01 -4.4451966e-01 -2.1804715e-01 -2.1682604e-01 -2.1682604e-01 -1.4950481e-01 -1.4950481e-01 -1.4808628e-01 -1.4415914e-01 -1.5821290e-02 -1.5821290e-02 
-2.2812558e+01 -2.2762457e+01 -2.2762457e+01 -2.2761225e+01 -4.4103513e-01 -4.4079222e-01 -4.4079222e-01 -2.1924067e-01 -2.1807115e-01 -2.1807115e-01 -1.6296050e-01 -1.4541049e-01 -1.4541049e-01 -1.4399057e-01 -1.7897502e-02 -1.7897501e-02 
-2.2810668e+01 -2.2763096e+01 -2.2763096e+01 -2.2761864e+01 -4.3839770e-01 -4.3809370e-01 -4.3809370e-01 -2.1927982e-01 -2.1817020e-01 -2.1817020e-01 -1.8238318e-01 -1.4117025e-01 -1.4117025e-01 -1.3974911e-01 -2.0045507e-02 -2.0045506e-02 
-2.2808723e+01 -2.2763753e+01 -2.2763753e+01 -2.2762520e+01 -4.3696908e-01 -4.3659675e-01 -4.3659675e-01 -2.1800816e-01 -2.1696284e-01 -2.1696284e-01 -2.0230752e-01 -1.3680877e-01 -1.3680877e-01 -1.3538654e-01 -2.2252622e-02 -2.2252622e-02 
-2.2806734e+01 -2.2764423e+01 -2.2764423e+01 -2.2763190e+01 -4.3685528e-01 -4.3640984e-01 -4.3640984e-01 -2.2264317e-01 -2.1530397e-01 -2.1435402e-01 -2.1435402e-01 -1.3235147e-01 -1.3235147e-01 -1.3092826e-01 -2.4505831e-02 -2.4505830e-02 
-2.2804712e+01 -2.2765102e+01 -2.2765102e+01 -2.2763868e+01 -4.3808286e-01 -4.3756270e-01 -4.3756270e-01 -2.4320901e-01 -2.1121515e-01 -2.1032855e-01 -2.1032855e-01 -1.2782438e-01 -1.2782438e-01 -1.2640029e-01 -2.6791857e-02 -2.6791856e-02 
-2.2802669e+01 -2.2765786e+01 -2.2765786e+01 -2.2764551e+01 -4.4059908e-01 -4.4000575e-01 -4.4000575e-01 -2.6392686e-01 -2.0576618e-01 -2.0495155e-01 -2.0495155e-01 -1.2325397e-01 -1.2325396e-01 -1.2182908e-01 -2.9097248e-02 -2.9097248e-02 
-2.2800618e+01 -2.2766471e+01 -2.2766471e+01 -2.2765236e+01 -4.4428569e-01 -4.4362339e-01 -4.4362339e-01 -2.8466542e-01 -1.9910101e-01 -1.9835519e-01 -1.9835519e-01 -1.1866700e-01 -1.1866700e-01 -1.1724141e-01 -3.1408453e-02 -3.1408452e-02 
-2.2798570e+01 -2.2767153e+01 -2.2767153e+01 -2.2765917e+01 -4.4898054e-01 -4.4825519e-01 -4.4825519e-01 -3.0530249e-01 -1.9139991e-01 -1.9071735e-01 -1.9071735e-01 -1.1409042e-01 -1.1409042e-01 -1.1266419e-01 -3.3711898e-02 -3.3711897e-02 
-2.2796537e+01 -2.2767829e+01 -2.2767829e+01 -2.2766591e+01 -4.5449973e-01 -4.5371812e-01 -4.5371812e-01 -3.2571768e-01 -1.8286519e-01 -1.8223931e-01 -1.8223931e-01 -1.0955111e-01 -1.0955111e-01 -1.0812434e-01 -3.5994072e-02 -3.5994071e-02 
-2.2794531e+01 -2.2768493e+01 -2.2768493e+01 -2.2767254e+01 -4.6065536e-01 -4.5982436e-01 -4.5982436e-01 -3.4579269e-01 -1.7370374e-01 -1.7312783e-01 -1.7312783e-01 -1.0507581e-01 -1.0507581e-01 -1.0364860e-01 -3.8241599e-02 -3.8241598e-02 
-2.2792565e+01 -2.2769143e+01 -2.2769143e+01 -2.2767902e+01 -4.6726715e-01 -4.6639330e-01 -4.6639330e-01 -3.6541187e-01 -1.6411537e-01 -1.6358303e-01 -1.6358303e-01 -1.0069093e-01 -1.0069093e-01 -9.9263386e-02 -4.0441320e-02 -4.0441319e-02 
-2.2790651e+01 -2.2769774e+01 -2.2769774e+01 -2.2768531e+01 -4.7416872e-01 -4.7325791e-01 -4.7325791e-01 -3.8446288e-01 -1.5428631e-01 -1.5379179e-01 -1.5379179e-01 -9.6422381e-02 -9.6422381e-02 -9.4994630e-02 -4.2580361e-02 -4.2580360e-02 
-2.2788799e+01 -2.2770383e+01 -2.2770383e+01 -2.2769137e+01 -4.8121001e-01 -4.8026744e-01 -4.8026744e-01 -4.0283721e-01 -1.4438672e-01 -1.4392499e-01 -1.4392499e-01 -9.2295422e-02 -9.2295422e-02 -9.0867620e-02 -4.4646209e-02 -4.4646208e-02 
-2.2787021e+01 -2.2770967e+01 -2.2770967e+01 -2.2769717e+01 -4.8825748e-01 -4.8728761e-01 -4.8728761e-01 -4.2043077e-01 -1.3457027e-01 -1.3413707e-01 -1.3413707e-01 -8.8334510e-02 -8.8334510e-02 -8.6906850e-02 -4.6626777e-02 -4.6626777e-02 
-2.2785328e+01 -2.2771522e+01 -2.2771522e+01 -2.2770268e+01 -4.9519309e-01 -4.9419970e-01 -4.9419970e-01 -4.3714440e-01 -1.2497496e-01 -1.2456677e-01 -1.2456677e-01 -8.4563134e-02 -8.4563134e-02 -8.3135868e-02 -4.8510470e-02 -4.8510469e-02 
-2.2783731e+01 -2.2772044e+01 -2.2772044e+01 -2.2770785e+01 -5.0191291e-01 -5.0089913e-01 -5.0089913e-01 -4.5288433e-01 -1.1572434e-01 -1.1533838e-01 -1.1533838e-01 -8.1003668e-02 -8.1003668e-02 -7.9577130e-02 -5.0286233e-02 -5.0286233e-02 
-2.2782240e+01 -2.2772532e+01 -2.2772532e+01 -2.2771266e+01 -5.0832564e-01 -5.0729401e-01 -5.0729401e-01 -4.6756260e-01 -1.0692877e-01 -1.0656301e-01 -1.0656301e-01 -7.7677207e-02 -7.7677207e-02 -7.6251859e-02 -5.1943602e-02 -5.1943601e-02 
-2.2780865e+01 -2.2772981e+01 -2.2772981e+01 -2.2771706e+01 -5.1435130e-01 -5.1330381e-01 -5.1330381e-01 -4.8109752e-01 -9.8686579e-02 -9.8339819e-02 -9.8339819e-02 -7.4603406e-02 -7.4603406e-02 -7.3179919e-02 -5.3472721e-02 -5.3472720e-02 
-2.2779614e+01 -2.2773391e+01 -2.2773391e+01 -2.2772104e+01 -5.1992016e-01 -5.1885814e-01 -5.1885814e-01 -4.9341390e-01 -9.1084984e-02 -9.0757067e-02 -9.0757067e-02 -7.1800286e-02 -7.1800285e-02 -7.0379682e-02 -5.4864338e-02 -5.4864338e-02 
-2.2778497e+01 -2.2773758e+01 -2.2773758e+01 -2.2772454e+01 -5.2497183e-01 -5.2389589e-01 -5.2389589e-01 -5.0444336e-01 -8.4200813e-02 -8.3893148e-02 -8.3893148e-02 -6.9283978e-02 -6.9283978e-02 -6.7867917e-02 -5.6109719e-02 -5.6109719e-02 
-2.2777524e+01 -2.2774080e+01 -2.2774080e+01 -2.2772753e+01 -5.2945482e-01 -5.2836445e-01 -5.2836445e-01 -5.1412443e-01 -7.8101064e-02 -7.7817761e-02 -7.7817761e-02 -6.7068287e-02 -6.7068287e-02 -6.5659682e-02 -5.7200397e-02 -5.7200397e-02 
-2.2776703e+01 -2.2774356e+01 -2.2774356e+01 -2.2772996e+01 -5.3332631e-01 -5.3221914e-01 -5.3221914e-01 -5.2240235e-01 -7.2843297e-02 -7.2593933e-02 -7.2593933e-02 -6.5163714e-02 -6.5163713e-02 -6.3768231e-02 -5.8127473e-02 -5.8127472e-02 
-2.2776043e+01 -2.2774583e+01 -2.2774583e+01 -2.2773178e+01 -5.3655287e-01 -5.3542274e-01 -5.3542274e-01 -5.2922821e-01 -6.8475911e-02 -6.8283061e-02 -6.8283061e-02 -6.3574751e-02 -6.3574750e-02 -6.2204923e-02 -5.8879516e-02 -5.8879515e-02 
-2.2775551e+01 -2.2774762e+01 -2.2774762e+01 -2.2773294e+01 -5.3911289e-01 -5.3794519e-01 -5.3794519e-01 -5.3455638e-01 -6.5038332e-02 -6.4960989e-02 -6.4960988e-02 -6.2291467e-02 -6.2291467e-02 -6.0979155e-02 -5.9435050e-02 -5.9435049e-02 
-2.2775225e+01 -2.2774890e+01 -2.2774890e+01 -2.2773350e+01 -5.4100217e-01 -5.3976335e-01 -5.3976335e-01 -5.3833880e-01 -6.2757469e-02 -6.2757469e-02 -6.2561129e-02 -6.1283524e-02 -6.1283524e-02 -6.0098300e-02 -5.9729165e-02 -5.9729164e-02 
-2.2775048e+01 -2.2774967e+01 -2.2774967e+01 -2.2773365e+01 -5.4222273e-01 -5.4086079e-01 -5.4086079e-01 -5.4053618e-01 -6.1722049e-02 -6.1722048e-02 -6.1066101e-02 -6.0688497e-02 -6.0688497e-02 -5.9599359e-02 -5.9599359e-02 -5.9567657e-02 
-2.2774993e+01 -2.2774993e+01 -2.2774993e+01 -2.2773366e+01 -5.4267302e-01 -5.4122769e-01 -5.4122769e-01 -5.4122769e-01 -6.1464787e-02 -6.1464786e-02 -6.0566307e-02 -6.0566307e-02 -6.0566307e-02 -5.9390420e-02 -5.9390420e-02 -5.9390420e-02 
-2.2775032e+01 -2.2774994e+01 -2.2774955e+01 -2.2773365e+01 -5.4223340e-01 -5.4092115e-01 -5.4075845e-01 -5.4062474e-01 -6.1836211e-02 -6.1579382e-02 -6.1077800e-02 -6.0677363e-02 -6.0653283e-02 -5.9691671e-02 -5.9562904e-02 -5.9518412e-02 
-2.2775149e+01 -2.2775010e+01 -2.2774842e+01 -2.2773354e+01 -5.4106752e-01 -5.4000282e-01 -5.3920398e-01 -5.3882088e-01 -6.3271706e-02 -6.2793623e-02 -6.1941699e-02 -6.0991319e-02 -6.0930843e-02 -6.0268214e-02 -5.9892842e-02 -5.9885261e-02 
-2.2775343e+01 -2.2775069e+01 -2.2774654e+01 -2.2773302e+01 -5.3938163e-01 -5.3847647e-01 -5.3637681e-01 -5.3583105e-01 -6.6083010e-02 -6.5764569e-02 -6.2597068e-02 -6.1461623e-02 -6.1460802e-02 -6.0790413e-02 -6.0426854e-02 -6.0310991e-02 
-2.2775612e+01 -2.2775206e+01 -2.2774394e+01 -2.2773173e+01 -5.3717644e-01 -5.3634843e-01 -5.3230734e-01 -5.3168004e-01 -7.0178097e-02 -6.9928851e-02 -6.3580092e-02 -6.2342096e-02 -6.2047786e-02 -6.1320658e-02 -6.1044238e-02 -6.0848589e-02 
-2.2775954e+01 -2.2775443e+01 -2.2774063e+01 -2.2772948e+01 -5.3441548e-01 -5.3362750e-01 -5.2707537e-01 -5.2640233e-01 -7.5449675e-02 -7.5233780e-02 -6.4893637e-02 -6.3602519e-02 -6.2744605e-02 -6.1925169e-02 -6.1703664e-02 -6.1515981e-02 
-2.2776366e+01 -2.2775779e+01 -2.2773664e+01 -2.2772625e+01 -5.3108917e-01 -5.3032499e-01 -5.2074573e-01 -5.2004182e-01 -8.1824369e-02 -8.1626690e-02 -6.6528478e-02 -6.5212263e-02 -6.3554278e-02 -6.2625214e-02 -6.2431229e-02 -6.2312098e-02 
-2.2776845e+01 -2.2776205e+01 -2.2773201e+01 -2.2772214e+01 -5.2720275e-01 -5.2645467e-01 -5.1338006e-01 -5.1265156e-01 -8.9235387e-02 -8.9048637e-02 -6.8477220e-02 -6.7147242e-02 -6.4476562e-02 -6.3424960e-02 -6.3245417e-02 -6.3231283e-02 
-2.2777385e+01 -2.2776708e+01 -2.2772677e+01 -2.2771727e+01 -5.2276860e-01 -5.2203272e-01 -5.0504405e-01 -5.0429336e-01 -9.7612603e-02 -9.7432874e-02 -7.0735521e-02 -6.9396220e-02 -6.5506707e-02 -6.4322001e-02 -6.4265445e-02 -6.4150750e-02 
-2.2777983e+01 -2.2777280e+01 -2.2772097e+01 -2.2771172e+01 -5.1780343e-01 -5.1707777e-01 -4.9580982e-01 -4.9503736e-01 -1.0687979e-01 -1.0670480e-01 -7.3300725e-02 -7.1953801e-02 -6.6636773e-02 -6.5404817e-02 -6.5310832e-02 -6.5144738e-02 
-2.2778633e+01 -2.2777911e+01 -2.2771465e+01 -2.2770560e+01 -5.1232721e-01 -5.1161080e-01 -4.8575644e-01 -4.8496151e-01 -1.1695411e-01 -1.1678243e-01 -7.6170812e-02 -7.4816770e-02 -6.7856631e-02 -6.6638298e-02 -6.6384157e-02 -6.6221484e-02 
-2.2779329e+01 -2.2778593e+01 -2.2770787e+01 -2.2769896e+01 -5.0636269e-01 -5.0565520e-01 -4.7496985e-01 -4.7415102e-01 -1.2774637e-01 -1.2757707e-01 -7.9343757e-02 -7.7982510e-02 -6.9154546e-02 -6.7953651e-02 -6.7533462e-02 -6.7373177e-02 
-2.2780066e+01 -2.2779319e+01 -2.2770068e+01 -2.2769188e+01 -4.9993518e-01 -4.9923670e-01 -4.6354239e-01 -4.6269772e-01 -1.3916167e-01 -1.3899412e-01 -8.2817095e-02 -8.1448217e-02 -7.0517533e-02 -6.9337655e-02 -6.8749326e-02 -6.8590778e-02 
-2.2780838e+01 -2.2780082e+01 -2.2769315e+01 -2.2768444e+01 -4.9307251e-01 -4.9238340e-01 -4.5157221e-01 -4.5069935e-01 -1.5110018e-01 -1.5093390e-01 -8.6587586e-02 -8.5210423e-02 -7.1931597e-02 -7.0776245e-02 -7.0021614e-02 -6.9864372e-02 
-2.2781636e+01 -2.2780874e+01 -2.2768534e+01 -2.2767670e+01 -4.8580495e-01 -4.8512584e-01 -4.3916255e-01 -4.3825882e-01 -1.6345795e-01 -1.6329263e-01 -9.0650893e-02 -8.9264616e-02 -7.3381939e-02 -7.2254648e-02 -7.1339625e-02 -7.1183393e-02 
-2.2782456e+01 -2.2781688e+01 -2.2767732e+01 -2.2766873e+01 -4.7816529e-01 -4.7749700e-01 -4.2642095e-01 -4.2548336e-01 -1.7612793e-01 -1.7596330e-01 -9.5001266e-02 -9.3604883e-02 -7.4853138e-02 -7.3757531e-02 -7.2692218e-02 -7.2536784e-02 
-2.2783289e+01 -2.2782516e+01 -2.2766914e+01 -2.2766060e+01 -4.7018892e-01 -4.6953246e-01 -4.1345837e-01 -4.1248367e-01 -1.8900080e-01 -1.8883667e-01 -9.9631168e-02 -9.8223531e-02 -7.6329340e-02 -7.5269164e-02 -7.4067927e-02 -7.3913136e-02 
-2.2784128e+01 -2.2783352e+01 -2.2766090e+01 -2.2765238e+01 -4.6191396e-01 -4.6127054e-01 -4.0038825e-01 -3.9937294e-01 -2.0196603e-01 -2.0180223e-01 -1.0453086e-01 -1.0311065e-01 -7.7794463e-02 -7.6773597e-02 -7.5455067e-02 -7.5300805e-02 
-2.2784967e+01 -2.2784188e+01 -2.2765264e+01 -2.2764416e+01 -4.5338154e-01 -4.5275258e-01 -3.8732550e-01 -3.8626587e-01 -2.1491276e-01 -2.1474915e-01 -1.0968791e-01 -1.0825363e-01 -7.9232420e-02 -7.8254872e-02 -7.6841849e-02 -7.6688026e-02 
-2.2785798e+01 -2.2785017e+01 -2.2764445e+01 -2.2763599e+01 -4.4463613e-01 -4.4402328e-01 -3.7438540e-01 -3.7327763e-01 -2.2773078e-01 -2.2756724e-01 -1.1508655e-01 -1.1363650e-01 -8.0627384e-02 -7.9697251e-02 -7.8216480e-02 -7.8063025e-02 
-2.2786614e+01 -2.2785830e+01 -2.2763639e+01 -2.2762795e+01 -4.3572607e-01 -4.3513121e-01 -3.6168247e-01 -3.6052267e-01 -2.4031145e-01 -2.4014785e-01 -1.2070696e-01 -1.1923921e-01 -8.1964089e-02 -8.1085495e-02 -7.9567265e-02 -7.9414124e-02 
-2.2787408e+01 -2.2786623e+01 -2.2762853e+01 -2.2762012e+01 -4.2670424e-01 -4.2612952e-01 -3.4932925e-01 -3.4811362e-01 -2.5254861e-01 -2.5238477e-01 -1.2652432e-01 -1.2503668e-01 -8.3228183e-02 -8.2405175e-02 -8.0882716e-02 -8.0729843e-02 
-2.2788174e+01 -2.2787387e+01 -2.2762095e+01 -2.2761255e+01 -4.1762901e-01 -4.1707686e-01 -3.3743503e-01 -3.3616004e-01 -2.6433942e-01 -2.6417509e-01 -1.3250756e-01 -1.3099759e-01 -8.4406623e-02 -8.3643034e-02 -8.2151643e-02 -8.1999001e-02 
-2.2788904e+01 -2.2788116e+01 -2.2761370e+01 -2.2760531e+01 -4.0856554e-01 -4.0803869e-01 -3.2610453e-01 -3.2476731e-01 -2.7558519e-01 -2.7541986e-01 -1.3861793e-01 -1.3708288e-01 -8.5488123e-02 -8.4787382e-02 -8.3363256e-02 -8.3210813e-02 
-2.2789594e+01 -2.2788805e+01 -2.2760685e+01 -2.2759847e+01 -3.9958746e-01 -3.9908895e-01 -3.1543656e-01 -3.1403586e-01 -2.8619216e-01 -2.8602430e-01 -1.4480702e-01 -1.4324385e-01 -8.6463634e-02 -8.5828531e-02 -8.4507254e-02 -8.4354983e-02 
-2.2790236e+01 -2.2789446e+01 -2.2760046e+01 -2.2759209e+01 -3.9077907e-01 -3.9031218e-01 -3.0552270e-01 -3.0406847e-01 -2.9607221e-01 -2.9589004e-01 -1.5101434e-01 -1.4941977e-01 -8.7326805e-02 -8.6759210e-02 -8.5573912e-02 -8.5421790e-02 
-2.2790827e+01 -2.2790036e+01 -2.2759458e+01 -2.2758621e+01 -3.8223810e-01 -3.8180629e-01 -3.0514357e-01 -3.0499794e-01 -2.9644611e-01 -2.9488684e-01 -1.5716438e-01 -1.5553500e-01 -8.8074394e-02 -8.7574950e-02 -8.6554167e-02 -8.6402172e-02 
-2.2791359e+01 -2.2790568e+01 -2.2758926e+01 -2.2758091e+01 -3.7407895e-01 -3.7368561e-01 -3.1333137e-01 -3.1317561e-01 -2.8828048e-01 -2.8666373e-01 -1.6316320e-01 -1.6149562e-01 -8.8706532e-02 -8.8274336e-02 -8.7439689e-02 -8.7287804e-02 
-2.2791831e+01 -2.2791039e+01 -2.2758456e+01 -2.2757621e+01 -3.6643610e-01 -3.6608421e-01 -3.2056825e-01 -3.2041027e-01 -2.8108925e-01 -2.7940983e-01 -1.6889479e-01 -1.6718607e-01 -8.9226748e-02 -8.8859064e-02 -8.8222959e-02 -8.8071166e-02 
-2.2792236e+01 -2.2791444e+01 -2.2758051e+01 -2.2757216e+01 -3.5946679e-01 -3.5915831e-01 -3.2679483e-01 -3.2663589e-01 -2.7492528e-01 -2.7318669e-01 -1.7421823e-01 -1.7246646e-01 -8.9641671e-02 -8.9333709e-02 -8.8897324e-02 -8.8745607e-02 
-2.2792573e+01 -2.2791780e+01 -2.2757714e+01 -2.2756880e+01 -3.5335137e-01 -3.5308636e-01 -3.3196011e-01 -3.3180065e-01 -2.6983092e-01 -2.6803966e-01 -1.7896731e-01 -1.7717243e-01 -8.9960337e-02 -8.9705146e-02 -8.9457059e-02 -8.9305403e-02 
-2.2792837e+01 -2.2792044e+01 -2.2757449e+01 -2.2756615e+01 -3.4828817e-01 -3.4806374e-01 -3.3602190e-01 -3.3586213e-01 -2.6583858e-01 -2.6400351e-01 -1.8295538e-01 -1.8112030e-01 -9.0193104e-02 -8.9981623e-02 -8.9897413e-02 -8.9745804e-02 
-2.2793028e+01 -2.2792235e+01 -2.2757259e+01 -2.2756425e+01 -3.4447968e-01 -3.4428900e-01 -3.3894704e-01 -3.3878709e-01 -2.6297165e-01 -2.6110365e-01 -1.8598921e-01 -1.8412072e-01 -9.0350280e-02 -9.0214648e-02 -9.0171554e-02 -9.0063073e-02 
-2.2793143e+01 -2.2792350e+01 -2.2757143e+01 -2.2756310e+01 -3.4210781e-01 -3.4193974e-01 -3.4071171e-01 -3.4055166e-01 -2.6124567e-01 -2.5935722e-01 -1.8789358e-01 -1.8600272e-01 -9.0440635e-02 -9.0406073e-02 -9.0282209e-02 -9.0254517e-02 
-2.2793181e+01 -2.2792388e+01 -2.2757105e+01 -2.2756271e+01 -3.4130154e-01 -3.4130154e-01 -3.4114145e-01 -3.4114145e-01 -2.6066940e-01 -2.5877401e-01 -1.8854358e-01 -1.8664482e-01 -9.0470063e-02 -9.0470061e-02 -9.0318513e-02 -9.0318512e-02 
-2.2775150e+01 -2.2775150e+01 -2.2775150e+01 -2.2773523e+01 -3.8491515e-01 -3.8374419e-01 -3.8374419e-01 -3.8288328e-01 -2.1770501e-01 -2.1739332e-01 -2.1565205e-01 -2.1565205e-01 -6.1751735e-02 -6.0557976e-02 -6.0557976e-02 -5.9677369e-02 
-2.2775149e+01 -2.2775149e+01 -2.2775149e+01 -2.2773522e+01 -3.8621044e-01 -3.8503296e-01 -3.8503296e-01 -3.8419209e-01 -2.1641622e-01 -2.1609101e-01 -2.1436979e-01 -2.1436979e-01 -6.1750507e-02 -6.0556738e-02 -6.0556738e-02 -5.9676142e-02 
-2.2775147e+01 -2.2775147e+01 -2.2775147e+01 -2.2773520e+01 -3.8996234e-01 -3.8876705e-01 -3.8876705e-01 -3.8798091e-01 -2.1268368e-01 -2.1232155e-01 -2.1065508e-01 -2.1065508e-01 -6.1746846e-02 -6.0553044e-02 -6.0553044e-02 -5.9672480e-02 
-2.2775144e+01 -2.2775144e+01 -2.2775144e+01 -2.2773517e+01 -3.9582141e-01 -3.9460115e-01 -3.9460115e-01 -3.9389176e-01 -2.0685650e-01 -2.0644258e-01 -2.0485292e-01 -2.0485292e-01 -6.1740814e-02 -6.0546956e-02 -6.0546956e-02 -5.9666448e-02 
-2.2775139e+01 -2.2775139e+01 -2.2775139e+01 -2.2773512e+01 -4.0333749e-01 -4.0208944e-01 -4.0208944e-01 -4.0146559e-01 -1.9938432e-01 -1.9891264e-01 -1.9740860e-01 -1.9740860e-01 -6.1732513e-02 -6.0538575e-02 -6.0538575e-02 -5.9658147e-02 
-2.2775134e+01 -2.2775134e+01 -2.2775134e+01 -2.2773507e+01 -4.1206194e-01 -4.1078640e-01 -4.1078640e-01 -4.1024730e-01 -1.9071501e-01 -1.9018606e-01 -1.8876686e-01 -1.8876686e-01 -6.1722086e-02 -6.0528040e-02 -6.0528040e-02 -5.9647721e-02 
-2.2775127e+01 -2.2775127e+01 -2.2775127e+01 -2.2773500e+01 -4.2160220e-01 -4.2030123e-01 -4.2030123e-01 -4.1984075e-01 -1.8124019e-01 -1.8065804e-01 -1.7931758e-01 -1.7931758e-01 -6.1709712e-02 -6.0515525e-02 -6.0515525e-02 -5.9635346e-02 
-2.2775119e+01 -2.2775119e+01 -2.2775119e+01 -2.2773492e+01 -4.3163626e-01 -4.3031265e-01 -4.3031265e-01 -4.2992248e-01 -1.7128074e-01 -1.7065091e-01 -1.6938094e-01 -1.6938094e-01 -6.1695602e-02 -6.0501235e-02 -6.0501235e-02 -5.9621236e-02 
-2.2775111e+01 -2.2775111e+01 -2.2775111e+01 -2.2773484e+01 -4.4190676e-01 -4.4056339e-01 -4.4056339e-01 -4.4023485e-01 -1.6109277e-01 -1.6042105e-01 -1.5921292e-01 -1.5921292e-01 -6.1679998e-02 -6.0485405e-02 -6.0485405e-02 -5.9605632e-02 
-2.2775101e+01 -2.2775101e+01 -2.2775101e+01 -2.2773474e+01 -4.5220863e-01 -4.5084823e-01 -4.5084823e-01 -4.5057313e-01 -1.5087991e-01 -1.5017176e-01 -1.4901735e-01 -1.4901735e-01 -6.1663166e-02 -6.0468290e-02 -6.0468290e-02 -5.9588800e-02 
-2.2775092e+01 -2.2775092e+01 -2.2775092e+01 -2.2773465e+01 -4.6237697e-01 -4.6100197e-01 -4.6100197e-01 -4.6077297e-01 -1.4080555e-01 -1.4006589e-01 -1.3895792e-01 -1.3895792e-01 -6.1645394e-02 -6.0450161e-02 -6.0450161e-02 -5.9571028e-02 
-2.2775082e+01 -2.2775082e+01 -2.2775082e+01 -2.2773455e+01 -4.7227720e-01 -4.7088972e-01 -4.7088972e-01 -4.7070039e-01 -1.3100267e-01 -1.3023581e-01 -1.2916794e-01 -1.2916794e-01 -6.1626988e-02 -6.0431301e-02 -6.0431301e-02 -5.9552622e-02 
-2.2775071e+01 -2.2775071e+01 -2.2775071e+01 -2.2773444e+01 -4.8179772e-01 -4.8039958e-01 -4.8039958e-01 -4.8024434e-01 -1.2158120e-01 -1.2079089e-01 -1.1975767e-01 -1.1975767e-01 -6.1608260e-02 -6.0411992e-02 -6.0411992e-02 -5.9533895e-02 
-2.2775061e+01 -2.2775061e+01 -2.2775061e+01 -2.2773434e+01 -4.9084459e-01 -4.8943737e-01 -4.8943737e-01 -4.8931139e-01 -1.1263338e-01 -1.1182287e-01 -1.1081966e-01 -1.1081966e-01 -6.1589533e-02 -6.0392506e-02 -6.0392506e-02 -5.9515167e-02 
-2.2775051e+01 -2.2775051e+01 -2.2775051e+01 -2.2773424e+01 -4.9933784e-01 -4.9792289e-01 -4.9792289e-01 -4.9782199e-01 -1.0423748e-01 -1.0340961e-01 -1.0243247e-01 -1.0243247e-01 -6.1571127e-02 -6.0373090e-02 -6.0373090e-02 -5.9496761e-02 
-2.2775041e+01 -2.2775041e+01 -2.2775041e+01 -2.2773414e+01 -5.0720881e-01 -5.0578731e-01 -5.0578731e-01 -5.0570782e-01 -9.6460510e-02 -9.5617754e-02 -9.4663396e-02 -9.4663396e-02 -6.1553355e-02 -6.0353937e-02 -6.0353937e-02 -5.9478989e-02 
-2.2775032e+01 -2.2775032e+01 -2.2775032e+01 -2.2773405e+01 -5.1439833e-01 -5.1297130e-01 -5.1297130e-01 -5.1291002e-01 -8.9360018e-02 -8.8504572e-02 -8.7570358e-02 -8.7570358e-02 -6.1536523e-02 -6.0335153e-02 -6.0335153e-02 -5.9462157e-02 
-2.2775024e+01 -2.2775024e+01 -2.2775024e+01 -2.2773396e+01 -5.2085543e-01 -5.1942377e-01 -5.1942377e-01 -5.1937784e-01 -8.2985452e-02 -8.2119274e-02 -8.1203285e-02 -8.1203285e-02 -6.1520919e-02 -6.0316663e-02 -6.0316663e-02 -5.9446553e-02 
-2.2775016e+01 -2.2775016e+01 -2.2775016e+01 -2.2773389e+01 -5.2653645e-01 -5.2510094e-01 -5.2510094e-01 -5.2506781e-01 -7.7379074e-02 -7.6503928e-02 -7.5605245e-02 -7.5605245e-02 -6.1506809e-02 -6.0298031e-02 -6.0298031e-02 -5.9432443e-02 
-2.2775009e+01 -2.2775009e+01 -2.2775009e+01 -2.2773382e+01 -5.3140436e-01 -5.2996573e-01 -5.2996573e-01 -5.2994307e-01 -7.2576614e-02 -7.1694111e-02 -7.0813583e-02 -7.0813583e-02 -6.1494434e-02 -6.0277963e-02 -6.0277963e-02 -5.9420068e-02 
-2.2775003e+01 -2.2775003e+01 -2.2775003e+01 -2.2773376e+01 -5.3542839e-01 -5.3398729e-01 -5.3398729e-01 -5.3397296e-01 -6.8607739e-02 -6.7719368e-02 -6.6861938e-02 -6.6861938e-02 -6.1484008e-02 -6.0252766e-02 -6.0252766e-02 -5.9409642e-02 
-2.2774999e+01 -2.2774999e+01 -2.2774999e+01 -2.2773372e+01 -5.3858366e-01 -5.3714068e-01 -5.3714068e-01 -5.3713270e-01 -6.5496374e-02 -6.4603531e-02 -6.3786931e-02 -6.3786931e-02 -6.1475707e-02 -6.0209971e-02 -6.0209971e-02 -5.9401341e-02 
-2.2774995e+01 -2.2774995e+01 -2.2774995e+01 -2.2773368e+01 -5.4085102e-01 -5.3940672e-01 -5.3940672e-01 -5.3940320e-01 -6.3260933e-02 -6.2364943e-02 -6.1665461e-02 -6.1665461e-02 -6.1469675e-02 -6.0091272e-02 -6.0091272e-02 -5.9395309e-02 
-2.2774993e+01 -2.2774993e+01 -2.2774993e+01 -2.2773366e+01 -5.4221685e-01 -5.4077177e-01 -5.4077177e-01 -5.4077089e-01 -6.1914471e-02 -6.1466013e-02 -6.1016612e-02 -6.0717365e-02 -6.0717365e-02 -5.9690018e-02 -5.9690018e-02 -5.9391647e-02 
-2.2774993e+01 -2.2774993e+01 -2.2774993e+01 -2.2773366e+01 -5.4267302e-01 -5.4122769e-01 -5.4122769e-01 -5.4122769e-01 -6.1464787e-02 -6.1464786e-02 -6.0566307e-02 -6.0566307e-02 -6.0566307e-02 -5.9390420e-02 -5.9390420e-02 -5.9390420e-02 
