# num high symmetry points
12
# label high symmetry points
G M K G A L H A L M K H 
# indices high symmetry points
1 36 56 96 115 150 170 210 211 230 231 250 
# nk, nb, ns
250 19 1
# k-points (frac coords)
+0.0000000e+00 +0.0000000e+00 +0.0000000e+00 
+1.4285714e-02 +0.0000000e+00 +0.0000000e+00 
+2.8571429e-02 +0.0000000e+00 +0.0000000e+00 
+4.2857143e-02 +0.0000000e+00 +0.0000000e+00 
+5.7142857e-02 +0.0000000e+00 +0.0000000e+00 
+7.1428571e-02 +0.0000000e+00 +0.0000000e+00 
+8.5714286e-02 +0.0000000e+00 +0.0000000e+00 
+1.0000000e-01 +0.0000000e+00 +0.0000000e+00 
+1.1428571e-01 +0.0000000e+00 +0.0000000e+00 
+1.2857143e-01 +0.0000000e+00 +0.0000000e+00 
+1.4285714e-01 +0.0000000e+00 +0.0000000e+00 
+1.5714286e-01 +0.0000000e+00 +0.0000000e+00 
+1.7142857e-01 +0.0000000e+00 +0.0000000e+00 
+1.8571429e-01 +0.0000000e+00 +0.0000000e+00 
+2.0000000e-01 +0.0000000e+00 +0.0000000e+00 
+2.1428571e-01 +0.0000000e+00 +0.0000000e+00 
+2.2857143e-01 +0.0000000e+00 +0.0000000e+00 
+2.4285714e-01 +0.0000000e+00 +0.0000000e+00 
+2.5714286e-01 +0.0000000e+00 +0.0000000e+00 
+2.7142857e-01 +0.0000000e+00 +0.0000000e+00 
+2.8571429e-01 +0.0000000e+00 +0.0000000e+00 
+3.0000000e-01 +0.0000000e+00 +0.0000000e+00 
+3.1428571e-01 +0.0000000e+00 +0.0000000e+00 
+3.2857143e-01 +0.0000000e+00 +0.0000000e+00 
+3.4285714e-01 +0.0000000e+00 +0.0000000e+00 
+3.5714286e-01 +0.0000000e+00 +0.0000000e+00 
+3.7142857e-01 +0.0000000e+00 +0.0000000e+00 
+3.8571429e-01 +0.0000000e+00 +0.0000000e+00 
+4.0000000e-01 +0.0000000e+00 +0.0000000e+00 
+4.1428571e-01 +0.0000000e+00 +0.0000000e+00 
+4.2857143e-01 +0.0000000e+00 +0.0000000e+00 
+4.4285714e-01 +0.0000000e+00 +0.0000000e+00 
+4.5714286e-01 +0.0000000e+00 +0.0000000e+00 
+4.7142857e-01 +0.0000000e+00 +0.0000000e+00 
+4.8571429e-01 +0.0000000e+00 +0.0000000e+00 
+5.0000000e-01 +0.0000000e+00 +0.0000000e+00 
+4.9166667e-01 +1.6666667e-02 +0.0000000e+00 
+4.8333333e-01 +3.3333333e-02 +0.0000000e+00 
+4.7500000e-01 +5.0000000e-02 +0.0000000e+00 
+4.6666667e-01 +6.6666667e-02 +0.0000000e+00 
+4.5833333e-01 +8.3333333e-02 +0.0000000e+00 
+4.5000000e-01 +1.0000000e-01 +0.0000000e+00 
+4.4166667e-01 +1.1666667e-01 +0.0000000e+00 
+4.3333333e-01 +1.3333333e-01 +0.0000000e+00 
+4.2500000e-01 +1.5000000e-01 +0.0000000e+00 
+4.1666667e-01 +1.6666667e-01 +0.0000000e+00 
+4.0833333e-01 +1.8333333e-01 +0.0000000e+00 
+4.0000000e-01 +2.0000000e-01 +0.0000000e+00 
+3.9166667e-01 +2.1666667e-01 +0.0000000e+00 
+3.8333333e-01 +2.3333333e-01 +0.0000000e+00 
+3.7500000e-01 +2.5000000e-01 +0.0000000e+00 
+3.6666667e-01 +2.6666667e-01 +0.0000000e+00 
+3.5833333e-01 +2.8333333e-01 +0.0000000e+00 
+3.5000000e-01 +3.0000000e-01 +0.0000000e+00 
+3.4166667e-01 +3.1666667e-01 +0.0000000e+00 
+3.3333333e-01 +3.3333333e-01 +0.0000000e+00 
+3.2500000e-01 +3.2500000e-01 +0.0000000e+00 
+3.1666667e-01 +3.1666667e-01 +0.0000000e+00 
+3.0833333e-01 +3.0833333e-01 +0.0000000e+00 
+3.0000000e-01 +3.0000000e-01 +0.0000000e+00 
+2.9166667e-01 +2.9166667e-01 +0.0000000e+00 
+2.8333333e-01 +2.8333333e-01 +0.0000000e+00 
+2.7500000e-01 +2.7500000e-01 +0.0000000e+00 
+2.6666667e-01 +2.6666667e-01 +0.0000000e+00 
+2.5833333e-01 +2.5833333e-01 +0.0000000e+00 
+2.5000000e-01 +2.5000000e-01 +0.0000000e+00 
+2.4166667e-01 +2.4166667e-01 +0.0000000e+00 
+2.3333333e-01 +2.3333333e-01 +0.0000000e+00 
+2.2500000e-01 +2.2500000e-01 +0.0000000e+00 
+2.1666667e-01 +2.1666667e-01 +0.0000000e+00 
+2.0833333e-01 +2.0833333e-01 +0.0000000e+00 
+2.0000000e-01 +2.0000000e-01 +0.0000000e+00 
+1.9166667e-01 +1.9166667e-01 +0.0000000e+00 
+1.8333333e-01 +1.8333333e-01 +0.0000000e+00 
+1.7500000e-01 +1.7500000e-01 +0.0000000e+00 
+1.6666667e-01 +1.6666667e-01 +0.0000000e+00 
+1.5833333e-01 +1.5833333e-01 +0.0000000e+00 
+1.5000000e-01 +1.5000000e-01 +0.0000000e+00 
+1.4166667e-01 +1.4166667e-01 +0.0000000e+00 
+1.3333333e-01 +1.3333333e-01 +0.0000000e+00 
+1.2500000e-01 +1.2500000e-01 +0.0000000e+00 
+1.1666667e-01 +1.1666667e-01 +0.0000000e+00 
+1.0833333e-01 +1.0833333e-01 +0.0000000e+00 
+1.0000000e-01 +1.0000000e-01 +0.0000000e+00 
+9.1666667e-02 +9.1666667e-02 +0.0000000e+00 
+8.3333333e-02 +8.3333333e-02 +0.0000000e+00 
+7.5000000e-02 +7.5000000e-02 +0.0000000e+00 
+6.6666667e-02 +6.6666667e-02 +0.0000000e+00 
+5.8333333e-02 +5.8333333e-02 +0.0000000e+00 
+5.0000000e-02 +5.0000000e-02 +0.0000000e+00 
+4.1666667e-02 +4.1666667e-02 +0.0000000e+00 
+3.3333333e-02 +3.3333333e-02 +0.0000000e+00 
+2.5000000e-02 +2.5000000e-02 +0.0000000e+00 
+1.6666667e-02 +1.6666667e-02 +0.0000000e+00 
+8.3333333e-03 +8.3333333e-03 +0.0000000e+00 
+0.0000000e+00 +0.0000000e+00 +0.0000000e+00 
+0.0000000e+00 +0.0000000e+00 +2.6315789e-02 
+0.0000000e+00 +0.0000000e+00 +5.2631579e-02 
+0.0000000e+00 +0.0000000e+00 +7.8947368e-02 
+0.0000000e+00 +0.0000000e+00 +1.0526316e-01 
+0.0000000e+00 +0.0000000e+00 +1.3157895e-01 
+0.0000000e+00 +0.0000000e+00 +1.5789474e-01 
+0.0000000e+00 +0.0000000e+00 +1.8421053e-01 
+0.0000000e+00 +0.0000000e+00 +2.1052632e-01 
+0.0000000e+00 +0.0000000e+00 +2.3684211e-01 
+0.0000000e+00 +0.0000000e+00 +2.6315789e-01 
+0.0000000e+00 +0.0000000e+00 +2.8947368e-01 
+0.0000000e+00 +0.0000000e+00 +3.1578947e-01 
+0.0000000e+00 +0.0000000e+00 +3.4210526e-01 
+0.0000000e+00 +0.0000000e+00 +3.6842105e-01 
+0.0000000e+00 +0.0000000e+00 +3.9473684e-01 
+0.0000000e+00 +0.0000000e+00 +4.2105263e-01 
+0.0000000e+00 +0.0000000e+00 +4.4736842e-01 
+0.0000000e+00 +0.0000000e+00 +4.7368421e-01 
+0.0000000e+00 +0.0000000e+00 +5.0000000e-01 
+1.4285714e-02 +0.0000000e+00 +5.0000000e-01 
+2.8571429e-02 +0.0000000e+00 +5.0000000e-01 
+4.2857143e-02 +0.0000000e+00 +5.0000000e-01 
+5.7142857e-02 +0.0000000e+00 +5.0000000e-01 
+7.1428571e-02 +0.0000000e+00 +5.0000000e-01 
+8.5714286e-02 +0.0000000e+00 +5.0000000e-01 
+1.0000000e-01 +0.0000000e+00 +5.0000000e-01 
+1.1428571e-01 +0.0000000e+00 +5.0000000e-01 
+1.2857143e-01 +0.0000000e+00 +5.0000000e-01 
+1.4285714e-01 +0.0000000e+00 +5.0000000e-01 
+1.5714286e-01 +0.0000000e+00 +5.0000000e-01 
+1.7142857e-01 +0.0000000e+00 +5.0000000e-01 
+1.8571429e-01 +0.0000000e+00 +5.0000000e-01 
+2.0000000e-01 +0.0000000e+00 +5.0000000e-01 
+2.1428571e-01 +0.0000000e+00 +5.0000000e-01 
+2.2857143e-01 +0.0000000e+00 +5.0000000e-01 
+2.4285714e-01 +0.0000000e+00 +5.0000000e-01 
+2.5714286e-01 +0.0000000e+00 +5.0000000e-01 
+2.7142857e-01 +0.0000000e+00 +5.0000000e-01 
+2.8571429e-01 +0.0000000e+00 +5.0000000e-01 
+3.0000000e-01 +0.0000000e+00 +5.0000000e-01 
+3.1428571e-01 +0.0000000e+00 +5.0000000e-01 
+3.2857143e-01 +0.0000000e+00 +5.0000000e-01 
+3.4285714e-01 +0.0000000e+00 +5.0000000e-01 
+3.5714286e-01 +0.0000000e+00 +5.0000000e-01 
+3.7142857e-01 +0.0000000e+00 +5.0000000e-01 
+3.8571429e-01 +0.0000000e+00 +5.0000000e-01 
+4.0000000e-01 +0.0000000e+00 +5.0000000e-01 
+4.1428571e-01 +0.0000000e+00 +5.0000000e-01 
+4.2857143e-01 +0.0000000e+00 +5.0000000e-01 
+4.4285714e-01 +0.0000000e+00 +5.0000000e-01 
+4.5714286e-01 +0.0000000e+00 +5.0000000e-01 
+4.7142857e-01 +0.0000000e+00 +5.0000000e-01 
+4.8571429e-01 +0.0000000e+00 +5.0000000e-01 
+5.0000000e-01 +0.0000000e+00 +5.0000000e-01 
+4.9166667e-01 +1.6666667e-02 +5.0000000e-01 
+4.8333333e-01 +3.3333333e-02 +5.0000000e-01 
+4.7500000e-01 +5.0000000e-02 +5.0000000e-01 
+4.6666667e-01 +6.6666667e-02 +5.0000000e-01 
+4.5833333e-01 +8.3333333e-02 +5.0000000e-01 
+4.5000000e-01 +1.0000000e-01 +5.0000000e-01 
+4.4166667e-01 +1.1666667e-01 +5.0000000e-01 
+4.3333333e-01 +1.3333333e-01 +5.0000000e-01 
+4.2500000e-01 +1.5000000e-01 +5.0000000e-01 
+4.1666667e-01 +1.6666667e-01 +5.0000000e-01 
+4.0833333e-01 +1.8333333e-01 +5.0000000e-01 
+4.0000000e-01 +2.0000000e-01 +5.0000000e-01 
+3.9166667e-01 +2.1666667e-01 +5.0000000e-01 
+3.8333333e-01 +2.3333333e-01 +5.0000000e-01 
+3.7500000e-01 +2.5000000e-01 +5.0000000e-01 
+3.6666667e-01 +2.6666667e-01 +5.0000000e-01 
+3.5833333e-01 +2.8333333e-01 +5.0000000e-01 
+3.5000000e-01 +3.0000000e-01 +5.0000000e-01 
+3.4166667e-01 +3.1666667e-01 +5.0000000e-01 
+3.3333333e-01 +3.3333333e-01 +5.0000000e-01 
+3.2500000e-01 +3.2500000e-01 +5.0000000e-01 
+3.1666667e-01 +3.1666667e-01 +5.0000000e-01 
+3.0833333e-01 +3.0833333e-01 +5.0000000e-01 
+3.0000000e-01 +3.0000000e-01 +5.0000000e-01 
+2.9166667e-01 +2.9166667e-01 +5.0000000e-01 
+2.8333333e-01 +2.8333333e-01 +5.0000000e-01 
+2.7500000e-01 +2.7500000e-01 +5.0000000e-01 
+2.6666667e-01 +2.6666667e-01 +5.0000000e-01 
+2.5833333e-01 +2.5833333e-01 +5.0000000e-01 
+2.5000000e-01 +2.5000000e-01 +5.0000000e-01 
+2.4166667e-01 +2.4166667e-01 +5.0000000e-01 
+2.3333333e-01 +2.3333333e-01 +5.0000000e-01 
+2.2500000e-01 +2.2500000e-01 +5.0000000e-01 
+2.1666667e-01 +2.1666667e-01 +5.0000000e-01 
+2.0833333e-01 +2.0833333e-01 +5.0000000e-01 
+2.0000000e-01 +2.0000000e-01 +5.0000000e-01 
+1.9166667e-01 +1.9166667e-01 +5.0000000e-01 
+1.8333333e-01 +1.8333333e-01 +5.0000000e-01 
+1.7500000e-01 +1.7500000e-01 +5.0000000e-01 
+1.6666667e-01 +1.6666667e-01 +5.0000000e-01 
+1.5833333e-01 +1.5833333e-01 +5.0000000e-01 
+1.5000000e-01 +1.5000000e-01 +5.0000000e-01 
+1.4166667e-01 +1.4166667e-01 +5.0000000e-01 
+1.3333333e-01 +1.3333333e-01 +5.0000000e-01 
+1.2500000e-01 +1.2500000e-01 +5.0000000e-01 
+1.1666667e-01 +1.1666667e-01 +5.0000000e-01 
+1.0833333e-01 +1.0833333e-01 +5.0000000e-01 
+1.0000000e-01 +1.0000000e-01 +5.0000000e-01 
+9.1666667e-02 +9.1666667e-02 +5.0000000e-01 
+8.3333333e-02 +8.3333333e-02 +5.0000000e-01 
+7.5000000e-02 +7.5000000e-02 +5.0000000e-01 
+6.6666667e-02 +6.6666667e-02 +5.0000000e-01 
+5.8333333e-02 +5.8333333e-02 +5.0000000e-01 
+5.0000000e-02 +5.0000000e-02 +5.0000000e-01 
+4.1666667e-02 +4.1666667e-02 +5.0000000e-01 
+3.3333333e-02 +3.3333333e-02 +5.0000000e-01 
+2.5000000e-02 +2.5000000e-02 +5.0000000e-01 
+1.6666667e-02 +1.6666667e-02 +5.0000000e-01 
+8.3333333e-03 +8.3333333e-03 +5.0000000e-01 
+0.0000000e+00 +0.0000000e+00 +5.0000000e-01 
+5.0000000e-01 +0.0000000e+00 +5.0000000e-01 
+5.0000000e-01 +0.0000000e+00 +4.7368421e-01 
+5.0000000e-01 +0.0000000e+00 +4.4736842e-01 
+5.0000000e-01 +0.0000000e+00 +4.2105263e-01 
+5.0000000e-01 +0.0000000e+00 +3.9473684e-01 
+5.0000000e-01 +0.0000000e+00 +3.6842105e-01 
+5.0000000e-01 +0.0000000e+00 +3.4210526e-01 
+5.0000000e-01 +0.0000000e+00 +3.1578947e-01 
+5.0000000e-01 +0.0000000e+00 +2.8947368e-01 
+5.0000000e-01 +0.0000000e+00 +2.6315789e-01 
+5.0000000e-01 +0.0000000e+00 +2.3684211e-01 
+5.0000000e-01 +0.0000000e+00 +2.1052632e-01 
+5.0000000e-01 +0.0000000e+00 +1.8421053e-01 
+5.0000000e-01 +0.0000000e+00 +1.5789474e-01 
+5.0000000e-01 +0.0000000e+00 +1.3157895e-01 
+5.0000000e-01 +0.0000000e+00 +1.0526316e-01 
+5.0000000e-01 +0.0000000e+00 +7.8947368e-02 
+5.0000000e-01 +0.0000000e+00 +5.2631579e-02 
+5.0000000e-01 +0.0000000e+00 +2.6315789e-02 
+5.0000000e-01 +0.0000000e+00 +0.0000000e+00 
+3.3333333e-01 +3.3333333e-01 +0.0000000e+00 
+3.3333333e-01 +3.3333333e-01 +2.6315789e-02 
+3.3333333e-01 +3.3333333e-01 +5.2631579e-02 
+3.3333333e-01 +3.3333333e-01 +7.8947368e-02 
+3.3333333e-01 +3.3333333e-01 +1.0526316e-01 
+3.3333333e-01 +3.3333333e-01 +1.3157895e-01 
+3.3333333e-01 +3.3333333e-01 +1.5789474e-01 
+3.3333333e-01 +3.3333333e-01 +1.8421053e-01 
+3.3333333e-01 +3.3333333e-01 +2.1052632e-01 
+3.3333333e-01 +3.3333333e-01 +2.3684211e-01 
+3.3333333e-01 +3.3333333e-01 +2.6315789e-01 
+3.3333333e-01 +3.3333333e-01 +2.8947368e-01 
+3.3333333e-01 +3.3333333e-01 +3.1578947e-01 
+3.3333333e-01 +3.3333333e-01 +3.4210526e-01 
+3.3333333e-01 +3.3333333e-01 +3.6842105e-01 
+3.3333333e-01 +3.3333333e-01 +3.9473684e-01 
+3.3333333e-01 +3.3333333e-01 +4.2105263e-01 
+3.3333333e-01 +3.3333333e-01 +4.4736842e-01 
+3.3333333e-01 +3.3333333e-01 +4.7368421e-01 
+3.3333333e-01 +3.3333333e-01 +5.0000000e-01 
# energies (kpt,band,spin)
# spin = 1
-4.2667713e+01 -4.2591399e+01 -2.2950584e+01 -2.2488366e+01 -2.2488300e+01 -2.2394232e+01 -2.2394165e+01 -2.2344719e+01 -4.6304479e+00 -1.8117922e+00 +9.6654637e-01 +1.7401943e+00 +1.7402033e+00 +2.1485745e+00 +2.3661352e+00 +2.3661462e+00 +2.7362059e+00 +2.7362079e+00 +4.6936342e+00 
-4.2667612e+01 -4.2591366e+01 -2.2950220e+01 -2.2489062e+01 -2.2488568e+01 -2.2394974e+01 -2.2394264e+01 -2.2344900e+01 -4.6261478e+00 -1.8077441e+00 +9.6173116e-01 +1.7245384e+00 +1.7441946e+00 +2.1610354e+00 +2.3612378e+00 +2.3698893e+00 +2.7297000e+00 +2.7317867e+00 +4.6973050e+00 
-4.2667312e+01 -4.2591271e+01 -2.2949129e+01 -2.2491189e+01 -2.2489326e+01 -2.2397238e+01 -2.2394516e+01 -2.2345440e+01 -4.6132643e+00 -1.7956338e+00 +9.4737335e-01 +1.6820719e+00 +1.7561824e+00 +2.1939256e+00 +2.3467688e+00 +2.3811345e+00 +2.7106726e+00 +2.7186743e+00 +4.7081695e+00 
-4.2666814e+01 -4.2591113e+01 -2.2947315e+01 -2.2494716e+01 -2.2490576e+01 -2.2400988e+01 -2.2394936e+01 -2.2346341e+01 -4.5918459e+00 -1.7755634e+00 +9.2373318e-01 +1.6212122e+00 +1.7761417e+00 +2.2384356e+00 +2.3239480e+00 +2.3998470e+00 +2.6804696e+00 +2.6973017e+00 +4.7257958e+00 
-4.2666121e+01 -4.2590896e+01 -2.2944785e+01 -2.2499618e+01 -2.2492306e+01 -2.2406185e+01 -2.2395524e+01 -2.2347603e+01 -4.5619737e+00 -1.7477056e+00 +8.9123280e-01 +1.5484141e+00 +1.8040424e+00 +2.2736474e+00 +2.3085400e+00 +2.4259827e+00 +2.6409688e+00 +2.6683311e+00 +4.7495228e+00 
-4.2665238e+01 -4.2590621e+01 -2.2941550e+01 -2.2505854e+01 -2.2494495e+01 -2.2412775e+01 -2.2396282e+01 -2.2349225e+01 -4.5237611e+00 -1.7123089e+00 +8.5043971e-01 +1.4675813e+00 +1.8398418e+00 +2.2431989e+00 +2.3547212e+00 +2.4594791e+00 +2.5942208e+00 +2.6325870e+00 +4.7785295e+00 
-4.2664169e+01 -4.2590294e+01 -2.2937621e+01 -2.2513378e+01 -2.2497119e+01 -2.2420694e+01 -2.2397210e+01 -2.2351207e+01 -4.4773541e+00 -1.6697044e+00 +8.0204420e-01 +1.3811017e+00 +1.8834847e+00 +2.1962339e+00 +2.4130083e+00 +2.5002548e+00 +2.5421703e+00 +2.5909840e+00 +4.8119086e+00 
-4.2662922e+01 -4.2589917e+01 -2.2933016e+01 -2.2522132e+01 -2.2500150e+01 -2.2429860e+01 -2.2398306e+01 -2.2353550e+01 -4.4229313e+00 -1.6203154e+00 +7.4683258e-01 +1.2906123e+00 +1.9349032e+00 +2.1425857e+00 +2.4742241e+00 +2.4865021e+00 +2.5444643e+00 +2.5482084e+00 +4.8487319e+00 
-4.2661503e+01 -4.2589498e+01 -2.2927751e+01 -2.2532047e+01 -2.2503555e+01 -2.2440185e+01 -2.2399568e+01 -2.2356252e+01 -4.3607041e+00 -1.5646698e+00 +6.8565800e-01 +1.1973924e+00 +1.9940159e+00 +2.0841095e+00 +2.4285898e+00 +2.4939497e+00 +2.5376925e+00 +2.6032176e+00 +4.8880992e+00 
-4.2659922e+01 -4.2589041e+01 -2.2921848e+01 -2.2543048e+01 -2.2507301e+01 -2.2451567e+01 -2.2400992e+01 -2.2359313e+01 -4.2909172e+00 -1.5034166e+00 +6.1941121e-01 +1.1025501e+00 +2.0222501e+00 +2.0607278e+00 +2.3695102e+00 +2.4403108e+00 +2.6034197e+00 +2.6651374e+00 +4.9291726e+00 
-4.2658189e+01 -4.2588553e+01 -2.2915331e+01 -2.2555048e+01 -2.2511351e+01 -2.2463897e+01 -2.2402573e+01 -2.2362732e+01 -4.2138487e+00 -1.4373459e+00 +5.4899359e-01 +1.0071101e+00 +1.9584102e+00 +2.1349293e+00 +2.3100879e+00 +2.3843490e+00 +2.6715927e+00 +2.7337990e+00 +4.9711960e+00 
-4.2656313e+01 -4.2588042e+01 -2.2908226e+01 -2.2567954e+01 -2.2515665e+01 -2.2477057e+01 -2.2404300e+01 -2.2366506e+01 -4.1298111e+00 -1.3674134e+00 +4.7529398e-01 +9.1205711e-01 +1.8940030e+00 +2.2164954e+00 +2.2509477e+00 +2.3267898e+00 +2.7424573e+00 +2.8090072e+00 +5.0135037e+00 
-4.2654307e+01 -4.2587514e+01 -2.2900562e+01 -2.2581665e+01 -2.2520206e+01 -2.2490926e+01 -2.2406165e+01 -2.2370633e+01 -4.0391521e+00 -1.2947687e+00 +3.9917042e-01 +8.1835752e-01 +1.8304692e+00 +2.1925638e+00 +2.2682824e+00 +2.3052845e+00 +2.8162713e+00 +2.8905381e+00 +5.0555224e+00 
-4.2652183e+01 -4.2586978e+01 -2.2892371e+01 -2.2596072e+01 -2.2524933e+01 -2.2505378e+01 -2.2408155e+01 -2.2375109e+01 -3.9422555e+00 -1.2207854e+00 +3.2143706e-01 +7.2697303e-01 +1.7692897e+00 +2.1352999e+00 +2.2094039e+00 +2.4011368e+00 +2.8932841e+00 +2.9781362e+00 +5.0967683e+00 
-4.2649953e+01 -4.2586442e+01 -2.2883688e+01 -2.2611062e+01 -2.2529805e+01 -2.2520283e+01 -2.2410256e+01 -2.2379930e+01 -3.8395430e+00 -1.1470882e+00 +2.4285572e-01 +6.3886690e-01 +1.7119983e+00 +2.0794411e+00 +2.1506653e+00 +2.5038724e+00 +2.9737298e+00 +3.0715108e+00 +5.1368413e+00 
-4.2647633e+01 -4.2585914e+01 -2.2874550e+01 -2.2626513e+01 -2.2535514e+01 -2.2534780e+01 -2.2412451e+01 -2.2385088e+01 -3.7314755e+00 -1.0755673e+00 +1.6413170e-01 +5.5500168e-01 +1.6601913e+00 +2.0252164e+00 +2.0925177e+00 +2.6132885e+00 +3.0578259e+00 +3.1703326e+00 +5.1754188e+00 
-4.2645236e+01 -4.2585402e+01 -2.2864996e+01 -2.2642303e+01 -2.2550937e+01 -2.2539823e+01 -2.2414722e+01 -2.2390576e+01 -3.6185553e+00 -1.0083614e+00 +8.5912508e-02 +4.7632011e-01 +1.6155235e+00 +1.9728150e+00 +2.0353596e+00 +2.7291559e+00 +3.1457767e+00 +3.2742285e+00 +5.2122476e+00 
-4.2642777e+01 -4.2584916e+01 -2.2855072e+01 -2.2658302e+01 -2.2566430e+01 -2.2544888e+01 -2.2417051e+01 -2.2396382e+01 -3.5013286e+00 -9.4778438e-01 +8.7889106e-03 +4.0369705e-01 +1.5796764e+00 +1.9223973e+00 +1.9795430e+00 +2.8512142e+00 +3.2377779e+00 +3.3827775e+00 +5.2471368e+00 
-4.2640272e+01 -4.2584462e+01 -2.2844821e+01 -2.2674379e+01 -2.2581865e+01 -2.2549938e+01 -2.2419418e+01 -2.2402494e+01 -3.3803877e+00 -8.9616348e-01 -6.6702549e-02 +3.3784861e-01 +1.5542821e+00 +1.8741020e+00 +1.9253791e+00 +2.9791652e+00 +3.3340238e+00 +3.4955049e+00 +5.2799500e+00 
-4.2637737e+01 -4.2584049e+01 -2.2834296e+01 -2.2690404e+01 -2.2597123e+01 -2.2554934e+01 -2.2421800e+01 -2.2408894e+01 -3.2563744e+00 -8.5557237e-01 -1.4007621e-01 +2.7919670e-01 +1.5407869e+00 +1.8280510e+00 +1.8731431e+00 +3.1126637e+00 +3.4347141e+00 +3.6118777e+00 +5.3105984e+00 
-4.2635189e+01 -4.2583683e+01 -2.2823549e+01 -2.2706245e+01 -2.2612086e+01 -2.2559837e+01 -2.2424178e+01 -2.2415562e+01 -3.1299825e+00 -8.2748917e-01 -2.1089359e-01 +2.2771855e-01 +1.5402556e+00 +1.7843525e+00 +1.8230789e+00 +3.2513044e+00 +3.5400619e+00 +3.7312997e+00 +5.3390339e+00 
-4.2632644e+01 -4.2583371e+01 -2.2812640e+01 -2.2721770e+01 -2.2626643e+01 -2.2564612e+01 -2.2426528e+01 -2.2422472e+01 -3.0019612e+00 -8.1248284e-01 -2.7875960e-01 +1.8285568e-01 +1.5531489e+00 +1.7431025e+00 +1.7754024e+00 +3.3946033e+00 +3.6502999e+00 +3.8531098e+00 +5.3652421e+00 
-4.2630122e+01 -4.2583120e+01 -2.2801633e+01 -2.2736852e+01 -2.2640686e+01 -2.2569224e+01 -2.2429592e+01 -2.2428830e+01 -2.8731176e+00 -8.1007734e-01 -3.4331892e-01 +1.4357028e-01 +1.5791350e+00 +1.7043868e+00 +1.7303050e+00 +3.5419693e+00 +3.7656861e+00 +3.9765834e+00 +5.3892368e+00 
-4.2627638e+01 -4.2582931e+01 -2.2790598e+01 -2.2751368e+01 -2.2654115e+01 -2.2573638e+01 -2.2436883e+01 -2.2431061e+01 -2.7443196e+00 -8.1888512e-01 -4.0425271e-01 +1.0857164e-01 +1.6170104e+00 +1.6682815e+00 +1.6879561e+00 +3.6926618e+00 +3.8865045e+00 +4.1009442e+00 +5.4110539e+00 
-4.2625214e+01 -4.2582810e+01 -2.2779616e+01 -2.2765198e+01 -2.2666834e+01 -2.2577824e+01 -2.2444296e+01 -2.2433202e+01 -2.6164980e+00 -8.3695673e-01 -4.6127553e-01 +7.6622974e-02 +1.6348536e+00 +1.6485056e+00 +1.6647703e+00 +3.8457233e+00 +4.0130616e+00 +4.2253905e+00 +5.4307461e+00 
-4.2622868e+01 -4.2582755e+01 -2.2778230e+01 -2.2768775e+01 -2.2678756e+01 -2.2581751e+01 -2.2451770e+01 -2.2435231e+01 -2.4906484e+00 -8.6218343e-01 -5.1413274e-01 +4.6787967e-02 +1.6041622e+00 +1.6120857e+00 +1.7198091e+00 +3.9998733e+00 +4.1456742e+00 +4.3491530e+00 +5.4483784e+00 
-4.2620621e+01 -4.2582767e+01 -2.2790356e+01 -2.2758177e+01 -2.2689797e+01 -2.2585391e+01 -2.2459233e+01 -2.2437130e+01 -2.3678345e+00 -8.9260551e-01 -5.6259823e-01 +1.8535534e-02 +1.5762584e+00 +1.5788125e+00 +1.7791924e+00 +4.1533377e+00 +4.2846476e+00 +4.4715998e+00 +5.4640235e+00 
-4.2618495e+01 -4.2582841e+01 -2.2801480e+01 -2.2747941e+01 -2.2699882e+01 -2.2588719e+01 -2.2466590e+01 -2.2438880e+01 -2.2491933e+00 -9.2657079e-01 -6.0647226e-01 -8.2832091e-03 +1.5487876e+00 +1.5511867e+00 +1.8399308e+00 +4.3035938e+00 +4.4302432e+00 +4.5924078e+00 +5.4777578e+00 
-4.2616515e+01 -4.2582969e+01 -2.2811512e+01 -2.2738201e+01 -2.2708944e+01 -2.2591711e+01 -2.2473731e+01 -2.2440465e+01 -2.1359497e+00 -9.6276067e-01 -6.4558019e-01 -3.3523482e-02 +1.5220992e+00 +1.5289848e+00 +1.8992116e+00 +4.4470680e+00 +4.5826385e+00 +4.7117511e+00 +5.4896585e+00 
-4.2614707e+01 -4.2583141e+01 -2.2820371e+01 -2.2729118e+01 -2.2716921e+01 -2.2594347e+01 -2.2480516e+01 -2.2441870e+01 -2.0294473e+00 -1.0001194e+00 -6.7977053e-01 -5.6845661e-02 +1.4988229e+00 +1.5096843e+00 +1.9545688e+00 +4.5790656e+00 +4.7418823e+00 +4.8302140e+00 +5.4998000e+00 
-4.2613099e+01 -4.2583341e+01 -2.2827988e+01 -2.2723761e+01 -2.2720874e+01 -2.2596608e+01 -2.2486783e+01 -2.2443081e+01 -1.9312198e+00 -1.0377041e+00 -7.0891418e-01 -7.7798162e-02 +1.4790229e+00 +1.4933117e+00 +2.0039863e+00 +4.6945700e+00 +4.9078527e+00 +4.9477795e+00 +5.5082518e+00 
-4.2611720e+01 -4.2583551e+01 -2.2834301e+01 -2.2729417e+01 -2.2713675e+01 -2.2598479e+01 -2.2492341e+01 -2.2444088e+01 -1.8431319e+00 -1.0744418e+00 -7.3290345e-01 -9.5880143e-02 +1.4627521e+00 +1.4798884e+00 +2.0459357e+00 +4.7899611e+00 +5.0618459e+00 +5.0802222e+00 +5.5150761e+00 
-4.2610604e+01 -4.2583749e+01 -2.2839260e+01 -2.2733853e+01 -2.2707743e+01 -2.2599947e+01 -2.2496982e+01 -2.2444880e+01 -1.7676383e+00 -1.1087593e+00 -7.5165108e-01 -1.1059129e-01 +1.4500536e+00 +1.4694314e+00 +2.0793534e+00 +4.8639074e+00 +5.1660959e+00 +5.2584091e+00 +5.5203261e+00 
-4.2609779e+01 -4.2583913e+01 -2.2842827e+01 -2.2737039e+01 -2.2703301e+01 -2.2601001e+01 -2.2500495e+01 -2.2445450e+01 -1.7081503e+00 -1.1380995e+00 -7.6508983e-01 -1.2147634e-01 +1.4409600e+00 +1.4619533e+00 +2.1035708e+00 +4.9164576e+00 +5.2514438e+00 +5.4414170e+00 +5.5240447e+00 
-4.2609272e+01 -4.2584020e+01 -2.2844974e+01 -2.2738954e+01 -2.2700543e+01 -2.2601635e+01 -2.2502691e+01 -2.2445792e+01 -1.6692080e+00 -1.1586356e+00 -7.7317199e-01 -1.2816813e-01 +1.4354947e+00 +1.4574629e+00 +2.1182154e+00 +4.9478982e+00 +5.3080554e+00 +5.5262631e+00 +5.6265828e+00 
-4.2609100e+01 -4.2584058e+01 -2.2845683e+01 -2.2739585e+01 -2.2699607e+01 -2.2601843e+01 -2.2503439e+01 -2.2445903e+01 -1.6555063e+00 -1.1661462e+00 -7.7586905e-01 -1.3042703e-01 +1.4336714e+00 +1.4559657e+00 +2.1231127e+00 +4.9583694e+00 +5.3279674e+00 +5.5270006e+00 +5.7707060e+00 
-4.2609044e+01 -4.2584069e+01 -2.2845414e+01 -2.2739335e+01 -2.2699310e+01 -2.2602361e+01 -2.2503672e+01 -2.2446566e+01 -1.6516057e+00 -1.1621556e+00 -7.7519333e-01 -1.3237864e-01 +1.4305999e+00 +1.4546981e+00 +2.1238994e+00 +4.9588562e+00 +5.3021734e+00 +5.5234491e+00 +5.7951539e+00 
-4.2608874e+01 -4.2584104e+01 -2.2844592e+01 -2.2738573e+01 -2.2698419e+01 -2.2603901e+01 -2.2504371e+01 -2.2448539e+01 -1.6399519e+00 -1.1502479e+00 -7.7318481e-01 -1.3820210e-01 +1.4214985e+00 +1.4509054e+00 +2.1262598e+00 +4.9602565e+00 +5.2384954e+00 +5.5129995e+00 +5.8538955e+00 
-4.2608593e+01 -4.2584163e+01 -2.2843227e+01 -2.2737305e+01 -2.2696937e+01 -2.2606437e+01 -2.2505537e+01 -2.2451797e+01 -1.6206869e+00 -1.1306152e+00 -7.6989944e-01 -1.4780281e-01 +1.4066992e+00 +1.4446176e+00 +2.1302021e+00 +4.9623735e+00 +5.1576326e+00 +5.4962409e+00 +5.8755928e+00 
-4.2608203e+01 -4.2584247e+01 -2.2841330e+01 -2.2735543e+01 -2.2694872e+01 -2.2609927e+01 -2.2507169e+01 -2.2456295e+01 -1.5940477e+00 -1.1035815e+00 -7.6543013e-01 -1.6102686e-01 +1.3867379e+00 +1.4358860e+00 +2.1357411e+00 +4.9648842e+00 +5.0716466e+00 +5.4740716e+00 +5.8666148e+00 
-4.2607709e+01 -4.2584360e+01 -2.2838918e+01 -2.2733304e+01 -2.2692230e+01 -2.2614310e+01 -2.2509267e+01 -2.2461970e+01 -1.5603667e+00 -1.0696073e+00 -7.5990612e-01 -1.7766657e-01 +1.3623283e+00 +1.4247849e+00 +2.1429000e+00 +4.9673477e+00 +4.9865038e+00 +5.4475976e+00 +5.8534930e+00 
-4.2607113e+01 -4.2584505e+01 -2.2836015e+01 -2.2730610e+01 -2.2689024e+01 -2.2619509e+01 -2.2511831e+01 -2.2468742e+01 -1.5200715e+00 -1.0292975e+00 -7.5349164e-01 -1.9746784e-01 +1.3343307e+00 +1.4114134e+00 +2.1517116e+00 +4.9053984e+00 +4.9692202e+00 +5.4180250e+00 +5.8346640e+00 
-4.2606423e+01 -4.2584684e+01 -2.2832650e+01 -2.2727488e+01 -2.2685265e+01 -2.2625431e+01 -2.2514861e+01 -2.2476514e+01 -1.4736843e+00 -9.8340858e-01 -7.4638367e-01 -2.2013899e-01 +1.3037172e+00 +1.3958972e+00 +2.1622180e+00 +4.8302575e+00 +4.9698782e+00 +5.3865654e+00 +5.8078594e+00 
-4.2605643e+01 -4.2584902e+01 -2.2828861e+01 -2.2723976e+01 -2.2680970e+01 -2.2631966e+01 -2.2518357e+01 -2.2485171e+01 -1.4218200e+00 -9.3285833e-01 -7.3880808e-01 -2.4536095e-01 +1.2715358e+00 +1.3783910e+00 +2.1744673e+00 +4.7623672e+00 +4.9686545e+00 +5.3543619e+00 +5.7701900e+00 
-4.2604781e+01 -4.2585164e+01 -2.2824695e+01 -2.2720118e+01 -2.2676156e+01 -2.2638985e+01 -2.2522317e+01 -2.2494580e+01 -1.3651819e+00 -8.7873307e-01 -7.3101393e-01 -2.7279842e-01 +1.2388744e+00 +1.3590795e+00 +2.1885063e+00 +4.7026510e+00 +4.9648899e+00 +5.3224404e+00 +5.7188824e+00 
-4.2603845e+01 -4.2585475e+01 -2.2820211e+01 -2.2715971e+01 -2.2670841e+01 -2.2646343e+01 -2.2526741e+01 -2.2504591e+01 -1.3045558e+00 -8.2229284e-01 -7.2326502e-01 -3.0211174e-01 +1.2068274e+00 +1.3381781e+00 +2.2043646e+00 +4.6518044e+00 +4.9580054e+00 +5.2916818e+00 +5.6528911e+00 
-4.2602843e+01 -4.2585839e+01 -2.2815482e+01 -2.2711607e+01 -2.2665047e+01 -2.2653872e+01 -2.2531626e+01 -2.2515030e+01 -1.2407987e+00 -7.6497064e-01 -7.1582857e-01 -3.3296912e-01 +1.1764630e+00 +1.3159325e+00 +2.2220309e+00 +4.6103683e+00 +4.9475964e+00 +5.2628106e+00 +5.5743537e+00 
-4.2601785e+01 -4.2586262e+01 -2.2810601e+01 -2.2707120e+01 -2.2661384e+01 -2.2658798e+01 -2.2536971e+01 -2.2525697e+01 -1.1748240e+00 -7.0896056e-01 -7.0836388e-01 -3.6505704e-01 +1.1487931e+00 +1.2926177e+00 +2.2414166e+00 +4.5787746e+00 +4.9335462e+00 +5.2363951e+00 +5.4882515e+00 
-4.2600678e+01 -4.2586750e+01 -2.2805687e+01 -2.2702629e+01 -2.2668659e+01 -2.2652118e+01 -2.2542772e+01 -2.2536364e+01 -1.1075812e+00 -7.0288847e-01 -6.5422046e-01 -3.9808111e-01 +1.1247445e+00 +1.2685350e+00 +2.2623078e+00 +4.5573801e+00 +4.9161342e+00 +5.2128552e+00 +5.4005032e+00 
-4.2599534e+01 -4.2587309e+01 -2.2800887e+01 -2.2698294e+01 -2.2675449e+01 -2.2645032e+01 -2.2549024e+01 -2.2546762e+01 -1.0400296e+00 -6.9779212e-01 -6.0445313e-01 -4.3171781e-01 +1.1051319e+00 +1.2440092e+00 +2.2843068e+00 +4.5464931e+00 +4.8960713e+00 +5.1924742e+00 +5.3163393e+00 
-4.2598362e+01 -4.2587944e+01 -2.2796387e+01 -2.2694323e+01 -2.2681468e+01 -2.2637570e+01 -2.2556571e+01 -2.2555723e+01 -9.7310856e-01 -6.9378470e-01 -5.6145510e-01 -4.6523934e-01 +1.0906350e+00 +1.2193840e+00 +2.3067684e+00 +4.5463922e+00 +4.8743117e+00 +5.1754131e+00 +5.2398736e+00 
-4.2597172e+01 -4.2588660e+01 -2.2792402e+01 -2.2690983e+01 -2.2686401e+01 -2.2629758e+01 -2.2565415e+01 -2.2562862e+01 -9.0770323e-01 -6.9089625e-01 -5.3266541e-01 -4.9286060e-01 +1.0817795e+00 +1.1950175e+00 +2.3287417e+00 +4.5573259e+00 +4.8514247e+00 +5.1617257e+00 +5.1746923e+00 
-4.2595976e+01 -4.2589463e+01 -2.2789159e+01 -2.2689925e+01 -2.2688590e+01 -2.2621629e+01 -2.2572867e+01 -2.2570433e+01 -8.4461169e-01 -6.8906230e-01 -5.4873071e-01 -4.8546538e-01 +1.0789264e+00 +1.1712769e+00 +2.3489346e+00 +4.5794655e+00 +4.8264758e+00 +5.1250735e+00 +5.1513725e+00 
-4.2594782e+01 -4.2590359e+01 -2.2786845e+01 -2.2691759e+01 -2.2687479e+01 -2.2613211e+01 -2.2578494e+01 -2.2578426e+01 -7.8451497e-01 -6.8811971e-01 -5.8565891e-01 -4.6832736e-01 +1.0822684e+00 +1.1485333e+00 +2.3657239e+00 +4.6127445e+00 +4.7962866e+00 +5.0967736e+00 +5.1442360e+00 
-4.2593601e+01 -4.2591350e+01 -2.2785534e+01 -2.2691743e+01 -2.2687894e+01 -2.2604536e+01 -2.2586832e+01 -2.2581950e+01 -7.2795491e-01 -6.8781074e-01 -6.2785581e-01 -4.5795340e-01 +1.0918363e+00 +1.1271569e+00 +2.3772333e+00 +4.6564246e+00 +4.7571245e+00 +5.0953134e+00 +5.1401325e+00 
-4.2592442e+01 -4.2592442e+01 -2.2785138e+01 -2.2689884e+01 -2.2689882e+01 -2.2595637e+01 -2.2595637e+01 -2.2583093e+01 -6.8779487e-01 -6.7532311e-01 -6.7532284e-01 -4.5479354e-01 +1.1075112e+00 +1.1075143e+00 +2.3814933e+00 +4.7079428e+00 +4.7079762e+00 +5.1226371e+00 +5.1388249e+00 
-4.2593638e+01 -4.2591317e+01 -2.2785441e+01 -2.2693276e+01 -2.2686339e+01 -2.2604828e+01 -2.2586546e+01 -2.2582025e+01 -7.2959966e-01 -6.8766693e-01 -6.2686252e-01 -4.5725701e-01 +1.0899548e+00 +1.1290545e+00 +2.3766722e+00 +4.6505051e+00 +4.7603616e+00 +5.0952632e+00 +5.1400329e+00 
-4.2594941e+01 -4.2590232e+01 -2.2786080e+01 -2.2697648e+01 -2.2681390e+01 -2.2614388e+01 -2.2579077e+01 -2.2577296e+01 -7.9245091e-01 -6.8697754e-01 -5.8268292e-01 -4.6302623e-01 +1.0748211e+00 +1.1561186e+00 +2.3613377e+00 +4.5869567e+00 +4.7994288e+00 +5.1068426e+00 +5.1434430e+00 
-4.2596353e+01 -4.2589197e+01 -2.2786707e+01 -2.2702541e+01 -2.2675328e+01 -2.2624300e+01 -2.2574639e+01 -2.2567918e+01 -8.6535058e-01 -6.8525577e-01 -5.4278632e-01 -4.6964683e-01 +1.0624364e+00 +1.1882809e+00 +2.3346786e+00 +4.5189813e+00 +4.8132769e+00 +5.1487169e+00 +5.1688930e+00 
-4.2597874e+01 -4.2588220e+01 -2.2787013e+01 -2.2707529e+01 -2.2668416e+01 -2.2634542e+01 -2.2569076e+01 -2.2558445e+01 -9.4911794e-01 -6.8202896e-01 -5.0710277e-01 -4.7498624e-01 +1.0531041e+00 +1.2250652e+00 +2.2966269e+00 +4.4476642e+00 +4.8075282e+00 +5.1554990e+00 +5.2742447e+00 
-4.2599505e+01 -4.2587308e+01 -2.2786742e+01 -2.2712260e+01 -2.2660871e+01 -2.2645095e+01 -2.2562689e+01 -2.2548910e+01 -1.0438065e+00 -6.7683985e-01 -4.7745838e-01 -4.7553008e-01 +1.0471057e+00 +1.2659621e+00 +2.2478491e+00 +4.3737446e+00 +4.7923364e+00 +5.1634234e+00 +5.4100134e+00 
-4.2601246e+01 -4.2586467e+01 -2.2785696e+01 -2.2716462e+01 -2.2655934e+01 -2.2652866e+01 -2.2555712e+01 -2.2539344e+01 -1.1488212e+00 -6.6925973e-01 -4.7601530e-01 -4.4797541e-01 +1.0446990e+00 +1.3104459e+00 +2.1896297e+00 +4.2977737e+00 +4.7718286e+00 +5.1721204e+00 +5.5682768e+00 
-4.2603094e+01 -4.2585702e+01 -2.2783725e+01 -2.2719931e+01 -2.2667033e+01 -2.2644537e+01 -2.2548322e+01 -2.2529777e+01 -1.2631389e+00 -6.5889781e-01 -4.7001779e-01 -4.2439585e-01 +1.0461169e+00 +1.3579868e+00 +2.1236985e+00 +4.2202003e+00 +4.7458642e+00 +5.1812215e+00 +5.6763456e+00 
-4.2605048e+01 -4.2585019e+01 -2.2780717e+01 -2.2722512e+01 -2.2678364e+01 -2.2635989e+01 -2.2540653e+01 -2.2520240e+01 -1.3855197e+00 -6.4540725e-01 -4.5909277e-01 -4.0483565e-01 +1.0515665e+00 +1.4080614e+00 +2.0520590e+00 +4.1414148e+00 +4.7124069e+00 +5.1903649e+00 +5.6497242e+00 
-4.2607104e+01 -4.2584422e+01 -2.2776597e+01 -2.2724095e+01 -2.2689900e+01 -2.2627308e+01 -2.2532812e+01 -2.2510762e+01 -1.5146589e+00 -6.2848851e-01 -4.4302644e-01 -3.8945785e-01 +1.0612280e+00 +1.4601595e+00 +1.9768529e+00 +4.0617703e+00 +4.6687555e+00 +5.1991998e+00 +5.5798478e+00 
-4.2609256e+01 -4.2583912e+01 -2.2771314e+01 -2.2724603e+01 -2.2701607e+01 -2.2618564e+01 -2.2524881e+01 -2.2501372e+01 -1.6492793e+00 -6.0789068e-01 -4.2169781e-01 -3.7856802e-01 +1.0752543e+00 +1.5137896e+00 +1.9002694e+00 +3.9815925e+00 +4.6122666e+00 +5.2073908e+00 +5.4816024e+00 
-4.2611500e+01 -4.2583491e+01 -2.2764845e+01 -2.2723984e+01 -2.2713454e+01 -2.2609812e+01 -2.2516929e+01 -2.2492095e+01 -1.7881797e+00 -5.8341156e-01 -3.9504180e-01 -3.7262605e-01 +1.0937703e+00 +1.5684831e+00 +1.8244924e+00 +3.9011856e+00 +4.5408936e+00 +5.2146217e+00 +5.3643249e+00 
-4.2613828e+01 -4.2583162e+01 -2.2757185e+01 -2.2725407e+01 -2.2722211e+01 -2.2601100e+01 -2.2509011e+01 -2.2482959e+01 -1.9302549e+00 -5.5489692e-01 -3.7224080e-01 -3.6303034e-01 +1.1168723e+00 +1.6237981e+00 +1.7516668e+00 +3.8208334e+00 +4.4535910e+00 +5.2205983e+00 +5.2336858e+00 
-4.2616234e+01 -4.2582922e+01 -2.2748353e+01 -2.2737428e+01 -2.2719278e+01 -2.2592466e+01 -2.2501176e+01 -2.2473987e+01 -2.0744993e+00 -5.2223934e-01 -3.7814077e-01 -3.2566349e-01 +1.1446276e+00 +1.6793227e+00 +1.6838658e+00 +3.7408013e+00 +4.3505210e+00 +5.0934928e+00 +5.2250515e+00 
-4.2618708e+01 -4.2582772e+01 -2.2749483e+01 -2.2738382e+01 -2.2715195e+01 -2.2583942e+01 -2.2493464e+01 -2.2465202e+01 -2.2200020e+00 -4.8537708e-01 -3.9111473e-01 -2.8296612e-01 +1.1770736e+00 +1.6230415e+00 +1.7346783e+00 +3.6613360e+00 +4.2330062e+00 +4.9465805e+00 +5.2277393e+00 
-4.2621240e+01 -4.2582709e+01 -2.2761532e+01 -2.2727326e+01 -2.2709988e+01 -2.2575554e+01 -2.2485910e+01 -2.2456626e+01 -2.3659381e+00 -4.4429305e-01 -4.1192100e-01 -2.3498705e-01 +1.2142172e+00 +1.5709519e+00 +1.7895231e+00 +3.5826659e+00 +4.1032590e+00 +4.7952134e+00 +5.2284479e+00 
-4.2623822e+01 -4.2582730e+01 -2.2773536e+01 -2.2715254e+01 -2.2703700e+01 -2.2567322e+01 -2.2478545e+01 -2.2448278e+01 -2.5115576e+00 -4.4117348e-01 -3.9901430e-01 -1.8180001e-01 +1.2560334e+00 +1.5290658e+00 +1.8435554e+00 +3.5050013e+00 +3.9640018e+00 +4.6412746e+00 +5.2269936e+00 
-4.2626440e+01 -4.2582831e+01 -2.2785456e+01 -2.2702252e+01 -2.2696387e+01 -2.2559260e+01 -2.2471396e+01 -2.2440178e+01 -2.6561752e+00 -4.7922493e-01 -3.4961179e-01 -1.2350509e-01 +1.3024642e+00 +1.4984658e+00 +1.8965170e+00 +3.4285336e+00 +3.8181042e+00 +4.4863639e+00 +5.2232221e+00 
-4.2629085e+01 -4.2583008e+01 -2.2797251e+01 -2.2688422e+01 -2.2688116e+01 -2.2551376e+01 -2.2464488e+01 -2.2432342e+01 -2.7991607e+00 -5.2607658e-01 -2.9620087e-01 -6.0230767e-02 +1.3534172e+00 +1.4797747e+00 +1.9481964e+00 +3.3534359e+00 +3.6683144e+00 +4.3318539e+00 +5.2170094e+00 
-4.2631742e+01 -4.2583255e+01 -2.2808882e+01 -2.2678968e+01 -2.2673883e+01 -2.2543671e+01 -2.2457842e+01 -2.2424785e+01 -2.9399297e+00 -5.8134001e-01 -2.3894230e-01 +7.8638348e-03 +1.4087631e+00 +1.4731316e+00 +1.9984318e+00 +3.2798627e+00 +3.5171026e+00 +4.1789266e+00 +5.2082603e+00 
-4.2634400e+01 -4.2583565e+01 -2.2820306e+01 -2.2669033e+01 -2.2658771e+01 -2.2536136e+01 -2.2451476e+01 -2.2417522e+01 -3.0779370e+00 -6.4426076e-01 -1.7804405e-01 +8.0586463e-02 +1.4683341e+00 +1.4782271e+00 +2.0471131e+00 +3.2079496e+00 +3.3665954e+00 +4.0286004e+00 +5.1969084e+00 
-4.2637045e+01 -4.2583932e+01 -2.2831484e+01 -2.2658411e+01 -2.2643240e+01 -2.2528754e+01 -2.2445407e+01 -2.2410565e+01 -3.2126701e+00 -7.1379235e-01 -1.1376377e-01 +1.5770908e-01 +1.4943845e+00 +1.5319202e+00 +2.0941833e+00 +3.1378132e+00 +3.2185690e+00 +3.8817510e+00 +5.1829154e+00 
-4.2639663e+01 -4.2584349e+01 -2.2842375e+01 -2.2647211e+01 -2.2627463e+01 -2.2521493e+01 -2.2439650e+01 -2.2403924e+01 -3.3436443e+00 -7.8869508e-01 -4.6412055e-02 +2.3896508e-01 +1.5206630e+00 +1.5992663e+00 +2.1396395e+00 +3.0695517e+00 +3.0744748e+00 +3.7391283e+00 +5.1662707e+00 
-4.2642241e+01 -4.2584808e+01 -2.2852939e+01 -2.2635547e+01 -2.2611640e+01 -2.2514303e+01 -2.2434218e+01 -2.2397610e+01 -3.4703992e+00 -8.6763382e-01 +2.3643623e-02 +3.2404640e-01 +1.5559556e+00 +1.6700677e+00 +2.1835314e+00 +2.9354793e+00 +3.0032440e+00 +3.6013696e+00 +5.1469919e+00 
-4.2644764e+01 -4.2585301e+01 -2.2863138e+01 -2.2623541e+01 -2.2595994e+01 -2.2507114e+01 -2.2429122e+01 -2.2391631e+01 -3.5924957e+00 -9.4925740e-01 +9.5974437e-02 +4.1260068e-01 +1.5990661e+00 +1.7439658e+00 +2.2259591e+00 +2.8025074e+00 +2.9389507e+00 +3.4690119e+00 +5.1251263e+00 
-4.2647219e+01 -4.2585820e+01 -2.2872932e+01 -2.2611319e+01 -2.2580782e+01 -2.2499825e+01 -2.2424371e+01 -2.2385993e+01 -3.7095142e+00 -1.0322540e+00 +1.7008516e-01 +5.0422836e-01 +1.6487567e+00 +1.8205413e+00 +2.2670690e+00 +2.6762862e+00 +2.8767138e+00 +3.3425008e+00 +5.1007537e+00 
-4.2649591e+01 -4.2586355e+01 -2.2882287e+01 -2.2599010e+01 -2.2566290e+01 -2.2492309e+01 -2.2419974e+01 -2.2380704e+01 -3.8210537e+00 -1.1153843e+00 +2.4540931e-01 +5.9848010e-01 +1.7037690e+00 +1.8993085e+00 +2.3070459e+00 +2.5573869e+00 +2.8165566e+00 +3.2221992e+00 +5.0739914e+00 
-4.2651868e+01 -4.2586899e+01 -2.2891164e+01 -2.2586745e+01 -2.2552824e+01 -2.2484418e+01 -2.2415937e+01 -2.2375767e+01 -3.9267311e+00 -1.1974980e+00 +3.2130471e-01 +6.9485439e-01 +1.7628178e+00 +1.9797064e+00 +2.3461031e+00 +2.4462724e+00 +2.7584827e+00 +3.1083954e+00 +5.0450015e+00 
-4.2654037e+01 -4.2587443e+01 -2.2899532e+01 -2.2574658e+01 -2.2540673e+01 -2.2476022e+01 -2.2412264e+01 -2.2371188e+01 -4.0261814e+00 -1.2775401e+00 +3.9705048e-01 +7.9279571e-01 +1.8245476e+00 +2.0610901e+00 +2.3433661e+00 +2.3844658e+00 +2.7024711e+00 +3.0013143e+00 +5.0140003e+00 
-4.2656083e+01 -4.2587979e+01 -2.2907357e+01 -2.2562879e+01 -2.2530049e+01 -2.2467065e+01 -2.2408959e+01 -2.2366968e+01 -4.1190585e+00 -1.3545499e+00 +4.7184690e-01 +8.9169297e-01 +1.8873840e+00 +2.1427202e+00 +2.2492177e+00 +2.4223496e+00 +2.6484644e+00 +2.9011374e+00 +4.9812726e+00 
-4.2657996e+01 -4.2588499e+01 -2.2914608e+01 -2.2551541e+01 -2.2521027e+01 -2.2457623e+01 -2.2406021e+01 -2.2363112e+01 -4.2050357e+00 -1.4276590e+00 +5.4481880e-01 +9.9087807e-01 +1.9488568e+00 +2.1651915e+00 +2.2237519e+00 +2.4599300e+00 +2.5963383e+00 +2.8080410e+00 +4.9471854e+00 
-4.2659764e+01 -4.2588996e+01 -2.2921259e+01 -2.2540770e+01 -2.2513530e+01 -2.2447920e+01 -2.2403447e+01 -2.2359619e+01 -4.2838076e+00 -1.4960866e+00 +6.1502506e-01 +1.0896236e+00 +1.9998051e+00 +2.0992733e+00 +2.3032239e+00 +2.4973008e+00 +2.5458365e+00 +2.7222755e+00 +4.9122071e+00 
-4.2661377e+01 -4.2589461e+01 -2.2927282e+01 -2.2530694e+01 -2.2507382e+01 -2.2438268e+01 -2.2401232e+01 -2.2356493e+01 -4.3550912e+00 -1.5591360e+00 +6.8147530e-01 +1.1871367e+00 +1.9899546e+00 +2.1005075e+00 +2.3800484e+00 +2.4964492e+00 +2.5344229e+00 +2.6443077e+00 +4.8769248e+00 
-4.2662824e+01 -4.2589888e+01 -2.2932654e+01 -2.2521433e+01 -2.2502378e+01 -2.2429002e+01 -2.2399365e+01 -2.2353734e+01 -4.4186272e+00 -1.6161908e+00 +7.4315392e-01 +1.2825446e+00 +1.9373785e+00 +2.1495553e+00 +2.4472638e+00 +2.4530056e+00 +2.5710621e+00 +2.5750063e+00 +4.8420615e+00 
-4.2664096e+01 -4.2590271e+01 -2.2937354e+01 -2.2513106e+01 -2.2498332e+01 -2.2420425e+01 -2.2397829e+01 -2.2351342e+01 -4.4741821e+00 -1.6667124e+00 +7.9905198e-01 +1.3748586e+00 +1.8862482e+00 +2.2009704e+00 +2.3970443e+00 +2.5156267e+00 +2.5207469e+00 +2.6067239e+00 +4.8084837e+00 
-4.2665187e+01 -4.2590605e+01 -2.2941363e+01 -2.2505824e+01 -2.2495099e+01 -2.2412790e+01 -2.2396604e+01 -2.2349319e+01 -4.5215498e+00 -1.7102374e+00 +8.4820441e-01 +1.4628917e+00 +1.8419501e+00 +2.2481154e+00 +2.3450249e+00 +2.4671358e+00 +2.5818133e+00 +2.6405972e+00 +4.7771968e+00 
-4.2666088e+01 -4.2590885e+01 -2.2944665e+01 -2.2499693e+01 -2.2492569e+01 -2.2406297e+01 -2.2395663e+01 -2.2347663e+01 -4.5605528e+00 -1.7463763e+00 +8.8972827e-01 +1.5450759e+00 +1.8054162e+00 +2.2888740e+00 +2.2920170e+00 +2.4293312e+00 +2.6346773e+00 +2.6715317e+00 +4.7493157e+00 
-4.2666795e+01 -4.2591107e+01 -2.2947247e+01 -2.2494808e+01 -2.2490668e+01 -2.2401099e+01 -2.2394977e+01 -2.2346375e+01 -4.5910437e+00 -1.7748118e+00 +9.2285857e-01 +1.6190676e+00 +1.7769087e+00 +2.2405548e+00 +2.3219139e+00 +2.4011392e+00 +2.6778171e+00 +2.6980810e+00 +4.7260041e+00 
-4.2667304e+01 -4.2591268e+01 -2.2949098e+01 -2.2491252e+01 -2.2489342e+01 -2.2397309e+01 -2.2394515e+01 -2.2345455e+01 -4.6129067e+00 -1.7952980e+00 +9.4697685e-01 +1.6809654e+00 +1.7565177e+00 +2.1947923e+00 +2.3462406e+00 +2.3815500e+00 +2.7098248e+00 +2.7186443e+00 +4.7083773e+00 
-4.2667610e+01 -4.2591366e+01 -2.2950212e+01 -2.2489091e+01 -2.2488559e+01 -2.2395005e+01 -2.2394251e+01 -2.2344903e+01 -4.6260582e+00 -1.8076597e+00 +9.6163098e-01 +1.7242236e+00 +1.7442758e+00 +2.1612861e+00 +2.3611324e+00 +2.3699708e+00 +2.7295434e+00 +2.7317169e+00 +4.6973760e+00 
-4.2667713e+01 -4.2591399e+01 -2.2950584e+01 -2.2488366e+01 -2.2488300e+01 -2.2394232e+01 -2.2394165e+01 -2.2344719e+01 -4.6304479e+00 -1.8117922e+00 +9.6654637e-01 +1.7401943e+00 +1.7402033e+00 +2.1485745e+00 +2.3661352e+00 +2.3661462e+00 +2.7362059e+00 +2.7362079e+00 +4.6936342e+00 
-4.2667584e+01 -4.2591530e+01 -2.2949608e+01 -2.2488207e+01 -2.2488141e+01 -2.2394394e+01 -2.2394327e+01 -2.2345819e+01 -4.6258199e+00 -1.8147229e+00 +9.6146302e-01 +1.7365110e+00 +1.7365199e+00 +2.1439068e+00 +2.3616223e+00 +2.3616333e+00 +2.7449939e+00 +2.7449959e+00 +4.6964735e+00 
-4.2667197e+01 -4.2591924e+01 -2.2946684e+01 -2.2487729e+01 -2.2487664e+01 -2.2394879e+01 -2.2394813e+01 -2.2349111e+01 -4.6119557e+00 -1.8236306e+00 +9.4663628e-01 +1.7259462e+00 +1.7259550e+00 +2.1299592e+00 +2.3482704e+00 +2.3482813e+00 +2.7708463e+00 +2.7708481e+00 +4.7047161e+00 
-4.2666556e+01 -4.2592577e+01 -2.2941831e+01 -2.2486937e+01 -2.2486872e+01 -2.2395684e+01 -2.2395617e+01 -2.2354566e+01 -4.5889141e+00 -1.8388530e+00 +9.2329403e-01 +1.7097939e+00 +1.7098025e+00 +2.1068989e+00 +2.3266165e+00 +2.3266271e+00 +2.8123894e+00 +2.8123910e+00 +4.7175617e+00 
-4.2665664e+01 -4.2593485e+01 -2.2935074e+01 -2.2485836e+01 -2.2485771e+01 -2.2396803e+01 -2.2396736e+01 -2.2362141e+01 -4.5567931e+00 -1.8609218e+00 +8.9334970e-01 +1.6897823e+00 +1.6897907e+00 +2.0750044e+00 +2.2974857e+00 +2.2974962e+00 +2.8677609e+00 +2.8677622e+00 +4.7337588e+00 
-4.2664528e+01 -4.2594642e+01 -2.2926455e+01 -2.2484433e+01 -2.2484367e+01 -2.2398228e+01 -2.2398161e+01 -2.2371774e+01 -4.5157309e+00 -1.8905138e+00 +8.5922444e-01 +1.6677017e+00 +1.6677098e+00 +2.0346661e+00 +2.2619061e+00 +2.2619162e+00 +2.9349801e+00 +2.9349811e+00 +4.7517091e+00 
-4.2663155e+01 -4.2596039e+01 -2.2916022e+01 -2.2482737e+01 -2.2482671e+01 -2.2399949e+01 -2.2399882e+01 -2.2383387e+01 -4.4659058e+00 -1.9283792e+00 +8.2363425e-01 +1.6451657e+00 +1.6451735e+00 +1.9863847e+00 +2.2210183e+00 +2.2210282e+00 +3.0121844e+00 +3.0121852e+00 +4.7695862e+00 
-4.2661553e+01 -4.2597667e+01 -2.2903836e+01 -2.2480760e+01 -2.2480694e+01 -2.2401954e+01 -2.2401888e+01 -2.2396886e+01 -4.4075373e+00 -1.9752504e+00 +7.8936579e-01 +1.6235135e+00 +1.6235212e+00 +1.9307671e+00 +2.1759967e+00 +2.1760063e+00 +3.0977231e+00 +3.0977236e+00 +4.7854543e+00 
-4.2659735e+01 -4.2599513e+01 -2.2889969e+01 -2.2478514e+01 -2.2478449e+01 -2.2412165e+01 -2.2404230e+01 -2.2404164e+01 -4.3408872e+00 -2.0317369e+00 +7.5906305e-01 +1.6038037e+00 +1.6038111e+00 +1.8685202e+00 +2.1279884e+00 +2.1279977e+00 +3.1901603e+00 +3.1901607e+00 +4.7973783e+00 
-4.2657711e+01 -4.2601566e+01 -2.2874502e+01 -2.2476016e+01 -2.2475950e+01 -2.2429103e+01 -2.2406760e+01 -2.2406694e+01 -4.2662608e+00 -2.0982235e+00 +7.3504475e-01 +1.5868479e+00 +1.5868551e+00 +1.8004417e+00 +2.0780727e+00 +2.0780817e+00 +3.2882359e+00 +3.2882362e+00 +4.8035241e+00 
-4.2655496e+01 -4.2603811e+01 -2.2857528e+01 -2.2473281e+01 -2.2473216e+01 -2.2447567e+01 -2.2409527e+01 -2.2409460e+01 -4.1840094e+00 -2.1747885e+00 +7.1917013e-01 +1.5732558e+00 +1.5732630e+00 +1.7274071e+00 +2.0272377e+00 +2.0272464e+00 +3.3908149e+00 +3.3908150e+00 +4.8022472e+00 
-4.2653105e+01 -4.2606233e+01 -2.2839148e+01 -2.2470329e+01 -2.2470263e+01 -2.2467415e+01 -2.2412511e+01 -2.2412445e+01 -4.0945326e+00 -2.2611587e+00 +7.1276570e-01 +1.5634772e+00 +1.5634843e+00 +1.6503569e+00 +1.9763711e+00 +1.9763796e+00 +3.4968408e+00 +3.4968410e+00 +4.7921679e+00 
-4.2650552e+01 -4.2608813e+01 -2.2819474e+01 -2.2488495e+01 -2.2467178e+01 -2.2467112e+01 -2.2415692e+01 -2.2415626e+01 -3.9982811e+00 -2.3567126e+00 +7.1661512e-01 +1.5578356e+00 +1.5578426e+00 +1.5702816e+00 +1.9262588e+00 +1.9262671e+00 +3.6052949e+00 +3.6052951e+00 +4.7722313e+00 
-4.2647856e+01 -4.2611536e+01 -2.2798626e+01 -2.2510648e+01 -2.2463850e+01 -2.2463784e+01 -2.2419048e+01 -2.2418982e+01 -3.8957616e+00 -2.4605236e+00 +7.3100323e-01 +1.4882077e+00 +1.5565546e+00 +1.5565615e+00 +1.8775899e+00 +1.8775981e+00 +3.7151645e+00 +3.7151650e+00 +4.7417475e+00 
-4.2645035e+01 -4.2614381e+01 -2.2776733e+01 -2.2533710e+01 -2.2460368e+01 -2.2460302e+01 -2.2422555e+01 -2.2422489e+01 -3.7875404e+00 -2.5714341e+00 +7.5579612e-01 +1.4051856e+00 +1.5597768e+00 +1.5597837e+00 +1.8309638e+00 +1.8309717e+00 +3.8254198e+00 +3.8254201e+00 +4.7004070e+00 
-4.2642107e+01 -4.2617329e+01 -2.2753933e+01 -2.2557511e+01 -2.2456755e+01 -2.2456689e+01 -2.2426190e+01 -2.2426124e+01 -3.6742501e+00 -2.6881398e+00 +7.9053582e-01 +1.3222788e+00 +1.5675780e+00 +1.5675850e+00 +1.7868984e+00 +1.7869061e+00 +3.9349952e+00 +3.9349957e+00 +4.6482713e+00 
-4.2639092e+01 -4.2620359e+01 -2.2730370e+01 -2.2581879e+01 -2.2453035e+01 -2.2452969e+01 -2.2429927e+01 -2.2429861e+01 -3.5565954e+00 -2.8092693e+00 +8.3453157e-01 +1.2405568e+00 +1.5799767e+00 +1.5799837e+00 +1.7458386e+00 +1.7458461e+00 +4.0427817e+00 +4.0427826e+00 +4.5857395e+00 
-4.2636012e+01 -4.2623452e+01 -2.2706196e+01 -2.2606641e+01 -2.2449234e+01 -2.2449168e+01 -2.2433740e+01 -2.2433674e+01 -3.4353603e+00 -2.9334498e+00 +8.8693700e-01 +1.1610892e+00 +1.5969402e+00 +1.5969472e+00 +1.7081637e+00 +1.7081711e+00 +4.1476243e+00 +4.1476252e+00 +4.5134968e+00 
-4.2632886e+01 -4.2626585e+01 -2.2681568e+01 -2.2631623e+01 -2.2445378e+01 -2.2445312e+01 -2.2437604e+01 -2.2437538e+01 -3.3114153e+00 -3.0593542e+00 +9.4680843e-01 +1.0849427e+00 +1.6183886e+00 +1.6183957e+00 +1.6741942e+00 +1.6742015e+00 +4.2483279e+00 +4.2483287e+00 +4.4324525e+00 
-4.2629737e+01 -4.2629736e+01 -2.2656652e+01 -2.2656650e+01 -2.2441492e+01 -2.2441492e+01 -2.2441426e+01 -2.2441426e+01 -3.1857315e+00 -3.1857235e+00 +1.0131449e+00 +1.0131778e+00 +1.6441968e+00 +1.6441968e+00 +1.6442040e+00 +1.6442040e+00 +4.3436741e+00 +4.3436745e+00 +4.3436758e+00 
-4.2629670e+01 -4.2629670e+01 -2.2656866e+01 -2.2656864e+01 -2.2441877e+01 -2.2441877e+01 -2.2441609e+01 -2.2441609e+01 -3.1819795e+00 -3.1819716e+00 +1.0091080e+00 +1.0091406e+00 +1.6429221e+00 +1.6429223e+00 +1.6472019e+00 +1.6472019e+00 +4.3426270e+00 +4.3429046e+00 +4.3437050e+00 
-4.2629471e+01 -4.2629471e+01 -2.2657515e+01 -2.2657513e+01 -2.2443059e+01 -2.2443059e+01 -2.2442118e+01 -2.2442118e+01 -3.1707503e+00 -3.1707424e+00 +9.9714372e-01 +9.9717527e-01 +1.6390138e+00 +1.6390150e+00 +1.6561899e+00 +1.6561900e+00 +4.3395188e+00 +4.3395192e+00 +4.3438713e+00 
-4.2629141e+01 -4.2629141e+01 -2.2658618e+01 -2.2658616e+01 -2.2444991e+01 -2.2444991e+01 -2.2442959e+01 -2.2442959e+01 -3.1521228e+00 -3.1521148e+00 +9.7767007e-01 +9.7769997e-01 +1.6322979e+00 +1.6323004e+00 +1.6710982e+00 +1.6710983e+00 +4.3344559e+00 +4.3344563e+00 +4.3443931e+00 
-4.2628683e+01 -4.2628683e+01 -2.2660210e+01 -2.2660207e+01 -2.2447613e+01 -2.2447613e+01 -2.2444127e+01 -2.2444127e+01 -3.1262290e+00 -3.1262210e+00 +9.5132164e-01 +9.5134943e-01 +1.6225406e+00 +1.6225448e+00 +1.6918175e+00 +1.6918177e+00 +4.3276133e+00 +4.3276134e+00 +4.3455929e+00 
-4.2628101e+01 -4.2628101e+01 -2.2662333e+01 -2.2662331e+01 -2.2450840e+01 -2.2450840e+01 -2.2445611e+01 -2.2445611e+01 -3.0932561e+00 -3.0932480e+00 +9.1887857e-01 +9.1890394e-01 +1.6095293e+00 +1.6095354e+00 +1.7181919e+00 +1.7181921e+00 +4.3192342e+00 +4.3192344e+00 +4.3478439e+00 
-4.2627398e+01 -4.2627398e+01 -2.2665042e+01 -2.2665040e+01 -2.2454571e+01 -2.2454571e+01 -2.2447399e+01 -2.2447399e+01 -3.0534472e+00 -3.0534392e+00 +8.8119885e-01 +8.8122158e-01 +1.5931405e+00 +1.5931485e+00 +1.7500155e+00 +1.7500157e+00 +4.3096296e+00 +4.3096315e+00 +4.3515134e+00 
-4.2626582e+01 -4.2626582e+01 -2.2668400e+01 -2.2668398e+01 -2.2458685e+01 -2.2458685e+01 -2.2449476e+01 -2.2449476e+01 -3.0071044e+00 -3.0070963e+00 +8.3916534e-01 +8.3918538e-01 +1.5733876e+00 +1.5733974e+00 +1.7870285e+00 +1.7870287e+00 +4.2991743e+00 +4.2991766e+00 +4.3569127e+00 
-4.2625657e+01 -4.2625657e+01 -2.2672472e+01 -2.2672470e+01 -2.2463051e+01 -2.2463051e+01 -2.2451826e+01 -2.2451826e+01 -2.9545910e+00 -2.9545828e+00 +7.9365117e-01 +7.9366854e-01 +1.5504434e+00 +1.5504549e+00 +1.8289124e+00 +1.8289127e+00 +4.2883085e+00 +4.2883090e+00 +4.3642624e+00 
-4.2624632e+01 -4.2624632e+01 -2.2677322e+01 -2.2677320e+01 -2.2467530e+01 -2.2467530e+01 -2.2454429e+01 -2.2454429e+01 -2.8963349e+00 -2.8963267e+00 +7.4550081e-01 +7.4551559e-01 +1.5246395e+00 +1.5246524e+00 +1.8752839e+00 +1.8752842e+00 +4.2775349e+00 +4.2775350e+00 +4.3736765e+00 
-4.2623515e+01 -4.2623515e+01 -2.2683005e+01 -2.2683003e+01 -2.2471985e+01 -2.2471985e+01 -2.2457263e+01 -2.2457263e+01 -2.8328320e+00 -2.8328237e+00 +6.9552233e-01 +6.9553465e-01 +1.4964485e+00 +1.4964626e+00 +1.9256885e+00 +1.9256889e+00 +4.2674189e+00 +4.2674189e+00 +4.3851638e+00 
-4.2622314e+01 -4.2622314e+01 -2.2689561e+01 -2.2689559e+01 -2.2476287e+01 -2.2476287e+01 -2.2460305e+01 -2.2460305e+01 -2.7646500e+00 -2.7646417e+00 +6.4448631e-01 +6.4449635e-01 +1.4664569e+00 +1.4664719e+00 +1.9795945e+00 +1.9795949e+00 +4.2585874e+00 +4.2585893e+00 +4.3986455e+00 
-4.2621040e+01 -4.2621040e+01 -2.2697008e+01 -2.2697006e+01 -2.2480324e+01 -2.2480324e+01 -2.2463530e+01 -2.2463530e+01 -2.6924315e+00 -2.6924231e+00 +5.9312762e-01 +5.9313557e-01 +1.4353334e+00 +1.4353491e+00 +2.0363863e+00 +2.0363867e+00 +4.2517278e+00 +4.2517293e+00 +4.4139815e+00 
-4.2619702e+01 -4.2619702e+01 -2.2705338e+01 -2.2705336e+01 -2.2484007e+01 -2.2484007e+01 -2.2466912e+01 -2.2466912e+01 -2.6168966e+00 -2.6168881e+00 +5.4214741e-01 +5.4215349e-01 +1.4037988e+00 +1.4038148e+00 +2.0953611e+00 +2.0953615e+00 +4.2475839e+00 +4.2475842e+00 +4.4310028e+00 
-4.2618311e+01 -4.2618311e+01 -2.2714512e+01 -2.2714510e+01 -2.2487274e+01 -2.2487274e+01 -2.2470422e+01 -2.2470422e+01 -2.5388441e+00 -2.5388356e+00 +4.9221350e-01 +4.9221798e-01 +1.3725990e+00 +1.3726152e+00 +2.1557279e+00 +2.1557284e+00 +4.2469493e+00 +4.2469496e+00 +4.4495436e+00 
-4.2616878e+01 -4.2616878e+01 -2.2724460e+01 -2.2724459e+01 -2.2490088e+01 -2.2490088e+01 -2.2474032e+01 -2.2474032e+01 -2.4591497e+00 -2.4591410e+00 +4.4395788e-01 +4.4396108e-01 +1.3424840e+00 +1.3425002e+00 +2.2166143e+00 +2.2166149e+00 +4.2506532e+00 +4.2506544e+00 +4.4694723e+00 
-4.2615415e+01 -4.2615415e+01 -2.2735089e+01 -2.2735087e+01 -2.2492439e+01 -2.2492439e+01 -2.2477714e+01 -2.2477714e+01 -2.3787600e+00 -2.3787512e+00 +3.9797022e-01 +3.9797262e-01 +1.3141904e+00 +1.3142064e+00 +2.2770812e+00 +2.2770818e+00 +4.2595370e+00 +4.2595372e+00 +4.4907158e+00 
-4.2613933e+01 -4.2613933e+01 -2.2746279e+01 -2.2746278e+01 -2.2494338e+01 -2.2494338e+01 -2.2481436e+01 -2.2481436e+01 -2.2986808e+00 -2.2986720e+00 +3.5478705e-01 +3.5478932e-01 +1.2884278e+00 +1.2884434e+00 +2.3361507e+00 +2.3361514e+00 +4.2744188e+00 +4.2744190e+00 +4.5132795e+00 
-4.2612445e+01 -4.2612445e+01 -2.2757900e+01 -2.2757898e+01 -2.2495812e+01 -2.2495812e+01 -2.2485169e+01 -2.2485169e+01 -2.2199575e+00 -2.2199488e+00 +3.1487647e-01 +3.1487913e-01 +1.2658653e+00 +1.2658805e+00 +2.3928477e+00 +2.3928485e+00 +4.2960417e+00 +4.2960419e+00 +4.5372592e+00 
-4.2610962e+01 -4.2610962e+01 -2.2769806e+01 -2.2769805e+01 -2.2496898e+01 -2.2496897e+01 -2.2488883e+01 -2.2488883e+01 -2.1436463e+00 -2.1436376e+00 +2.7861854e-01 +2.7862178e-01 +1.2471169e+00 +1.2471317e+00 +2.4462549e+00 +2.4462557e+00 +4.3250099e+00 +4.3250102e+00 +4.5628455e+00 
-4.2609497e+01 -4.2609496e+01 -2.2781852e+01 -2.2781851e+01 -2.2497641e+01 -2.2497640e+01 -2.2492549e+01 -2.2492549e+01 -2.0707747e+00 -2.0707660e+00 +2.4628338e-01 +2.4628721e-01 +1.2327215e+00 +1.2327358e+00 +2.4955742e+00 +2.4955750e+00 +4.3617155e+00 +4.3617158e+00 +4.5903207e+00 
-4.2608060e+01 -4.2608060e+01 -2.2793889e+01 -2.2793888e+01 -2.2498088e+01 -2.2498088e+01 -2.2496135e+01 -2.2496135e+01 -2.0022943e+00 -2.0022857e+00 +2.1801059e-01 +2.1801496e-01 +1.2231163e+00 +1.2231303e+00 +2.5401872e+00 +2.5401881e+00 +4.4062668e+00 +4.4062671e+00 +4.6200460e+00 
-4.2606664e+01 -4.2606664e+01 -2.2805772e+01 -2.2805771e+01 -2.2499617e+01 -2.2499617e+01 -2.2498286e+01 -2.2498285e+01 -1.9390277e+00 -1.9390193e+00 +1.9379463e-01 +1.9379950e-01 +1.2186024e+00 +1.2186162e+00 +2.5797001e+00 +2.5797010e+00 +4.4584307e+00 +4.4584314e+00 +4.6524397e+00 
-4.2605321e+01 -4.2605321e+01 -2.2817362e+01 -2.2817361e+01 -2.2502962e+01 -2.2502962e+01 -2.2498285e+01 -2.2498284e+01 -1.8816178e+00 -1.8816097e+00 +1.7348172e-01 +1.7348704e-01 +1.2193047e+00 +1.2193185e+00 +2.6139637e+00 +2.6139647e+00 +4.5175981e+00 +4.5175986e+00 +4.6879439e+00 
-4.2604040e+01 -4.2604040e+01 -2.2828527e+01 -2.2828526e+01 -2.2506146e+01 -2.2506146e+01 -2.2498125e+01 -2.2498124e+01 -1.8304872e+00 -1.8304794e+00 +1.5678250e-01 +1.5678823e-01 +1.2251304e+00 +1.2251445e+00 +2.6430632e+00 +2.6430642e+00 +4.5827812e+00 +4.5827825e+00 +4.7269791e+00 
-4.2602833e+01 -4.2602833e+01 -2.2839144e+01 -2.2839144e+01 -2.2509144e+01 -2.2509144e+01 -2.2497848e+01 -2.2497847e+01 -1.7858163e+00 -1.7858089e+00 +1.4330178e-01 +1.4330787e-01 +1.2357349e+00 +1.2357494e+00 +2.6672819e+00 +2.6672829e+00 +4.6526371e+00 +4.6526383e+00 +4.7698769e+00 
-4.2601708e+01 -4.2601708e+01 -2.2849100e+01 -2.2849099e+01 -2.2511932e+01 -2.2511932e+01 -2.2497489e+01 -2.2497489e+01 -1.7475455e+00 -1.7475386e+00 +1.3258172e-01 +1.3258815e-01 +1.2505046e+00 +1.2505197e+00 +2.6870477e+00 +2.6870488e+00 +4.7255109e+00 +4.7255135e+00 +4.8168071e+00 
-4.2600676e+01 -4.2600676e+01 -2.2858289e+01 -2.2858288e+01 -2.2514488e+01 -2.2514488e+01 -2.2497083e+01 -2.2497083e+01 -1.7154026e+00 -1.7153962e+00 +1.2415028e-01 +1.2415699e-01 +1.2685652e+00 +1.2685810e+00 +2.7028753e+00 +2.7028764e+00 +4.7994910e+00 +4.7994920e+00 +4.8676691e+00 
-4.2599745e+01 -4.2599745e+01 -2.2866618e+01 -2.2866618e+01 -2.2516792e+01 -2.2516792e+01 -2.2496658e+01 -2.2496657e+01 -1.6889499e+00 -1.6889439e+00 +1.1756534e-01 +1.1757229e-01 +1.2888201e+00 +1.2888367e+00 +2.7153122e+00 +2.7153133e+00 +4.8724685e+00 +4.8724688e+00 +4.9219651e+00 
-4.2598922e+01 -4.2598922e+01 -2.2874005e+01 -2.2874005e+01 -2.2518827e+01 -2.2518827e+01 -2.2496239e+01 -2.2496239e+01 -1.6676424e+00 -1.6676369e+00 +1.1244662e-01 +1.1245377e-01 +1.3100162e+00 +1.3100335e+00 +2.7248960e+00 +2.7248972e+00 +4.9422030e+00 +4.9422031e+00 +4.9786493e+00 
-4.2598213e+01 -4.2598213e+01 -2.2880377e+01 -2.2880376e+01 -2.2520575e+01 -2.2520575e+01 -2.2495848e+01 -2.2495848e+01 -1.6508886e+00 -1.6508836e+00 +1.0849171e-01 +1.0849899e-01 +1.3308293e+00 +1.3308474e+00 +2.7321234e+00 +2.7321245e+00 +5.0063960e+00 +5.0063964e+00 +5.0359651e+00 
-4.2597626e+01 -4.2597626e+01 -2.2885673e+01 -2.2885672e+01 -2.2522023e+01 -2.2522023e+01 -2.2495503e+01 -2.2495503e+01 -1.6381056e+00 -1.6381011e+00 +1.0547744e-01 +1.0548482e-01 +1.3499574e+00 +1.3499761e+00 +2.7374298e+00 +2.7374309e+00 +5.0627815e+00 +5.0627819e+00 +5.0913061e+00 
-4.2597164e+01 -4.2597164e+01 -2.2889842e+01 -2.2889841e+01 -2.2523161e+01 -2.2523161e+01 -2.2495219e+01 -2.2495219e+01 -1.6287645e+00 -1.6287604e+00 +1.0325074e-01 +1.0325817e-01 +1.3662094e+00 +1.3662286e+00 +2.7411778e+00 +2.7411789e+00 +5.1092349e+00 +5.1092350e+00 +5.1411792e+00 
-4.2596831e+01 -4.2596831e+01 -2.2892845e+01 -2.2892845e+01 -2.2523978e+01 -2.2523978e+01 -2.2495007e+01 -2.2495007e+01 -1.6224242e+00 -1.6224204e+00 +1.0171424e-01 +1.0172171e-01 +1.3785820e+00 +1.3786016e+00 +2.7436517e+00 +2.7436528e+00 +5.1438997e+00 +5.1438998e+00 +5.1814136e+00 
-4.2596630e+01 -4.2596630e+01 -2.2894655e+01 -2.2894654e+01 -2.2524469e+01 -2.2524469e+01 -2.2494875e+01 -2.2494875e+01 -1.6187555e+00 -1.6187519e+00 +1.0081125e-01 +1.0081873e-01 +1.3863186e+00 +1.3863384e+00 +2.7450546e+00 +2.7450558e+00 +5.1653216e+00 +5.1653216e+00 +5.2077718e+00 
-4.2596563e+01 -4.2596563e+01 -2.2895254e+01 -2.2895253e+01 -2.2524630e+01 -2.2524630e+01 -2.2494828e+01 -2.2494828e+01 -1.6175552e+00 -1.6175517e+00 +1.0051316e-01 +1.0052065e-01 +1.3889497e+00 +1.3889695e+00 +2.7455085e+00 +2.7455097e+00 +5.1725698e+00 +5.1725699e+00 +5.2169734e+00 
-4.2596540e+01 -4.2596540e+01 -2.2894965e+01 -2.2894965e+01 -2.2526641e+01 -2.2526641e+01 -2.2493398e+01 -2.2493398e+01 -1.6134204e+00 -1.6134169e+00 +1.0241183e-01 +1.0241932e-01 +1.3781510e+00 +1.3781706e+00 +2.7486291e+00 +2.7486304e+00 +5.1270683e+00 +5.1270708e+00 +5.2664884e+00 
-4.2596472e+01 -4.2596472e+01 -2.2894091e+01 -2.2894090e+01 -2.2531838e+01 -2.2531838e+01 -2.2489925e+01 -2.2489925e+01 -1.6010504e+00 -1.6010469e+00 +1.0807213e-01 +1.0807963e-01 +1.3465592e+00 +1.3465782e+00 +2.7571833e+00 +2.7571848e+00 +5.0701478e+00 +5.0701522e+00 +5.3354521e+00 
-4.2596361e+01 -4.2596361e+01 -2.2892639e+01 -2.2892639e+01 -2.2538970e+01 -2.2538970e+01 -2.2485635e+01 -2.2485635e+01 -1.5805466e+00 -1.5805431e+00 +1.1738669e-01 +1.1739421e-01 +1.2963416e+00 +1.2963598e+00 +2.7690472e+00 +2.7690491e+00 +5.0186202e+00 +5.0186265e+00 +5.4069988e+00 
-4.2596207e+01 -4.2596207e+01 -2.2890625e+01 -2.2890625e+01 -2.2547317e+01 -2.2547317e+01 -2.2481205e+01 -2.2481204e+01 -1.5520773e+00 -1.5520737e+00 +1.3017240e-01 +1.3017995e-01 +1.2304431e+00 +1.2304603e+00 +2.7814880e+00 +2.7814902e+00 +4.9739824e+00 +4.9739906e+00 +5.4794822e+00 
-4.2596015e+01 -4.2596015e+01 -2.2888069e+01 -2.2888069e+01 -2.2556528e+01 -2.2556528e+01 -2.2476927e+01 -2.2476926e+01 -1.5158759e+00 -1.5158724e+00 +1.4616427e-01 +1.4617186e-01 +1.1519942e+00 +1.1520104e+00 +2.7919249e+00 +2.7919274e+00 +4.9363371e+00 +4.9363470e+00 +5.5524846e+00 
-4.2595789e+01 -4.2595789e+01 -2.2884997e+01 -2.2884997e+01 -2.2566402e+01 -2.2566402e+01 -2.2472924e+01 -2.2472923e+01 -1.4722392e+00 -1.4722357e+00 +1.6500676e-01 +1.6501438e-01 +1.0639173e+00 +1.0639323e+00 +2.7984815e+00 +2.7984842e+00 +4.9048343e+00 +4.9048457e+00 +5.6263197e+00 
-4.2595532e+01 -4.2595532e+01 -2.2881445e+01 -2.2881445e+01 -2.2576800e+01 -2.2576800e+01 -2.2469243e+01 -2.2469243e+01 -1.4215239e+00 -1.4215204e+00 +1.8624204e-01 +1.8624971e-01 +9.6875381e-01 +9.6876774e-01 +2.8002501e+00 +2.8002528e+00 +4.8778029e+00 +4.8778156e+00 +5.7018887e+00 
-4.2595249e+01 -4.2595249e+01 -2.2877455e+01 -2.2877455e+01 -2.2587597e+01 -2.2587597e+01 -2.2465900e+01 -2.2465900e+01 -1.3641433e+00 -1.3641399e+00 +2.0929261e-01 +2.0930030e-01 +8.6864512e-01 +8.6865802e-01 +2.7973017e+00 +2.7973042e+00 +4.8530158e+00 +4.8530294e+00 +5.7804599e+00 
-4.2594948e+01 -4.2594948e+01 -2.2873081e+01 -2.2873081e+01 -2.2598668e+01 -2.2598668e+01 -2.2462891e+01 -2.2462891e+01 -1.3005628e+00 -1.3005594e+00 +2.3342823e-01 +2.3343595e-01 +7.6540339e-01 +7.6541533e-01 +2.7905167e+00 +2.7905189e+00 +4.8281004e+00 +4.8281146e+00 +5.8633516e+00 
-4.2594633e+01 -4.2594633e+01 -2.2868388e+01 -2.2868388e+01 -2.2609876e+01 -2.2609876e+01 -2.2460208e+01 -2.2460207e+01 -1.2312943e+00 -1.2312910e+00 +2.5767758e-01 +2.5768537e-01 +6.6066775e-01 +6.6067883e-01 +2.7813215e+00 +2.7813235e+00 +4.8009920e+00 +4.8010063e+00 +5.9515842e+00 
-4.2594312e+01 -4.2594312e+01 -2.2863456e+01 -2.2863456e+01 -2.2621070e+01 -2.2621070e+01 -2.2457836e+01 -2.2457836e+01 -1.1568903e+00 -1.1568870e+00 +2.8049390e-01 +2.8050178e-01 +5.5631629e-01 +5.5632664e-01 +2.7714003e+00 +2.7714020e+00 +4.7702980e+00 +4.7703120e+00 +6.0455993e+00 
-4.2593993e+01 -4.2593993e+01 -2.2858382e+01 -2.2858382e+01 -2.2632077e+01 -2.2632077e+01 -2.2455762e+01 -2.2455762e+01 -1.0779379e+00 -1.0779347e+00 +2.9786647e-01 +2.9787433e-01 +4.5643616e-01 +4.5644578e-01 +2.7624277e+00 +2.7624290e+00 +4.7354907e+00 +4.7355040e+00 +6.1450991e+00 
-4.2593682e+01 -4.2593682e+01 -2.2853287e+01 -2.2853287e+01 -2.2642700e+01 -2.2642700e+01 -2.2453972e+01 -2.2453972e+01 -9.9505278e-01 -9.9504971e-01 +2.8810140e-01 +2.8810541e-01 +3.8263180e-01 +3.8263698e-01 +2.7558402e+00 +2.7558411e+00 +4.6969274e+00 +4.6969397e+00 +6.2489937e+00 
-4.2593387e+01 -4.2593387e+01 -2.2848313e+01 -2.2848313e+01 -2.2652716e+01 -2.2652716e+01 -2.2452453e+01 -2.2452453e+01 -9.0887451e-01 -9.0887160e-01 +2.1344528e-01 +2.1344767e-01 +3.7247817e-01 +3.7247987e-01 +2.7526458e+00 +2.7526463e+00 +4.6557572e+00 +4.6557683e+00 +6.3553893e+00 
-4.2593117e+01 -4.2593117e+01 -2.2843632e+01 -2.2843632e+01 -2.2661873e+01 -2.2661873e+01 -2.2451194e+01 -2.2451194e+01 -8.2006440e-01 -8.2006169e-01 +1.1671185e-01 +1.1671533e-01 +3.8299686e-01 +3.8300000e-01 +2.7532708e+00 +2.7532709e+00 +4.6137849e+00 +4.6137946e+00 +6.4615231e+00 
-4.2592879e+01 -4.2592879e+01 -2.2839440e+01 -2.2839440e+01 -2.2669895e+01 -2.2669895e+01 -2.2450183e+01 -2.2450183e+01 -7.2930762e-01 -7.2930517e-01 +1.7753212e-02 +1.7756498e-02 +3.9427451e-01 +3.9427769e-01 +2.7574490e+00 +2.7574492e+00 +4.5733305e+00 +4.5733386e+00 +6.5635858e+00 
-4.2592682e+01 -4.2592681e+01 -2.2835943e+01 -2.2835943e+01 -2.2676496e+01 -2.2676496e+01 -2.2449411e+01 -2.2449411e+01 -6.3732390e-01 -6.3732179e-01 -8.0174616e-02 -8.0171860e-02 +4.0315778e-01 +4.0316053e-01 +2.7641759e+00 +2.7641764e+00 +4.5370876e+00 +4.5370940e+00 +6.6563991e+00 
-4.2592531e+01 -4.2592531e+01 -2.2833335e+01 -2.2833335e+01 -2.2681406e+01 -2.2681406e+01 -2.2448869e+01 -2.2448869e+01 -5.4489879e-01 -5.4489709e-01 -1.7610658e-01 -1.7610449e-01 +4.0902089e-01 +4.0902293e-01 +2.7717599e+00 +2.7717606e+00 +4.5079501e+00 +4.5079545e+00 +6.7330661e+00 
-4.2592436e+01 -4.2592436e+01 -2.2831752e+01 -2.2831752e+01 -2.2684417e+01 -2.2684417e+01 -2.2448550e+01 -2.2448550e+01 -4.5302432e-01 -4.5302311e-01 -2.6948917e-01 -2.6948784e-01 +4.1202813e-01 +4.1202925e-01 +2.7780110e+00 +2.7780118e+00 +4.4887602e+00 +4.4887625e+00 +6.7850788e+00 
-4.2592403e+01 -4.2592403e+01 -2.2831233e+01 -2.2831233e+01 -2.2685424e+01 -2.2685424e+01 -2.2448444e+01 -2.2448444e+01 -3.7251413e-01 -3.7251301e-01 -3.5027970e-01 -3.5027970e-01 +4.1282056e-01 +4.1282059e-01 +2.7805827e+00 +2.7805836e+00 +4.4819515e+00 +4.4819516e+00 +6.8038817e+00 
-4.2592438e+01 -4.2592438e+01 -2.2831708e+01 -2.2831708e+01 -2.2684447e+01 -2.2684447e+01 -2.2448548e+01 -2.2448548e+01 -4.5078692e-01 -4.5078689e-01 -2.7214581e-01 -2.7214537e-01 +4.1244672e-01 +4.1244805e-01 +2.7774251e+00 +2.7774259e+00 +4.4890996e+00 +4.4891020e+00 +6.7843202e+00 
-4.2592548e+01 -4.2592548e+01 -2.2832953e+01 -2.2832952e+01 -2.2681646e+01 -2.2681646e+01 -2.2448851e+01 -2.2448851e+01 -5.3664784e-01 -5.3664700e-01 -1.8776845e-01 -1.8776704e-01 +4.1240089e-01 +4.1240371e-01 +2.7672295e+00 +2.7672303e+00 +4.5105370e+00 +4.5105422e+00 +6.7275184e+00 
-4.2592737e+01 -4.2592737e+01 -2.2834687e+01 -2.2834687e+01 -2.2677254e+01 -2.2677254e+01 -2.2449343e+01 -2.2449343e+01 -6.2035930e-01 -6.2035766e-01 -1.0890842e-01 -1.0890584e-01 +4.1469761e-01 +4.1470208e-01 +2.7497030e+00 +2.7497037e+00 +4.5450932e+00 +4.5451012e+00 +6.6398320e+00 
-4.2593011e+01 -4.2593011e+01 -2.2836605e+01 -2.2836605e+01 -2.2671542e+01 -2.2671542e+01 -2.2450017e+01 -2.2450017e+01 -7.0193849e-01 -7.0193607e-01 -3.8234494e-02 -3.8230638e-02 +4.2195409e-01 +4.2196028e-01 +2.7255786e+00 +2.7255793e+00 +4.5901417e+00 +4.5901525e+00 +6.5292573e+00 
-4.2593373e+01 -4.2593373e+01 -2.2838418e+01 -2.2838417e+01 -2.2664772e+01 -2.2664772e+01 -2.2450861e+01 -2.2450861e+01 -7.8160172e-01 -7.8159853e-01 +2.1274360e-02 +2.1279352e-02 +4.3721040e-01 +4.3721811e-01 +2.6963908e+00 +2.6963915e+00 +4.6418943e+00 +4.6419080e+00 +6.4028992e+00 
-4.2593825e+01 -4.2593825e+01 -2.2839875e+01 -2.2839874e+01 -2.2657178e+01 -2.2657178e+01 -2.2451864e+01 -2.2451864e+01 -8.5964653e-01 -8.5964259e-01 +6.7094677e-02 +6.7100291e-02 +4.6303725e-01 +4.6304592e-01 +2.6641389e+00 +2.6641398e+00 +4.6958323e+00 +4.6958490e+00 +6.2663225e+00 
-4.2594370e+01 -4.2594370e+01 -2.2840771e+01 -2.2840771e+01 -2.2648962e+01 -2.2648962e+01 -2.2453012e+01 -2.2453012e+01 -9.3642901e-01 -9.3642434e-01 +9.8676806e-02 +9.8682255e-02 +5.0000645e-01 +5.0001520e-01 +2.6309631e+00 +2.6309641e+00 +4.7471577e+00 +4.7471773e+00 +6.1238395e+00 
-4.2595009e+01 -4.2595009e+01 -2.2840949e+01 -2.2840948e+01 -2.2640288e+01 -2.2640288e+01 -2.2454291e+01 -2.2454291e+01 -1.0123507e+00 -1.0123453e+00 +1.1812764e-01 +1.1813223e-01 +5.4602667e-01 +5.4603469e-01 +2.5988908e+00 +2.5988920e+00 +4.7911856e+00 +4.7912079e+00 +5.9789971e+00 
-4.2595742e+01 -4.2595742e+01 -2.2840289e+01 -2.2840289e+01 -2.2631293e+01 -2.2631293e+01 -2.2455683e+01 -2.2455682e+01 -1.0878449e+00 -1.0878388e+00 +1.2904461e-01 +1.2904797e-01 +5.9754620e-01 +5.9755299e-01 +2.5696606e+00 +2.5696620e+00 +4.8236361e+00 +4.8236608e+00 +5.8350174e+00 
-4.2596568e+01 -4.2596568e+01 -2.2838712e+01 -2.2838711e+01 -2.2622091e+01 -2.2622090e+01 -2.2457168e+01 -2.2457167e+01 -1.1633603e+00 -1.1633536e+00 +1.3492293e-01 +1.3492498e-01 +6.5119390e-01 +6.5119919e-01 +2.5445990e+00 +2.5446006e+00 +4.8407980e+00 +4.8408247e+00 +5.6951438e+00 
-4.2597486e+01 -4.2597486e+01 -2.2836165e+01 -2.2836164e+01 -2.2612774e+01 -2.2612774e+01 -2.2458724e+01 -2.2458723e+01 -1.2393413e+00 -1.2393342e+00 +1.3846094e-01 +1.3846172e-01 +7.0452430e-01 +7.0452796e-01 +2.5245334e+00 +2.5245351e+00 +4.8396063e+00 +4.8396339e+00 +5.5628434e+00 
-4.2598491e+01 -4.2598491e+01 -2.2832627e+01 -2.2832626e+01 -2.2603424e+01 -2.2603424e+01 -2.2460326e+01 -2.2460325e+01 -1.3162060e+00 -1.3161984e+00 +1.4157559e-01 +1.4157594e-01 +7.5604296e-01 +7.5604491e-01 +2.5097300e+00 +2.5097318e+00 +4.8178331e+00 +4.8178606e+00 +5.4416797e+00 
-4.2599580e+01 -4.2599580e+01 -2.2828099e+01 -2.2828099e+01 -2.2594108e+01 -2.2594108e+01 -2.2461945e+01 -2.2461945e+01 -1.3943224e+00 -1.3943143e+00 +1.4561727e-01 +1.4561860e-01 +8.0501176e-01 +8.0501196e-01 +2.4998621e+00 +2.4998640e+00 +4.7747783e+00 +4.7748040e+00 +5.3345206e+00 
-4.2600749e+01 -4.2600749e+01 -2.2822607e+01 -2.2822606e+01 -2.2584884e+01 -2.2584884e+01 -2.2463552e+01 -2.2463551e+01 -1.4739859e+00 -1.4739774e+00 +1.5155845e-01 +1.5156059e-01 +8.5124808e-01 +8.5124966e-01 +2.4940158e+00 +2.4940176e+00 +4.7124515e+00 +4.7124737e+00 +5.2421585e+00 
-4.2601991e+01 -4.2601991e+01 -2.2816194e+01 -2.2816193e+01 -2.2575803e+01 -2.2575803e+01 -2.2465109e+01 -2.2465109e+01 -1.5553995e+00 -1.5553908e+00 +1.6011427e-01 +1.6011703e-01 +8.9496170e-01 +8.9496502e-01 +2.4907417e+00 +2.4907434e+00 +4.6360531e+00 +4.6360714e+00 +5.1626022e+00 
-4.2603300e+01 -4.2603300e+01 -2.2808925e+01 -2.2808924e+01 -2.2566911e+01 -2.2566910e+01 -2.2466579e+01 -2.2466579e+01 -1.6386595e+00 -1.6386506e+00 +1.7181487e-01 +1.7181804e-01 +9.3660749e-01 +9.3661255e-01 +2.4881591e+00 +2.4881608e+00 +4.5526378e+00 +4.5526523e+00 +5.0921926e+00 
-4.2604668e+01 -4.2604668e+01 -2.2800880e+01 -2.2800879e+01 -2.2558246e+01 -2.2558246e+01 -2.2467919e+01 -2.2467919e+01 -1.7237465e+00 -1.7237375e+00 +1.8704487e-01 +1.8704825e-01 +9.7676252e-01 +9.7676924e-01 +2.4841140e+00 +2.4841156e+00 +4.4690686e+00 +4.4690800e+00 +5.0274452e+00 
-4.2606087e+01 -4.2606087e+01 -2.2792158e+01 -2.2792157e+01 -2.2549845e+01 -2.2549845e+01 -2.2469083e+01 -2.2469083e+01 -1.8105251e+00 -1.8105160e+00 +2.0606490e-01 +2.0606829e-01 +1.0160236e+00 +1.0160319e+00 +2.4763896e+00 +2.4763911e+00 +4.3908621e+00 +4.3908709e+00 +4.9660013e+00 
-4.2607548e+01 -4.2607548e+01 -2.2782872e+01 -2.2782871e+01 -2.2541738e+01 -2.2541738e+01 -2.2470023e+01 -2.2470023e+01 -1.8987483e+00 -1.8987392e+00 +2.2902380e-01 +2.2902697e-01 +1.0549294e+00 +1.0549392e+00 +2.4629617e+00 +2.4629630e+00 +4.3219772e+00 +4.3219840e+00 +4.9066230e+00 
-4.2609041e+01 -4.2609041e+01 -2.2773148e+01 -2.2773146e+01 -2.2533953e+01 -2.2533953e+01 -2.2470686e+01 -2.2470686e+01 -1.9880694e+00 -1.9880603e+00 +2.5596658e-01 +2.5596934e-01 +1.0939088e+00 +1.0939199e+00 +2.4422671e+00 +2.4422683e+00 +4.2649370e+00 +4.2649423e+00 +4.8488534e+00 
-4.2610556e+01 -4.2610556e+01 -2.2763124e+01 -2.2763122e+01 -2.2526510e+01 -2.2526510e+01 -2.2471023e+01 -2.2471023e+01 -2.0780558e+00 -2.0780467e+00 +2.8684091e-01 +2.8684306e-01 +1.1332516e+00 +1.1332638e+00 +2.4134303e+00 +2.4134314e+00 +4.2209707e+00 +4.2209748e+00 +4.7926994e+00 
-4.2612082e+01 -4.2612082e+01 -2.2752947e+01 -2.2752946e+01 -2.2519425e+01 -2.2519425e+01 -2.2470984e+01 -2.2470984e+01 -2.1682058e+00 -2.1681968e+00 +3.2150318e-01 +3.2150452e-01 +1.1730979e+00 +1.1731112e+00 +2.3763773e+00 +2.3763784e+00 +4.1901568e+00 +4.1901600e+00 +4.7384172e+00 
-4.2613610e+01 -4.2613610e+01 -2.2742772e+01 -2.2742770e+01 -2.2512704e+01 -2.2512704e+01 -2.2470530e+01 -2.2470530e+01 -2.2579661e+00 -2.2579571e+00 +3.5972459e-01 +3.5972492e-01 +1.2134407e+00 +1.2134548e+00 +2.3317956e+00 +2.3317966e+00 +4.1716262e+00 +4.1716286e+00 +4.6863826e+00 
-4.2615127e+01 -4.2615127e+01 -2.2732752e+01 -2.2732750e+01 -2.2506340e+01 -2.2506340e+01 -2.2469636e+01 -2.2469636e+01 -2.3467476e+00 -2.3467388e+00 +4.0119615e-01 +4.0119702e-01 +1.2541360e+00 +1.2541507e+00 +2.2809569e+00 +2.2809577e+00 +4.1638396e+00 +4.1638415e+00 +4.6370171e+00 
-4.2616622e+01 -4.2616622e+01 -2.2723038e+01 -2.2723037e+01 -2.2500312e+01 -2.2500312e+01 -2.2468298e+01 -2.2468298e+01 -2.4339413e+00 -2.4339325e+00 +4.4553626e-01 +4.4553853e-01 +1.2949181e+00 +1.2949333e+00 +2.2254724e+00 +2.2254731e+00 +4.1648930e+00 +4.1648946e+00 +4.5907439e+00 
-4.2618085e+01 -4.2618085e+01 -2.2713772e+01 -2.2713770e+01 -2.2494579e+01 -2.2494579e+01 -2.2466545e+01 -2.2466545e+01 -2.5189307e+00 -2.5189220e+00 +4.9229427e-01 +4.9229814e-01 +1.3354190e+00 +1.3354343e+00 +2.1670596e+00 +2.1670602e+00 +4.1727875e+00 +4.1727887e+00 +4.5479643e+00 
-4.2619504e+01 -4.2619504e+01 -2.2705078e+01 -2.2705076e+01 -2.2489087e+01 -2.2489086e+01 -2.2464434e+01 -2.2464434e+01 -2.6011037e+00 -2.6010951e+00 +5.4095406e-01 +5.4095970e-01 +1.3751893e+00 +1.3752046e+00 +2.1073692e+00 +2.1073697e+00 +4.1856247e+00 +4.1856254e+00 +4.5090331e+00 
-4.2620868e+01 -4.2620868e+01 -2.2697059e+01 -2.2697057e+01 -2.2483774e+01 -2.2483774e+01 -2.2462051e+01 -2.2462051e+01 -2.6798623e+00 -2.6798538e+00 +5.9093740e-01 +5.9094500e-01 +1.4137229e+00 +1.4137380e+00 +2.0478842e+00 +2.0478846e+00 +4.2017192e+00 +4.2017197e+00 +4.4742435e+00 
-4.2622167e+01 -4.2622167e+01 -2.2689788e+01 -2.2689786e+01 -2.2478592e+01 -2.2478592e+01 -2.2459499e+01 -2.2459499e+01 -2.7546301e+00 -2.7546217e+00 +6.4160611e-01 +6.4161586e-01 +1.4504845e+00 +1.4504991e+00 +1.9898783e+00 +1.9898786e+00 +4.2196473e+00 +4.2196476e+00 +4.4438089e+00 
-4.2623391e+01 -4.2623391e+01 -2.2683309e+01 -2.2683307e+01 -2.2473515e+01 -2.2473515e+01 -2.2456880e+01 -2.2456880e+01 -2.8248591e+00 -2.8248508e+00 +6.9226341e-01 +6.9227549e-01 +1.4849402e+00 +1.4849540e+00 +1.9344123e+00 +1.9344126e+00 +4.2382501e+00 +4.2382503e+00 +4.4178481e+00 
-4.2624530e+01 -4.2624530e+01 -2.2677635e+01 -2.2677633e+01 -2.2468549e+01 -2.2468549e+01 -2.2454293e+01 -2.2454293e+01 -2.8900353e+00 -2.8900271e+00 +7.4215504e-01 +7.4216960e-01 +1.5165911e+00 +1.5166038e+00 +1.8823518e+00 +1.8823520e+00 +4.2566148e+00 +4.2566150e+00 +4.3963639e+00 
-4.2625575e+01 -4.2625575e+01 -2.2672754e+01 -2.2672752e+01 -2.2463738e+01 -2.2463738e+01 -2.2451819e+01 -2.2451819e+01 -2.9496829e+00 -2.9496747e+00 +7.9047068e-01 +7.9048784e-01 +1.5450086e+00 +1.5450199e+00 +1.8343926e+00 +1.8343927e+00 +4.2740440e+00 +4.2740441e+00 +4.3792278e+00 
-4.2626517e+01 -4.2626517e+01 -2.2668631e+01 -2.2668629e+01 -2.2459156e+01 -2.2459156e+01 -2.2449524e+01 -2.2449524e+01 -3.0033680e+00 -3.0033598e+00 +8.3634708e-01 +8.3636693e-01 +1.5698670e+00 +1.5698767e+00 +1.7910873e+00 +1.7910874e+00 +4.2900230e+00 +4.2900232e+00 +4.3661698e+00 
-4.2627350e+01 -4.2627350e+01 -2.2665216e+01 -2.2665214e+01 -2.2454897e+01 -2.2454897e+01 -2.2447459e+01 -2.2447459e+01 -3.0507014e+00 -3.0506934e+00 +8.7887492e-01 +8.7889749e-01 +1.5909716e+00 +1.5909795e+00 +1.7528699e+00 +1.7528699e+00 +4.3041894e+00 +4.3041924e+00 +4.3567784e+00 
-4.2628067e+01 -4.2628067e+01 -2.2662453e+01 -2.2662451e+01 -2.2451064e+01 -2.2451063e+01 -2.2445661e+01 -2.2445661e+01 -3.0913418e+00 -3.0913338e+00 +9.1711268e-01 +9.1713789e-01 +1.6082743e+00 +1.6082804e+00 +1.7200762e+00 +1.7200762e+00 +4.3163048e+00 +4.3163050e+00 +4.3505137e+00 
-4.2628661e+01 -4.2628661e+01 -2.2660286e+01 -2.2660284e+01 -2.2447760e+01 -2.2447760e+01 -2.2444159e+01 -2.2444159e+01 -3.1249969e+00 -3.1249889e+00 +9.5011137e-01 +9.5013905e-01 +1.6218720e+00 +1.6218763e+00 +1.6929603e+00 +1.6929604e+00 +4.3262325e+00 +4.3262327e+00 +4.3467393e+00 
-4.2629129e+01 -4.2629129e+01 -2.2658660e+01 -2.2658658e+01 -2.2445082e+01 -2.2445082e+01 -2.2442972e+01 -2.2442972e+01 -3.1514255e+00 -3.1514175e+00 +9.7695451e-01 +9.7698433e-01 +1.6319824e+00 +1.6319850e+00 +1.6717081e+00 +1.6717082e+00 +4.3339172e+00 +4.3339733e+00 +4.3447720e+00 
-4.2629465e+01 -4.2629465e+01 -2.2657533e+01 -2.2657531e+01 -2.2443108e+01 -2.2443108e+01 -2.2442116e+01 -2.2442116e+01 -3.1704389e+00 -3.1704309e+00 +9.9681482e-01 +9.9684633e-01 +1.6388940e+00 +1.6388953e+00 +1.6564484e+00 +1.6564485e+00 +4.3393611e+00 +4.3393717e+00 +4.3439494e+00 
-4.2629668e+01 -4.2629668e+01 -2.2656870e+01 -2.2656868e+01 -2.2441899e+01 -2.2441899e+01 -2.2441599e+01 -2.2441599e+01 -3.1819014e+00 -3.1818934e+00 +1.0090242e+00 +1.0090568e+00 +1.6428964e+00 +1.6428967e+00 +1.6472632e+00 +1.6472632e+00 +4.3426001e+00 +4.3426004e+00 +4.3437102e+00 
-4.2629737e+01 -4.2629736e+01 -2.2656652e+01 -2.2656650e+01 -2.2441492e+01 -2.2441492e+01 -2.2441426e+01 -2.2441426e+01 -3.1857315e+00 -3.1857235e+00 +1.0131449e+00 +1.0131778e+00 +1.6441968e+00 +1.6441968e+00 +1.6442040e+00 +1.6442040e+00 +4.3436741e+00 +4.3436745e+00 +4.3436758e+00 
-4.2596563e+01 -4.2596563e+01 -2.2895254e+01 -2.2895253e+01 -2.2524630e+01 -2.2524630e+01 -2.2494828e+01 -2.2494828e+01 -1.6175552e+00 -1.6175517e+00 +1.0051316e-01 +1.0052065e-01 +1.3889497e+00 +1.3889695e+00 +2.7455085e+00 +2.7455097e+00 +5.1725698e+00 +5.1725699e+00 +5.2169734e+00 
-4.2597597e+01 -4.2595529e+01 -2.2899914e+01 -2.2889580e+01 -2.2531063e+01 -2.2518188e+01 -2.2502699e+01 -2.2488038e+01 -1.6546998e+00 -1.5770679e+00 +6.7685792e-02 +1.2252342e-01 +1.3762289e+00 +1.4098146e+00 +2.6158945e+00 +2.8808672e+00 +5.1590900e+00 +5.1859971e+00 +5.2202202e+00 
-4.2598625e+01 -4.2594503e+01 -2.2903519e+01 -2.2882940e+01 -2.2537442e+01 -2.2511801e+01 -2.2511571e+01 -2.2482354e+01 -1.6879619e+00 -1.5339056e+00 +2.7530635e-02 +1.3055758e-01 +1.3748203e+00 +1.4353500e+00 +2.4922347e+00 +3.0217321e+00 +5.1456733e+00 +5.1992631e+00 +5.2304837e+00 
-4.2599638e+01 -4.2593491e+01 -2.2906040e+01 -2.2875395e+01 -2.2543723e+01 -2.2521452e+01 -2.2505447e+01 -2.2477797e+01 -1.7168978e+00 -1.4888638e+00 -1.6576617e-02 +1.2248570e-01 +1.3869827e+00 +1.4623902e+00 +2.3747211e+00 +3.1678337e+00 +5.1324433e+00 +5.2122655e+00 +5.2473088e+00 
-4.2600631e+01 -4.2592500e+01 -2.2907461e+01 -2.2867020e+01 -2.2549865e+01 -2.2532201e+01 -2.2499237e+01 -2.2474375e+01 -1.7411652e+00 -1.4428808e+00 -6.1627695e-02 +9.7739500e-02 +1.4134087e+00 +1.4883305e+00 +2.2635265e+00 +3.3188610e+00 +5.1195331e+00 +5.2249090e+00 +5.2701637e+00 
-4.2601596e+01 -4.2591536e+01 -2.2907779e+01 -2.2857899e+01 -2.2555825e+01 -2.2543759e+01 -2.2493192e+01 -2.2472079e+01 -1.7605133e+00 -1.3970431e+00 -1.0501449e-01 +5.7376636e-02 +1.4531496e+00 +1.5112027e+00 +2.1588085e+00 +3.4744477e+00 +5.1070890e+00 +5.2371043e+00 +5.2984333e+00 
-4.2602527e+01 -4.2590608e+01 -2.2907001e+01 -2.2848131e+01 -2.2561565e+01 -2.2556032e+01 -2.2487354e+01 -2.2470884e+01 -1.7747808e+00 -1.3525743e+00 -1.4449364e-01 +3.6451734e-03 +1.5040324e+00 +1.5296476e+00 +2.0607113e+00 +3.6341516e+00 +5.0952787e+00 +5.2487707e+00 +5.3315008e+00 
-4.2603417e+01 -4.2589720e+01 -2.2905150e+01 -2.2837830e+01 -2.2568912e+01 -2.2567046e+01 -2.2481763e+01 -2.2470748e+01 -1.7838967e+00 -1.3107937e+00 -1.7815551e-01 -6.0641188e-02 +1.5428504e+00 +1.5632779e+00 +1.9693666e+00 +3.7974214e+00 +5.0843044e+00 +5.2598335e+00 +5.3686735e+00 
-4.2604260e+01 -4.2588879e+01 -2.2902264e+01 -2.2827123e+01 -2.2582281e+01 -2.2572231e+01 -2.2476459e+01 -2.2471606e+01 -1.7878851e+00 -1.2730247e+00 -2.0444578e-01 -1.3260101e-01 +1.5504664e+00 +1.6280046e+00 +1.8848947e+00 +3.9635421e+00 +5.0744321e+00 +5.2702257e+00 +5.4092048e+00 
-4.2605051e+01 -4.2588091e+01 -2.2898401e+01 -2.2816156e+01 -2.2596003e+01 -2.2577087e+01 -2.2473375e+01 -2.2471480e+01 -1.7868758e+00 -1.2404464e+00 -2.2225923e-01 -2.0954784e-01 +1.5525519e+00 +1.6955098e+00 +1.8074054e+00 +4.1315356e+00 +5.0660524e+00 +5.2798879e+00 +5.4522657e+00 
-4.2605784e+01 -4.2587360e+01 -2.2893637e+01 -2.2805094e+01 -2.2609928e+01 -2.2581582e+01 -2.2475945e+01 -2.2466860e+01 -1.7811199e+00 -1.2139013e+00 -2.8906466e-01 -2.3108991e-01 +1.5495022e+00 +1.7369982e+00 +1.7633757e+00 +4.2999625e+00 +5.0598215e+00 +5.2887676e+00 +5.4969307e+00 
-4.2606454e+01 -4.2586692e+01 -2.2888078e+01 -2.2794125e+01 -2.2623881e+01 -2.2585685e+01 -2.2479179e+01 -2.2462633e+01 -1.7710137e+00 -1.1937188e+00 -3.6897181e-01 -2.3117739e-01 +1.5419971e+00 +1.6737627e+00 +1.8294827e+00 +4.4664710e+00 +5.0570262e+00 +5.2968195e+00 +5.5421484e+00 
-4.2607057e+01 -4.2586092e+01 -2.2881867e+01 -2.2783460e+01 -2.2637657e+01 -2.2589371e+01 -2.2482912e+01 -2.2458829e+01 -1.7571317e+00 -1.1796326e+00 -4.4724753e-01 -2.2356328e-01 +1.5309530e+00 +1.6177788e+00 +1.8919884e+00 +4.6265922e+00 +5.0606571e+00 +5.3040047e+00 +5.5867376e+00 
-4.2607588e+01 -4.2585564e+01 -2.2875191e+01 -2.2773338e+01 -2.2651010e+01 -2.2592615e+01 -2.2486944e+01 -2.2455475e+01 -1.7402695e+00 -1.1708446e+00 -5.2193148e-01 -2.1000107e-01 +1.5174770e+00 +1.5691171e+00 +1.9493017e+00 +4.7701940e+00 +5.0787476e+00 +5.3102910e+00 +5.6293890e+00 
-4.2608043e+01 -4.2585110e+01 -2.2868303e+01 -2.2764025e+01 -2.2663637e+01 -2.2595397e+01 -2.2491045e+01 -2.2452594e+01 -1.7214941e+00 -1.1662117e+00 -5.9102717e-01 -1.9273497e-01 +1.5028173e+00 +1.5278386e+00 +2.0000638e+00 +4.8753991e+00 +5.1301398e+00 +5.3156513e+00 +5.6687158e+00 
-4.2608420e+01 -4.2584735e+01 -2.2861540e+01 -2.2755810e+01 -2.2675156e+01 -2.2597698e+01 -2.2494956e+01 -2.2450209e+01 -1.7021873e+00 -1.1644739e+00 -6.5241946e-01 -1.7422064e-01 +1.4883020e+00 +1.4939948e+00 +2.0431354e+00 +4.9273588e+00 +5.2252441e+00 +5.3200642e+00 +5.7033071e+00 
-4.2608716e+01 -4.2584440e+01 -2.2855344e+01 -2.2748992e+01 -2.2685090e+01 -2.2599503e+01 -2.2498401e+01 -2.2448335e+01 -1.6840530e+00 -1.1644474e+00 -7.0383840e-01 -1.5685765e-01 +1.4676280e+00 +1.4752585e+00 +2.0775901e+00 +4.9471134e+00 +5.3235129e+00 +5.3365837e+00 +5.7318266e+00 
-4.2608929e+01 -4.2584228e+01 -2.2850259e+01 -2.2743862e+01 -2.2692866e+01 -2.2600800e+01 -2.2501108e+01 -2.2446987e+01 -1.6690277e+00 -1.1651497e+00 -7.4292697e-01 -1.4276538e-01 +1.4487710e+00 +1.4649108e+00 +2.1027107e+00 +4.9546821e+00 +5.3259848e+00 +5.4352435e+00 +5.7531102e+00 
-4.2609058e+01 -4.2584101e+01 -2.2846876e+01 -2.2740670e+01 -2.2697872e+01 -2.2601582e+01 -2.2502842e+01 -2.2446175e+01 -1.6590251e+00 -1.1658608e+00 -7.6748097e-01 -1.3360254e-01 +1.4374475e+00 +1.4582597e+00 +2.1179868e+00 +4.9576002e+00 +5.3274714e+00 +5.5028588e+00 +5.7662588e+00 
-4.2609100e+01 -4.2584058e+01 -2.2845683e+01 -2.2739585e+01 -2.2699607e+01 -2.2601843e+01 -2.2503439e+01 -2.2445903e+01 -1.6555063e+00 -1.1661462e+00 -7.7586905e-01 -1.3042703e-01 +1.4336714e+00 +1.4559657e+00 +2.1231127e+00 +4.9583694e+00 +5.3279674e+00 +5.5270006e+00 +5.7707060e+00 
-4.2592442e+01 -4.2592442e+01 -2.2785138e+01 -2.2689884e+01 -2.2689882e+01 -2.2595637e+01 -2.2595637e+01 -2.2583093e+01 -6.8779487e-01 -6.7532311e-01 -6.7532284e-01 -4.5479354e-01 +1.1075112e+00 +1.1075143e+00 +2.3814933e+00 +4.7079428e+00 +4.7079762e+00 +5.1226371e+00 +5.1388249e+00 
-4.2592442e+01 -4.2592442e+01 -2.2784802e+01 -2.2692289e+01 -2.2692288e+01 -2.2593192e+01 -2.2593192e+01 -2.2583447e+01 -6.8600337e-01 -6.7378124e-01 -6.7378097e-01 -4.5409887e-01 +1.1027960e+00 +1.1027991e+00 +2.3811070e+00 +4.7096067e+00 +4.7096409e+00 +5.1098678e+00 +5.1273959e+00 
-4.2592441e+01 -4.2592441e+01 -2.2783795e+01 -2.2698825e+01 -2.2698824e+01 -2.2586539e+01 -2.2586539e+01 -2.2584507e+01 -6.8066446e-01 -6.6916851e-01 -6.6916827e-01 -4.5203063e-01 +1.0888230e+00 +1.0888260e+00 +2.3800126e+00 +4.7137222e+00 +4.7137574e+00 +5.0304696e+00 +5.1424411e+00 
-4.2592440e+01 -4.2592440e+01 -2.2782124e+01 -2.2708103e+01 -2.2708102e+01 -2.2586265e+01 -2.2577068e+01 -2.2577067e+01 -6.7188495e-01 -6.6152413e-01 -6.6152394e-01 -4.4863626e-01 +1.0660916e+00 +1.0660943e+00 +2.3784025e+00 +4.7179754e+00 +4.7180118e+00 +4.9160737e+00 +5.1697384e+00 
-4.2592438e+01 -4.2592438e+01 -2.2779800e+01 -2.2718911e+01 -2.2718910e+01 -2.2588708e+01 -2.2565998e+01 -2.2565997e+01 -6.5984255e-01 -6.5091485e-01 -6.5091473e-01 -4.4399504e-01 +1.0353799e+00 +1.0353823e+00 +2.3765927e+00 +4.7195280e+00 +4.7195650e+00 +4.7803742e+00 +5.2116241e+00 
-4.2592436e+01 -4.2592436e+01 -2.2776837e+01 -2.2730434e+01 -2.2730433e+01 -2.2591817e+01 -2.2554150e+01 -2.2554150e+01 -6.4478527e-01 -6.3743735e-01 -6.3743730e-01 -4.3821856e-01 +9.9767657e-01 +9.9767855e-01 +2.3750176e+00 +4.6326056e+00 +4.7161724e+00 +4.7162091e+00 +5.2696730e+00 
-4.2592434e+01 -4.2592433e+01 -2.2773254e+01 -2.2742154e+01 -2.2742153e+01 -2.2595571e+01 -2.2542052e+01 -2.2542052e+01 -6.2703008e-01 -6.2122192e-01 -6.2122183e-01 -4.3145109e-01 +9.5410770e-01 +9.5410925e-01 +2.3742205e+00 +4.4785653e+00 +4.7070197e+00 +4.7070555e+00 +5.3440686e+00 
-4.2592431e+01 -4.2592431e+01 -2.2769074e+01 -2.2753732e+01 -2.2753731e+01 -2.2599941e+01 -2.2530052e+01 -2.2530052e+01 -6.0696029e-01 -6.0243759e-01 -6.0243738e-01 -4.2386992e-01 +9.0587095e-01 +9.0587205e-01 +2.3748432e+00 +4.3219615e+00 +4.6924004e+00 +4.6924343e+00 +5.4337415e+00 
-4.2592428e+01 -4.2592428e+01 -2.2764940e+01 -2.2764933e+01 -2.2764316e+01 -2.2604897e+01 -2.2518397e+01 -2.2518396e+01 -5.8502117e-01 -5.8129978e-01 -5.8129946e-01 -4.1568560e-01 +8.5418526e-01 +8.5418595e-01 +2.3776123e+00 +4.1653022e+00 +4.6733476e+00 +4.6733791e+00 +5.5369330e+00 
-4.2592425e+01 -4.2592424e+01 -2.2775583e+01 -2.2775582e+01 -2.2759032e+01 -2.2610401e+01 -2.2507274e+01 -2.2507273e+01 -5.6171310e-01 -5.5808082e-01 -5.5808038e-01 -4.0714164e-01 +8.0026016e-01 +8.0026044e-01 +2.3833236e+00 +4.0103994e+00 +4.6511439e+00 +4.6511729e+00 +5.6516135e+00 
-4.2592421e+01 -4.2592421e+01 -2.2785545e+01 -2.2785545e+01 -2.2753235e+01 -2.2616413e+01 -2.2496831e+01 -2.2496830e+01 -5.3758145e-01 -5.3312439e-01 -5.3312383e-01 -3.9851352e-01 +7.4528452e-01 +7.4528459e-01 +2.3928226e+00 +3.8586493e+00 +4.6270751e+00 +4.6271016e+00 +5.7757242e+00 
-4.2592418e+01 -4.2592418e+01 -2.2794711e+01 -2.2794710e+01 -2.2746970e+01 -2.2622892e+01 -2.2487190e+01 -2.2487190e+01 -5.1320285e-01 -5.0686508e-01 -5.0686440e-01 -3.9010676e-01 +6.9043360e-01 +6.9043399e-01 +2.4069823e+00 +3.7111893e+00 +4.6023330e+00 +4.6023569e+00 +5.9072171e+00 
-4.2592415e+01 -4.2592415e+01 -2.2802990e+01 -2.2802989e+01 -2.2740277e+01 -2.2629789e+01 -2.2478456e+01 -2.2478456e+01 -4.8916743e-01 -4.7985379e-01 -4.7985302e-01 -3.8225339e-01 +6.3689216e-01 +6.3689281e-01 +2.4266786e+00 +3.5689856e+00 +4.5779856e+00 +4.5780065e+00 +6.0440009e+00 
-4.2592412e+01 -4.2592412e+01 -2.2810307e+01 -2.2810306e+01 -2.2733199e+01 -2.2637056e+01 -2.2470715e+01 -2.2470714e+01 -4.6605745e-01 -4.5278882e-01 -4.5278799e-01 -3.7530654e-01 +5.8588838e-01 +5.8588920e-01 +2.4527613e+00 +3.4328846e+00 +4.5549739e+00 +4.5549919e+00 +6.1837818e+00 
-4.2592410e+01 -4.2592410e+01 -2.2816599e+01 -2.2816599e+01 -2.2725784e+01 -2.2644642e+01 -2.2464041e+01 -2.2464040e+01 -4.4442333e-01 -4.2654904e-01 -4.2654820e-01 -3.6963261e-01 +5.3873460e-01 +5.3873551e-01 +2.4860255e+00 +3.3036383e+00 +4.5341136e+00 +4.5341287e+00 +6.3238012e+00 
-4.2592407e+01 -4.2592407e+01 -2.2821815e+01 -2.2821815e+01 -2.2718080e+01 -2.2652492e+01 -2.2458496e+01 -2.2458496e+01 -4.2475875e-01 -4.0221863e-01 -4.0221783e-01 -3.6560058e-01 +4.9686110e-01 +4.9686201e-01 +2.5271812e+00 +3.1819159e+00 +4.5160965e+00 +4.5161087e+00 +6.4603519e+00 
-4.2592405e+01 -4.2592405e+01 -2.2825914e+01 -2.2825914e+01 -2.2710139e+01 -2.2660552e+01 -2.2454131e+01 -2.2454131e+01 -4.0747741e-01 -3.8108015e-01 -3.8107946e-01 -3.6356824e-01 +4.6181854e-01 +4.6181936e-01 +2.5768266e+00 +3.0683044e+00 +4.5014909e+00 +4.5015000e+00 +6.5878809e+00 
-4.2592404e+01 -4.2592404e+01 -2.2828863e+01 -2.2828863e+01 -2.2702012e+01 -2.2668765e+01 -2.2450984e+01 -2.2450984e+01 -3.9289377e-01 -3.6453850e-01 -3.6453803e-01 -3.6386546e-01 +4.3521047e-01 +4.3521108e-01 +2.6354253e+00 +2.9633010e+00 +4.4907406e+00 +4.4907466e+00 +6.6974571e+00 
-4.2592403e+01 -4.2592403e+01 -2.2830641e+01 -2.2830640e+01 -2.2693755e+01 -2.2677075e+01 -2.2449083e+01 -2.2449083e+01 -3.8121037e-01 -3.6677544e-01 -3.5393804e-01 -3.5393777e-01 +4.1851763e-01 +4.1851798e-01 +2.7032916e+00 +2.8673013e+00 +4.4841637e+00 +4.4841667e+00 +6.7751087e+00 
-4.2592403e+01 -4.2592403e+01 -2.2831233e+01 -2.2831233e+01 -2.2685424e+01 -2.2685424e+01 -2.2448444e+01 -2.2448444e+01 -3.7251413e-01 -3.7251301e-01 -3.5027970e-01 -3.5027970e-01 +4.1282056e-01 +4.1282059e-01 +2.7805827e+00 +2.7805836e+00 +4.4819515e+00 +4.4819516e+00 +6.8038817e+00 
