# num high symmetry points
8
# label high symmetry points
G X M G R X M R 
# indices high symmetry points
1 23 45 76 114 145 146 168 
# nk, nb, ns
168 18 1
# k-points (frac coords)
+0.0000000e+00 +0.0000000e+00 +0.0000000e+00 
+0.0000000e+00 +2.2727273e-02 +0.0000000e+00 
+0.0000000e+00 +4.5454545e-02 +0.0000000e+00 
+0.0000000e+00 +6.8181818e-02 +0.0000000e+00 
+0.0000000e+00 +9.0909091e-02 +0.0000000e+00 
+0.0000000e+00 +1.1363636e-01 +0.0000000e+00 
+0.0000000e+00 +1.3636364e-01 +0.0000000e+00 
+0.0000000e+00 +1.5909091e-01 +0.0000000e+00 
+0.0000000e+00 +1.8181818e-01 +0.0000000e+00 
+0.0000000e+00 +2.0454545e-01 +0.0000000e+00 
+0.0000000e+00 +2.2727273e-01 +0.0000000e+00 
+0.0000000e+00 +2.5000000e-01 +0.0000000e+00 
+0.0000000e+00 +2.7272727e-01 +0.0000000e+00 
+0.0000000e+00 +2.9545455e-01 +0.0000000e+00 
+0.0000000e+00 +3.1818182e-01 +0.0000000e+00 
+0.0000000e+00 +3.4090909e-01 +0.0000000e+00 
+0.0000000e+00 +3.6363636e-01 +0.0000000e+00 
+0.0000000e+00 +3.8636364e-01 +0.0000000e+00 
+0.0000000e+00 +4.0909091e-01 +0.0000000e+00 
+0.0000000e+00 +4.3181818e-01 +0.0000000e+00 
+0.0000000e+00 +4.5454545e-01 +0.0000000e+00 
+0.0000000e+00 +4.7727273e-01 +0.0000000e+00 
+0.0000000e+00 +5.0000000e-01 +0.0000000e+00 
+2.2727273e-02 +5.0000000e-01 +0.0000000e+00 
+4.5454545e-02 +5.0000000e-01 +0.0000000e+00 
+6.8181818e-02 +5.0000000e-01 +0.0000000e+00 
+9.0909091e-02 +5.0000000e-01 +0.0000000e+00 
+1.1363636e-01 +5.0000000e-01 +0.0000000e+00 
+1.3636364e-01 +5.0000000e-01 +0.0000000e+00 
+1.5909091e-01 +5.0000000e-01 +0.0000000e+00 
+1.8181818e-01 +5.0000000e-01 +0.0000000e+00 
+2.0454545e-01 +5.0000000e-01 +0.0000000e+00 
+2.2727273e-01 +5.0000000e-01 +0.0000000e+00 
+2.5000000e-01 +5.0000000e-01 +0.0000000e+00 
+2.7272727e-01 +5.0000000e-01 +0.0000000e+00 
+2.9545455e-01 +5.0000000e-01 +0.0000000e+00 
+3.1818182e-01 +5.0000000e-01 +0.0000000e+00 
+3.4090909e-01 +5.0000000e-01 +0.0000000e+00 
+3.6363636e-01 +5.0000000e-01 +0.0000000e+00 
+3.8636364e-01 +5.0000000e-01 +0.0000000e+00 
+4.0909091e-01 +5.0000000e-01 +0.0000000e+00 
+4.3181818e-01 +5.0000000e-01 +0.0000000e+00 
+4.5454545e-01 +5.0000000e-01 +0.0000000e+00 
+4.7727273e-01 +5.0000000e-01 +0.0000000e+00 
+5.0000000e-01 +5.0000000e-01 +0.0000000e+00 
+4.8387097e-01 +4.8387097e-01 +0.0000000e+00 
+4.6774194e-01 +4.6774194e-01 +0.0000000e+00 
+4.5161290e-01 +4.5161290e-01 +0.0000000e+00 
+4.3548387e-01 +4.3548387e-01 +0.0000000e+00 
+4.1935484e-01 +4.1935484e-01 +0.0000000e+00 
+4.0322581e-01 +4.0322581e-01 +0.0000000e+00 
+3.8709677e-01 +3.8709677e-01 +0.0000000e+00 
+3.7096774e-01 +3.7096774e-01 +0.0000000e+00 
+3.5483871e-01 +3.5483871e-01 +0.0000000e+00 
+3.3870968e-01 +3.3870968e-01 +0.0000000e+00 
+3.2258065e-01 +3.2258065e-01 +0.0000000e+00 
+3.0645161e-01 +3.0645161e-01 +0.0000000e+00 
+2.9032258e-01 +2.9032258e-01 +0.0000000e+00 
+2.7419355e-01 +2.7419355e-01 +0.0000000e+00 
+2.5806452e-01 +2.5806452e-01 +0.0000000e+00 
+2.4193548e-01 +2.4193548e-01 +0.0000000e+00 
+2.2580645e-01 +2.2580645e-01 +0.0000000e+00 
+2.0967742e-01 +2.0967742e-01 +0.0000000e+00 
+1.9354839e-01 +1.9354839e-01 +0.0000000e+00 
+1.7741935e-01 +1.7741935e-01 +0.0000000e+00 
+1.6129032e-01 +1.6129032e-01 +0.0000000e+00 
+1.4516129e-01 +1.4516129e-01 +0.0000000e+00 
+1.2903226e-01 +1.2903226e-01 +0.0000000e+00 
+1.1290323e-01 +1.1290323e-01 +0.0000000e+00 
+9.6774194e-02 +9.6774194e-02 +0.0000000e+00 
+8.0645161e-02 +8.0645161e-02 +0.0000000e+00 
+6.4516129e-02 +6.4516129e-02 +0.0000000e+00 
+4.8387097e-02 +4.8387097e-02 +0.0000000e+00 
+3.2258065e-02 +3.2258065e-02 +0.0000000e+00 
+1.6129032e-02 +1.6129032e-02 +0.0000000e+00 
+0.0000000e+00 +0.0000000e+00 +0.0000000e+00 
+1.3157895e-02 +1.3157895e-02 +1.3157895e-02 
+2.6315789e-02 +2.6315789e-02 +2.6315789e-02 
+3.9473684e-02 +3.9473684e-02 +3.9473684e-02 
+5.2631579e-02 +5.2631579e-02 +5.2631579e-02 
+6.5789474e-02 +6.5789474e-02 +6.5789474e-02 
+7.8947368e-02 +7.8947368e-02 +7.8947368e-02 
+9.2105263e-02 +9.2105263e-02 +9.2105263e-02 
+1.0526316e-01 +1.0526316e-01 +1.0526316e-01 
+1.1842105e-01 +1.1842105e-01 +1.1842105e-01 
+1.3157895e-01 +1.3157895e-01 +1.3157895e-01 
+1.4473684e-01 +1.4473684e-01 +1.4473684e-01 
+1.5789474e-01 +1.5789474e-01 +1.5789474e-01 
+1.7105263e-01 +1.7105263e-01 +1.7105263e-01 
+1.8421053e-01 +1.8421053e-01 +1.8421053e-01 
+1.9736842e-01 +1.9736842e-01 +1.9736842e-01 
+2.1052632e-01 +2.1052632e-01 +2.1052632e-01 
+2.2368421e-01 +2.2368421e-01 +2.2368421e-01 
+2.3684211e-01 +2.3684211e-01 +2.3684211e-01 
+2.5000000e-01 +2.5000000e-01 +2.5000000e-01 
+2.6315789e-01 +2.6315789e-01 +2.6315789e-01 
+2.7631579e-01 +2.7631579e-01 +2.7631579e-01 
+2.8947368e-01 +2.8947368e-01 +2.8947368e-01 
+3.0263158e-01 +3.0263158e-01 +3.0263158e-01 
+3.1578947e-01 +3.1578947e-01 +3.1578947e-01 
+3.2894737e-01 +3.2894737e-01 +3.2894737e-01 
+3.4210526e-01 +3.4210526e-01 +3.4210526e-01 
+3.5526316e-01 +3.5526316e-01 +3.5526316e-01 
+3.6842105e-01 +3.6842105e-01 +3.6842105e-01 
+3.8157895e-01 +3.8157895e-01 +3.8157895e-01 
+3.9473684e-01 +3.9473684e-01 +3.9473684e-01 
+4.0789474e-01 +4.0789474e-01 +4.0789474e-01 
+4.2105263e-01 +4.2105263e-01 +4.2105263e-01 
+4.3421053e-01 +4.3421053e-01 +4.3421053e-01 
+4.4736842e-01 +4.4736842e-01 +4.4736842e-01 
+4.6052632e-01 +4.6052632e-01 +4.6052632e-01 
+4.7368421e-01 +4.7368421e-01 +4.7368421e-01 
+4.8684211e-01 +4.8684211e-01 +4.8684211e-01 
+5.0000000e-01 +5.0000000e-01 +5.0000000e-01 
+4.8387097e-01 +5.0000000e-01 +4.8387097e-01 
+4.6774194e-01 +5.0000000e-01 +4.6774194e-01 
+4.5161290e-01 +5.0000000e-01 +4.5161290e-01 
+4.3548387e-01 +5.0000000e-01 +4.3548387e-01 
+4.1935484e-01 +5.0000000e-01 +4.1935484e-01 
+4.0322581e-01 +5.0000000e-01 +4.0322581e-01 
+3.8709677e-01 +5.0000000e-01 +3.8709677e-01 
+3.7096774e-01 +5.0000000e-01 +3.7096774e-01 
+3.5483871e-01 +5.0000000e-01 +3.5483871e-01 
+3.3870968e-01 +5.0000000e-01 +3.3870968e-01 
+3.2258065e-01 +5.0000000e-01 +3.2258065e-01 
+3.0645161e-01 +5.0000000e-01 +3.0645161e-01 
+2.9032258e-01 +5.0000000e-01 +2.9032258e-01 
+2.7419355e-01 +5.0000000e-01 +2.7419355e-01 
+2.5806452e-01 +5.0000000e-01 +2.5806452e-01 
+2.4193548e-01 +5.0000000e-01 +2.4193548e-01 
+2.2580645e-01 +5.0000000e-01 +2.2580645e-01 
+2.0967742e-01 +5.0000000e-01 +2.0967742e-01 
+1.9354839e-01 +5.0000000e-01 +1.9354839e-01 
+1.7741935e-01 +5.0000000e-01 +1.7741935e-01 
+1.6129032e-01 +5.0000000e-01 +1.6129032e-01 
+1.4516129e-01 +5.0000000e-01 +1.4516129e-01 
+1.2903226e-01 +5.0000000e-01 +1.2903226e-01 
+1.1290323e-01 +5.0000000e-01 +1.1290323e-01 
+9.6774194e-02 +5.0000000e-01 +9.6774194e-02 
+8.0645161e-02 +5.0000000e-01 +8.0645161e-02 
+6.4516129e-02 +5.0000000e-01 +6.4516129e-02 
+4.8387097e-02 +5.0000000e-01 +4.8387097e-02 
+3.2258065e-02 +5.0000000e-01 +3.2258065e-02 
+1.6129032e-02 +5.0000000e-01 +1.6129032e-02 
+0.0000000e+00 +5.0000000e-01 +0.0000000e+00 
+5.0000000e-01 +5.0000000e-01 +0.0000000e+00 
+5.0000000e-01 +5.0000000e-01 +2.2727273e-02 
+5.0000000e-01 +5.0000000e-01 +4.5454545e-02 
+5.0000000e-01 +5.0000000e-01 +6.8181818e-02 
+5.0000000e-01 +5.0000000e-01 +9.0909091e-02 
+5.0000000e-01 +5.0000000e-01 +1.1363636e-01 
+5.0000000e-01 +5.0000000e-01 +1.3636364e-01 
+5.0000000e-01 +5.0000000e-01 +1.5909091e-01 
+5.0000000e-01 +5.0000000e-01 +1.8181818e-01 
+5.0000000e-01 +5.0000000e-01 +2.0454545e-01 
+5.0000000e-01 +5.0000000e-01 +2.2727273e-01 
+5.0000000e-01 +5.0000000e-01 +2.5000000e-01 
+5.0000000e-01 +5.0000000e-01 +2.7272727e-01 
+5.0000000e-01 +5.0000000e-01 +2.9545455e-01 
+5.0000000e-01 +5.0000000e-01 +3.1818182e-01 
+5.0000000e-01 +5.0000000e-01 +3.4090909e-01 
+5.0000000e-01 +5.0000000e-01 +3.6363636e-01 
+5.0000000e-01 +5.0000000e-01 +3.8636364e-01 
+5.0000000e-01 +5.0000000e-01 +4.0909091e-01 
+5.0000000e-01 +5.0000000e-01 +4.3181818e-01 
+5.0000000e-01 +5.0000000e-01 +4.5454545e-01 
+5.0000000e-01 +5.0000000e-01 +4.7727273e-01 
+5.0000000e-01 +5.0000000e-01 +5.0000000e-01 
# energies (kpt,band,spin)
# spin = 1
-2.9454325e+01 -2.9381892e+01 -1.4704955e+01 -1.4704955e+01 -1.4704955e+01 -1.4396784e+01 -1.4396784e+01 -1.4396784e+01 -3.2000355e+00 +1.4534235e+00 +1.4534235e+00 +1.4534235e+00 +3.1804045e+00 +3.1804045e+00 +3.9650237e+00 +3.9650237e+00 +3.9650237e+00 +4.7505955e+00 
-2.9454220e+01 -2.9381971e+01 -1.4704976e+01 -1.4704544e+01 -1.4704544e+01 -1.4397620e+01 -1.4397162e+01 -1.4397161e+01 -3.1957420e+00 +1.4509144e+00 +1.4509144e+00 +1.4556484e+00 +3.1684137e+00 +3.1799870e+00 +3.8457887e+00 +3.9283108e+00 +3.9283108e+00 +4.7479908e+00 
-2.9453908e+01 -2.9382209e+01 -1.4705035e+01 -1.4703313e+01 -1.4703313e+01 -1.4400116e+01 -1.4398292e+01 -1.4398292e+01 -3.1827881e+00 +1.4436139e+00 +1.4436140e+00 +1.4623559e+00 +3.1330092e+00 +3.1797653e+00 +3.5299250e+00 +3.8371248e+00 +3.8371249e+00 +4.7400645e+00 
-2.9453390e+01 -2.9382603e+01 -1.4705113e+01 -1.4701269e+01 -1.4701269e+01 -1.4404244e+01 -1.4400171e+01 -1.4400171e+01 -3.1610004e+00 +1.4321867e+00 +1.4321867e+00 +1.4736429e+00 +3.0758185e+00 +3.0880126e+00 +3.1823416e+00 +3.7209335e+00 +3.7209336e+00 +4.7264880e+00 
-2.9452670e+01 -2.9383152e+01 -1.4705187e+01 -1.4698424e+01 -1.4698424e+01 -1.4409949e+01 -1.4402787e+01 -1.4402787e+01 -3.1302082e+00 +1.4176889e+00 +1.4176890e+00 +1.4896694e+00 +2.5605165e+00 +2.9993195e+00 +3.1908866e+00 +3.5970555e+00 +3.5970555e+00 +4.7067420e+00 
-2.9451751e+01 -2.9383853e+01 -1.4705228e+01 -1.4694792e+01 -1.4694792e+01 -1.4417156e+01 -1.4406130e+01 -1.4406130e+01 -3.0903342e+00 +1.4014966e+00 +1.4014966e+00 +1.5106547e+00 +1.9668127e+00 +2.9065556e+00 +3.2084022e+00 +3.4733422e+00 +3.4733423e+00 +4.6801564e+00 
-2.9450640e+01 -2.9384707e+01 -1.4705196e+01 -1.4690394e+01 -1.4690394e+01 -1.4425767e+01 -1.4410182e+01 -1.4410182e+01 -3.0414357e+00 +1.3442062e+00 +1.3852134e+00 +1.3852135e+00 +1.5368734e+00 +2.8008423e+00 +3.2375125e+00 +3.3530949e+00 +3.3530950e+00 +4.6459631e+00 
-2.9449345e+01 -2.9385713e+01 -1.4705031e+01 -1.4685255e+01 -1.4685255e+01 -1.4435663e+01 -1.4414924e+01 -1.4414924e+01 -2.9837048e+00 +7.6589728e-01 +1.3705647e+00 +1.3705648e+00 +1.5686487e+00 +2.6855205e+00 +3.2375101e+00 +3.2375101e+00 +3.2805522e+00 +4.6033578e+00 
-2.9447872e+01 -2.9386869e+01 -1.4704655e+01 -1.4679404e+01 -1.4679404e+01 -1.4446709e+01 -1.4420332e+01 -1.4420332e+01 -2.9174477e+00 +2.9994865e-01 +1.3592808e+00 +1.3592809e+00 +1.6063444e+00 +2.5637886e+00 +3.1267706e+00 +3.1267706e+00 +3.3396376e+00 +4.5515676e+00 
-2.9446233e+01 -2.9388171e+01 -1.4703984e+01 -1.4672873e+01 -1.4672873e+01 -1.4458759e+01 -1.4426381e+01 -1.4426381e+01 -2.8430611e+00 -3.5035382e-02 +1.3529757e+00 +1.3529757e+00 +1.6503535e+00 +2.4386201e+00 +3.0205669e+00 +3.0205669e+00 +3.4165299e+00 +4.4899185e+00 
-2.9444438e+01 -2.9389615e+01 -1.4702932e+01 -1.4665700e+01 -1.4665700e+01 -1.4471654e+01 -1.4433041e+01 -1.4433040e+01 -2.7610089e+00 -2.6031207e-01 +1.3530264e+00 +1.3530264e+00 +1.7010855e+00 +2.3127549e+00 +2.9183718e+00 +2.9183718e+00 +3.5122200e+00 +4.3339809e+00 
-2.9442498e+01 -2.9391196e+01 -1.4701414e+01 -1.4657925e+01 -1.4657925e+01 -1.4485232e+01 -1.4440279e+01 -1.4440279e+01 -2.6717998e+00 -4.0854590e-01 +1.3604657e+00 +1.3604658e+00 +1.7589499e+00 +2.1887471e+00 +2.8195978e+00 +2.8195978e+00 +3.6262609e+00 +4.0037094e+00 
-2.9440426e+01 -2.9392908e+01 -1.4699348e+01 -1.4649592e+01 -1.4649592e+01 -1.4499327e+01 -1.4448063e+01 -1.4448063e+01 -2.5759655e+00 -5.0860448e-01 +1.3759024e+00 +1.3759024e+00 +1.8243365e+00 +2.0690496e+00 +2.7236929e+00 +2.7236929e+00 +3.7559752e+00 +3.7621327e+00 
-2.9438235e+01 -2.9394746e+01 -1.4696655e+01 -1.4640748e+01 -1.4640748e+01 -1.4513773e+01 -1.4456356e+01 -1.4456356e+01 -2.4740424e+00 -5.8214619e-01 +1.3994884e+00 +1.3994885e+00 +1.8975938e+00 +1.9561244e+00 +2.6301980e+00 +2.6301980e+00 +3.5919201e+00 +3.8957878e+00 
-2.9435940e+01 -2.9396701e+01 -1.4693262e+01 -1.4631444e+01 -1.4631444e+01 -1.4528408e+01 -1.4465120e+01 -1.4465119e+01 -2.3665628e+00 -6.4449005e-01 +1.4309479e+00 +1.4309480e+00 +1.8525694e+00 +1.9790033e+00 +2.5387795e+00 +2.5387795e+00 +3.4835971e+00 +4.0245173e+00 
-2.9433554e+01 -2.9398768e+01 -1.4689101e+01 -1.4621732e+01 -1.4621732e+01 -1.4543074e+01 -1.4474314e+01 -1.4474314e+01 -2.2540605e+00 -7.0609792e-01 +1.4696681e+00 +1.4696681e+00 +1.7612626e+00 +2.0687530e+00 +2.4492427e+00 +2.4492427e+00 +3.4314476e+00 +3.9019896e+00 
-2.9431092e+01 -2.9400937e+01 -1.4684115e+01 -1.4611665e+01 -1.4611665e+01 -1.4557619e+01 -1.4483897e+01 -1.4483897e+01 -2.1370942e+00 -7.7369155e-01 +1.5148371e+00 +1.5148371e+00 +1.6855259e+00 +2.1669081e+00 +2.3615291e+00 +2.3615291e+00 +3.4308518e+00 +3.7716857e+00 
-2.9428569e+01 -2.9403200e+01 -1.4678259e+01 -1.4601301e+01 -1.4601301e+01 -1.4571903e+01 -1.4493826e+01 -1.4493826e+01 -2.0162848e+00 -8.5102203e-01 +1.5655957e+00 +1.5655957e+00 +1.6293156e+00 +2.2733833e+00 +2.2757009e+00 +2.2757009e+00 +3.4765867e+00 +3.6350063e+00 
-2.9426000e+01 -2.9405547e+01 -1.4671498e+01 -1.4590695e+01 -1.4590695e+01 -1.4585794e+01 -1.4504057e+01 -1.4504057e+01 -1.8923596e+00 -9.3950863e-01 +1.5974464e+00 +1.6211662e+00 +1.6211663e+00 +2.1919142e+00 +2.1919143e+00 +2.3879157e+00 +3.2979709e+00 +3.4935344e+00 
-2.9423401e+01 -2.9407969e+01 -1.4663813e+01 -1.4599172e+01 -1.4579906e+01 -1.4579906e+01 -1.4514541e+01 -1.4514541e+01 -1.7661982e+00 -1.0388716e+00 +1.5958565e+00 +1.6809311e+00 +1.6809312e+00 +2.1103857e+00 +2.1103857e+00 +2.5100422e+00 +2.7719880e+00 +3.3489705e+00 
-2.9420786e+01 -2.9410454e+01 -1.4655199e+01 -1.4611932e+01 -1.4568992e+01 -1.4568992e+01 -1.4525231e+01 -1.4525231e+01 -1.6388743e+00 -1.1477482e+00 +1.6319146e+00 +1.7444516e+00 +1.7444516e+00 +2.0313559e+00 +2.0313559e+00 +2.3676809e+00 +2.6390829e+00 +3.2030645e+00 
-2.9418170e+01 -2.9412991e+01 -1.4645668e+01 -1.4623983e+01 -1.4558011e+01 -1.4558011e+01 -1.4536075e+01 -1.4536075e+01 -1.5116912e+00 -1.2642207e+00 +1.7147554e+00 +1.8114380e+00 +1.8114381e+00 +1.9550575e+00 +1.9550575e+00 +2.0679897e+00 +2.7741331e+00 +3.0575468e+00 
-2.9415567e+01 -2.9415567e+01 -1.4635248e+01 -1.4635248e+01 -1.4547020e+01 -1.4547020e+01 -1.4547020e+01 -1.4547020e+01 -1.3862046e+00 -1.3862046e+00 +1.8556032e+00 +1.8556032e+00 +1.8816941e+00 +1.8816941e+00 +1.8816941e+00 +1.8816941e+00 +2.9140656e+00 +2.9140656e+00 
-2.9415553e+01 -2.9415553e+01 -1.4637940e+01 -1.4637940e+01 -1.4546981e+01 -1.4546981e+01 -1.4544599e+01 -1.4544599e+01 -1.3843768e+00 -1.3843768e+00 +1.8258691e+00 +1.8258691e+00 +1.8513719e+00 +1.8513719e+00 +1.9046880e+00 +1.9046880e+00 +2.9463496e+00 +2.9463496e+00 
-2.9415510e+01 -2.9415510e+01 -1.4645251e+01 -1.4645251e+01 -1.4546865e+01 -1.4546865e+01 -1.4538104e+01 -1.4538104e+01 -1.3785966e+00 -1.3785966e+00 +1.7528401e+00 +1.7528401e+00 +1.7707653e+00 +1.7707653e+00 +1.9622957e+00 +1.9622957e+00 +3.0327560e+00 +3.0327560e+00 
-2.9415440e+01 -2.9415440e+01 -1.4655674e+01 -1.4655674e+01 -1.4546673e+01 -1.4546673e+01 -1.4529034e+01 -1.4529034e+01 -1.3681286e+00 -1.3681286e+00 +1.6538993e+00 +1.6538993e+00 +1.6598613e+00 +1.6598613e+00 +2.0485552e+00 +2.0485552e+00 +3.1530546e+00 +3.1530546e+00 
-2.9415343e+01 -2.9415343e+01 -1.4667961e+01 -1.4667961e+01 -1.4546410e+01 -1.4546410e+01 -1.4518625e+01 -1.4518625e+01 -1.3521252e+00 -1.3521252e+00 +1.5347782e+00 +1.5347782e+00 +1.5503822e+00 +1.5503822e+00 +2.1534681e+00 +2.1534681e+00 +3.2907647e+00 +3.2907647e+00 
-2.9415223e+01 -2.9415223e+01 -1.4681307e+01 -1.4681307e+01 -1.4546080e+01 -1.4546080e+01 -1.4507654e+01 -1.4507654e+01 -1.3298729e+00 -1.3298729e+00 +1.4054875e+00 +1.4054875e+00 +1.4605490e+00 +1.4605490e+00 +2.2643563e+00 +2.2643563e+00 +3.4354881e+00 +3.4354881e+00 
-2.9415082e+01 -2.9415082e+01 -1.4695209e+01 -1.4695209e+01 -1.4545689e+01 -1.4545689e+01 -1.4496580e+01 -1.4496580e+01 -1.3008574e+00 -1.3008574e+00 +1.2777903e+00 +1.2777903e+00 +1.3955193e+00 +1.3955193e+00 +2.3685446e+00 +2.3685446e+00 +3.5809922e+00 +3.5809922e+00 
-2.9414923e+01 -2.9414923e+01 -1.4709336e+01 -1.4709336e+01 -1.4545244e+01 -1.4545244e+01 -1.4485682e+01 -1.4485682e+01 -1.2647150e+00 -1.2647150e+00 +1.1550631e+00 +1.1550631e+00 +1.3589392e+00 +1.3589392e+00 +2.4562057e+00 +2.4562057e+00 +3.7235178e+00 +3.7235178e+00 
-2.9414749e+01 -2.9414749e+01 -1.4723442e+01 -1.4723442e+01 -1.4544754e+01 -1.4544754e+01 -1.4475135e+01 -1.4475135e+01 -1.2211741e+00 -1.2211741e+00 +1.0392690e+00 +1.0392690e+00 +1.3484221e+00 +1.3484221e+00 +2.5225688e+00 +2.5225688e+00 +3.8608067e+00 +3.8608067e+00 
-2.9414563e+01 -2.9414563e+01 -1.4737335e+01 -1.4737335e+01 -1.4544228e+01 -1.4544228e+01 -1.4465060e+01 -1.4465060e+01 -1.1700345e+00 -1.1700345e+00 +9.3151043e-01 +9.3151043e-01 +1.3573524e+00 +1.3573524e+00 +2.5684604e+00 +2.5684604e+00 +3.9915660e+00 +3.9915660e+00 
-2.9414370e+01 -2.9414370e+01 -1.4750849e+01 -1.4750849e+01 -1.4543678e+01 -1.4543678e+01 -1.4455537e+01 -1.4455537e+01 -1.1111746e+00 -1.1111746e+00 +8.3234655e-01 +8.3234655e-01 +1.3764007e+00 +1.3764007e+00 +2.5994084e+00 +2.5994084e+00 +4.1151446e+00 +4.1151446e+00 
-2.9414173e+01 -2.9414173e+01 -1.4763836e+01 -1.4763836e+01 -1.4543113e+01 -1.4543113e+01 -1.4446630e+01 -1.4446630e+01 -1.0445648e+00 -1.0445648e+00 +7.4198790e-01 +7.4198790e-01 +1.3947382e+00 +1.3947382e+00 +2.6242109e+00 +2.6242109e+00 +4.2313098e+00 +4.2313098e+00 
-2.9413976e+01 -2.9413976e+01 -1.4776163e+01 -1.4776163e+01 -1.4542546e+01 -1.4542546e+01 -1.4438383e+01 -1.4438383e+01 -9.7028519e-01 -9.7028519e-01 +6.6042451e-01 +6.6042451e-01 +1.4014708e+00 +1.4014708e+00 +2.6531260e+00 +2.6531260e+00 +4.2258113e+00 +4.2258113e+00 
-2.9413783e+01 -2.9413783e+01 -1.4787705e+01 -1.4787705e+01 -1.4541989e+01 -1.4541989e+01 -1.4430834e+01 -1.4430834e+01 -8.8855519e-01 -8.8855519e-01 +5.8751418e-01 +5.8751418e-01 +1.3878092e+00 +1.3878092e+00 +2.6952312e+00 +2.6952312e+00 +4.1291628e+00 +4.1291628e+00 
-2.9413598e+01 -2.9413598e+01 -1.4798351e+01 -1.4798351e+01 -1.4541453e+01 -1.4541453e+01 -1.4424011e+01 -1.4424011e+01 -7.9979425e-01 -7.9979425e-01 +5.2304486e-01 +5.2304486e-01 +1.3494008e+00 +1.3494008e+00 +2.7554514e+00 +2.7554514e+00 +4.0419093e+00 +4.0419093e+00 
-2.9413423e+01 -2.9413423e+01 -1.4807997e+01 -1.4807997e+01 -1.4540950e+01 -1.4540950e+01 -1.4417938e+01 -1.4417938e+01 -7.0472641e-01 -7.0472641e-01 +4.6677883e-01 +4.6677883e-01 +1.2871038e+00 +1.2871038e+00 +2.8330686e+00 +2.8330686e+00 +3.9681824e+00 +3.9681824e+00 
-2.9413264e+01 -2.9413264e+01 -1.4816550e+01 -1.4816550e+01 -1.4540490e+01 -1.4540490e+01 -1.4412636e+01 -1.4412636e+01 -6.0454669e-01 -6.0454669e-01 +4.1848296e-01 +4.1848296e-01 +1.2055892e+00 +1.2055892e+00 +2.9225748e+00 +2.9225748e+00 +3.9095766e+00 +3.9095766e+00 
-2.9413123e+01 -2.9413123e+01 -1.4823929e+01 -1.4823929e+01 -1.4540082e+01 -1.4540082e+01 -1.4408121e+01 -1.4408121e+01 -5.0118066e-01 -5.0118066e-01 +3.7794803e-01 +3.7794803e-01 +1.1112730e+00 +1.1112730e+00 +3.0156595e+00 +3.0156595e+00 +3.8665349e+00 +3.8665349e+00 
-2.9413002e+01 -2.9413002e+01 -1.4830063e+01 -1.4830063e+01 -1.4539737e+01 -1.4539737e+01 -1.4404408e+01 -1.4404408e+01 -3.9770803e-01 -3.9770803e-01 +3.4499931e-01 +3.4499931e-01 +1.0111706e+00 +1.0111706e+00 +3.1030815e+00 +3.1030815e+00 +3.8388325e+00 +3.8388325e+00 
-2.9412906e+01 -2.9412906e+01 -1.4834895e+01 -1.4834895e+01 -1.4539460e+01 -1.4539460e+01 -1.4401507e+01 -1.4401507e+01 -2.9908198e-01 -2.9908198e-01 +3.1950026e-01 +3.1950026e-01 +9.1306436e-01 +9.1306436e-01 +3.1764261e+00 +3.1764261e+00 +3.8251452e+00 +3.8251452e+00 
-2.9412836e+01 -2.9412836e+01 -1.4838380e+01 -1.4838380e+01 -1.4539258e+01 -1.4539258e+01 -1.4399428e+01 -1.4399428e+01 -2.1325742e-01 -2.1325742e-01 +3.0135151e-01 +3.0135151e-01 +8.2668420e-01 +8.2668420e-01 +3.2299648e+00 +3.2299648e+00 +3.8220847e+00 +3.8220847e+00 
-2.9412793e+01 -2.9412793e+01 -1.4840483e+01 -1.4840483e+01 -1.4539135e+01 -1.4539135e+01 -1.4398178e+01 -1.4398178e+01 -1.5216764e-01 -1.5216764e-01 +2.9048701e-01 +2.9048701e-01 +7.6495146e-01 +7.6495146e-01 +3.2616675e+00 +3.2616675e+00 +3.8240892e+00 +3.8240892e+00 
-2.9412778e+01 -2.9412778e+01 -1.4841187e+01 -1.4841187e+01 -1.4539094e+01 -1.4539094e+01 -1.4397761e+01 -1.4397761e+01 -1.2954615e-01 -1.2954615e-01 +2.8686951e-01 +2.8686951e-01 +7.4207037e-01 +7.4207037e-01 +3.2720419e+00 +3.2720419e+00 +3.8255522e+00 +3.8255522e+00 
-2.9412886e+01 -2.9412700e+01 -1.4840849e+01 -1.4840108e+01 -1.4539535e+01 -1.4538735e+01 -1.4398604e+01 -1.4397757e+01 -1.7234031e-01 -1.3119655e-01 +2.8897094e-01 +2.9206778e-01 +7.3586004e-01 +7.9336521e-01 +3.2542907e+00 +3.2691711e+00 +3.8231007e+00 +3.8246579e+00 
-2.9413207e+01 -2.9412466e+01 -1.4839837e+01 -1.4836880e+01 -1.4540855e+01 -1.4537663e+01 -1.4401123e+01 -1.4397747e+01 -2.7990903e-01 -1.3546960e-01 +2.9527008e-01 +3.0783282e-01 +7.1728841e-01 +9.2682316e-01 +3.2026980e+00 +3.2606265e+00 +3.8157422e+00 +3.8224654e+00 
-2.9413739e+01 -2.9412077e+01 -1.4838161e+01 -1.4831530e+01 -1.4543038e+01 -1.4535887e+01 -1.4405286e+01 -1.4397729e+01 -4.2015391e-01 -1.4053700e-01 +3.0575096e-01 +3.3465643e-01 +6.8656837e-01 +1.1115242e+00 +3.1219037e+00 +3.2466127e+00 +3.8034441e+00 +3.8203407e+00 
-2.9414475e+01 -2.9411538e+01 -1.4835835e+01 -1.4824103e+01 -1.4546059e+01 -1.4533426e+01 -1.4411041e+01 -1.4397703e+01 -5.7435834e-01 -1.4394450e-01 +3.2038560e-01 +3.7329582e-01 +6.4415506e-01 +1.3307694e+00 +3.0186612e+00 +3.2274778e+00 +3.7860966e+00 +3.8202403e+00 
-2.9415409e+01 -2.9410854e+01 -1.4832882e+01 -1.4814662e+01 -1.4549883e+01 -1.4530303e+01 -1.4418317e+01 -1.4397670e+01 -7.3386224e-01 -1.4323421e-01 +3.3913204e-01 +4.2468150e-01 +5.9084673e-01 +1.5788262e+00 +2.9008111e+00 +3.2037323e+00 +3.7634610e+00 +3.8243267e+00 
-2.9416530e+01 -2.9410032e+01 -1.4829328e+01 -1.4803286e+01 -1.4554465e+01 -1.4526550e+01 -1.4427024e+01 -1.4397629e+01 -8.9458945e-01 -1.3645003e-01 +3.6193212e-01 +4.8979253e-01 +5.2784732e-01 +1.8555108e+00 +2.7764265e+00 +3.1761097e+00 +3.7351504e+00 +3.8345921e+00 
-2.9417828e+01 -2.9409079e+01 -1.4825206e+01 -1.4790077e+01 -1.4559753e+01 -1.4522202e+01 -1.4437057e+01 -1.4397581e+01 -1.0544260e+00 -1.2240906e-01 +3.8870909e-01 +4.5675436e-01 +5.6950459e-01 +2.1634462e+00 +2.6532884e+00 +3.1457953e+00 +3.7006720e+00 +3.8525842e+00 
-2.9419287e+01 -2.9408005e+01 -1.4820555e+01 -1.4775151e+01 -1.4565688e+01 -1.4517306e+01 -1.4448297e+01 -1.4397525e+01 -1.2121133e+00 -1.0072396e-01 +3.7946830e-01 +4.1936548e-01 +6.6442172e-01 +2.5057198e+00 +2.5386800e+00 +3.1156633e+00 +3.6595435e+00 +3.8792916e+00 
-2.9420895e+01 -2.9406822e+01 -1.4815418e+01 -1.4758644e+01 -1.4572203e+01 -1.4511909e+01 -1.4460610e+01 -1.4397463e+01 -1.3667594e+00 -7.1612338e-02 +2.9805370e-01 +4.5378130e-01 +7.7470907e-01 +2.4393914e+00 +2.8688908e+00 +3.1063854e+00 +3.6114739e+00 +3.9151863e+00 
-2.9422633e+01 -2.9405540e+01 -1.4809844e+01 -1.4740715e+01 -1.4579225e+01 -1.4506067e+01 -1.4473854e+01 -1.4397394e+01 -1.5175983e+00 -3.5528852e-02 +2.1460167e-01 +4.9181273e-01 +8.9995130e-01 +2.3617991e+00 +3.0014598e+00 +3.3760755e+00 +3.5565773e+00 +3.9561078e+00 
-2.9424484e+01 -2.9404173e+01 -1.4803888e+01 -1.4721538e+01 -1.4586678e+01 -1.4499841e+01 -1.4487878e+01 -1.4397322e+01 -1.6638571e+00 +7.3584403e-03 +1.3114090e-01 +5.3329119e-01 +1.0390660e+00 +2.3119071e+00 +2.9757871e+00 +3.4955639e+00 +3.8025814e+00 +3.8526189e+00 
-2.9426429e+01 -2.9402736e+01 -1.4797607e+01 -1.4701310e+01 -1.4594482e+01 -1.4502524e+01 -1.4493294e+01 -1.4397246e+01 -1.8046774e+00 +4.9628790e-02 +5.7809707e-02 +5.7802245e-01 +1.1902983e+00 +2.2953064e+00 +2.9400873e+00 +3.4298531e+00 +3.6408838e+00 +4.0788019e+00 
-2.9428448e+01 -2.9401242e+01 -1.4791064e+01 -1.4680244e+01 -1.4602554e+01 -1.4517633e+01 -1.4486493e+01 -1.4397170e+01 -1.9390993e+00 -2.7961704e-02 +1.1816278e-01 +6.2578556e-01 +1.3513133e+00 +2.3171195e+00 +2.9031598e+00 +3.3615625e+00 +3.4705760e+00 +4.1526212e+00 
-2.9430521e+01 -2.9399707e+01 -1.4784324e+01 -1.4658562e+01 -1.4610812e+01 -1.4533040e+01 -1.4479507e+01 -1.4397094e+01 -2.0661487e+00 -9.9449836e-02 +1.9277727e-01 +6.7633092e-01 +1.5193789e+00 +2.3821065e+00 +2.8665173e+00 +3.2919253e+00 +3.2933585e+00 +4.2374548e+00 
-2.9432624e+01 -2.9398148e+01 -1.4777455e+01 -1.4636486e+01 -1.4619169e+01 -1.4548583e+01 -1.4472406e+01 -1.4397021e+01 -2.1850907e+00 -1.6213204e-01 +2.8799848e-01 +7.2937713e-01 +1.6916169e+00 +2.4951157e+00 +2.8290330e+00 +3.1062487e+00 +3.2281928e+00 +4.1307876e+00 
-2.9434736e+01 -2.9396580e+01 -1.4770528e+01 -1.4627543e+01 -1.4614227e+01 -1.4564101e+01 -1.4465259e+01 -1.4396953e+01 -2.2958191e+00 -2.1230645e-01 +4.1138984e-01 +7.8460591e-01 +1.8652742e+00 +2.6618828e+00 +2.7778905e+00 +2.9161092e+00 +3.1689750e+00 +3.3675653e+00 
-2.9436833e+01 -2.9395019e+01 -1.4763615e+01 -1.4635848e+01 -1.4591981e+01 -1.4579437e+01 -1.4458134e+01 -1.4396892e+01 -2.3991341e+00 -2.4457031e-01 +5.7006359e-01 +8.4165497e-01 +2.0379694e+00 +2.5469275e+00 +2.7252629e+00 +2.8897001e+00 +2.8914892e+00 +3.1182493e+00 
-2.9438894e+01 -2.9393483e+01 -1.4756786e+01 -1.4644002e+01 -1.4594436e+01 -1.4569937e+01 -1.4451099e+01 -1.4396838e+01 -2.4965233e+00 -2.5079771e-01 +7.6812469e-01 +9.0010832e-01 +2.0892575e+00 +2.2078730e+00 +2.5383074e+00 +2.8181803e+00 +3.0779310e+00 +3.1864098e+00 
-2.9440898e+01 -2.9391987e+01 -1.4750116e+01 -1.4651924e+01 -1.4608953e+01 -1.4548291e+01 -1.4444221e+01 -1.4396793e+01 -2.5894066e+00 -2.1872570e-01 +9.5948464e-01 +1.0038692e+00 +1.7472968e+00 +2.3600776e+00 +2.3737998e+00 +2.8002833e+00 +3.0491416e+00 +3.5539920e+00 
-2.9442823e+01 -2.9390547e+01 -1.4743674e+01 -1.4659536e+01 -1.4622849e+01 -1.4527256e+01 -1.4437567e+01 -1.4396758e+01 -2.6784048e+00 -1.3027963e-01 +1.0192241e+00 +1.2686017e+00 +1.5313334e+00 +2.1949484e+00 +2.5352113e+00 +2.7978992e+00 +3.0321522e+00 +3.9715569e+00 
-2.9444651e+01 -2.9389178e+01 -1.4737533e+01 -1.4666763e+01 -1.4635993e+01 -1.4507061e+01 -1.4431205e+01 -1.4396734e+01 -2.7631829e+00 +3.9474887e-02 +1.0786754e+00 +1.4107923e+00 +1.5492319e+00 +2.0462479e+00 +2.6921431e+00 +2.8071708e+00 +3.0264238e+00 +4.3759981e+00 
-2.9446365e+01 -2.9387894e+01 -1.4731760e+01 -1.4673533e+01 -1.4648266e+01 -1.4487940e+01 -1.4425202e+01 -1.4396719e+01 -2.8427976e+00 +3.1985627e-01 +1.1370847e+00 +1.3554502e+00 +1.8337703e+00 +1.9159400e+00 +2.8274880e+00 +2.8450770e+00 +3.0307208e+00 +4.6877959e+00 
-2.9447946e+01 -2.9386708e+01 -1.4726424e+01 -1.4679781e+01 -1.4659561e+01 -1.4470124e+01 -1.4419625e+01 -1.4396713e+01 -2.9161329e+00 +7.3250745e-01 +1.1935902e+00 +1.3410105e+00 +1.8046209e+00 +2.1153176e+00 +2.8584926e+00 +2.9947759e+00 +3.0432672e+00 +4.8650292e+00 
-2.9449380e+01 -2.9385631e+01 -1.4721587e+01 -1.4685445e+01 -1.4669781e+01 -1.4453836e+01 -1.4414537e+01 -1.4396715e+01 -2.9821735e+00 +1.2472252e+00 +1.2661559e+00 +1.3496604e+00 +1.7117626e+00 +2.3920364e+00 +2.8992576e+00 +3.0619223e+00 +3.1420877e+00 +4.8437038e+00 
-2.9450653e+01 -2.9384673e+01 -1.4717303e+01 -1.4690469e+01 -1.4678838e+01 -1.4439279e+01 -1.4409998e+01 -1.4396723e+01 -3.0401124e+00 +1.2969340e+00 +1.3691993e+00 +1.6360777e+00 +1.8589266e+00 +2.6648081e+00 +2.9478704e+00 +3.0843545e+00 +3.2877043e+00 +4.8227511e+00 
-2.9451752e+01 -2.9383844e+01 -1.4713613e+01 -1.4694806e+01 -1.4686653e+01 -1.4426638e+01 -1.4406062e+01 -1.4396735e+01 -3.0893731e+00 +1.3416026e+00 +1.3918440e+00 +1.5758920e+00 +2.4288679e+00 +2.9348181e+00 +3.0012484e+00 +3.1082034e+00 +3.4318255e+00 +4.8030424e+00 
-2.9452666e+01 -2.9383153e+01 -1.4710545e+01 -1.4698412e+01 -1.4693153e+01 -1.4416071e+01 -1.4402775e+01 -1.4396749e+01 -3.1296061e+00 +1.3801073e+00 +1.4130601e+00 +1.5294522e+00 +2.9268826e+00 +3.0552148e+00 +3.1312237e+00 +3.2015672e+00 +3.5736016e+00 +4.7854493e+00 
-2.9453386e+01 -2.9382606e+01 -1.4708123e+01 -1.4701254e+01 -1.4698277e+01 -1.4407712e+01 -1.4400177e+01 -1.4396762e+01 -3.1606801e+00 +1.4113779e+00 +1.4305183e+00 +1.4951447e+00 +3.1048441e+00 +3.1514075e+00 +3.3414275e+00 +3.4605805e+00 +3.7100382e+00 +4.7707873e+00 
-2.9453906e+01 -2.9382211e+01 -1.4706371e+01 -1.4703303e+01 -1.4701974e+01 -1.4401666e+01 -1.4398300e+01 -1.4396774e+01 -3.1826546e+00 +1.4344709e+00 +1.4432262e+00 +1.4716315e+00 +3.1450401e+00 +3.1670860e+00 +3.6678620e+00 +3.6992297e+00 +3.8336314e+00 +4.7597616e+00 
-2.9454220e+01 -2.9381972e+01 -1.4705310e+01 -1.4704541e+01 -1.4704208e+01 -1.4398008e+01 -1.4397164e+01 -1.4396781e+01 -3.1957102e+00 +1.4486444e+00 +1.4508757e+00 +1.4579250e+00 +3.1712789e+00 +3.1770095e+00 +3.8864406e+00 +3.8873405e+00 +3.9278228e+00 +4.7529164e+00 
-2.9454325e+01 -2.9381892e+01 -1.4704955e+01 -1.4704955e+01 -1.4704955e+01 -1.4396784e+01 -1.4396784e+01 -1.4396784e+01 -3.2000355e+00 +1.4534235e+00 +1.4534235e+00 +1.4534235e+00 +3.1804045e+00 +3.1804045e+00 +3.9650237e+00 +3.9650237e+00 +3.9650237e+00 +4.7505955e+00 
-2.9454220e+01 -2.9381972e+01 -1.4705053e+01 -1.4705053e+01 -1.4703953e+01 -1.4398133e+01 -1.4396909e+01 -1.4396909e+01 -3.1957176e+00 +1.4493851e+00 +1.4493851e+00 +1.4586757e+00 +3.1741510e+00 +3.1741511e+00 +3.9002830e+00 +3.9009630e+00 +3.9009630e+00 +4.7663082e+00 
-2.9453907e+01 -2.9382210e+01 -1.4705346e+01 -1.4705346e+01 -1.4700965e+01 -1.4402157e+01 -1.4397285e+01 -1.4397285e+01 -3.1826825e+00 +1.4372578e+00 +1.4372578e+00 +1.4747679e+00 +3.1560463e+00 +3.1560463e+00 +3.7303258e+00 +3.7303259e+00 +3.7442657e+00 +4.7982651e+00 
-2.9453389e+01 -2.9382604e+01 -1.4705825e+01 -1.4705825e+01 -1.4696035e+01 -1.4408785e+01 -1.4397915e+01 -1.4397915e+01 -3.1607374e+00 +1.4170234e+00 +1.4170235e+00 +1.5027141e+00 +3.1279526e+00 +3.1279526e+00 +3.4877891e+00 +3.4877892e+00 +3.5475086e+00 +4.8244301e+00 
-2.9452671e+01 -2.9383148e+01 -1.4706476e+01 -1.4706476e+01 -1.4689239e+01 -1.4417905e+01 -1.4398805e+01 -1.4398805e+01 -3.1296948e+00 +1.3887133e+00 +1.3887133e+00 +1.5442304e+00 +3.0926543e+00 +3.0926543e+00 +3.1924001e+00 +3.1924001e+00 +3.3350356e+00 +4.8327745e+00 
-2.9451762e+01 -2.9383835e+01 -1.4707283e+01 -1.4707283e+01 -1.4680680e+01 -1.4429359e+01 -1.4399963e+01 -1.4399963e+01 -3.0894836e+00 +1.3524967e+00 +1.3524967e+00 +1.6017685e+00 +2.8466539e+00 +2.8466539e+00 +3.0534645e+00 +3.0534645e+00 +3.1180427e+00 +4.8154726e+00 
-2.9450672e+01 -2.9384656e+01 -1.4708228e+01 -1.4708228e+01 -1.4670487e+01 -1.4442951e+01 -1.4401397e+01 -1.4401397e+01 -3.0402086e+00 +1.3087929e+00 +1.3087930e+00 +1.6785360e+00 +2.4442114e+00 +2.4442114e+00 +2.9023445e+00 +3.0138137e+00 +3.0138137e+00 +4.7635657e+00 
-2.9449411e+01 -2.9385599e+01 -1.4709293e+01 -1.4709293e+01 -1.4658815e+01 -1.4458451e+01 -1.4403119e+01 -1.4403119e+01 -2.9821566e+00 +1.2583902e+00 +1.2583902e+00 +1.7784659e+00 +1.9843902e+00 +1.9843902e+00 +2.6915915e+00 +2.9768942e+00 +2.9768942e+00 +4.6671945e+00 
-2.9447993e+01 -2.9386654e+01 -1.4710452e+01 -1.4710452e+01 -1.4645839e+01 -1.4475599e+01 -1.4405139e+01 -1.4405139e+01 -2.9157666e+00 +1.2025459e+00 +1.2025459e+00 +1.4921352e+00 +1.4921352e+00 +1.9060771e+00 +2.4885092e+00 +2.9454104e+00 +2.9454104e+00 +4.5222450e+00 
-2.9446433e+01 -2.9387806e+01 -1.4711673e+01 -1.4711673e+01 -1.4631757e+01 -1.4494114e+01 -1.4407472e+01 -1.4407472e+01 -2.8415836e+00 +1.0214978e+00 +1.0214978e+00 +1.1430456e+00 +1.1430456e+00 +2.0661631e+00 +2.2954133e+00 +2.9214505e+00 +2.9214505e+00 +4.3399078e+00 
-2.9444747e+01 -2.9389041e+01 -1.4712916e+01 -1.4712916e+01 -1.4616783e+01 -1.4513699e+01 -1.4410128e+01 -1.4410128e+01 -2.7602039e+00 +6.2598331e-01 +6.2598332e-01 +1.0822008e+00 +1.0822008e+00 +2.1144381e+00 +2.2632591e+00 +2.9064636e+00 +2.9064636e+00 +4.1448804e+00 
-2.9442952e+01 -2.9390344e+01 -1.4714138e+01 -1.4714138e+01 -1.4601145e+01 -1.4534053e+01 -1.4413121e+01 -1.4413121e+01 -2.6722175e+00 +3.2951134e-01 +3.2951135e-01 +1.0227758e+00 +1.0227758e+00 +1.9476440e+00 +2.5008867e+00 +2.9013116e+00 +2.9013116e+00 +3.9597602e+00 
-2.9441067e+01 -2.9391699e+01 -1.4715295e+01 -1.4715295e+01 -1.4585087e+01 -1.4554870e+01 -1.4416463e+01 -1.4416463e+01 -2.5781545e+00 +1.2740501e-01 +1.2740501e-01 +9.6783190e-01 +9.6783193e-01 +1.7970712e+00 +2.7806577e+00 +2.9063526e+00 +2.9063526e+00 +3.7957142e+00 
-2.9439111e+01 -2.9393089e+01 -1.4716339e+01 -1.4716339e+01 -1.4575851e+01 -1.4568863e+01 -1.4420166e+01 -1.4420165e+01 -2.4784501e+00 +1.8229866e-03 +1.8229884e-03 +9.2047090e-01 +9.2047093e-01 +1.6647619e+00 +2.9215227e+00 +2.9215228e+00 +3.1014248e+00 +3.6550783e+00 
-2.9437103e+01 -2.9394498e+01 -1.4717227e+01 -1.4717227e+01 -1.4596705e+01 -1.4552732e+01 -1.4424238e+01 -1.4424238e+01 -2.3734357e+00 -6.6762834e-02 -6.6762830e-02 +8.8345189e-01 +8.8345192e-01 +1.5527423e+00 +2.9463982e+00 +2.9463982e+00 +3.4587224e+00 +3.5364080e+00 
-2.9435064e+01 -2.9395911e+01 -1.4717915e+01 -1.4717915e+01 -1.4617151e+01 -1.4536962e+01 -1.4428692e+01 -1.4428692e+01 -2.2633626e+00 -9.4864018e-02 -9.4864014e-02 +8.5867397e-01 +8.5867399e-01 +1.4629377e+00 +2.9802345e+00 +2.9802346e+00 +3.4373903e+00 +3.4373903e+00 
-2.9433014e+01 -2.9397312e+01 -1.4718359e+01 -1.4718359e+01 -1.4636917e+01 -1.4521816e+01 -1.4433536e+01 -1.4433536e+01 -2.1484467e+00 -9.5100297e-02 -9.5100292e-02 +8.4657837e-01 +8.4657839e-01 +1.3969677e+00 +3.0220011e+00 +3.0220011e+00 +3.3559613e+00 +3.3559613e+00 
-2.9430973e+01 -2.9398685e+01 -1.4718518e+01 -1.4718518e+01 -1.4655744e+01 -1.4507557e+01 -1.4438778e+01 -1.4438778e+01 -2.0289172e+00 -7.6738578e-02 -7.6738572e-02 +8.4562972e-01 +8.4562974e-01 +1.3557515e+00 +3.0704354e+00 +3.0704355e+00 +3.2905977e+00 +3.2905977e+00 
-2.9428961e+01 -2.9400017e+01 -1.4718352e+01 -1.4718352e+01 -1.4673387e+01 -1.4494436e+01 -1.4444426e+01 -1.4444426e+01 -1.9050570e+00 -4.6522641e-02 -4.6522634e-02 +8.5213618e-01 +8.5213620e-01 +1.3388515e+00 +3.1241469e+00 +3.1241469e+00 +3.2403107e+00 +3.2403107e+00 
-2.9426995e+01 -2.9401294e+01 -1.4717825e+01 -1.4717825e+01 -1.4689617e+01 -1.4482690e+01 -1.4450486e+01 -1.4450486e+01 -1.7772273e+00 -9.4047324e-03 -9.4047251e-03 +8.6066189e-01 +8.6066190e-01 +1.3435588e+00 +3.1817747e+00 +3.1817747e+00 +3.2045488e+00 +3.2045488e+00 
-2.9425094e+01 -2.9402504e+01 -1.4716902e+01 -1.4716902e+01 -1.4704224e+01 -1.4472536e+01 -1.4456958e+01 -1.4456958e+01 -1.6458784e+00 +3.0907556e-02 +3.0907564e-02 +8.6508598e-01 +8.6508599e-01 +1.3639209e+00 +3.1830778e+00 +3.1830778e+00 +3.2421569e+00 +3.2421569e+00 
-2.9423272e+01 -2.9403638e+01 -1.4717023e+01 -1.4715552e+01 -1.4715552e+01 -1.4464169e+01 -1.4463839e+01 -1.4463839e+01 -1.5115522e+00 +7.1576214e-02 +7.1576222e-02 +8.6002181e-01 +8.6002183e-01 +1.3902438e+00 +3.1758547e+00 +3.1758547e+00 +3.3044218e+00 +3.3044218e+00 
-2.9421544e+01 -2.9404687e+01 -1.4727852e+01 -1.4713749e+01 -1.4713749e+01 -1.4471121e+01 -1.4471121e+01 -1.4457754e+01 -1.3748824e+00 +1.1039368e-01 +1.1039369e-01 +8.4204836e-01 +8.4204838e-01 +1.4097989e+00 +3.1828952e+00 +3.1828952e+00 +3.3679309e+00 +3.3679310e+00 
-2.9419921e+01 -2.9405645e+01 -1.4736581e+01 -1.4711470e+01 -1.4711470e+01 -1.4478789e+01 -1.4478789e+01 -1.4453429e+01 -1.2365960e+00 +1.4564438e-01 +1.4564439e-01 +8.1025995e-01 +8.1025997e-01 +1.4091100e+00 +3.2041330e+00 +3.2041330e+00 +3.4321033e+00 +3.4321033e+00 
-2.9418415e+01 -2.9406506e+01 -1.4743107e+01 -1.4708697e+01 -1.4708697e+01 -1.4486825e+01 -1.4486825e+01 -1.4451299e+01 -1.0975183e+00 +1.7603656e-01 +1.7603657e-01 +7.6600892e-01 +7.6600893e-01 +1.3772440e+00 +3.2392717e+00 +3.2392717e+00 +3.4962454e+00 +3.4962454e+00 
-2.9417032e+01 -2.9407267e+01 -1.4747359e+01 -1.4705416e+01 -1.4705416e+01 -1.4495204e+01 -1.4495204e+01 -1.4451434e+01 -9.5858368e-01 +2.0067763e-01 +2.0067764e-01 +7.1211976e-01 +7.1211977e-01 +1.3088053e+00 +3.2876394e+00 +3.2876394e+00 +3.5594983e+00 +3.5594983e+00 
-2.9415778e+01 -2.9407928e+01 -1.4749297e+01 -1.4701618e+01 -1.4701618e+01 -1.4503899e+01 -1.4503899e+01 -1.4453864e+01 -8.2085054e-01 +2.1906942e-01 +2.1906944e-01 +6.5200542e-01 +6.5200543e-01 +1.2054397e+00 +3.3480591e+00 +3.3480591e+00 +3.6209150e+00 +3.6209150e+00 
-2.9414658e+01 -2.9408489e+01 -1.4748913e+01 -1.4697299e+01 -1.4697299e+01 -1.4512878e+01 -1.4512878e+01 -1.4458577e+01 -6.8552293e-01 +2.3110351e-01 +2.3110352e-01 +5.8899269e-01 +5.8899271e-01 +1.0751847e+00 +3.4187552e+00 +3.4187552e+00 +3.6795992e+00 +3.6795992e+00 
-2.9413672e+01 -2.9408951e+01 -1.4746230e+01 -1.4692460e+01 -1.4692460e+01 -1.4522106e+01 -1.4522106e+01 -1.4465516e+01 -5.5397610e-01 +2.3704288e-01 +2.3704289e-01 +5.2594813e-01 +5.2594815e-01 +9.2978266e-01 +3.4973186e+00 +3.4973186e+00 +3.7348311e+00 +3.7348311e+00 
-2.9412819e+01 -2.9409321e+01 -1.4741303e+01 -1.4687106e+01 -1.4687106e+01 -1.4531545e+01 -1.4531545e+01 -1.4474580e+01 -4.2778398e-01 +2.3748388e-01 +2.3748389e-01 +4.6514969e-01 +4.6514971e-01 +7.8126523e-01 +3.5807461e+00 +3.5807461e+00 +3.7861353e+00 +3.7861353e+00 
-2.9412095e+01 -2.9409602e+01 -1.4734216e+01 -1.4681247e+01 -1.4681247e+01 -1.4541154e+01 -1.4541154e+01 -1.4485626e+01 -3.0874055e-01 +2.3329966e-01 +2.3329968e-01 +4.0830475e-01 +4.0830476e-01 +6.3959678e-01 +3.6655725e+00 +3.6655725e+00 +3.8332805e+00 +3.8332805e+00 
-2.9411497e+01 -2.9409805e+01 -1.4725082e+01 -1.4674897e+01 -1.4674897e+01 -1.4550891e+01 -1.4550891e+01 -1.4498478e+01 -1.9885953e-01 +2.2557110e-01 +2.2557111e-01 +3.5663130e-01 +3.5663131e-01 +5.1206940e-01 +3.7480966e+00 +3.7480966e+00 +3.8762196e+00 +3.8762196e+00 
-2.9411016e+01 -2.9409938e+01 -1.4714041e+01 -1.4668074e+01 -1.4668074e+01 -1.4560709e+01 -1.4560709e+01 -1.4512924e+01 -1.0032379e-01 +2.1551339e-01 +2.1551341e-01 +3.1095148e-01 +3.1095149e-01 +4.0373376e-01 +3.8067090e+00 +3.8246927e+00 +3.8246927e+00 +3.9149870e+00 
-2.9410643e+01 -2.9410013e+01 -1.4701261e+01 -1.4660800e+01 -1.4660800e+01 -1.4570563e+01 -1.4570563e+01 -1.4528729e+01 -1.5341850e-02 +2.0440569e-01 +2.0440571e-01 +2.7177315e-01 +2.7177316e-01 +3.1779155e-01 +3.7011173e+00 +3.8135604e+00 +3.8921661e+00 +3.8921661e+00 
-2.9410367e+01 -2.9410043e+01 -1.4686933e+01 -1.4653101e+01 -1.4653101e+01 -1.4580405e+01 -1.4580405e+01 -1.4545634e+01 +5.4138430e-02 +1.9352912e-01 +1.9352914e-01 +2.3935196e-01 +2.3935197e-01 +2.5542480e-01 +3.6189962e+00 +3.6851933e+00 +3.9480893e+00 +3.9480893e+00 
-2.9410177e+01 -2.9410039e+01 -1.4671271e+01 -1.4645006e+01 -1.4645006e+01 -1.4590187e+01 -1.4590187e+01 -1.4563367e+01 +1.0688940e-01 +1.8411619e-01 +1.8411620e-01 +2.1373424e-01 +2.1373425e-01 +2.1527298e-01 +3.5556675e+00 +3.5868668e+00 +3.9910318e+00 +3.9910318e+00 
-2.9410060e+01 -2.9410019e+01 -1.4654508e+01 -1.4636549e+01 -1.4636549e+01 -1.4599860e+01 -1.4599860e+01 -1.4581646e+01 +1.4300024e-01 +1.7731234e-01 +1.7731235e-01 +1.9315982e-01 +1.9478438e-01 +1.9478439e-01 +3.5088398e+00 +3.5188619e+00 +4.0206219e+00 +4.0206219e+00 
-2.9410000e+01 -2.9409995e+01 -1.4636894e+01 -1.4627765e+01 -1.4627765e+01 -1.4609378e+01 -1.4609378e+01 -1.4600184e+01 +1.6446557e-01 +1.7414897e-01 +1.7414899e-01 +1.8220101e-01 +1.8220102e-01 +1.8252267e-01 +3.4787741e+00 +3.4800901e+00 +4.0374241e+00 +4.0374241e+00 
-2.9409983e+01 -2.9409983e+01 -1.4618694e+01 -1.4618694e+01 -1.4618694e+01 -1.4618694e+01 -1.4618694e+01 -1.4618694e+01 +1.7552590e-01 +1.7552590e-01 +1.7552590e-01 +1.7552590e-01 +1.7552592e-01 +1.7552592e-01 +3.4679517e+00 +3.4679517e+00 +4.0426789e+00 +4.0426789e+00 
-2.9409997e+01 -2.9409997e+01 -1.4634510e+01 -1.4634510e+01 -1.4618509e+01 -1.4618509e+01 -1.4602663e+01 -1.4602663e+01 +1.6806579e-01 +1.6806579e-01 +1.7754692e-01 +1.7754692e-01 +1.8422597e-01 +1.8422597e-01 +3.4794423e+00 +3.4794423e+00 +4.0356064e+00 +4.0356064e+00 
-2.9410039e+01 -2.9410039e+01 -1.4649953e+01 -1.4649953e+01 -1.4617955e+01 -1.4617955e+01 -1.4586576e+01 -1.4586576e+01 +1.5572450e-01 +1.5572450e-01 +1.8359026e-01 +1.8359026e-01 +2.0072919e-01 +2.0072919e-01 +3.5137450e+00 +3.5137450e+00 +4.0144701e+00 +4.0144701e+00 
-2.9410108e+01 -2.9410108e+01 -1.4664874e+01 -1.4664874e+01 -1.4617038e+01 -1.4617038e+01 -1.4570598e+01 -1.4570598e+01 +1.3598256e-01 +1.3598256e-01 +1.9359558e-01 +1.9359558e-01 +2.2878346e-01 +2.2878346e-01 +3.5702452e+00 +3.5702452e+00 +3.9795279e+00 +3.9795279e+00 
-2.9410204e+01 -2.9410204e+01 -1.4679128e+01 -1.4679128e+01 -1.4615768e+01 -1.4615768e+01 -1.4554895e+01 -1.4554895e+01 +1.0790211e-01 +1.0790211e-01 +2.0745871e-01 +2.0745871e-01 +2.7108148e-01 +2.7108148e-01 +3.6473483e+00 +3.6473483e+00 +3.9312532e+00 +3.9312532e+00 
-2.9410326e+01 -2.9410326e+01 -1.4692581e+01 -1.4692581e+01 -1.4614159e+01 -1.4614159e+01 -1.4539633e+01 -1.4539633e+01 +7.1084222e-02 +7.1084222e-02 +2.2502819e-01 +2.2502819e-01 +3.2996735e-01 +3.2996735e-01 +3.7400741e+00 +3.7400741e+00 +3.8703802e+00 +3.8703802e+00 
-2.9410473e+01 -2.9410473e+01 -1.4705107e+01 -1.4705107e+01 -1.4612226e+01 -1.4612226e+01 -1.4524977e+01 -1.4524977e+01 +2.5541371e-02 +2.5541371e-02 +2.4610361e-01 +2.4610361e-01 +4.0725060e-01 +4.0725060e-01 +3.7979372e+00 +3.7979372e+00 +3.8272695e+00 +3.8272695e+00 
-2.9410642e+01 -2.9410642e+01 -1.4716589e+01 -1.4716589e+01 -1.4609990e+01 -1.4609990e+01 -1.4511086e+01 -1.4511086e+01 -2.8327178e-02 -2.8327178e-02 +2.7043796e-01 +2.7043796e-01 +5.0400007e-01 +5.0400007e-01 +3.7152482e+00 +3.7152482e+00 +3.8580397e+00 +3.8580397e+00 
-2.9410834e+01 -2.9410834e+01 -1.4726922e+01 -1.4726922e+01 -1.4607474e+01 -1.4607474e+01 -1.4498113e+01 -1.4498113e+01 -8.9810982e-02 -8.9810982e-02 +2.9774552e-01 +2.9774552e-01 +6.2045609e-01 +6.2045609e-01 +3.6238960e+00 +3.6238960e+00 +3.8446564e+00 +3.8446564e+00 
-2.9411045e+01 -2.9411045e+01 -1.4736012e+01 -1.4736012e+01 -1.4604705e+01 -1.4604705e+01 -1.4486203e+01 -1.4486203e+01 -1.5800607e-01 -1.5800607e-01 +3.2771583e-01 +3.2771583e-01 +7.5595651e-01 +7.5595651e-01 +3.5256464e+00 +3.5256464e+00 +3.8188396e+00 +3.8188396e+00 
-2.9411275e+01 -2.9411275e+01 -1.4743777e+01 -1.4743777e+01 -1.4601709e+01 -1.4601709e+01 -1.4475489e+01 -1.4475489e+01 -2.3193758e-01 -2.3193758e-01 +3.6003322e-01 +3.6003322e-01 +9.0870225e-01 +9.0870225e-01 +3.4223498e+00 +3.4223498e+00 +3.7896001e+00 +3.7896001e+00 
-2.9411519e+01 -2.9411519e+01 -1.4750151e+01 -1.4750151e+01 -1.4598518e+01 -1.4598518e+01 -1.4466089e+01 -1.4466089e+01 -3.1065355e-01 -3.1065355e-01 +3.9440102e-01 +3.9440102e-01 +1.0752197e+00 +1.0752197e+00 +3.3158358e+00 +3.3158358e+00 +3.7600257e+00 +3.7600257e+00 
-2.9411777e+01 -2.9411777e+01 -1.4755076e+01 -1.4755076e+01 -1.4595165e+01 -1.4595165e+01 -1.4458108e+01 -1.4458108e+01 -3.9326687e-01 -3.9326687e-01 +4.3056892e-01 +4.3056892e-01 +1.2495233e+00 +1.2495233e+00 +3.2078182e+00 +3.2078182e+00 +3.7317971e+00 +3.7317971e+00 
-2.9412045e+01 -2.9412045e+01 -1.4758514e+01 -1.4758514e+01 -1.4591683e+01 -1.4591683e+01 -1.4451630e+01 -1.4451630e+01 -4.7893488e-01 -4.7893488e-01 +4.6836318e-01 +4.6836318e-01 +1.4222928e+00 +1.4222928e+00 +3.0998238e+00 +3.0998238e+00 +3.7060758e+00 +3.7060758e+00 
-2.9412322e+01 -2.9412322e+01 -1.4760438e+01 -1.4760438e+01 -1.4588107e+01 -1.4588107e+01 -1.4446720e+01 -1.4446720e+01 -5.6678003e-01 -5.6678003e-01 +5.0771951e-01 +5.0771951e-01 +1.5808453e+00 +1.5808453e+00 +2.9931485e+00 +2.9931485e+00 +3.6836566e+00 +3.6836566e+00 
-2.9412603e+01 -2.9412603e+01 -1.4760839e+01 -1.4760839e+01 -1.4584475e+01 -1.4584475e+01 -1.4443422e+01 -1.4443422e+01 -6.5577458e-01 -6.5577458e-01 +5.4871989e-01 +5.4871989e-01 +1.7109709e+00 +1.7109709e+00 +2.8888401e+00 +2.8888401e+00 +3.6649271e+00 +3.6649271e+00 
-2.9412887e+01 -2.9412887e+01 -1.4759723e+01 -1.4759723e+01 -1.4580823e+01 -1.4580823e+01 -1.4441760e+01 -1.4441760e+01 -7.4463680e-01 -7.4463680e-01 +5.9163410e-01 +5.9163410e-01 +1.8009691e+00 +1.8009691e+00 +2.7877031e+00 +2.7877031e+00 +3.6498455e+00 +3.6498455e+00 
-2.9413170e+01 -2.9413170e+01 -1.4757113e+01 -1.4757113e+01 -1.4577190e+01 -1.4577190e+01 -1.4441736e+01 -1.4441736e+01 -8.3180245e-01 -8.3180245e-01 +6.3696635e-01 +6.3696635e-01 +1.8461574e+00 +1.8461574e+00 +2.6903185e+00 +2.6903185e+00 +3.6380588e+00 +3.6380588e+00 
-2.9413450e+01 -2.9413450e+01 -1.4753050e+01 -1.4753050e+01 -1.4573613e+01 -1.4573613e+01 -1.4443334e+01 -1.4443334e+01 -9.1552120e-01 -9.1552120e-01 +6.8550434e-01 +6.8550434e-01 +1.8507321e+00 +1.8507321e+00 +2.5970743e+00 +2.5970743e+00 +3.6290762e+00 +3.6290762e+00 
-2.9413723e+01 -2.9413723e+01 -1.4747587e+01 -1.4747587e+01 -1.4570130e+01 -1.4570130e+01 -1.4446516e+01 -1.4446516e+01 -9.9407022e-01 -9.9407022e-01 +7.3836399e-01 +7.3836399e-01 +1.8256601e+00 +1.8256601e+00 +2.5082038e+00 +2.5082038e+00 +3.6222697e+00 +3.6222697e+00 
-2.9413986e+01 -2.9413986e+01 -1.4740797e+01 -1.4740797e+01 -1.4566778e+01 -1.4566778e+01 -1.4451228e+01 -1.4451228e+01 -1.0660052e+00 -1.0660052e+00 +7.9701612e-01 +7.9701612e-01 +1.7844598e+00 +1.7844598e+00 +2.4238328e+00 +2.4238328e+00 +3.6166399e+00 +3.6166399e+00 
-2.9414236e+01 -2.9414236e+01 -1.4732768e+01 -1.4732768e+01 -1.4563593e+01 -1.4563593e+01 -1.4457391e+01 -1.4457391e+01 -1.1303421e+00 -1.1303421e+00 +8.6327183e-01 +8.6327183e-01 +1.7395536e+00 +1.7395536e+00 +2.3440354e+00 +2.3440354e+00 +3.6104676e+00 +3.6104676e+00 
-2.9414471e+01 -2.9414471e+01 -1.4723606e+01 -1.4723606e+01 -1.4560610e+01 -1.4560610e+01 -1.4464904e+01 -1.4464904e+01 -1.1866063e+00 -1.1866063e+00 +9.3918979e-01 +9.3918979e-01 +1.7004152e+00 +1.7004152e+00 +2.2689003e+00 +2.2689003e+00 +3.6008933e+00 +3.6008933e+00 
-2.9414689e+01 -2.9414689e+01 -1.4713441e+01 -1.4713441e+01 -1.4557861e+01 -1.4557861e+01 -1.4473637e+01 -1.4473637e+01 -1.2347627e+00 -1.2347627e+00 +1.0268496e+00 +1.0268496e+00 +1.6732784e+00 +1.6732784e+00 +2.1986024e+00 +2.1986024e+00 +3.5833360e+00 +3.5833360e+00 
-2.9414886e+01 -2.9414886e+01 -1.4702433e+01 -1.4702433e+01 -1.4555376e+01 -1.4555376e+01 -1.4483425e+01 -1.4483425e+01 -1.2750894e+00 -1.2750894e+00 +1.1279124e+00 +1.1279124e+00 +1.6616501e+00 +1.6616501e+00 +2.1334707e+00 +2.1334707e+00 +3.5508074e+00 +3.5508074e+00 
-2.9415061e+01 -2.9415061e+01 -1.4690783e+01 -1.4690783e+01 -1.4553183e+01 -1.4553183e+01 -1.4494057e+01 -1.4494057e+01 -1.3080579e+00 -1.3080579e+00 +1.2428741e+00 +1.2428741e+00 +1.6669770e+00 +1.6669770e+00 +2.0740385e+00 +2.0740385e+00 +3.4941106e+00 +3.4941106e+00 
-2.9415212e+01 -2.9415212e+01 -1.4678754e+01 -1.4678754e+01 -1.4551305e+01 -1.4551305e+01 -1.4505257e+01 -1.4505257e+01 -1.3342501e+00 -1.3342501e+00 +1.3699517e+00 +1.3699517e+00 +1.6890743e+00 +1.6890743e+00 +2.0210566e+00 +2.0210566e+00 +3.4057619e+00 +3.4057619e+00 
-2.9415338e+01 -2.9415338e+01 -1.4666716e+01 -1.4666716e+01 -1.4549759e+01 -1.4549759e+01 -1.4516644e+01 -1.4516644e+01 -1.3543128e+00 -1.3543128e+00 +1.5037157e+00 +1.5037157e+00 +1.7260969e+00 +1.7260969e+00 +1.9754551e+00 +1.9754551e+00 +3.2881905e+00 +3.2881905e+00 
-2.9415438e+01 -2.9415438e+01 -1.4655226e+01 -1.4655226e+01 -1.4548556e+01 -1.4548556e+01 -1.4527645e+01 -1.4527645e+01 -1.3689248e+00 -1.3689248e+00 +1.6339988e+00 +1.6339988e+00 +1.7738809e+00 +1.7738809e+00 +1.9382307e+00 +1.9382307e+00 +3.1570108e+00 +3.1570108e+00 
-2.9415509e+01 -2.9415509e+01 -1.4645174e+01 -1.4645174e+01 -1.4547700e+01 -1.4547700e+01 -1.4537358e+01 -1.4537358e+01 -1.3787527e+00 -1.3787527e+00 +1.7462068e+00 +1.7462068e+00 +1.8245990e+00 +1.8245990e+00 +1.9101972e+00 +1.9101972e+00 +3.0350311e+00 +3.0350311e+00 
-2.9415553e+01 -2.9415553e+01 -1.4637949e+01 -1.4637949e+01 -1.4547189e+01 -1.4547189e+01 -1.4544385e+01 -1.4544385e+01 -1.3843780e+00 -1.3843780e+00 +1.8244821e+00 +1.8244821e+00 +1.8655532e+00 +1.8655532e+00 +1.8913123e+00 +1.8913123e+00 +2.9467335e+00 +2.9467335e+00 
-2.9415567e+01 -2.9415567e+01 -1.4635248e+01 -1.4635248e+01 -1.4547020e+01 -1.4547020e+01 -1.4547020e+01 -1.4547020e+01 -1.3862046e+00 -1.3862046e+00 +1.8556032e+00 +1.8556032e+00 +1.8816941e+00 +1.8816941e+00 +1.8816941e+00 +1.8816941e+00 +2.9140656e+00 +2.9140656e+00 
-2.9412778e+01 -2.9412778e+01 -1.4841187e+01 -1.4841187e+01 -1.4539094e+01 -1.4539094e+01 -1.4397761e+01 -1.4397761e+01 -1.2954615e-01 -1.2954615e-01 +2.8686951e-01 +2.8686951e-01 +7.4207037e-01 +7.4207037e-01 +3.2720419e+00 +3.2720419e+00 +3.8255522e+00 +3.8255522e+00 
-2.9412764e+01 -2.9412764e+01 -1.4840621e+01 -1.4840621e+01 -1.4539500e+01 -1.4539500e+01 -1.4398315e+01 -1.4398315e+01 -1.3293719e-01 -1.3293719e-01 +2.8963965e-01 +2.8963965e-01 +7.3872548e-01 +7.3872548e-01 +3.2707730e+00 +3.2707730e+00 +3.8269309e+00 +3.8269309e+00 
-2.9412719e+01 -2.9412719e+01 -1.4838927e+01 -1.4838927e+01 -1.4540710e+01 -1.4540710e+01 -1.4399976e+01 -1.4399976e+01 -1.4242026e-01 -1.4242026e-01 +2.9809435e-01 +2.9809435e-01 +7.2881920e-01 +7.2881920e-01 +3.2674944e+00 +3.2674944e+00 +3.8310242e+00 +3.8310242e+00 
-2.9412646e+01 -2.9412646e+01 -1.4836113e+01 -1.4836113e+01 -1.4542701e+01 -1.4542701e+01 -1.4402736e+01 -1.4402736e+01 -1.5609010e-01 -1.5609010e-01 +3.1257702e-01 +3.1257702e-01 +7.1272051e-01 +7.1272051e-01 +3.2636548e+00 +3.2636548e+00 +3.8377059e+00 +3.8377059e+00 
-2.9412547e+01 -2.9412547e+01 -1.4832193e+01 -1.4832193e+01 -1.4545433e+01 -1.4545433e+01 -1.4406584e+01 -1.4406584e+01 -1.7126390e-01 -1.7126390e-01 +3.3336309e-01 +3.3336309e-01 +6.9099457e-01 +6.9099457e-01 +3.2612729e+00 +3.2612729e+00 +3.8467712e+00 +3.8467712e+00 
-2.9412423e+01 -2.9412423e+01 -1.4827186e+01 -1.4827186e+01 -1.4548851e+01 -1.4548851e+01 -1.4411501e+01 -1.4411501e+01 -1.8504444e-01 -1.8504444e-01 +3.6023419e-01 +3.6023419e-01 +6.6434187e-01 +6.6434187e-01 +3.2625010e+00 +3.2625010e+00 +3.8579462e+00 +3.8579462e+00 
-2.9412278e+01 -2.9412278e+01 -1.4821118e+01 -1.4821118e+01 -1.4552884e+01 -1.4552884e+01 -1.4417465e+01 -1.4417465e+01 -1.9483634e-01 -1.9483634e-01 +3.9197283e-01 +3.9197283e-01 +6.3353475e-01 +6.3353475e-01 +3.2692493e+00 +3.2692493e+00 +3.8708986e+00 +3.8708986e+00 
-2.9412115e+01 -2.9412115e+01 -1.4814017e+01 -1.4814017e+01 -1.4557451e+01 -1.4557451e+01 -1.4424451e+01 -1.4424451e+01 -1.9869135e-01 -1.9869135e-01 +4.2596289e-01 +4.2596289e-01 +5.9936358e-01 +5.9936358e-01 +3.2829586e+00 +3.2829586e+00 +3.8852522e+00 +3.8852522e+00 
-2.9411937e+01 -2.9411937e+01 -1.4805921e+01 -1.4805921e+01 -1.4562455e+01 -1.4562455e+01 -1.4432426e+01 -1.4432426e+01 -1.9544692e-01 -1.9544692e-01 +4.5817896e-01 +4.5817896e-01 +5.6259979e-01 +5.6259979e-01 +3.3045309e+00 +3.3045309e+00 +3.9006024e+00 +3.9006024e+00 
-2.9411748e+01 -2.9411748e+01 -1.4796870e+01 -1.4796870e+01 -1.4567795e+01 -1.4567795e+01 -1.4441353e+01 -1.4441353e+01 -1.8469714e-01 -1.8469714e-01 +4.8380297e-01 +4.8380297e-01 +5.2397773e-01 +5.2397773e-01 +3.3343652e+00 +3.3343652e+00 +3.9165328e+00 +3.9165328e+00 
-2.9411553e+01 -2.9411553e+01 -1.4786910e+01 -1.4786910e+01 -1.4573358e+01 -1.4573358e+01 -1.4451190e+01 -1.4451190e+01 -1.6666699e-01 -1.6666699e-01 +4.8419357e-01 +4.8419357e-01 +4.9840942e-01 +4.9840942e-01 +3.3724284e+00 +3.3724284e+00 +3.9326317e+00 +3.9326317e+00 
-2.9411355e+01 -2.9411355e+01 -1.4776091e+01 -1.4776091e+01 -1.4579031e+01 -1.4579031e+01 -1.4461891e+01 -1.4461891e+01 -1.4205534e-01 -1.4205534e-01 +4.4391652e-01 +4.4391652e-01 +4.9923121e-01 +4.9923121e-01 +3.4183036e+00 +3.4183036e+00 +3.9485079e+00 +3.9485079e+00 
-2.9411158e+01 -2.9411158e+01 -1.4764468e+01 -1.4764468e+01 -1.4584698e+01 -1.4584698e+01 -1.4473402e+01 -1.4473402e+01 -1.1188970e-01 -1.1188970e-01 +4.0380759e-01 +4.0380759e-01 +4.8585807e-01 +4.8585807e-01 +3.4711716e+00 +3.4711716e+00 +3.9638051e+00 +3.9638051e+00 
-2.9410965e+01 -2.9410965e+01 -1.4752100e+01 -1.4752100e+01 -1.4590242e+01 -1.4590242e+01 -1.4485669e+01 -1.4485669e+01 -7.7413938e-02 -7.7413938e-02 +3.6454047e-01 +3.6454047e-01 +4.6007071e-01 +4.6007071e-01 +3.5296763e+00 +3.5296763e+00 +3.9782128e+00 +3.9782128e+00 
-2.9410782e+01 -2.9410782e+01 -1.4739051e+01 -1.4739051e+01 -1.4595552e+01 -1.4595552e+01 -1.4498629e+01 -1.4498629e+01 -4.0014685e-02 -4.0014685e-02 +3.2681994e-01 +3.2681994e-01 +4.2506299e-01 +4.2506299e-01 +3.5915305e+00 +3.5915305e+00 +3.9914743e+00 +3.9914743e+00 
-2.9410610e+01 -2.9410610e+01 -1.4725387e+01 -1.4725387e+01 -1.4600520e+01 -1.4600520e+01 -1.4512216e+01 -1.4512216e+01 -1.1820547e-03 -1.1820547e-03 +2.9139415e-01 +2.9139415e-01 +3.8454675e-01 +3.8454675e-01 +3.6522168e+00 +3.6522168e+00 +4.0033911e+00 +4.0033911e+00 
-2.9410454e+01 -2.9410454e+01 -1.4711178e+01 -1.4711178e+01 -1.4605046e+01 -1.4605046e+01 -1.4526362e+01 -1.4526362e+01 +3.7506789e-02 +3.7506789e-02 +2.5905744e-01 +2.5905744e-01 +3.4208465e-01 +3.4208465e-01 +3.6993491e+00 +3.6993491e+00 +3.9573766e+00 +3.9573766e+00 
-2.9410316e+01 -2.9410316e+01 -1.4696496e+01 -1.4696496e+01 -1.4609040e+01 -1.4609040e+01 -1.4540993e+01 -1.4540993e+01 +7.4399064e-02 +7.4399064e-02 +2.3064177e-01 +2.3064177e-01 +3.0073369e-01 +3.0073369e-01 +3.6965908e+00 +3.6965908e+00 +3.9048901e+00 +3.9048901e+00 
-2.9410199e+01 -2.9410199e+01 -1.4681417e+01 -1.4681417e+01 -1.4612422e+01 -1.4612422e+01 -1.4556034e+01 -1.4556034e+01 +1.0779430e-01 +1.0779430e-01 +2.0699567e-01 +2.0699567e-01 +2.6292483e-01 +2.6292483e-01 +3.6353470e+00 +3.6353470e+00 +3.9269479e+00 +3.9269479e+00 
-2.9410106e+01 -2.9410106e+01 -1.4666017e+01 -1.4666017e+01 -1.4615125e+01 -1.4615125e+01 -1.4571405e+01 -1.4571405e+01 +1.3600857e-01 +1.3600857e-01 +1.8895107e-01 +1.8895107e-01 +2.3047263e-01 +2.3047263e-01 +3.5668784e+00 +3.5668784e+00 +3.9695456e+00 +3.9695456e+00 
-2.9410039e+01 -2.9410039e+01 -1.4650376e+01 -1.4650376e+01 -1.4617095e+01 -1.4617095e+01 -1.4587027e+01 -1.4587027e+01 +1.5748482e-01 +1.5748482e-01 +1.7727959e-01 +1.7727959e-01 +2.0463741e-01 +2.0463741e-01 +3.5129562e+00 +3.5129562e+00 +4.0079671e+00 +4.0079671e+00 
-2.9409997e+01 -2.9409997e+01 -1.4634575e+01 -1.4634575e+01 -1.4618292e+01 -1.4618292e+01 -1.4602817e+01 -1.4602817e+01 +1.7094092e-01 +1.7094092e-01 +1.7264083e-01 +1.7264083e-01 +1.8619884e-01 +1.8619884e-01 +3.4793323e+00 +3.4793323e+00 +4.0336794e+00 +4.0336794e+00 
-2.9409983e+01 -2.9409983e+01 -1.4618694e+01 -1.4618694e+01 -1.4618694e+01 -1.4618694e+01 -1.4618694e+01 -1.4618694e+01 +1.7552590e-01 +1.7552590e-01 +1.7552590e-01 +1.7552590e-01 +1.7552592e-01 +1.7552592e-01 +3.4679517e+00 +3.4679517e+00 +4.0426789e+00 +4.0426789e+00 
