# num high symmetry points
12
# label high symmetry points
G M K G A L H A L M K H 
# indices high symmetry points
1 36 56 96 115 150 170 210 211 230 231 250 
# nk, nb, ns
250 19 1
# k-points (frac coords)
+0.0000000e+00 +0.0000000e+00 +0.0000000e+00 
+1.4285714e-02 +0.0000000e+00 +0.0000000e+00 
+2.8571429e-02 +0.0000000e+00 +0.0000000e+00 
+4.2857143e-02 +0.0000000e+00 +0.0000000e+00 
+5.7142857e-02 +0.0000000e+00 +0.0000000e+00 
+7.1428571e-02 +0.0000000e+00 +0.0000000e+00 
+8.5714286e-02 +0.0000000e+00 +0.0000000e+00 
+1.0000000e-01 +0.0000000e+00 +0.0000000e+00 
+1.1428571e-01 +0.0000000e+00 +0.0000000e+00 
+1.2857143e-01 +0.0000000e+00 +0.0000000e+00 
+1.4285714e-01 +0.0000000e+00 +0.0000000e+00 
+1.5714286e-01 +0.0000000e+00 +0.0000000e+00 
+1.7142857e-01 +0.0000000e+00 +0.0000000e+00 
+1.8571429e-01 +0.0000000e+00 +0.0000000e+00 
+2.0000000e-01 +0.0000000e+00 +0.0000000e+00 
+2.1428571e-01 +0.0000000e+00 +0.0000000e+00 
+2.2857143e-01 +0.0000000e+00 +0.0000000e+00 
+2.4285714e-01 +0.0000000e+00 +0.0000000e+00 
+2.5714286e-01 +0.0000000e+00 +0.0000000e+00 
+2.7142857e-01 +0.0000000e+00 +0.0000000e+00 
+2.8571429e-01 +0.0000000e+00 +0.0000000e+00 
+3.0000000e-01 +0.0000000e+00 +0.0000000e+00 
+3.1428571e-01 +0.0000000e+00 +0.0000000e+00 
+3.2857143e-01 +0.0000000e+00 +0.0000000e+00 
+3.4285714e-01 +0.0000000e+00 +0.0000000e+00 
+3.5714286e-01 +0.0000000e+00 +0.0000000e+00 
+3.7142857e-01 +0.0000000e+00 +0.0000000e+00 
+3.8571429e-01 +0.0000000e+00 +0.0000000e+00 
+4.0000000e-01 +0.0000000e+00 +0.0000000e+00 
+4.1428571e-01 +0.0000000e+00 +0.0000000e+00 
+4.2857143e-01 +0.0000000e+00 +0.0000000e+00 
+4.4285714e-01 +0.0000000e+00 +0.0000000e+00 
+4.5714286e-01 +0.0000000e+00 +0.0000000e+00 
+4.7142857e-01 +0.0000000e+00 +0.0000000e+00 
+4.8571429e-01 +0.0000000e+00 +0.0000000e+00 
+5.0000000e-01 +0.0000000e+00 +0.0000000e+00 
+4.9166667e-01 +1.6666667e-02 +0.0000000e+00 
+4.8333333e-01 +3.3333333e-02 +0.0000000e+00 
+4.7500000e-01 +5.0000000e-02 +0.0000000e+00 
+4.6666667e-01 +6.6666667e-02 +0.0000000e+00 
+4.5833333e-01 +8.3333333e-02 +0.0000000e+00 
+4.5000000e-01 +1.0000000e-01 +0.0000000e+00 
+4.4166667e-01 +1.1666667e-01 +0.0000000e+00 
+4.3333333e-01 +1.3333333e-01 +0.0000000e+00 
+4.2500000e-01 +1.5000000e-01 +0.0000000e+00 
+4.1666667e-01 +1.6666667e-01 +0.0000000e+00 
+4.0833333e-01 +1.8333333e-01 +0.0000000e+00 
+4.0000000e-01 +2.0000000e-01 +0.0000000e+00 
+3.9166667e-01 +2.1666667e-01 +0.0000000e+00 
+3.8333333e-01 +2.3333333e-01 +0.0000000e+00 
+3.7500000e-01 +2.5000000e-01 +0.0000000e+00 
+3.6666667e-01 +2.6666667e-01 +0.0000000e+00 
+3.5833333e-01 +2.8333333e-01 +0.0000000e+00 
+3.5000000e-01 +3.0000000e-01 +0.0000000e+00 
+3.4166667e-01 +3.1666667e-01 +0.0000000e+00 
+3.3333333e-01 +3.3333333e-01 +0.0000000e+00 
+3.2500000e-01 +3.2500000e-01 +0.0000000e+00 
+3.1666667e-01 +3.1666667e-01 +0.0000000e+00 
+3.0833333e-01 +3.0833333e-01 +0.0000000e+00 
+3.0000000e-01 +3.0000000e-01 +0.0000000e+00 
+2.9166667e-01 +2.9166667e-01 +0.0000000e+00 
+2.8333333e-01 +2.8333333e-01 +0.0000000e+00 
+2.7500000e-01 +2.7500000e-01 +0.0000000e+00 
+2.6666667e-01 +2.6666667e-01 +0.0000000e+00 
+2.5833333e-01 +2.5833333e-01 +0.0000000e+00 
+2.5000000e-01 +2.5000000e-01 +0.0000000e+00 
+2.4166667e-01 +2.4166667e-01 +0.0000000e+00 
+2.3333333e-01 +2.3333333e-01 +0.0000000e+00 
+2.2500000e-01 +2.2500000e-01 +0.0000000e+00 
+2.1666667e-01 +2.1666667e-01 +0.0000000e+00 
+2.0833333e-01 +2.0833333e-01 +0.0000000e+00 
+2.0000000e-01 +2.0000000e-01 +0.0000000e+00 
+1.9166667e-01 +1.9166667e-01 +0.0000000e+00 
+1.8333333e-01 +1.8333333e-01 +0.0000000e+00 
+1.7500000e-01 +1.7500000e-01 +0.0000000e+00 
+1.6666667e-01 +1.6666667e-01 +0.0000000e+00 
+1.5833333e-01 +1.5833333e-01 +0.0000000e+00 
+1.5000000e-01 +1.5000000e-01 +0.0000000e+00 
+1.4166667e-01 +1.4166667e-01 +0.0000000e+00 
+1.3333333e-01 +1.3333333e-01 +0.0000000e+00 
+1.2500000e-01 +1.2500000e-01 +0.0000000e+00 
+1.1666667e-01 +1.1666667e-01 +0.0000000e+00 
+1.0833333e-01 +1.0833333e-01 +0.0000000e+00 
+1.0000000e-01 +1.0000000e-01 +0.0000000e+00 
+9.1666667e-02 +9.1666667e-02 +0.0000000e+00 
+8.3333333e-02 +8.3333333e-02 +0.0000000e+00 
+7.5000000e-02 +7.5000000e-02 +0.0000000e+00 
+6.6666667e-02 +6.6666667e-02 +0.0000000e+00 
+5.8333333e-02 +5.8333333e-02 +0.0000000e+00 
+5.0000000e-02 +5.0000000e-02 +0.0000000e+00 
+4.1666667e-02 +4.1666667e-02 +0.0000000e+00 
+3.3333333e-02 +3.3333333e-02 +0.0000000e+00 
+2.5000000e-02 +2.5000000e-02 +0.0000000e+00 
+1.6666667e-02 +1.6666667e-02 +0.0000000e+00 
+8.3333333e-03 +8.3333333e-03 +0.0000000e+00 
+0.0000000e+00 +0.0000000e+00 +0.0000000e+00 
+0.0000000e+00 +0.0000000e+00 +2.6315789e-02 
+0.0000000e+00 +0.0000000e+00 +5.2631579e-02 
+0.0000000e+00 +0.0000000e+00 +7.8947368e-02 
+0.0000000e+00 +0.0000000e+00 +1.0526316e-01 
+0.0000000e+00 +0.0000000e+00 +1.3157895e-01 
+0.0000000e+00 +0.0000000e+00 +1.5789474e-01 
+0.0000000e+00 +0.0000000e+00 +1.8421053e-01 
+0.0000000e+00 +0.0000000e+00 +2.1052632e-01 
+0.0000000e+00 +0.0000000e+00 +2.3684211e-01 
+0.0000000e+00 +0.0000000e+00 +2.6315789e-01 
+0.0000000e+00 +0.0000000e+00 +2.8947368e-01 
+0.0000000e+00 +0.0000000e+00 +3.1578947e-01 
+0.0000000e+00 +0.0000000e+00 +3.4210526e-01 
+0.0000000e+00 +0.0000000e+00 +3.6842105e-01 
+0.0000000e+00 +0.0000000e+00 +3.9473684e-01 
+0.0000000e+00 +0.0000000e+00 +4.2105263e-01 
+0.0000000e+00 +0.0000000e+00 +4.4736842e-01 
+0.0000000e+00 +0.0000000e+00 +4.7368421e-01 
+0.0000000e+00 +0.0000000e+00 +5.0000000e-01 
+1.4285714e-02 +0.0000000e+00 +5.0000000e-01 
+2.8571429e-02 +0.0000000e+00 +5.0000000e-01 
+4.2857143e-02 +0.0000000e+00 +5.0000000e-01 
+5.7142857e-02 +0.0000000e+00 +5.0000000e-01 
+7.1428571e-02 +0.0000000e+00 +5.0000000e-01 
+8.5714286e-02 +0.0000000e+00 +5.0000000e-01 
+1.0000000e-01 +0.0000000e+00 +5.0000000e-01 
+1.1428571e-01 +0.0000000e+00 +5.0000000e-01 
+1.2857143e-01 +0.0000000e+00 +5.0000000e-01 
+1.4285714e-01 +0.0000000e+00 +5.0000000e-01 
+1.5714286e-01 +0.0000000e+00 +5.0000000e-01 
+1.7142857e-01 +0.0000000e+00 +5.0000000e-01 
+1.8571429e-01 +0.0000000e+00 +5.0000000e-01 
+2.0000000e-01 +0.0000000e+00 +5.0000000e-01 
+2.1428571e-01 +0.0000000e+00 +5.0000000e-01 
+2.2857143e-01 +0.0000000e+00 +5.0000000e-01 
+2.4285714e-01 +0.0000000e+00 +5.0000000e-01 
+2.5714286e-01 +0.0000000e+00 +5.0000000e-01 
+2.7142857e-01 +0.0000000e+00 +5.0000000e-01 
+2.8571429e-01 +0.0000000e+00 +5.0000000e-01 
+3.0000000e-01 +0.0000000e+00 +5.0000000e-01 
+3.1428571e-01 +0.0000000e+00 +5.0000000e-01 
+3.2857143e-01 +0.0000000e+00 +5.0000000e-01 
+3.4285714e-01 +0.0000000e+00 +5.0000000e-01 
+3.5714286e-01 +0.0000000e+00 +5.0000000e-01 
+3.7142857e-01 +0.0000000e+00 +5.0000000e-01 
+3.8571429e-01 +0.0000000e+00 +5.0000000e-01 
+4.0000000e-01 +0.0000000e+00 +5.0000000e-01 
+4.1428571e-01 +0.0000000e+00 +5.0000000e-01 
+4.2857143e-01 +0.0000000e+00 +5.0000000e-01 
+4.4285714e-01 +0.0000000e+00 +5.0000000e-01 
+4.5714286e-01 +0.0000000e+00 +5.0000000e-01 
+4.7142857e-01 +0.0000000e+00 +5.0000000e-01 
+4.8571429e-01 +0.0000000e+00 +5.0000000e-01 
+5.0000000e-01 +0.0000000e+00 +5.0000000e-01 
+4.9166667e-01 +1.6666667e-02 +5.0000000e-01 
+4.8333333e-01 +3.3333333e-02 +5.0000000e-01 
+4.7500000e-01 +5.0000000e-02 +5.0000000e-01 
+4.6666667e-01 +6.6666667e-02 +5.0000000e-01 
+4.5833333e-01 +8.3333333e-02 +5.0000000e-01 
+4.5000000e-01 +1.0000000e-01 +5.0000000e-01 
+4.4166667e-01 +1.1666667e-01 +5.0000000e-01 
+4.3333333e-01 +1.3333333e-01 +5.0000000e-01 
+4.2500000e-01 +1.5000000e-01 +5.0000000e-01 
+4.1666667e-01 +1.6666667e-01 +5.0000000e-01 
+4.0833333e-01 +1.8333333e-01 +5.0000000e-01 
+4.0000000e-01 +2.0000000e-01 +5.0000000e-01 
+3.9166667e-01 +2.1666667e-01 +5.0000000e-01 
+3.8333333e-01 +2.3333333e-01 +5.0000000e-01 
+3.7500000e-01 +2.5000000e-01 +5.0000000e-01 
+3.6666667e-01 +2.6666667e-01 +5.0000000e-01 
+3.5833333e-01 +2.8333333e-01 +5.0000000e-01 
+3.5000000e-01 +3.0000000e-01 +5.0000000e-01 
+3.4166667e-01 +3.1666667e-01 +5.0000000e-01 
+3.3333333e-01 +3.3333333e-01 +5.0000000e-01 
+3.2500000e-01 +3.2500000e-01 +5.0000000e-01 
+3.1666667e-01 +3.1666667e-01 +5.0000000e-01 
+3.0833333e-01 +3.0833333e-01 +5.0000000e-01 
+3.0000000e-01 +3.0000000e-01 +5.0000000e-01 
+2.9166667e-01 +2.9166667e-01 +5.0000000e-01 
+2.8333333e-01 +2.8333333e-01 +5.0000000e-01 
+2.7500000e-01 +2.7500000e-01 +5.0000000e-01 
+2.6666667e-01 +2.6666667e-01 +5.0000000e-01 
+2.5833333e-01 +2.5833333e-01 +5.0000000e-01 
+2.5000000e-01 +2.5000000e-01 +5.0000000e-01 
+2.4166667e-01 +2.4166667e-01 +5.0000000e-01 
+2.3333333e-01 +2.3333333e-01 +5.0000000e-01 
+2.2500000e-01 +2.2500000e-01 +5.0000000e-01 
+2.1666667e-01 +2.1666667e-01 +5.0000000e-01 
+2.0833333e-01 +2.0833333e-01 +5.0000000e-01 
+2.0000000e-01 +2.0000000e-01 +5.0000000e-01 
+1.9166667e-01 +1.9166667e-01 +5.0000000e-01 
+1.8333333e-01 +1.8333333e-01 +5.0000000e-01 
+1.7500000e-01 +1.7500000e-01 +5.0000000e-01 
+1.6666667e-01 +1.6666667e-01 +5.0000000e-01 
+1.5833333e-01 +1.5833333e-01 +5.0000000e-01 
+1.5000000e-01 +1.5000000e-01 +5.0000000e-01 
+1.4166667e-01 +1.4166667e-01 +5.0000000e-01 
+1.3333333e-01 +1.3333333e-01 +5.0000000e-01 
+1.2500000e-01 +1.2500000e-01 +5.0000000e-01 
+1.1666667e-01 +1.1666667e-01 +5.0000000e-01 
+1.0833333e-01 +1.0833333e-01 +5.0000000e-01 
+1.0000000e-01 +1.0000000e-01 +5.0000000e-01 
+9.1666667e-02 +9.1666667e-02 +5.0000000e-01 
+8.3333333e-02 +8.3333333e-02 +5.0000000e-01 
+7.5000000e-02 +7.5000000e-02 +5.0000000e-01 
+6.6666667e-02 +6.6666667e-02 +5.0000000e-01 
+5.8333333e-02 +5.8333333e-02 +5.0000000e-01 
+5.0000000e-02 +5.0000000e-02 +5.0000000e-01 
+4.1666667e-02 +4.1666667e-02 +5.0000000e-01 
+3.3333333e-02 +3.3333333e-02 +5.0000000e-01 
+2.5000000e-02 +2.5000000e-02 +5.0000000e-01 
+1.6666667e-02 +1.6666667e-02 +5.0000000e-01 
+8.3333333e-03 +8.3333333e-03 +5.0000000e-01 
+0.0000000e+00 +0.0000000e+00 +5.0000000e-01 
+5.0000000e-01 +0.0000000e+00 +5.0000000e-01 
+5.0000000e-01 +0.0000000e+00 +4.7368421e-01 
+5.0000000e-01 +0.0000000e+00 +4.4736842e-01 
+5.0000000e-01 +0.0000000e+00 +4.2105263e-01 
+5.0000000e-01 +0.0000000e+00 +3.9473684e-01 
+5.0000000e-01 +0.0000000e+00 +3.6842105e-01 
+5.0000000e-01 +0.0000000e+00 +3.4210526e-01 
+5.0000000e-01 +0.0000000e+00 +3.1578947e-01 
+5.0000000e-01 +0.0000000e+00 +2.8947368e-01 
+5.0000000e-01 +0.0000000e+00 +2.6315789e-01 
+5.0000000e-01 +0.0000000e+00 +2.3684211e-01 
+5.0000000e-01 +0.0000000e+00 +2.1052632e-01 
+5.0000000e-01 +0.0000000e+00 +1.8421053e-01 
+5.0000000e-01 +0.0000000e+00 +1.5789474e-01 
+5.0000000e-01 +0.0000000e+00 +1.3157895e-01 
+5.0000000e-01 +0.0000000e+00 +1.0526316e-01 
+5.0000000e-01 +0.0000000e+00 +7.8947368e-02 
+5.0000000e-01 +0.0000000e+00 +5.2631579e-02 
+5.0000000e-01 +0.0000000e+00 +2.6315789e-02 
+5.0000000e-01 +0.0000000e+00 +0.0000000e+00 
+3.3333333e-01 +3.3333333e-01 +0.0000000e+00 
+3.3333333e-01 +3.3333333e-01 +2.6315789e-02 
+3.3333333e-01 +3.3333333e-01 +5.2631579e-02 
+3.3333333e-01 +3.3333333e-01 +7.8947368e-02 
+3.3333333e-01 +3.3333333e-01 +1.0526316e-01 
+3.3333333e-01 +3.3333333e-01 +1.3157895e-01 
+3.3333333e-01 +3.3333333e-01 +1.5789474e-01 
+3.3333333e-01 +3.3333333e-01 +1.8421053e-01 
+3.3333333e-01 +3.3333333e-01 +2.1052632e-01 
+3.3333333e-01 +3.3333333e-01 +2.3684211e-01 
+3.3333333e-01 +3.3333333e-01 +2.6315789e-01 
+3.3333333e-01 +3.3333333e-01 +2.8947368e-01 
+3.3333333e-01 +3.3333333e-01 +3.1578947e-01 
+3.3333333e-01 +3.3333333e-01 +3.4210526e-01 
+3.3333333e-01 +3.3333333e-01 +3.6842105e-01 
+3.3333333e-01 +3.3333333e-01 +3.9473684e-01 
+3.3333333e-01 +3.3333333e-01 +4.2105263e-01 
+3.3333333e-01 +3.3333333e-01 +4.4736842e-01 
+3.3333333e-01 +3.3333333e-01 +4.7368421e-01 
+3.3333333e-01 +3.3333333e-01 +5.0000000e-01 
# energies (kpt,band,spin)
# spin = 1
-4.2466154e+01 -4.2384818e+01 -2.2814369e+01 -2.2369232e+01 -2.2369230e+01 -2.2272115e+01 -2.2272113e+01 -2.2231536e+01 -5.0105069e+00 -2.1886236e+00 +1.5368241e+00 +1.5368482e+00 +1.9822449e+00 +2.2221839e+00 +2.2222113e+00 +2.6208907e+00 +2.6208962e+00 +4.7228846e+00 +4.7228907e+00 
-4.2466047e+01 -4.2384784e+01 -2.2814223e+01 -2.2369985e+01 -2.2369494e+01 -2.2272925e+01 -2.2272202e+01 -2.2231723e+01 -5.0062812e+00 -2.1845958e+00 +1.5218003e+00 +1.5414287e+00 +1.9944939e+00 +2.2174041e+00 +2.2264816e+00 +2.6146099e+00 +2.6163929e+00 +4.6941582e+00 +4.7258037e+00 
-4.2465727e+01 -4.2384681e+01 -2.2813776e+01 -2.2372242e+01 -2.2370278e+01 -2.2275352e+01 -2.2272462e+01 -2.2232284e+01 -4.9936191e+00 -2.1725363e+00 +1.4806124e+00 +1.5552230e+00 +2.0273084e+00 +2.2032266e+00 +2.2393431e+00 +2.5954911e+00 +2.6030237e+00 +4.6099997e+00 +4.7344433e+00 
-4.2465195e+01 -4.2384511e+01 -2.2813002e+01 -2.2375983e+01 -2.2371573e+01 -2.2279368e+01 -2.2272898e+01 -2.2233219e+01 -4.9725651e+00 -2.1525165e+00 +1.4208989e+00 +1.5782092e+00 +2.0726950e+00 +2.1807223e+00 +2.2607424e+00 +2.5627076e+00 +2.5811567e+00 +4.4763260e+00 +4.7484791e+00 
-4.2464456e+01 -4.2384277e+01 -2.2811863e+01 -2.2381179e+01 -2.2373364e+01 -2.2284930e+01 -2.2273509e+01 -2.2234529e+01 -4.9431934e+00 -2.1246581e+00 +1.3488364e+00 +1.6103794e+00 +2.1163537e+00 +2.1591191e+00 +2.2906236e+00 +2.5147530e+00 +2.5513711e+00 +4.3024025e+00 +4.7674078e+00 
-4.2463513e+01 -4.2383981e+01 -2.2810310e+01 -2.2387787e+01 -2.2375628e+01 -2.2291980e+01 -2.2274296e+01 -2.2236213e+01 -4.9056071e+00 -2.0891368e+00 +1.2683280e+00 +1.6517205e+00 +2.0979052e+00 +2.1963899e+00 +2.3289068e+00 +2.4492984e+00 +2.5144025e+00 +4.1000987e+00 +4.7905988e+00 
-4.2462372e+01 -4.2383628e+01 -2.2808293e+01 -2.2395754e+01 -2.2378338e+01 -2.2300445e+01 -2.2275258e+01 -2.2238271e+01 -4.8599379e+00 -2.0461890e+00 +1.1818326e+00 +1.7022117e+00 +2.0517886e+00 +2.2574840e+00 +2.3631285e+00 +2.3754862e+00 +2.4710871e+00 +3.8829805e+00 +4.8173486e+00 
-4.2461040e+01 -4.2383222e+01 -2.2805758e+01 -2.2405016e+01 -2.2381463e+01 -2.2310235e+01 -2.2276396e+01 -2.2240704e+01 -4.8063458e+00 -1.9961210e+00 +1.0910876e+00 +1.7618214e+00 +1.9977211e+00 +2.2524530e+00 +2.3230997e+00 +2.4223098e+00 +2.4302279e+00 +3.6651155e+00 +4.8469301e+00 
-4.2459525e+01 -4.2382770e+01 -2.2802658e+01 -2.2415496e+01 -2.2384967e+01 -2.2321252e+01 -2.2277705e+01 -2.2243511e+01 -4.7450177e+00 -1.9393230e+00 +9.9751583e-01 +1.8305028e+00 +1.9380814e+00 +2.1140279e+00 +2.3689625e+00 +2.3918528e+00 +2.4929676e+00 +3.4592673e+00 +4.8786332e+00 
-4.2457836e+01 -4.2382277e+01 -2.2798955e+01 -2.2427110e+01 -2.2388813e+01 -2.2333382e+01 -2.2279182e+01 -2.2246691e+01 -4.6761675e+00 -1.8762898e+00 +9.0243607e-01 +1.8743431e+00 +1.9081887e+00 +1.9471297e+00 +2.3119127e+00 +2.4636006e+00 +2.5635067e+00 +3.2744821e+00 +4.9117926e+00 
-4.2455985e+01 -4.2381750e+01 -2.2794618e+01 -2.2439761e+01 -2.2392962e+01 -2.2346503e+01 -2.2280819e+01 -2.2250244e+01 -4.6000346e+00 -1.8076493e+00 +8.0717469e-01 +1.7551723e+00 +1.8078993e+00 +1.9947850e+00 +2.2519837e+00 +2.5384871e+00 +2.6416094e+00 +3.1142629e+00 +4.9458062e+00 
-4.2453981e+01 -4.2381198e+01 -2.2789630e+01 -2.2453346e+01 -2.2397370e+01 -2.2360485e+01 -2.2282608e+01 -2.2254167e+01 -4.5168839e+00 -1.7342042e+00 +7.1313271e-01 +1.5452664e+00 +1.7401768e+00 +2.0901622e+00 +2.1899428e+00 +2.6167642e+00 +2.7269987e+00 +2.9769863e+00 +4.9801433e+00 
-4.2451837e+01 -4.2380628e+01 -2.2783985e+01 -2.2467749e+01 -2.2401995e+01 -2.2375192e+01 -2.2284538e+01 -2.2258458e+01 -4.4270050e+00 -1.6569881e+00 +6.2183642e-01 +1.3259297e+00 +1.6726706e+00 +2.1264964e+00 +2.1941458e+00 +2.6987334e+00 +2.8193522e+00 +2.8582957e+00 +5.0143471e+00 
-4.2449567e+01 -4.2380049e+01 -2.2777688e+01 -2.2482850e+01 -2.2406793e+01 -2.2390482e+01 -2.2286594e+01 -2.2263113e+01 -4.3307124e+00 -1.5773410e+00 +5.3498493e-01 +1.1048781e+00 +1.6069707e+00 +2.0622888e+00 +2.3065041e+00 +2.7534839e+00 +2.7847254e+00 +2.9182983e+00 +5.0480324e+00 
-4.2447184e+01 -4.2379469e+01 -2.2770755e+01 -2.2498519e+01 -2.2411722e+01 -2.2406211e+01 -2.2288762e+01 -2.2268128e+01 -4.2283459e+00 -1.4970014e+00 +4.5449602e-01 +8.8801860e-01 +1.5447974e+00 +1.9979047e+00 +2.4269343e+00 +2.6587017e+00 +2.8750958e+00 +3.0234124e+00 +5.0808814e+00 
-4.2444703e+01 -4.2378898e+01 -2.2763212e+01 -2.2514621e+01 -2.2422234e+01 -2.2416737e+01 -2.2291024e+01 -2.2273497e+01 -4.1202720e+00 -1.4182027e+00 +3.8253591e-01 +6.7940572e-01 +1.4880516e+00 +1.9338719e+00 +2.5550457e+00 +2.5712027e+00 +2.9702301e+00 +3.1342136e+00 +5.1126370e+00 
-4.2442139e+01 -4.2378344e+01 -2.2755092e+01 -2.2531015e+01 -2.2438404e+01 -2.2421796e+01 -2.2293361e+01 -2.2279211e+01 -4.0068870e+00 -1.3437337e+00 +3.2149154e-01 +4.8159024e-01 +1.4388783e+00 +1.8706656e+00 +2.4891747e+00 +2.6903410e+00 +3.0705554e+00 +3.2501627e+00 +5.1430963e+00 
-4.2439509e+01 -4.2377817e+01 -2.2746437e+01 -2.2547559e+01 -2.2454578e+01 -2.2426855e+01 -2.2295754e+01 -2.2285259e+01 -3.8886215e+00 -1.2768830e+00 +2.7380661e-01 +2.9602242e-01 +1.3997370e+00 +1.8087128e+00 +2.4114907e+00 +2.8321938e+00 +3.1765548e+00 +3.3706614e+00 +5.1721041e+00 
-4.2436829e+01 -4.2377326e+01 -2.2737297e+01 -2.2564105e+01 -2.2470611e+01 -2.2431875e+01 -2.2298180e+01 -2.2291628e+01 -3.7659475e+00 -1.2211474e+00 +1.2338907e-01 +2.4157989e-01 +1.3734508e+00 +1.7483961e+00 +2.3374960e+00 +2.9798246e+00 +3.2887842e+00 +3.4950544e+00 +5.1995459e+00 
-4.2434116e+01 -4.2376878e+01 -2.2727726e+01 -2.2580508e+01 -2.2486366e+01 -2.2436816e+01 -2.2300619e+01 -2.2298302e+01 -3.6393894e+00 -1.1796237e+00 -3.6133932e-02 +2.2589741e-01 +1.3631744e+00 +1.6900582e+00 +2.2668532e+00 +3.1322743e+00 +3.4078883e+00 +3.6226337e+00 +5.2253422e+00 
-4.2431389e+01 -4.2376481e+01 -2.2717785e+01 -2.2596625e+01 -2.2501705e+01 -2.2441640e+01 -2.2305258e+01 -2.2303048e+01 -3.5095383e+00 -1.1542109e+00 -1.8270101e-01 +2.2612292e-01 +1.3721715e+00 +1.6340047e+00 +2.1994351e+00 +3.2883752e+00 +3.5346080e+00 +3.7526472e+00 +5.2494423e+00 
-4.2428664e+01 -4.2376142e+01 -2.2707542e+01 -2.2612317e+01 -2.2516501e+01 -2.2446312e+01 -2.2312472e+01 -2.2305445e+01 -3.3770712e+00 -1.1450273e+00 -3.1667030e-01 +2.3967637e-01 +1.4032740e+00 +1.5805084e+00 +2.1352513e+00 +3.4467243e+00 +3.6697727e+00 +3.8843102e+00 +5.2718199e+00 
-4.2425962e+01 -4.2375868e+01 -2.2697070e+01 -2.2627455e+01 -2.2530629e+01 -2.2450797e+01 -2.2319909e+01 -2.2307787e+01 -3.2427744e+00 -1.1504459e+00 -4.3851614e-01 +2.6273864e-01 +1.4579986e+00 +1.5298115e+00 +2.0743991e+00 +3.6056600e+00 +3.8142596e+00 +4.0168180e+00 +5.2924680e+00 
-4.2423301e+01 -4.2375661e+01 -2.2686451e+01 -2.2641919e+01 -2.2543976e+01 -2.2455066e+01 -2.2327531e+01 -2.2310053e+01 -3.1075697e+00 -1.1677176e+00 -5.4876906e-01 +2.9163782e-01 +1.4821288e+00 +1.5355692e+00 +2.0170298e+00 +3.7632526e+00 +3.9689051e+00 +4.1493543e+00 +5.3113951e+00 
-4.2420703e+01 -4.2375526e+01 -2.2675774e+01 -2.2655603e+01 -2.2556441e+01 -2.2459088e+01 -2.2335286e+01 -2.2312223e+01 -2.9725407e+00 -1.1937572e+00 -6.4797535e-01 +3.2405616e-01 +1.4376502e+00 +1.6323484e+00 +1.9633248e+00 +3.9173237e+00 +4.1343575e+00 +4.2810816e+00 +5.3286212e+00 
-4.2418187e+01 -4.2375463e+01 -2.2668417e+01 -2.2665140e+01 -2.2567939e+01 -2.2462840e+01 -2.2343113e+01 -2.2314276e+01 -2.8389536e+00 -1.2257130e+00 -7.3667003e-01 +3.5938928e-01 +1.3965425e+00 +1.7420587e+00 +1.9134798e+00 +4.0655167e+00 +4.3108889e+00 +4.4110941e+00 +5.3441751e+00 
-4.2415778e+01 -4.2375470e+01 -2.2680284e+01 -2.2654661e+01 -2.2578404e+01 -2.2466296e+01 -2.2350935e+01 -2.2316193e+01 -2.7082669e+00 -1.2612285e+00 -8.1535950e-01 +3.9830933e-01 +1.3589520e+00 +1.8567234e+00 +1.8676929e+00 +4.2054375e+00 +4.4982380e+00 +4.5383172e+00 +5.3580910e+00 
-4.2413497e+01 -4.2375543e+01 -2.2691142e+01 -2.2644468e+01 -2.2587790e+01 -2.2469438e+01 -2.2358655e+01 -2.2317958e+01 -2.5821225e+00 -1.2984837e+00 -8.8451054e-01 +4.4200232e-01 +1.3250057e+00 +1.8261566e+00 +1.9679428e+00 +4.3348576e+00 +4.6613620e+00 +4.6956047e+00 +5.3704064e+00 
-4.2411372e+01 -4.2375674e+01 -2.2700936e+01 -2.2634708e+01 -2.2596075e+01 -2.2472248e+01 -2.2366156e+01 -2.2319554e+01 -2.4623164e+00 -1.3361230e+00 -9.4454400e-01 +4.9144189e-01 +1.2948132e+00 +1.7890522e+00 +2.0681363e+00 +4.4519150e+00 +4.7784018e+00 +4.9019083e+00 +5.3811603e+00 
-4.2409430e+01 -4.2375851e+01 -2.2709613e+01 -2.2625553e+01 -2.2603253e+01 -2.2474710e+01 -2.2373295e+01 -2.2320967e+01 -2.3507550e+00 -1.3731348e+00 -9.9583130e-01 +5.4679718e-01 +1.2684681e+00 +1.7565451e+00 +2.1515322e+00 +4.5552192e+00 +4.8871615e+00 +5.1162827e+00 +5.3903905e+00 
-4.2407701e+01 -4.2376059e+01 -2.2717119e+01 -2.2617202e+01 -2.2609331e+01 -2.2476813e+01 -2.2379898e+01 -2.2322184e+01 -2.2494195e+00 -1.4086951e+00 -1.0386930e+00 +6.0694121e-01 +1.2460489e+00 +1.7287826e+00 +2.2148266e+00 +4.6438149e+00 +4.9850637e+00 +5.3385927e+00 +5.3981330e+00 
-4.2406219e+01 -4.2376279e+01 -2.2723392e+01 -2.2614314e+01 -2.2609876e+01 -2.2478546e+01 -2.2385764e+01 -2.2323195e+01 -2.1603835e+00 -1.4419603e+00 -1.0733987e+00 +6.6904919e-01 +1.2276206e+00 +1.7058916e+00 +2.2575185e+00 +4.7170582e+00 +5.0694729e+00 +5.4044201e+00 +5.5696543e+00 
-4.2405017e+01 -4.2376487e+01 -2.2728366e+01 -2.2618204e+01 -2.2603816e+01 -2.2479902e+01 -2.2390670e+01 -2.2323990e+01 -2.0859381e+00 -1.4717801e+00 -1.1001673e+00 +7.2838959e-01 +1.2132351e+00 +1.6879772e+00 +2.2819208e+00 +4.7744923e+00 +5.1379442e+00 +5.4092796e+00 +5.8109429e+00 
-4.2404128e+01 -4.2376660e+01 -2.2731977e+01 -2.2620995e+01 -2.2599263e+01 -2.2480875e+01 -2.2394389e+01 -2.2324563e+01 -2.0288249e+00 -1.4963485e+00 -1.1191678e+00 +7.7856442e-01 +1.2029318e+00 +1.6751219e+00 +2.2927137e+00 +4.8157737e+00 +5.1884158e+00 +5.4127342e+00 +6.0637761e+00 
-4.2403582e+01 -4.2376773e+01 -2.2734169e+01 -2.2622677e+01 -2.2596431e+01 -2.2481460e+01 -2.2396716e+01 -2.2324909e+01 -1.9923452e+00 -1.5130369e+00 -1.1305203e+00 +8.1254577e-01 +1.1967388e+00 +1.6673849e+00 +2.2957646e+00 +4.8406491e+00 +5.2193382e+00 +5.4148002e+00 +6.3280716e+00 
-4.2403397e+01 -4.2376813e+01 -2.2734904e+01 -2.2623240e+01 -2.2595468e+01 -2.2481655e+01 -2.2397510e+01 -2.2325025e+01 -1.9797086e+00 -1.5190330e+00 -1.1342966e+00 +8.2461786e-01 +1.1946727e+00 +1.6648019e+00 +2.2961111e+00 +4.8489591e+00 +5.2297537e+00 +5.4154877e+00 +6.5859180e+00 
-4.2403337e+01 -4.2376824e+01 -2.2734623e+01 -2.2623020e+01 -2.2595182e+01 -2.2482225e+01 -2.2397748e+01 -2.2325722e+01 -1.9757645e+00 -1.5144946e+00 -1.1336352e+00 +8.1643104e-01 +1.1921106e+00 +1.6625700e+00 +2.2971431e+00 +4.8512137e+00 +5.2225002e+00 +5.4126733e+00 +6.5819320e+00 
-4.2403157e+01 -4.2376857e+01 -2.2733779e+01 -2.2622361e+01 -2.2594324e+01 -2.2483926e+01 -2.2398464e+01 -2.2327805e+01 -1.9639662e+00 -1.5009022e+00 -1.1316722e+00 +7.9220830e-01 +1.1845251e+00 +1.6558872e+00 +2.3002179e+00 +4.8577170e+00 +5.2010860e+00 +5.4043466e+00 +6.5699609e+00 
-4.2402858e+01 -4.2376913e+01 -2.2732380e+01 -2.2621268e+01 -2.2592896e+01 -2.2486727e+01 -2.2399656e+01 -2.2331242e+01 -1.9444165e+00 -1.4783260e+00 -1.1284713e+00 +7.5292563e-01 +1.1722144e+00 +1.6447933e+00 +2.3052723e+00 +4.8677273e+00 +5.1665239e+00 +5.3908492e+00 +6.5499775e+00 
-4.2402444e+01 -4.2376994e+01 -2.2730433e+01 -2.2619748e+01 -2.2590902e+01 -2.2490580e+01 -2.2401326e+01 -2.2335984e+01 -1.9172873e+00 -1.4468866e+00 -1.1241377e+00 +7.0009597e-01 +1.1556638e+00 +1.6293587e+00 +2.3122054e+00 +4.8801319e+00 +5.1204172e+00 +5.3727259e+00 +6.5219716e+00 
-4.2401917e+01 -4.2377105e+01 -2.2727951e+01 -2.2617811e+01 -2.2588346e+01 -2.2495419e+01 -2.2403474e+01 -2.2341960e+01 -1.8828208e+00 -1.4067627e+00 -1.1188172e+00 +6.3562884e-01 +1.1355292e+00 +1.6096907e+00 +2.3208835e+00 +4.8935996e+00 +5.0648501e+00 +5.3506907e+00 +6.4859923e+00 
-4.2401284e+01 -4.2377247e+01 -2.2724953e+01 -2.2615474e+01 -2.2585235e+01 -2.2501157e+01 -2.2406098e+01 -2.2349083e+01 -1.8413310e+00 -1.3582063e+00 -1.1126941e+00 +5.6168247e-01 +1.1126144e+00 +1.5859400e+00 +2.3311501e+00 +4.9067396e+00 +5.0022584e+00 +5.3255830e+00 +6.4421905e+00 
-4.2400549e+01 -4.2377427e+01 -2.2721460e+01 -2.2612757e+01 -2.2581578e+01 -2.2507691e+01 -2.2409200e+01 -2.2357243e+01 -1.7932057e+00 -1.3015713e+00 -1.1059874e+00 +4.8053638e-01 +1.0878448e+00 +1.5583083e+00 +2.3428382e+00 +4.9182391e+00 +4.9352963e+00 +5.2983187e+00 +6.3908543e+00 
-4.2399719e+01 -4.2377648e+01 -2.2717504e+01 -2.2609690e+01 -2.2577385e+01 -2.2514900e+01 -2.2412778e+01 -2.2366312e+01 -1.7389089e+00 -1.2373645e+00 -1.0989452e+00 +3.9450507e-01 +1.0622368e+00 +1.5270551e+00 +2.3557862e+00 +4.8667083e+00 +4.9269625e+00 +5.2698403e+00 +6.3324357e+00 
-4.2398802e+01 -4.2377917e+01 -2.2713121e+01 -2.2606312e+01 -2.2572668e+01 -2.2522646e+01 -2.2416832e+01 -2.2376143e+01 -1.6789836e+00 -1.1663334e+00 -1.0918366e+00 +3.0590779e-01 +1.0368652e+00 +1.4925014e+00 +2.3698568e+00 +4.7992130e+00 +4.9320069e+00 +5.2410687e+00 +6.2675698e+00 
-4.2397806e+01 -4.2378240e+01 -2.2708362e+01 -2.2602676e+01 -2.2567442e+01 -2.2530773e+01 -2.2421360e+01 -2.2386566e+01 -1.6140540e+00 -1.0896172e+00 -1.0849398e+00 +2.1711046e-01 +1.0128285e+00 +1.4550320e+00 +2.3849548e+00 +4.7354019e+00 +4.9327202e+00 +5.2128621e+00 +6.1970901e+00 
-4.2396739e+01 -4.2378621e+01 -2.2703290e+01 -2.2598849e+01 -2.2561722e+01 -2.2539108e+01 -2.2426362e+01 -2.2397389e+01 -1.5448279e+00 -1.0785277e+00 -1.0090004e+00 +1.3066827e-01 +9.9121273e-01 +1.4150934e+00 +2.4010389e+00 +4.6776557e+00 +4.9286901e+00 +5.1859828e+00 +6.1220453e+00 
-4.2395612e+01 -4.2379069e+01 -2.2697987e+01 -2.2594923e+01 -2.2555528e+01 -2.2547455e+01 -2.2431833e+01 -2.2408393e+01 -1.4720965e+00 -1.0728492e+00 -9.2733786e-01 +4.9621669e-02 +9.7305583e-01 +1.3731882e+00 +2.4181191e+00 +4.6280832e+00 +4.9197156e+00 +5.1610732e+00 +6.0437222e+00 
-4.2394434e+01 -4.2379587e+01 -2.2692562e+01 -2.2591019e+01 -2.2555594e+01 -2.2548881e+01 -2.2437770e+01 -2.2419326e+01 -1.3967317e+00 -1.0681087e+00 -8.4922452e-01 -2.1987421e-02 +9.5931191e-01 +1.3298660e+00 +2.4362274e+00 +4.5884848e+00 +4.9057653e+00 +5.1386430e+00 +5.9636794e+00 
-4.2393215e+01 -4.2380183e+01 -2.2687159e+01 -2.2587294e+01 -2.2563271e+01 -2.2541803e+01 -2.2444169e+01 -2.2429900e+01 -1.3196792e+00 -1.0644449e+00 -7.8182356e-01 -7.8464534e-02 +9.5081897e-01 +1.2857120e+00 +2.4553491e+00 +4.5603440e+00 +4.8869250e+00 +5.1190648e+00 +5.8837962e+00 
-4.2391967e+01 -4.2380861e+01 -2.2681969e+01 -2.2583951e+01 -2.2570193e+01 -2.2534320e+01 -2.2451024e+01 -2.2439781e+01 -1.2419437e+00 -1.0619110e+00 -7.3487327e-01 -1.1263069e-01 +9.4827122e-01 +1.2413334e+00 +2.4753081e+00 +4.5448404e+00 +4.8633260e+00 +5.1025773e+00 +5.8063458e+00 
-4.2390701e+01 -4.2381627e+01 -2.2677235e+01 -2.2581242e+01 -2.2576020e+01 -2.2526459e+01 -2.2458327e+01 -2.2448589e+01 -1.1645663e+00 -1.0604594e+00 -7.1722700e-01 -1.1939772e-01 +9.5219876e-01 +1.1973457e+00 +2.4956046e+00 +4.5428604e+00 +4.8350464e+00 +5.0892956e+00 +5.7341036e+00 
-4.2389426e+01 -4.2382486e+01 -2.2673246e+01 -2.2580378e+01 -2.2579448e+01 -2.2518248e+01 -2.2466071e+01 -2.2455919e+01 -1.0885925e+00 -1.0599332e+00 -7.3019625e-01 -1.0238337e-01 +9.6295654e-01 +1.1543589e+00 +2.5152318e+00 +4.5549524e+00 +4.8019895e+00 +5.0792244e+00 +5.6705112e+00 
-4.2388155e+01 -4.2383443e+01 -2.2670286e+01 -2.2582906e+01 -2.2578837e+01 -2.2509718e+01 -2.2474243e+01 -2.2461386e+01 -1.0600654e+00 -1.0150312e+00 -7.6676176e-01 -7.4379708e-02 +9.8072362e-01 +1.1129657e+00 +2.5325183e+00 +4.5811282e+00 +4.7637958e+00 +5.0722741e+00 +5.6199348e+00 
-4.2386897e+01 -4.2384501e+01 -2.2668544e+01 -2.2583350e+01 -2.2579581e+01 -2.2500900e+01 -2.2482833e+01 -2.2464708e+01 -1.0604870e+00 -9.4480838e-01 -8.1824636e-01 -4.9994339e-02 +1.0055122e+00 +1.0737312e+00 +2.5450804e+00 +4.6203853e+00 +4.7199129e+00 +5.0682770e+00 +5.5880496e+00 
-4.2385664e+01 -4.2385664e+01 -2.2668006e+01 -2.2581667e+01 -2.2581667e+01 -2.2491827e+01 -2.2491826e+01 -2.2465798e+01 -1.0607413e+00 -8.7872200e-01 -8.7872172e-01 -4.0239270e-02 +1.0371846e+00 +1.0371851e+00 +2.5499698e+00 +4.6699029e+00 +4.6699150e+00 +5.0670039e+00 +5.5822869e+00 
-4.2386937e+01 -4.2384466e+01 -2.2668432e+01 -2.2584879e+01 -2.2578045e+01 -2.2501207e+01 -2.2482532e+01 -2.2464784e+01 -1.0603021e+00 -9.4527883e-01 -8.1740378e-01 -5.1193121e-02 +1.0038153e+00 +1.0754767e+00 +2.5440625e+00 +4.6138409e+00 +4.7243752e+00 +5.0681784e+00 +5.5851532e+00 
-4.2388321e+01 -4.2383312e+01 -2.2669437e+01 -2.2588857e+01 -2.2572824e+01 -2.2510956e+01 -2.2473050e+01 -2.2461951e+01 -1.0585944e+00 -1.0171751e+00 -7.6130278e-01 -8.4135183e-02 +9.7406557e-01 +1.1200216e+00 +2.5246104e+00 +4.5523316e+00 +4.7765732e+00 +5.0714911e+00 +5.6109494e+00 
-4.2389821e+01 -4.2382211e+01 -2.2670610e+01 -2.2593192e+01 -2.2566371e+01 -2.2521053e+01 -2.2463415e+01 -2.2457647e+01 -1.0951403e+00 -1.0550126e+00 -7.1068495e-01 -1.3616149e-01 +9.4833344e-01 +1.1703744e+00 +2.4897890e+00 +4.4863241e+00 +4.8201572e+00 +5.0766100e+00 +5.6520033e+00 
-4.2391438e+01 -4.2381173e+01 -2.2671583e+01 -2.2597509e+01 -2.2559008e+01 -2.2531477e+01 -2.2453662e+01 -2.2452207e+01 -1.1808712e+00 -1.0489369e+00 -6.6566009e-01 -2.0127909e-01 +9.2696984e-01 +1.2260342e+00 +2.4390172e+00 +4.4167282e+00 +4.8524312e+00 +5.0831908e+00 +5.6984723e+00 
-4.2393173e+01 -4.2380204e+01 -2.2672061e+01 -2.2601502e+01 -2.2550989e+01 -2.2542200e+01 -2.2445910e+01 -2.2443826e+01 -1.2764919e+00 -1.0397453e+00 -6.2622833e-01 -2.7189559e-01 +9.1028018e-01 +1.2864628e+00 +2.3729658e+00 +4.3442642e+00 +4.8739143e+00 +5.0908843e+00 +5.7401441e+00 
-4.2395027e+01 -4.2379311e+01 -2.2671810e+01 -2.2604940e+01 -2.2553197e+01 -2.2542509e+01 -2.2438982e+01 -2.2433941e+01 -1.3838530e+00 -1.0268212e+00 -5.9234076e-01 -3.4046007e-01 +8.9852591e-01 +1.3510996e+00 +2.2933252e+00 +4.2694583e+00 +4.8859060e+00 +5.0993436e+00 +5.7679734e+00 
-4.2396999e+01 -4.2378501e+01 -2.2670650e+01 -2.2607659e+01 -2.2564437e+01 -2.2533712e+01 -2.2431598e+01 -2.2424041e+01 -1.5038008e+00 -1.0095574e+00 -5.6396658e-01 -4.0088110e-01 +8.9192652e-01 +1.4193735e+00 +2.2024790e+00 +4.1927019e+00 +4.8888567e+00 +5.1082286e+00 +5.7750837e+00 
-4.2399085e+01 -4.2377778e+01 -2.2668442e+01 -2.2609549e+01 -2.2575888e+01 -2.2524707e+01 -2.2423893e+01 -2.2414158e+01 -1.6357757e+00 -9.8735747e-01 -5.4115997e-01 -4.4930199e-01 +8.9066170e-01 +1.4907118e+00 +2.1032127e+00 +4.1143100e+00 +4.8820227e+00 +5.1172106e+00 +5.7571820e+00 
-4.2401283e+01 -4.2377146e+01 -2.2665086e+01 -2.2610539e+01 -2.2587515e+01 -2.2515583e+01 -2.2415976e+01 -2.2404325e+01 -1.7779778e+00 -9.5963329e-01 -5.2412057e-01 -4.8404962e-01 +8.9487327e-01 +1.5645474e+00 +1.9985138e+00 +4.0345612e+00 +4.8637011e+00 +5.1259754e+00 +5.7124847e+00 
-4.2403587e+01 -4.2376609e+01 -2.2660508e+01 -2.2610585e+01 -2.2599282e+01 -2.2506406e+01 -2.2407931e+01 -2.2394573e+01 -1.9279350e+00 -9.2580194e-01 -5.1324166e-01 -5.0501457e-01 +9.0466706e-01 +1.6403249e+00 +1.8914606e+00 +3.9537200e+00 +4.8315878e+00 +5.1342258e+00 +5.6413250e+00 
-4.2405991e+01 -4.2376168e+01 -2.2654665e+01 -2.2611149e+01 -2.2609658e+01 -2.2497233e+01 -2.2399830e+01 -2.2384931e+01 -2.0830946e+00 -8.8528089e-01 -5.1292617e-01 -5.0913816e-01 +9.2011420e-01 +1.7175053e+00 +1.7851704e+00 +3.8720469e+00 +4.7831384e+00 +5.1416835e+00 +5.5456148e+00 
-4.2408487e+01 -4.2375824e+01 -2.2647537e+01 -2.2623074e+01 -2.2607740e+01 -2.2488112e+01 -2.2391732e+01 -2.2375428e+01 -2.2411968e+00 -8.3748280e-01 -5.1264276e-01 -5.0882076e-01 +9.4125213e-01 +1.6827634e+00 +1.7955718e+00 +3.7898023e+00 +4.7159451e+00 +5.1480906e+00 +5.4282937e+00 
-4.2411066e+01 -4.2375577e+01 -2.2639128e+01 -2.2635015e+01 -2.2604816e+01 -2.2479079e+01 -2.2383688e+01 -2.2366091e+01 -2.4004128e+00 -7.8181033e-01 -5.2475462e-01 -4.9375286e-01 +9.6808504e-01 +1.5873070e+00 +1.8740345e+00 +3.7072466e+00 +4.6281476e+00 +5.1532109e+00 +5.2928478e+00 
-4.2413720e+01 -4.2375425e+01 -2.2646926e+01 -2.2629464e+01 -2.2600872e+01 -2.2470169e+01 -2.2375743e+01 -2.2356944e+01 -2.5593353e+00 -7.1765149e-01 -5.4652608e-01 -4.6867763e-01 +1.0005837e+00 +1.5017062e+00 +1.9524364e+00 +3.6246383e+00 +4.5188525e+00 +5.1429351e+00 +5.1568300e+00 
-4.2416436e+01 -4.2375367e+01 -2.2658760e+01 -2.2618590e+01 -2.2595902e+01 -2.2461408e+01 -2.2367936e+01 -2.2348012e+01 -2.7169052e+00 -6.4437624e-01 -5.7888548e-01 -4.3442415e-01 +1.0386850e+00 +1.4285336e+00 +2.0303599e+00 +3.5422317e+00 +4.3884746e+00 +4.9821214e+00 +5.1587565e+00 
-4.2419204e+01 -4.2375399e+01 -2.2670469e+01 -2.2606575e+01 -2.2589908e+01 -2.2452816e+01 -2.2360304e+01 -2.2339316e+01 -2.8723253e+00 -6.2242182e-01 -5.6133499e-01 -3.9170768e-01 +1.0822907e+00 +1.3698172e+00 +2.1074337e+00 +3.4602747e+00 +4.2388834e+00 +4.8137143e+00 +5.1588221e+00 
-4.2422012e+01 -4.2375517e+01 -2.2682003e+01 -2.2593502e+01 -2.2582904e+01 -2.2444409e+01 -2.2352879e+01 -2.2330876e+01 -3.0249839e+00 -6.7719081e-01 -4.6786015e-01 -3.4115419e-01 +1.1312655e+00 +1.3268484e+00 +2.1833415e+00 +3.3790057e+00 +4.0732735e+00 +4.6406725e+00 +5.1568815e+00 
-4.2424846e+01 -4.2375716e+01 -2.2693311e+01 -2.2579478e+01 -2.2574923e+01 -2.2436197e+01 -2.2345690e+01 -2.2322711e+01 -3.1743945e+00 -7.4261418e-01 -3.6327204e-01 -2.8332618e-01 +1.1854353e+00 +1.3000815e+00 +2.2578317e+00 +3.2986517e+00 +3.8957742e+00 +4.4655710e+00 +5.1528133e+00 
-4.2427694e+01 -4.2375990e+01 -2.2704343e+01 -2.2566012e+01 -2.2564623e+01 -2.2428180e+01 -2.2338761e+01 -2.2314837e+01 -3.3201518e+00 -8.1751519e-01 -2.4689124e-01 -2.1874570e-01 +1.2445845e+00 +1.2891705e+00 +2.3307297e+00 +3.2194257e+00 +3.7109176e+00 +4.2906021e+00 +5.1465201e+00 
-4.2430541e+01 -4.2376332e+01 -2.2715047e+01 -2.2556240e+01 -2.2549080e+01 -2.2420354e+01 -2.2332116e+01 -2.2307270e+01 -3.4619005e+00 -9.0027357e-01 -1.4791390e-01 -1.1806005e-01 +1.2931280e+00 +1.3084522e+00 +2.4019536e+00 +3.1415250e+00 +3.5231213e+00 +4.1175993e+00 +5.1379288e+00 
-4.2433374e+01 -4.2376735e+01 -2.2725373e+01 -2.2545693e+01 -2.2533010e+01 -2.2412701e+01 -2.2325775e+01 -2.2300022e+01 -3.5993149e+00 -9.8903566e-01 -7.1327136e-02 +2.3822834e-02 +1.3105433e+00 +1.3767299e+00 +2.4715348e+00 +3.0651288e+00 +3.3363060e+00 +3.9480724e+00 +5.1269918e+00 
-4.2436176e+01 -4.2377191e+01 -2.2735270e+01 -2.2534472e+01 -2.2516596e+01 -2.2405192e+01 -2.2319755e+01 -2.2293105e+01 -3.7320851e+00 -1.0819102e+00 +1.0509648e-02 +1.7924867e-01 +1.3397883e+00 +1.4490563e+00 +2.5396476e+00 +2.9903976e+00 +3.1536911e+00 +3.7832472e+00 +5.1136885e+00 
-4.2438935e+01 -4.2377691e+01 -2.2744692e+01 -2.2522690e+01 -2.2500047e+01 -2.2397777e+01 -2.2314071e+01 -2.2286530e+01 -3.8599092e+00 -1.1771087e+00 +9.7071945e-02 +3.4851757e-01 +1.3791709e+00 +1.5250143e+00 +2.6066528e+00 +2.9174709e+00 +2.9777469e+00 +3.6241061e+00 +5.0980268e+00 
-4.2441634e+01 -4.2378228e+01 -2.2753593e+01 -2.2510473e+01 -2.2483599e+01 -2.2390386e+01 -2.2308736e+01 -2.2280304e+01 -3.9824891e+00 -1.2730220e+00 +1.8780686e-01 +5.3161784e-01 +1.4270249e+00 +1.6041257e+00 +2.6731624e+00 +2.8102542e+00 +2.8464667e+00 +3.4714253e+00 +5.0800468e+00 
-4.2444260e+01 -4.2378791e+01 -2.2761931e+01 -2.2497956e+01 -2.2467526e+01 -2.2382915e+01 -2.2303760e+01 -2.2274437e+01 -4.0995283e+00 -1.3682467e+00 +2.8212630e-01 +7.2804779e-01 +1.4817487e+00 +1.6858469e+00 +2.6524176e+00 +2.7401416e+00 +2.7774797e+00 +3.3258089e+00 +5.0598238e+00 
-4.2446797e+01 -4.2379372e+01 -2.2769670e+01 -2.2485278e+01 -2.2452137e+01 -2.2375229e+01 -2.2299153e+01 -2.2268933e+01 -4.2107320e+00 -1.4615792e+00 +3.7940223e-01 +9.3655551e-01 +1.5418087e+00 +1.7695638e+00 +2.5049959e+00 +2.7105799e+00 +2.8090657e+00 +3.1877199e+00 +5.0374739e+00 
-4.2449231e+01 -4.2379961e+01 -2.2776779e+01 -2.2472584e+01 -2.2437769e+01 -2.2367161e+01 -2.2294923e+01 -2.2263797e+01 -4.3158084e+00 -1.5519944e+00 +4.7896404e-01 +1.1547669e+00 +1.6057192e+00 +1.8545870e+00 +2.3684309e+00 +2.6458088e+00 +2.8821586e+00 +3.0575080e+00 +5.0131606e+00 
-4.2451549e+01 -4.2380550e+01 -2.2783233e+01 -2.2460019e+01 -2.2424757e+01 -2.2358550e+01 -2.2291074e+01 -2.2259034e+01 -4.4144700e+00 -1.6386184e+00 +5.8009804e-01 +1.3786855e+00 +1.6719987e+00 +1.9401467e+00 +2.2429755e+00 +2.5831725e+00 +2.9354386e+00 +2.9627278e+00 +4.9871023e+00 
-4.2453736e+01 -4.2381130e+01 -2.2789020e+01 -2.2447731e+01 -2.2413364e+01 -2.2349306e+01 -2.2287609e+01 -2.2254647e+01 -4.5064361e+00 -1.7207028e+00 +6.8204897e-01 +1.6021297e+00 +1.7390537e+00 +2.0253878e+00 +2.1288726e+00 +2.5226264e+00 +2.8217274e+00 +3.0555313e+00 +4.9595817e+00 
-4.2455780e+01 -4.2381692e+01 -2.2794133e+01 -2.2435865e+01 -2.2403704e+01 -2.2339479e+01 -2.2284528e+01 -2.2250638e+01 -4.5914357e+00 -1.7976019e+00 +7.8402252e-01 +1.8046498e+00 +1.8164343e+00 +2.0269330e+00 +2.1093658e+00 +2.4640436e+00 +2.7165909e+00 +3.1668554e+00 +4.9309565e+00 
-4.2457668e+01 -4.2382228e+01 -2.2798579e+01 -2.2424564e+01 -2.2395711e+01 -2.2329294e+01 -2.2281830e+01 -2.2247010e+01 -4.6692093e+00 -1.8687558e+00 +8.8518746e-01 +1.8598696e+00 +1.9446150e+00 +2.0112394e+00 +2.1910446e+00 +2.4071580e+00 +2.6203248e+00 +3.3035008e+00 +4.9016693e+00 
-4.2459390e+01 -4.2382730e+01 -2.2802376e+01 -2.2413966e+01 -2.2389195e+01 -2.2319094e+01 -2.2279508e+01 -2.2243762e+01 -4.7395127e+00 -1.9336761e+00 +9.8467348e-01 +1.8345892e+00 +1.9505814e+00 +2.1772509e+00 +2.2692960e+00 +2.3514804e+00 +2.5334158e+00 +3.4698211e+00 +4.8722575e+00 
-4.2460935e+01 -4.2383191e+01 -2.2805553e+01 -2.2404208e+01 -2.2383922e+01 -2.2309256e+01 -2.2277551e+01 -2.2240896e+01 -4.8021188e+00 -1.9919371e+00 +1.0815580e+00 +1.7676446e+00 +2.0045624e+00 +2.2962477e+00 +2.3099671e+00 +2.3429055e+00 +2.4566346e+00 +3.6638647e+00 +4.8433589e+00 
-4.2462294e+01 -4.2383604e+01 -2.2808151e+01 -2.2395419e+01 -2.2379680e+01 -2.2300119e+01 -2.2275942e+01 -2.2238412e+01 -4.8568206e+00 -2.0431693e+00 +1.1748279e+00 +1.7066172e+00 +2.0576012e+00 +2.2406068e+00 +2.3909215e+00 +2.4105850e+00 +2.4109535e+00 +3.8760982e+00 +4.8157107e+00 
-4.2463458e+01 -4.2383964e+01 -2.2810218e+01 -2.2387722e+01 -2.2376302e+01 -2.2291969e+01 -2.2274660e+01 -2.2236310e+01 -4.9034332e+00 -2.0870551e+00 +1.2632900e+00 +1.6546483e+00 +2.1052706e+00 +2.1842500e+00 +2.3368753e+00 +2.4709988e+00 +2.4854586e+00 +4.0919806e+00 +4.7901362e+00 
-4.2464421e+01 -4.2384266e+01 -2.2811807e+01 -2.2381234e+01 -2.2373667e+01 -2.2285028e+01 -2.2273677e+01 -2.2234591e+01 -4.9417965e+00 -2.1233270e+00 +1.3453755e+00 +1.6121431e+00 +2.1281473e+00 +2.1460010e+00 +2.2942512e+00 +2.5228054e+00 +2.5392604e+00 +4.2955532e+00 +4.7675161e+00 
-4.2465176e+01 -4.2384505e+01 -2.2812972e+01 -2.2376060e+01 -2.2371690e+01 -2.2279466e+01 -2.2272961e+01 -2.2233255e+01 -4.9717766e+00 -2.1517660e+00 +1.4187392e+00 +1.5791433e+00 +2.0747579e+00 +2.1787407e+00 +2.2621853e+00 +2.5647201e+00 +2.5770257e+00 +4.4717789e+00 +4.7487380e+00 
-4.2465718e+01 -4.2384678e+01 -2.2813763e+01 -2.2372291e+01 -2.2370314e+01 -2.2275409e+01 -2.2272480e+01 -2.2232300e+01 -4.9932677e+00 -2.1722017e+00 +1.4795263e+00 +1.5556159e+00 +2.0281788e+00 +2.2026982e+00 +2.2398127e+00 +2.5955966e+00 +2.6020079e+00 +4.6077637e+00 +4.7346265e+00 
-4.2466045e+01 -4.2384783e+01 -2.2814220e+01 -2.2369999e+01 -2.2369501e+01 -2.2272941e+01 -2.2272205e+01 -2.2231727e+01 -5.0061932e+00 -2.1845120e+00 +1.5214999e+00 +1.5415195e+00 +1.9947416e+00 +2.2173039e+00 +2.2265712e+00 +2.6145198e+00 +2.6162580e+00 +4.6935682e+00 +4.7258594e+00 
-4.2466154e+01 -4.2384818e+01 -2.2814369e+01 -2.2369232e+01 -2.2369230e+01 -2.2272115e+01 -2.2272113e+01 -2.2231536e+01 -5.0105069e+00 -2.1886236e+00 +1.5368241e+00 +1.5368482e+00 +1.9822449e+00 +2.2221839e+00 +2.2222113e+00 +2.6208907e+00 +2.6208962e+00 +4.7228846e+00 +4.7228907e+00 
-4.2466017e+01 -4.2384957e+01 -2.2814815e+01 -2.2369067e+01 -2.2369064e+01 -2.2272282e+01 -2.2272280e+01 -2.2232707e+01 -5.0059798e+00 -2.1901603e+00 +1.5325974e+00 +1.5326213e+00 +1.9776175e+00 +2.2173587e+00 +2.2173860e+00 +2.6304158e+00 +2.6304214e+00 +4.7241055e+00 +4.7241117e+00 
-4.2465605e+01 -4.2385374e+01 -2.2815784e+01 -2.2368571e+01 -2.2368569e+01 -2.2272781e+01 -2.2272779e+01 -2.2236209e+01 -4.9924171e+00 -2.1950391e+00 +1.5204778e+00 +1.5205014e+00 +1.9637974e+00 +2.2030617e+00 +2.2030888e+00 +2.6583924e+00 +2.6583984e+00 +4.7275747e+00 +4.7275810e+00 
-4.2464923e+01 -4.2386067e+01 -2.2816385e+01 -2.2367749e+01 -2.2367747e+01 -2.2273609e+01 -2.2273607e+01 -2.2242014e+01 -4.9698740e+00 -2.2040435e+00 +1.5019575e+00 +1.5019807e+00 +1.9409706e+00 +2.1798104e+00 +2.1798372e+00 +2.7032154e+00 +2.7032219e+00 +4.7327324e+00 +4.7327390e+00 
-4.2463974e+01 -4.2387031e+01 -2.2815643e+01 -2.2366606e+01 -2.2366604e+01 -2.2274760e+01 -2.2274758e+01 -2.2250072e+01 -4.9384426e+00 -2.2184072e+00 +1.4790221e+00 +1.4790447e+00 +1.9094445e+00 +2.1484105e+00 +2.1484369e+00 +2.7627099e+00 +2.7627170e+00 +4.7387099e+00 +4.7387169e+00 
-4.2462764e+01 -4.2388262e+01 -2.2812829e+01 -2.2365150e+01 -2.2365148e+01 -2.2276226e+01 -2.2276224e+01 -2.2260316e+01 -4.8982514e+00 -2.2397052e+00 +1.4537198e+00 +1.4537418e+00 +1.8696441e+00 +2.1098833e+00 +2.1099093e+00 +2.8345631e+00 +2.8345708e+00 +4.2056171e+00 +4.7444112e+00 
-4.2461302e+01 -4.2389750e+01 -2.2807547e+01 -2.2363391e+01 -2.2363389e+01 -2.2277997e+01 -2.2277994e+01 -2.2272660e+01 -4.8494652e+00 -2.2696992e+00 +1.4278894e+00 +1.4279109e+00 +1.8221075e+00 +2.0653869e+00 +2.0654124e+00 +2.9165958e+00 +2.9166041e+00 +3.3869513e+00 +4.7486054e+00 
-4.2459598e+01 -4.2391486e+01 -2.2799679e+01 -2.2361341e+01 -2.2361338e+01 -2.2287001e+01 -2.2280060e+01 -2.2280058e+01 -4.7922846e+00 -2.3101342e+00 +1.4030524e+00 +1.4030734e+00 +1.7674800e+00 +2.0161418e+00 +2.0161668e+00 +2.7205326e+00 +3.0068704e+00 +3.0068793e+00 +4.7500160e+00 
-4.2457662e+01 -4.2393456e+01 -2.2789279e+01 -2.2359014e+01 -2.2359011e+01 -2.2303223e+01 -2.2282401e+01 -2.2282399e+01 -4.7269459e+00 -2.3624924e+00 +1.3804090e+00 +1.3804297e+00 +1.7065079e+00 +1.9633693e+00 +1.9633938e+00 +2.1923570e+00 +3.1036959e+00 +3.1037053e+00 +4.7473993e+00 
-4.2455507e+01 -4.2395647e+01 -2.2776492e+01 -2.2356426e+01 -2.2356423e+01 -2.2321192e+01 -2.2285004e+01 -2.2285002e+01 -4.6537210e+00 -2.4277385e+00 +1.3608790e+00 +1.3608993e+00 +1.6400322e+00 +1.7821712e+00 +1.9082459e+00 +1.9082699e+00 +3.2055876e+00 +3.2055975e+00 +4.7396060e+00 
-4.2453149e+01 -4.2398044e+01 -2.2761507e+01 -2.2353594e+01 -2.2353592e+01 -2.2340763e+01 -2.2287851e+01 -2.2287849e+01 -4.5729176e+00 -2.5061183e+00 +1.3451538e+00 +1.3451739e+00 +1.4698947e+00 +1.5689834e+00 +1.8518732e+00 +1.8518966e+00 +3.3112171e+00 +3.3112275e+00 +4.7256277e+00 
-4.2450602e+01 -4.2400628e+01 -2.2744525e+01 -2.2361780e+01 -2.2350538e+01 -2.2350536e+01 -2.2290922e+01 -2.2290919e+01 -4.4848796e+00 -2.5970816e+00 +1.2377922e+00 +1.3337444e+00 +1.3337643e+00 +1.4943767e+00 +1.7952599e+00 +1.7952828e+00 +3.4193670e+00 +3.4193777e+00 +4.7046279e+00 
-4.2447884e+01 -4.2403383e+01 -2.2725748e+01 -2.2384076e+01 -2.2347279e+01 -2.2347277e+01 -2.2294195e+01 -2.2294193e+01 -4.3899882e+00 -2.6993638e+00 +1.0708686e+00 +1.3270196e+00 +1.3270393e+00 +1.4173111e+00 +1.7393146e+00 +1.7393370e+00 +3.5288960e+00 +3.5289070e+00 +4.6759606e+00 
-4.2445012e+01 -4.2406289e+01 -2.2705378e+01 -2.2407477e+01 -2.2343839e+01 -2.2343837e+01 -2.2297649e+01 -2.2297647e+01 -4.2886639e+00 -2.8111963e+00 +9.5667474e-01 +1.3252355e+00 +1.3252552e+00 +1.3389702e+00 +1.6848447e+00 +1.6848667e+00 +3.6387152e+00 +3.6387265e+00 +4.6391789e+00 
-4.2442007e+01 -4.2409325e+01 -2.2683612e+01 -2.2431800e+01 -2.2340241e+01 -2.2340239e+01 -2.2301260e+01 -2.2301257e+01 -4.1813697e+00 -2.9305653e+00 +8.8498490e-01 +1.2606291e+00 +1.3285573e+00 +1.3285769e+00 +1.6325599e+00 +1.6325814e+00 +3.7477727e+00 +3.7477842e+00 +4.5940356e+00 
-4.2438888e+01 -4.2412470e+01 -2.2660644e+01 -2.2456861e+01 -2.2336510e+01 -2.2336508e+01 -2.2305002e+01 -2.2304999e+01 -4.0686154e+00 -3.0554399e+00 +8.4747144e-01 +1.1836671e+00 +1.3370738e+00 +1.3370934e+00 +1.5830774e+00 +1.5830986e+00 +3.8550469e+00 +3.8550586e+00 +4.5404768e+00 
-4.2435676e+01 -4.2415703e+01 -2.2636667e+01 -2.2482466e+01 -2.2332670e+01 -2.2332668e+01 -2.2308850e+01 -2.2308848e+01 -3.9509646e+00 -3.1839249e+00 +8.3739554e-01 +1.1095887e+00 +1.3508082e+00 +1.3508278e+00 +1.5369296e+00 +1.5369505e+00 +3.9595464e+00 +3.9595582e+00 +4.4786310e+00 
-4.2432393e+01 -4.2419002e+01 -2.2611875e+01 -2.2508424e+01 -2.2328749e+01 -2.2328746e+01 -2.2312778e+01 -2.2312776e+01 -3.8290446e+00 -3.3143350e+00 +8.4931825e-01 +1.0400566e+00 +1.3697246e+00 +1.3697444e+00 +1.4945706e+00 +1.4945912e+00 +4.0603144e+00 +4.0603263e+00 +4.4087945e+00 
-4.2429061e+01 -4.2422343e+01 -2.2586460e+01 -2.2534539e+01 -2.2324772e+01 -2.2324769e+01 -2.2316759e+01 -2.2316757e+01 -3.7035596e+00 -3.4452122e+00 +8.7883863e-01 +9.7693737e-01 +1.3937319e+00 +1.3937518e+00 +1.4563832e+00 +1.4564035e+00 +4.1564389e+00 +4.1564508e+00 +4.3314136e+00 
-4.2425704e+01 -4.2425704e+01 -2.2560616e+01 -2.2560616e+01 -2.2320766e+01 -2.2320766e+01 -2.2320764e+01 -2.2320764e+01 -3.5753093e+00 -3.5753093e+00 +9.2236708e-01 +9.2236708e-01 +1.4226847e+00 +1.4226847e+00 +1.4227048e+00 +1.4227048e+00 +4.2470655e+00 +4.2470655e+00 +4.2470774e+00 
-4.2425633e+01 -4.2425633e+01 -2.2560821e+01 -2.2560821e+01 -2.2321208e+01 -2.2321208e+01 -2.2320944e+01 -2.2320944e+01 -3.5716385e+00 -3.5716385e+00 +9.1615138e-01 +9.1615138e-01 +1.4232811e+00 +1.4232811e+00 +1.4261290e+00 +1.4261290e+00 +4.2463438e+00 +4.2463438e+00 +4.2484359e+00 
-4.2425420e+01 -4.2425420e+01 -2.2561442e+01 -2.2561442e+01 -2.2322525e+01 -2.2322525e+01 -2.2321478e+01 -2.2321478e+01 -3.5606458e+00 -3.5606458e+00 +8.9798747e-01 +8.9798747e-01 +1.4246213e+00 +1.4246213e+00 +1.4364251e+00 +1.4364251e+00 +4.2441968e+00 +4.2441968e+00 +4.2525465e+00 
-4.2425066e+01 -4.2425066e+01 -2.2562498e+01 -2.2562498e+01 -2.2324678e+01 -2.2324678e+01 -2.2322364e+01 -2.2322364e+01 -3.5423909e+00 -3.5423909e+00 +8.6915649e-01 +8.6915649e-01 +1.4256810e+00 +1.4256810e+00 +1.4535135e+00 +1.4535135e+00 +4.2407077e+00 +4.2407077e+00 +4.2594788e+00 
-4.2424576e+01 -4.2424576e+01 -2.2564022e+01 -2.2564022e+01 -2.2327604e+01 -2.2327604e+01 -2.2323593e+01 -2.2323593e+01 -3.5169738e+00 -3.5169738e+00 +8.3136407e-01 +8.3136407e-01 +1.4251683e+00 +1.4251683e+00 +1.4772840e+00 +1.4772840e+00 +4.2360110e+00 +4.2360110e+00 +4.2693337e+00 
-4.2423951e+01 -4.2423951e+01 -2.2566058e+01 -2.2566058e+01 -2.2331215e+01 -2.2331215e+01 -2.2325154e+01 -2.2325154e+01 -3.4845361e+00 -3.4845361e+00 +7.8639710e-01 +7.8639710e-01 +1.4218954e+00 +1.4218954e+00 +1.5075782e+00 +1.5075782e+00 +4.2302960e+00 +4.2302960e+00 +4.2822157e+00 
-4.2423199e+01 -4.2423199e+01 -2.2568660e+01 -2.2568660e+01 -2.2335403e+01 -2.2335403e+01 -2.2327034e+01 -2.2327034e+01 -3.4452618e+00 -3.4452618e+00 +7.3592773e-01 +7.3592773e-01 +1.4149878e+00 +1.4149878e+00 +1.5441849e+00 +1.5441849e+00 +4.2238077e+00 +4.2238077e+00 +4.2982052e+00 
-4.2422323e+01 -4.2422323e+01 -2.2571891e+01 -2.2571891e+01 -2.2340040e+01 -2.2340040e+01 -2.2329216e+01 -2.2329216e+01 -3.3993800e+00 -3.3993800e+00 +6.8144764e-01 +6.8144764e-01 +1.4039590e+00 +1.4039590e+00 +1.5868345e+00 +1.5868345e+00 +4.2168483e+00 +4.2168483e+00 +4.3173330e+00 
-4.2421332e+01 -4.2421332e+01 -2.2575818e+01 -2.2575818e+01 -2.2344986e+01 -2.2344986e+01 -2.2331682e+01 -2.2331682e+01 -3.3471675e+00 -3.3471675e+00 +6.2427399e-01 +6.2427399e-01 +1.3887085e+00 +1.3887085e+00 +1.6351921e+00 +1.6351921e+00 +4.2097792e+00 +4.2097792e+00 +4.3395635e+00 
-4.2420233e+01 -4.2420233e+01 -2.2580504e+01 -2.2580504e+01 -2.2350089e+01 -2.2350089e+01 -2.2334410e+01 -2.2334410e+01 -3.2889528e+00 -3.2889528e+00 +5.6558226e-01 +5.6558226e-01 +1.3694847e+00 +1.3694847e+00 +1.6888491e+00 +1.6888491e+00 +4.2030226e+00 +4.2030226e+00 +4.3647868e+00 
-4.2419036e+01 -4.2419036e+01 -2.2586010e+01 -2.2586010e+01 -2.2355200e+01 -2.2355200e+01 -2.2337376e+01 -2.2337376e+01 -3.2251209e+00 -3.2251209e+00 +5.0644367e-01 +5.0644367e-01 +1.3468401e+00 +1.3468401e+00 +1.7473142e+00 +1.7473142e+00 +4.1970645e+00 +4.1970645e+00 +4.3928212e+00 
-4.2417748e+01 -4.2417748e+01 -2.2592378e+01 -2.2592378e+01 -2.2360174e+01 -2.2360174e+01 -2.2340554e+01 -2.2340554e+01 -3.1561204e+00 -3.1561204e+00 +4.4785813e-01 +4.4785813e-01 +1.3215874e+00 +1.3215874e+00 +1.8100039e+00 +1.8100039e+00 +4.1924557e+00 +4.1924557e+00 +4.4234251e+00 
-4.2416382e+01 -4.2416382e+01 -2.2599630e+01 -2.2599630e+01 -2.2364882e+01 -2.2364882e+01 -2.2343919e+01 -2.2343919e+01 -3.0824722e+00 -3.0824722e+00 +3.9078028e-01 +3.9078028e-01 +1.2947667e+00 +1.2947667e+00 +1.8762335e+00 +1.8762335e+00 +4.1898128e+00 +4.1898128e+00 +4.4563144e+00 
-4.2414947e+01 -4.2414947e+01 -2.2607759e+01 -2.2607759e+01 -2.2369219e+01 -2.2369219e+01 -2.2347440e+01 -2.2347440e+01 -3.0047805e+00 -3.0047805e+00 +3.3613729e-01 +3.3613729e-01 +1.2676269e+00 +1.2676269e+00 +1.9452099e+00 +1.9452099e+00 +4.1898165e+00 +4.1898165e+00 +4.4911842e+00 
-4.2413455e+01 -4.2413455e+01 -2.2616726e+01 -2.2616726e+01 -2.2373106e+01 -2.2373106e+01 -2.2351088e+01 -2.2351088e+01 -2.9237463e+00 -2.9237463e+00 +2.8483709e-01 +2.8483709e-01 +1.2416281e+00 +1.2416281e+00 +2.0160293e+00 +2.0160293e+00 +4.1932039e+00 +4.1932039e+00 +4.5277299e+00 
-4.2411919e+01 -4.2411919e+01 -2.2626457e+01 -2.2626457e+01 -2.2376494e+01 -2.2376494e+01 -2.2354833e+01 -2.2354833e+01 -2.8401827e+00 -2.8401827e+00 +2.3776374e-01 +2.3776374e-01 +1.2184704e+00 +1.2184704e+00 +2.0876814e+00 +2.0876814e+00 +4.2007550e+00 +4.2007550e+00 +4.5656685e+00 
-4.2410350e+01 -4.2410350e+01 -2.2636849e+01 -2.2636849e+01 -2.2379363e+01 -2.2379363e+01 -2.2358642e+01 -2.2358642e+01 -2.7550310e+00 -2.7550310e+00 +1.9575484e-01 +1.9575484e-01 +1.2001544e+00 +1.2001544e+00 +2.1590658e+00 +2.1590658e+00 +4.2132658e+00 +4.2132658e+00 +4.6047575e+00 
-4.2408761e+01 -4.2408761e+01 -2.2647769e+01 -2.2647769e+01 -2.2381717e+01 -2.2381717e+01 -2.2362485e+01 -2.2362485e+01 -2.6693745e+00 -2.6693745e+00 +1.5955387e-01 +1.5955387e-01 +1.1890788e+00 +1.1890788e+00 +2.2290233e+00 +2.2290233e+00 +4.2315083e+00 +4.2315083e+00 +4.6448131e+00 
-4.2407165e+01 -4.2407165e+01 -2.2659064e+01 -2.2659064e+01 -2.2383582e+01 -2.2383582e+01 -2.2366329e+01 -2.2366329e+01 -2.5844435e+00 -2.5844435e+00 +1.2973039e-01 +1.2973039e-01 +1.1881779e+00 +1.1881779e+00 +2.2963846e+00 +2.2963846e+00 +4.2561716e+00 +4.2561716e+00 +4.6857284e+00 
-4.2405575e+01 -4.2405575e+01 -2.2670564e+01 -2.2670564e+01 -2.2384995e+01 -2.2384995e+01 -2.2370144e+01 -2.2370144e+01 -2.5016044e+00 -2.5016044e+00 +1.0656681e-01 +1.0656681e-01 +1.2010890e+00 +1.2010890e+00 +2.3600368e+00 +2.3600368e+00 +4.2877885e+00 +4.2877885e+00 +4.7274955e+00 
-4.2404003e+01 -4.2404003e+01 -2.2682090e+01 -2.2682090e+01 -2.2386006e+01 -2.2386006e+01 -2.2373898e+01 -2.2373898e+01 -2.4223214e+00 -2.4223214e+00 +8.9926728e-02 +8.9926728e-02 +1.2323222e+00 +1.2323222e+00 +2.4190007e+00 +2.4190007e+00 +4.3266521e+00 +4.3266521e+00 +4.7702358e+00 
-4.2402463e+01 -4.2402463e+01 -2.2693458e+01 -2.2693458e+01 -2.2386665e+01 -2.2386665e+01 -2.2377562e+01 -2.2377562e+01 -2.3480812e+00 -2.3480812e+00 +7.9148896e-02 +7.9148896e-02 +1.2873696e+00 +1.2873696e+00 +2.4725059e+00 +2.4725059e+00 +4.3727364e+00 +4.3727364e+00 +4.8142460e+00 
-4.2400967e+01 -4.2400967e+01 -2.2704481e+01 -2.2704481e+01 -2.2387029e+01 -2.2387029e+01 -2.2381107e+01 -2.2381107e+01 -2.2802783e+00 -2.2802783e+00 +7.3039685e-02 +7.3039685e-02 +1.3726598e+00 +1.3726598e+00 +2.5200500e+00 +2.5200500e+00 +4.4256372e+00 +4.4256372e+00 +4.8600755e+00 
-4.2399527e+01 -4.2399527e+01 -2.2714974e+01 -2.2714974e+01 -2.2387149e+01 -2.2387149e+01 -2.2384506e+01 -2.2384506e+01 -2.2200730e+00 -2.2200730e+00 +7.0029885e-02 +7.0029885e-02 +1.4952651e+00 +1.4952651e+00 +2.5614253e+00 +2.5614253e+00 +4.4845483e+00 +4.4845483e+00 +4.9086568e+00 
-4.2398154e+01 -4.2398154e+01 -2.2724760e+01 -2.2724760e+01 -2.2387731e+01 -2.2387731e+01 -2.2387076e+01 -2.2387076e+01 -2.1682530e+00 -2.1682530e+00 +6.8485827e-02 +6.8485827e-02 +1.6623203e+00 +1.6623203e+00 +2.5967084e+00 +2.5967084e+00 +4.5482797e+00 +4.5482797e+00 +4.9615379e+00 
-4.2396861e+01 -4.2396861e+01 -2.2733664e+01 -2.2733664e+01 -2.2390760e+01 -2.2390760e+01 -2.2386857e+01 -2.2386857e+01 -2.1251356e+00 -2.1251356e+00 +6.7054748e-02 +6.7054748e-02 +1.8801498e+00 +1.8801498e+00 +2.6262163e+00 +2.6262163e+00 +4.6153155e+00 +4.6153155e+00 +5.0213046e+00 
-4.2395657e+01 -4.2395657e+01 -2.2741528e+01 -2.2741528e+01 -2.2393570e+01 -2.2393570e+01 -2.2386536e+01 -2.2386536e+01 -2.0905441e+00 -2.0905441e+00 +6.4886778e-02 +6.4886778e-02 +2.1529743e+00 +2.1529743e+00 +2.6504404e+00 +2.6504404e+00 +4.6838976e+00 +4.6838976e+00 +5.0923719e+00 
-4.2394552e+01 -4.2394552e+01 -2.2748215e+01 -2.2748215e+01 -2.2396139e+01 -2.2396139e+01 -2.2386151e+01 -2.2386151e+01 -2.0638620e+00 -2.0638620e+00 +6.1661806e-02 +6.1661806e-02 +2.4806898e+00 +2.4806898e+00 +2.6699758e+00 +2.6699758e+00 +4.7521215e+00 +4.7521215e+00 +5.1824790e+00 
-4.2393557e+01 -4.2393557e+01 -2.2753617e+01 -2.2753617e+01 -2.2398450e+01 -2.2398450e+01 -2.2385736e+01 -2.2385736e+01 -2.0441453e+00 -2.0441453e+00 +5.7470633e-02 +5.7470633e-02 +2.6854560e+00 +2.6854560e+00 +2.8547450e+00 +2.8547450e+00 +4.8180313e+00 +4.8180313e+00 +5.3053815e+00 
-4.2392677e+01 -4.2392677e+01 -2.2757684e+01 -2.2757684e+01 -2.2400486e+01 -2.2400486e+01 -2.2385321e+01 -2.2385321e+01 -2.0302587e+00 -2.0302587e+00 +5.2648613e-02 +5.2648613e-02 +2.6975019e+00 +2.6975019e+00 +3.2515751e+00 +3.2515751e+00 +4.8797057e+00 +4.8797057e+00 +5.4845715e+00 
-4.2391922e+01 -4.2391922e+01 -2.2760439e+01 -2.2760439e+01 -2.2402233e+01 -2.2402233e+01 -2.2384931e+01 -2.2384931e+01 -2.0210045e+00 -2.0210045e+00 +4.7632299e-02 +4.7632299e-02 +2.7066852e+00 +2.7066852e+00 +3.6279730e+00 +3.6279730e+00 +4.9353329e+00 +4.9353329e+00 +5.7529700e+00 
-4.2391296e+01 -4.2391296e+01 -2.2762009e+01 -2.2762009e+01 -2.2403678e+01 -2.2403678e+01 -2.2384588e+01 -2.2384588e+01 -2.0152284e+00 -2.0152284e+00 +4.2862931e-02 +4.2862931e-02 +2.7135058e+00 +2.7135058e+00 +3.9340045e+00 +3.9340045e+00 +4.9832733e+00 +4.9832733e+00 +6.1329845e+00 
-4.2390805e+01 -4.2390805e+01 -2.2762638e+01 -2.2762638e+01 -2.2404813e+01 -2.2404813e+01 -2.2384306e+01 -2.2384306e+01 -2.0118985e+00 -2.0118985e+00 +3.8731760e-02 +3.8731760e-02 +2.7183786e+00 +2.7183786e+00 +4.1459887e+00 +4.1459887e+00 +5.0221122e+00 +5.0221122e+00 +6.5964020e+00 
-4.2390452e+01 -4.2390452e+01 -2.2762670e+01 -2.2762670e+01 -2.2405629e+01 -2.2405629e+01 -2.2384098e+01 -2.2384098e+01 -2.0101612e+00 -2.0101612e+00 +3.5553477e-02 +3.5553477e-02 +2.7216278e+00 +2.7216278e+00 +4.2751644e+00 +4.2751644e+00 +5.0507034e+00 +5.0507034e+00 +7.0539705e+00 
-4.2390239e+01 -4.2390239e+01 -2.2762484e+01 -2.2762484e+01 -2.2406120e+01 -2.2406120e+01 -2.2383971e+01 -2.2383971e+01 -2.0093805e+00 -2.0093805e+00 +3.3555402e-02 +3.3555402e-02 +2.7234850e+00 +2.7234850e+00 +4.3430026e+00 +4.3430026e+00 +5.0682028e+00 +5.0682028e+00 +7.3916955e+00 
-4.2390168e+01 -4.2390168e+01 -2.2762383e+01 -2.2762383e+01 -2.2406285e+01 -2.2406285e+01 -2.2383928e+01 -2.2383928e+01 -2.0091643e+00 -2.0091643e+00 +3.2874200e-02 +3.2874200e-02 +2.7240887e+00 +2.7240887e+00 +4.3640406e+00 +4.3640406e+00 +5.0740939e+00 +5.0740939e+00 +7.5163092e+00 
-4.2390144e+01 -4.2390144e+01 -2.2762234e+01 -2.2762234e+01 -2.2408845e+01 -2.2408845e+01 -2.2381978e+01 -2.2381978e+01 -2.0048047e+00 -2.0048047e+00 +3.4850929e-02 +3.4850929e-02 +2.7079039e+00 +2.7079039e+00 +4.3562530e+00 +4.3562530e+00 +5.0651506e+00 +5.0651506e+00 +7.5239171e+00 
-4.2390070e+01 -4.2390070e+01 -2.2761782e+01 -2.2761782e+01 -2.2414955e+01 -2.2414955e+01 -2.2377689e+01 -2.2377689e+01 -1.9917438e+00 -1.9917438e+00 +4.0726749e-02 +4.0726749e-02 +2.6602287e+00 +2.6602287e+00 +4.3308306e+00 +4.3308306e+00 +5.0413012e+00 +5.0413012e+00 +7.5459829e+00 
-4.2389949e+01 -4.2389949e+01 -2.2761019e+01 -2.2761019e+01 -2.2422841e+01 -2.2422841e+01 -2.2372807e+01 -2.2372807e+01 -1.9700356e+00 -1.9700356e+00 +5.0333358e-02 +5.0333358e-02 +2.5834949e+00 +2.5834949e+00 +4.2827907e+00 +4.2827907e+00 +5.0101390e+00 +5.0101390e+00 +7.5804970e+00 
-4.2389784e+01 -4.2389784e+01 -2.2759932e+01 -2.2759932e+01 -2.2431788e+01 -2.2431788e+01 -2.2367997e+01 -2.2367997e+01 -1.9397689e+00 -1.9397689e+00 +6.3372043e-02 +6.3372043e-02 +2.4812076e+00 +2.4812076e+00 +4.2076237e+00 +4.2076237e+00 +4.9800766e+00 +4.9800766e+00 +7.6248125e+00 
-4.2389576e+01 -4.2389576e+01 -2.2758506e+01 -2.2758506e+01 -2.2441508e+01 -2.2441508e+01 -2.2363478e+01 -2.2363478e+01 -1.9010664e+00 -1.9010664e+00 +7.9383048e-02 +7.9383048e-02 +2.3574692e+00 +2.3574692e+00 +4.1050709e+00 +4.1050709e+00 +4.9560587e+00 +4.9560587e+00 +7.6762565e+00 
-4.2389331e+01 -4.2389331e+01 -2.2756728e+01 -2.2756728e+01 -2.2451843e+01 -2.2451843e+01 -2.2359323e+01 -2.2359323e+01 -1.8540839e+00 -1.8540839e+00 +9.7695418e-02 +9.7695418e-02 +2.2166882e+00 +2.2166882e+00 +3.9800191e+00 +3.9800191e+00 +4.9381681e+00 +4.9381681e+00 +7.7325105e+00 
-4.2389053e+01 -4.2389053e+01 -2.2754589e+01 -2.2754589e+01 -2.2462671e+01 -2.2462671e+01 -2.2355546e+01 -2.2355546e+01 -1.7990100e+00 -1.7990100e+00 +1.1734861e-01 +1.1734861e-01 +2.0634971e+00 +2.0634971e+00 +3.8401802e+00 +3.8401802e+00 +4.9235348e+00 +4.9235348e+00 +7.7917359e+00 
-4.2388748e+01 -4.2388748e+01 -2.2752090e+01 -2.2752090e+01 -2.2473874e+01 -2.2473874e+01 -2.2352143e+01 -2.2352143e+01 -1.7360686e+00 -1.7360686e+00 +1.3697342e-01 +1.3697342e-01 +1.9028053e+00 +1.9028053e+00 +3.6934209e+00 +3.6934209e+00 +4.9087299e+00 +4.9087299e+00 +7.8525392e+00 
-4.2388422e+01 -4.2388422e+01 -2.2749242e+01 -2.2749242e+01 -2.2485325e+01 -2.2485325e+01 -2.2349098e+01 -2.2349098e+01 -1.6655242e+00 -1.6655242e+00 +1.5461856e-01 +1.5461856e-01 +1.7399149e+00 +1.7399149e+00 +3.5464173e+00 +3.5464173e+00 +4.8909894e+00 +4.8909894e+00 +7.9138719e+00 
-4.2388082e+01 -4.2388082e+01 -2.2746074e+01 -2.2746074e+01 -2.2496880e+01 -2.2496880e+01 -2.2346393e+01 -2.2346393e+01 -1.5876928e+00 -1.5876928e+00 +1.6752223e-01 +1.6752223e-01 +1.5806577e+00 +1.5806577e+00 +3.4043914e+00 +3.4043914e+00 +4.8685019e+00 +4.8685019e+00 +7.9749248e+00 
-4.2387737e+01 -4.2387737e+01 -2.2742632e+01 -2.2742632e+01 -2.2508378e+01 -2.2508378e+01 -2.2344008e+01 -2.2344008e+01 -1.5029610e+00 -1.5029610e+00 +1.7188841e-01 +1.7188841e-01 +1.4314946e+00 +1.4314946e+00 +3.2713183e+00 +3.2713183e+00 +4.8403337e+00 +4.8403337e+00 +8.0350400e+00 
-4.2387392e+01 -4.2387392e+01 -2.2738983e+01 -2.2738983e+01 -2.2519635e+01 -2.2519635e+01 -2.2341927e+01 -2.2341927e+01 -1.4118162e+00 -1.4118162e+00 +1.6289996e-01 +1.6289996e-01 +1.2993775e+00 +1.2993775e+00 +3.1502491e+00 +3.1502491e+00 +4.8062898e+00 +4.8062898e+00 +8.0936415e+00 
-4.2387058e+01 -4.2387058e+01 -2.2735221e+01 -2.2735221e+01 -2.2530445e+01 -2.2530445e+01 -2.2340131e+01 -2.2340131e+01 -1.3148925e+00 -1.3148925e+00 +1.3547844e-01 +1.3547844e-01 +1.1909006e+00 +1.1909006e+00 +3.0435918e+00 +3.0435918e+00 +4.7668106e+00 +4.7668106e+00 +8.1501754e+00 
-4.2386742e+01 -4.2386742e+01 -2.2731466e+01 -2.2731466e+01 -2.2540577e+01 -2.2540577e+01 -2.2338608e+01 -2.2338608e+01 -1.2130413e+00 -1.2130413e+00 +8.6221179e-02 +8.6221179e-02 +1.1103462e+00 +1.1103462e+00 +2.9532749e+00 +2.9532749e+00 +4.7229284e+00 +4.7229284e+00 +8.2040468e+00 
-4.2386452e+01 -4.2386452e+01 -2.2727865e+01 -2.2727865e+01 -2.2549779e+01 -2.2549779e+01 -2.2337344e+01 -2.2337344e+01 -1.1074420e+00 -1.1074420e+00 +1.5659913e-02 +1.5659913e-02 +1.0575220e+00 +1.0575220e+00 +2.8807482e+00 +2.8807482e+00 +4.6762840e+00 +4.6762840e+00 +8.2545392e+00 
-4.2386197e+01 -4.2386197e+01 -2.2724591e+01 -2.2724591e+01 -2.2557785e+01 -2.2557785e+01 -2.2336329e+01 -2.2336329e+01 -9.9980164e-01 -9.9980164e-01 -7.1313795e-02 -7.1313795e-02 +1.0276154e+00 +1.0276154e+00 +2.8267844e+00 +2.8267844e+00 +4.6291964e+00 +4.6291964e+00 +8.3007046e+00 
-4.2385986e+01 -4.2385986e+01 -2.2721825e+01 -2.2721825e+01 -2.2564326e+01 -2.2564326e+01 -2.2335554e+01 -2.2335554e+01 -8.9279817e-01 -8.9279817e-01 -1.6715518e-01 -1.6715518e-01 +1.0135357e+00 +1.0135357e+00 +2.7910749e+00 +2.7910749e+00 +4.5847671e+00 +4.5847671e+00 +8.3412124e+00 
-4.2385826e+01 -4.2385826e+01 -2.2719739e+01 -2.2719739e+01 -2.2569161e+01 -2.2569161e+01 -2.2335009e+01 -2.2335009e+01 -7.9136511e-01 -7.9136511e-01 -2.6273437e-01 -2.6273437e-01 +1.0085542e+00 +1.0085542e+00 +2.7716950e+00 +2.7716950e+00 +4.5469618e+00 +4.5469618e+00 +8.3741519e+00 
-4.2385724e+01 -4.2385724e+01 -2.2718461e+01 -2.2718461e+01 -2.2572111e+01 -2.2572111e+01 -2.2334688e+01 -2.2334688e+01 -7.0721635e-01 -7.0721635e-01 -3.4384549e-01 -3.4384549e-01 +1.0076589e+00 +1.0076589e+00 +2.7646521e+00 +2.7646521e+00 +4.5205466e+00 +4.5205466e+00 +8.3967991e+00 
-4.2385689e+01 -4.2385689e+01 -2.2718039e+01 -2.2718039e+01 -2.2573093e+01 -2.2573093e+01 -2.2334582e+01 -2.2334582e+01 -6.7022780e-01 -6.7022780e-01 -3.7978574e-01 -3.7978574e-01 +1.0077652e+00 +1.0077652e+00 +2.7638979e+00 +2.7638979e+00 +4.5106595e+00 +4.5106595e+00 +8.4053843e+00 
-4.2385726e+01 -4.2385726e+01 -2.2718430e+01 -2.2718430e+01 -2.2572142e+01 -2.2572142e+01 -2.2334685e+01 -2.2334685e+01 -7.0472931e-01 -7.0472931e-01 -3.4661329e-01 -3.4661329e-01 +1.0073673e+00 +1.0073673e+00 +2.7621954e+00 +2.7621954e+00 +4.5217919e+00 +4.5217919e+00 +8.3949420e+00 
-4.2385843e+01 -4.2385843e+01 -2.2719502e+01 -2.2719502e+01 -2.2569400e+01 -2.2569400e+01 -2.2334988e+01 -2.2334988e+01 -7.7816554e-01 -7.7816554e-01 -2.7799500e-01 -2.7799500e-01 +1.0059834e+00 +1.0059834e+00 +2.7528752e+00 +2.7528752e+00 +4.5562671e+00 +4.5562671e+00 +8.3593972e+00 
-4.2386043e+01 -4.2386043e+01 -2.2721069e+01 -2.2721069e+01 -2.2565082e+01 -2.2565082e+01 -2.2335483e+01 -2.2335483e+01 -8.6220870e-01 -8.6220870e-01 -2.0367136e-01 -2.0367136e-01 +1.0035944e+00 +1.0035944e+00 +2.7317868e+00 +2.7317868e+00 +4.6128750e+00 +4.6128750e+00 +8.2920148e+00 
-4.2386333e+01 -4.2386333e+01 -2.2722920e+01 -2.2722920e+01 -2.2559436e+01 -2.2559436e+01 -2.2336160e+01 -2.2336160e+01 -9.4763206e-01 -9.4763206e-01 -1.3426816e-01 -1.3426816e-01 +1.0001757e+00 +1.0001757e+00 +2.6983604e+00 +2.6983604e+00 +4.6866754e+00 +4.6866754e+00 +8.1863564e+00 
-4.2386716e+01 -4.2386716e+01 -2.2724847e+01 -2.2724847e+01 -2.2552707e+01 -2.2552707e+01 -2.2337008e+01 -2.2337008e+01 -1.0316998e+00 -1.0316998e+00 -7.3698127e-02 -7.3698127e-02 +9.9540468e-01 +9.9540468e-01 +2.6552748e+00 +2.6552748e+00 +4.7702429e+00 +4.7702429e+00 +8.0376462e+00 
-4.2387196e+01 -4.2387196e+01 -2.2726653e+01 -2.2726653e+01 -2.2545119e+01 -2.2545119e+01 -2.2338015e+01 -2.2338015e+01 -1.1137566e+00 -1.1137566e+00 -2.3468247e-02 -2.3468247e-02 +9.8859292e-01 +9.8859292e-01 +2.6072317e+00 +2.6072317e+00 +4.8555916e+00 +4.8555916e+00 +7.8442027e+00 
-4.2387776e+01 -4.2387776e+01 -2.2728154e+01 -2.2728154e+01 -2.2536866e+01 -2.2536866e+01 -2.2339167e+01 -2.2339167e+01 -1.1939720e+00 -1.1939720e+00 +1.6072683e-02 +1.6072683e-02 +9.7886511e-01 +9.7886511e-01 +2.5596024e+00 +2.5596024e+00 +4.9357774e+00 +4.9357774e+00 +7.6083984e+00 
-4.2388456e+01 -4.2388456e+01 -2.2729179e+01 -2.2729179e+01 -2.2528114e+01 -2.2528114e+01 -2.2340449e+01 -2.2340449e+01 -1.2729055e+00 -1.2729055e+00 +4.5241940e-02 +4.5241940e-02 +9.6554974e-01 +9.6554974e-01 +2.5173312e+00 +2.5173312e+00 +5.0057171e+00 +5.0057171e+00 +7.3366990e+00 
-4.2389238e+01 -4.2389238e+01 -2.2729573e+01 -2.2729573e+01 -2.2519003e+01 -2.2519003e+01 -2.2341843e+01 -2.2341843e+01 -1.3513118e+00 -1.3513118e+00 +6.4758323e-02 +6.4758323e-02 +9.4864316e-01 +9.4864316e-01 +2.4841443e+00 +2.4841443e+00 +5.0623026e+00 +5.0623026e+00 +7.0387104e+00 
-4.2390121e+01 -4.2390121e+01 -2.2729196e+01 -2.2729196e+01 -2.2509649e+01 -2.2509649e+01 -2.2343327e+01 -2.2343327e+01 -1.4300243e+00 -1.4300243e+00 +7.5602182e-02 +7.5602182e-02 +9.2911942e-01 +9.2911942e-01 +2.4620757e+00 +2.4620757e+00 +5.1040985e+00 +5.1040985e+00 +6.7256009e+00 
-4.2391102e+01 -4.2391102e+01 -2.2727935e+01 -2.2727935e+01 -2.2500152e+01 -2.2500152e+01 -2.2344876e+01 -2.2344876e+01 -1.5098659e+00 -1.5098659e+00 +7.8983007e-02 +7.8983007e-02 +9.0888372e-01 +9.0888372e-01 +2.4513578e+00 +2.4513578e+00 +5.1308779e+00 +5.1308779e+00 +6.4084843e+00 
-4.2392180e+01 -4.2392180e+01 -2.2725705e+01 -2.2725705e+01 -2.2490598e+01 -2.2490598e+01 -2.2346463e+01 -2.2346463e+01 -1.5915686e+00 -1.5915686e+00 +7.6380694e-02 +7.6380694e-02 +8.9034994e-01 +8.9034994e-01 +2.4506598e+00 +2.4506598e+00 +5.1431354e+00 +5.1431354e+00 +6.0972619e+00 
-4.2393348e+01 -4.2393348e+01 -2.2722456e+01 -2.2722456e+01 -2.2481061e+01 -2.2481061e+01 -2.2348056e+01 -2.2348056e+01 -1.6757045e+00 -1.6757045e+00 +6.9585766e-02 +6.9585766e-02 +8.7584602e-01 +8.7584602e-01 +2.4575288e+00 +2.4575288e+00 +5.1415587e+00 +5.1415587e+00 +5.8002053e+00 
-4.2394602e+01 -4.2394602e+01 -2.2718171e+01 -2.2718171e+01 -2.2471605e+01 -2.2471605e+01 -2.2349617e+01 -2.2349617e+01 -1.7626324e+00 -1.7626324e+00 +6.0655053e-02 +6.0655053e-02 +8.6713082e-01 +8.6713082e-01 +2.4688484e+00 +2.4688484e+00 +5.1260021e+00 +5.1260021e+00 +5.5246811e+00 
-4.2395936e+01 -4.2395936e+01 -2.2712866e+01 -2.2712866e+01 -2.2462289e+01 -2.2462289e+01 -2.2351107e+01 -2.2351107e+01 -1.8524695e+00 -1.8524695e+00 +5.1751810e-02 +5.1751810e-02 +8.6519255e-01 +8.6519255e-01 +2.4811922e+00 +2.4811922e+00 +5.0899797e+00 +5.0899797e+00 +5.2827836e+00 
-4.2397342e+01 -4.2397342e+01 -2.2706587e+01 -2.2706587e+01 -2.2453163e+01 -2.2453163e+01 -2.2352479e+01 -2.2352479e+01 -1.9450924e+00 -1.9450924e+00 +4.4920219e-02 +4.4920219e-02 +8.7031178e-01 +8.7031178e-01 +2.4910617e+00 +2.4910617e+00 +4.9830361e+00 +4.9830361e+00 +5.1292758e+00 
-4.2398811e+01 -4.2398811e+01 -2.2699408e+01 -2.2699408e+01 -2.2444272e+01 -2.2444272e+01 -2.2353683e+01 -2.2353683e+01 -2.0401651e+00 -2.0401651e+00 +4.1884250e-02 +4.1884250e-02 +8.8225932e-01 +8.8225932e-01 +2.4950685e+00 +2.4950685e+00 +4.8043853e+00 +4.8043853e+00 +5.0682559e+00 
-4.2400335e+01 -4.2400335e+01 -2.2691429e+01 -2.2691429e+01 -2.2435658e+01 -2.2435658e+01 -2.2354667e+01 -2.2354667e+01 -2.1371851e+00 -2.1371851e+00 +4.3934024e-02 +4.3934024e-02 +9.0050304e-01 +9.0050304e-01 +2.4901452e+00 +2.4901452e+00 +4.6364017e+00 +4.6364017e+00 +5.0198315e+00 
-4.2401903e+01 -4.2401903e+01 -2.2682770e+01 -2.2682770e+01 -2.2427355e+01 -2.2427355e+01 -2.2355373e+01 -2.2355373e+01 -2.2355368e+00 -2.2355368e+00 +5.1907780e-02 +5.1907780e-02 +9.2435922e-01 +9.2435922e-01 +2.4738385e+00 +2.4738385e+00 +4.4942725e+00 +4.4942725e+00 +4.9704412e+00 
-4.2403506e+01 -4.2403506e+01 -2.2673567e+01 -2.2673567e+01 -2.2419393e+01 -2.2419393e+01 -2.2355743e+01 -2.2355743e+01 -2.3345412e+00 -2.3345412e+00 +6.6240212e-02 +6.6240213e-02 +9.5307974e-01 +9.5307974e-01 +2.4446634e+00 +2.4446634e+00 +4.3798334e+00 +4.3798334e+00 +4.9188411e+00 
-4.2405133e+01 -4.2405133e+01 -2.2663975e+01 -2.2663975e+01 -2.2411794e+01 -2.2411794e+01 -2.2355722e+01 -2.2355722e+01 -2.4334965e+00 -2.4334965e+00 +8.7040251e-02 +8.7040251e-02 +9.8589121e-01 +9.8589121e-01 +2.4023912e+00 +2.4023912e+00 +4.2920970e+00 +4.2920970e+00 +4.8653968e+00 
-4.2406772e+01 -4.2406772e+01 -2.2654157e+01 -2.2654157e+01 -2.2404571e+01 -2.2404571e+01 -2.2355260e+01 -2.2355260e+01 -2.5317066e+00 -2.5317066e+00 +1.1417099e-01 +1.1417099e-01 +1.0220061e+00 +1.0220061e+00 +2.3480981e+00 +2.3480981e+00 +4.2285471e+00 +4.2285471e+00 +4.8108021e+00 
-4.2408411e+01 -4.2408411e+01 -2.2644281e+01 -2.2644281e+01 -2.2397721e+01 -2.2397721e+01 -2.2354325e+01 -2.2354325e+01 -2.6284990e+00 -2.6284990e+00 +1.4731757e-01 +1.4731757e-01 +1.0606212e+00 +1.0606212e+00 +2.2839011e+00 +2.2839011e+00 +4.1856966e+00 +4.1856966e+00 +4.7558152e+00 
-4.2410039e+01 -4.2410039e+01 -2.2634519e+01 -2.2634519e+01 -2.2391221e+01 -2.2391221e+01 -2.2352905e+01 -2.2352905e+01 -2.7232342e+00 -2.7232342e+00 +1.8603845e-01 +1.8603845e-01 +1.1009119e+00 +1.1009119e+00 +2.2124858e+00 +2.2124858e+00 +4.1596418e+00 +4.1596418e+00 +4.7011856e+00 
-4.2411643e+01 -4.2411643e+01 -2.2625036e+01 -2.2625036e+01 -2.2385028e+01 -2.2385028e+01 -2.2351021e+01 -2.2351021e+01 -2.8153096e+00 -2.8153096e+00 +2.2980087e-01 +2.2980087e-01 +1.1420294e+00 +1.1420294e+00 +2.1366290e+00 +2.1366290e+00 +4.1465611e+00 +4.1465611e+00 +4.6476295e+00 
-4.2413213e+01 -4.2413213e+01 -2.2615983e+01 -2.2615983e+01 -2.2379079e+01 -2.2379079e+01 -2.2348728e+01 -2.2348728e+01 -2.9041600e+00 -2.9041600e+00 +2.7800335e-01 +2.7800335e-01 +1.1831015e+00 +1.1831015e+00 +2.0588666e+00 +2.0588666e+00 +4.1430451e+00 +4.1430451e+00 +4.5958191e+00 
-4.2414735e+01 -4.2414735e+01 -2.2607493e+01 -2.2607493e+01 -2.2373298e+01 -2.2373298e+01 -2.2346111e+01 -2.2346111e+01 -2.9892565e+00 -2.9892565e+00 +3.2998827e-01 +3.2998827e-01 +1.2232415e+00 +1.2232415e+00 +1.9813354e+00 +1.9813354e+00 +4.1462445e+00 +4.1462445e+00 +4.5463746e+00 
-4.2416198e+01 -4.2416198e+01 -2.2599671e+01 -2.2599671e+01 -2.2367619e+01 -2.2367619e+01 -2.2343277e+01 -2.2343277e+01 -3.0701055e+00 -3.0701055e+00 +3.8504713e-01 +3.8504713e-01 +1.2615642e+00 +1.2615642e+00 +1.9057461e+00 +1.9057461e+00 +4.1538817e+00 +4.1538817e+00 +4.4998555e+00 
-4.2417591e+01 -4.2417591e+01 -2.2592593e+01 -2.2592593e+01 -2.2361995e+01 -2.2361995e+01 -2.2340336e+01 -2.2340336e+01 -3.1462469e+00 -3.1462469e+00 +4.4242023e-01 +4.4242023e-01 +1.2972109e+00 +1.2972109e+00 +1.8334259e+00 +1.8334259e+00 +4.1641940e+00 +4.1641940e+00 +4.4567492e+00 
-4.2418903e+01 -4.2418903e+01 -2.2586301e+01 -2.2586301e+01 -2.2356418e+01 -2.2356418e+01 -2.2337392e+01 -2.2337392e+01 -3.2172540e+00 -3.2172540e+00 +5.0129159e-01 +5.0129159e-01 +1.3293840e+00 +1.3293840e+00 +1.7653860e+00 +1.7653860e+00 +4.1758494e+00 +4.1758494e+00 +4.4174575e+00 
-4.2420124e+01 -4.2420124e+01 -2.2580805e+01 -2.2580805e+01 -2.2350918e+01 -2.2350918e+01 -2.2334537e+01 -2.2334537e+01 -3.2827324e+00 -3.2827324e+00 +5.6077938e-01 +5.6077938e-01 +1.3573895e+00 +1.3573895e+00 +1.7023903e+00 +1.7023903e+00 +4.1878641e+00 +4.1878641e+00 +4.3822817e+00 
-4.2421244e+01 -4.2421244e+01 -2.2576088e+01 -2.2576088e+01 -2.2345564e+01 -2.2345564e+01 -2.2331844e+01 -2.2331844e+01 -3.3423214e+00 -3.3423214e+00 +6.1992128e-01 +6.1992128e-01 +1.3806874e+00 +1.3806874e+00 +1.6450139e+00 +1.6450139e+00 +4.1995292e+00 +4.1995292e+00 +4.3514097e+00 
-4.2422255e+01 -4.2422255e+01 -2.2572112e+01 -2.2572112e+01 -2.2340453e+01 -2.2340453e+01 -2.2329371e+01 -2.2329371e+01 -3.3956936e+00 -3.3956936e+00 +6.7765389e-01 +6.7765389e-01 +1.3989480e+00 +1.3989480e+00 +1.5936899e+00 +1.5936899e+00 +4.2103505e+00 +4.2103505e+00 +4.3249073e+00 
-4.2423147e+01 -4.2423147e+01 -2.2568826e+01 -2.2568826e+01 -2.2335699e+01 -2.2335699e+01 -2.2327160e+01 -2.2327160e+01 -3.4425564e+00 -3.4425564e+00 +7.3278563e-01 +7.3278563e-01 +1.4121104e+00 +1.4121104e+00 +1.5487450e+00 +1.5487450e+00 +4.2200001e+00 +4.2200001e+00 +4.3027185e+00 
-4.2423915e+01 -4.2423915e+01 -2.2566173e+01 -2.2566173e+01 -2.2331422e+01 -2.2331422e+01 -2.2325246e+01 -2.2325246e+01 -3.4826530e+00 -3.4826530e+00 +7.8396481e-01 +7.8396481e-01 +1.4204391e+00 +1.4204391e+00 +1.5104242e+00 +1.5104242e+00 +4.2282765e+00 +4.2282765e+00 +4.2846770e+00 
-4.2424552e+01 -4.2424552e+01 -2.2564094e+01 -2.2564094e+01 -2.2327740e+01 -2.2327740e+01 -2.2323653e+01 -2.2323653e+01 -3.5157639e+00 -3.5157639e+00 +8.2965092e-01 +8.2965092e-01 +1.4245695e+00 +1.4245695e+00 +1.4789085e+00 +1.4789085e+00 +4.2350716e+00 +4.2350716e+00 +4.2705304e+00 
-4.2425053e+01 -4.2425053e+01 -2.2562537e+01 -2.2562537e+01 -2.2324757e+01 -2.2324757e+01 -2.2322398e+01 -2.2322398e+01 -3.5417073e+00 -3.5417073e+00 +8.6811184e-01 +8.6811184e-01 +1.4255187e+00 +1.4255187e+00 +1.4543234e+00 +1.4543234e+00 +4.2403428e+00 +4.2403428e+00 +4.2599770e+00 
-4.2425414e+01 -4.2425414e+01 -2.2561459e+01 -2.2561459e+01 -2.2322561e+01 -2.2322561e+01 -2.2321494e+01 -2.2321494e+01 -3.5603408e+00 -3.5603408e+00 +8.9749333e-01 +8.9749333e-01 +1.4246167e+00 +1.4246167e+00 +1.4367437e+00 +1.4367437e+00 +4.2440878e+00 +4.2440878e+00 +4.2527111e+00 
-4.2425631e+01 -4.2425631e+01 -2.2560825e+01 -2.2560825e+01 -2.2321216e+01 -2.2321216e+01 -2.2320948e+01 -2.2320948e+01 -3.5715620e+00 -3.5715620e+00 +9.1602283e-01 +9.1602283e-01 +1.4232949e+00 +1.4232949e+00 +1.4261981e+00 +1.4261981e+00 +4.2463229e+00 +4.2463229e+00 +4.2484702e+00 
-4.2425704e+01 -4.2425704e+01 -2.2560616e+01 -2.2560616e+01 -2.2320766e+01 -2.2320766e+01 -2.2320764e+01 -2.2320764e+01 -3.5753093e+00 -3.5753093e+00 +9.2236708e-01 +9.2236708e-01 +1.4226847e+00 +1.4226847e+00 +1.4227048e+00 +1.4227048e+00 +4.2470655e+00 +4.2470655e+00 +4.2470774e+00 
-4.2390168e+01 -4.2390168e+01 -2.2762383e+01 -2.2762383e+01 -2.2406285e+01 -2.2406285e+01 -2.2383928e+01 -2.2383928e+01 -2.0091643e+00 -2.0091643e+00 +3.2874200e-02 +3.2874200e-02 +2.7240887e+00 +2.7240887e+00 +4.3640406e+00 +4.3640406e+00 +5.0740939e+00 +5.0740939e+00 +7.5163092e+00 
-4.2391266e+01 -4.2389069e+01 -2.2764513e+01 -2.2759400e+01 -2.2412775e+01 -2.2399756e+01 -2.2392241e+01 -2.2376758e+01 -2.0490983e+00 -1.9647175e+00 -2.5476959e-02 +8.6683751e-02 +2.5702484e+00 +2.8845621e+00 +4.0223651e+00 +4.6622216e+00 +5.0615006e+00 +5.0868021e+00 +7.3001614e+00 
-4.2392355e+01 -4.2387976e+01 -2.2765940e+01 -2.2755446e+01 -2.2419181e+01 -2.2401638e+01 -2.2393235e+01 -2.2370774e+01 -2.0840150e+00 -1.9164367e+00 -8.4685855e-02 +1.3156974e-01 +2.4235654e+00 +3.0509996e+00 +3.6613860e+00 +4.9020578e+00 +5.0491583e+00 +5.0995019e+00 +7.1274338e+00 
-4.2393428e+01 -4.2386897e+01 -2.2766835e+01 -2.2750456e+01 -2.2425460e+01 -2.2412047e+01 -2.2386770e+01 -2.2366005e+01 -2.1135522e+00 -1.8652129e+00 -1.4154192e-01 +1.6229282e-01 +2.2844439e+00 +3.2225593e+00 +3.3078031e+00 +5.0372203e+00 +5.0802699e+00 +5.1120797e+00 +6.9945256e+00 
-4.2394478e+01 -4.2385840e+01 -2.2767354e+01 -2.2744409e+01 -2.2431567e+01 -2.2423383e+01 -2.2380407e+01 -2.2362463e+01 -2.1374649e+00 -1.8121902e+00 -1.9309502e-01 +1.7285879e-01 +2.1531896e+00 +2.9849391e+00 +3.3981946e+00 +5.0258672e+00 +5.1244295e+00 +5.2010025e+00 +6.8937778e+00 
-4.2395497e+01 -4.2384811e+01 -2.2767609e+01 -2.2737336e+01 -2.2437462e+01 -2.2435547e+01 -2.2374193e+01 -2.2360144e+01 -2.1556048e+00 -1.7587996e+00 -2.3648185e-01 +1.5723902e-01 +2.0300293e+00 +2.7100110e+00 +3.5766167e+00 +5.0153212e+00 +5.1364525e+00 +5.2695496e+00 +6.8175867e+00 
-4.2396480e+01 -4.2383819e+01 -2.2767643e+01 -2.2729305e+01 -2.2448430e+01 -2.2443108e+01 -2.2368174e+01 -2.2359023e+01 -2.1679065e+00 -1.7067645e+00 -2.6881138e-01 +1.1101599e-01 +1.9151270e+00 +2.4931159e+00 +3.7562475e+00 +5.0058758e+00 +5.1480560e+00 +5.2877703e+00 +6.7597951e+00 
-4.2397418e+01 -4.2382870e+01 -2.2767422e+01 -2.2720419e+01 -2.2461911e+01 -2.2448468e+01 -2.2362396e+01 -2.2359059e+01 -2.1743784e+00 -1.6580395e+00 -2.8714201e-01 +3.3535294e-02 +1.8085976e+00 +2.3366086e+00 +3.9351512e+00 +4.9979504e+00 +5.1591535e+00 +5.2515387e+00 +6.7157860e+00 
-4.2398307e+01 -4.2381971e+01 -2.2766851e+01 -2.2710814e+01 -2.2475857e+01 -2.2453510e+01 -2.2360188e+01 -2.2356901e+01 -2.1750999e+00 -1.6146330e+00 -2.8859272e-01 -7.0985451e-02 +1.7105185e+00 +2.2354673e+00 +4.1109182e+00 +4.9922015e+00 +5.1497758e+00 +5.1696645e+00 +6.6821829e+00 
-4.2399140e+01 -4.2381129e+01 -2.2765802e+01 -2.2700650e+01 -2.2490120e+01 -2.2458204e+01 -2.2362321e+01 -2.2351731e+01 -2.1702265e+00 -1.5782951e+00 -2.7060530e-01 -1.9465771e-01 +1.6209392e+00 +2.1796159e+00 +4.2804317e+00 +4.9669114e+00 +4.9897617e+00 +5.1795144e+00 +6.6565157e+00 
-4.2399911e+01 -4.2380348e+01 -2.2764148e+01 -2.2690115e+01 -2.2504536e+01 -2.2462523e+01 -2.2365345e+01 -2.2346926e+01 -2.1600027e+00 -1.5501354e+00 -3.2856143e-01 -2.3129120e-01 +1.5398885e+00 +2.1573355e+00 +4.4393526e+00 +4.6926640e+00 +4.9927735e+00 +5.1886350e+00 +6.6369565e+00 
-4.2400616e+01 -4.2379634e+01 -2.2761800e+01 -2.2679424e+01 -2.2518919e+01 -2.2466444e+01 -2.2369114e+01 -2.2342521e+01 -2.1447896e+00 -1.5303397e+00 -4.6486260e-01 -1.6969730e-01 +1.4673809e+00 +2.1578885e+00 +4.3355572e+00 +4.5810188e+00 +5.0055263e+00 +5.1969640e+00 +6.6221295e+00 
-4.2401249e+01 -4.2378992e+01 -2.2758733e+01 -2.2668822e+01 -2.2533052e+01 -2.2469948e+01 -2.2373450e+01 -2.2338552e+01 -2.1251083e+00 -1.5181516e+00 -5.9757524e-01 -8.5833734e-02 +1.4034210e+00 +2.1726161e+00 +3.9240014e+00 +4.6951064e+00 +5.0358476e+00 +5.2044456e+00 +6.6109819e+00 
-4.2401808e+01 -4.2378426e+01 -2.2755006e+01 -2.2658583e+01 -2.2546681e+01 -2.2473015e+01 -2.2378136e+01 -2.2335047e+01 -2.1017092e+00 -1.5121320e+00 -7.2235788e-01 +1.9524893e-02 +1.3480075e+00 +2.1949724e+00 +3.4920812e+00 +4.7713377e+00 +5.0914658e+00 +5.2110303e+00 +6.6026967e+00 
-4.2402286e+01 -4.2377940e+01 -2.2750775e+01 -2.2649017e+01 -2.2559494e+01 -2.2475633e+01 -2.2382915e+01 -2.2332034e+01 -2.0756738e+00 -1.5105417e+00 -8.3594256e-01 +1.4505375e-01 +1.3011352e+00 +2.2201475e+00 +3.0672815e+00 +4.8123994e+00 +5.1671791e+00 +5.2166750e+00 +6.5966350e+00 
-4.2402683e+01 -4.2377538e+01 -2.2746307e+01 -2.2640463e+01 -2.2571110e+01 -2.2477790e+01 -2.2387491e+01 -2.2329537e+01 -2.0485492e+00 -1.5116748e+00 -9.3553389e-01 +2.8877848e-01 +1.2627976e+00 +2.2446492e+00 +2.6679483e+00 +4.8322308e+00 +5.2213434e+00 +5.2466662e+00 +6.5922976e+00 
-4.2402994e+01 -4.2377223e+01 -2.2741987e+01 -2.2633281e+01 -2.2581061e+01 -2.2479476e+01 -2.2391543e+01 -2.2327575e+01 -2.0224882e+00 -1.5140631e+00 -1.0183125e+00 +4.4712183e-01 +1.2329879e+00 +2.2659689e+00 +2.3064749e+00 +4.8417341e+00 +5.2250054e+00 +5.3168823e+00 +6.5893002e+00 
-4.2403217e+01 -4.2376996e+01 -2.2738306e+01 -2.2627825e+01 -2.2588800e+01 -2.2480685e+01 -2.2394742e+01 -2.2326162e+01 -2.0002917e+00 -1.5165640e+00 -1.0811498e+00 +6.1156889e-01 +1.2117000e+00 +1.9955230e+00 +2.2823464e+00 +4.8463058e+00 +5.2276378e+00 +5.3706313e+00 +6.5873564e+00 
-4.2403352e+01 -4.2376859e+01 -2.2735798e+01 -2.2624405e+01 -2.2593756e+01 -2.2481413e+01 -2.2396799e+01 -2.2325310e+01 -1.9851287e+00 -1.5183772e+00 -1.1207323e+00 +7.5791497e-01 +1.1989292e+00 +1.7609470e+00 +2.2926158e+00 +4.8483685e+00 +5.2292239e+00 +5.4041287e+00 +6.5862679e+00 
-4.2403397e+01 -4.2376813e+01 -2.2734904e+01 -2.2623240e+01 -2.2595468e+01 -2.2481655e+01 -2.2397510e+01 -2.2325025e+01 -1.9797086e+00 -1.5190330e+00 -1.1342966e+00 +8.2461786e-01 +1.1946727e+00 +1.6648019e+00 +2.2961111e+00 +4.8489591e+00 +5.2297537e+00 +5.4154877e+00 +6.5859180e+00 
-4.2385664e+01 -4.2385664e+01 -2.2668006e+01 -2.2581667e+01 -2.2581667e+01 -2.2491827e+01 -2.2491826e+01 -2.2465798e+01 -1.0607413e+00 -8.7872200e-01 -8.7872172e-01 -4.0239270e-02 +1.0371846e+00 +1.0371851e+00 +2.5499698e+00 +4.6699029e+00 +4.6699150e+00 +5.0670039e+00 +5.5822869e+00 
-4.2385664e+01 -4.2385664e+01 -2.2667718e+01 -2.2584279e+01 -2.2584279e+01 -2.2489102e+01 -2.2489102e+01 -2.2466179e+01 -1.0583509e+00 -8.7708929e-01 -8.7708901e-01 -4.0522623e-02 +1.0359897e+00 +1.0359901e+00 +2.5493166e+00 +4.6715784e+00 +4.6715907e+00 +5.0513742e+00 +5.5919529e+00 
-4.2385665e+01 -4.2385665e+01 -2.2666853e+01 -2.2591276e+01 -2.2591276e+01 -2.2481771e+01 -2.2481770e+01 -2.2467317e+01 -1.0511916e+00 -8.7224317e-01 -8.7224287e-01 -4.1401520e-02 +1.0325133e+00 +1.0325136e+00 +2.5473972e+00 +4.6760388e+00 +4.6760516e+00 +5.0050903e+00 +5.6215286e+00 
-4.2385666e+01 -4.2385666e+01 -2.2665410e+01 -2.2601021e+01 -2.2601021e+01 -2.2471472e+01 -2.2471471e+01 -2.2469203e+01 -1.0393003e+00 -8.6433906e-01 -8.6433873e-01 -4.2962384e-02 +1.0270694e+00 +1.0270696e+00 +2.5443322e+00 +4.6817557e+00 +4.6817693e+00 +4.9299202e+00 +5.6725730e+00 
-4.2385667e+01 -4.2385667e+01 -2.2663391e+01 -2.2612173e+01 -2.2612173e+01 -2.2471823e+01 -2.2459554e+01 -2.2459554e+01 -1.0227398e+00 -8.5363367e-01 -8.5363330e-01 -4.5348864e-02 +1.0201463e+00 +1.0201464e+00 +2.5403233e+00 +4.6867018e+00 +4.6867160e+00 +4.8286570e+00 +5.7471455e+00 
-4.2385668e+01 -4.2385668e+01 -2.2660797e+01 -2.2623878e+01 -2.2623878e+01 -2.2475154e+01 -2.2446882e+01 -2.2446882e+01 -1.0016008e+00 -8.4048042e-01 -8.4048000e-01 -4.8760946e-02 +1.0123587e+00 +1.0123590e+00 +2.5356543e+00 +4.6889453e+00 +4.6889600e+00 +4.7049122e+00 +5.8471744e+00 
-4.2385670e+01 -4.2385670e+01 -2.2657630e+01 -2.2635615e+01 -2.2635615e+01 -2.2479170e+01 -2.2433990e+01 -2.2433990e+01 -9.7600532e-01 -8.2532095e-01 -8.2532048e-01 -5.3453075e-02 +1.0043893e+00 +1.0043899e+00 +2.5306920e+00 +4.5628683e+00 +4.6871376e+00 +4.6871525e+00 +5.9738976e+00 
-4.2385671e+01 -4.2385671e+01 -2.2653896e+01 -2.2647049e+01 -2.2647049e+01 -2.2483839e+01 -2.2421229e+01 -2.2421229e+01 -9.4611027e-01 -8.0867120e-01 -8.0867068e-01 -5.9730632e-02 +9.9692440e-01 +9.9692524e-01 +2.5258881e+00 +4.4070191e+00 +4.6807168e+00 +4.6807316e+00 +6.1275404e+00 
-4.2385673e+01 -4.2385673e+01 -2.2657954e+01 -2.2657954e+01 -2.2649605e+01 -2.2489121e+01 -2.2408850e+01 -2.2408849e+01 -9.1211249e-01 -7.9110085e-01 -7.9110029e-01 -6.7943922e-02 +9.9058953e-01 +9.9059061e-01 +2.5217812e+00 +4.2419259e+00 +4.6698334e+00 +4.6698478e+00 +6.3072117e+00 
-4.2385675e+01 -4.2385675e+01 -2.2668167e+01 -2.2668167e+01 -2.2644770e+01 -2.2494976e+01 -2.2397041e+01 -2.2397041e+01 -8.7425441e-01 -7.7320596e-01 -7.7320535e-01 -7.8478675e-02 +9.8588969e-01 +9.8589099e-01 +2.5189988e+00 +4.0720072e+00 +4.6551376e+00 +4.6551513e+00 +6.5108725e+00 
-4.2385677e+01 -4.2385677e+01 -2.2677567e+01 -2.2677567e+01 -2.2639410e+01 -2.2501357e+01 -2.2385956e+01 -2.2385956e+01 -8.3283030e-01 -7.5557615e-01 -7.5557551e-01 -9.1742011e-02 +9.8315834e-01 +9.8315981e-01 +2.5182592e+00 +3.9013724e+00 +4.6375614e+00 +4.6375742e+00 +6.7352488e+00 
-4.2385680e+01 -4.2385680e+01 -2.2686068e+01 -2.2686068e+01 -2.2633548e+01 -2.2508211e+01 -2.2375723e+01 -2.2375723e+01 -7.8819298e-01 -7.3875981e-01 -7.3875916e-01 -1.0814305e-01 +9.8252082e-01 +9.8252239e-01 +2.5203732e+00 +3.7337024e+00 +4.6181579e+00 +4.6181696e+00 +6.9756486e+00 
-4.2385681e+01 -4.2385681e+01 -2.2693607e+01 -2.2693607e+01 -2.2627212e+01 -2.2515485e+01 -2.2366450e+01 -2.2366450e+01 -7.4076006e-01 -7.2323205e-01 -7.2323141e-01 -1.2806779e-01 +9.8387733e-01 +9.8387895e-01 +2.5262436e+00 +3.5721699e+00 +4.5980012e+00 +4.5980118e+00 +7.2257304e+00 
-4.2385683e+01 -4.2385683e+01 -2.2700145e+01 -2.2700145e+01 -2.2620438e+01 -2.2523122e+01 -2.2358230e+01 -2.2358230e+01 -7.0937108e-01 -7.0937047e-01 -6.9101904e-01 -1.5184905e-01 +9.8691029e-01 +9.8691187e-01 +2.5368631e+00 +3.4193967e+00 +4.5781274e+00 +4.5781367e+00 +7.4773241e+00 
-4.2385685e+01 -4.2385685e+01 -2.2705660e+01 -2.2705660e+01 -2.2613264e+01 -2.2531061e+01 -2.2351142e+01 -2.2351142e+01 -6.9744734e-01 -6.9744678e-01 -6.3952993e-01 -1.7973321e-01 +9.9111782e-01 +9.9111929e-01 +2.5533069e+00 +3.2774364e+00 +4.5594991e+00 +4.5595070e+00 +7.7204332e+00 
-4.2385686e+01 -4.2385686e+01 -2.2710149e+01 -2.2710149e+01 -2.2605734e+01 -2.2539241e+01 -2.2345253e+01 -2.2345253e+01 -6.8762726e-01 -6.8762679e-01 -5.8692365e-01 -2.1184768e-01 +9.9587172e-01 +9.9587300e-01 +2.5767203e+00 +3.1477789e+00 +4.5429799e+00 +4.5429863e+00 +7.9435563e+00 
-4.2385688e+01 -4.2385688e+01 -2.2713618e+01 -2.2713618e+01 -2.2597898e+01 -2.2547598e+01 -2.2340616e+01 -2.2340616e+01 -6.7999031e-01 -6.7998994e-01 -5.3389458e-01 -2.4817362e-01 +1.0004935e+00 +1.0004945e+00 +2.6082969e+00 +3.0313720e+00 +4.5293130e+00 +4.5293179e+00 +8.1344246e+00 
-4.2385688e+01 -4.2385688e+01 -2.2716081e+01 -2.2716081e+01 -2.2589808e+01 -2.2556069e+01 -2.2337274e+01 -2.2337274e+01 -6.7455493e-01 -6.7455467e-01 -4.8118531e-01 -2.8852903e-01 +1.0043388e+00 +1.0043395e+00 +2.6492460e+00 +2.9286595e+00 +4.5191020e+00 +4.5191053e+00 +8.2811619e+00 
-4.2385689e+01 -4.2385689e+01 -2.2717550e+01 -2.2717550e+01 -2.2581520e+01 -2.2564588e+01 -2.2335257e+01 -2.2335257e+01 -6.7130743e-01 -6.7130730e-01 -4.2956275e-01 -3.3256633e-01 +1.0068783e+00 +1.0068787e+00 +2.7007484e+00 +2.8396330e+00 +4.5127929e+00 +4.5127945e+00 +8.3737319e+00 
-4.2385689e+01 -4.2385689e+01 -2.2718039e+01 -2.2718039e+01 -2.2573093e+01 -2.2573093e+01 -2.2334582e+01 -2.2334582e+01 -6.7022780e-01 -6.7022780e-01 -3.7978574e-01 -3.7978574e-01 +1.0077652e+00 +1.0077652e+00 +2.7638979e+00 +2.7638979e+00 +4.5106595e+00 +4.5106595e+00 +8.4053843e+00 
