# num high symmetry points
16
# label high symmetry points
G X S Y G Z U R T Z Y T U X S R 
# indices high symmetry points
1 25 37 61 73 83 107 119 143 155 156 166 167 177 178 188 
# nk, nb, ns
188 32 1
# k-points (frac coords)
+0.0000000e+00 +0.0000000e+00 +0.0000000e+00 
+0.0000000e+00 +2.0833333e-02 +0.0000000e+00 
+0.0000000e+00 +4.1666667e-02 +0.0000000e+00 
+0.0000000e+00 +6.2500000e-02 +0.0000000e+00 
+0.0000000e+00 +8.3333333e-02 +0.0000000e+00 
+0.0000000e+00 +1.0416667e-01 +0.0000000e+00 
+0.0000000e+00 +1.2500000e-01 +0.0000000e+00 
+0.0000000e+00 +1.4583333e-01 +0.0000000e+00 
+0.0000000e+00 +1.6666667e-01 +0.0000000e+00 
+0.0000000e+00 +1.8750000e-01 +0.0000000e+00 
+0.0000000e+00 +2.0833333e-01 +0.0000000e+00 
+0.0000000e+00 +2.2916667e-01 +0.0000000e+00 
+0.0000000e+00 +2.5000000e-01 +0.0000000e+00 
+0.0000000e+00 +2.7083333e-01 +0.0000000e+00 
+0.0000000e+00 +2.9166667e-01 +0.0000000e+00 
+0.0000000e+00 +3.1250000e-01 +0.0000000e+00 
+0.0000000e+00 +3.3333333e-01 +0.0000000e+00 
+0.0000000e+00 +3.5416667e-01 +0.0000000e+00 
+0.0000000e+00 +3.7500000e-01 +0.0000000e+00 
+0.0000000e+00 +3.9583333e-01 +0.0000000e+00 
+0.0000000e+00 +4.1666667e-01 +0.0000000e+00 
+0.0000000e+00 +4.3750000e-01 +0.0000000e+00 
+0.0000000e+00 +4.5833333e-01 +0.0000000e+00 
+0.0000000e+00 +4.7916667e-01 +0.0000000e+00 
+0.0000000e+00 +5.0000000e-01 +0.0000000e+00 
+4.1666667e-02 +5.0000000e-01 +0.0000000e+00 
+8.3333333e-02 +5.0000000e-01 +0.0000000e+00 
+1.2500000e-01 +5.0000000e-01 +0.0000000e+00 
+1.6666667e-01 +5.0000000e-01 +0.0000000e+00 
+2.0833333e-01 +5.0000000e-01 +0.0000000e+00 
+2.5000000e-01 +5.0000000e-01 +0.0000000e+00 
+2.9166667e-01 +5.0000000e-01 +0.0000000e+00 
+3.3333333e-01 +5.0000000e-01 +0.0000000e+00 
+3.7500000e-01 +5.0000000e-01 +0.0000000e+00 
+4.1666667e-01 +5.0000000e-01 +0.0000000e+00 
+4.5833333e-01 +5.0000000e-01 +0.0000000e+00 
+5.0000000e-01 +5.0000000e-01 +0.0000000e+00 
+5.0000000e-01 +4.7916667e-01 +0.0000000e+00 
+5.0000000e-01 +4.5833333e-01 +0.0000000e+00 
+5.0000000e-01 +4.3750000e-01 +0.0000000e+00 
+5.0000000e-01 +4.1666667e-01 +0.0000000e+00 
+5.0000000e-01 +3.9583333e-01 +0.0000000e+00 
+5.0000000e-01 +3.7500000e-01 +0.0000000e+00 
+5.0000000e-01 +3.5416667e-01 +0.0000000e+00 
+5.0000000e-01 +3.3333333e-01 +0.0000000e+00 
+5.0000000e-01 +3.1250000e-01 +0.0000000e+00 
+5.0000000e-01 +2.9166667e-01 +0.0000000e+00 
+5.0000000e-01 +2.7083333e-01 +0.0000000e+00 
+5.0000000e-01 +2.5000000e-01 +0.0000000e+00 
+5.0000000e-01 +2.2916667e-01 +0.0000000e+00 
+5.0000000e-01 +2.0833333e-01 +0.0000000e+00 
+5.0000000e-01 +1.8750000e-01 +0.0000000e+00 
+5.0000000e-01 +1.6666667e-01 +0.0000000e+00 
+5.0000000e-01 +1.4583333e-01 +0.0000000e+00 
+5.0000000e-01 +1.2500000e-01 +0.0000000e+00 
+5.0000000e-01 +1.0416667e-01 +0.0000000e+00 
+5.0000000e-01 +8.3333333e-02 +0.0000000e+00 
+5.0000000e-01 +6.2500000e-02 +0.0000000e+00 
+5.0000000e-01 +4.1666667e-02 +0.0000000e+00 
+5.0000000e-01 +2.0833333e-02 +0.0000000e+00 
+5.0000000e-01 +0.0000000e+00 +0.0000000e+00 
+4.5833333e-01 +0.0000000e+00 +0.0000000e+00 
+4.1666667e-01 +0.0000000e+00 +0.0000000e+00 
+3.7500000e-01 +0.0000000e+00 +0.0000000e+00 
+3.3333333e-01 +0.0000000e+00 +0.0000000e+00 
+2.9166667e-01 +0.0000000e+00 +0.0000000e+00 
+2.5000000e-01 +0.0000000e+00 +0.0000000e+00 
+2.0833333e-01 +0.0000000e+00 +0.0000000e+00 
+1.6666667e-01 +0.0000000e+00 +0.0000000e+00 
+1.2500000e-01 +0.0000000e+00 +0.0000000e+00 
+8.3333333e-02 +0.0000000e+00 +0.0000000e+00 
+4.1666667e-02 +0.0000000e+00 +0.0000000e+00 
+0.0000000e+00 +0.0000000e+00 +0.0000000e+00 
+0.0000000e+00 +0.0000000e+00 -5.0000000e-02 
+0.0000000e+00 +0.0000000e+00 -1.0000000e-01 
+0.0000000e+00 +0.0000000e+00 -1.5000000e-01 
+0.0000000e+00 +0.0000000e+00 -2.0000000e-01 
+0.0000000e+00 +0.0000000e+00 -2.5000000e-01 
+0.0000000e+00 +0.0000000e+00 -3.0000000e-01 
+0.0000000e+00 +0.0000000e+00 -3.5000000e-01 
+0.0000000e+00 +0.0000000e+00 -4.0000000e-01 
+0.0000000e+00 +0.0000000e+00 -4.5000000e-01 
+0.0000000e+00 +0.0000000e+00 -5.0000000e-01 
+0.0000000e+00 +2.0833333e-02 -5.0000000e-01 
+0.0000000e+00 +4.1666667e-02 -5.0000000e-01 
+0.0000000e+00 +6.2500000e-02 -5.0000000e-01 
+0.0000000e+00 +8.3333333e-02 -5.0000000e-01 
+0.0000000e+00 +1.0416667e-01 -5.0000000e-01 
+0.0000000e+00 +1.2500000e-01 -5.0000000e-01 
+0.0000000e+00 +1.4583333e-01 -5.0000000e-01 
+0.0000000e+00 +1.6666667e-01 -5.0000000e-01 
+0.0000000e+00 +1.8750000e-01 -5.0000000e-01 
+0.0000000e+00 +2.0833333e-01 -5.0000000e-01 
+0.0000000e+00 +2.2916667e-01 -5.0000000e-01 
+0.0000000e+00 +2.5000000e-01 -5.0000000e-01 
+0.0000000e+00 +2.7083333e-01 -5.0000000e-01 
+0.0000000e+00 +2.9166667e-01 -5.0000000e-01 
+0.0000000e+00 +3.1250000e-01 -5.0000000e-01 
+0.0000000e+00 +3.3333333e-01 -5.0000000e-01 
+0.0000000e+00 +3.5416667e-01 -5.0000000e-01 
+0.0000000e+00 +3.7500000e-01 -5.0000000e-01 
+0.0000000e+00 +3.9583333e-01 -5.0000000e-01 
+0.0000000e+00 +4.1666667e-01 -5.0000000e-01 
+0.0000000e+00 +4.3750000e-01 -5.0000000e-01 
+0.0000000e+00 +4.5833333e-01 -5.0000000e-01 
+0.0000000e+00 +4.7916667e-01 -5.0000000e-01 
+0.0000000e+00 +5.0000000e-01 -5.0000000e-01 
+4.1666667e-02 +5.0000000e-01 -5.0000000e-01 
+8.3333333e-02 +5.0000000e-01 -5.0000000e-01 
+1.2500000e-01 +5.0000000e-01 -5.0000000e-01 
+1.6666667e-01 +5.0000000e-01 -5.0000000e-01 
+2.0833333e-01 +5.0000000e-01 -5.0000000e-01 
+2.5000000e-01 +5.0000000e-01 -5.0000000e-01 
+2.9166667e-01 +5.0000000e-01 -5.0000000e-01 
+3.3333333e-01 +5.0000000e-01 -5.0000000e-01 
+3.7500000e-01 +5.0000000e-01 -5.0000000e-01 
+4.1666667e-01 +5.0000000e-01 -5.0000000e-01 
+4.5833333e-01 +5.0000000e-01 -5.0000000e-01 
+5.0000000e-01 +5.0000000e-01 -5.0000000e-01 
+5.0000000e-01 +4.7916667e-01 -5.0000000e-01 
+5.0000000e-01 +4.5833333e-01 -5.0000000e-01 
+5.0000000e-01 +4.3750000e-01 -5.0000000e-01 
+5.0000000e-01 +4.1666667e-01 -5.0000000e-01 
+5.0000000e-01 +3.9583333e-01 -5.0000000e-01 
+5.0000000e-01 +3.7500000e-01 -5.0000000e-01 
+5.0000000e-01 +3.5416667e-01 -5.0000000e-01 
+5.0000000e-01 +3.3333333e-01 -5.0000000e-01 
+5.0000000e-01 +3.1250000e-01 -5.0000000e-01 
+5.0000000e-01 +2.9166667e-01 -5.0000000e-01 
+5.0000000e-01 +2.7083333e-01 -5.0000000e-01 
+5.0000000e-01 +2.5000000e-01 -5.0000000e-01 
+5.0000000e-01 +2.2916667e-01 -5.0000000e-01 
+5.0000000e-01 +2.0833333e-01 -5.0000000e-01 
+5.0000000e-01 +1.8750000e-01 -5.0000000e-01 
+5.0000000e-01 +1.6666667e-01 -5.0000000e-01 
+5.0000000e-01 +1.4583333e-01 -5.0000000e-01 
+5.0000000e-01 +1.2500000e-01 -5.0000000e-01 
+5.0000000e-01 +1.0416667e-01 -5.0000000e-01 
+5.0000000e-01 +8.3333333e-02 -5.0000000e-01 
+5.0000000e-01 +6.2500000e-02 -5.0000000e-01 
+5.0000000e-01 +4.1666667e-02 -5.0000000e-01 
+5.0000000e-01 +2.0833333e-02 -5.0000000e-01 
+5.0000000e-01 +0.0000000e+00 -5.0000000e-01 
+4.5833333e-01 +0.0000000e+00 -5.0000000e-01 
+4.1666667e-01 +0.0000000e+00 -5.0000000e-01 
+3.7500000e-01 +0.0000000e+00 -5.0000000e-01 
+3.3333333e-01 +0.0000000e+00 -5.0000000e-01 
+2.9166667e-01 +0.0000000e+00 -5.0000000e-01 
+2.5000000e-01 +0.0000000e+00 -5.0000000e-01 
+2.0833333e-01 +0.0000000e+00 -5.0000000e-01 
+1.6666667e-01 +0.0000000e+00 -5.0000000e-01 
+1.2500000e-01 +0.0000000e+00 -5.0000000e-01 
+8.3333333e-02 +0.0000000e+00 -5.0000000e-01 
+4.1666667e-02 +0.0000000e+00 -5.0000000e-01 
+0.0000000e+00 +0.0000000e+00 -5.0000000e-01 
+5.0000000e-01 +0.0000000e+00 +0.0000000e+00 
+5.0000000e-01 +0.0000000e+00 -5.0000000e-02 
+5.0000000e-01 +0.0000000e+00 -1.0000000e-01 
+5.0000000e-01 +0.0000000e+00 -1.5000000e-01 
+5.0000000e-01 +0.0000000e+00 -2.0000000e-01 
+5.0000000e-01 +0.0000000e+00 -2.5000000e-01 
+5.0000000e-01 +0.0000000e+00 -3.0000000e-01 
+5.0000000e-01 +0.0000000e+00 -3.5000000e-01 
+5.0000000e-01 +0.0000000e+00 -4.0000000e-01 
+5.0000000e-01 +0.0000000e+00 -4.5000000e-01 
+5.0000000e-01 +0.0000000e+00 -5.0000000e-01 
+0.0000000e+00 +5.0000000e-01 -5.0000000e-01 
+0.0000000e+00 +5.0000000e-01 -4.5000000e-01 
+0.0000000e+00 +5.0000000e-01 -4.0000000e-01 
+0.0000000e+00 +5.0000000e-01 -3.5000000e-01 
+0.0000000e+00 +5.0000000e-01 -3.0000000e-01 
+0.0000000e+00 +5.0000000e-01 -2.5000000e-01 
+0.0000000e+00 +5.0000000e-01 -2.0000000e-01 
+0.0000000e+00 +5.0000000e-01 -1.5000000e-01 
+0.0000000e+00 +5.0000000e-01 -1.0000000e-01 
+0.0000000e+00 +5.0000000e-01 -5.0000000e-02 
+0.0000000e+00 +5.0000000e-01 +0.0000000e+00 
+5.0000000e-01 +5.0000000e-01 +0.0000000e+00 
+5.0000000e-01 +5.0000000e-01 -5.0000000e-02 
+5.0000000e-01 +5.0000000e-01 -1.0000000e-01 
+5.0000000e-01 +5.0000000e-01 -1.5000000e-01 
+5.0000000e-01 +5.0000000e-01 -2.0000000e-01 
+5.0000000e-01 +5.0000000e-01 -2.5000000e-01 
+5.0000000e-01 +5.0000000e-01 -3.0000000e-01 
+5.0000000e-01 +5.0000000e-01 -3.5000000e-01 
+5.0000000e-01 +5.0000000e-01 -4.0000000e-01 
+5.0000000e-01 +5.0000000e-01 -4.5000000e-01 
+5.0000000e-01 +5.0000000e-01 -5.0000000e-01 
# energies (kpt,band,spin)
# spin = 1
-1.4081435e+01 -1.3990247e+01 -1.3628734e+01 -1.3547833e+01 -1.2246522e+01 -1.2158101e+01 -1.1259184e+01 -1.1228736e+01 -5.2560855e+00 -5.1377404e+00 -3.6200326e+00 -3.5497213e+00 -3.4726260e+00 -2.6003760e+00 -2.5325677e+00 -2.3743407e+00 -2.2346057e+00 -2.0635100e+00 -2.0330009e+00 -1.9526306e+00 -1.7435148e+00 -1.7101381e+00 -1.6472499e+00 -9.6112606e-01 -8.4955043e-01 -7.6547480e-01 -6.5078407e-01 -3.2509166e-01 +1.5157779e-01 +1.5585855e-01 +1.3958764e+00 +1.4804112e+00 
-1.4080452e+01 -1.3989373e+01 -1.3628458e+01 -1.3547748e+01 -1.2245496e+01 -1.2157185e+01 -1.1260284e+01 -1.1230016e+01 -5.2555014e+00 -5.1374452e+00 -3.6258312e+00 -3.5556479e+00 -3.4705117e+00 -2.5991363e+00 -2.5422881e+00 -2.3852969e+00 -2.2339414e+00 -2.0740971e+00 -2.0441922e+00 -1.9509762e+00 -1.7445661e+00 -1.6999515e+00 -1.6360559e+00 -9.6085235e-01 -8.4441252e-01 -7.5959116e-01 -6.5097563e-01 -3.2722113e-01 +1.5164723e-01 +1.5695764e-01 +1.3940510e+00 +1.4785028e+00 
-1.4077507e+01 -1.3986757e+01 -1.3627640e+01 -1.3547502e+01 -1.2242422e+01 -1.2154441e+01 -1.1263581e+01 -1.1233846e+01 -5.2537708e+00 -5.1365811e+00 -3.6432237e+00 -3.5733887e+00 -3.4641766e+00 -2.5954294e+00 -2.5692239e+00 -2.4154636e+00 -2.2319636e+00 -2.1044957e+00 -2.0763526e+00 -1.9460212e+00 -1.7477321e+00 -1.6716601e+00 -1.6052393e+00 -9.6003253e-01 -8.3093386e-01 -7.4406554e-01 -6.5155492e-01 -3.3359272e-01 +1.5273618e-01 +1.6098331e-01 +1.3887387e+00 +1.4729296e+00 
-1.4072614e+01 -1.3982414e+01 -1.3626309e+01 -1.3547125e+01 -1.2237319e+01 -1.2149887e+01 -1.1269056e+01 -1.1240205e+01 -5.2509587e+00 -5.1352114e+00 -3.6721590e+00 -3.6027962e+00 -3.4536436e+00 -2.6080378e+00 -2.5892911e+00 -2.4586203e+00 -2.2287175e+00 -2.1511652e+00 -2.1258185e+00 -1.9377902e+00 -1.7530483e+00 -1.6307650e+00 -1.5612355e+00 -9.5867033e-01 -8.1424829e-01 -7.2460756e-01 -6.5253562e-01 -3.4415605e-01 +1.5739002e-01 +1.6998950e-01 +1.3804203e+00 +1.4641389e+00 
-1.4065795e+01 -1.3976372e+01 -1.3624510e+01 -1.3546661e+01 -1.2230213e+01 -1.2143548e+01 -1.1276681e+01 -1.1249051e+01 -5.2471707e+00 -5.1334377e+00 -3.7124278e+00 -3.6435361e+00 -3.4389512e+00 -2.6527763e+00 -2.5807810e+00 -2.5082502e+00 -2.2242786e+00 -2.2095679e+00 -2.1879122e+00 -1.9263235e+00 -1.7605730e+00 -1.5835935e+00 -1.5109885e+00 -9.5677146e-01 -8.0107221e-01 -7.0886927e-01 -6.5393983e-01 -3.5882759e-01 +1.6939101e-01 +1.8689854e-01 +1.3698608e+00 +1.4528440e+00 
-1.4057083e+01 -1.3968673e+01 -1.3622309e+01 -1.3546176e+01 -1.2221143e+01 -1.2135462e+01 -1.1286414e+01 -1.1260332e+01 -5.2425497e+00 -5.1313936e+00 -3.7635254e+00 -3.6949941e+00 -3.4201537e+00 -2.6984847e+00 -2.5699823e+00 -2.5592453e+00 -2.2751915e+00 -2.2580013e+00 -2.2187514e+00 -1.9116778e+00 -1.7703849e+00 -1.5357825e+00 -1.4603084e+00 -9.5434275e-01 -7.9785245e-01 -7.0440046e-01 -6.5579714e-01 -3.7749137e-01 +1.9273712e-01 +2.1463802e-01 +1.3580532e+00 +1.4399746e+00 
-1.4046523e+01 -1.3959369e+01 -1.3619785e+01 -1.3545751e+01 -1.2210158e+01 -1.2125673e+01 -1.1298203e+01 -1.1273975e+01 -5.2372688e+00 -5.1292360e+00 -3.8245500e+00 -3.7562116e+00 -3.3973217e+00 -2.7416774e+00 -2.6081527e+00 -2.5570015e+00 -2.3440768e+00 -2.3320323e+00 -2.2122692e+00 -1.8939246e+00 -1.7825806e+00 -1.4918522e+00 -1.4136413e+00 -9.5139126e-01 -8.0920985e-01 -7.1665675e-01 -6.5814322e-01 -4.0000007e-01 +2.3013777e-01 +2.5506735e-01 +1.3461365e+00 +1.4266052e+00 
-1.4034172e+01 -1.3948528e+01 -1.3617037e+01 -1.3545480e+01 -1.2197314e+01 -1.2114237e+01 -1.1311982e+01 -1.1289895e+01 -5.2315237e+00 -5.1271321e+00 -3.8941911e+00 -3.8258897e+00 -3.3705427e+00 -2.7802123e+00 -2.6528736e+00 -2.5419677e+00 -2.4129558e+00 -2.4066584e+00 -2.2049931e+00 -1.8731507e+00 -1.7972707e+00 -1.4552670e+00 -1.3743020e+00 -9.4792305e-01 -8.3714130e-01 -7.4781465e-01 -6.6101817e-01 -4.2617662e-01 +2.8190209e-01 +3.0826506e-01 +1.3352913e+00 +1.4138617e+00 
-1.4020103e+01 -1.3936231e+01 -1.3614178e+01 -1.3545475e+01 -1.2182678e+01 -1.2101215e+01 -1.1327673e+01 -1.1307990e+01 -5.2255195e+00 -5.1252436e+00 -3.9708174e+00 -3.9024649e+00 -3.3399213e+00 -2.8129685e+00 -2.6922785e+00 -2.5250321e+00 -2.4792810e+00 -2.4791037e+00 -2.1971100e+00 -1.8494567e+00 -1.8145761e+00 -1.4285779e+00 -1.3447056e+00 -9.4394210e-01 -8.8122048e-01 -7.9703029e-01 -6.6446455e-01 -4.5581630e-01 +3.4607724e-01 +3.7262528e-01 +1.3266169e+00 +1.4028122e+00 
-1.4004404e+01 -1.3922578e+01 -1.3611331e+01 -1.3545856e+01 -1.2166320e+01 -1.2086672e+01 -1.1345186e+01 -1.1328145e+01 -5.2194565e+00 -5.1237078e+00 -4.0526292e+00 -3.9842327e+00 -3.3055804e+00 -2.8395038e+00 -2.7258671e+00 -2.5474353e+00 -2.5407500e+00 -2.5063674e+00 -2.1888309e+00 -1.8346221e+00 -1.8229566e+00 -1.4135212e+00 -1.3265040e+00 -9.3945844e-01 -9.3944923e-01 -8.6168726e-01 -6.6852514e-01 -4.8868955e-01 +4.1952595e-01 +4.4556213e-01 +1.3210071e+00 +1.3943533e+00 
-1.3987179e+01 -1.3907682e+01 -1.3608635e+01 -1.3546755e+01 -1.2148319e+01 -1.2070682e+01 -1.1364416e+01 -1.1350230e+01 -5.2135105e+00 -5.1226164e+00 -4.1378146e+00 -4.0694749e+00 -3.2676619e+00 -2.8597681e+00 -2.7535058e+00 -2.6096986e+00 -2.5959879e+00 -2.4861665e+00 -2.1803879e+00 -1.8575327e+00 -1.7937765e+00 -1.4110731e+00 -1.3206513e+00 -1.0092010e+00 -9.3860565e-01 -9.3444133e-01 -6.7324060e-01 -5.2454555e-01 +4.9897796e-01 +5.2426039e-01 +1.3190421e+00 +1.3891074e+00 
-1.3968548e+01 -1.3891676e+01 -1.3606233e+01 -1.3548308e+01 -1.2128758e+01 -1.2053319e+01 -1.1385250e+01 -1.1374101e+01 -5.2078124e+00 -5.1219935e+00 -4.2246694e+00 -4.1565617e+00 -3.2263270e+00 -2.8739018e+00 -2.7752472e+00 -2.6646266e+00 -2.6437101e+00 -2.4646415e+00 -2.1720311e+00 -1.8834244e+00 -1.7620535e+00 -1.4214928e+00 -1.3274442e+00 -1.0877105e+00 -1.0247185e+00 -9.2891103e-01 -6.7864699e-01 -5.6311645e-01 +5.8158010e-01 +6.0613931e-01 +1.3209190e+00 +1.3873519e+00 
-1.3948651e+01 -1.3874705e+01 -1.3604279e+01 -1.3550655e+01 -1.2107723e+01 -1.2034660e+01 -1.1407561e+01 -1.1399606e+01 -5.2024260e+00 -5.1217762e+00 -4.3116665e+00 -4.2440145e+00 -3.1817574e+00 -2.8821196e+00 -2.7912227e+00 -2.7112076e+00 -2.6830762e+00 -2.4420221e+00 -2.1640242e+00 -1.9123982e+00 -1.7279341e+00 -1.4443820e+00 -1.3465700e+00 -1.1724291e+00 -1.1173061e+00 -9.2284686e-01 -6.8477332e-01 -6.0412224e-01 +6.6503709e-01 +6.8902849e-01 +1.3264355e+00 +1.3889934e+00 
-1.3927644e+01 -1.3856933e+01 -1.3602925e+01 -1.3553937e+01 -1.2085300e+01 -1.2014784e+01 -1.1431213e+01 -1.1426580e+01 -5.1973280e+00 -5.1218003e+00 -4.3974836e+00 -4.3305341e+00 -3.1341560e+00 -2.8846579e+00 -2.8015923e+00 -2.7487453e+00 -2.7135900e+00 -2.4185539e+00 -2.1566390e+00 -1.9445331e+00 -1.6915730e+00 -1.4787726e+00 -1.3771792e+00 -1.2610480e+00 -1.2140120e+00 -9.1623418e-01 -6.9163963e-01 -6.4727583e-01 +7.4756258e-01 +7.7117782e-01 +1.3350267e+00 +1.3935899e+00 
-1.3905699e+01 -1.3838535e+01 -1.3602326e+01 -1.3558289e+01 -1.2061581e+01 -1.1993769e+01 -1.1456071e+01 -1.1454848e+01 -5.1923921e+00 -5.1217927e+00 -4.4810035e+00 -4.4150052e+00 -3.0837472e+00 -2.8817676e+00 -2.8065334e+00 -2.7768536e+00 -2.7350909e+00 -2.3944962e+00 -2.1501495e+00 -1.9798782e+00 -1.6531307e+00 -1.5232349e+00 -1.4179789e+00 -1.3514866e+00 -1.3127825e+00 -9.0905682e-01 -6.9927163e-01 -6.9227195e-01 +8.2777871e-01 +8.5120200e-01 +1.3458441e+00 +1.4004150e+00 
-1.3883002e+01 -1.3819701e+01 -1.3602633e+01 -1.3563839e+01 -1.2036654e+01 -1.1971691e+01 -1.1484272e+01 -1.1481946e+01 -5.1873808e+00 -5.1213742e+00 -4.5613000e+00 -4.4964869e+00 -3.0307776e+00 -2.8737346e+00 -2.8062548e+00 -2.7954606e+00 -2.7477528e+00 -2.3701195e+00 -2.1448252e+00 -2.0184462e+00 -1.6127725e+00 -1.5759900e+00 -1.4673363e+00 -1.4418364e+00 -1.4117886e+00 -9.0129941e-01 -7.3890021e-01 -7.0759144e-01 +9.0462067e-01 +9.2801223e-01 +1.3578552e+00 +1.4085447e+00 
-1.3859753e+01 -1.3800629e+01 -1.3603985e+01 -1.3570700e+01 -1.2010607e+01 -1.1948627e+01 -1.1514624e+01 -1.1508737e+01 -5.1819465e+00 -5.1200713e+00 -4.6376196e+00 -4.5741982e+00 -2.9755162e+00 -2.8609197e+00 -2.8048269e+00 -2.8010200e+00 -2.7520926e+00 -2.3457026e+00 -2.1409229e+00 -2.0602073e+00 -1.6350024e+00 -1.5706656e+00 -1.5302900e+00 -1.5233711e+00 -1.5093470e+00 -8.9295043e-01 -7.8680337e-01 -7.1666314e-01 +9.7726142e-01 +1.0007554e+00 +1.3699423e+00 +1.4169492e+00 
-1.3836161e+01 -1.3781523e+01 -1.3606513e+01 -1.3578972e+01 -1.1983529e+01 -1.1924650e+01 -1.1545758e+01 -1.1536261e+01 -5.1756423e+00 -5.1173359e+00 -4.7093631e+00 -4.6475017e+00 -2.9182541e+00 -2.8438151e+00 -2.8055405e+00 -2.7912161e+00 -2.7489894e+00 -2.3215290e+00 -2.1386798e+00 -2.1050850e+00 -1.6980382e+00 -1.6150596e+00 -1.6038391e+00 -1.5840211e+00 -1.5269779e+00 -8.8400553e-01 -8.3576115e-01 -7.2641237e-01 +1.0450564e+00 +1.0687659e+00 +1.3809868e+00 +1.4245739e+00 
-1.3812442e+01 -1.3762592e+01 -1.3610328e+01 -1.3588732e+01 -1.1955504e+01 -1.1899831e+01 -1.1577500e+01 -1.1564366e+01 -5.1679417e+00 -5.1125718e+00 -4.7760701e+00 -4.7158900e+00 -2.8593041e+00 -2.8231226e+00 -2.7985950e+00 -2.7773687e+00 -2.7397200e+00 -2.2978836e+00 -2.1529541e+00 -2.1383041e+00 -1.7626754e+00 -1.6942909e+00 -1.6936081e+00 -1.6470766e+00 -1.4818759e+00 -8.8553423e-01 -8.7447048e-01 -7.3678576e-01 +1.1075046e+00 +1.1315297e+00 +1.3899319e+00 +1.4304030e+00 
-1.3788817e+01 -1.3744040e+01 -1.3615523e+01 -1.3600032e+01 -1.1926616e+01 -1.1874240e+01 -1.1609686e+01 -1.1592900e+01 -5.1582643e+00 -5.1051622e+00 -4.8374061e+00 -4.7789740e+00 -2.7998559e+00 -2.7989997e+00 -2.7854139e+00 -2.7602489e+00 -2.7260090e+00 -2.2750479e+00 -2.2036364e+00 -2.1399718e+00 -1.8262605e+00 -1.7768922e+00 -1.7659208e+00 -1.7101656e+00 -1.4355228e+00 -9.3590292e-01 -8.6436663e-01 -7.4771196e-01 +1.1642215e+00 +1.1886583e+00 +1.3958222e+00 +1.4335018e+00 
-1.3765506e+01 -1.3726071e+01 -1.3622166e+01 -1.3612898e+01 -1.1896950e+01 -1.1847948e+01 -1.1642160e+01 -1.1621719e+01 -5.1460043e+00 -5.0944971e+00 -4.8931531e+00 -4.8364740e+00 -2.7754686e+00 -2.7679492e+00 -2.7409472e+00 -2.7376932e+00 -2.7100744e+00 -2.2569464e+00 -2.2532574e+00 -2.1438145e+00 -1.8858168e+00 -1.8516051e+00 -1.8276714e+00 -1.7707071e+00 -1.3880773e+00 -9.8667017e-01 -8.5372925e-01 -7.5910403e-01 +1.2149218e+00 +1.2398709e+00 +1.3978255e+00 +1.4330425e+00 
-1.3742721e+01 -1.3708874e+01 -1.3630299e+01 -1.3627328e+01 -1.1866587e+01 -1.1821025e+01 -1.1674776e+01 -1.1650684e+01 -5.1305593e+00 -5.0799984e+00 -4.9432032e+00 -4.8882136e+00 -2.7519800e+00 -2.7487683e+00 -2.7209676e+00 -2.6946044e+00 -2.6757535e+00 -2.3125098e+00 -2.2328767e+00 -2.1499199e+00 -1.9379365e+00 -1.9152956e+00 -1.8769484e+00 -1.8258401e+00 -1.3396927e+00 -1.0376564e+00 -8.4261263e-01 -7.7086153e-01 +1.2594079e+00 +1.2849827e+00 +1.3952403e+00 +1.4283145e+00 
-1.3720668e+01 -1.3692627e+01 -1.3643289e+01 -1.3639929e+01 -1.1835612e+01 -1.1793543e+01 -1.1707399e+01 -1.1679666e+01 -5.1113554e+00 -5.0611393e+00 -4.9875531e+00 -4.9341156e+00 -2.7319981e+00 -2.7310556e+00 -2.7022791e+00 -2.6825393e+00 -2.6135625e+00 -2.3701190e+00 -2.2140455e+00 -2.1583268e+00 -1.9787641e+00 -1.9650666e+00 -1.9110787e+00 -1.8723802e+00 -1.2905167e+00 -1.0886984e+00 -8.3108854e-01 -7.8287344e-01 +1.2975648e+00 +1.3238979e+00 +1.3874946e+00 +1.4187274e+00 
-1.3699538e+01 -1.3677487e+01 -1.3660711e+01 -1.3651044e+01 -1.1804112e+01 -1.1765581e+01 -1.1739903e+01 -1.1708547e+01 -5.0878690e+00 -5.0374612e+00 -5.0262999e+00 -4.9741993e+00 -2.7184240e+00 -2.7183256e+00 -2.6872214e+00 -2.6765234e+00 -2.5515110e+00 -2.4294021e+00 -2.1970099e+00 -2.1690246e+00 -2.0042899e+00 -1.9978469e+00 -1.9278291e+00 -1.9069140e+00 -1.2406917e+00 -1.1396456e+00 -8.1924536e-01 -7.9502168e-01 +1.3293583e+00 +1.3566069e+00 +1.3741390e+00 +1.4038068e+00 
-1.3679505e+01 -1.3679499e+01 -1.3663591e+01 -1.3663588e+01 -1.1772185e+01 -1.1772169e+01 -1.1737223e+01 -1.1737212e+01 -5.0596570e+00 -5.0596303e+00 -5.0085832e+00 -5.0085735e+00 -2.7136272e+00 -2.7136268e+00 -2.6781164e+00 -2.6781098e+00 -2.4900271e+00 -2.4899601e+00 -2.1819781e+00 -2.1819298e+00 -2.0111801e+00 -2.0111625e+00 -1.9261883e+00 -1.9261866e+00 -1.1903949e+00 -1.1903167e+00 -8.0721477e-01 -8.0715604e-01 +1.3548361e+00 +1.3548386e+00 +1.3831839e+00 +1.3831914e+00 
-1.3679432e+01 -1.3679426e+01 -1.3663654e+01 -1.3663651e+01 -1.1772037e+01 -1.1772021e+01 -1.1737375e+01 -1.1737364e+01 -5.0596043e+00 -5.0595777e+00 -5.0089800e+00 -5.0089702e+00 -2.7146913e+00 -2.7146905e+00 -2.6817877e+00 -2.6817805e+00 -2.4846075e+00 -2.4845415e+00 -2.1815032e+00 -2.1814559e+00 -2.0111279e+00 -2.0111105e+00 -1.9270789e+00 -1.9270774e+00 -1.1882078e+00 -1.1881303e+00 -8.0850637e-01 -8.0844816e-01 +1.3549586e+00 +1.3549611e+00 +1.3830635e+00 +1.3830710e+00 
-1.3679214e+01 -1.3679208e+01 -1.3663842e+01 -1.3663839e+01 -1.1771597e+01 -1.1771582e+01 -1.1737828e+01 -1.1737817e+01 -5.0594390e+00 -5.0594125e+00 -5.0101536e+00 -5.0101435e+00 -2.7177972e+00 -2.7177955e+00 -2.6915308e+00 -2.6915227e+00 -2.4696802e+00 -2.4696165e+00 -2.1801941e+00 -2.1801494e+00 -2.0109506e+00 -2.0109339e+00 -1.9296846e+00 -1.9296833e+00 -1.1817346e+00 -1.1816591e+00 -8.1237328e-01 -8.1231664e-01 +1.3553240e+00 +1.3553266e+00 +1.3827044e+00 +1.3827118e+00 
-1.3678856e+01 -1.3678849e+01 -1.3664153e+01 -1.3664150e+01 -1.1770872e+01 -1.1770857e+01 -1.1738575e+01 -1.1738563e+01 -5.0591405e+00 -5.0591142e+00 -5.0120549e+00 -5.0120444e+00 -2.7226995e+00 -2.7226963e+00 -2.7047300e+00 -2.7047213e+00 -2.4480412e+00 -2.4479803e+00 -2.1783769e+00 -2.1783365e+00 -2.0105913e+00 -2.0105756e+00 -1.9338166e+00 -1.9338158e+00 -1.1712281e+00 -1.1711561e+00 -8.1879094e-01 -8.1873688e-01 +1.3559258e+00 +1.3559286e+00 +1.3821127e+00 +1.3821201e+00 
-1.3678364e+01 -1.3678358e+01 -1.3664583e+01 -1.3664580e+01 -1.1769874e+01 -1.1769859e+01 -1.1739600e+01 -1.1739589e+01 -5.0586763e+00 -5.0586502e+00 -5.0146055e+00 -5.0145944e+00 -2.7290295e+00 -2.7290240e+00 -2.7190769e+00 -2.7190681e+00 -2.4222887e+00 -2.4222307e+00 -2.1765363e+00 -2.1765015e+00 -2.0099699e+00 -2.0099557e+00 -1.9391922e+00 -1.9391918e+00 -1.1570768e+00 -1.1570093e+00 -8.2771565e-01 -8.2766517e-01 +1.3567534e+00 +1.3567565e+00 +1.3812985e+00 +1.3813057e+00 
-1.3677750e+01 -1.3677744e+01 -1.3665125e+01 -1.3665122e+01 -1.1768619e+01 -1.1768604e+01 -1.1740888e+01 -1.1740875e+01 -5.0580051e+00 -5.0579792e+00 -5.0177028e+00 -5.0176911e+00 -2.7363426e+00 -2.7363328e+00 -2.7330401e+00 -2.7330299e+00 -2.3943408e+00 -2.3942857e+00 -2.1752424e+00 -2.1752141e+00 -2.0090026e+00 -2.0089901e+00 -1.9454720e+00 -1.9454719e+00 -1.1397642e+00 -1.1397023e+00 -8.3908095e-01 -8.3903499e-01 +1.3577921e+00 +1.3577956e+00 +1.3802756e+00 +1.3802825e+00 
-1.3677025e+01 -1.3677019e+01 -1.3665773e+01 -1.3665769e+01 -1.1767128e+01 -1.1767114e+01 -1.1742413e+01 -1.1742400e+01 -5.0570806e+00 -5.0570551e+00 -5.0212265e+00 -5.0212141e+00 -2.7457054e+00 -2.7457014e+00 -2.7441427e+00 -2.7441414e+00 -2.3655804e+00 -2.3655285e+00 -2.1750770e+00 -2.1750558e+00 -2.0076220e+00 -2.0076113e+00 -1.9522995e+00 -1.9522991e+00 -1.1198284e+00 -1.1197729e+00 -8.5279353e-01 -8.5275295e-01 +1.3590237e+00 +1.3590276e+00 +1.3790612e+00 +1.3790678e+00 
-1.3676204e+01 -1.3676198e+01 -1.3666517e+01 -1.3666513e+01 -1.1765426e+01 -1.1765412e+01 -1.1744150e+01 -1.1744136e+01 -5.0558563e+00 -5.0558312e+00 -5.0250459e+00 -5.0250327e+00 -2.7565270e+00 -2.7565266e+00 -2.7519880e+00 -2.7519824e+00 -2.3370542e+00 -2.3370059e+00 -2.1765741e+00 -2.1765604e+00 -2.0057892e+00 -2.0057802e+00 -1.9593340e+00 -1.9593335e+00 -1.0978257e+00 -1.0977774e+00 -8.6872938e-01 -8.6869496e-01 +1.3604266e+00 +1.3604310e+00 +1.3776759e+00 +1.3776821e+00 
-1.3675303e+01 -1.3675297e+01 -1.3667346e+01 -1.3667342e+01 -1.1763541e+01 -1.1763528e+01 -1.1746067e+01 -1.1746052e+01 -5.0542898e+00 -5.0542649e+00 -5.0290268e+00 -5.0290129e+00 -2.7652297e+00 -2.7652279e+00 -2.7594105e+00 -2.7594033e+00 -2.3095933e+00 -2.3095490e+00 -2.1801861e+00 -2.1801798e+00 -2.0034922e+00 -2.0034847e+00 -1.9662778e+00 -1.9662773e+00 -1.0743051e+00 -1.0742645e+00 -8.8673076e-01 -8.8670320e-01 +1.3619761e+00 +1.3619811e+00 +1.3761430e+00 +1.3761488e+00 
-1.3674339e+01 -1.3674333e+01 -1.3668248e+01 -1.3668245e+01 -1.1761504e+01 -1.1761493e+01 -1.1748131e+01 -1.1748115e+01 -5.0523477e+00 -5.0523230e+00 -5.0330391e+00 -5.0330248e+00 -2.7716736e+00 -2.7716697e+00 -2.7660087e+00 -2.7660009e+00 -2.2838690e+00 -2.2838292e+00 -2.1862750e+00 -2.1862741e+00 -2.0007299e+00 -2.0007237e+00 -1.9728931e+00 -1.9728928e+00 -1.0497905e+00 -1.0497580e+00 -9.0660433e-01 -9.0658417e-01 +1.3636451e+00 +1.3636509e+00 +1.3744884e+00 +1.3744935e+00 
-1.3673330e+01 -1.3673324e+01 -1.3669209e+01 -1.3669206e+01 -1.1759350e+01 -1.1759341e+01 -1.1750306e+01 -1.1750288e+01 -5.0500108e+00 -5.0499856e+00 -5.0369628e+00 -5.0369486e+00 -2.7758294e+00 -2.7758233e+00 -2.7714253e+00 -2.7714177e+00 -2.2604130e+00 -2.2603779e+00 -2.1951203e+00 -2.1951126e+00 -1.9974923e+00 -1.9974869e+00 -1.9790120e+00 -1.9790118e+00 -1.0247719e+00 -1.0247477e+00 -9.2812025e-01 -9.2810781e-01 +1.3654044e+00 +1.3654114e+00 +1.3727403e+00 +1.3727443e+00 
-1.3672296e+01 -1.3672289e+01 -1.3670214e+01 -1.3670211e+01 -1.1757115e+01 -1.1757111e+01 -1.1752554e+01 -1.1752531e+01 -5.0472782e+00 -5.0472505e+00 -5.0406920e+00 -5.0406802e+00 -2.7777471e+00 -2.7777382e+00 -2.7753506e+00 -2.7753446e+00 -2.2396206e+00 -2.2395900e+00 -2.2069063e+00 -2.2068930e+00 -1.9937481e+00 -1.9937428e+00 -1.9845384e+00 -1.9845378e+00 -9.9970218e-01 -9.9968568e-01 -9.5101184e-01 -9.5100683e-01 +1.3672225e+00 +1.3672321e+00 +1.3709293e+00 +1.3709307e+00 
-1.3671326e+01 -1.3671286e+01 -1.3671204e+01 -1.3671173e+01 -1.1755040e+01 -1.1754847e+01 -1.1754827e+01 -1.1754606e+01 -5.0443726e+00 -5.0441677e+00 -5.0441028e+00 -5.0439374e+00 -2.7776284e+00 -2.7775818e+00 -2.7774645e+00 -2.7774332e+00 -2.2220852e+00 -2.2219183e+00 -2.2215217e+00 -2.2213991e+00 -1.9895894e+00 -1.9894826e+00 -1.9894017e+00 -1.9892996e+00 -9.7544153e-01 -9.7531018e-01 -9.7465163e-01 -9.7453166e-01 +1.3689420e+00 +1.3690419e+00 +1.3691235e+00 +1.3692123e+00 
-1.3688331e+01 -1.3688213e+01 -1.3655592e+01 -1.3655475e+01 -1.1785119e+01 -1.1784894e+01 -1.1724448e+01 -1.1724219e+01 -5.0725168e+00 -5.0723297e+00 -5.0105966e+00 -5.0104136e+00 -2.7817841e+00 -2.7817363e+00 -2.7800157e+00 -2.7799825e+00 -2.2541123e+00 -2.2535952e+00 -2.1953684e+00 -2.1947936e+00 -1.9796704e+00 -1.9795411e+00 -1.9791971e+00 -1.9791120e+00 -1.0050405e+00 -1.0042624e+00 -9.4517455e-01 -9.4438472e-01 +1.3430403e+00 +1.3432152e+00 +1.3888692e+00 +1.3890460e+00 
-1.3706538e+01 -1.3706420e+01 -1.3641293e+01 -1.3641176e+01 -1.1814880e+01 -1.1814657e+01 -1.1693733e+01 -1.1693502e+01 -5.0957709e+00 -5.0955820e+00 -4.9713461e+00 -4.9711653e+00 -2.7919346e+00 -2.7918767e+00 -2.7887604e+00 -2.7887288e+00 -2.2890121e+00 -2.2885046e+00 -2.1755651e+00 -2.1749617e+00 -1.9511371e+00 -1.9510622e+00 -1.9500134e+00 -1.9498646e+00 -1.0339917e+00 -1.0332206e+00 -9.1461027e-01 -9.1381517e-01 +1.3108626e+00 +1.3110365e+00 +1.4029207e+00 +1.4030982e+00 
-1.3725771e+01 -1.3725653e+01 -1.3628480e+01 -1.3628364e+01 -1.1844140e+01 -1.1843919e+01 -1.1662911e+01 -1.1662679e+01 -5.1144211e+00 -5.1142305e+00 -4.9263308e+00 -4.9261524e+00 -2.8063510e+00 -2.8062820e+00 -2.8021898e+00 -2.8021578e+00 -2.3247038e+00 -2.3241955e+00 -2.1613240e+00 -2.1607014e+00 -1.9081194e+00 -1.9080475e+00 -1.9045304e+00 -1.9043723e+00 -1.0620352e+00 -1.0612722e+00 -8.8386180e-01 -8.8306171e-01 +1.2723980e+00 +1.2725707e+00 +1.4115000e+00 +1.4116782e+00 
-1.3745856e+01 -1.3745737e+01 -1.3617196e+01 -1.3617080e+01 -1.1872819e+01 -1.1872599e+01 -1.1632104e+01 -1.1631869e+01 -5.1289622e+00 -5.1287701e+00 -4.8754920e+00 -4.8753161e+00 -2.8230524e+00 -2.8229728e+00 -2.8180322e+00 -2.8179998e+00 -2.3602037e+00 -2.3596908e+00 -2.1505309e+00 -2.1498946e+00 -1.8528906e+00 -1.8528194e+00 -1.8483850e+00 -1.8482231e+00 -1.0889330e+00 -1.0881800e+00 -8.5311750e-01 -8.5231261e-01 +1.2276726e+00 +1.2278440e+00 +1.4150738e+00 +1.4152526e+00 
-1.3766599e+01 -1.3766481e+01 -1.3607452e+01 -1.3607337e+01 -1.1900836e+01 -1.1900619e+01 -1.1601443e+01 -1.1601206e+01 -5.1399496e+00 -5.1397560e+00 -4.8188689e+00 -4.8186957e+00 -2.8401573e+00 -2.8400680e+00 -2.8338659e+00 -2.8338347e+00 -2.3950813e+00 -2.3945648e+00 -2.1418625e+00 -2.1412150e+00 -1.7879744e+00 -1.7879060e+00 -1.7859856e+00 -1.7858214e+00 -1.1143571e+00 -1.1136172e+00 -8.2257617e-01 -8.2176660e-01 +1.1767981e+00 +1.1769681e+00 +1.4142292e+00 +1.4144085e+00 
-1.3787798e+01 -1.3787679e+01 -1.3599227e+01 -1.3599112e+01 -1.1928117e+01 -1.1927901e+01 -1.1571070e+01 -1.1570832e+01 -5.1479813e+00 -5.1477863e+00 -4.7566020e+00 -4.7564317e+00 -2.8560913e+00 -2.8559936e+00 -2.8475087e+00 -2.8474821e+00 -2.4290611e+00 -2.4285447e+00 -2.1348033e+00 -2.1341463e+00 -1.7207250e+00 -1.7205589e+00 -1.7158305e+00 -1.7157706e+00 -1.1377979e+00 -1.1370763e+00 -7.9244553e-01 -7.9163138e-01 +1.1199738e+00 +1.1201423e+00 +1.4096788e+00 +1.4098585e+00 
-1.3809239e+01 -1.3809120e+01 -1.3592474e+01 -1.3592360e+01 -1.1954584e+01 -1.1954370e+01 -1.1541137e+01 -1.1540897e+01 -5.1536751e+00 -5.1534787e+00 -4.6889371e+00 -4.6887699e+00 -2.8696304e+00 -2.8695253e+00 -2.8572258e+00 -2.8572090e+00 -2.4618055e+00 -2.4612952e+00 -2.1292257e+00 -2.1285607e+00 -1.6553308e+00 -1.6551630e+00 -1.6391167e+00 -1.6390763e+00 -1.1583678e+00 -1.1576747e+00 -7.6293884e-01 -7.6212015e-01 +1.0574931e+00 +1.0576599e+00 +1.4022593e+00 +1.4024395e+00 
-1.3830709e+01 -1.3830590e+01 -1.3587119e+01 -1.3587006e+01 -1.1980159e+01 -1.1979947e+01 -1.1511802e+01 -1.1511559e+01 -5.1576415e+00 -5.1574439e+00 -4.6162318e+00 -4.6160678e+00 -2.8798619e+00 -2.8797504e+00 -2.8618356e+00 -2.8618353e+00 -2.4927944e+00 -2.4922982e+00 -2.1251196e+00 -2.1244481e+00 -1.5921968e+00 -1.5920274e+00 -1.5611609e+00 -1.5611608e+00 -1.1743488e+00 -1.1737046e+00 -7.3426960e-01 -7.3344636e-01 +9.8975441e-01 +9.8991951e-01 +1.3929218e+00 +1.3931024e+00 
-1.3851993e+01 -1.3851874e+01 -1.3583065e+01 -1.3582952e+01 -1.2004764e+01 -1.2004554e+01 -1.1483226e+01 -1.1482982e+01 -5.1604558e+00 -5.1602569e+00 -4.5389644e+00 -4.5388037e+00 -2.8861185e+00 -2.8860014e+00 -2.8608314e+00 -2.8608035e+00 -2.5212115e+00 -2.5207404e+00 -2.1224788e+00 -2.1218021e+00 -1.5335092e+00 -1.5333384e+00 -1.4871794e+00 -1.4870960e+00 -1.1821417e+00 -1.1815891e+00 -7.0664467e-01 -7.0581684e-01 +9.1727943e-01 +9.1744266e-01 +1.3827071e+00 +1.3828881e+00 
-1.3872883e+01 -1.3872764e+01 -1.3580196e+01 -1.3580085e+01 -1.2028317e+01 -1.2028109e+01 -1.1455576e+01 -1.1455330e+01 -5.1626291e+00 -5.1624291e+00 -4.4577462e+00 -4.4575890e+00 -2.8879118e+00 -2.8877899e+00 -2.8544800e+00 -2.8544087e+00 -2.5457676e+00 -2.5453378e+00 -2.1212670e+00 -2.1205864e+00 -1.4813033e+00 -1.4811313e+00 -1.4258936e+00 -1.4256513e+00 -1.1745394e+00 -1.1741534e+00 -6.8025608e-01 -6.7942358e-01 +8.4073895e-01 +8.4090018e-01 +1.3727035e+00 +1.3728849e+00 
-1.3893179e+01 -1.3893060e+01 -1.3578384e+01 -1.3578274e+01 -1.2050737e+01 -1.2050530e+01 -1.1429016e+01 -1.1428768e+01 -5.1645852e+00 -5.1643840e+00 -4.3733369e+00 -4.3731833e+00 -2.8848734e+00 -2.8847472e+00 -2.8441637e+00 -2.8440260e+00 -2.5644107e+00 -2.5640451e+00 -2.1214158e+00 -2.1207324e+00 -1.4374462e+00 -1.4372731e+00 -1.3879431e+00 -1.3874897e+00 -1.1425232e+00 -1.1423559e+00 -6.5527234e-01 -6.5443509e-01 +7.6099015e-01 +7.6114924e-01 +1.3639827e+00 +1.3641645e+00 
-1.3912692e+01 -1.3912572e+01 -1.3577488e+01 -1.3577379e+01 -1.2071938e+01 -1.2071734e+01 -1.1403708e+01 -1.1403458e+01 -5.1666434e+00 -5.1664412e+00 -4.2866625e+00 -4.2865127e+00 -2.8767056e+00 -2.8765758e+00 -2.8326796e+00 -2.8324465e+00 -2.5740094e+00 -2.5737371e+00 -2.1228357e+00 -2.1221506e+00 -1.4035722e+00 -1.4033981e+00 -1.3743798e+00 -1.3737707e+00 -1.0867941e+00 -1.0867903e+00 -6.3183109e-01 -6.3098905e-01 +6.7912711e-01 +6.7928390e-01 +1.3575173e+00 +1.3576995e+00 
-1.3931245e+01 -1.3931125e+01 -1.3577361e+01 -1.3577252e+01 -1.2091838e+01 -1.2091634e+01 -1.1379808e+01 -1.1379557e+01 -5.1690116e+00 -5.1688083e+00 -4.1988337e+00 -4.1986878e+00 -2.8631436e+00 -2.8630106e+00 -2.8240051e+00 -2.8236539e+00 -2.5705914e+00 -2.5704351e+00 -2.1254310e+00 -2.1247451e+00 -1.3809841e+00 -1.3808093e+00 -1.3756302e+00 -1.3749451e+00 -1.0189550e+00 -1.0188747e+00 -6.1003551e-01 -6.0918872e-01 +5.9654624e-01 +5.9670057e-01 +1.3540850e+00 +1.3542676e+00 
-1.3948678e+01 -1.3948559e+01 -1.3577855e+01 -1.3577747e+01 -1.2110351e+01 -1.2110149e+01 -1.1357467e+01 -1.1357214e+01 -5.1717883e+00 -5.1715842e+00 -4.1111598e+00 -4.1110177e+00 -2.8439308e+00 -2.8437952e+00 -2.8215447e+00 -2.8210790e+00 -2.5511030e+00 -2.5510586e+00 -2.1291173e+00 -2.1284317e+00 -1.3835239e+00 -1.3828051e+00 -1.3705365e+00 -1.3703610e+00 -9.4926091e-01 -9.4913886e-01 -5.8995674e-01 -5.8910536e-01 +5.1502257e-01 +5.1517424e-01 +1.3541769e+00 +1.3543600e+00 
-1.3964848e+01 -1.3964728e+01 -1.3578821e+01 -1.3578714e+01 -1.2127395e+01 -1.2127195e+01 -1.1336822e+01 -1.1336568e+01 -5.1749748e+00 -5.1747699e+00 -4.0251496e+00 -4.0250114e+00 -2.8259007e+00 -2.8253508e+00 -2.8188173e+00 -2.8186799e+00 -2.5156875e+00 -2.5156503e+00 -2.1338413e+00 -2.1331570e+00 -1.3939180e+00 -1.3931849e+00 -1.3725201e+00 -1.3723446e+00 -8.8435805e-01 -8.8421295e-01 -5.7164213e-01 -5.7078646e-01 +4.3677662e-01 +4.3692548e-01 +1.3579285e+00 +1.3581120e+00 
-1.3979626e+01 -1.3979505e+01 -1.3580118e+01 -1.3580012e+01 -1.2142891e+01 -1.2142692e+01 -1.1318003e+01 -1.1317748e+01 -5.1784926e+00 -5.1782869e+00 -3.9424877e+00 -3.9423532e+00 -2.8351678e+00 -2.8345662e+00 -2.7876006e+00 -2.7874615e+00 -2.4673094e+00 -2.4672241e+00 -2.1396042e+00 -2.1389225e+00 -1.4048305e+00 -1.4040919e+00 -1.3865651e+00 -1.3863903e+00 -8.2894577e-01 -8.2878611e-01 -5.5512649e-01 -5.5426695e-01 +3.6447602e-01 +3.6462201e-01 +1.3650915e+00 +1.3652753e+00 
-1.3992902e+01 -1.3992781e+01 -1.3581611e+01 -1.3581505e+01 -1.2156763e+01 -1.2156565e+01 -1.1301125e+01 -1.1300868e+01 -5.1822048e+00 -5.1819985e+00 -3.8649707e+00 -3.8648397e+00 -2.8469257e+00 -2.8462954e+00 -2.7502101e+00 -2.7500701e+00 -2.4098589e+00 -2.4097490e+00 -2.1464896e+00 -2.1458118e+00 -1.4152242e+00 -1.4144849e+00 -1.4115740e+00 -1.4114009e+00 -7.8673015e-01 -7.8656032e-01 -5.4044167e-01 -5.3957874e-01 +3.0105768e-01 +3.0120092e-01 +1.3750571e+00 +1.3752413e+00 
-1.4004581e+01 -1.4004460e+01 -1.3583174e+01 -1.3583069e+01 -1.2168941e+01 -1.2168744e+01 -1.1286290e+01 -1.1286033e+01 -5.1859389e+00 -5.1857319e+00 -3.7943958e+00 -3.7942679e+00 -2.8593069e+00 -2.8586609e+00 -2.7068806e+00 -2.7067401e+00 -2.3471889e+00 -2.3470683e+00 -2.1546928e+00 -2.1540203e+00 -1.4456772e+00 -1.4455073e+00 -1.4244920e+00 -1.4237550e+00 -7.6032632e-01 -7.6014909e-01 -5.2762137e-01 -5.2675558e-01 +2.4922362e-01 +2.4936455e-01 +1.3869276e+00 +1.3871121e+00 
-1.4014586e+01 -1.4014465e+01 -1.3584696e+01 -1.3584592e+01 -1.2179361e+01 -1.2179165e+01 -1.1273588e+01 -1.1273330e+01 -5.1895065e+00 -5.1892991e+00 -3.7324132e+00 -3.7322879e+00 -2.8710779e+00 -2.8704231e+00 -2.6583940e+00 -2.6582529e+00 -2.2830600e+00 -2.2829366e+00 -2.1645386e+00 -2.1638726e+00 -1.4861937e+00 -1.4860288e+00 -1.4322517e+00 -1.4315191e+00 -7.5049355e-01 -7.5031110e-01 -5.1670111e-01 -5.1583296e-01 +2.1060088e-01 +2.1074025e-01 +1.3996206e+00 +1.3998053e+00 
-1.4022852e+01 -1.4022731e+01 -1.3586080e+01 -1.3585976e+01 -1.2187967e+01 -1.2187772e+01 -1.1263094e+01 -1.1262835e+01 -5.1927220e+00 -5.1925141e+00 -3.6803793e+00 -3.6802561e+00 -2.8814516e+00 -2.8807920e+00 -2.6064035e+00 -2.6062605e+00 -2.2213941e+00 -2.2212729e+00 -2.1764374e+00 -2.1757783e+00 -1.5295927e+00 -1.5294351e+00 -1.4382773e+00 -1.4375508e+00 -7.5529300e-01 -7.5510722e-01 -5.0771540e-01 -5.0684538e-01 +1.8495520e-01 +1.8509392e-01 +1.4119874e+00 +1.4121724e+00 
-1.4029331e+01 -1.4029209e+01 -1.3587243e+01 -1.3587139e+01 -1.2194712e+01 -1.2194517e+01 -1.1254870e+01 -1.1254610e+01 -5.1954161e+00 -5.1952080e+00 -3.6392640e+00 -3.6391423e+00 -2.8899239e+00 -2.8892616e+00 -2.5538535e+00 -2.5537048e+00 -2.1906416e+00 -2.1899873e+00 -2.1664334e+00 -2.1663171e+00 -1.5714999e+00 -1.5713518e+00 -1.4425059e+00 -1.4417865e+00 -7.6995887e-01 -7.6977124e-01 -5.0069460e-01 -4.9982316e-01 +1.7011906e-01 +1.7025787e-01 +1.4229274e+00 +1.4231126e+00 
-1.4033984e+01 -1.4033862e+01 -1.3588120e+01 -1.3588017e+01 -1.2199557e+01 -1.2199363e+01 -1.1248961e+01 -1.1248701e+01 -5.1974476e+00 -5.1972393e+00 -3.6096500e+00 -3.6095293e+00 -2.8961713e+00 -2.8955076e+00 -2.5056087e+00 -2.5054462e+00 -2.2064913e+00 -2.2058345e+00 -2.1226452e+00 -2.1225349e+00 -1.6068992e+00 -1.6067618e+00 -1.4450787e+00 -1.4443665e+00 -7.8784356e-01 -7.8765506e-01 -4.9566283e-01 -4.9479039e-01 +1.6283202e-01 +1.6297130e-01 +1.4314857e+00 +1.4316709e+00 
-1.4036786e+01 -1.4036664e+01 -1.3588666e+01 -1.3588563e+01 -1.2202475e+01 -1.2202281e+01 -1.1245403e+01 -1.1245142e+01 -5.1987102e+00 -5.1985018e+00 -3.5918175e+00 -3.5916974e+00 -2.8999930e+00 -2.8993285e+00 -2.4693807e+00 -2.4691958e+00 -2.2208217e+00 -2.2201518e+00 -2.0942524e+00 -2.0941470e+00 -1.6307651e+00 -1.6306367e+00 -1.4463420e+00 -1.4456352e+00 -8.0208636e-01 -8.0189753e-01 -4.9263711e-01 -4.9176407e-01 +1.5992531e-01 +1.6006505e-01 +1.4369283e+00 +1.4371136e+00 
-1.4037721e+01 -1.4037600e+01 -1.3588851e+01 -1.3588748e+01 -1.2203450e+01 -1.2203256e+01 -1.1244214e+01 -1.1243954e+01 -5.1991385e+00 -5.1989300e+00 -3.5858666e+00 -3.5857466e+00 -2.9012786e+00 -2.9006139e+00 -2.4553800e+00 -2.4551812e+00 -2.2270575e+00 -2.2263775e+00 -2.0843960e+00 -2.0842924e+00 -1.6392143e+00 -1.6390895e+00 -1.4467009e+00 -1.4459962e+00 -8.0748500e-01 -8.0729609e-01 -4.9162744e-01 -4.9075421e-01 +1.5921235e-01 +1.5935228e-01 +1.4387948e+00 +1.4389801e+00 
-1.4043586e+01 -1.4031673e+01 -1.3594071e+01 -1.3583511e+01 -1.2209107e+01 -1.2197564e+01 -1.1246073e+01 -1.1242091e+01 -5.2066759e+00 -5.1913233e+00 -3.5904013e+00 -3.5811814e+00 -2.9802325e+00 -2.8200666e+00 -2.4655728e+00 -2.4449262e+00 -2.2781674e+00 -2.1741504e+00 -2.0892342e+00 -2.0788470e+00 -1.6473502e+00 -1.6315519e+00 -1.5073368e+00 -1.3851209e+00 -8.1296677e-01 -8.0181019e-01 -5.1237485e-01 -4.6989632e-01 +1.5912314e-01 +1.5927408e-01 +1.4333433e+00 +1.4444066e+00 
-1.4049350e+01 -1.4025728e+01 -1.3599234e+01 -1.3578296e+01 -1.2214727e+01 -1.2191840e+01 -1.1248018e+01 -1.1240133e+01 -5.2141224e+00 -5.1836730e+00 -3.5948849e+00 -3.5766080e+00 -3.0566767e+00 -2.7389470e+00 -2.4756279e+00 -2.4346887e+00 -2.3277900e+00 -2.1211974e+00 -2.0932839e+00 -2.0729686e+00 -1.6558594e+00 -1.6248517e+00 -1.5672466e+00 -1.3245536e+00 -8.1843509e-01 -7.9633125e-01 -5.3308416e-01 -4.4886303e-01 +1.5884601e-01 +1.5905646e-01 +1.4278722e+00 +1.4498044e+00 
-1.4054856e+01 -1.4019933e+01 -1.3604203e+01 -1.3573245e+01 -1.2220120e+01 -1.2186281e+01 -1.1249893e+01 -1.1238239e+01 -5.2212562e+00 -5.1762133e+00 -3.5991818e+00 -3.5721678e+00 -3.1291466e+00 -2.6590284e+00 -2.4852798e+00 -2.4247467e+00 -2.3749108e+00 -2.0962581e+00 -2.0685954e+00 -2.0669242e+00 -1.6644110e+00 -1.6253111e+00 -1.6193615e+00 -1.2655906e+00 -8.2369856e-01 -7.9105543e-01 -5.5298254e-01 -4.2844905e-01 +1.5836779e-01 +1.5873535e-01 +1.4225692e+00 +1.4549904e+00 
-1.4060019e+01 -1.4014394e+01 -1.3608895e+01 -1.3568446e+01 -1.2225199e+01 -1.2180987e+01 -1.1251666e+01 -1.1236440e+01 -5.2279650e+00 -5.1690765e+00 -3.6032202e+00 -3.5679413e+00 -3.1966260e+00 -2.5818205e+00 -2.4943706e+00 -2.4188943e+00 -2.4152777e+00 -2.0979231e+00 -2.0609173e+00 -2.0170803e+00 -1.6808351e+00 -1.6727559e+00 -1.6153942e+00 -1.2092107e+00 -8.2866479e-01 -7.8608174e-01 -5.7174259e-01 -4.0901664e-01 +1.5769586e-01 +1.5834228e-01 +1.4175289e+00 +1.4598779e+00 
-1.4064759e+01 -1.4009215e+01 -1.3613232e+01 -1.3563984e+01 -1.2229882e+01 -1.2176053e+01 -1.1253306e+01 -1.1234770e+01 -5.2341450e+00 -5.1623934e+00 -3.6069350e+00 -3.5640055e+00 -3.2582175e+00 -2.5088692e+00 -2.5027547e+00 -2.4591547e+00 -2.4064533e+00 -2.0980573e+00 -2.0551370e+00 -1.9673751e+00 -1.7331956e+00 -1.6806674e+00 -1.6132543e+00 -1.1564052e+00 -8.3324930e-01 -7.8150138e-01 -5.8906056e-01 -3.9091513e-01 +1.5685664e-01 +1.5790680e-01 +1.4128418e+00 +1.4643867e+00 
-1.4069006e+01 -1.4004497e+01 -1.3617144e+01 -1.3559939e+01 -1.2234095e+01 -1.2171570e+01 -1.1254787e+01 -1.1233257e+01 -5.2397018e+00 -5.1562910e+00 -3.6102682e+00 -3.5604330e+00 -3.3131393e+00 -2.5102996e+00 -2.4951620e+00 -2.4417193e+00 -2.3984357e+00 -2.0964682e+00 -2.0497559e+00 -1.9201846e+00 -1.7818308e+00 -1.6879429e+00 -1.6132203e+00 -1.1081563e+00 -8.3737650e-01 -7.7739476e-01 -6.0465953e-01 -3.7447460e-01 +1.5589351e-01 +1.5745883e-01 +1.4085921e+00 +1.4684442e+00 
-1.4072701e+01 -1.4000332e+01 -1.3620566e+01 -1.3556383e+01 -1.2237773e+01 -1.2167623e+01 -1.1256084e+01 -1.1231928e+01 -5.2445514e+00 -5.1508897e+00 -3.6131698e+00 -3.5572897e+00 -3.3607229e+00 -2.5264473e+00 -2.5168881e+00 -2.3913744e+00 -2.3818680e+00 -2.0930235e+00 -2.0449286e+00 -1.8762041e+00 -1.8262126e+00 -1.6944045e+00 -1.6155119e+00 -1.0654112e+00 -8.4098039e-01 -7.7382903e-01 -6.1829283e-01 -3.5999900e-01 +1.5486744e-01 +1.5702687e-01 +1.4048568e+00 +1.4719868e+00 
-1.4075791e+01 -1.3996802e+01 -1.3623443e+01 -1.3553381e+01 -1.2240860e+01 -1.2164284e+01 -1.1257175e+01 -1.1230807e+01 -5.2486211e+00 -5.1463002e+00 -3.6155982e+00 -3.5546340e+00 -3.4004083e+00 -2.5526069e+00 -2.5224193e+00 -2.3854027e+00 -2.3307144e+00 -2.0877161e+00 -2.0407891e+00 -1.8657862e+00 -1.8361590e+00 -1.6999004e+00 -1.6202280e+00 -1.0290530e+00 -8.4400503e-01 -7.7085666e-01 -6.2974694e-01 -3.4775935e-01 +1.5385473e-01 +1.5663650e-01 +1.4017034e+00 +1.4749599e+00 
-1.4078237e+01 -1.3993979e+01 -1.3625730e+01 -1.3550987e+01 -1.2243310e+01 -1.2161619e+01 -1.1258043e+01 -1.1229913e+01 -5.2518505e+00 -5.1426201e+00 -3.6175201e+00 -3.5525151e+00 -3.4317417e+00 -2.5733061e+00 -2.5268094e+00 -2.3806342e+00 -2.2895042e+00 -2.0807983e+00 -2.0374499e+00 -1.8998370e+00 -1.8009198e+00 -1.7043056e+00 -1.6272084e+00 -9.9986935e-01 -8.4640470e-01 -7.6851540e-01 -6.3884389e-01 -3.3798733e-01 +1.5294102e-01 +1.5630949e-01 +1.3991892e+00 +1.4773188e+00 
-1.4080006e+01 -1.3991920e+01 -1.3627390e+01 -1.3549246e+01 -1.2245086e+01 -1.2159677e+01 -1.1258673e+01 -1.1229263e+01 -5.2541917e+00 -5.1399302e+00 -3.6189102e+00 -3.5509728e+00 -3.4543722e+00 -2.5882812e+00 -2.5299926e+00 -2.3771606e+00 -2.2592767e+00 -2.0730648e+00 -2.0350000e+00 -1.9272094e+00 -1.7718056e+00 -1.7075224e+00 -1.6357101e+00 -9.7851905e-01 -8.4814394e-01 -7.6682983e-01 -6.4544328e-01 -3.3086962e-01 +1.5221182e-01 +1.5606324e-01 +1.3973600e+00 +1.4790285e+00 
-1.4081077e+01 -1.3990668e+01 -1.3628396e+01 -1.3548187e+01 -1.2246162e+01 -1.2158497e+01 -1.1259055e+01 -1.1228869e+01 -5.2556103e+00 -5.1382911e+00 -3.6197512e+00 -3.5500356e+00 -3.4680501e+00 -2.5973427e+00 -2.5319216e+00 -2.3750491e+00 -2.2408148e+00 -2.0663345e+00 -2.0335040e+00 -1.9458265e+00 -1.7512799e+00 -1.7094806e+00 -1.6436946e+00 -9.6550080e-01 -8.4919755e-01 -7.6581404e-01 -6.4944375e-01 -3.2654318e-01 +1.5174074e-01 +1.5591037e-01 +1.3962490e+00 +1.4800643e+00 
-1.4081435e+01 -1.3990247e+01 -1.3628734e+01 -1.3547833e+01 -1.2246522e+01 -1.2158101e+01 -1.1259184e+01 -1.1228736e+01 -5.2560855e+00 -5.1377404e+00 -3.6200326e+00 -3.5497213e+00 -3.4726260e+00 -2.6003760e+00 -2.5325677e+00 -2.3743407e+00 -2.2346057e+00 -2.0635100e+00 -2.0330009e+00 -1.9526306e+00 -1.7435148e+00 -1.7101381e+00 -1.6472499e+00 -9.6112606e-01 -8.4955043e-01 -7.6547480e-01 -6.5078407e-01 -3.2509166e-01 +1.5157779e-01 +1.5585855e-01 +1.3958764e+00 +1.4804112e+00 
-1.4079503e+01 -1.3988324e+01 -1.3633150e+01 -1.3552051e+01 -1.2239261e+01 -1.2151266e+01 -1.1264976e+01 -1.1234134e+01 -5.2474753e+00 -5.1299179e+00 -3.6343146e+00 -3.5667902e+00 -3.4696238e+00 -2.6155530e+00 -2.5290138e+00 -2.3711647e+00 -2.2325670e+00 -2.0507171e+00 -2.0179795e+00 -1.9349085e+00 -1.7488993e+00 -1.7178395e+00 -1.6541846e+00 -9.5485919e-01 -8.5479545e-01 -7.7057981e-01 -6.5653424e-01 -3.2803258e-01 +1.6130686e-01 +1.6553888e-01 +1.3888792e+00 +1.4725221e+00 
-1.4073719e+01 -1.3982568e+01 -1.3646043e+01 -1.3564382e+01 -1.2217877e+01 -1.2131126e+01 -1.1282193e+01 -1.1250185e+01 -5.2218298e+00 -5.1066200e+00 -3.6756348e+00 -3.6158591e+00 -3.4606260e+00 -2.6566354e+00 -2.5183766e+00 -2.3616603e+00 -2.2264649e+00 -2.0140196e+00 -1.9750802e+00 -1.8862467e+00 -1.7644417e+00 -1.7401559e+00 -1.6743968e+00 -9.3669049e-01 -8.7048157e-01 -7.8586366e-01 -6.7370049e-01 -3.3681826e-01 +1.8993145e-01 +1.9395312e-01 +1.3680611e+00 +1.4490710e+00 
-1.4064117e+01 -1.3973017e+01 -1.3666433e+01 -1.3583927e+01 -1.2183482e+01 -1.2098706e+01 -1.1310366e+01 -1.1276470e+01 -5.1796929e+00 -5.0683466e+00 -3.7400701e+00 -3.6915873e+00 -3.4456590e+00 -2.7145460e+00 -2.5007305e+00 -2.3458991e+00 -2.2163424e+00 -1.9581982e+00 -1.9097967e+00 -1.8158885e+00 -1.7885452e+00 -1.7744928e+00 -1.7061761e+00 -9.0827936e-01 -8.9646110e-01 -8.1123158e-01 -7.0203244e-01 -3.5133766e-01 +2.3589922e-01 +2.3937870e-01 +1.3339336e+00 +1.4106944e+00 
-1.4050755e+01 -1.3959740e+01 -1.3692930e+01 -1.3609402e+01 -1.2137689e+01 -1.2055502e+01 -1.1348749e+01 -1.1312320e+01 -5.1219345e+00 -5.0158998e+00 -3.8226807e+00 -3.7875682e+00 -3.4247680e+00 -2.7813707e+00 -2.4762053e+00 -2.3240046e+00 -2.2022721e+00 -1.8949545e+00 -1.8298421e+00 -1.8191467e+00 -1.8116353e+00 -1.7460031e+00 -1.7320224e+00 -9.3248508e-01 -8.7179211e-01 -8.4652138e-01 -7.4112035e-01 -3.7140638e-01 +2.9699779e-01 +2.9937997e-01 +1.2873205e+00 +1.3584156e+00 
-1.4033725e+01 -1.3942838e+01 -1.3723975e+01 -1.3639351e+01 -1.2082373e+01 -1.2003269e+01 -1.1396361e+01 -1.1356853e+01 -5.0497035e+00 -4.9503437e+00 -3.9186527e+00 -3.8978915e+00 -3.3980193e+00 -2.8518762e+00 -2.4449929e+00 -2.2961577e+00 -2.1843592e+00 -1.8945700e+00 -1.8541841e+00 -1.8025966e+00 -1.7833734e+00 -1.7299111e+00 -1.6402612e+00 -9.7819883e-01 -8.9149676e-01 -8.2943124e-01 -7.9040585e-01 -3.9676744e-01 +3.7071046e-01 +3.7123236e-01 +1.2293174e+00 +1.2935925e+00 
-1.4013154e+01 -1.3922449e+01 -1.3758041e+01 -1.3672327e+01 -1.2019474e+01 -1.1943842e+01 -1.1452042e+01 -1.1409011e+01 -4.9643720e+00 -4.8729565e+00 -4.0238256e+00 -4.0176977e+00 -3.3655026e+00 -2.9228526e+00 -2.4073592e+00 -2.2626057e+00 -2.1627446e+00 -1.9491204e+00 -1.8918538e+00 -1.8538587e+00 -1.6990818e+00 -1.6344604e+00 -1.5442926e+00 -1.0331356e+00 -9.4583730e-01 -8.4919563e-01 -7.8317637e-01 -4.2709195e-01 +4.5219150e-01 +4.5452500e-01 +1.1612432e+00 +1.2178524e+00 
-1.3989214e+01 -1.3898762e+01 -1.3793744e+01 -1.3707008e+01 -1.1950884e+01 -1.1879022e+01 -1.1514499e+01 -1.1467612e+01 -4.8674822e+00 -4.7851830e+00 -4.1431320e+00 -4.1347589e+00 -3.3273360e+00 -2.9923117e+00 -2.3636590e+00 -2.2236739e+00 -2.1376099e+00 -2.0114795e+00 -1.9306828e+00 -1.9100801e+00 -1.6068185e+00 -1.5347039e+00 -1.4466743e+00 -1.0967078e+00 -1.0091245e+00 -9.1667676e-01 -7.3470745e-01 -4.6197919e-01 +5.3974984e-01 +5.4597621e-01 +1.0845880e+00 +1.1330223e+00 
-1.3962135e+01 -1.3872021e+01 -1.3829902e+01 -1.3742248e+01 -1.1878401e+01 -1.1810533e+01 -1.1582352e+01 -1.1531378e+01 -4.7607004e+00 -4.6885928e+00 -4.2710909e+00 -4.2486130e+00 -3.2836721e+00 -3.0589721e+00 -2.3143555e+00 -2.1797812e+00 -2.1091847e+00 -2.0757798e+00 -1.9695056e+00 -1.9675027e+00 -1.5130473e+00 -1.4353396e+00 -1.3493389e+00 -1.1681951e+00 -1.0808232e+00 -9.9193237e-01 -6.8542295e-01 -5.0095540e-01 +6.3157103e-01 +6.4278957e-01 +1.0009646e+00 +1.0410597e+00 
-1.3932218e+01 -1.3865536e+01 -1.3842542e+01 -1.3777083e+01 -1.1803720e+01 -1.1740005e+01 -1.1654163e+01 -1.1598967e+01 -4.6457849e+00 -4.5848500e+00 -4.3989902e+00 -4.3629700e+00 -3.2347075e+00 -3.1219696e+00 -2.2600452e+00 -2.1396556e+00 -2.1314593e+00 -2.0777559e+00 -2.0243758e+00 -2.0074102e+00 -1.4205469e+00 -1.3387211e+00 -1.2538717e+00 -1.2467279e+00 -1.1602575e+00 -1.0739553e+00 -6.3648942e-01 -5.4347046e-01 +7.2553131e-01 +7.4279227e-01 +9.1206893e-01 +9.4399427e-01 
-1.3899894e+01 -1.3899810e+01 -1.3810769e+01 -1.3810684e+01 -1.1728531e+01 -1.1728381e+01 -1.1669061e+01 -1.1668915e+01 -4.5246998e+00 -4.5244458e+00 -4.4758246e+00 -4.4755728e+00 -3.1807566e+00 -3.1806351e+00 -2.2014976e+00 -2.2014809e+00 -2.0793894e+00 -2.0793661e+00 -2.0437488e+00 -2.0436145e+00 -1.3313605e+00 -1.3311661e+00 -1.2466762e+00 -1.2464810e+00 -1.1617162e+00 -1.1615990e+00 -5.8895675e-01 -5.8882568e-01 +8.1956139e-01 +8.1974941e-01 +8.4379080e-01 +8.4397699e-01 
-1.3899101e+01 -1.3899017e+01 -1.3810122e+01 -1.3810037e+01 -1.1728624e+01 -1.1728473e+01 -1.1669312e+01 -1.1669165e+01 -4.5267257e+00 -4.5264717e+00 -4.4781190e+00 -4.4778673e+00 -3.1788325e+00 -3.1787111e+00 -2.2061148e+00 -2.2061013e+00 -2.0842393e+00 -2.0842203e+00 -2.0435889e+00 -2.0434544e+00 -1.3333645e+00 -1.3331684e+00 -1.2495567e+00 -1.2493596e+00 -1.1612126e+00 -1.1610954e+00 -5.9023442e-01 -5.9010335e-01 +8.2345370e-01 +8.2364179e-01 +8.4806046e-01 +8.4824693e-01 
-1.3896733e+01 -1.3896649e+01 -1.3808192e+01 -1.3808107e+01 -1.1728905e+01 -1.1728753e+01 -1.1670064e+01 -1.1669916e+01 -4.5327372e+00 -4.5324831e+00 -4.4849190e+00 -4.4846675e+00 -3.1730700e+00 -3.1729482e+00 -2.2202740e+00 -2.2202631e+00 -2.0991000e+00 -2.0990920e+00 -2.0431286e+00 -2.0429937e+00 -1.3386579e+00 -1.3384566e+00 -1.2573997e+00 -1.2571971e+00 -1.1597091e+00 -1.1595920e+00 -5.9405393e-01 -5.9392289e-01 +8.3470408e-01 +8.3489207e-01 +8.6039188e-01 +8.6057884e-01 
-1.3892816e+01 -1.3892732e+01 -1.3805007e+01 -1.3804923e+01 -1.1729375e+01 -1.1729221e+01 -1.1671317e+01 -1.1671167e+01 -4.5425389e+00 -4.5422844e+00 -4.4959799e+00 -4.4957287e+00 -3.1634972e+00 -3.1633751e+00 -2.2447752e+00 -2.2447494e+00 -2.1247960e+00 -2.1247790e+00 -2.0424264e+00 -2.0422907e+00 -1.3452783e+00 -1.3450691e+00 -1.2680205e+00 -1.2678096e+00 -1.1572271e+00 -1.1571101e+00 -6.0037463e-01 -6.0024362e-01 +8.5211251e-01 +8.5229949e-01 +8.7944761e-01 +8.7963434e-01 
-1.3887395e+01 -1.3887311e+01 -1.3800617e+01 -1.3800533e+01 -1.1730040e+01 -1.1729884e+01 -1.1673068e+01 -1.1672915e+01 -4.5558155e+00 -4.5555607e+00 -4.5109113e+00 -4.5106604e+00 -3.1501617e+00 -3.1500392e+00 -2.2805564e+00 -2.2805067e+00 -2.1622986e+00 -2.1622563e+00 -2.0415795e+00 -2.0414429e+00 -1.3505493e+00 -1.3503305e+00 -1.2784247e+00 -1.2782036e+00 -1.1538017e+00 -1.1536848e+00 -6.0912806e-01 -6.0899711e-01 +8.7391419e-01 +8.7409835e-01 +9.0327689e-01 +9.0346162e-01 
-1.3880533e+01 -1.3880450e+01 -1.3795090e+01 -1.3795006e+01 -1.1730905e+01 -1.1730745e+01 -1.1675312e+01 -1.1675155e+01 -4.5721477e+00 -4.5718924e+00 -4.5292004e+00 -4.5289498e+00 -3.1331306e+00 -3.1330074e+00 -2.3282520e+00 -2.3281753e+00 -2.2122635e+00 -2.2121927e+00 -2.0407236e+00 -2.0405857e+00 -1.3517785e+00 -1.3515495e+00 -1.2855734e+00 -1.2853414e+00 -1.1494806e+00 -1.1493639e+00 -6.2021701e-01 -6.2008610e-01 +8.9804659e-01 +8.9822532e-01 +9.2962405e-01 +9.2980410e-01 
-1.3872312e+01 -1.3872229e+01 -1.3788512e+01 -1.3788429e+01 -1.1731973e+01 -1.1731810e+01 -1.1678041e+01 -1.1677880e+01 -4.5910306e+00 -4.5907745e+00 -4.5502413e+00 -4.5499908e+00 -3.1124906e+00 -3.1123666e+00 -2.3877999e+00 -2.3876963e+00 -2.2746222e+00 -2.2745231e+00 -2.0400321e+00 -2.0398927e+00 -1.3468753e+00 -1.3466369e+00 -1.2870679e+00 -1.2868259e+00 -1.1443228e+00 -1.1442063e+00 -6.3351435e-01 -6.3338350e-01 +9.2240343e-01 +9.2257364e-01 +9.5621212e-01 +9.5638426e-01 
-1.3862830e+01 -1.3862748e+01 -1.3780991e+01 -1.3780907e+01 -1.1733248e+01 -1.1733081e+01 -1.1681242e+01 -1.1681077e+01 -4.6118959e+00 -4.6116388e+00 -4.5733659e+00 -4.5731153e+00 -3.0883489e+00 -3.0882239e+00 -2.4582875e+00 -2.4581594e+00 -2.3484112e+00 -2.3482867e+00 -2.0397150e+00 -2.0395738e+00 -1.3346720e+00 -1.3344263e+00 -1.2815077e+00 -1.2812578e+00 -1.1383971e+00 -1.1382807e+00 -6.4886196e-01 -6.4873116e-01 +9.4503243e-01 +9.4519075e-01 +9.8095375e-01 +9.8111451e-01 
-1.3852206e+01 -1.3852123e+01 -1.3772649e+01 -1.3772566e+01 -1.1734729e+01 -1.1734557e+01 -1.1684897e+01 -1.1684727e+01 -4.6341353e+00 -4.6338767e+00 -4.5978761e+00 -4.5976248e+00 -3.0608337e+00 -3.0607076e+00 -2.5380777e+00 -2.5379289e+00 -2.4319110e+00 -2.4317651e+00 -2.0400170e+00 -2.0398739e+00 -1.3149004e+00 -1.3146503e+00 -1.2684654e+00 -1.2682105e+00 -1.1317795e+00 -1.1316634e+00 -6.6606995e-01 -6.6593921e-01 +9.6426504e-01 +9.6440812e-01 +1.0020814e+00 +1.0022273e+00 
-1.3840572e+01 -1.3840490e+01 -1.3763630e+01 -1.3763547e+01 -1.1736410e+01 -1.1736232e+01 -1.1688980e+01 -1.1688804e+01 -4.6571233e+00 -4.6568626e+00 -4.6230730e+00 -4.6228202e+00 -3.0300948e+00 -3.0299675e+00 -2.6250944e+00 -2.6249291e+00 -2.5229599e+00 -2.5227969e+00 -2.0412152e+00 -2.0410699e+00 -1.2879561e+00 -1.2877047e+00 -1.2482230e+00 -1.2479665e+00 -1.1245515e+00 -1.1244356e+00 -6.8491655e-01 -6.8478585e-01 +9.7878738e-01 +9.7891204e-01 +1.0182113e+00 +1.0183391e+00 
-1.3828081e+01 -1.3827999e+01 -1.3754090e+01 -1.3754007e+01 -1.1738279e+01 -1.1738095e+01 -1.1693456e+01 -1.1693273e+01 -4.6802402e+00 -4.6799765e+00 -4.6482837e+00 -4.6480284e+00 -2.9963045e+00 -2.9961759e+00 -2.7171111e+00 -2.7169330e+00 -2.6192657e+00 -2.6190899e+00 -2.0436144e+00 -2.0434668e+00 -1.2546227e+00 -1.2543736e+00 -1.2214704e+00 -1.2212159e+00 -1.1167966e+00 -1.1166809e+00 -7.0514909e-01 -7.0501844e-01 +9.8766819e-01 +9.8777161e-01 +1.0283628e+00 +1.0284696e+00 
-1.3814900e+01 -1.3814817e+01 -1.3744203e+01 -1.3744120e+01 -1.1740315e+01 -1.1740125e+01 -1.1698278e+01 -1.1698088e+01 -4.7028925e+00 -4.7026250e+00 -4.6728852e+00 -4.6726262e+00 -2.9596583e+00 -2.9595281e+00 -2.8119526e+00 -2.8117648e+00 -2.7186194e+00 -2.7184341e+00 -2.0475419e+00 -2.0473920e+00 -1.2158643e+00 -1.2156204e+00 -1.1890813e+00 -1.1888320e+00 -1.1085980e+00 -1.1084825e+00 -7.2648665e-01 -7.2635606e-01 +9.9035923e-01 +9.9043925e-01 +1.0319497e+00 +1.0320333e+00 
-1.3801211e+01 -1.3801127e+01 -1.3734156e+01 -1.3734071e+01 -1.1742489e+01 -1.1742292e+01 -1.1703392e+01 -1.1703195e+01 -4.7245330e+00 -4.7242604e+00 -4.6963244e+00 -4.6960602e+00 -2.9203755e+00 -2.9202437e+00 -2.9076000e+00 -2.9074050e+00 -2.8189991e+00 -2.8188069e+00 -2.0533395e+00 -2.0531873e+00 -1.1727050e+00 -1.1724693e+00 -1.1519884e+00 -1.1517473e+00 -1.1000347e+00 -1.0999194e+00 -7.4862470e-01 -7.4849420e-01 +9.8667972e-01 +9.8673567e-01 +1.0287576e+00 +1.0288167e+00 
-1.3787209e+01 -1.3787124e+01 -1.3724143e+01 -1.3724058e+01 -1.1744759e+01 -1.1744556e+01 -1.1708729e+01 -1.1708525e+01 -4.7446778e+00 -4.7443988e+00 -4.7181351e+00 -4.7178639e+00 -3.0022246e+00 -3.0020240e+00 -2.9185987e+00 -2.9184013e+00 -2.8787003e+00 -2.8785667e+00 -2.0613533e+00 -2.0611988e+00 -1.1261808e+00 -1.1259558e+00 -1.1111346e+00 -1.1109043e+00 -1.0911786e+00 -1.0910633e+00 -7.7124225e-01 -7.7111186e-01 +9.7679176e-01 +9.7682808e-01 +1.0189136e+00 +1.0189513e+00 
-1.3773099e+01 -1.3773014e+01 -1.3714371e+01 -1.3714285e+01 -1.1747076e+01 -1.1746866e+01 -1.1714212e+01 -1.1714002e+01 -4.7629219e+00 -4.7626352e+00 -4.7379522e+00 -4.7376723e+00 -3.0941810e+00 -3.0939756e+00 -3.0158151e+00 -3.0156134e+00 -2.8349020e+00 -2.8347665e+00 -2.0719209e+00 -2.0717642e+00 -1.0820905e+00 -1.0819752e+00 -1.0773337e+00 -1.0771215e+00 -1.0674682e+00 -1.0672511e+00 -7.9401156e-01 -7.9388137e-01 +9.6117075e-01 +9.6120766e-01 +1.0028529e+00 +1.0028864e+00 
-1.3759096e+01 -1.3759010e+01 -1.3705048e+01 -1.3704961e+01 -1.1749377e+01 -1.1749161e+01 -1.1719754e+01 -1.1719537e+01 -4.7789531e+00 -4.7786571e+00 -4.7555222e+00 -4.7552320e+00 -3.1819820e+00 -3.1817720e+00 -3.1092170e+00 -3.1090113e+00 -2.7892758e+00 -2.7891383e+00 -2.0853565e+00 -2.0851980e+00 -1.0728168e+00 -1.0727015e+00 -1.0272293e+00 -1.0270316e+00 -1.0219616e+00 -1.0217595e+00 -8.1661042e-01 -8.1648052e-01 +9.4059159e-01 +9.4065136e-01 +9.8129802e-01 +9.8135194e-01 
-1.3745419e+01 -1.3745331e+01 -1.3696382e+01 -1.3696293e+01 -1.1751593e+01 -1.1751370e+01 -1.1725259e+01 -1.1725035e+01 -4.7925623e+00 -4.7922558e+00 -4.7707110e+00 -4.7704088e+00 -3.2642696e+00 -3.2640548e+00 -3.1975103e+00 -3.1973003e+00 -2.7421427e+00 -2.7420031e+00 -2.1019349e+00 -2.1017748e+00 -1.0633863e+00 -1.0632708e+00 -9.7698701e-01 -9.7680502e-01 -9.7563622e-01 -9.7545063e-01 -8.3873607e-01 -8.3860659e-01 +9.1610511e-01 +9.1619537e-01 +9.5524085e-01 +9.5532440e-01 
-1.3732285e+01 -1.3732196e+01 -1.3688578e+01 -1.3688488e+01 -1.1753643e+01 -1.1753414e+01 -1.1730625e+01 -1.1730395e+01 -4.8036519e+00 -4.8033337e+00 -4.7835054e+00 -4.7831901e+00 -3.3397889e+00 -3.3395687e+00 -3.2795061e+00 -3.2792914e+00 -2.6938495e+00 -2.6937076e+00 -2.1218743e+00 -2.1217130e+00 -1.0538064e+00 -1.0536907e+00 -9.2961633e-01 -9.2944770e-01 -9.2778520e-01 -9.2761982e-01 -8.6011979e-01 -8.5999087e-01 +8.8899997e-01 +8.8912291e-01 +9.2590285e-01 +9.2601860e-01 
-1.3719911e+01 -1.3719820e+01 -1.3681830e+01 -1.3681738e+01 -1.1755444e+01 -1.1755210e+01 -1.1735752e+01 -1.1735516e+01 -4.8122384e+00 -4.8119079e+00 -4.7940091e+00 -4.7936801e+00 -3.4073704e+00 -3.4071442e+00 -3.3540959e+00 -3.3538756e+00 -2.6447678e+00 -2.6446236e+00 -2.1453216e+00 -2.1451595e+00 -1.0440614e+00 -1.0439453e+00 -8.8509001e-01 -8.8493849e-01 -8.8094626e-01 -8.8079677e-01 -8.8054033e-01 -8.8041213e-01 +8.6077622e-01 +8.6093203e-01 +8.9471244e-01 +8.9486078e-01 
-1.3708502e+01 -1.3708410e+01 -1.3676317e+01 -1.3676224e+01 -1.1756910e+01 -1.1756671e+01 -1.1740539e+01 -1.1740298e+01 -4.8184491e+00 -4.8181061e+00 -4.8024283e+00 -4.8020856e+00 -3.4659250e+00 -3.4656923e+00 -3.4202364e+00 -3.4200098e+00 -2.5952926e+00 -2.5951461e+00 -2.1723403e+00 -2.1721779e+00 -1.0341100e+00 -1.0339934e+00 -8.9983443e-01 -8.9970710e-01 -8.4340588e-01 -8.4327021e-01 -8.3785768e-01 -8.3772270e-01 +8.3310560e-01 +8.3329306e-01 +8.6327563e-01 +8.6345563e-01 
-1.3698250e+01 -1.3698156e+01 -1.3672198e+01 -1.3672104e+01 -1.1757957e+01 -1.1757713e+01 -1.1744893e+01 -1.1744647e+01 -4.8225090e+00 -4.8221538e+00 -4.8090461e+00 -4.8086905e+00 -3.5144527e+00 -3.5142136e+00 -3.4769469e+00 -3.4767136e+00 -2.5458397e+00 -2.5456908e+00 -2.2029036e+00 -2.2027414e+00 -1.0238847e+00 -1.0237673e+00 -9.1790282e-01 -9.1777651e-01 -8.0600839e-01 -8.0588611e-01 -8.0000258e-01 -7.9987961e-01 +8.0776728e-01 +8.0798370e-01 +8.3332875e-01 +8.3353815e-01 
-1.3689327e+01 -1.3689232e+01 -1.3669606e+01 -1.3669510e+01 -1.1758506e+01 -1.1758258e+01 -1.1748730e+01 -1.1748481e+01 -4.8247162e+00 -4.8243502e+00 -4.8141836e+00 -4.8138169e+00 -3.5520686e+00 -3.5518238e+00 -3.5233214e+00 -3.5230816e+00 -2.4968416e+00 -2.4966905e+00 -2.2368940e+00 -2.2367324e+00 -1.0132925e+00 -1.0131744e+00 -9.3471078e-01 -9.3458560e-01 -7.7440926e-01 -7.7429679e-01 -7.6887484e-01 -7.6876069e-01 +7.8654646e-01 +7.8678758e-01 +8.0666134e-01 +8.0689639e-01 
-1.3681879e+01 -1.3681782e+01 -1.3668643e+01 -1.3668547e+01 -1.1758490e+01 -1.1758240e+01 -1.1751983e+01 -1.1751732e+01 -4.8254049e+00 -4.8250300e+00 -4.8181505e+00 -4.8177753e+00 -3.5780412e+00 -3.5777919e+00 -3.5585566e+00 -3.5583112e+00 -2.4487423e+00 -2.4485888e+00 -2.2741074e+00 -2.2739468e+00 -1.0022178e+00 -1.0020987e+00 -9.5028308e-01 -9.5015909e-01 -7.5009273e-01 -7.4998609e-01 -7.4586096e-01 -7.4575243e-01 +7.7108799e-01 +7.7134791e-01 +7.8499697e-01 +7.8525237e-01 
-1.3676022e+01 -1.3675925e+01 -1.3669377e+01 -1.3669280e+01 -1.1757857e+01 -1.1757605e+01 -1.1754602e+01 -1.1754349e+01 -4.8248968e+00 -4.8245157e+00 -4.8211907e+00 -4.8208108e+00 -3.5918382e+00 -3.5915863e+00 -3.5819930e+00 -3.5817435e+00 -2.4019894e+00 -2.4018337e+00 -2.3142633e+00 -2.3141042e+00 -9.9052749e-01 -9.9040740e-01 -9.6469356e-01 -9.6457074e-01 -7.3437242e-01 -7.3426815e-01 -7.3207772e-01 -7.3197240e-01 +7.6271310e-01 +7.6298448e-01 +7.6983017e-01 +7.7009907e-01 
-1.3671901e+01 -1.3671799e+01 -1.3671778e+01 -1.3671686e+01 -1.1756673e+01 -1.1756455e+01 -1.1756428e+01 -1.1756193e+01 -4.8235434e+00 -4.8233422e+00 -4.8231400e+00 -4.8229802e+00 -3.5932629e+00 -3.5930668e+00 -3.5929998e+00 -3.5928260e+00 -2.3573710e+00 -2.3571869e+00 -2.3566722e+00 -2.3565406e+00 -9.7844982e-01 -9.7833268e-01 -9.7768225e-01 -9.7755491e-01 -7.2829866e-01 -7.2819266e-01 -7.2812202e-01 -7.2801979e-01 +7.6215255e-01 +7.6232062e-01 +7.6242894e-01 +7.6259329e-01 
-1.3671895e+01 -1.3671793e+01 -1.3671773e+01 -1.3671680e+01 -1.1756676e+01 -1.1756458e+01 -1.1756431e+01 -1.1756196e+01 -4.8236155e+00 -4.8234143e+00 -4.8232120e+00 -4.8230523e+00 -3.5941057e+00 -3.5939104e+00 -3.5938427e+00 -3.5936696e+00 -2.3556307e+00 -2.3554467e+00 -2.3549322e+00 -2.3548002e+00 -9.8000735e-01 -9.7989035e-01 -9.7924371e-01 -9.7911647e-01 -7.2712725e-01 -7.2702137e-01 -7.2695520e-01 -7.2685289e-01 +7.6214500e-01 +7.6231306e-01 +7.6242138e-01 +7.6258573e-01 
-1.3671878e+01 -1.3671776e+01 -1.3671755e+01 -1.3671663e+01 -1.1756685e+01 -1.1756467e+01 -1.1756440e+01 -1.1756206e+01 -4.8238266e+00 -4.8236254e+00 -4.8234231e+00 -4.8232636e+00 -3.5965664e+00 -3.5963731e+00 -3.5963036e+00 -3.5961325e+00 -2.3505310e+00 -2.3503476e+00 -2.3498335e+00 -2.3497005e+00 -9.8450651e-01 -9.8438982e-01 -9.8375351e-01 -9.8362660e-01 -7.2376881e-01 -7.2366330e-01 -7.2360945e-01 -7.2350688e-01 +7.6212288e-01 +7.6229090e-01 +7.6239923e-01 +7.6256357e-01 
-1.3671850e+01 -1.3671749e+01 -1.3671728e+01 -1.3671636e+01 -1.1756700e+01 -1.1756482e+01 -1.1756455e+01 -1.1756221e+01 -4.8241621e+00 -4.8239608e+00 -4.8237585e+00 -4.8235993e+00 -3.6004492e+00 -3.6002591e+00 -3.6001868e+00 -3.6000187e+00 -2.3424263e+00 -2.3422437e+00 -2.3417304e+00 -2.3415956e+00 -9.9147578e-01 -9.9135936e-01 -9.9073747e-01 -9.9061105e-01 -7.1864071e-01 -7.1853579e-01 -7.1849950e-01 -7.1839644e-01 +7.6208773e-01 +7.6225567e-01 +7.6236402e-01 +7.6252835e-01 
-1.3671815e+01 -1.3671713e+01 -1.3671693e+01 -1.3671600e+01 -1.1756720e+01 -1.1756502e+01 -1.1756475e+01 -1.1756240e+01 -4.8245985e+00 -4.8243973e+00 -4.8241949e+00 -4.8240361e+00 -3.6054526e+00 -3.6052665e+00 -3.6051906e+00 -3.6050264e+00 -2.3318760e+00 -2.3316945e+00 -2.3311817e+00 -2.3310447e+00 -1.0002592e+00 -1.0001428e+00 -9.9953666e-01 -9.9941087e-01 -7.1230591e-01 -7.1220176e-01 -7.1218526e-01 -7.1208147e-01 +7.6204196e-01 +7.6220982e-01 +7.6231819e-01 +7.6248250e-01 
-1.3671773e+01 -1.3671672e+01 -1.3671651e+01 -1.3671559e+01 -1.1756742e+01 -1.1756524e+01 -1.1756497e+01 -1.1756263e+01 -4.8251058e+00 -4.8249046e+00 -4.8247022e+00 -4.8245437e+00 -3.6112008e+00 -3.6110191e+00 -3.6109392e+00 -3.6107794e+00 -2.3196022e+00 -2.3194220e+00 -2.3189097e+00 -2.3187700e+00 -1.0101316e+00 -1.0100147e+00 -1.0094235e+00 -1.0092984e+00 -7.0535615e-01 -7.0525604e-01 -7.0525289e-01 -7.0515131e-01 +7.6198874e-01 +7.6215650e-01 +7.6226489e-01 +7.6242919e-01 
-1.3671729e+01 -1.3671627e+01 -1.3671607e+01 -1.3671514e+01 -1.1756766e+01 -1.1756548e+01 -1.1756521e+01 -1.1756287e+01 -4.8256490e+00 -4.8254478e+00 -4.8252453e+00 -4.8250873e+00 -3.6172790e+00 -3.6171019e+00 -3.6170178e+00 -3.6168626e+00 -2.3064394e+00 -2.3062606e+00 -2.3057485e+00 -2.3056057e+00 -1.0203763e+00 -1.0202585e+00 -1.0196801e+00 -1.0195558e+00 -6.9833458e-01 -6.9825336e-01 -6.9823228e-01 -6.9814757e-01 +7.6193170e-01 +7.6209936e-01 +7.6220777e-01 +7.6237205e-01 
-1.3671685e+01 -1.3671583e+01 -1.3671563e+01 -1.3671470e+01 -1.1756791e+01 -1.1756573e+01 -1.1756546e+01 -1.1756311e+01 -4.8261910e+00 -4.8259898e+00 -4.8257872e+00 -4.8256296e+00 -3.6232672e+00 -3.6230945e+00 -3.6230064e+00 -3.6228556e+00 -2.2932786e+00 -2.2931012e+00 -2.2925888e+00 -2.2924430e+00 -1.0303259e+00 -1.0302068e+00 -1.0296387e+00 -1.0295152e+00 -6.9170061e-01 -6.9163576e-01 -6.9159926e-01 -6.9152886e-01 +7.6187475e-01 +7.6204230e-01 +7.6215074e-01 +7.6231500e-01 
-1.3671643e+01 -1.3671542e+01 -1.3671521e+01 -1.3671429e+01 -1.1756813e+01 -1.1756595e+01 -1.1756568e+01 -1.1756334e+01 -4.8266949e+00 -4.8264937e+00 -4.8262910e+00 -4.8261339e+00 -3.6287693e+00 -3.6286006e+00 -3.6285088e+00 -3.6283620e+00 -2.2810102e+00 -2.2808341e+00 -2.2803212e+00 -2.2801724e+00 -1.0393798e+00 -1.0392592e+00 -1.0386989e+00 -1.0385760e+00 -6.8582229e-01 -6.8577089e-01 -6.8572183e-01 -6.8566296e-01 +7.6182176e-01 +7.6198921e-01 +7.6209766e-01 +7.6226191e-01 
-1.3671608e+01 -1.3671506e+01 -1.3671486e+01 -1.3671393e+01 -1.1756833e+01 -1.1756615e+01 -1.1756588e+01 -1.1756353e+01 -4.8271268e+00 -4.8269256e+00 -4.8267228e+00 -4.8265661e+00 -3.6334360e+00 -3.6332707e+00 -3.6331759e+00 -3.6330324e+00 -2.2704671e+00 -2.2702922e+00 -2.2697786e+00 -2.2696271e+00 -1.0470153e+00 -1.0468932e+00 -1.0463384e+00 -1.0462161e+00 -6.8098202e-01 -6.8094103e-01 -6.8088231e-01 -6.8083221e-01 +7.6177630e-01 +7.6194367e-01 +7.6205214e-01 +7.6221637e-01 
-1.3671580e+01 -1.3671479e+01 -1.3671458e+01 -1.3671366e+01 -1.1756847e+01 -1.1756629e+01 -1.1756602e+01 -1.1756368e+01 -4.8274577e+00 -4.8272564e+00 -4.8270536e+00 -4.8268972e+00 -3.6369817e+00 -3.6368188e+00 -3.6367218e+00 -3.6365807e+00 -2.2623697e+00 -2.2621957e+00 -2.2616814e+00 -2.2615279e+00 -1.0528001e+00 -1.0526768e+00 -1.0521254e+00 -1.0520036e+00 -6.7738622e-01 -6.7735262e-01 -6.7728708e-01 -6.7724310e-01 +7.6174146e-01 +7.6190876e-01 +7.6201725e-01 +7.6218147e-01 
-1.3671563e+01 -1.3671462e+01 -1.3671441e+01 -1.3671349e+01 -1.1756857e+01 -1.1756639e+01 -1.1756612e+01 -1.1756377e+01 -4.8276654e+00 -4.8274642e+00 -4.8272613e+00 -4.8271051e+00 -3.6391953e+00 -3.6390339e+00 -3.6389355e+00 -3.6387959e+00 -2.2572754e+00 -2.2571019e+00 -2.2565871e+00 -2.2564323e+00 -1.0564076e+00 -1.0562834e+00 -1.0557339e+00 -1.0556125e+00 -6.7517488e-01 -6.7514568e-01 -6.7507611e-01 -6.7503574e-01 +7.6171957e-01 +7.6188683e-01 +7.6199533e-01 +7.6215954e-01 
-1.3671558e+01 -1.3671456e+01 -1.3671435e+01 -1.3671343e+01 -1.1756860e+01 -1.1756642e+01 -1.1756615e+01 -1.1756380e+01 -4.8277362e+00 -4.8275350e+00 -4.8273321e+00 -4.8271759e+00 -3.6399476e+00 -3.6397867e+00 -3.6396878e+00 -3.6395488e+00 -2.2555369e+00 -2.2553637e+00 -2.2548487e+00 -2.2546934e+00 -1.0576333e+00 -1.0575088e+00 -1.0569600e+00 -1.0568386e+00 -6.7442894e-01 -6.7440121e-01 -6.7433029e-01 -6.7429112e-01 +7.6171210e-01 +7.6187935e-01 +7.6198785e-01 +7.6215206e-01 
-1.3672426e+01 -1.3672324e+01 -1.3672304e+01 -1.3672211e+01 -1.1756525e+01 -1.1756307e+01 -1.1756280e+01 -1.1756046e+01 -4.8273577e+00 -4.8271565e+00 -4.8269556e+00 -4.8267994e+00 -3.6338091e+00 -3.6336486e+00 -3.6335506e+00 -3.6334119e+00 -2.2571380e+00 -2.2569650e+00 -2.2564501e+00 -2.2562951e+00 -1.0574035e+00 -1.0572790e+00 -1.0567333e+00 -1.0566118e+00 -6.7889892e-01 -6.7887484e-01 -6.7879953e-01 -6.7876323e-01 +7.6576902e-01 +7.6593640e-01 +7.6604050e-01 +7.6620474e-01 
-1.3675012e+01 -1.3674911e+01 -1.3674890e+01 -1.3674798e+01 -1.1755531e+01 -1.1755313e+01 -1.1755288e+01 -1.1755053e+01 -4.8261484e+00 -4.8259471e+00 -4.8257518e+00 -4.8255957e+00 -3.6155346e+00 -3.6153754e+00 -3.6152800e+00 -3.6151420e+00 -2.2618877e+00 -2.2617156e+00 -2.2612011e+00 -2.2610468e+00 -1.0568114e+00 -1.0566870e+00 -1.0561512e+00 -1.0560292e+00 -6.9194542e-01 -6.9193267e-01 -6.9184346e-01 -6.9181636e-01 +7.7760052e-01 +7.7776828e-01 +7.7785960e-01 +7.7802393e-01 
-1.3679257e+01 -1.3679157e+01 -1.3679135e+01 -1.3679044e+01 -1.1753910e+01 -1.1753692e+01 -1.1753669e+01 -1.1753435e+01 -4.8239013e+00 -4.8237000e+00 -4.8235134e+00 -4.8233574e+00 -3.5855343e+00 -3.5853771e+00 -3.5852855e+00 -3.5851487e+00 -2.2696286e+00 -2.2694577e+00 -2.2689439e+00 -2.2687910e+00 -1.0561601e+00 -1.0560358e+00 -1.0555184e+00 -1.0553955e+00 -7.1252799e-01 -7.1252045e-01 -7.1241350e-01 -7.1240370e-01 +7.9624852e-01 +7.9641691e-01 +7.9648819e-01 +7.9665262e-01 
-1.3685069e+01 -1.3684970e+01 -1.3684947e+01 -1.3684857e+01 -1.1751714e+01 -1.1751496e+01 -1.1751477e+01 -1.1751243e+01 -4.8203165e+00 -4.8201153e+00 -4.8199397e+00 -4.8197840e+00 -3.5444520e+00 -3.5442978e+00 -3.5442103e+00 -3.5440755e+00 -2.2801060e+00 -2.2799369e+00 -2.2794243e+00 -2.2792731e+00 -1.0559953e+00 -1.0558711e+00 -1.0553836e+00 -1.0552590e+00 -7.3903053e-01 -7.3899112e-01 -7.3889554e-01 -7.3887678e-01 +8.2029027e-01 +8.2045947e-01 +8.2050505e-01 +8.2066955e-01 
-1.3692322e+01 -1.3692224e+01 -1.3692200e+01 -1.3692112e+01 -1.1749012e+01 -1.1748795e+01 -1.1748780e+01 -1.1748545e+01 -4.8150549e+00 -4.8148538e+00 -4.8146905e+00 -4.8145353e+00 -3.4931211e+00 -3.4929707e+00 -3.4928871e+00 -3.4927550e+00 -2.2929786e+00 -2.2928116e+00 -2.2923010e+00 -2.2921520e+00 -1.0571723e+00 -1.0570480e+00 -1.0566068e+00 -1.0564796e+00 -7.6932381e-01 -7.6923656e-01 -7.6917692e-01 -7.6911354e-01 +8.4803009e-01 +8.4820027e-01 +8.4821615e-01 +8.4838060e-01 
-1.3700861e+01 -1.3700765e+01 -1.3700740e+01 -1.3700653e+01 -1.1745885e+01 -1.1745668e+01 -1.1745658e+01 -1.1745424e+01 -4.8077917e+00 -4.8075907e+00 -4.8074402e+00 -4.8072856e+00 -3.4325237e+00 -3.4323783e+00 -3.4322974e+00 -3.4321692e+00 -2.3078283e+00 -2.3076639e+00 -2.3071562e+00 -2.3070095e+00 -1.0609418e+00 -1.0608166e+00 -1.0604450e+00 -1.0603132e+00 -8.0086070e-01 -8.0070370e-01 -8.0070321e-01 -8.0057293e-01 +8.7767560e-01 +8.7783065e-01 +8.7784690e-01 +8.7799489e-01 
-1.3710510e+01 -1.3710416e+01 -1.3710389e+01 -1.3710304e+01 -1.1742422e+01 -1.1742205e+01 -1.1742201e+01 -1.1741967e+01 -4.7982619e+00 -4.7980611e+00 -4.7979232e+00 -4.7977694e+00 -3.3637661e+00 -3.3636272e+00 -3.3635472e+00 -3.3634242e+00 -2.3241670e+00 -2.3240054e+00 -2.3235019e+00 -2.3233579e+00 -1.0689628e+00 -1.0688353e+00 -1.0685624e+00 -1.0684229e+00 -8.3074260e-01 -8.3057890e-01 -8.3048945e-01 -8.3035450e-01 +9.0747089e-01 +9.0759408e-01 +9.0764345e-01 +9.0775782e-01 
-1.3721074e+01 -1.3720981e+01 -1.3720953e+01 -1.3720869e+01 -1.1738717e+01 -1.1738502e+01 -1.1738501e+01 -1.1738269e+01 -4.7862922e+00 -4.7860917e+00 -4.7859655e+00 -4.7858128e+00 -3.2880765e+00 -3.2879459e+00 -3.2878646e+00 -3.2877489e+00 -2.3414350e+00 -2.3412766e+00 -2.3407792e+00 -2.3406382e+00 -1.0829909e+00 -1.0828569e+00 -1.0827100e+00 -1.0825581e+00 -8.5607511e-01 -8.5591196e-01 -8.5570369e-01 -8.5556974e-01 +9.3578455e-01 +9.3587653e-01 +9.3595858e-01 +9.3603936e-01 
-1.3732347e+01 -1.3732255e+01 -1.3732226e+01 -1.3732144e+01 -1.1734864e+01 -1.1734656e+01 -1.1734649e+01 -1.1734422e+01 -4.7718202e+00 -4.7716201e+00 -4.7715042e+00 -4.7713527e+00 -3.2068309e+00 -3.2067114e+00 -3.2066257e+00 -3.2065204e+00 -2.3589858e+00 -2.3588309e+00 -2.3583425e+00 -2.3582046e+00 -1.1040168e+00 -1.1038701e+00 -1.1038594e+00 -1.1036902e+00 -8.7483363e-01 -8.7467721e-01 -8.7434034e-01 -8.7421153e-01 +9.6116380e-01 +9.6122739e-01 +9.6133963e-01 +9.6138870e-01 
-1.3744114e+01 -1.3744024e+01 -1.3743994e+01 -1.3743912e+01 -1.1730953e+01 -1.1730751e+01 -1.1730738e+01 -1.1730518e+01 -4.7549021e+00 -4.7547026e+00 -4.7545954e+00 -4.7544453e+00 -3.1216153e+00 -3.1215113e+00 -3.1214171e+00 -3.1213271e+00 -2.3760449e+00 -2.3758940e+00 -2.3754190e+00 -2.3752846e+00 -1.1314028e+00 -1.1313494e+00 -1.1312381e+00 -1.1311604e+00 -8.8670838e-01 -8.8656125e-01 -8.8611210e-01 -8.8598940e-01 +9.8236783e-01 +9.8241113e-01 +9.8254489e-01 +9.8257115e-01 
-1.3756161e+01 -1.3756071e+01 -1.3756040e+01 -1.3755960e+01 -1.1727067e+01 -1.1726872e+01 -1.1726852e+01 -1.1726639e+01 -4.7357129e+00 -4.7355141e+00 -4.7354139e+00 -4.7352655e+00 -3.0343414e+00 -3.0342600e+00 -3.0341514e+00 -3.0340841e+00 -2.3916240e+00 -2.3914777e+00 -2.3910232e+00 -2.3908926e+00 -1.1630863e+00 -1.1630646e+00 -1.1628809e+00 -1.1628782e+00 -8.9289152e-01 -8.9275275e-01 -8.9222081e-01 -8.9210282e-01 +9.9839220e-01 +9.9843405e-01 +9.9856433e-01 +9.9859856e-01 
-1.3768273e+01 -1.3768185e+01 -1.3768153e+01 -1.3768074e+01 -1.1723279e+01 -1.1723092e+01 -1.1723066e+01 -1.1722859e+01 -4.7145409e+00 -4.7143431e+00 -4.7142480e+00 -4.7141014e+00 -2.9474476e+00 -2.9474009e+00 -2.9472680e+00 -2.9472359e+00 -2.4043526e+00 -2.4042119e+00 -2.4037896e+00 -2.4036634e+00 -1.1965259e+00 -1.1964547e+00 -1.1963016e+00 -1.1962540e+00 -8.9506425e-01 -8.9493168e-01 -8.9434414e-01 -8.9422903e-01 +1.0085011e+00 +1.0085590e+00 +1.0086682e+00 +1.0087277e+00 
-1.3780245e+01 -1.3780157e+01 -1.3780125e+01 -1.3780046e+01 -1.1719656e+01 -1.1719475e+01 -1.1719442e+01 -1.1719243e+01 -4.6917780e+00 -4.6915811e+00 -4.6914896e+00 -4.6913449e+00 -2.8642404e+00 -2.8642315e+00 -2.8640902e+00 -2.8640662e+00 -2.4121787e+00 -2.4120448e+00 -2.4116746e+00 -2.4115539e+00 -1.2293646e+00 -1.2292615e+00 -1.2291278e+00 -1.2290477e+00 -8.9467144e-01 -8.9454312e-01 -8.9391948e-01 -8.9380585e-01 +1.0122511e+00 +1.0123306e+00 +1.0124151e+00 +1.0125011e+00 
-1.3791878e+01 -1.3791791e+01 -1.3791759e+01 -1.3791680e+01 -1.1716248e+01 -1.1716075e+01 -1.1716036e+01 -1.1715842e+01 -4.6679069e+00 -4.6677112e+00 -4.6676218e+00 -4.6674791e+00 -2.7893742e+00 -2.7892760e+00 -2.7892421e+00 -2.7891298e+00 -2.4119706e+00 -2.4118448e+00 -2.4115587e+00 -2.4114445e+00 -1.2597006e+00 -1.2595770e+00 -1.2594554e+00 -1.2593543e+00 -8.9274088e-01 -8.9261543e-01 -8.9196839e-01 -8.9185541e-01 +1.0095088e+00 +1.0096098e+00 +1.0096703e+00 +1.0097811e+00 
-1.3802988e+01 -1.3802901e+01 -1.3802869e+01 -1.3802791e+01 -1.1713100e+01 -1.1712932e+01 -1.1712888e+01 -1.1712700e+01 -4.6434865e+00 -4.6432920e+00 -4.6432035e+00 -4.6430629e+00 -2.7286151e+00 -2.7284991e+00 -2.7283849e+00 -2.7282611e+00 -2.3995981e+00 -2.3994797e+00 -2.3993181e+00 -2.3992105e+00 -1.2859764e+00 -1.2858392e+00 -1.2857267e+00 -1.2856120e+00 -8.8995173e-01 -8.8982825e-01 -8.8916592e-01 -8.8905313e-01 +1.0004791e+00 +1.0005998e+00 +1.0006381e+00 +1.0007713e+00 
-1.3813403e+01 -1.3813316e+01 -1.3813284e+01 -1.3813205e+01 -1.1710242e+01 -1.1710081e+01 -1.1710031e+01 -1.1709849e+01 -4.6191338e+00 -4.6189406e+00 -4.6188521e+00 -4.6187136e+00 -2.6867328e+00 -2.6866205e+00 -2.6863480e+00 -2.6862413e+00 -2.3721556e+00 -2.3720429e+00 -2.3720265e+00 -2.3719241e+00 -1.3069273e+00 -1.3067813e+00 -1.3066772e+00 -1.3065537e+00 -8.8674214e-01 -8.8662009e-01 -8.8594773e-01 -8.8583492e-01 +9.8573046e-01 +9.8586810e-01 +9.8588705e-01 +9.8603952e-01 
-1.3822967e+01 -1.3822880e+01 -1.3822848e+01 -1.3822769e+01 -1.1707698e+01 -1.1707542e+01 -1.1707487e+01 -1.1707310e+01 -4.5955042e+00 -4.5953122e+00 -4.5952231e+00 -4.5950867e+00 -2.6633789e+00 -2.6632590e+00 -2.6628648e+00 -2.6627634e+00 -2.3319208e+00 -2.3319178e+00 -2.3318229e+00 -2.3318167e+00 -1.3216228e+00 -1.3214711e+00 -1.3213762e+00 -1.3212471e+00 -8.8339462e-01 -8.8327369e-01 -8.8259485e-01 -8.8248196e-01 +9.6621238e-01 +9.6636387e-01 +9.6636644e-01 +9.6653491e-01 
-1.3831540e+01 -1.3831453e+01 -1.3831422e+01 -1.3831343e+01 -1.1705483e+01 -1.1705332e+01 -1.1705273e+01 -1.1705100e+01 -4.5732685e+00 -4.5730777e+00 -4.5729875e+00 -4.5728532e+00 -2.6532677e+00 -2.6531393e+00 -2.6526717e+00 -2.6525686e+00 -2.2860565e+00 -2.2859775e+00 -2.2859758e+00 -2.2858895e+00 -1.3296171e+00 -1.3294619e+00 -1.3293774e+00 -1.3292446e+00 -8.8009600e-01 -8.7997602e-01 -8.7929322e-01 -8.7918028e-01 +9.4325662e-01 +9.4340809e-01 +9.4341863e-01 +9.4358910e-01 
-1.3839002e+01 -1.3838915e+01 -1.3838884e+01 -1.3838804e+01 -1.1703605e+01 -1.1703458e+01 -1.1703396e+01 -1.1703227e+01 -4.5530883e+00 -4.5528986e+00 -4.5528072e+00 -4.5526747e+00 -2.6506476e+00 -2.6505136e+00 -2.6500056e+00 -2.6498999e+00 -2.2416050e+00 -2.2415449e+00 -2.2414784e+00 -2.2414128e+00 -1.3311730e+00 -1.3310161e+00 -1.3309425e+00 -1.3308075e+00 -8.7698024e-01 -8.7686112e-01 -8.7617619e-01 -8.7606331e-01 +9.1855136e-01 +9.1870025e-01 +9.1872055e-01 +9.1889034e-01 
-1.3845249e+01 -1.3845161e+01 -1.3845131e+01 -1.3845051e+01 -1.1702069e+01 -1.1701926e+01 -1.1701860e+01 -1.1701695e+01 -4.5355889e+00 -4.5354001e+00 -4.5353074e+00 -4.5351766e+00 -2.6516025e+00 -2.6514653e+00 -2.6509353e+00 -2.6508277e+00 -2.2032291e+00 -2.2031925e+00 -2.2030755e+00 -2.2030346e+00 -1.3274472e+00 -1.3272897e+00 -1.3272270e+00 -1.3270907e+00 -8.7416078e-01 -8.7404250e-01 -8.7335678e-01 -8.7324408e-01 +8.9407210e-01 +8.9421852e-01 +8.9424539e-01 +8.9441447e-01 
-1.3850196e+01 -1.3850108e+01 -1.3850078e+01 -1.3849997e+01 -1.1700877e+01 -1.1700736e+01 -1.1700668e+01 -1.1700505e+01 -4.5213316e+00 -4.5211436e+00 -4.5210498e+00 -4.5209204e+00 -2.6538572e+00 -2.6537183e+00 -2.6531761e+00 -2.6530674e+00 -2.1731737e+00 -2.1731591e+00 -2.1730050e+00 -2.1729862e+00 -1.3204701e+00 -1.3203129e+00 -1.3202597e+00 -1.3201230e+00 -8.7175401e-01 -8.7163652e-01 -8.7095091e-01 -8.7083849e-01 +8.7195261e-01 +8.7209682e-01 +8.7212750e-01 +8.7229593e-01 
-1.3853776e+01 -1.3853689e+01 -1.3853659e+01 -1.3853578e+01 -1.1700026e+01 -1.1699888e+01 -1.1699818e+01 -1.1699657e+01 -4.5107876e+00 -4.5106001e+00 -4.5105055e+00 -4.5103771e+00 -2.6561367e+00 -2.6559969e+00 -2.6554479e+00 -2.6553385e+00 -2.1520610e+00 -2.1520537e+00 -2.1518834e+00 -2.1518727e+00 -1.3128107e+00 -1.3126542e+00 -1.3126084e+00 -1.3124718e+00 -8.6988939e-01 -8.6977259e-01 -8.6908757e-01 -8.6897547e-01 +8.5428589e-01 +8.5442832e-01 +8.5446076e-01 +8.5462866e-01 
-1.3855944e+01 -1.3855856e+01 -1.3855827e+01 -1.3855745e+01 -1.1699517e+01 -1.1699379e+01 -1.1699309e+01 -1.1699148e+01 -4.5043128e+00 -4.5041257e+00 -4.5040305e+00 -4.5039028e+00 -2.6577383e+00 -2.6575981e+00 -2.6570457e+00 -2.6569360e+00 -2.1396779e+00 -2.1396601e+00 -2.1394947e+00 -2.1394761e+00 -1.3069863e+00 -1.3068304e+00 -1.3067892e+00 -1.3066529e+00 -8.6869958e-01 -8.6858325e-01 -8.6789882e-01 -8.6778698e-01 +8.4286595e-01 +8.4300722e-01 +8.4304021e-01 +8.4320778e-01 
-1.3856669e+01 -1.3856582e+01 -1.3856552e+01 -1.3856471e+01 -1.1699347e+01 -1.1699210e+01 -1.1699139e+01 -1.1698979e+01 -4.5021294e+00 -4.5019423e+00 -4.5018470e+00 -4.5017195e+00 -2.6583083e+00 -2.6581679e+00 -2.6576144e+00 -2.6575047e+00 -2.1356106e+00 -2.1355888e+00 -2.1354258e+00 -2.1354036e+00 -1.3048231e+00 -1.3046674e+00 -1.3046278e+00 -1.3044916e+00 -8.6828947e-01 -8.6817331e-01 -8.6748913e-01 -8.6737738e-01 +8.3891444e-01 +8.3905530e-01 +8.3908839e-01 +8.3925584e-01 
-1.3862409e+01 -1.3862324e+01 -1.3850770e+01 -1.3850685e+01 -1.1703118e+01 -1.1702970e+01 -1.1695353e+01 -1.1695204e+01 -4.5051612e+00 -4.5049078e+00 -4.4988522e+00 -4.4986005e+00 -2.7300576e+00 -2.7299329e+00 -2.5845762e+00 -2.5844509e+00 -2.1443985e+00 -2.1443773e+00 -2.1265488e+00 -2.1265259e+00 -1.3111268e+00 -1.3109426e+00 -1.2979844e+00 -1.2977976e+00 -9.0411418e-01 -9.0400243e-01 -8.3176953e-01 -8.3165334e-01 +8.3705499e-01 +8.3724180e-01 +8.4067960e-01 +8.4086726e-01 
-1.3868064e+01 -1.3867980e+01 -1.3844986e+01 -1.3844902e+01 -1.1706910e+01 -1.1706761e+01 -1.1691517e+01 -1.1691368e+01 -4.5081776e+00 -4.5079243e+00 -4.4956646e+00 -4.4954127e+00 -2.7997073e+00 -2.7995830e+00 -2.5111495e+00 -2.5110240e+00 -2.1530445e+00 -2.1530240e+00 -2.1176376e+00 -2.1176136e+00 -1.3169504e+00 -1.3167676e+00 -1.2910297e+00 -1.2908415e+00 -9.3991198e-01 -9.3980233e-01 -7.9629759e-01 -7.9617917e-01 +8.3495160e-01 +8.3513882e-01 +8.4209092e-01 +8.4227816e-01 
-1.3873484e+01 -1.3873399e+01 -1.3839364e+01 -1.3839279e+01 -1.1710557e+01 -1.1710408e+01 -1.1687798e+01 -1.1687650e+01 -4.5110426e+00 -4.5107894e+00 -4.4925258e+00 -4.4922739e+00 -2.8658543e+00 -2.8657305e+00 -2.4390017e+00 -2.4388762e+00 -2.1613181e+00 -2.1612983e+00 -2.1089273e+00 -2.1089021e+00 -1.3220525e+00 -1.3218709e+00 -1.2840658e+00 -1.2838763e+00 -9.7477101e-01 -9.7466321e-01 -7.6201469e-01 -7.6189411e-01 +8.3274123e-01 +8.3292866e-01 +8.4319225e-01 +8.4337926e-01 
-1.3878580e+01 -1.3878496e+01 -1.3834002e+01 -1.3833917e+01 -1.1713999e+01 -1.1713850e+01 -1.1684264e+01 -1.1684116e+01 -4.5137154e+00 -4.5134620e+00 -4.4894940e+00 -4.4892421e+00 -2.9275448e+00 -2.9274214e+00 -2.3695134e+00 -2.3693882e+00 -2.1690885e+00 -2.1690693e+00 -2.1005521e+00 -2.1005254e+00 -1.3262915e+00 -1.3261107e+00 -1.2772743e+00 -1.2770835e+00 -1.0081880e+00 -1.0080816e+00 -7.2946592e-01 -7.2934332e-01 +8.3049867e-01 +8.3068625e-01 +8.4397435e-01 +8.4416117e-01 
-1.3883273e+01 -1.3883189e+01 -1.3829001e+01 -1.3828916e+01 -1.1717179e+01 -1.1717030e+01 -1.1680976e+01 -1.1680829e+01 -4.5161593e+00 -4.5159058e+00 -4.4866286e+00 -4.4863768e+00 -2.9839314e+00 -2.9838084e+00 -2.3041030e+00 -2.3039788e+00 -2.1762357e+00 -2.1762171e+00 -2.0926249e+00 -2.0925961e+00 -1.3295605e+00 -1.3293800e+00 -1.2708282e+00 -1.2706364e+00 -1.0396694e+00 -1.0395640e+00 -6.9918719e-01 -6.9906273e-01 +8.2830011e-01 +8.2848781e-01 +8.4445012e-01 +8.4463679e-01 
-1.3887489e+01 -1.3887405e+01 -1.3824454e+01 -1.3824369e+01 -1.1720046e+01 -1.1719896e+01 -1.1677994e+01 -1.1677847e+01 -4.5183421e+00 -4.5180885e+00 -4.4839893e+00 -4.4837374e+00 -3.0342727e+00 -3.0341501e+00 -2.2442113e+00 -2.2440892e+00 -2.1826518e+00 -2.1826337e+00 -2.0852159e+00 -2.0851839e+00 -1.3318029e+00 -1.3316219e+00 -1.2648889e+00 -1.2646962e+00 -1.0687232e+00 -1.0686179e+00 -6.7169598e-01 -6.7156985e-01 +8.2622010e-01 +8.2640789e-01 +8.4465441e-01 +8.4484095e-01 
-1.3891166e+01 -1.3891082e+01 -1.3820446e+01 -1.3820361e+01 -1.1722552e+01 -1.1722402e+01 -1.1675371e+01 -1.1675224e+01 -4.5202360e+00 -4.5199823e+00 -4.4816344e+00 -4.4813826e+00 -3.0779318e+00 -3.0778095e+00 -2.1913074e+00 -2.1911899e+00 -2.1882416e+00 -2.1882237e+00 -2.0783040e+00 -2.0782666e+00 -1.3330324e+00 -1.3328502e+00 -1.2596022e+00 -1.2594087e+00 -1.0948453e+00 -1.0947392e+00 -6.4748037e-01 -6.4735278e-01 +8.2432860e-01 +8.2451646e-01 +8.4464161e-01 +8.4482804e-01 
-1.3894248e+01 -1.3894164e+01 -1.3817055e+01 -1.3816970e+01 -1.1724659e+01 -1.1724509e+01 -1.1673157e+01 -1.1673010e+01 -4.5218175e+00 -4.5215637e+00 -4.4796192e+00 -4.4793674e+00 -3.1143742e+00 -3.1142522e+00 -2.1929262e+00 -2.1929089e+00 -2.1469630e+00 -2.1468547e+00 -2.0716532e+00 -2.0716056e+00 -1.3333564e+00 -1.3331720e+00 -1.2550957e+00 -1.2549016e+00 -1.1175021e+00 -1.1173942e+00 -6.2698672e-01 -6.2685790e-01 +8.2268863e-01 +8.2287655e-01 +8.4448070e-01 +8.4466704e-01 
-1.3896692e+01 -1.3896608e+01 -1.3814346e+01 -1.3814261e+01 -1.1726333e+01 -1.1726183e+01 -1.1671390e+01 -1.1671243e+01 -4.5230673e+00 -4.5228135e+00 -4.4779936e+00 -4.4777418e+00 -3.1431656e+00 -3.1430439e+00 -2.1966377e+00 -2.1966207e+00 -2.1130906e+00 -2.1130027e+00 -2.0645322e+00 -2.0644634e+00 -1.3329961e+00 -1.3328088e+00 -1.2514768e+00 -1.2512823e+00 -1.1361162e+00 -1.1360056e+00 -6.1060640e-01 -6.1047661e-01 +8.2135425e-01 +8.2154222e-01 +8.4424786e-01 +8.4443413e-01 
-1.3898463e+01 -1.3898378e+01 -1.3812372e+01 -1.3812287e+01 -1.1727548e+01 -1.1727398e+01 -1.1670104e+01 -1.1669958e+01 -4.5239707e+00 -4.5237168e+00 -4.4767999e+00 -4.4765481e+00 -3.1639699e+00 -3.1638484e+00 -2.1993255e+00 -2.1993086e+00 -2.0917562e+00 -2.0917022e+00 -2.0558490e+00 -2.0557460e+00 -1.3322865e+00 -1.3320958e+00 -1.2488304e+00 -1.2486355e+00 -1.1500700e+00 -1.1499564e+00 -5.9866224e-01 -5.9853175e-01 +8.2036905e-01 +8.2055705e-01 +8.4401724e-01 +8.4420346e-01 
-1.3899535e+01 -1.3899451e+01 -1.3811172e+01 -1.3811087e+01 -1.1728284e+01 -1.1728134e+01 -1.1669323e+01 -1.1669177e+01 -4.5245170e+00 -4.5242630e+00 -4.4760701e+00 -4.4758184e+00 -3.1765480e+00 -3.1764265e+00 -2.2009527e+00 -2.2009360e+00 -2.0819881e+00 -2.0819584e+00 -2.0473052e+00 -2.0471774e+00 -1.3316266e+00 -1.3314333e+00 -1.2472179e+00 -1.2470228e+00 -1.1587595e+00 -1.1586433e+00 -5.9139581e-01 -5.9126488e-01 +8.1976494e-01 +8.1995296e-01 +8.4385105e-01 +8.4403725e-01 
-1.3899894e+01 -1.3899810e+01 -1.3810769e+01 -1.3810684e+01 -1.1728531e+01 -1.1728381e+01 -1.1669061e+01 -1.1668915e+01 -4.5246998e+00 -4.5244458e+00 -4.4758246e+00 -4.4755728e+00 -3.1807566e+00 -3.1806351e+00 -2.2014976e+00 -2.2014809e+00 -2.0793894e+00 -2.0793661e+00 -2.0437488e+00 -2.0436145e+00 -1.3313605e+00 -1.3311661e+00 -1.2466762e+00 -1.2464810e+00 -1.1617162e+00 -1.1615990e+00 -5.8895675e-01 -5.8882568e-01 +8.1956139e-01 +8.1974941e-01 +8.4379080e-01 +8.4397699e-01 
-1.4037721e+01 -1.4037600e+01 -1.3588851e+01 -1.3588748e+01 -1.2203450e+01 -1.2203256e+01 -1.1244214e+01 -1.1243954e+01 -5.1991385e+00 -5.1989300e+00 -3.5858666e+00 -3.5857466e+00 -2.9012786e+00 -2.9006139e+00 -2.4553800e+00 -2.4551812e+00 -2.2270575e+00 -2.2263775e+00 -2.0843960e+00 -2.0842924e+00 -1.6392143e+00 -1.6390895e+00 -1.4467009e+00 -1.4459962e+00 -8.0748500e-01 -8.0729609e-01 -4.9162744e-01 -4.9075421e-01 +1.5921235e-01 +1.5935228e-01 +1.4387948e+00 +1.4389801e+00 
-1.4035788e+01 -1.4035666e+01 -1.3593181e+01 -1.3593078e+01 -1.2196391e+01 -1.2196197e+01 -1.1249812e+01 -1.1249552e+01 -5.1909177e+00 -5.1907100e+00 -3.6015706e+00 -3.6014502e+00 -2.8987305e+00 -2.8980656e+00 -2.4519571e+00 -2.4517584e+00 -2.2378655e+00 -2.2371916e+00 -2.0677873e+00 -2.0676894e+00 -1.6496960e+00 -1.6495743e+00 -1.4338822e+00 -1.4331803e+00 -8.1292193e-01 -8.1273387e-01 -4.9576621e-01 -4.9489422e-01 +1.6904352e-01 +1.6918350e-01 +1.4314615e+00 +1.4316464e+00 
-1.4029999e+01 -1.4029878e+01 -1.3605831e+01 -1.3605727e+01 -1.2175598e+01 -1.2175403e+01 -1.1266454e+01 -1.1266196e+01 -5.1664328e+00 -5.1662273e+00 -3.6468451e+00 -3.6467234e+00 -2.8910987e+00 -2.8904334e+00 -2.4417114e+00 -2.4415131e+00 -2.2658426e+00 -2.2651705e+00 -2.0230056e+00 -2.0229078e+00 -1.6778378e+00 -1.6777156e+00 -1.3994067e+00 -1.3987032e+00 -8.2917398e-01 -8.2898837e-01 -5.0814062e-01 -5.0727222e-01 +1.9791290e-01 +1.9805305e-01 +1.4096503e+00 +1.4098338e+00 
-1.4020392e+01 -1.4020271e+01 -1.3625858e+01 -1.3625753e+01 -1.2142141e+01 -1.2141945e+01 -1.1293696e+01 -1.1293441e+01 -5.1262059e+00 -5.1260039e+00 -3.7170404e+00 -3.7169165e+00 -2.8784213e+00 -2.8777552e+00 -2.4247132e+00 -2.4245154e+00 -2.3049947e+00 -2.3043179e+00 -1.9575912e+00 -1.9574859e+00 -1.7185141e+00 -1.7183837e+00 -1.3499004e+00 -1.3491867e+00 -8.5606645e-01 -8.5588463e-01 -5.2862328e-01 -5.2776054e-01 +2.4410560e-01 +2.4424610e-01 +1.3739169e+00 +1.3740982e+00 
-1.4007031e+01 -1.4006911e+01 -1.3651920e+01 -1.3651814e+01 -1.2097582e+01 -1.2097384e+01 -1.1330832e+01 -1.1330581e+01 -5.0710733e+00 -5.0708760e+00 -3.8064606e+00 -3.8063340e+00 -2.8607634e+00 -2.8600962e+00 -2.4010839e+00 -2.4008869e+00 -2.3514405e+00 -2.3507590e+00 -1.8775859e+00 -1.8774712e+00 -1.7681038e+00 -1.7679628e+00 -1.2902638e+00 -1.2895363e+00 -8.9331271e-01 -8.9313566e-01 -5.5699715e-01 -5.5614175e-01 +3.0519732e-01 +3.0533842e-01 +1.3251551e+00 +1.3253333e+00 
-1.3990012e+01 -1.3989893e+01 -1.3682505e+01 -1.3682398e+01 -1.2043737e+01 -1.2043538e+01 -1.1376931e+01 -1.1376684e+01 -5.0021421e+00 -5.0019505e+00 -3.9097261e+00 -3.9095959e+00 -2.8382195e+00 -2.8375509e+00 -2.4022642e+00 -2.4015801e+00 -2.3710026e+00 -2.3708066e+00 -1.8267873e+00 -1.8266325e+00 -1.7851853e+00 -1.7850662e+00 -1.2239527e+00 -1.2232111e+00 -9.4051894e-01 -9.4034723e-01 -5.9294993e-01 -5.9210304e-01 +3.7846938e-01 +3.7861143e-01 +1.2645517e+00 +1.2647264e+00 
-1.3969469e+01 -1.3969351e+01 -1.3716121e+01 -1.3716013e+01 -1.1982500e+01 -1.1982297e+01 -1.1430883e+01 -1.1430642e+01 -4.9207385e+00 -4.9205533e+00 -4.0223186e+00 -4.0221843e+00 -2.8109174e+00 -2.8102472e+00 -2.4551638e+00 -2.4544789e+00 -2.3347155e+00 -2.3345209e+00 -1.8863767e+00 -1.8862139e+00 -1.6904107e+00 -1.6902843e+00 -1.1535916e+00 -1.1528370e+00 -9.9718757e-01 -9.9702139e-01 -6.3606854e-01 -6.3523094e-01 +4.6121367e-01 +4.6135709e-01 +1.1935324e+00 +1.1937031e+00 
-1.3945584e+01 -1.3945466e+01 -1.3751414e+01 -1.3751304e+01 -1.1915720e+01 -1.1915514e+01 -1.1491452e+01 -1.1491216e+01 -4.8283571e+00 -4.8281787e+00 -4.1405902e+00 -4.1404511e+00 -2.7790239e+00 -2.7783519e+00 -2.5083762e+00 -2.5076920e+00 -2.2925489e+00 -2.2923559e+00 -1.9493651e+00 -1.9491950e+00 -1.5919956e+00 -1.5918636e+00 -1.0812633e+00 -1.0804968e+00 -1.0627170e+00 -1.0625563e+00 -6.8583515e-01 -6.8500725e-01 +5.5088884e-01 +5.5103414e-01 +1.1137023e+00 +1.1138688e+00 
-1.3918594e+01 -1.3918478e+01 -1.3787214e+01 -1.3787103e+01 -1.1845160e+01 -1.1844950e+01 -1.1557308e+01 -1.1557078e+01 -4.7266168e+00 -4.7264456e+00 -4.2615728e+00 -4.2614281e+00 -2.7427528e+00 -2.7420787e+00 -2.5605790e+00 -2.5598963e+00 -2.2449248e+00 -2.2447340e+00 -2.0129170e+00 -2.0127409e+00 -1.4935625e+00 -1.4934256e+00 -1.1363961e+00 -1.1362406e+00 -1.0086710e+00 -1.0078934e+00 -7.4162482e-01 -7.4080679e-01 +6.4515987e-01 +6.4530760e-01 +1.0267908e+00 +1.0269530e+00 
-1.3888809e+01 -1.3888694e+01 -1.3822549e+01 -1.3822436e+01 -1.1772485e+01 -1.1772270e+01 -1.1627062e+01 -1.1626837e+01 -4.6172302e+00 -4.6170660e+00 -4.3827691e+00 -4.3826184e+00 -2.7023757e+00 -2.7016994e+00 -2.6107821e+00 -2.6101014e+00 -2.1923820e+00 -2.1921938e+00 -2.0754271e+00 -2.0752461e+00 -1.3972433e+00 -1.3971019e+00 -1.2173914e+00 -1.2172408e+00 -9.3724828e-01 -9.3646028e-01 -8.0270447e-01 -8.0189636e-01 +7.4187215e-01 +7.4202283e-01 +9.3460534e-01 +9.3476338e-01 
-1.3856669e+01 -1.3856582e+01 -1.3856552e+01 -1.3856471e+01 -1.1699347e+01 -1.1699210e+01 -1.1699139e+01 -1.1698979e+01 -4.5021294e+00 -4.5019423e+00 -4.5018470e+00 -4.5017195e+00 -2.6583083e+00 -2.6581679e+00 -2.6576144e+00 -2.6575047e+00 -2.1356106e+00 -2.1355888e+00 -2.1354258e+00 -2.1354036e+00 -1.3048231e+00 -1.3046674e+00 -1.3046278e+00 -1.3044916e+00 -8.6828947e-01 -8.6817331e-01 -8.6748913e-01 -8.6737738e-01 +8.3891444e-01 +8.3905530e-01 +8.3908839e-01 +8.3925584e-01 
-1.3671901e+01 -1.3671799e+01 -1.3671778e+01 -1.3671686e+01 -1.1756673e+01 -1.1756455e+01 -1.1756428e+01 -1.1756193e+01 -4.8235434e+00 -4.8233422e+00 -4.8231400e+00 -4.8229802e+00 -3.5932629e+00 -3.5930668e+00 -3.5929998e+00 -3.5928260e+00 -2.3573710e+00 -2.3571869e+00 -2.3566722e+00 -2.3565406e+00 -9.7844982e-01 -9.7833268e-01 -9.7768225e-01 -9.7755491e-01 -7.2829866e-01 -7.2819266e-01 -7.2812202e-01 -7.2801979e-01 +7.6215255e-01 +7.6232062e-01 +7.6242894e-01 +7.6259329e-01 
-1.3673076e+01 -1.3672987e+01 -1.3670582e+01 -1.3670494e+01 -1.1759204e+01 -1.1759060e+01 -1.1753730e+01 -1.1753585e+01 -4.8360723e+00 -4.8357634e+00 -4.8243276e+00 -4.8240163e+00 -3.5821824e+00 -3.5819392e+00 -3.5710362e+00 -3.5707956e+00 -2.3797833e+00 -2.3797438e+00 -2.3331845e+00 -2.3331606e+00 -1.0076505e+00 -1.0076426e+00 -9.4931116e-01 -9.4929404e-01 -7.6791528e-01 -7.6782814e-01 -7.4929859e-01 -7.4921046e-01 +7.7755564e-01 +7.7779632e-01 +7.9080561e-01 +7.9104622e-01 
-1.3674271e+01 -1.3674185e+01 -1.3669350e+01 -1.3669264e+01 -1.1761742e+01 -1.1761602e+01 -1.1750940e+01 -1.1750801e+01 -4.8603279e+00 -4.8600408e+00 -4.8380819e+00 -4.8377902e+00 -3.5389450e+00 -3.5387124e+00 -3.5179324e+00 -3.5177032e+00 -2.4012208e+00 -2.4011765e+00 -2.3089732e+00 -2.3089531e+00 -1.0375816e+00 -1.0375648e+00 -9.2213381e-01 -9.2210895e-01 -8.6089525e-01 -8.6080389e-01 -8.2673781e-01 -8.2664392e-01 +8.3225899e-01 +8.3248712e-01 +8.5565656e-01 +8.5588501e-01 
-1.3675395e+01 -1.3675315e+01 -1.3668166e+01 -1.3668086e+01 -1.1764077e+01 -1.1763947e+01 -1.1748211e+01 -1.1748081e+01 -4.8923859e+00 -4.8921287e+00 -4.8615609e+00 -4.8612986e+00 -3.4669296e+00 -3.4667112e+00 -3.4380581e+00 -3.4378423e+00 -2.4209109e+00 -2.4208616e+00 -2.2849049e+00 -2.2848863e+00 -1.0670777e+00 -1.0670506e+00 -9.9306582e-01 -9.9297095e-01 -9.4732686e-01 -9.4722773e-01 -8.9698158e-01 -8.9694919e-01 +9.1320842e-01 +9.1341937e-01 +9.4274478e-01 +9.4295666e-01 
-1.3676421e+01 -1.3676349e+01 -1.3667064e+01 -1.3666991e+01 -1.1766167e+01 -1.1766048e+01 -1.1745624e+01 -1.1745506e+01 -4.9280061e+00 -4.9277831e+00 -4.8905930e+00 -4.8903657e+00 -3.3710207e+00 -3.3708159e+00 -3.3364282e+00 -3.3362243e+00 -2.4385454e+00 -2.4384915e+00 -2.2616485e+00 -2.2616275e+00 -1.1506538e+00 -1.1505583e+00 -1.0965431e+00 -1.0964417e+00 -1.0953384e+00 -1.0953006e+00 -8.7429839e-01 -8.7425923e-01 +1.0060706e+00 +1.0062618e+00 +1.0384613e+00 +1.0386539e+00 
-1.3677328e+01 -1.3677265e+01 -1.3666073e+01 -1.3666009e+01 -1.1767977e+01 -1.1767872e+01 -1.1743262e+01 -1.1743159e+01 -4.9634315e+00 -4.9632446e+00 -4.9211468e+00 -4.9209569e+00 -3.2564889e+00 -3.2562947e+00 -3.2181322e+00 -3.2179365e+00 -2.4538696e+00 -2.4538118e+00 -2.2399470e+00 -2.2399208e+00 -1.3226656e+00 -1.3225733e+00 -1.2622804e+00 -1.2621809e+00 -1.1214986e+00 -1.1214504e+00 -8.5446534e-01 -8.5442032e-01 +1.0993290e+00 +1.0994983e+00 +1.1323673e+00 +1.1325382e+00 
-1.3678095e+01 -1.3678042e+01 -1.3665219e+01 -1.3665166e+01 -1.1769481e+01 -1.1769394e+01 -1.1741203e+01 -1.1741117e+01 -4.9957194e+00 -4.9955690e+00 -4.9499257e+00 -4.9497740e+00 -3.1288118e+00 -3.1286241e+00 -3.0884394e+00 -3.0882481e+00 -2.4666763e+00 -2.4666152e+00 -2.2206003e+00 -2.2205678e+00 -1.5002754e+00 -1.5001907e+00 -1.4347420e+00 -1.4346494e+00 -1.1446503e+00 -1.1445925e+00 -8.3780301e-01 -8.3775311e-01 +1.1846835e+00 +1.1848280e+00 +1.2170641e+00 +1.2172102e+00 
-1.3678707e+01 -1.3678666e+01 -1.3664527e+01 -1.3664486e+01 -1.1770663e+01 -1.1770595e+01 -1.1739517e+01 -1.1739450e+01 -5.0227216e+00 -5.0226075e+00 -4.9744778e+00 -4.9743641e+00 -2.9945585e+00 -2.9943747e+00 -2.9538316e+00 -2.9536422e+00 -2.4768013e+00 -2.4767376e+00 -2.2044265e+00 -2.2043878e+00 -1.6749862e+00 -1.6749145e+00 -1.6045966e+00 -1.6045165e+00 -1.1638830e+00 -1.1638169e+00 -8.2457282e-01 -8.2451907e-01 +1.2563099e+00 +1.2564255e+00 +1.2874123e+00 +1.2875294e+00 
-1.3679151e+01 -1.3679123e+01 -1.3664016e+01 -1.3663988e+01 -1.1771511e+01 -1.1771463e+01 -1.1738263e+01 -1.1738217e+01 -5.0429496e+00 -5.0428711e+00 -4.9930940e+00 -4.9930181e+00 -2.8640568e+00 -2.8638826e+00 -2.8246321e+00 -2.8244508e+00 -2.4841203e+00 -2.4840548e+00 -2.1922006e+00 -2.1921569e+00 -1.8353905e+00 -1.8353377e+00 -1.7596663e+00 -1.7596058e+00 -1.1783481e+00 -1.1782754e+00 -8.1497776e-01 -8.1492126e-01 +1.3101594e+00 +1.3102411e+00 +1.3399007e+00 +1.3399836e+00 
-1.3679418e+01 -1.3679403e+01 -1.3663701e+01 -1.3663686e+01 -1.1772018e+01 -1.1771990e+01 -1.1737488e+01 -1.1737463e+01 -5.0554396e+00 -5.0553941e+00 -5.0046675e+00 -5.0046287e+00 -2.7578677e+00 -2.7577389e+00 -2.7209109e+00 -2.7207757e+00 -2.4885461e+00 -2.4884795e+00 -2.1845723e+00 -2.1845252e+00 -1.9603339e+00 -1.9603039e+00 -1.8786770e+00 -1.8786441e+00 -1.1873419e+00 -1.1872650e+00 -8.0916277e-01 -8.0910459e-01 +1.3435269e+00 +1.3435695e+00 +1.3722518e+00 +1.3722954e+00 
-1.3679505e+01 -1.3679499e+01 -1.3663591e+01 -1.3663588e+01 -1.1772185e+01 -1.1772169e+01 -1.1737223e+01 -1.1737212e+01 -5.0596570e+00 -5.0596303e+00 -5.0085832e+00 -5.0085735e+00 -2.7136272e+00 -2.7136268e+00 -2.6781164e+00 -2.6781098e+00 -2.4900271e+00 -2.4899601e+00 -2.1819781e+00 -2.1819298e+00 -2.0111801e+00 -2.0111625e+00 -1.9261883e+00 -1.9261866e+00 -1.1903949e+00 -1.1903167e+00 -8.0721477e-01 -8.0715604e-01 +1.3548361e+00 +1.3548386e+00 +1.3831839e+00 +1.3831914e+00 
-1.3671326e+01 -1.3671286e+01 -1.3671204e+01 -1.3671173e+01 -1.1755040e+01 -1.1754847e+01 -1.1754827e+01 -1.1754606e+01 -5.0443726e+00 -5.0441677e+00 -5.0441028e+00 -5.0439374e+00 -2.7776284e+00 -2.7775818e+00 -2.7774645e+00 -2.7774332e+00 -2.2220852e+00 -2.2219183e+00 -2.2215217e+00 -2.2213991e+00 -1.9895894e+00 -1.9894826e+00 -1.9894017e+00 -1.9892996e+00 -9.7544153e-01 -9.7531018e-01 -9.7465163e-01 -9.7453166e-01 +1.3689420e+00 +1.3690419e+00 +1.3691235e+00 +1.3692123e+00 
-1.3671333e+01 -1.3671289e+01 -1.3671210e+01 -1.3671176e+01 -1.1755085e+01 -1.1754890e+01 -1.1754872e+01 -1.1754649e+01 -5.0402229e+00 -5.0400181e+00 -5.0399513e+00 -5.0397861e+00 -2.8150580e+00 -2.8149952e+00 -2.8148890e+00 -2.8148404e+00 -2.2299035e+00 -2.2297280e+00 -2.2293224e+00 -2.2291830e+00 -1.9393647e+00 -1.9392565e+00 -1.9391700e+00 -1.9390626e+00 -9.7479872e-01 -9.7466726e-01 -9.7401047e-01 -9.7389047e-01 +1.3578337e+00 +1.3579373e+00 +1.3580148e+00 +1.3581078e+00 
-1.3671350e+01 -1.3671300e+01 -1.3671228e+01 -1.3671187e+01 -1.1755214e+01 -1.1755015e+01 -1.1755001e+01 -1.1754776e+01 -5.0279574e+00 -5.0277529e+00 -5.0276801e+00 -5.0275153e+00 -2.9095479e+00 -2.9094564e+00 -2.9093698e+00 -2.9092908e+00 -2.2407598e+00 -2.2405807e+00 -2.2401420e+00 -2.2399910e+00 -1.8193752e+00 -1.8192624e+00 -1.8191782e+00 -1.8190630e+00 -9.7268906e-01 -9.7255728e-01 -9.7190649e-01 -9.7178643e-01 +1.3249754e+00 +1.3250895e+00 +1.3251554e+00 +1.3252600e+00 
-1.3671377e+01 -1.3671318e+01 -1.3671255e+01 -1.3671205e+01 -1.1755416e+01 -1.1755211e+01 -1.1755202e+01 -1.1754972e+01 -5.0081471e+00 -5.0079431e+00 -5.0078603e+00 -5.0076962e+00 -3.0313626e+00 -3.0312486e+00 -3.0311764e+00 -3.0310744e+00 -2.2473904e+00 -2.2472126e+00 -2.2467441e+00 -2.2465901e+00 -1.6677261e+00 -1.6676178e+00 -1.6675344e+00 -1.6674223e+00 -9.6845397e-01 -9.6832157e-01 -9.6768390e-01 -9.6756373e-01 +1.2717963e+00 +1.2719263e+00 +1.2719749e+00 +1.2720967e+00 
-1.3671410e+01 -1.3671341e+01 -1.3671288e+01 -1.3671228e+01 -1.1755670e+01 -1.1755457e+01 -1.1755455e+01 -1.1755219e+01 -4.9818168e+00 -4.9816134e+00 -4.9815166e+00 -4.9813535e+00 -3.1606649e+00 -3.1605357e+00 -3.1604710e+00 -3.1603544e+00 -2.2510025e+00 -2.2508264e+00 -2.2503388e+00 -2.2501840e+00 -1.5055399e+00 -1.5054543e+00 -1.5053584e+00 -1.5052682e+00 -9.6048406e-01 -9.6035061e-01 -9.5974118e-01 -9.5962080e-01 +1.2007913e+00 +1.2009412e+00 +1.2009683e+00 +1.2011112e+00 
-1.3671445e+01 -1.3671368e+01 -1.3671323e+01 -1.3671254e+01 -1.1755951e+01 -1.1755735e+01 -1.1755731e+01 -1.1755493e+01 -4.9505570e+00 -4.9503543e+00 -4.9502396e+00 -4.9500777e+00 -3.2862930e+00 -3.2861533e+00 -3.2860901e+00 -3.2859643e+00 -2.2530152e+00 -2.2528403e+00 -2.2523411e+00 -2.2521861e+00 -1.3479355e+00 -1.3479119e+00 -1.3477688e+00 -1.3477398e+00 -9.4484629e-01 -9.4471123e-01 -9.4416752e-01 -9.4404673e-01 +1.1157409e+00 +1.1159137e+00 +1.1159160e+00 +1.1160829e+00 
-1.3671480e+01 -1.3671395e+01 -1.3671358e+01 -1.3671281e+01 -1.1756232e+01 -1.1756016e+01 -1.1756004e+01 -1.1755767e+01 -4.9166763e+00 -4.9164742e+00 -4.9163384e+00 -4.9161779e+00 -3.4010551e+00 -3.4009077e+00 -3.4008407e+00 -3.4007091e+00 -2.2541792e+00 -2.2540051e+00 -2.2534988e+00 -2.2533438e+00 -1.2131504e+00 -1.2130215e+00 -1.2129973e+00 -1.2128741e+00 -9.1218332e-01 -9.1204670e-01 -9.1165875e-01 -9.1153709e-01 +1.0221200e+00 +1.0222931e+00 +1.0223178e+00 +1.0224859e+00 
-1.3671512e+01 -1.3671419e+01 -1.3671390e+01 -1.3671306e+01 -1.1756486e+01 -1.1756268e+01 -1.1756250e+01 -1.1756015e+01 -4.8833450e+00 -4.8831433e+00 -4.8829846e+00 -4.8828255e+00 -3.4991290e+00 -3.4989758e+00 -3.4989005e+00 -3.4987652e+00 -2.2548661e+00 -2.2546924e+00 -2.2541818e+00 -2.2540267e+00 -1.1233039e+00 -1.1231690e+00 -1.1229224e+00 -1.1227921e+00 -8.4967172e-01 -8.4953750e-01 -8.4940304e-01 -8.4928184e-01 +9.2776111e-01 +9.2793222e-01 +9.2798507e-01 +9.2815192e-01 
-1.3671536e+01 -1.3671439e+01 -1.3671414e+01 -1.3671326e+01 -1.1756687e+01 -1.1756469e+01 -1.1756446e+01 -1.1756211e+01 -4.8545840e+00 -4.8543826e+00 -4.8542021e+00 -4.8540445e+00 -3.5749766e+00 -3.5748193e+00 -3.5747334e+00 -3.5745959e+00 -2.2552646e+00 -2.2550912e+00 -2.2545780e+00 -2.2544228e+00 -1.0798460e+00 -1.0797192e+00 -1.0792745e+00 -1.0791511e+00 -7.6740616e-01 -7.6733062e-01 -7.6728125e-01 -7.6721674e-01 +8.4362617e-01 +8.4379539e-01 +8.4387507e-01 +8.4404066e-01 
-1.3671552e+01 -1.3671451e+01 -1.3671430e+01 -1.3671338e+01 -1.1756816e+01 -1.1756598e+01 -1.1756572e+01 -1.1756337e+01 -4.8348169e+00 -4.8346156e+00 -4.8344189e+00 -4.8342623e+00 -3.6233002e+00 -3.6231402e+00 -3.6230450e+00 -3.6229064e+00 -2.2554724e+00 -2.2552991e+00 -2.2547845e+00 -2.2546293e+00 -1.0623336e+00 -1.0622088e+00 -1.0616812e+00 -1.0615595e+00 -7.0003162e-01 -7.0002503e-01 -6.9992820e-01 -6.9991054e-01 +7.8371007e-01 +7.8387786e-01 +7.8397829e-01 +7.8414289e-01 
-1.3671558e+01 -1.3671456e+01 -1.3671435e+01 -1.3671343e+01 -1.1756860e+01 -1.1756642e+01 -1.1756615e+01 -1.1756380e+01 -4.8277362e+00 -4.8275350e+00 -4.8273321e+00 -4.8271759e+00 -3.6399476e+00 -3.6397867e+00 -3.6396878e+00 -3.6395488e+00 -2.2555369e+00 -2.2553637e+00 -2.2548487e+00 -2.2546934e+00 -1.0576333e+00 -1.0575088e+00 -1.0569600e+00 -1.0568386e+00 -6.7442894e-01 -6.7440121e-01 -6.7433029e-01 -6.7429112e-01 +7.6171210e-01 +7.6187935e-01 +7.6198785e-01 +7.6215206e-01 
