# num high symmetry points
8
# label high symmetry points
G X M G R X M R 
# indices high symmetry points
1 25 49 83 124 158 159 183 
# nk, nb, ns
183 24 1
# k-points (frac coords)
+0.0000000e+00 +0.0000000e+00 +0.0000000e+00 
+0.0000000e+00 +2.0833333e-02 +0.0000000e+00 
+0.0000000e+00 +4.1666667e-02 +0.0000000e+00 
+0.0000000e+00 +6.2500000e-02 +0.0000000e+00 
+0.0000000e+00 +8.3333333e-02 +0.0000000e+00 
+0.0000000e+00 +1.0416667e-01 +0.0000000e+00 
+0.0000000e+00 +1.2500000e-01 +0.0000000e+00 
+0.0000000e+00 +1.4583333e-01 +0.0000000e+00 
+0.0000000e+00 +1.6666667e-01 +0.0000000e+00 
+0.0000000e+00 +1.8750000e-01 +0.0000000e+00 
+0.0000000e+00 +2.0833333e-01 +0.0000000e+00 
+0.0000000e+00 +2.2916667e-01 +0.0000000e+00 
+0.0000000e+00 +2.5000000e-01 +0.0000000e+00 
+0.0000000e+00 +2.7083333e-01 +0.0000000e+00 
+0.0000000e+00 +2.9166667e-01 +0.0000000e+00 
+0.0000000e+00 +3.1250000e-01 +0.0000000e+00 
+0.0000000e+00 +3.3333333e-01 +0.0000000e+00 
+0.0000000e+00 +3.5416667e-01 +0.0000000e+00 
+0.0000000e+00 +3.7500000e-01 +0.0000000e+00 
+0.0000000e+00 +3.9583333e-01 +0.0000000e+00 
+0.0000000e+00 +4.1666667e-01 +0.0000000e+00 
+0.0000000e+00 +4.3750000e-01 +0.0000000e+00 
+0.0000000e+00 +4.5833333e-01 +0.0000000e+00 
+0.0000000e+00 +4.7916667e-01 +0.0000000e+00 
+0.0000000e+00 +5.0000000e-01 +0.0000000e+00 
+2.0833333e-02 +5.0000000e-01 +0.0000000e+00 
+4.1666667e-02 +5.0000000e-01 +0.0000000e+00 
+6.2500000e-02 +5.0000000e-01 +0.0000000e+00 
+8.3333333e-02 +5.0000000e-01 +0.0000000e+00 
+1.0416667e-01 +5.0000000e-01 +0.0000000e+00 
+1.2500000e-01 +5.0000000e-01 +0.0000000e+00 
+1.4583333e-01 +5.0000000e-01 +0.0000000e+00 
+1.6666667e-01 +5.0000000e-01 +0.0000000e+00 
+1.8750000e-01 +5.0000000e-01 +0.0000000e+00 
+2.0833333e-01 +5.0000000e-01 +0.0000000e+00 
+2.2916667e-01 +5.0000000e-01 +0.0000000e+00 
+2.5000000e-01 +5.0000000e-01 +0.0000000e+00 
+2.7083333e-01 +5.0000000e-01 +0.0000000e+00 
+2.9166667e-01 +5.0000000e-01 +0.0000000e+00 
+3.1250000e-01 +5.0000000e-01 +0.0000000e+00 
+3.3333333e-01 +5.0000000e-01 +0.0000000e+00 
+3.5416667e-01 +5.0000000e-01 +0.0000000e+00 
+3.7500000e-01 +5.0000000e-01 +0.0000000e+00 
+3.9583333e-01 +5.0000000e-01 +0.0000000e+00 
+4.1666667e-01 +5.0000000e-01 +0.0000000e+00 
+4.3750000e-01 +5.0000000e-01 +0.0000000e+00 
+4.5833333e-01 +5.0000000e-01 +0.0000000e+00 
+4.7916667e-01 +5.0000000e-01 +0.0000000e+00 
+5.0000000e-01 +5.0000000e-01 +0.0000000e+00 
+4.8529412e-01 +4.8529412e-01 +0.0000000e+00 
+4.7058824e-01 +4.7058824e-01 +0.0000000e+00 
+4.5588235e-01 +4.5588235e-01 +0.0000000e+00 
+4.4117647e-01 +4.4117647e-01 +0.0000000e+00 
+4.2647059e-01 +4.2647059e-01 +0.0000000e+00 
+4.1176471e-01 +4.1176471e-01 +0.0000000e+00 
+3.9705882e-01 +3.9705882e-01 +0.0000000e+00 
+3.8235294e-01 +3.8235294e-01 +0.0000000e+00 
+3.6764706e-01 +3.6764706e-01 +0.0000000e+00 
+3.5294118e-01 +3.5294118e-01 +0.0000000e+00 
+3.3823529e-01 +3.3823529e-01 +0.0000000e+00 
+3.2352941e-01 +3.2352941e-01 +0.0000000e+00 
+3.0882353e-01 +3.0882353e-01 +0.0000000e+00 
+2.9411765e-01 +2.9411765e-01 +0.0000000e+00 
+2.7941176e-01 +2.7941176e-01 +0.0000000e+00 
+2.6470588e-01 +2.6470588e-01 +0.0000000e+00 
+2.5000000e-01 +2.5000000e-01 +0.0000000e+00 
+2.3529412e-01 +2.3529412e-01 +0.0000000e+00 
+2.2058824e-01 +2.2058824e-01 +0.0000000e+00 
+2.0588235e-01 +2.0588235e-01 +0.0000000e+00 
+1.9117647e-01 +1.9117647e-01 +0.0000000e+00 
+1.7647059e-01 +1.7647059e-01 +0.0000000e+00 
+1.6176471e-01 +1.6176471e-01 +0.0000000e+00 
+1.4705882e-01 +1.4705882e-01 +0.0000000e+00 
+1.3235294e-01 +1.3235294e-01 +0.0000000e+00 
+1.1764706e-01 +1.1764706e-01 +0.0000000e+00 
+1.0294118e-01 +1.0294118e-01 +0.0000000e+00 
+8.8235294e-02 +8.8235294e-02 +0.0000000e+00 
+7.3529412e-02 +7.3529412e-02 +0.0000000e+00 
+5.8823529e-02 +5.8823529e-02 +0.0000000e+00 
+4.4117647e-02 +4.4117647e-02 +0.0000000e+00 
+2.9411765e-02 +2.9411765e-02 +0.0000000e+00 
+1.4705882e-02 +1.4705882e-02 +0.0000000e+00 
+0.0000000e+00 +0.0000000e+00 +0.0000000e+00 
+1.2195122e-02 +1.2195122e-02 +1.2195122e-02 
+2.4390244e-02 +2.4390244e-02 +2.4390244e-02 
+3.6585366e-02 +3.6585366e-02 +3.6585366e-02 
+4.8780488e-02 +4.8780488e-02 +4.8780488e-02 
+6.0975610e-02 +6.0975610e-02 +6.0975610e-02 
+7.3170732e-02 +7.3170732e-02 +7.3170732e-02 
+8.5365854e-02 +8.5365854e-02 +8.5365854e-02 
+9.7560976e-02 +9.7560976e-02 +9.7560976e-02 
+1.0975610e-01 +1.0975610e-01 +1.0975610e-01 
+1.2195122e-01 +1.2195122e-01 +1.2195122e-01 
+1.3414634e-01 +1.3414634e-01 +1.3414634e-01 
+1.4634146e-01 +1.4634146e-01 +1.4634146e-01 
+1.5853659e-01 +1.5853659e-01 +1.5853659e-01 
+1.7073171e-01 +1.7073171e-01 +1.7073171e-01 
+1.8292683e-01 +1.8292683e-01 +1.8292683e-01 
+1.9512195e-01 +1.9512195e-01 +1.9512195e-01 
+2.0731707e-01 +2.0731707e-01 +2.0731707e-01 
+2.1951220e-01 +2.1951220e-01 +2.1951220e-01 
+2.3170732e-01 +2.3170732e-01 +2.3170732e-01 
+2.4390244e-01 +2.4390244e-01 +2.4390244e-01 
+2.5609756e-01 +2.5609756e-01 +2.5609756e-01 
+2.6829268e-01 +2.6829268e-01 +2.6829268e-01 
+2.8048780e-01 +2.8048780e-01 +2.8048780e-01 
+2.9268293e-01 +2.9268293e-01 +2.9268293e-01 
+3.0487805e-01 +3.0487805e-01 +3.0487805e-01 
+3.1707317e-01 +3.1707317e-01 +3.1707317e-01 
+3.2926829e-01 +3.2926829e-01 +3.2926829e-01 
+3.4146341e-01 +3.4146341e-01 +3.4146341e-01 
+3.5365854e-01 +3.5365854e-01 +3.5365854e-01 
+3.6585366e-01 +3.6585366e-01 +3.6585366e-01 
+3.7804878e-01 +3.7804878e-01 +3.7804878e-01 
+3.9024390e-01 +3.9024390e-01 +3.9024390e-01 
+4.0243902e-01 +4.0243902e-01 +4.0243902e-01 
+4.1463415e-01 +4.1463415e-01 +4.1463415e-01 
+4.2682927e-01 +4.2682927e-01 +4.2682927e-01 
+4.3902439e-01 +4.3902439e-01 +4.3902439e-01 
+4.5121951e-01 +4.5121951e-01 +4.5121951e-01 
+4.6341463e-01 +4.6341463e-01 +4.6341463e-01 
+4.7560976e-01 +4.7560976e-01 +4.7560976e-01 
+4.8780488e-01 +4.8780488e-01 +4.8780488e-01 
+5.0000000e-01 +5.0000000e-01 +5.0000000e-01 
+4.8529412e-01 +5.0000000e-01 +4.8529412e-01 
+4.7058824e-01 +5.0000000e-01 +4.7058824e-01 
+4.5588235e-01 +5.0000000e-01 +4.5588235e-01 
+4.4117647e-01 +5.0000000e-01 +4.4117647e-01 
+4.2647059e-01 +5.0000000e-01 +4.2647059e-01 
+4.1176471e-01 +5.0000000e-01 +4.1176471e-01 
+3.9705882e-01 +5.0000000e-01 +3.9705882e-01 
+3.8235294e-01 +5.0000000e-01 +3.8235294e-01 
+3.6764706e-01 +5.0000000e-01 +3.6764706e-01 
+3.5294118e-01 +5.0000000e-01 +3.5294118e-01 
+3.3823529e-01 +5.0000000e-01 +3.3823529e-01 
+3.2352941e-01 +5.0000000e-01 +3.2352941e-01 
+3.0882353e-01 +5.0000000e-01 +3.0882353e-01 
+2.9411765e-01 +5.0000000e-01 +2.9411765e-01 
+2.7941176e-01 +5.0000000e-01 +2.7941176e-01 
+2.6470588e-01 +5.0000000e-01 +2.6470588e-01 
+2.5000000e-01 +5.0000000e-01 +2.5000000e-01 
+2.3529412e-01 +5.0000000e-01 +2.3529412e-01 
+2.2058824e-01 +5.0000000e-01 +2.2058824e-01 
+2.0588235e-01 +5.0000000e-01 +2.0588235e-01 
+1.9117647e-01 +5.0000000e-01 +1.9117647e-01 
+1.7647059e-01 +5.0000000e-01 +1.7647059e-01 
+1.6176471e-01 +5.0000000e-01 +1.6176471e-01 
+1.4705882e-01 +5.0000000e-01 +1.4705882e-01 
+1.3235294e-01 +5.0000000e-01 +1.3235294e-01 
+1.1764706e-01 +5.0000000e-01 +1.1764706e-01 
+1.0294118e-01 +5.0000000e-01 +1.0294118e-01 
+8.8235294e-02 +5.0000000e-01 +8.8235294e-02 
+7.3529412e-02 +5.0000000e-01 +7.3529412e-02 
+5.8823529e-02 +5.0000000e-01 +5.8823529e-02 
+4.4117647e-02 +5.0000000e-01 +4.4117647e-02 
+2.9411765e-02 +5.0000000e-01 +2.9411765e-02 
+1.4705882e-02 +5.0000000e-01 +1.4705882e-02 
+0.0000000e+00 +5.0000000e-01 +0.0000000e+00 
+5.0000000e-01 +5.0000000e-01 +0.0000000e+00 
+5.0000000e-01 +5.0000000e-01 +2.0833333e-02 
+5.0000000e-01 +5.0000000e-01 +4.1666667e-02 
+5.0000000e-01 +5.0000000e-01 +6.2500000e-02 
+5.0000000e-01 +5.0000000e-01 +8.3333333e-02 
+5.0000000e-01 +5.0000000e-01 +1.0416667e-01 
+5.0000000e-01 +5.0000000e-01 +1.2500000e-01 
+5.0000000e-01 +5.0000000e-01 +1.4583333e-01 
+5.0000000e-01 +5.0000000e-01 +1.6666667e-01 
+5.0000000e-01 +5.0000000e-01 +1.8750000e-01 
+5.0000000e-01 +5.0000000e-01 +2.0833333e-01 
+5.0000000e-01 +5.0000000e-01 +2.2916667e-01 
+5.0000000e-01 +5.0000000e-01 +2.5000000e-01 
+5.0000000e-01 +5.0000000e-01 +2.7083333e-01 
+5.0000000e-01 +5.0000000e-01 +2.9166667e-01 
+5.0000000e-01 +5.0000000e-01 +3.1250000e-01 
+5.0000000e-01 +5.0000000e-01 +3.3333333e-01 
+5.0000000e-01 +5.0000000e-01 +3.5416667e-01 
+5.0000000e-01 +5.0000000e-01 +3.7500000e-01 
+5.0000000e-01 +5.0000000e-01 +3.9583333e-01 
+5.0000000e-01 +5.0000000e-01 +4.1666667e-01 
+5.0000000e-01 +5.0000000e-01 +4.3750000e-01 
+5.0000000e-01 +5.0000000e-01 +4.5833333e-01 
+5.0000000e-01 +5.0000000e-01 +4.7916667e-01 
+5.0000000e-01 +5.0000000e-01 +5.0000000e-01 
# energies (kpt,band,spin)
# spin = 1
-3.6154659e+01 -3.6081327e+01 -3.6081327e+01 -3.6077593e+01 -1.3801393e+01 -1.3801393e+01 -1.3801393e+01 -1.3474686e+01 -1.3474686e+01 -1.3474686e+01 -1.3473996e+01 -1.3473996e+01 -1.3473996e+01 -1.3300066e+01 -1.3300066e+01 -1.3300066e+01 +5.2070677e+00 +5.2082603e+00 +5.2082603e+00 +9.1074612e+00 +9.1074612e+00 +9.1074612e+00 +1.5847351e+01 +1.5847351e+01 
-3.6154581e+01 -3.6081383e+01 -3.6081326e+01 -3.6077620e+01 -1.3801183e+01 -1.3801183e+01 -1.3800928e+01 -1.3474866e+01 -1.3474866e+01 -1.3474748e+01 -1.3474058e+01 -1.3473990e+01 -1.3473990e+01 -1.3300662e+01 -1.3300253e+01 -1.3300253e+01 +5.2101653e+00 +5.2110148e+00 +5.2157173e+00 +9.1048929e+00 +9.1048929e+00 +9.1105518e+00 +1.5829301e+01 +1.5840543e+01 
-3.6154349e+01 -3.6081555e+01 -3.6081324e+01 -3.6077695e+01 -1.3800498e+01 -1.3800498e+01 -1.3799532e+01 -1.3475822e+01 -1.3475822e+01 -1.3474933e+01 -1.3474243e+01 -1.3473556e+01 -1.3473556e+01 -1.3302446e+01 -1.3300811e+01 -1.3300811e+01 +5.2183725e+00 +5.2191706e+00 +5.2390860e+00 +9.0972169e+00 +9.0972169e+00 +9.1198305e+00 +1.5775590e+01 +1.5820244e+01 
-3.6153965e+01 -3.6081858e+01 -3.6081320e+01 -3.6077806e+01 -1.3799230e+01 -1.3799230e+01 -1.3797209e+01 -1.3477570e+01 -1.3477570e+01 -1.3475234e+01 -1.3474545e+01 -1.3472671e+01 -1.3472671e+01 -1.3305408e+01 -1.3301740e+01 -1.3301740e+01 +5.2316510e+00 +5.2324250e+00 +5.2781627e+00 +9.0845196e+00 +9.0845196e+00 +9.1353182e+00 +1.5687514e+01 +1.5786824e+01 
-3.6153429e+01 -3.6082306e+01 -3.6081314e+01 -3.6077933e+01 -1.3797278e+01 -1.3797278e+01 -1.3793962e+01 -1.3480038e+01 -1.3480038e+01 -1.3475645e+01 -1.3474955e+01 -1.3471403e+01 -1.3471403e+01 -1.3309532e+01 -1.3303034e+01 -1.3303034e+01 +5.2495830e+00 +5.2503317e+00 +5.3330189e+00 +9.0669429e+00 +9.0669429e+00 +9.1570496e+00 +1.5567148e+01 +1.5740879e+01 
-3.6152744e+01 -3.6082915e+01 -3.6081307e+01 -3.6078059e+01 -1.3794595e+01 -1.3794595e+01 -1.3789799e+01 -1.3483200e+01 -1.3483200e+01 -1.3476154e+01 -1.3475466e+01 -1.3469770e+01 -1.3469770e+01 -1.3314795e+01 -1.3304688e+01 -1.3304688e+01 +5.2716449e+00 +5.2723627e+00 +5.4037886e+00 +9.0446816e+00 +9.0446816e+00 +9.1850735e+00 +1.4194576e+01 +1.4194576e+01 
-3.6151915e+01 -3.6083693e+01 -3.6081299e+01 -3.6078172e+01 -1.3791173e+01 -1.3791173e+01 -1.3784727e+01 -1.3487039e+01 -1.3487039e+01 -1.3476753e+01 -1.3476065e+01 -1.3467779e+01 -1.3467779e+01 -1.3321168e+01 -1.3306696e+01 -1.3306696e+01 +5.2972809e+00 +5.2979613e+00 +5.4906458e+00 +9.0179801e+00 +9.0179801e+00 +9.2194531e+00 +1.2626682e+01 +1.2626682e+01 
-3.6150944e+01 -3.6084642e+01 -3.6081290e+01 -3.6078265e+01 -1.3787030e+01 -1.3787030e+01 -1.3778759e+01 -1.3491538e+01 -1.3491538e+01 -1.3477430e+01 -1.3476744e+01 -1.3465439e+01 -1.3465439e+01 -1.3328617e+01 -1.3309048e+01 -1.3309048e+01 +5.3259384e+00 +5.3265743e+00 +5.5937998e+00 +8.9871276e+00 +8.9871276e+00 +9.2602657e+00 +1.1479198e+01 +1.1479198e+01 
-3.6149836e+01 -3.6085758e+01 -3.6081280e+01 -3.6078340e+01 -1.3782194e+01 -1.3782194e+01 -1.3771906e+01 -1.3496676e+01 -1.3496676e+01 -1.3478175e+01 -1.3477489e+01 -1.3462762e+01 -1.3462762e+01 -1.3337103e+01 -1.3311735e+01 -1.3311735e+01 +5.3570808e+00 +5.3576653e+00 +5.7134929e+00 +8.9524543e+00 +8.9524543e+00 +9.3076036e+00 +1.0635646e+01 +1.0635646e+01 
-3.6148596e+01 -3.6087031e+01 -3.6081270e+01 -3.6078397e+01 -1.3776698e+01 -1.3776698e+01 -1.3764185e+01 -1.3502430e+01 -1.3502430e+01 -1.3478975e+01 -1.3478290e+01 -1.3459758e+01 -1.3459758e+01 -1.3346581e+01 -1.3314745e+01 -1.3314745e+01 +5.3901868e+00 +5.3907131e+00 +5.8499977e+00 +8.9143260e+00 +8.9143260e+00 +9.3615734e+00 +1.0009455e+01 +1.0009455e+01 
-3.6147228e+01 -3.6088454e+01 -3.6081258e+01 -3.6078439e+01 -1.3770577e+01 -1.3770577e+01 -1.3755616e+01 -1.3508775e+01 -1.3508775e+01 -1.3479817e+01 -1.3479133e+01 -1.3456440e+01 -1.3456440e+01 -1.3357001e+01 -1.3318065e+01 -1.3318065e+01 +5.4247427e+00 +5.4252047e+00 +6.0036135e+00 +8.8731396e+00 +8.8731396e+00 +9.4222971e+00 +9.5397530e+00 +9.5397530e+00 
-3.6145738e+01 -3.6090015e+01 -3.6081247e+01 -3.6078471e+01 -1.3763865e+01 -1.3763865e+01 -1.3746219e+01 -1.3515684e+01 -1.3515684e+01 -1.3480687e+01 -1.3480005e+01 -1.3452824e+01 -1.3452824e+01 -1.3368309e+01 -1.3321681e+01 -1.3321681e+01 +5.4602336e+00 +5.4606258e+00 +6.1746640e+00 +8.8293187e+00 +8.8293187e+00 +9.1843232e+00 +9.1843232e+00 +9.4899111e+00 
-3.6144131e+01 -3.6091705e+01 -3.6081235e+01 -3.6078494e+01 -1.3756597e+01 -1.3756597e+01 -1.3736022e+01 -1.3523124e+01 -1.3523124e+01 -1.3481573e+01 -1.3480891e+01 -1.3448925e+01 -1.3448925e+01 -1.3380448e+01 -1.3325579e+01 -1.3325579e+01 +5.4961372e+00 +5.4964551e+00 +6.3634928e+00 +8.7833099e+00 +8.7833099e+00 +8.9137700e+00 +8.9137700e+00 +9.5645671e+00 
-3.6142415e+01 -3.6093514e+01 -3.6081223e+01 -3.6078510e+01 -1.3748811e+01 -1.3748811e+01 -1.3725052e+01 -1.3531065e+01 -1.3531065e+01 -1.3482458e+01 -1.3481777e+01 -1.3444760e+01 -1.3444760e+01 -1.3393354e+01 -1.3329740e+01 -1.3329740e+01 +5.5319207e+00 +5.5321609e+00 +6.5704606e+00 +8.7073883e+00 +8.7073883e+00 +8.7355798e+00 +8.7355798e+00 +9.6464311e+00 
-3.6140594e+01 -3.6095430e+01 -3.6081211e+01 -3.6078520e+01 -1.3740544e+01 -1.3740544e+01 -1.3713343e+01 -1.3539472e+01 -1.3539472e+01 -1.3483329e+01 -1.3482648e+01 -1.3440348e+01 -1.3440348e+01 -1.3406962e+01 -1.3334147e+01 -1.3334147e+01 +5.5670417e+00 +5.5672023e+00 +6.7959403e+00 +8.5503766e+00 +8.5503766e+00 +8.6866106e+00 +8.6866106e+00 +9.7356834e+00 
-3.6138677e+01 -3.6097445e+01 -3.6081200e+01 -3.6078527e+01 -1.3731833e+01 -1.3731833e+01 -1.3700931e+01 -1.3548307e+01 -1.3548307e+01 -1.3484172e+01 -1.3483489e+01 -1.3435707e+01 -1.3435707e+01 -1.3421204e+01 -1.3338782e+01 -1.3338782e+01 +5.6009531e+00 +5.6010335e+00 +7.0403133e+00 +8.4319773e+00 +8.4319773e+00 +8.6369032e+00 +8.6369032e+00 +9.8325172e+00 
-3.6136671e+01 -3.6099547e+01 -3.6081189e+01 -3.6078531e+01 -1.3722719e+01 -1.3722719e+01 -1.3687858e+01 -1.3557533e+01 -1.3557533e+01 -1.3484972e+01 -1.3484287e+01 -1.3436006e+01 -1.3430859e+01 -1.3430859e+01 -1.3343625e+01 -1.3343625e+01 +5.6331100e+00 +5.6331115e+00 +7.3039646e+00 +8.3442444e+00 +8.3442444e+00 +8.5869726e+00 +8.5869726e+00 +9.9371380e+00 
-3.6134583e+01 -3.6101725e+01 -3.6081179e+01 -3.6078533e+01 -1.3713241e+01 -1.3713241e+01 -1.3674167e+01 -1.3567109e+01 -1.3567109e+01 -1.3485720e+01 -1.3485027e+01 -1.3451292e+01 -1.3425823e+01 -1.3425823e+01 -1.3348654e+01 -1.3348654e+01 +5.6629057e+00 +5.6629799e+00 +7.5872783e+00 +8.2812100e+00 +8.2812100e+00 +8.5373515e+00 +8.5373515e+00 +1.0049761e+01 
-3.6132423e+01 -3.6103969e+01 -3.6081170e+01 -3.6078534e+01 -1.3703442e+01 -1.3703442e+01 -1.3659908e+01 -1.3576994e+01 -1.3576994e+01 -1.3486414e+01 -1.3485696e+01 -1.3466975e+01 -1.3420623e+01 -1.3420623e+01 -1.3353849e+01 -1.3353849e+01 +5.6899084e+00 +5.6900535e+00 +7.8906323e+00 +8.2383187e+00 +8.2383187e+00 +8.4885917e+00 +8.4885917e+00 +1.0170610e+01 
-3.6130201e+01 -3.6106267e+01 -3.6081162e+01 -3.6078534e+01 -1.3693365e+01 -1.3693365e+01 -1.3645134e+01 -1.3587144e+01 -1.3587144e+01 -1.3487218e+01 -1.3486284e+01 -1.3482802e+01 -1.3415280e+01 -1.3415280e+01 -1.3359187e+01 -1.3359187e+01 +5.7136478e+00 +5.7138567e+00 +8.2120368e+00 +8.2120368e+00 +8.2143926e+00 +8.4412691e+00 +8.4412691e+00 +1.0299910e+01 
-3.6127926e+01 -3.6108605e+01 -3.6081156e+01 -3.6078533e+01 -1.3683053e+01 -1.3683053e+01 -1.3629901e+01 -1.3597516e+01 -1.3597516e+01 -1.3499477e+01 -1.3487339e+01 -1.3486779e+01 -1.3409817e+01 -1.3409817e+01 -1.3364645e+01 -1.3364645e+01 +5.7336988e+00 +5.7339629e+00 +8.1995787e+00 +8.1995787e+00 +8.3959890e+00 +8.3959890e+00 +8.5589079e+00 +1.0437890e+01 
-3.6125613e+01 -3.6110969e+01 -3.6081150e+01 -3.6078532e+01 -1.3672551e+01 -1.3672551e+01 -1.3614270e+01 -1.3608064e+01 -1.3608064e+01 -1.3515906e+01 -1.3487786e+01 -1.3487174e+01 -1.3404260e+01 -1.3404260e+01 -1.3370199e+01 -1.3370199e+01 +5.7496958e+00 +5.7500047e+00 +8.1987133e+00 +8.1987133e+00 +8.3533950e+00 +8.3533950e+00 +8.9245030e+00 +1.0584769e+01 
-3.6123285e+01 -3.6113335e+01 -3.6081146e+01 -3.6078531e+01 -1.3661908e+01 -1.3661908e+01 -1.3618742e+01 -1.3618742e+01 -1.3598304e+01 -1.3532476e+01 -1.3488087e+01 -1.3487461e+01 -1.3398633e+01 -1.3398633e+01 -1.3375822e+01 -1.3375822e+01 +5.7613420e+00 +5.7616840e+00 +8.2076236e+00 +8.2076236e+00 +8.3141796e+00 +8.3141796e+00 +9.3114718e+00 +1.0740755e+01 
-3.6121011e+01 -3.6115632e+01 -3.6081144e+01 -3.6078531e+01 -1.3651178e+01 -1.3651178e+01 -1.3629492e+01 -1.3629492e+01 -1.3582072e+01 -1.3549078e+01 -1.3488266e+01 -1.3487636e+01 -1.3392971e+01 -1.3392971e+01 -1.3381483e+01 -1.3381483e+01 +5.7684191e+00 +5.7687814e+00 +8.2248055e+00 +8.2248055e+00 +8.2790993e+00 +8.2790993e+00 +9.7200700e+00 +1.0602937e+01 
-3.6119491e+01 -3.6117159e+01 -3.6081143e+01 -3.6078531e+01 -1.3641234e+01 -1.3641234e+01 -1.3639443e+01 -1.3639443e+01 -1.3565997e+01 -1.3565277e+01 -1.3488325e+01 -1.3487694e+01 -1.3387898e+01 -1.3387898e+01 -1.3386556e+01 -1.3386556e+01 +5.7707932e+00 +5.7711623e+00 +8.2488903e+00 +8.2488903e+00 +8.2490947e+00 +8.2490947e+00 +1.0149766e+01 +1.0151250e+01 
-3.6119455e+01 -3.6117123e+01 -3.6081185e+01 -3.6078572e+01 -1.3641811e+01 -1.3640962e+01 -1.3640026e+01 -1.3639172e+01 -1.3566602e+01 -1.3565881e+01 -1.3487623e+01 -1.3486984e+01 -1.3388166e+01 -1.3387554e+01 -1.3386824e+01 -1.3386214e+01 +5.7723090e+00 +5.7726785e+00 +8.2313398e+00 +8.2314750e+00 +8.2474497e+00 +8.2476486e+00 +1.0153695e+01 +1.0155186e+01 
-3.6119347e+01 -3.6117016e+01 -3.6081309e+01 -3.6078695e+01 -1.3643499e+01 -1.3641732e+01 -1.3640149e+01 -1.3638357e+01 -1.3568397e+01 -1.3567671e+01 -1.3485556e+01 -1.3484898e+01 -1.3388972e+01 -1.3387627e+01 -1.3386543e+01 -1.3385210e+01 +5.7765604e+00 +5.7769314e+00 +8.1809210e+00 +8.1809840e+00 +8.2433866e+00 +8.2435689e+00 +1.0164723e+01 +1.0166235e+01 
-3.6119168e+01 -3.6116840e+01 -3.6081514e+01 -3.6078899e+01 -1.3646181e+01 -1.3644440e+01 -1.3638798e+01 -1.3637004e+01 -1.3571323e+01 -1.3570589e+01 -1.3482243e+01 -1.3481554e+01 -1.3390311e+01 -1.3388963e+01 -1.3384924e+01 -1.3383602e+01 +5.7826656e+00 +5.7830399e+00 +8.1037705e+00 +8.1041343e+00 +8.2374745e+00 +8.2376298e+00 +1.0180507e+01 +1.0182056e+01 
-3.6118920e+01 -3.6116594e+01 -3.6081802e+01 -3.6079184e+01 -1.3649688e+01 -1.3647978e+01 -1.3636912e+01 -1.3635117e+01 -1.3575290e+01 -1.3574544e+01 -1.3477850e+01 -1.3477125e+01 -1.3392178e+01 -1.3390825e+01 -1.3382788e+01 -1.3381479e+01 +5.7891826e+00 +5.7895631e+00 +8.0088789e+00 +8.0096092e+00 +8.2309898e+00 +8.2311087e+00 +1.0196909e+01 +1.0198514e+01 
-3.6118603e+01 -3.6116282e+01 -3.6082169e+01 -3.6079549e+01 -1.3653830e+01 -1.3652155e+01 -1.3634500e+01 -1.3632704e+01 -1.3580189e+01 -1.3579428e+01 -1.3472567e+01 -1.3471803e+01 -1.3394565e+01 -1.3393206e+01 -1.3380241e+01 -1.3378947e+01 +5.7941621e+00 +5.7945533e+00 +7.9057248e+00 +7.9068489e+00 +8.2256804e+00 +8.2257547e+00 +1.0207505e+01 +1.0209190e+01 
-3.6118220e+01 -3.6115905e+01 -3.6082615e+01 -3.6079991e+01 -1.3658415e+01 -1.3656776e+01 -1.3631572e+01 -1.3629776e+01 -1.3585896e+01 -1.3585118e+01 -1.3466583e+01 -1.3465780e+01 -1.3397463e+01 -1.3396096e+01 -1.3377399e+01 -1.3376121e+01 +5.7952442e+00 +5.7956525e+00 +7.8027771e+00 +7.8042893e+00 +8.2236969e+00 +8.2237202e+00 +1.0202587e+01 +1.0204384e+01 
-3.6117771e+01 -3.6115462e+01 -3.6083138e+01 -3.6080510e+01 -1.3663269e+01 -1.3661665e+01 -1.3628139e+01 -1.3626344e+01 -1.3592286e+01 -1.3591488e+01 -1.3460073e+01 -1.3459233e+01 -1.3400859e+01 -1.3399483e+01 -1.3374375e+01 -1.3373112e+01 +5.7898180e+00 +5.7902518e+00 +7.7065373e+00 +7.7084081e+00 +8.2274346e+00 +8.2274672e+00 +1.0167348e+01 +1.0169299e+01 
-3.6117255e+01 -3.6114954e+01 -3.6083736e+01 -3.6081103e+01 -1.3668238e+01 -1.3666667e+01 -1.3624217e+01 -1.3622424e+01 -1.3599230e+01 -1.3598410e+01 -1.3453193e+01 -1.3452319e+01 -1.3404739e+01 -1.3403354e+01 -1.3371274e+01 -1.3370028e+01 +5.7752507e+00 +5.7757204e+00 +7.6213036e+00 +7.6234905e+00 +8.2394130e+00 +8.2395042e+00 +1.0021627e+01 +1.0022414e+01 
-3.6116672e+01 -3.6114381e+01 -3.6084407e+01 -3.6081768e+01 -1.3673189e+01 -1.3671649e+01 -1.3619823e+01 -1.3618033e+01 -1.3606601e+01 -1.3605760e+01 -1.3446076e+01 -1.3445170e+01 -1.3409089e+01 -1.3407693e+01 -1.3368193e+01 -1.3366962e+01 +5.7491750e+00 +5.7496926e+00 +7.5494404e+00 +7.5518956e+00 +8.2620074e+00 +8.2621584e+00 +9.8423743e+00 +9.8433449e+00 
-3.6116021e+01 -3.6113740e+01 -3.6085149e+01 -3.6082501e+01 -1.3678011e+01 -1.3676501e+01 -1.3614976e+01 -1.3614276e+01 -1.3613413e+01 -1.3613190e+01 -1.3438836e+01 -1.3437900e+01 -1.3413888e+01 -1.3412481e+01 -1.3365215e+01 -1.3363998e+01 +5.7097908e+00 +5.7103692e+00 +7.4918651e+00 +7.4945410e+00 +8.2971451e+00 +8.2973562e+00 +9.6189223e+00 +9.6215805e+00 
-3.6115300e+01 -3.6113032e+01 -3.6085957e+01 -3.6083300e+01 -1.3682611e+01 -1.3681128e+01 -1.3622134e+01 -1.3621249e+01 -1.3609697e+01 -1.3607916e+01 -1.3431570e+01 -1.3430608e+01 -1.3419118e+01 -1.3417698e+01 -1.3362412e+01 -1.3361209e+01 +5.6561135e+00 +5.6567658e+00 +7.4485442e+00 +7.4513966e+00 +8.3461186e+00 +8.3463897e+00 +9.2032378e+00 +9.2061116e+00 
-3.6114509e+01 -3.6112255e+01 -3.6086830e+01 -3.6084161e+01 -1.3686913e+01 -1.3685453e+01 -1.3630057e+01 -1.3629150e+01 -1.3604009e+01 -1.3602234e+01 -1.3424757e+01 -1.3424360e+01 -1.3423373e+01 -1.3423323e+01 -1.3359847e+01 -1.3358656e+01 +5.5881099e+00 +5.5888485e+00 +7.4188951e+00 +7.4218843e+00 +8.4094807e+00 +8.4098154e+00 +8.6823149e+00 +8.6853276e+00 
-3.6113648e+01 -3.6111412e+01 -3.6087764e+01 -3.6085080e+01 -1.3690850e+01 -1.3689411e+01 -1.3637933e+01 -1.3637005e+01 -1.3597937e+01 -1.3596168e+01 -1.3430780e+01 -1.3429333e+01 -1.3417276e+01 -1.3416266e+01 -1.3357570e+01 -1.3356391e+01 +5.5066994e+00 +5.5075353e+00 +7.4020702e+00 +7.4051616e+00 +8.1000483e+00 +8.1031424e+00 +8.4871308e+00 +8.4875122e+00 
-3.6112719e+01 -3.6110504e+01 -3.6088755e+01 -3.6086054e+01 -1.3694369e+01 -1.3692950e+01 -1.3645658e+01 -1.3644711e+01 -1.3591506e+01 -1.3589746e+01 -1.3437163e+01 -1.3435701e+01 -1.3410378e+01 -1.3409348e+01 -1.3355626e+01 -1.3354459e+01 +5.4136489e+00 +5.4145914e+00 +7.3971380e+00 +7.4003016e+00 +7.5029431e+00 +7.5060409e+00 +8.5782992e+00 +8.5787433e+00 
-3.6111726e+01 -3.6109536e+01 -3.6089800e+01 -3.6087075e+01 -1.3697425e+01 -1.3696023e+01 -1.3653139e+01 -1.3652173e+01 -1.3584746e+01 -1.3582993e+01 -1.3443877e+01 -1.3442401e+01 -1.3403719e+01 -1.3402669e+01 -1.3354053e+01 -1.3352898e+01 +5.3114171e+00 +5.3124736e+00 +6.9291296e+00 +6.9321869e+00 +7.4031893e+00 +7.4063994e+00 +8.6819298e+00 +8.6824357e+00 
-3.6110672e+01 -3.6108514e+01 -3.6090894e+01 -3.6088140e+01 -1.3699981e+01 -1.3698594e+01 -1.3660291e+01 -1.3659308e+01 -1.3577684e+01 -1.3575941e+01 -1.3450896e+01 -1.3449405e+01 -1.3397343e+01 -1.3396275e+01 -1.3352882e+01 -1.3351738e+01 +5.2030022e+00 +5.2041783e+00 +6.4051424e+00 +6.4081281e+00 +7.4193923e+00 +7.4226265e+00 +8.7268813e+00 +8.7289303e+00 
-3.6109564e+01 -3.6107445e+01 -3.6092032e+01 -3.6089241e+01 -1.3702006e+01 -1.3700630e+01 -1.3667043e+01 -1.3666045e+01 -1.3570353e+01 -1.3568619e+01 -1.3458189e+01 -1.3456682e+01 -1.3391290e+01 -1.3390204e+01 -1.3352136e+01 -1.3351005e+01 +5.0918239e+00 +5.0931238e+00 +5.9464616e+00 +5.9493561e+00 +7.4450166e+00 +7.4482559e+00 +8.5932023e+00 +8.5953799e+00 
-3.6108407e+01 -3.6106341e+01 -3.6093211e+01 -3.6090370e+01 -1.3703475e+01 -1.3702108e+01 -1.3673333e+01 -1.3672324e+01 -1.3562783e+01 -1.3561059e+01 -1.3465724e+01 -1.3464203e+01 -1.3385594e+01 -1.3384489e+01 -1.3351838e+01 -1.3350720e+01 +4.9816501e+00 +4.9830772e+00 +5.5598088e+00 +5.5625999e+00 +7.4794398e+00 +7.4826674e+00 +8.4663543e+00 +8.4686547e+00 
-3.6107207e+01 -3.6105213e+01 -3.6094425e+01 -3.6091514e+01 -1.3704368e+01 -1.3703004e+01 -1.3679113e+01 -1.3678097e+01 -1.3555007e+01 -1.3553293e+01 -1.3473469e+01 -1.3471934e+01 -1.3380286e+01 -1.3379161e+01 -1.3352001e+01 -1.3350899e+01 +4.8765625e+00 +4.8781202e+00 +5.2457708e+00 +5.2484496e+00 +7.5221435e+00 +7.5253448e+00 +8.3463296e+00 +8.3487471e+00 
-3.6105973e+01 -3.6104082e+01 -3.6095668e+01 -3.6092656e+01 -1.3704670e+01 -1.3703303e+01 -1.3684339e+01 -1.3683324e+01 -1.3547060e+01 -1.3545356e+01 -1.3481391e+01 -1.3479842e+01 -1.3375392e+01 -1.3374244e+01 -1.3352637e+01 -1.3351555e+01 +4.7809510e+00 +4.7826449e+00 +5.0010563e+00 +5.0036140e+00 +7.5727049e+00 +7.5758671e+00 +8.2331057e+00 +8.2356346e+00 
-3.6104711e+01 -3.6102978e+01 -3.6096936e+01 -3.6093765e+01 -1.3704376e+01 -1.3702992e+01 -1.3688976e+01 -1.3687976e+01 -1.3538978e+01 -1.3537281e+01 -1.3489453e+01 -1.3487894e+01 -1.3370938e+01 -1.3369759e+01 -1.3353749e+01 -1.3352695e+01 +4.6995254e+00 +4.7013675e+00 +4.8201743e+00 +4.8225957e+00 +7.6307871e+00 +7.6338985e+00 +8.1266576e+00 +8.1292921e+00 
-3.6103428e+01 -3.6101965e+01 -3.6098222e+01 -3.6094783e+01 -1.3703495e+01 -1.3702060e+01 -1.3692981e+01 -1.3692029e+01 -1.3530798e+01 -1.3529105e+01 -1.3497618e+01 -1.3496054e+01 -1.3366955e+01 -1.3365724e+01 -1.3355329e+01 -1.3354325e+01 +4.6373310e+00 +4.6393533e+00 +4.6965738e+00 +4.6988238e+00 +7.6961282e+00 +7.6991780e+00 +8.0269675e+00 +8.0297022e+00 
-3.6102130e+01 -3.6101173e+01 -3.6099521e+01 -3.6095576e+01 -1.3702107e+01 -1.3700508e+01 -1.3696251e+01 -1.3695463e+01 -1.3522576e+01 -1.3520865e+01 -1.3505831e+01 -1.3504284e+01 -1.3363515e+01 -1.3362155e+01 -1.3357320e+01 -1.3356446e+01 +4.5997222e+00 +4.6020422e+00 +4.6234070e+00 +4.6253648e+00 +7.7685297e+00 +7.7715058e+00 +7.9340356e+00 +7.9368668e+00 
-3.6100851e+01 -3.6100851e+01 -3.6100800e+01 -3.6095899e+01 -1.3700981e+01 -1.3698593e+01 -1.3698007e+01 -1.3698007e+01 -1.3515358e+01 -1.3513047e+01 -1.3513047e+01 -1.3512099e+01 -1.3361402e+01 -1.3359166e+01 -1.3358950e+01 -1.3358950e+01 +4.5904741e+00 +4.5947537e+00 +4.5958537e+00 +4.5958537e+00 +7.8466654e+00 +7.8490695e+00 +7.8490695e+00 +7.8524804e+00 
-3.6102302e+01 -3.6100810e+01 -3.6099724e+01 -3.6095565e+01 -1.3702259e+01 -1.3699561e+01 -1.3698066e+01 -1.3694447e+01 -1.3525297e+01 -1.3513634e+01 -1.3512965e+01 -1.3501660e+01 -1.3363977e+01 -1.3360585e+01 -1.3359374e+01 -1.3355496e+01 +4.5969842e+00 +4.6004701e+00 +4.6090030e+00 +4.6438445e+00 +7.7366972e+00 +7.8516439e+00 +7.8521507e+00 +7.9703969e+00 
-3.6104027e+01 -3.6100686e+01 -3.6099012e+01 -3.6094672e+01 -1.3703587e+01 -1.3699839e+01 -1.3698249e+01 -1.3688914e+01 -1.3537162e+01 -1.3513399e+01 -1.3512721e+01 -1.3490293e+01 -1.3368023e+01 -1.3361917e+01 -1.3360637e+01 -1.3351731e+01 +4.6110137e+00 +4.6143059e+00 +4.6728515e+00 +4.7731784e+00 +7.6323775e+00 +7.8593707e+00 +7.8598774e+00 +8.1001295e+00 
-3.6105910e+01 -3.6100481e+01 -3.6098523e+01 -3.6093476e+01 -1.3703796e+01 -1.3700120e+01 -1.3698561e+01 -1.3681917e+01 -1.3549186e+01 -1.3512996e+01 -1.3512316e+01 -1.3479108e+01 -1.3372268e+01 -1.3364010e+01 -1.3362719e+01 -1.3348053e+01 +4.6340509e+00 +4.6373197e+00 +4.7727611e+00 +4.9983863e+00 +7.5361390e+00 +7.8722605e+00 +7.8727664e+00 +8.2388810e+00 
-3.6107897e+01 -3.6100196e+01 -3.6098099e+01 -3.6092180e+01 -1.3702901e+01 -1.3700403e+01 -1.3699016e+01 -1.3673504e+01 -1.3561307e+01 -1.3512435e+01 -1.3511753e+01 -1.3468152e+01 -1.3376623e+01 -1.3366876e+01 -1.3365585e+01 -1.3344500e+01 +4.6661702e+00 +4.6694350e+00 +4.8968997e+00 +5.3340281e+00 +7.4478950e+00 +7.8903288e+00 +7.8908336e+00 +8.3869760e+00 
-3.6109956e+01 -3.6099833e+01 -3.6097665e+01 -3.6090888e+01 -1.3701883e+01 -1.3699758e+01 -1.3699632e+01 -1.3663717e+01 -1.3573489e+01 -1.3511720e+01 -1.3511038e+01 -1.3457452e+01 -1.3381063e+01 -1.3370472e+01 -1.3369187e+01 -1.3341085e+01 +4.7072628e+00 +4.7105284e+00 +5.0351519e+00 +5.7914761e+00 +7.3676173e+00 +7.9135935e+00 +7.9140970e+00 +8.5447772e+00 
-3.6112066e+01 -3.6099397e+01 -3.6097189e+01 -3.6089645e+01 -1.3702301e+01 -1.3700432e+01 -1.3696696e+01 -1.3652616e+01 -1.3585699e+01 -1.3510858e+01 -1.3510175e+01 -1.3447027e+01 -1.3385570e+01 -1.3374739e+01 -1.3373462e+01 -1.3337814e+01 +4.7571455e+00 +4.7604121e+00 +5.1788787e+00 +6.3763573e+00 +7.2953506e+00 +7.9420710e+00 +7.9425728e+00 +8.7126737e+00 
-3.6114209e+01 -3.6098889e+01 -3.6096661e+01 -3.6088471e+01 -1.3703204e+01 -1.3701441e+01 -1.3692248e+01 -1.3640288e+01 -1.3597903e+01 -1.3509857e+01 -1.3509173e+01 -1.3436896e+01 -1.3390129e+01 -1.3379601e+01 -1.3378338e+01 -1.3334691e+01 +4.8155418e+00 +4.8188068e+00 +5.3207177e+00 +7.0854525e+00 +7.2312241e+00 +7.9757696e+00 +7.9762693e+00 +8.7071134e+00 
-3.6116370e+01 -3.6098316e+01 -3.6096077e+01 -3.6087377e+01 -1.3704388e+01 -1.3702690e+01 -1.3686710e+01 -1.3626844e+01 -1.3610068e+01 -1.3508724e+01 -1.3508039e+01 -1.3427073e+01 -1.3394727e+01 -1.3384976e+01 -1.3383732e+01 -1.3331720e+01 +4.8820471e+00 +4.8853048e+00 +5.4543996e+00 +7.1754639e+00 +7.9030629e+00 +8.0146816e+00 +8.0151789e+00 +8.5891421e+00 
-3.6118539e+01 -3.6097681e+01 -3.6095438e+01 -3.6086367e+01 -1.3705853e+01 -1.3704213e+01 -1.3680181e+01 -1.3622160e+01 -1.3612418e+01 -1.3507468e+01 -1.3506783e+01 -1.3417572e+01 -1.3399349e+01 -1.3390768e+01 -1.3389550e+01 -1.3328902e+01 +4.9560776e+00 +4.9593192e+00 +5.5746350e+00 +7.1284104e+00 +8.0587723e+00 +8.0592668e+00 +8.4908305e+00 +8.7969217e+00 
-3.6120707e+01 -3.6096990e+01 -3.6094749e+01 -3.6085442e+01 -1.3707625e+01 -1.3706043e+01 -1.3672741e+01 -1.3634143e+01 -1.3597151e+01 -1.3506101e+01 -1.3505415e+01 -1.3408405e+01 -1.3403980e+01 -1.3396874e+01 -1.3395692e+01 -1.3326238e+01 +5.0368026e+00 +5.0400154e+00 +5.6771252e+00 +7.0905387e+00 +8.1079660e+00 +8.1084571e+00 +8.4138222e+00 +9.4636467e+00 
-3.6122865e+01 -3.6096248e+01 -3.6094013e+01 -3.6084601e+01 -1.3709735e+01 -1.3708214e+01 -1.3664474e+01 -1.3645984e+01 -1.3581195e+01 -1.3504633e+01 -1.3503946e+01 -1.3408610e+01 -1.3403183e+01 -1.3402053e+01 -1.3399583e+01 -1.3323727e+01 +5.1230579e+00 +5.1262244e+00 +5.7587124e+00 +7.0624862e+00 +8.1621272e+00 +8.1626144e+00 +8.3592618e+00 +9.3862222e+00 
-3.6125008e+01 -3.6095462e+01 -3.6093237e+01 -3.6083842e+01 -1.3712212e+01 -1.3710759e+01 -1.3657645e+01 -1.3655467e+01 -1.3564694e+01 -1.3503077e+01 -1.3502389e+01 -1.3413234e+01 -1.3409575e+01 -1.3408524e+01 -1.3391115e+01 -1.3321369e+01 +5.2132404e+00 +5.2163377e+00 +5.8176190e+00 +7.0450885e+00 +8.2210387e+00 +8.2215210e+00 +8.3274920e+00 +9.3147908e+00 
-3.6127131e+01 -3.6094639e+01 -3.6092427e+01 -3.6083161e+01 -1.3715083e+01 -1.3713704e+01 -1.3669093e+01 -1.3645812e+01 -1.3547789e+01 -1.3501445e+01 -1.3500756e+01 -1.3417894e+01 -1.3415883e+01 -1.3414999e+01 -1.3383008e+01 -1.3319160e+01 +5.3051964e+00 +5.3081959e+00 +5.8536381e+00 +7.0394261e+00 +8.2843734e+00 +8.2848498e+00 +8.3177037e+00 +9.2543165e+00 
-3.6129228e+01 -3.6093785e+01 -3.6091591e+01 -3.6082555e+01 -1.3718368e+01 -1.3717070e+01 -1.3680290e+01 -1.3635606e+01 -1.3530614e+01 -1.3499751e+01 -1.3499062e+01 -1.3422965e+01 -1.3421612e+01 -1.3421374e+01 -1.3375269e+01 -1.3317100e+01 +5.3961288e+00 +5.3989968e+00 +5.8681077e+00 +7.0468870e+00 +8.3278649e+00 +8.3516644e+00 +8.3521334e+00 +9.2106768e+00 
-3.6131295e+01 -3.6092909e+01 -3.6090735e+01 -3.6082019e+01 -1.3722077e+01 -1.3720867e+01 -1.3691201e+01 -1.3624949e+01 -1.3513295e+01 -1.3498009e+01 -1.3497319e+01 -1.3428763e+01 -1.3427554e+01 -1.3426334e+01 -1.3367902e+01 -1.3315183e+01 +5.4825765e+00 +5.4852761e+00 +5.8635985e+00 +7.0692508e+00 +8.3549545e+00 +8.4222708e+00 +8.4227306e+00 +9.1906824e+00 
-3.6133325e+01 -3.6092016e+01 -3.6089868e+01 -3.6081547e+01 -1.3726209e+01 -1.3725092e+01 -1.3701791e+01 -1.3613945e+01 -1.3496235e+01 -1.3495952e+01 -1.3495544e+01 -1.3434521e+01 -1.3433454e+01 -1.3430713e+01 -1.3360912e+01 -1.3313408e+01 +5.5605467e+00 +5.5630419e+00 +5.8434036e+00 +7.1088024e+00 +8.3954119e+00 +8.4953475e+00 +8.4957957e+00 +9.2019633e+00 
-3.6135312e+01 -3.6091115e+01 -3.6088999e+01 -3.6081135e+01 -1.3730746e+01 -1.3729728e+01 -1.3712024e+01 -1.3602704e+01 -1.3494442e+01 -1.3493750e+01 -1.3478702e+01 -1.3439969e+01 -1.3439002e+01 -1.3434933e+01 -1.3354301e+01 -1.3311769e+01 +5.6258785e+00 +5.6281403e+00 +5.8110151e+00 +7.1684881e+00 +8.4456141e+00 +8.5698221e+00 +8.5702559e+00 +9.2526559e+00 
-3.6137248e+01 -3.6090213e+01 -3.6088135e+01 -3.6080775e+01 -1.3735659e+01 -1.3734742e+01 -1.3721865e+01 -1.3591333e+01 -1.3492645e+01 -1.3491953e+01 -1.3461667e+01 -1.3445021e+01 -1.3444135e+01 -1.3439008e+01 -1.3348071e+01 -1.3310262e+01 +5.6748517e+00 +5.6768647e+00 +5.7697334e+00 +7.2521315e+00 +8.5022323e+00 +8.6443916e+00 +8.6448076e+00 +9.3508928e+00 
-3.6139125e+01 -3.6089319e+01 -3.6087286e+01 -3.6080461e+01 -1.3740898e+01 -1.3740084e+01 -1.3731280e+01 -1.3579943e+01 -1.3490861e+01 -1.3490168e+01 -1.3449632e+01 -1.3448946e+01 -1.3444827e+01 -1.3442929e+01 -1.3342224e+01 -1.3308882e+01 +5.7049004e+00 +5.7066681e+00 +5.7224545e+00 +7.3647371e+00 +8.5624197e+00 +8.7175470e+00 +8.7179415e+00 +9.5042599e+00 
-3.6140934e+01 -3.6088440e+01 -3.6086463e+01 -3.6080185e+01 -1.3746401e+01 -1.3745690e+01 -1.3740235e+01 -1.3568646e+01 -1.3489103e+01 -1.3488410e+01 -1.3453779e+01 -1.3453105e+01 -1.3446682e+01 -1.3428602e+01 -1.3336759e+01 -1.3307624e+01 +5.6715955e+00 +5.7151630e+00 +5.7167019e+00 +7.5129202e+00 +8.6238620e+00 +8.7876403e+00 +8.7880092e+00 +9.7195382e+00 
-3.6142667e+01 -3.6087582e+01 -3.6085674e+01 -3.6079940e+01 -1.3752090e+01 -1.3751480e+01 -1.3748696e+01 -1.3557551e+01 -1.3487388e+01 -1.3486694e+01 -1.3457456e+01 -1.3456860e+01 -1.3450252e+01 -1.3412848e+01 -1.3331678e+01 -1.3306483e+01 +5.6191282e+00 +5.7065870e+00 +5.7079314e+00 +7.7055248e+00 +8.6847441e+00 +8.8529953e+00 +8.8533348e+00 +1.0003041e+01 
-3.6144314e+01 -3.6086755e+01 -3.6084931e+01 -3.6079717e+01 -1.3757877e+01 -1.3757364e+01 -1.3756631e+01 -1.3546767e+01 -1.3485728e+01 -1.3485034e+01 -1.3460672e+01 -1.3460154e+01 -1.3453625e+01 -1.3397736e+01 -1.3326980e+01 -1.3305452e+01 +5.5666209e+00 +5.6816124e+00 +5.6827992e+00 +7.9545206e+00 +8.7436808e+00 +8.9120584e+00 +8.9123648e+00 +1.0361672e+01 
-3.6145867e+01 -3.6085964e+01 -3.6084244e+01 -3.6079508e+01 -1.3764006e+01 -1.3763666e+01 -1.3763244e+01 -1.3536400e+01 -1.3484140e+01 -1.3483446e+01 -1.3463447e+01 -1.3463005e+01 -1.3456786e+01 -1.3383376e+01 -1.3322663e+01 -1.3304528e+01 +5.5153190e+00 +5.6435752e+00 +5.6446404e+00 +8.2763166e+00 +8.7996385e+00 +8.9635651e+00 +8.9638359e+00 +1.0804607e+01 
-3.6147317e+01 -3.6085217e+01 -3.6083624e+01 -3.6079303e+01 -1.3770790e+01 -1.3769355e+01 -1.3769017e+01 -1.3526550e+01 -1.3482635e+01 -1.3481941e+01 -1.3465811e+01 -1.3465440e+01 -1.3459720e+01 -1.3369871e+01 -1.3318727e+01 -1.3303704e+01 +5.4662069e+00 +5.5961327e+00 +5.5971078e+00 +8.6936906e+00 +8.8518632e+00 +9.0066913e+00 +9.0069258e+00 +1.1345516e+01 
-3.6148655e+01 -3.6084521e+01 -3.6083081e+01 -3.6079094e+01 -1.3776950e+01 -1.3774842e+01 -1.3774580e+01 -1.3517316e+01 -1.3481228e+01 -1.3480534e+01 -1.3467799e+01 -1.3467490e+01 -1.3462415e+01 -1.3357319e+01 -1.3315171e+01 -1.3302976e+01 +5.4200635e+00 +5.5428468e+00 +5.5437570e+00 +8.8998183e+00 +9.0411502e+00 +9.0413412e+00 +9.2386188e+00 +1.2005298e+01 
-3.6149875e+01 -3.6083880e+01 -3.6082621e+01 -3.6078877e+01 -1.3782455e+01 -1.3780025e+01 -1.3779830e+01 -1.3508788e+01 -1.3479931e+01 -1.3479237e+01 -1.3469447e+01 -1.3469194e+01 -1.3464856e+01 -1.3345814e+01 -1.3311993e+01 -1.3302339e+01 +5.3775065e+00 +5.4869544e+00 +5.4878193e+00 +8.9431346e+00 +9.0672131e+00 +9.0673699e+00 +9.9562554e+00 +1.2815367e+01 
-3.6150969e+01 -3.6083302e+01 -3.6082247e+01 -3.6078652e+01 -1.3787274e+01 -1.3784808e+01 -1.3784670e+01 -1.3501052e+01 -1.3478755e+01 -1.3478061e+01 -1.3470794e+01 -1.3470588e+01 -1.3467032e+01 -1.3335442e+01 -1.3309192e+01 -1.3301788e+01 +5.3390264e+00 +5.4312808e+00 +5.4321147e+00 +8.9815690e+00 +9.0856506e+00 +9.0857731e+00 +1.0910257e+01 +1.3821151e+01 
-3.6151930e+01 -3.6082790e+01 -3.6081952e+01 -3.6078423e+01 -1.3791379e+01 -1.3789101e+01 -1.3789011e+01 -1.3494183e+01 -1.3477710e+01 -1.3477017e+01 -1.3471879e+01 -1.3471708e+01 -1.3468933e+01 -1.3326282e+01 -1.3306768e+01 -1.3301320e+01 +5.3050128e+00 +5.3782364e+00 +5.3790499e+00 +9.0149719e+00 +9.0976105e+00 +9.0977018e+00 +1.2188220e+01 +1.4934148e+01 
-3.6152754e+01 -3.6082350e+01 -3.6081730e+01 -3.6078202e+01 -1.3794747e+01 -1.3792826e+01 -1.3792772e+01 -1.3488252e+01 -1.3476807e+01 -1.3476115e+01 -1.3472738e+01 -1.3472588e+01 -1.3470546e+01 -1.3318406e+01 -1.3304718e+01 -1.3300930e+01 +5.2757736e+00 +5.3298548e+00 +5.3306550e+00 +9.0432610e+00 +9.1044642e+00 +9.1045282e+00 +1.3902224e+01 +1.5194235e+01 
-3.6153434e+01 -3.6081985e+01 -3.6081568e+01 -3.6078000e+01 -1.3797372e+01 -1.3795918e+01 -1.3795890e+01 -1.3483318e+01 -1.3476055e+01 -1.3475364e+01 -1.3473406e+01 -1.3473257e+01 -1.3471859e+01 -1.3311874e+01 -1.3303042e+01 -1.3300615e+01 +5.2515498e+00 +5.2878398e+00 +5.2886307e+00 +9.0663995e+00 +9.1076471e+00 +9.1076883e+00 +1.5418760e+01 +1.5736300e+01 
-3.6153967e+01 -3.6081698e+01 -3.6081455e+01 -3.6077829e+01 -1.3799274e+01 -1.3798330e+01 -1.3798318e+01 -1.3479434e+01 -1.3475461e+01 -1.3474771e+01 -1.3473920e+01 -1.3473738e+01 -1.3472858e+01 -1.3306740e+01 -1.3301740e+01 -1.3300374e+01 +5.2325251e+00 +5.2536056e+00 +5.2543872e+00 +9.0843796e+00 +9.1085171e+00 +9.1085403e+00 +1.5601368e+01 +1.5785441e+01 
-3.6154351e+01 -3.6081492e+01 -3.6081382e+01 -3.6077700e+01 -1.3800511e+01 -1.3800043e+01 -1.3800039e+01 -1.3476651e+01 -1.3475032e+01 -1.3474342e+01 -1.3474314e+01 -1.3474044e+01 -1.3473529e+01 -1.3303042e+01 -1.3300810e+01 -1.3300202e+01 +5.2188280e+00 +5.2282992e+00 +5.2290614e+00 +9.0972086e+00 +9.1082396e+00 +9.1082499e+00 +1.5736401e+01 +1.5820020e+01 
-3.6154581e+01 -3.6081368e+01 -3.6081340e+01 -3.6077620e+01 -1.3801184e+01 -1.3801058e+01 -1.3801057e+01 -1.3475060e+01 -1.3474773e+01 -1.3474586e+01 -1.3474128e+01 -1.3474083e+01 -1.3473888e+01 -1.3300812e+01 -1.3300252e+01 -1.3300100e+01 +5.2104761e+00 +5.2128525e+00 +5.2135067e+00 +9.1048990e+00 +9.1077028e+00 +9.1077054e+00 +1.5819363e+01 +1.5840547e+01 
-3.6154659e+01 -3.6081327e+01 -3.6081327e+01 -3.6077593e+01 -1.3801393e+01 -1.3801393e+01 -1.3801393e+01 -1.3474686e+01 -1.3474686e+01 -1.3474686e+01 -1.3473996e+01 -1.3473996e+01 -1.3473996e+01 -1.3300066e+01 -1.3300066e+01 -1.3300066e+01 +5.2070677e+00 +5.2082603e+00 +5.2082603e+00 +9.1074612e+00 +9.1074612e+00 +9.1074612e+00 +1.5847351e+01 +1.5847351e+01 
-3.6154579e+01 -3.6081355e+01 -3.6081355e+01 -3.6077621e+01 -1.3801091e+01 -1.3801091e+01 -1.3801091e+01 -1.3475011e+01 -1.3474732e+01 -1.3474732e+01 -1.3474114e+01 -1.3474114e+01 -1.3473830e+01 -1.3300888e+01 -1.3300154e+01 -1.3300154e+01 +5.2116214e+00 +5.2128124e+00 +5.2128124e+00 +9.1067415e+00 +9.1067415e+00 +9.1067441e+00 +1.5815033e+01 +1.5847248e+01 
-3.6154341e+01 -3.6081439e+01 -3.6081439e+01 -3.6077705e+01 -1.3800167e+01 -1.3800164e+01 -1.3800164e+01 -1.3475978e+01 -1.3475530e+01 -1.3475530e+01 -1.3473798e+01 -1.3473798e+01 -1.3473331e+01 -1.3303346e+01 -1.3300415e+01 -1.3300415e+01 +5.2251236e+00 +5.2263100e+00 +5.2263100e+00 +9.1043849e+00 +9.1043849e+00 +9.1043951e+00 +1.5719204e+01 +1.5846884e+01 
-3.6153946e+01 -3.6081580e+01 -3.6081580e+01 -3.6077846e+01 -1.3798583e+01 -1.3798571e+01 -1.3798571e+01 -1.3477567e+01 -1.3477106e+01 -1.3477106e+01 -1.3473003e+01 -1.3473003e+01 -1.3472501e+01 -1.3307427e+01 -1.3300848e+01 -1.3300848e+01 +5.2471173e+00 +5.2482968e+00 +5.2482968e+00 +9.0997462e+00 +9.0997462e+00 +9.0997674e+00 +1.5563095e+01 +1.5846101e+01 
-3.6153396e+01 -3.6081777e+01 -3.6081777e+01 -3.6078041e+01 -1.3796311e+01 -1.3796282e+01 -1.3796282e+01 -1.3479741e+01 -1.3479298e+01 -1.3479298e+01 -1.3471858e+01 -1.3471858e+01 -1.3471342e+01 -1.3313104e+01 -1.3301451e+01 -1.3301451e+01 +5.2769008e+00 +5.2780721e+00 +5.2780721e+00 +9.0915530e+00 +9.0915530e+00 +9.0915849e+00 +1.5351631e+01 +1.5844628e+01 
-3.6152695e+01 -3.6082028e+01 -3.6082028e+01 -3.6078292e+01 -1.3793356e+01 -1.3793299e+01 -1.3793299e+01 -1.3482451e+01 -1.3482041e+01 -1.3482041e+01 -1.3470384e+01 -1.3470384e+01 -1.3469860e+01 -1.3320342e+01 -1.3302220e+01 -1.3302220e+01 +5.3135982e+00 +5.3147619e+00 +5.3147619e+00 +9.0775317e+00 +9.0775317e+00 +9.0775661e+00 +1.5090890e+01 +1.5480779e+01 
-3.6151847e+01 -3.6082333e+01 -3.6082333e+01 -3.6078595e+01 -1.3789757e+01 -1.3789659e+01 -1.3789659e+01 -1.3485634e+01 -1.3485269e+01 -1.3485269e+01 -1.3468592e+01 -1.3468592e+01 -1.3468061e+01 -1.3329095e+01 -1.3303151e+01 -1.3303151e+01 +5.3562298e+00 +5.3573890e+00 +5.3573890e+00 +9.0537033e+00 +9.0537033e+00 +9.0537129e+00 +1.3774760e+01 +1.3783286e+01 
-3.6150857e+01 -3.6082689e+01 -3.6082689e+01 -3.6078949e+01 -1.3785589e+01 -1.3785436e+01 -1.3785436e+01 -1.3489208e+01 -1.3488900e+01 -1.3488900e+01 -1.3466494e+01 -1.3466494e+01 -1.3465957e+01 -1.3339310e+01 -1.3304237e+01 -1.3304237e+01 +5.4037682e+00 +5.4049293e+00 +5.4049293e+00 +9.0130813e+00 +9.0131659e+00 +9.0131659e+00 +1.2480914e+01 +1.2489133e+01 
-3.6149731e+01 -3.6083094e+01 -3.6083094e+01 -3.6079352e+01 -1.3780952e+01 -1.3780728e+01 -1.3780728e+01 -1.3493075e+01 -1.3492836e+01 -1.3492836e+01 -1.3464102e+01 -1.3464102e+01 -1.3463560e+01 -1.3350921e+01 -1.3305473e+01 -1.3305473e+01 +5.4551701e+00 +5.4563436e+00 +5.4563436e+00 +8.9441686e+00 +8.9445039e+00 +8.9445039e+00 +1.1527279e+01 +1.1534962e+01 
-3.6148476e+01 -3.6083545e+01 -3.6083545e+01 -3.6079801e+01 -1.3775971e+01 -1.3775660e+01 -1.3775660e+01 -1.3497114e+01 -1.3496959e+01 -1.3496959e+01 -1.3461430e+01 -1.3461430e+01 -1.3460884e+01 -1.3363858e+01 -1.3306852e+01 -1.3306852e+01 +5.5093846e+00 +5.5105864e+00 +5.5105864e+00 +8.8311499e+00 +8.8320187e+00 +8.8320187e+00 +1.0856157e+01 +1.0862996e+01 
-3.6147099e+01 -3.6084041e+01 -3.6084041e+01 -3.6080294e+01 -1.3770795e+01 -1.3770380e+01 -1.3770380e+01 -1.3501186e+01 -1.3501128e+01 -1.3501128e+01 -1.3458496e+01 -1.3458496e+01 -1.3457945e+01 -1.3378041e+01 -1.3308364e+01 -1.3308364e+01 +5.5653366e+00 +5.5665893e+00 +5.5665893e+00 +8.6627439e+00 +8.6644527e+00 +8.6644527e+00 +1.0421881e+01 +1.0427553e+01 
-3.6145608e+01 -3.6084577e+01 -3.6084577e+01 -3.6080827e+01 -1.3765595e+01 -1.3765060e+01 -1.3765060e+01 -1.3505179e+01 -1.3505179e+01 -1.3505125e+01 -1.3455316e+01 -1.3455316e+01 -1.3454761e+01 -1.3393382e+01 -1.3310001e+01 -1.3310001e+01 +5.6218908e+00 +5.6232248e+00 +5.6232248e+00 +8.4491123e+00 +8.4517026e+00 +8.4517026e+00 +1.0172441e+01 +1.0176887e+01 
-3.6144012e+01 -3.6085150e+01 -3.6085150e+01 -3.6081396e+01 -1.3760568e+01 -1.3759895e+01 -1.3759895e+01 -1.3508923e+01 -1.3508923e+01 -1.3508743e+01 -1.3451910e+01 -1.3451910e+01 -1.3451350e+01 -1.3409788e+01 -1.3311753e+01 -1.3311753e+01 +5.6777961e+00 +5.6792514e+00 +5.6792514e+00 +8.2200838e+00 +8.2232886e+00 +8.2232886e+00 +1.0048027e+01 +1.0051486e+01 
-3.6142319e+01 -3.6085757e+01 -3.6085757e+01 -3.6081999e+01 -1.3755927e+01 -1.3755101e+01 -1.3755101e+01 -1.3512152e+01 -1.3512152e+01 -1.3511833e+01 -1.3448298e+01 -1.3448298e+01 -1.3447734e+01 -1.3427157e+01 -1.3313610e+01 -1.3313610e+01 +5.7316172e+00 +5.7332444e+00 +5.7332444e+00 +8.0027850e+00 +8.0062661e+00 +8.0062661e+00 +1.0000387e+01 +1.0003159e+01 
-3.6140539e+01 -3.6086394e+01 -3.6086394e+01 -3.6082632e+01 -1.3751899e+01 -1.3750908e+01 -1.3750908e+01 -1.3514643e+01 -1.3514643e+01 -1.3514175e+01 -1.3445385e+01 -1.3444501e+01 -1.3444501e+01 -1.3443933e+01 -1.3315561e+01 -1.3315561e+01 +5.7816613e+00 +5.7835226e+00 +5.7835226e+00 +7.8117135e+00 +7.8151947e+00 +7.8151947e+00 +1.0000445e+01 +1.0002753e+01 
-3.6138682e+01 -3.6087057e+01 -3.6087057e+01 -3.6083290e+01 -1.3748712e+01 -1.3747546e+01 -1.3747546e+01 -1.3516171e+01 -1.3516171e+01 -1.3515550e+01 -1.3464361e+01 -1.3440543e+01 -1.3440543e+01 -1.3439971e+01 -1.3317594e+01 -1.3317594e+01 +5.8259268e+00 +5.8280936e+00 +5.8280936e+00 +7.6525156e+00 +7.6557888e+00 +7.6557888e+00 +1.0032829e+01 +1.0034817e+01 
-3.6136758e+01 -3.6087743e+01 -3.6087743e+01 -3.6083970e+01 -1.3746568e+01 -1.3745228e+01 -1.3745228e+01 -1.3516533e+01 -1.3516533e+01 -1.3515764e+01 -1.3483966e+01 -1.3436446e+01 -1.3436446e+01 -1.3435869e+01 -1.3319697e+01 -1.3319697e+01 +5.8621246e+00 +5.8646713e+00 +5.8646713e+00 +7.5269344e+00 +7.5298412e+00 +7.5298412e+00 +1.0089674e+01 +1.0091434e+01 
-3.6134777e+01 -3.6088447e+01 -3.6088447e+01 -3.6084668e+01 -1.3745629e+01 -1.3744122e+01 -1.3744122e+01 -1.3515568e+01 -1.3515568e+01 -1.3514694e+01 -1.3504053e+01 -1.3432234e+01 -1.3432234e+01 -1.3431653e+01 -1.3321858e+01 -1.3321858e+01 +5.8878517e+00 +5.8908427e+00 +5.8908427e+00 +7.4354313e+00 +7.4378555e+00 +7.4378555e+00 +1.0166962e+01 +1.0168552e+01 
-3.6132750e+01 -3.6089164e+01 -3.6089164e+01 -3.6085379e+01 -1.3745992e+01 -1.3744332e+01 -1.3744332e+01 -1.3524701e+01 -1.3513180e+01 -1.3513180e+01 -1.3512054e+01 -1.3427933e+01 -1.3427933e+01 -1.3427347e+01 -1.3324064e+01 -1.3324064e+01 +5.9009819e+00 +5.9044527e+00 +5.9044527e+00 +7.3780636e+00 +7.3799374e+00 +7.3799374e+00 +9.8633103e+00 +1.0262665e+01 
-3.6130690e+01 -3.6089892e+01 -3.6089892e+01 -3.6086099e+01 -1.3747674e+01 -1.3745881e+01 -1.3745881e+01 -1.3545467e+01 -1.3509354e+01 -1.3509354e+01 -1.3508154e+01 -1.3423567e+01 -1.3423567e+01 -1.3422977e+01 -1.3326302e+01 -1.3326302e+01 +5.9002086e+00 +5.9041499e+00 +5.9041499e+00 +7.3544759e+00 +7.3557887e+00 +7.3557887e+00 +9.4614203e+00 +1.0375748e+01 
-3.6128606e+01 -3.6090625e+01 -3.6090625e+01 -3.6086823e+01 -1.3750619e+01 -1.3748717e+01 -1.3748717e+01 -1.3566415e+01 -1.3504155e+01 -1.3504155e+01 -1.3502876e+01 -1.3419163e+01 -1.3419163e+01 -1.3418567e+01 -1.3328558e+01 -1.3328558e+01 +5.8854783e+00 +5.8898325e+00 +5.8898325e+00 +7.3636913e+00 +7.3644883e+00 +7.3644883e+00 +9.0716903e+00 +1.0505716e+01 
-3.6126511e+01 -3.6091359e+01 -3.6091359e+01 -3.6087547e+01 -1.3754705e+01 -1.3752717e+01 -1.3752717e+01 -1.3587396e+01 -1.3497713e+01 -1.3497713e+01 -1.3496376e+01 -1.3414745e+01 -1.3414745e+01 -1.3414144e+01 -1.3330820e+01 -1.3330820e+01 +5.8580070e+00 +5.8626827e+00 +5.8626827e+00 +7.4041992e+00 +7.4045645e+00 +7.4045645e+00 +8.6954423e+00 +1.0652281e+01 
-3.6124417e+01 -3.6092089e+01 -3.6092089e+01 -3.6088267e+01 -1.3759771e+01 -1.3757718e+01 -1.3757718e+01 -1.3608283e+01 -1.3490206e+01 -1.3490206e+01 -1.3488831e+01 -1.3410341e+01 -1.3410341e+01 -1.3409734e+01 -1.3333074e+01 -1.3333074e+01 +5.8198521e+00 +5.8247474e+00 +5.8247474e+00 +7.4744551e+00 +7.4744867e+00 +7.4744867e+00 +8.3338223e+00 +1.0815195e+01 
-3.6122336e+01 -3.6092813e+01 -3.6092813e+01 -3.6088979e+01 -1.3765632e+01 -1.3763533e+01 -1.3763533e+01 -1.3628955e+01 -1.3481834e+01 -1.3481834e+01 -1.3480439e+01 -1.3405975e+01 -1.3405975e+01 -1.3405363e+01 -1.3335306e+01 -1.3335306e+01 +5.7733309e+00 +5.7783521e+00 +5.7783521e+00 +7.5733312e+00 +7.5733312e+00 +7.5735405e+00 +7.9878180e+00 +1.0994125e+01 
-3.6120280e+01 -3.6093525e+01 -3.6093525e+01 -3.6089676e+01 -1.3772099e+01 -1.3769968e+01 -1.3769968e+01 -1.3649291e+01 -1.3472803e+01 -1.3472803e+01 -1.3471402e+01 -1.3401673e+01 -1.3401673e+01 -1.3401055e+01 -1.3337504e+01 -1.3337504e+01 +5.7205872e+00 +5.7256583e+00 +5.7256583e+00 +7.6582175e+00 +7.7013353e+00 +7.7013353e+00 +7.7017624e+00 +1.1188563e+01 
-3.6118263e+01 -3.6094221e+01 -3.6094221e+01 -3.6090356e+01 -1.3778988e+01 -1.3776835e+01 -1.3776835e+01 -1.3669173e+01 -1.3463314e+01 -1.3463314e+01 -1.3461917e+01 -1.3397460e+01 -1.3397460e+01 -1.3396837e+01 -1.3339655e+01 -1.3339655e+01 +5.6633996e+00 +5.6684640e+00 +5.6684640e+00 +7.3458687e+00 +7.8602614e+00 +7.8602614e+00 +7.8607624e+00 +1.1397767e+01 
-3.6116295e+01 -3.6094897e+01 -3.6094897e+01 -3.6091014e+01 -1.3786129e+01 -1.3783962e+01 -1.3783962e+01 -1.3688486e+01 -1.3453555e+01 -1.3453555e+01 -1.3452170e+01 -1.3393362e+01 -1.3393362e+01 -1.3392733e+01 -1.3341745e+01 -1.3341745e+01 +5.6031677e+00 +5.6081854e+00 +5.6081854e+00 +7.0512307e+00 +8.0536537e+00 +8.0536537e+00 +8.0542296e+00 +1.1620707e+01 
-3.6114390e+01 -3.6095550e+01 -3.6095550e+01 -3.6091645e+01 -1.3793364e+01 -1.3791189e+01 -1.3791189e+01 -1.3707119e+01 -1.3443698e+01 -1.3443698e+01 -1.3442332e+01 -1.3389401e+01 -1.3389401e+01 -1.3388767e+01 -1.3343762e+01 -1.3343762e+01 +5.5409817e+00 +5.5459264e+00 +5.5459264e+00 +6.7748154e+00 +8.2871117e+00 +8.2871117e+00 +8.2877409e+00 +1.1856036e+01 
-3.6112561e+01 -3.6096176e+01 -3.6096176e+01 -3.6092245e+01 -1.3800553e+01 -1.3798373e+01 -1.3798373e+01 -1.3724965e+01 -1.3433901e+01 -1.3433901e+01 -1.3432555e+01 -1.3385602e+01 -1.3385602e+01 -1.3384962e+01 -1.3345694e+01 -1.3345694e+01 +5.4777137e+00 +5.4825693e+00 +5.4825693e+00 +6.5169973e+00 +8.5686804e+00 +8.5686804e+00 +8.5693528e+00 +1.2102086e+01 
-3.6110821e+01 -3.6096771e+01 -3.6096771e+01 -3.6092808e+01 -1.3807569e+01 -1.3805386e+01 -1.3805386e+01 -1.3741924e+01 -1.3424305e+01 -1.3424305e+01 -1.3422981e+01 -1.3381986e+01 -1.3381986e+01 -1.3381340e+01 -1.3347531e+01 -1.3347531e+01 +5.4141014e+00 +5.4188595e+00 +5.4188595e+00 +6.2780590e+00 +8.9094256e+00 +8.9094256e+00 +8.9101410e+00 +1.2356906e+01 
-3.6109180e+01 -3.6097331e+01 -3.6097331e+01 -3.6093332e+01 -1.3814296e+01 -1.3812111e+01 -1.3812111e+01 -1.3757897e+01 -1.3415038e+01 -1.3415038e+01 -1.3413734e+01 -1.3378575e+01 -1.3378575e+01 -1.3377924e+01 -1.3349259e+01 -1.3349259e+01 +5.3508172e+00 +5.3554752e+00 +5.3554752e+00 +6.0582016e+00 +9.3242274e+00 +9.3242274e+00 +9.3249947e+00 +1.2618412e+01 
-3.6107654e+01 -3.6097854e+01 -3.6097854e+01 -3.6093810e+01 -1.3820632e+01 -1.3818444e+01 -1.3818444e+01 -1.3772796e+01 -1.3406212e+01 -1.3406212e+01 -1.3404929e+01 -1.3375389e+01 -1.3375389e+01 -1.3374733e+01 -1.3350870e+01 -1.3350870e+01 +5.2885217e+00 +5.2930815e+00 +5.2930815e+00 +5.8575562e+00 +9.8327314e+00 +9.8327314e+00 +9.8335673e+00 +1.2884788e+01 
-3.6106252e+01 -3.6098337e+01 -3.6098337e+01 -3.6094237e+01 -1.3826483e+01 -1.3824292e+01 -1.3824292e+01 -1.3786536e+01 -1.3397932e+01 -1.3397932e+01 -1.3396665e+01 -1.3372446e+01 -1.3372446e+01 -1.3371786e+01 -1.3352353e+01 -1.3352353e+01 +5.2279056e+00 +5.2323724e+00 +5.2323724e+00 +5.6761933e+00 +1.0460018e+01 +1.0460018e+01 +1.0460944e+01 +1.3155667e+01 
-3.6104989e+01 -3.6098777e+01 -3.6098777e+01 -3.6094609e+01 -1.3831767e+01 -1.3829569e+01 -1.3829569e+01 -1.3799038e+01 -1.3390287e+01 -1.3390287e+01 -1.3389033e+01 -1.3369764e+01 -1.3369764e+01 -1.3369100e+01 -1.3353698e+01 -1.3353698e+01 +5.1697207e+00 +5.1741024e+00 +5.1741024e+00 +5.5141346e+00 +1.1234795e+01 +1.1234795e+01 +1.1235823e+01 +1.3436160e+01 
-3.6103875e+01 -3.6099171e+01 -3.6099171e+01 -3.6094921e+01 -1.3836409e+01 -1.3834202e+01 -1.3834202e+01 -1.3810234e+01 -1.3383361e+01 -1.3383361e+01 -1.3382113e+01 -1.3367359e+01 -1.3367359e+01 -1.3366691e+01 -1.3354897e+01 -1.3354897e+01 +5.1148004e+00 +5.1191073e+00 +5.1191073e+00 +5.3713635e+00 +1.2172164e+01 +1.2172164e+01 +1.2173216e+01 +1.3756387e+01 
-3.6102920e+01 -3.6099518e+01 -3.6099518e+01 -3.6095168e+01 -1.3840354e+01 -1.3838130e+01 -1.3838130e+01 -1.3820057e+01 -1.3377227e+01 -1.3377227e+01 -1.3375974e+01 -1.3365243e+01 -1.3365243e+01 -1.3364574e+01 -1.3355938e+01 -1.3355938e+01 +5.0640689e+00 +5.0683137e+00 +5.0683137e+00 +5.2478358e+00 +1.3147518e+01 +1.3147518e+01 +1.3148056e+01 +1.4298545e+01 
-3.6102131e+01 -3.6099816e+01 -3.6099816e+01 -3.6095350e+01 -1.3843565e+01 -1.3841315e+01 -1.3841315e+01 -1.3828451e+01 -1.3371953e+01 -1.3371953e+01 -1.3370677e+01 -1.3363426e+01 -1.3363426e+01 -1.3362761e+01 -1.3356813e+01 -1.3356813e+01 +5.0185315e+00 +5.0227303e+00 +5.0227303e+00 +5.1434908e+00 +1.3720321e+01 +1.3720363e+01 +1.3720363e+01 +1.4365045e+01 
-3.6101510e+01 -3.6100062e+01 -3.6100062e+01 -3.6095469e+01 -1.3846041e+01 -1.3843747e+01 -1.3843747e+01 -1.3835361e+01 -1.3367607e+01 -1.3367607e+01 -1.3366273e+01 -1.3361912e+01 -1.3361912e+01 -1.3361262e+01 -1.3357507e+01 -1.3357507e+01 +4.9792443e+00 +4.9834192e+00 +4.9834192e+00 +5.0582628e+00 +1.3992777e+01 +1.3992833e+01 +1.3992833e+01 +1.4369579e+01 
-3.6101051e+01 -3.6100256e+01 -3.6100256e+01 -3.6095534e+01 -1.3847835e+01 -1.3845464e+01 -1.3845464e+01 -1.3840731e+01 -1.3364276e+01 -1.3364276e+01 -1.3362803e+01 -1.3360681e+01 -1.3360681e+01 -1.3360087e+01 -1.3357999e+01 -1.3357999e+01 +4.9472515e+00 +4.9514409e+00 +4.9514409e+00 +4.9920964e+00 +1.4167407e+01 +1.4167410e+01 +1.4167410e+01 +1.4373257e+01 
-3.6100741e+01 -3.6100395e+01 -3.6100395e+01 -3.6095561e+01 -1.3849063e+01 -1.3846548e+01 -1.3846548e+01 -1.3844502e+01 -1.3362092e+01 -1.3362092e+01 -1.3360300e+01 -1.3359663e+01 -1.3359663e+01 -1.3359243e+01 -1.3358267e+01 -1.3358267e+01 +4.9234780e+00 +4.9277743e+00 +4.9277743e+00 +4.9449819e+00 +1.4285354e+01 +1.4285354e+01 +1.4285395e+01 +1.4375965e+01 
-3.6100564e+01 -3.6100479e+01 -3.6100479e+01 -3.6095567e+01 -1.3849855e+01 -1.3847123e+01 -1.3847123e+01 -1.3846642e+01 -1.3361066e+01 -1.3361066e+01 -1.3358858e+01 -1.3358858e+01 -1.3358789e+01 -1.3358735e+01 -1.3358325e+01 -1.3358325e+01 +4.9085087e+00 +4.9132203e+00 +4.9132203e+00 +4.9170856e+00 +1.4355035e+01 +1.4355035e+01 +1.4355104e+01 +1.4377619e+01 
-3.6100507e+01 -3.6100507e+01 -3.6100507e+01 -3.6095567e+01 -1.3850161e+01 -1.3847299e+01 -1.3847299e+01 -1.3847299e+01 -1.3360809e+01 -1.3360809e+01 -1.3358565e+01 -1.3358565e+01 -1.3358565e+01 -1.3358283e+01 -1.3358283e+01 -1.3358283e+01 +4.9029404e+00 +4.9083074e+00 +4.9083074e+00 +4.9083074e+00 +1.4378041e+01 +1.4378041e+01 +1.4378259e+01 +1.4378259e+01 
-3.6100548e+01 -3.6100508e+01 -3.6100466e+01 -3.6095567e+01 -1.3849861e+01 -1.3847203e+01 -1.3846964e+01 -1.3846757e+01 -1.3361178e+01 -1.3360924e+01 -1.3359000e+01 -1.3358868e+01 -1.3358694e+01 -1.3358543e+01 -1.3358398e+01 -1.3358361e+01 +4.9083418e+00 +4.9125360e+00 +4.9146262e+00 +4.9157912e+00 +1.4351021e+01 +1.4351130e+01 +1.4372604e+01 +1.4372723e+01 
-3.6100672e+01 -3.6100514e+01 -3.6100343e+01 -3.6095563e+01 -1.3849105e+01 -1.3846867e+01 -1.3845756e+01 -1.3845125e+01 -1.3362602e+01 -1.3361275e+01 -1.3360800e+01 -1.3359456e+01 -1.3359108e+01 -1.3358822e+01 -1.3358736e+01 -1.3358564e+01 +4.9219604e+00 +4.9251930e+00 +4.9359050e+00 +4.9380098e+00 +1.4269772e+01 +1.4269884e+01 +1.4355832e+01 +1.4355957e+01 
-3.6100877e+01 -3.6100539e+01 -3.6100139e+01 -3.6095542e+01 -1.3848086e+01 -1.3846173e+01 -1.3843347e+01 -1.3842383e+01 -1.3365409e+01 -1.3363823e+01 -1.3361872e+01 -1.3359981e+01 -1.3359826e+01 -1.3359282e+01 -1.3359239e+01 -1.3358874e+01 +4.9432301e+00 +4.9461923e+00 +4.9719977e+00 +4.9743399e+00 +1.4133828e+01 +1.4133952e+01 +1.4327353e+01 +1.4327492e+01 
-3.6101163e+01 -3.6100600e+01 -3.6099856e+01 -3.6095486e+01 -1.3846714e+01 -1.3844980e+01 -1.3839667e+01 -1.3838518e+01 -1.3369517e+01 -1.3368021e+01 -1.3362735e+01 -1.3360843e+01 -1.3360494e+01 -1.3360010e+01 -1.3359810e+01 -1.3359293e+01 +4.9725185e+00 +4.9753949e+00 +5.0215697e+00 +5.0239578e+00 +1.3935877e+01 +1.3936041e+01 +1.4286175e+01 +1.4286338e+01 
-3.6101529e+01 -3.6100721e+01 -3.6099495e+01 -3.6095373e+01 -1.3844808e+01 -1.3843169e+01 -1.3834780e+01 -1.3833529e+01 -1.3374814e+01 -1.3373354e+01 -1.3363889e+01 -1.3362155e+01 -1.3361068e+01 -1.3360889e+01 -1.3360528e+01 -1.3359820e+01 +5.0097634e+00 +5.0126141e+00 +5.0836892e+00 +5.0860605e+00 +1.3617039e+01 +1.3617456e+01 +1.4230441e+01 +1.4230649e+01 
-3.6101971e+01 -3.6100923e+01 -3.6099062e+01 -3.6095181e+01 -1.3842250e+01 -1.3840668e+01 -1.3828748e+01 -1.3827438e+01 -1.3381220e+01 -1.3379773e+01 -1.3365352e+01 -1.3363761e+01 -1.3361890e+01 -1.3361728e+01 -1.3361385e+01 -1.3360454e+01 +5.0547717e+00 +5.0576232e+00 +5.1577116e+00 +5.1600412e+00 +1.2753003e+01 +1.2754507e+01 +1.3836875e+01 +1.3837411e+01 
-3.6102486e+01 -3.6101220e+01 -3.6098558e+01 -3.6094897e+01 -1.3838989e+01 -1.3837442e+01 -1.3821629e+01 -1.3820287e+01 -1.3388667e+01 -1.3387219e+01 -1.3367134e+01 -1.3365663e+01 -1.3362995e+01 -1.3362479e+01 -1.3362369e+01 -1.3361189e+01 +5.1072966e+00 +5.1101626e+00 +5.2433068e+00 +5.2455851e+00 +1.1490213e+01 +1.1491746e+01 +1.3423220e+01 +1.3423383e+01 
-3.6103069e+01 -3.6101615e+01 -3.6097988e+01 -3.6094516e+01 -1.3835016e+01 -1.3833491e+01 -1.3813492e+01 -1.3812132e+01 -1.3397082e+01 -1.3395626e+01 -1.3369238e+01 -1.3367860e+01 -1.3364191e+01 -1.3363470e+01 -1.3363320e+01 -1.3362020e+01 +5.1670600e+00 +5.1699488e+00 +5.3404663e+00 +5.3426911e+00 +1.0412685e+01 +1.0414025e+01 +1.3101793e+01 +1.3101895e+01 
-3.6103714e+01 -3.6102105e+01 -3.6097357e+01 -3.6094042e+01 -1.3830344e+01 -1.3828835e+01 -1.3804409e+01 -1.3803044e+01 -1.3406388e+01 -1.3404918e+01 -1.3371660e+01 -1.3370355e+01 -1.3365468e+01 -1.3364673e+01 -1.3364247e+01 -1.3362940e+01 +5.2337654e+00 +5.2366818e+00 +5.4494708e+00 +5.4516436e+00 +9.5475422e+00 +9.5487125e+00 +1.2787916e+01 +1.2787993e+01 
-3.6104415e+01 -3.6102680e+01 -3.6096671e+01 -3.6093482e+01 -1.3825005e+01 -1.3823506e+01 -1.3794465e+01 -1.3793102e+01 -1.3416499e+01 -1.3415013e+01 -1.3374396e+01 -1.3373147e+01 -1.3366818e+01 -1.3365964e+01 -1.3365254e+01 -1.3363941e+01 +5.3071064e+00 +5.3100530e+00 +5.5708367e+00 +5.5729610e+00 +8.8565221e+00 +8.8575562e+00 +1.2472737e+01 +1.2472797e+01 
-3.6105167e+01 -3.6103330e+01 -3.6095935e+01 -3.6092848e+01 -1.3819034e+01 -1.3817543e+01 -1.3783749e+01 -1.3782396e+01 -1.3427326e+01 -1.3425821e+01 -1.3377443e+01 -1.3376238e+01 -1.3368228e+01 -1.3367328e+01 -1.3366331e+01 -1.3365015e+01 +5.3867745e+00 +5.3897522e+00 +5.7052558e+00 +5.7073356e+00 +8.3024763e+00 +8.3034015e+00 +1.2157088e+01 +1.2157133e+01 
-3.6105960e+01 -3.6104041e+01 -3.6095155e+01 -3.6092150e+01 -1.3812474e+01 -1.3810986e+01 -1.3772357e+01 -1.3771019e+01 -1.3438773e+01 -1.3437248e+01 -1.3380798e+01 -1.3379629e+01 -1.3369686e+01 -1.3368747e+01 -1.3367472e+01 -1.3366152e+01 +5.4724665e+00 +5.4754745e+00 +5.8535357e+00 +5.8555747e+00 +7.8554474e+00 +7.8562846e+00 +1.1843680e+01 +1.1843711e+01 
-3.6106789e+01 -3.6104804e+01 -3.6094338e+01 -3.6091400e+01 -1.3805366e+01 -1.3803880e+01 -1.3760391e+01 -1.3759073e+01 -1.3450740e+01 -1.3449194e+01 -1.3384457e+01 -1.3383318e+01 -1.3371176e+01 -1.3370204e+01 -1.3368666e+01 -1.3367343e+01 +5.5638913e+00 +5.5669272e+00 +6.0165430e+00 +6.0185445e+00 +7.4922603e+00 +7.4930254e+00 +1.1535438e+01 +1.1535455e+01 
-3.6107646e+01 -3.6105606e+01 -3.6093492e+01 -3.6090607e+01 -1.3797755e+01 -1.3796270e+01 -1.3747956e+01 -1.3746662e+01 -1.3463123e+01 -1.3461554e+01 -1.3388419e+01 -1.3387304e+01 -1.3372682e+01 -1.3371681e+01 -1.3369903e+01 -1.3368578e+01 +5.6607775e+00 +5.6638372e+00 +6.1951459e+00 +6.1971116e+00 +7.1951820e+00 +7.1958876e+00 +1.1235022e+01 +1.1235025e+01 
-3.6108523e+01 -3.6106437e+01 -3.6092622e+01 -3.6089782e+01 -1.3789687e+01 -1.3788200e+01 -1.3735162e+01 -1.3733896e+01 -1.3475813e+01 -1.3474223e+01 -1.3392678e+01 -1.3391586e+01 -1.3374186e+01 -1.3373159e+01 -1.3371174e+01 -1.3369847e+01 +5.7628821e+00 +5.7659597e+00 +6.3901522e+00 +6.3920821e+00 +6.9506452e+00 +6.9513018e+00 +1.0944676e+01 +1.0944688e+01 
-3.6109411e+01 -3.6107287e+01 -3.6091737e+01 -3.6088934e+01 -1.3781209e+01 -1.3779719e+01 -1.3722121e+01 -1.3720887e+01 -1.3488704e+01 -1.3487091e+01 -1.3397229e+01 -1.3396158e+01 -1.3375671e+01 -1.3374620e+01 -1.3372467e+01 -1.3371138e+01 +5.8699999e+00 +5.8730878e+00 +6.6022387e+00 +6.6041224e+00 +6.7482194e+00 +6.7488444e+00 +1.0666233e+01 +1.0666259e+01 
-3.6110302e+01 -3.6108146e+01 -3.6090844e+01 -3.6088072e+01 -1.3772369e+01 -1.3770875e+01 -1.3708948e+01 -1.3707748e+01 -1.3501684e+01 -1.3500050e+01 -1.3402067e+01 -1.3401014e+01 -1.3377119e+01 -1.3376046e+01 -1.3373771e+01 -1.3372441e+01 +5.9819759e+00 +5.9850643e+00 +6.5798295e+00 +6.5803931e+00 +6.8318674e+00 +6.8337385e+00 +1.0401118e+01 +1.0401159e+01 
-3.6111189e+01 -3.6109006e+01 -3.6089950e+01 -3.6087205e+01 -1.3763219e+01 -1.3761719e+01 -1.3695759e+01 -1.3694595e+01 -1.3514643e+01 -1.3512989e+01 -1.3407179e+01 -1.3406145e+01 -1.3378514e+01 -1.3377419e+01 -1.3375075e+01 -1.3373744e+01 +6.0987183e+00 +6.1017951e+00 +6.4391720e+00 +6.4397090e+00 +7.0791848e+00 +7.0810093e+00 +1.0150392e+01 +1.0150447e+01 
-3.6112063e+01 -3.6109857e+01 -3.6089064e+01 -3.6086341e+01 -1.3753812e+01 -1.3752304e+01 -1.3682669e+01 -1.3681544e+01 -1.3527472e+01 -1.3525799e+01 -1.3412555e+01 -1.3411539e+01 -1.3379839e+01 -1.3378723e+01 -1.3376369e+01 -1.3375036e+01 +6.2202135e+00 +6.2232640e+00 +6.3212845e+00 +6.3217951e+00 +7.3439034e+00 +7.3456790e+00 +9.9148079e+00 +9.9148767e+00 
-3.6112916e+01 -3.6110690e+01 -3.6088192e+01 -3.6085488e+01 -1.3744203e+01 -1.3742686e+01 -1.3669795e+01 -1.3668710e+01 -1.3540064e+01 -1.3538372e+01 -1.3418177e+01 -1.3417179e+01 -1.3381081e+01 -1.3379945e+01 -1.3377640e+01 -1.3376306e+01 +6.2222273e+00 +6.2227144e+00 +6.3465414e+00 +6.3495478e+00 +7.6251658e+00 +7.6268843e+00 +9.6948601e+00 +9.6949424e+00 
-3.6113742e+01 -3.6111498e+01 -3.6087343e+01 -3.6084655e+01 -1.3734454e+01 -1.3732927e+01 -1.3657250e+01 -1.3656205e+01 -1.3552313e+01 -1.3550604e+01 -1.3424023e+01 -1.3423044e+01 -1.3382227e+01 -1.3381070e+01 -1.3378878e+01 -1.3377543e+01 +6.1388474e+00 +6.1393140e+00 +6.4778859e+00 +6.4808272e+00 +7.9213945e+00 +7.9230449e+00 +9.4908354e+00 +9.4909308e+00 
-3.6114532e+01 -3.6112273e+01 -3.6086523e+01 -3.6083849e+01 -1.3724631e+01 -1.3723091e+01 -1.3645145e+01 -1.3644140e+01 -1.3564116e+01 -1.3562391e+01 -1.3430064e+01 -1.3429106e+01 -1.3383266e+01 -1.3382089e+01 -1.3380072e+01 -1.3378736e+01 +6.0686031e+00 +6.0690519e+00 +6.6145374e+00 +6.6173883e+00 +8.2301370e+00 +8.2317053e+00 +9.3028560e+00 +9.3029636e+00 
-3.6115280e+01 -3.6113008e+01 -3.6085740e+01 -3.6083078e+01 -1.3714806e+01 -1.3713251e+01 -1.3633585e+01 -1.3632621e+01 -1.3575375e+01 -1.3573637e+01 -1.3436264e+01 -1.3435328e+01 -1.3384193e+01 -1.3382995e+01 -1.3381213e+01 -1.3379876e+01 +6.0094319e+00 +6.0098652e+00 +6.7568722e+00 +6.7596027e+00 +8.5479097e+00 +8.5493783e+00 +9.1309189e+00 +9.1310369e+00 
-3.6115980e+01 -3.6113697e+01 -3.6085000e+01 -3.6082348e+01 -1.3705059e+01 -1.3703487e+01 -1.3622673e+01 -1.3621749e+01 -1.3585997e+01 -1.3584246e+01 -1.3442577e+01 -1.3441664e+01 -1.3385002e+01 -1.3383784e+01 -1.3382290e+01 -1.3380952e+01 +5.9596518e+00 +5.9600718e+00 +6.9052918e+00 +6.9078670e+00 +8.8700365e+00 +8.8713664e+00 +8.9749477e+00 +8.9750537e+00 
-3.6116627e+01 -3.6114333e+01 -3.6084310e+01 -3.6081666e+01 -1.3695481e+01 -1.3693890e+01 -1.3612504e+01 -1.3611619e+01 -1.3595893e+01 -1.3594130e+01 -1.3448942e+01 -1.3448055e+01 -1.3385693e+01 -1.3384456e+01 -1.3383294e+01 -1.3381955e+01 +5.9178854e+00 +5.9182941e+00 +7.0600913e+00 +7.0624709e+00 +8.8346975e+00 +8.8348530e+00 +9.1904197e+00 +9.1916571e+00 
-3.6117215e+01 -3.6114913e+01 -3.6083675e+01 -3.6081039e+01 -1.3686180e+01 -1.3684567e+01 -1.3604982e+01 -1.3603264e+01 -1.3603165e+01 -1.3602263e+01 -1.3455284e+01 -1.3454425e+01 -1.3386270e+01 -1.3385014e+01 -1.3384216e+01 -1.3382877e+01 +5.8830033e+00 +5.8834025e+00 +7.2212152e+00 +7.2233543e+00 +8.7100713e+00 +8.7102329e+00 +9.5009660e+00 +9.5020612e+00 
-3.6117741e+01 -3.6115431e+01 -3.6083102e+01 -3.6080472e+01 -1.3677278e+01 -1.3675641e+01 -1.3613188e+01 -1.3611415e+01 -1.3594737e+01 -1.3593915e+01 -1.3461507e+01 -1.3460679e+01 -1.3386738e+01 -1.3385464e+01 -1.3385049e+01 -1.3383709e+01 +5.8540794e+00 +5.8544707e+00 +7.3878556e+00 +7.3897064e+00 +8.6008001e+00 +8.6009703e+00 +9.7894646e+00 +9.7904471e+00 
-3.6118201e+01 -3.6115885e+01 -3.6082595e+01 -3.6079970e+01 -1.3668921e+01 -1.3667257e+01 -1.3620443e+01 -1.3618662e+01 -1.3587291e+01 -1.3586498e+01 -1.3467488e+01 -1.3466694e+01 -1.3387106e+01 -1.3385816e+01 -1.3385786e+01 -1.3384445e+01 +5.8303573e+00 +5.8307422e+00 +7.5578693e+00 +7.5593858e+00 +8.5066585e+00 +8.5068371e+00 +1.0030468e+01 +1.0031487e+01 
-3.6118593e+01 -3.6116272e+01 -3.6082159e+01 -3.6079538e+01 -1.3661281e+01 -1.3659589e+01 -1.3626686e+01 -1.3624901e+01 -1.3580888e+01 -1.3580120e+01 -1.3473079e+01 -1.3472320e+01 -1.3387387e+01 -1.3386420e+01 -1.3386083e+01 -1.3385079e+01 +5.8112239e+00 +5.8116037e+00 +7.7270680e+00 +7.7282137e+00 +8.4274266e+00 +8.4276127e+00 +1.0166887e+01 +1.0168239e+01 
-3.6118916e+01 -3.6116590e+01 -3.6081797e+01 -3.6079179e+01 -1.3654557e+01 -1.3652837e+01 -1.3631865e+01 -1.3630078e+01 -1.3575581e+01 -1.3574832e+01 -1.3478098e+01 -1.3477376e+01 -1.3387593e+01 -1.3386946e+01 -1.3386276e+01 -1.3385605e+01 +5.7961896e+00 +5.7965653e+00 +7.8885957e+00 +7.8893545e+00 +8.3629025e+00 +8.3630950e+00 +1.0192331e+01 +1.0193859e+01 
-3.6119167e+01 -3.6116839e+01 -3.6081512e+01 -3.6078897e+01 -1.3648972e+01 -1.3647226e+01 -1.3635939e+01 -1.3634149e+01 -1.3571411e+01 -1.3570676e+01 -1.3482338e+01 -1.3481651e+01 -1.3387737e+01 -1.3387360e+01 -1.3386409e+01 -1.3386018e+01 +5.7848722e+00 +5.7852449e+00 +8.0328035e+00 +8.0331922e+00 +8.3129105e+00 +8.3131081e+00 +1.0180667e+01 +1.0182200e+01 
-3.6119347e+01 -3.6117016e+01 -3.6081308e+01 -3.6078694e+01 -1.3644759e+01 -1.3642990e+01 -1.3638872e+01 -1.3637082e+01 -1.3568410e+01 -1.3567684e+01 -1.3485582e+01 -1.3484923e+01 -1.3387829e+01 -1.3387658e+01 -1.3386494e+01 -1.3386316e+01 +5.7769857e+00 +5.7773564e+00 +8.1481099e+00 +8.1481877e+00 +8.2773078e+00 +8.2775092e+00 +1.0164873e+01 +1.0166382e+01 
-3.6119455e+01 -3.6117123e+01 -3.6081185e+01 -3.6078571e+01 -1.3642129e+01 -1.3640642e+01 -1.3640344e+01 -1.3638852e+01 -1.3566601e+01 -1.3565880e+01 -1.3487626e+01 -1.3486988e+01 -1.3387881e+01 -1.3387837e+01 -1.3386541e+01 -1.3386496e+01 +5.7723317e+00 +5.7727012e+00 +8.2229242e+00 +8.2230550e+00 +8.2559892e+00 +8.2561929e+00 +1.0153699e+01 +1.0155189e+01 
-3.6119491e+01 -3.6117159e+01 -3.6081143e+01 -3.6078531e+01 -1.3641234e+01 -1.3641234e+01 -1.3639443e+01 -1.3639443e+01 -1.3565997e+01 -1.3565277e+01 -1.3488325e+01 -1.3487694e+01 -1.3387898e+01 -1.3387898e+01 -1.3386556e+01 -1.3386556e+01 +5.7707932e+00 +5.7711623e+00 +8.2488903e+00 +8.2488903e+00 +8.2490947e+00 +8.2490947e+00 +1.0149766e+01 +1.0151250e+01 
-3.6100851e+01 -3.6100851e+01 -3.6100800e+01 -3.6095899e+01 -1.3700981e+01 -1.3698593e+01 -1.3698007e+01 -1.3698007e+01 -1.3515358e+01 -1.3513047e+01 -1.3513047e+01 -1.3512099e+01 -1.3361402e+01 -1.3359166e+01 -1.3358950e+01 -1.3358950e+01 +4.5904741e+00 +4.5947537e+00 +4.5958537e+00 +4.5958537e+00 +7.8466654e+00 +7.8490695e+00 +7.8490695e+00 +7.8524804e+00 
-3.6100850e+01 -3.6100850e+01 -3.6100799e+01 -3.6095897e+01 -1.3702224e+01 -1.3699826e+01 -1.3699253e+01 -1.3699253e+01 -1.3514129e+01 -1.3511816e+01 -1.3511816e+01 -1.3510880e+01 -1.3361400e+01 -1.3359164e+01 -1.3358948e+01 -1.3358948e+01 +4.6018308e+00 +4.6061069e+00 +4.6072220e+00 +4.6072220e+00 +7.8308769e+00 +7.8332899e+00 +7.8332899e+00 +7.8366997e+00 
-3.6100844e+01 -3.6100844e+01 -3.6100794e+01 -3.6095892e+01 -1.3705840e+01 -1.3703412e+01 -1.3702875e+01 -1.3702875e+01 -1.3510557e+01 -1.3508238e+01 -1.3508238e+01 -1.3507339e+01 -1.3361394e+01 -1.3359158e+01 -1.3358943e+01 -1.3358943e+01 +4.6357620e+00 +4.6400272e+00 +4.6411883e+00 +4.6411883e+00 +7.7867015e+00 +7.7891380e+00 +7.7891380e+00 +7.7925521e+00 
-3.6100836e+01 -3.6100836e+01 -3.6100785e+01 -3.6095883e+01 -1.3711520e+01 -1.3709049e+01 -1.3708563e+01 -1.3708563e+01 -1.3504946e+01 -1.3502620e+01 -1.3502620e+01 -1.3501773e+01 -1.3361385e+01 -1.3359149e+01 -1.3358933e+01 -1.3358933e+01 +4.6917819e+00 +4.6960274e+00 +4.6972669e+00 +4.6972669e+00 +7.7223950e+00 +7.7248620e+00 +7.7248620e+00 +7.7283025e+00 
-3.6100824e+01 -3.6100824e+01 -3.6100774e+01 -3.6095872e+01 -1.3718854e+01 -1.3716333e+01 -1.3715906e+01 -1.3715906e+01 -1.3497702e+01 -1.3495368e+01 -1.3495368e+01 -1.3494582e+01 -1.3361372e+01 -1.3359136e+01 -1.3358920e+01 -1.3358920e+01 +4.7688304e+00 +4.7730453e+00 +4.7743978e+00 +4.7743978e+00 +7.6487454e+00 +7.6512420e+00 +7.6512420e+00 +7.6547468e+00 
-3.6100809e+01 -3.6100809e+01 -3.6100760e+01 -3.6095857e+01 -1.3727419e+01 -1.3724844e+01 -1.3724480e+01 -1.3724480e+01 -1.3489242e+01 -1.3486900e+01 -1.3486900e+01 -1.3486177e+01 -1.3361355e+01 -1.3359120e+01 -1.3358904e+01 -1.3358904e+01 +4.8648278e+00 +4.8689989e+00 +4.8704999e+00 +4.8704999e+00 +7.5775196e+00 +7.5800397e+00 +7.5800397e+00 +7.5836564e+00 
-3.6100792e+01 -3.6100792e+01 -3.6100743e+01 -3.6095840e+01 -1.3736829e+01 -1.3734202e+01 -1.3733897e+01 -1.3733897e+01 -1.3479942e+01 -1.3477595e+01 -1.3477595e+01 -1.3476933e+01 -1.3361335e+01 -1.3359101e+01 -1.3358884e+01 -1.3358884e+01 +4.9759311e+00 +4.9800441e+00 +4.9817255e+00 +4.9817255e+00 +7.5215692e+00 +7.5241075e+00 +7.5241075e+00 +7.5278835e+00 
-3.6100772e+01 -3.6100772e+01 -3.6100724e+01 -3.6095820e+01 -1.3746755e+01 -1.3744079e+01 -1.3743829e+01 -1.3743829e+01 -1.3470121e+01 -1.3467771e+01 -1.3467771e+01 -1.3467166e+01 -1.3361312e+01 -1.3359078e+01 -1.3358861e+01 -1.3358861e+01 +5.0954838e+00 +5.0995277e+00 +5.1014057e+00 +5.1014057e+00 +7.4961047e+00 +7.4986652e+00 +7.4986652e+00 +7.5026338e+00 
-3.6100750e+01 -3.6100750e+01 -3.6100703e+01 -3.6095799e+01 -1.3756926e+01 -1.3754205e+01 -1.3754005e+01 -1.3754005e+01 -1.3460040e+01 -1.3457688e+01 -1.3457688e+01 -1.3457136e+01 -1.3361287e+01 -1.3359053e+01 -1.3358836e+01 -1.3358836e+01 +5.2130398e+00 +5.2170177e+00 +5.2190701e+00 +5.2190701e+00 +7.5202254e+00 +7.5228345e+00 +7.5228345e+00 +7.5269915e+00 
-3.6100727e+01 -3.6100727e+01 -3.6100681e+01 -3.6095776e+01 -1.3767120e+01 -1.3764358e+01 -1.3764202e+01 -1.3764202e+01 -1.3449908e+01 -1.3447555e+01 -1.3447555e+01 -1.3447050e+01 -1.3361258e+01 -1.3359025e+01 -1.3358808e+01 -1.3358808e+01 +5.3147572e+00 +5.3187001e+00 +5.3208425e+00 +5.3208425e+00 +7.6171547e+00 +7.6198718e+00 +7.6198718e+00 +7.6241517e+00 
-3.6100703e+01 -3.6100703e+01 -3.6100659e+01 -3.6095752e+01 -1.3777154e+01 -1.3774356e+01 -1.3774238e+01 -1.3774238e+01 -1.3439894e+01 -1.3437542e+01 -1.3437542e+01 -1.3437080e+01 -1.3361228e+01 -1.3358995e+01 -1.3358777e+01 -1.3358777e+01 +5.3869780e+00 +5.3909482e+00 +5.3930392e+00 +5.3930392e+00 +7.8112940e+00 +7.8142030e+00 +7.8142030e+00 +7.8184851e+00 
-3.6100678e+01 -3.6100678e+01 -3.6100636e+01 -3.6095728e+01 -1.3786873e+01 -1.3784045e+01 -1.3783960e+01 -1.3783960e+01 -1.3430137e+01 -1.3427788e+01 -1.3427788e+01 -1.3427364e+01 -1.3361195e+01 -1.3358962e+01 -1.3358745e+01 -1.3358745e+01 +5.4221237e+00 +5.4261934e+00 +5.4280904e+00 +5.4280904e+00 +8.1229646e+00 +8.1261395e+00 +8.1261395e+00 +8.1303050e+00 
-3.6100653e+01 -3.6100653e+01 -3.6100613e+01 -3.6095703e+01 -1.3796151e+01 -1.3793296e+01 -1.3793240e+01 -1.3793240e+01 -1.3420752e+01 -1.3418405e+01 -1.3418405e+01 -1.3418016e+01 -1.3361161e+01 -1.3358928e+01 -1.3358710e+01 -1.3358710e+01 +5.4216004e+00 +5.4258214e+00 +5.4274392e+00 +5.4274392e+00 +8.5661445e+00 +8.5696208e+00 +8.5696208e+00 +8.5736127e+00 
-3.6100629e+01 -3.6100629e+01 -3.6100591e+01 -3.6095680e+01 -1.3804878e+01 -1.3802003e+01 -1.3801969e+01 -1.3801969e+01 -1.3411834e+01 -1.3409490e+01 -1.3409490e+01 -1.3409131e+01 -1.3361125e+01 -1.3358892e+01 -1.3358675e+01 -1.3358675e+01 +5.3929643e+00 +5.3973574e+00 +5.3986781e+00 +5.3986781e+00 +9.1519026e+00 +9.1556773e+00 +9.1556773e+00 +9.1595118e+00 
-3.6100606e+01 -3.6100606e+01 -3.6100571e+01 -3.6095657e+01 -1.3812961e+01 -1.3810070e+01 -1.3810055e+01 -1.3810055e+01 -1.3403463e+01 -1.3401123e+01 -1.3401123e+01 -1.3400791e+01 -1.3361089e+01 -1.3358855e+01 -1.3358638e+01 -1.3358638e+01 +5.3452914e+00 +5.3498546e+00 +5.3509011e+00 +5.3509011e+00 +9.8934020e+00 +9.8974500e+00 +9.8974500e+00 +9.9011907e+00 
-3.6100584e+01 -3.6100584e+01 -3.6100552e+01 -3.6095637e+01 -1.3820324e+01 -1.3817423e+01 -1.3817422e+01 -1.3817422e+01 -1.3395708e+01 -1.3393372e+01 -1.3393372e+01 -1.3393064e+01 -1.3361051e+01 -1.3358817e+01 -1.3358600e+01 -1.3358600e+01 +5.2865049e+00 +5.2912250e+00 +5.2920356e+00 +5.2920356e+00 +1.0808061e+01 +1.0812345e+01 +1.0812345e+01 +1.0816073e+01 
-3.6100565e+01 -3.6100565e+01 -3.6100537e+01 -3.6095618e+01 -1.3826905e+01 -1.3824007e+01 -1.3824007e+01 -1.3823998e+01 -1.3388627e+01 -1.3386295e+01 -1.3386295e+01 -1.3386007e+01 -1.3361013e+01 -1.3358779e+01 -1.3358562e+01 -1.3358562e+01 +5.2227329e+00 +5.2275923e+00 +5.2282065e+00 +5.2282065e+00 +1.1913183e+01 +1.1917643e+01 +1.1917643e+01 +1.1921386e+01 
-3.6100549e+01 -3.6100549e+01 -3.6100524e+01 -3.6095603e+01 -1.3832659e+01 -1.3829766e+01 -1.3829766e+01 -1.3829752e+01 -1.3382270e+01 -1.3379942e+01 -1.3379942e+01 -1.3379672e+01 -1.3360976e+01 -1.3358740e+01 -1.3358524e+01 -1.3358524e+01 +5.1585441e+00 +5.1635249e+00 +5.1639781e+00 +5.1639781e+00 +1.3148565e+01 +1.3152361e+01 +1.3152361e+01 +1.3154983e+01 
-3.6100535e+01 -3.6100535e+01 -3.6100515e+01 -3.6095590e+01 -1.3837561e+01 -1.3834673e+01 -1.3834673e+01 -1.3834657e+01 -1.3376679e+01 -1.3374355e+01 -1.3374355e+01 -1.3374100e+01 -1.3360940e+01 -1.3358703e+01 -1.3358487e+01 -1.3358487e+01 +5.0973530e+00 +5.1024376e+00 +5.1027605e+00 +5.1027605e+00 +1.3687658e+01 +1.3688380e+01 +1.3688380e+01 +1.3688576e+01 
-3.6100524e+01 -3.6100524e+01 -3.6100509e+01 -3.6095580e+01 -1.3841606e+01 -1.3838724e+01 -1.3838724e+01 -1.3838708e+01 -1.3371890e+01 -1.3369569e+01 -1.3369569e+01 -1.3369327e+01 -1.3360905e+01 -1.3358667e+01 -1.3358451e+01 -1.3358451e+01 +5.0417541e+00 +5.0469256e+00 +5.0471443e+00 +5.0471443e+00 +1.3902662e+01 +1.3903085e+01 +1.3903085e+01 +1.3903210e+01 
-3.6100517e+01 -3.6100517e+01 -3.6100506e+01 -3.6095574e+01 -1.3844812e+01 -1.3841935e+01 -1.3841935e+01 -1.3841923e+01 -1.3367932e+01 -1.3365615e+01 -1.3365615e+01 -1.3365383e+01 -1.3360874e+01 -1.3358634e+01 -1.3358418e+01 -1.3358418e+01 +4.9937467e+00 +4.9989888e+00 +4.9991261e+00 +4.9991261e+00 +1.4070686e+01 +1.4071014e+01 +1.4071014e+01 +1.4071102e+01 
-3.6100512e+01 -3.6100512e+01 -3.6100505e+01 -3.6095570e+01 -1.3847218e+01 -1.3844347e+01 -1.3844347e+01 -1.3844339e+01 -1.3364829e+01 -1.3362516e+01 -1.3362516e+01 -1.3362291e+01 -1.3360847e+01 -1.3358605e+01 -1.3358389e+01 -1.3358389e+01 +4.9548725e+00 +4.9601693e+00 +4.9602454e+00 +4.9602454e+00 +1.4203146e+01 +1.4203423e+01 +1.4203423e+01 +1.4203475e+01 
-3.6100509e+01 -3.6100509e+01 -3.6100506e+01 -3.6095568e+01 -1.3848877e+01 -1.3846010e+01 -1.3846010e+01 -1.3846006e+01 -1.3362600e+01 -1.3360826e+01 -1.3360292e+01 -1.3360292e+01 -1.3360069e+01 -1.3358584e+01 -1.3358364e+01 -1.3358364e+01 +4.9262914e+00 +4.9316271e+00 +4.9316606e+00 +4.9316606e+00 +1.4299577e+01 +1.4299824e+01 +1.4299824e+01 +1.4299845e+01 
-3.6100508e+01 -3.6100508e+01 -3.6100507e+01 -3.6095568e+01 -1.3849844e+01 -1.3846981e+01 -1.3846981e+01 -1.3846980e+01 -1.3361257e+01 -1.3360813e+01 -1.3358967e+01 -1.3358967e+01 -1.3358730e+01 -1.3358570e+01 -1.3358334e+01 -1.3358334e+01 +4.9088186e+00 +4.9141778e+00 +4.9141861e+00 +4.9141861e+00 +1.4358307e+01 +1.4358537e+01 +1.4358537e+01 +1.4358538e+01 
-3.6100507e+01 -3.6100507e+01 -3.6100507e+01 -3.6095567e+01 -1.3850161e+01 -1.3847299e+01 -1.3847299e+01 -1.3847299e+01 -1.3360809e+01 -1.3360809e+01 -1.3358565e+01 -1.3358565e+01 -1.3358565e+01 -1.3358283e+01 -1.3358283e+01 -1.3358283e+01 +4.9029404e+00 +4.9083074e+00 +4.9083074e+00 +4.9083074e+00 +1.4378041e+01 +1.4378041e+01 +1.4378259e+01 +1.4378259e+01 
