# num high symmetry points
8
# label high symmetry points
G X M G R X M R 
# indices high symmetry points
1 18 35 59 89 113 114 131 
# nk, nb, ns
131 24 1
# k-points (frac coords)
+0.0000000e+00 +0.0000000e+00 +0.0000000e+00 
+0.0000000e+00 +2.9411765e-02 +0.0000000e+00 
+0.0000000e+00 +5.8823529e-02 +0.0000000e+00 
+0.0000000e+00 +8.8235294e-02 +0.0000000e+00 
+0.0000000e+00 +1.1764706e-01 +0.0000000e+00 
+0.0000000e+00 +1.4705882e-01 +0.0000000e+00 
+0.0000000e+00 +1.7647059e-01 +0.0000000e+00 
+0.0000000e+00 +2.0588235e-01 +0.0000000e+00 
+0.0000000e+00 +2.3529412e-01 +0.0000000e+00 
+0.0000000e+00 +2.6470588e-01 +0.0000000e+00 
+0.0000000e+00 +2.9411765e-01 +0.0000000e+00 
+0.0000000e+00 +3.2352941e-01 +0.0000000e+00 
+0.0000000e+00 +3.5294118e-01 +0.0000000e+00 
+0.0000000e+00 +3.8235294e-01 +0.0000000e+00 
+0.0000000e+00 +4.1176471e-01 +0.0000000e+00 
+0.0000000e+00 +4.4117647e-01 +0.0000000e+00 
+0.0000000e+00 +4.7058824e-01 +0.0000000e+00 
+0.0000000e+00 +5.0000000e-01 +0.0000000e+00 
+2.9411765e-02 +5.0000000e-01 +0.0000000e+00 
+5.8823529e-02 +5.0000000e-01 +0.0000000e+00 
+8.8235294e-02 +5.0000000e-01 +0.0000000e+00 
+1.1764706e-01 +5.0000000e-01 +0.0000000e+00 
+1.4705882e-01 +5.0000000e-01 +0.0000000e+00 
+1.7647059e-01 +5.0000000e-01 +0.0000000e+00 
+2.0588235e-01 +5.0000000e-01 +0.0000000e+00 
+2.3529412e-01 +5.0000000e-01 +0.0000000e+00 
+2.6470588e-01 +5.0000000e-01 +0.0000000e+00 
+2.9411765e-01 +5.0000000e-01 +0.0000000e+00 
+3.2352941e-01 +5.0000000e-01 +0.0000000e+00 
+3.5294118e-01 +5.0000000e-01 +0.0000000e+00 
+3.8235294e-01 +5.0000000e-01 +0.0000000e+00 
+4.1176471e-01 +5.0000000e-01 +0.0000000e+00 
+4.4117647e-01 +5.0000000e-01 +0.0000000e+00 
+4.7058824e-01 +5.0000000e-01 +0.0000000e+00 
+5.0000000e-01 +5.0000000e-01 +0.0000000e+00 
+4.7916667e-01 +4.7916667e-01 +0.0000000e+00 
+4.5833333e-01 +4.5833333e-01 +0.0000000e+00 
+4.3750000e-01 +4.3750000e-01 +0.0000000e+00 
+4.1666667e-01 +4.1666667e-01 +0.0000000e+00 
+3.9583333e-01 +3.9583333e-01 +0.0000000e+00 
+3.7500000e-01 +3.7500000e-01 +0.0000000e+00 
+3.5416667e-01 +3.5416667e-01 +0.0000000e+00 
+3.3333333e-01 +3.3333333e-01 +0.0000000e+00 
+3.1250000e-01 +3.1250000e-01 +0.0000000e+00 
+2.9166667e-01 +2.9166667e-01 +0.0000000e+00 
+2.7083333e-01 +2.7083333e-01 +0.0000000e+00 
+2.5000000e-01 +2.5000000e-01 +0.0000000e+00 
+2.2916667e-01 +2.2916667e-01 +0.0000000e+00 
+2.0833333e-01 +2.0833333e-01 +0.0000000e+00 
+1.8750000e-01 +1.8750000e-01 +0.0000000e+00 
+1.6666667e-01 +1.6666667e-01 +0.0000000e+00 
+1.4583333e-01 +1.4583333e-01 +0.0000000e+00 
+1.2500000e-01 +1.2500000e-01 +0.0000000e+00 
+1.0416667e-01 +1.0416667e-01 +0.0000000e+00 
+8.3333333e-02 +8.3333333e-02 +0.0000000e+00 
+6.2500000e-02 +6.2500000e-02 +0.0000000e+00 
+4.1666667e-02 +4.1666667e-02 +0.0000000e+00 
+2.0833333e-02 +2.0833333e-02 +0.0000000e+00 
+0.0000000e+00 +0.0000000e+00 +0.0000000e+00 
+1.6666667e-02 +1.6666667e-02 +1.6666667e-02 
+3.3333333e-02 +3.3333333e-02 +3.3333333e-02 
+5.0000000e-02 +5.0000000e-02 +5.0000000e-02 
+6.6666667e-02 +6.6666667e-02 +6.6666667e-02 
+8.3333333e-02 +8.3333333e-02 +8.3333333e-02 
+1.0000000e-01 +1.0000000e-01 +1.0000000e-01 
+1.1666667e-01 +1.1666667e-01 +1.1666667e-01 
+1.3333333e-01 +1.3333333e-01 +1.3333333e-01 
+1.5000000e-01 +1.5000000e-01 +1.5000000e-01 
+1.6666667e-01 +1.6666667e-01 +1.6666667e-01 
+1.8333333e-01 +1.8333333e-01 +1.8333333e-01 
+2.0000000e-01 +2.0000000e-01 +2.0000000e-01 
+2.1666667e-01 +2.1666667e-01 +2.1666667e-01 
+2.3333333e-01 +2.3333333e-01 +2.3333333e-01 
+2.5000000e-01 +2.5000000e-01 +2.5000000e-01 
+2.6666667e-01 +2.6666667e-01 +2.6666667e-01 
+2.8333333e-01 +2.8333333e-01 +2.8333333e-01 
+3.0000000e-01 +3.0000000e-01 +3.0000000e-01 
+3.1666667e-01 +3.1666667e-01 +3.1666667e-01 
+3.3333333e-01 +3.3333333e-01 +3.3333333e-01 
+3.5000000e-01 +3.5000000e-01 +3.5000000e-01 
+3.6666667e-01 +3.6666667e-01 +3.6666667e-01 
+3.8333333e-01 +3.8333333e-01 +3.8333333e-01 
+4.0000000e-01 +4.0000000e-01 +4.0000000e-01 
+4.1666667e-01 +4.1666667e-01 +4.1666667e-01 
+4.3333333e-01 +4.3333333e-01 +4.3333333e-01 
+4.5000000e-01 +4.5000000e-01 +4.5000000e-01 
+4.6666667e-01 +4.6666667e-01 +4.6666667e-01 
+4.8333333e-01 +4.8333333e-01 +4.8333333e-01 
+5.0000000e-01 +5.0000000e-01 +5.0000000e-01 
+4.7916667e-01 +5.0000000e-01 +4.7916667e-01 
+4.5833333e-01 +5.0000000e-01 +4.5833333e-01 
+4.3750000e-01 +5.0000000e-01 +4.3750000e-01 
+4.1666667e-01 +5.0000000e-01 +4.1666667e-01 
+3.9583333e-01 +5.0000000e-01 +3.9583333e-01 
+3.7500000e-01 +5.0000000e-01 +3.7500000e-01 
+3.5416667e-01 +5.0000000e-01 +3.5416667e-01 
+3.3333333e-01 +5.0000000e-01 +3.3333333e-01 
+3.1250000e-01 +5.0000000e-01 +3.1250000e-01 
+2.9166667e-01 +5.0000000e-01 +2.9166667e-01 
+2.7083333e-01 +5.0000000e-01 +2.7083333e-01 
+2.5000000e-01 +5.0000000e-01 +2.5000000e-01 
+2.2916667e-01 +5.0000000e-01 +2.2916667e-01 
+2.0833333e-01 +5.0000000e-01 +2.0833333e-01 
+1.8750000e-01 +5.0000000e-01 +1.8750000e-01 
+1.6666667e-01 +5.0000000e-01 +1.6666667e-01 
+1.4583333e-01 +5.0000000e-01 +1.4583333e-01 
+1.2500000e-01 +5.0000000e-01 +1.2500000e-01 
+1.0416667e-01 +5.0000000e-01 +1.0416667e-01 
+8.3333333e-02 +5.0000000e-01 +8.3333333e-02 
+6.2500000e-02 +5.0000000e-01 +6.2500000e-02 
+4.1666667e-02 +5.0000000e-01 +4.1666667e-02 
+2.0833333e-02 +5.0000000e-01 +2.0833333e-02 
+0.0000000e+00 +5.0000000e-01 +0.0000000e+00 
+5.0000000e-01 +5.0000000e-01 +0.0000000e+00 
+5.0000000e-01 +5.0000000e-01 +2.9411765e-02 
+5.0000000e-01 +5.0000000e-01 +5.8823529e-02 
+5.0000000e-01 +5.0000000e-01 +8.8235294e-02 
+5.0000000e-01 +5.0000000e-01 +1.1764706e-01 
+5.0000000e-01 +5.0000000e-01 +1.4705882e-01 
+5.0000000e-01 +5.0000000e-01 +1.7647059e-01 
+5.0000000e-01 +5.0000000e-01 +2.0588235e-01 
+5.0000000e-01 +5.0000000e-01 +2.3529412e-01 
+5.0000000e-01 +5.0000000e-01 +2.6470588e-01 
+5.0000000e-01 +5.0000000e-01 +2.9411765e-01 
+5.0000000e-01 +5.0000000e-01 +3.2352941e-01 
+5.0000000e-01 +5.0000000e-01 +3.5294118e-01 
+5.0000000e-01 +5.0000000e-01 +3.8235294e-01 
+5.0000000e-01 +5.0000000e-01 +4.1176471e-01 
+5.0000000e-01 +5.0000000e-01 +4.4117647e-01 
+5.0000000e-01 +5.0000000e-01 +4.7058824e-01 
+5.0000000e-01 +5.0000000e-01 +5.0000000e-01 
# energies (kpt,band,spin)
# spin = 1
-2.0195682e+01 -2.0134593e+01 -2.0134593e+01 -2.0134593e+01 -6.6384009e+00 -6.6384009e+00 -6.6384009e+00 -6.2700116e+00 -6.2700116e+00 -6.2700116e+00 -6.2700116e+00 -6.2700116e+00 -6.2700116e+00 -6.0563614e+00 -6.0563614e+00 -6.0563614e+00 +8.2789310e-01 +3.4187063e+00 +3.4187064e+00 +3.4187064e+00 +4.6504087e+00 +4.6504087e+00 +4.6504087e+00 +6.9982167e+00 
-2.0195552e+01 -2.0134724e+01 -2.0134592e+01 -2.0134592e+01 -6.6376653e+00 -6.6376653e+00 -6.6374153e+00 -6.2708532e+00 -6.2708532e+00 -6.2701497e+00 -6.2701497e+00 -6.2695702e+00 -6.2695702e+00 -6.0579409e+00 -6.0568321e+00 -6.0568321e+00 +8.3337884e-01 +3.4157440e+00 +3.4234373e+00 +3.4234373e+00 +4.6525322e+00 +4.6525323e+00 +4.6532553e+00 +5.7063262e+00 
-2.0195164e+01 -2.0135115e+01 -2.0134589e+01 -2.0134589e+01 -6.6354637e+00 -6.6354637e+00 -6.6344616e+00 -6.2733692e+00 -6.2733692e+00 -6.2705591e+00 -6.2705591e+00 -6.2682493e+00 -6.2682493e+00 -6.0626542e+00 -6.0582397e+00 -6.0582397e+00 +8.4979646e-01 +3.4066235e+00 +3.4375820e+00 +3.4375820e+00 +4.6588857e+00 +4.6588857e+00 +4.6617926e+00 +6.9491258e+00 
-2.0194520e+01 -2.0135762e+01 -2.0134583e+01 -2.0134583e+01 -6.6318113e+00 -6.6318113e+00 -6.6295500e+00 -6.2775333e+00 -6.2775333e+00 -6.2712257e+00 -6.2712257e+00 -6.2660593e+00 -6.2660593e+00 -6.0704267e+00 -6.0605711e+00 -6.0605711e+00 +8.7702856e-01 +3.3906684e+00 +3.4609932e+00 +3.4609932e+00 +4.6694197e+00 +4.6694197e+00 +4.6760140e+00 +6.8912088e+00 
-2.0193625e+01 -2.0136661e+01 -2.0134576e+01 -2.0134576e+01 -6.6267337e+00 -6.6267337e+00 -6.6226976e+00 -6.2833026e+00 -6.2833026e+00 -6.2721264e+00 -6.2721264e+00 -6.2630171e+00 -6.2630171e+00 -6.0811373e+00 -6.0638044e+00 -6.0638044e+00 +9.1488129e-01 +3.3668421e+00 +3.4934175e+00 +3.4934175e+00 +4.6840522e+00 +4.6840523e+00 +4.6959078e+00 +6.8156379e+00 
-2.0192489e+01 -2.0137804e+01 -2.0134567e+01 -2.0134567e+01 -6.6202667e+00 -6.6202667e+00 -6.6139288e+00 -6.2906175e+00 -6.2906175e+00 -6.2732301e+00 -6.2732301e+00 -6.2591464e+00 -6.2591464e+00 -6.0946219e+00 -6.0679094e+00 -6.0679094e+00 +9.6308748e-01 +3.3338877e+00 +3.5344817e+00 +3.5344817e+00 +4.7026696e+00 +4.7026696e+00 +4.7214577e+00 +5.6387283e+00 
-2.0191119e+01 -2.0139180e+01 -2.0134557e+01 -2.0134557e+01 -6.6124560e+00 -6.6124560e+00 -6.6032759e+00 -6.2994031e+00 -6.2994031e+00 -6.2744987e+00 -6.2744987e+00 -6.2544773e+00 -6.2544773e+00 -6.1106795e+00 -6.0728480e+00 -6.0728480e+00 +1.0213102e+00 +3.2905281e+00 +3.5836723e+00 +3.5836723e+00 +4.7251279e+00 +4.7251279e+00 +4.7526417e+00 +5.6253907e+00 
-2.0189528e+01 -2.0140778e+01 -2.0134545e+01 -2.0134545e+01 -6.6033573e+00 -6.6033573e+00 -6.5907800e+00 -6.3095706e+00 -6.3095706e+00 -6.2758887e+00 -6.2758887e+00 -6.2490466e+00 -6.2490466e+00 -6.1290777e+00 -6.0785743e+00 -6.0785743e+00 +1.0891465e+00 +3.2356995e+00 +3.6403044e+00 +3.6403044e+00 +4.7512543e+00 +4.7512543e+00 +4.7894323e+00 +5.6209952e+00 
-2.0187730e+01 -2.0142584e+01 -2.0134533e+01 -2.0134533e+01 -6.5930359e+00 -6.5930359e+00 -6.5764913e+00 -6.3210177e+00 -6.3210177e+00 -6.2773525e+00 -6.2773525e+00 -6.2428969e+00 -6.2428969e+00 -6.1495600e+00 -6.0850356e+00 -6.0850356e+00 +1.1661310e+00 +3.1687730e+00 +3.7034779e+00 +3.7034779e+00 +4.7808490e+00 +4.7808490e+00 +4.8317952e+00 +5.6286490e+00 
-2.0185739e+01 -2.0144583e+01 -2.0134521e+01 -2.0134521e+01 -6.5815670e+00 -6.5815670e+00 -6.5604702e+00 -6.3336313e+00 -6.3336313e+00 -6.2788398e+00 -6.2788398e+00 -6.2360768e+00 -6.2360768e+00 -6.1718524e+00 -6.0921725e+00 -6.0921725e+00 +1.2517391e+00 +3.0897030e+00 +3.7720161e+00 +3.7720161e+00 +4.8136867e+00 +4.8136867e+00 +4.8796890e+00 +5.6506315e+00 
-2.0183572e+01 -2.0146757e+01 -2.0134509e+01 -2.0134509e+01 -6.5690349e+00 -6.5690349e+00 -6.5427885e+00 -6.3472878e+00 -6.3472878e+00 -6.2803002e+00 -6.2803002e+00 -6.2286408e+00 -6.2286408e+00 -6.1956698e+00 -6.0999200e+00 -6.0999200e+00 +1.3453878e+00 +2.9990631e+00 +3.8443825e+00 +3.8443825e+00 +4.8495182e+00 +4.8495182e+00 +4.9330636e+00 +5.6883305e+00 
-2.0181248e+01 -2.0149088e+01 -2.0134498e+01 -2.0134498e+01 -6.5555329e+00 -6.5555329e+00 -6.5235302e+00 -6.3618557e+00 -6.3618557e+00 -6.2816840e+00 -6.2816840e+00 -6.2207224e+00 -6.2206483e+00 -6.2206483e+00 -6.1082079e+00 -6.1082079e+00 +1.4464368e+00 +2.8979674e+00 +3.9185739e+00 +3.9185739e+00 +4.8880730e+00 +4.8880730e+00 +4.9918592e+00 +5.7423202e+00 
-2.0178787e+01 -2.0151556e+01 -2.0134487e+01 -2.0134487e+01 -6.5411631e+00 -6.5411631e+00 -6.5027924e+00 -6.3771969e+00 -6.3771969e+00 -6.2829444e+00 -6.2829444e+00 -6.2467214e+00 -6.2121638e+00 -6.2121638e+00 -6.1169617e+00 -6.1169617e+00 +1.5541856e+00 +2.7879185e+00 +3.9919957e+00 +3.9919957e+00 +4.9290603e+00 +4.9290603e+00 +5.0560046e+00 +5.8125307e+00 
-2.0176208e+01 -2.0154140e+01 -2.0134478e+01 -2.0134478e+01 -6.5260356e+00 -6.5260356e+00 -6.4806866e+00 -6.3931682e+00 -6.3931682e+00 -6.2840387e+00 -6.2840387e+00 -6.2733830e+00 -6.2032563e+00 -6.2032563e+00 -6.1261034e+00 -6.1261034e+00 +1.6678697e+00 +2.6706362e+00 +4.0613507e+00 +4.0613507e+00 +4.9721710e+00 +4.9721710e+00 +5.1254148e+00 +5.8984437e+00 
-2.0173536e+01 -2.0156817e+01 -2.0134471e+01 -2.0134471e+01 -6.5102684e+00 -6.5102684e+00 -6.4573397e+00 -6.4096233e+00 -6.4096233e+00 -6.3004331e+00 -6.2849302e+00 -6.2849302e+00 -6.1939986e+00 -6.1939986e+00 -6.1355518e+00 -6.1355518e+00 +1.7866537e+00 +2.5479076e+00 +4.1226145e+00 +4.1226145e+00 +5.0170790e+00 +5.0170790e+00 +5.1999883e+00 +5.9992678e+00 
-2.0170791e+01 -2.0159565e+01 -2.0134465e+01 -2.0134465e+01 -6.4939864e+00 -6.4939864e+00 -6.4328948e+00 -6.4264139e+00 -6.4264139e+00 -6.3276097e+00 -6.2855888e+00 -6.2855888e+00 -6.1844673e+00 -6.1844673e+00 -6.1452242e+00 -6.1452242e+00 +1.9096216e+00 +2.4214801e+00 +4.1712337e+00 +4.1712338e+00 +5.0634427e+00 +5.0634427e+00 +5.2796041e+00 +6.1140675e+00 
-2.0167998e+01 -2.0162360e+01 -2.0134462e+01 -2.0134462e+01 -6.4773209e+00 -6.4773209e+00 -6.4433915e+00 -6.4433915e+00 -6.4075120e+00 -6.3546658e+00 -6.2859924e+00 -6.2859924e+00 -6.1747418e+00 -6.1747418e+00 -6.1550364e+00 -6.1550364e+00 +2.0357650e+00 +2.2929970e+00 +4.2027194e+00 +4.2027194e+00 +5.1109064e+00 +5.1109064e+00 +5.3641165e+00 +6.2418449e+00 
-2.0165180e+01 -2.0165179e+01 -2.0134461e+01 -2.0134461e+01 -6.4604089e+00 -6.4604089e+00 -6.4604087e+00 -6.4604087e+00 -6.3813706e+00 -6.3813689e+00 -6.2861274e+00 -6.2861274e+00 -6.1649038e+00 -6.1649038e+00 -6.1649036e+00 -6.1649036e+00 +2.1639686e+00 +2.1639687e+00 +4.2136472e+00 +4.2136472e+00 +5.1591011e+00 +5.1591011e+00 +5.4533504e+00 +6.3815811e+00 
-2.0165113e+01 -2.0165113e+01 -2.0134525e+01 -2.0134525e+01 -6.4616304e+00 -6.4616302e+00 -6.4598085e+00 -6.4598083e+00 -6.3826410e+00 -6.3826393e+00 -6.2845135e+00 -6.2845135e+00 -6.1655663e+00 -6.1655661e+00 -6.1641058e+00 -6.1641056e+00 +2.1680174e+00 +2.1680176e+00 +4.2157749e+00 +4.2157749e+00 +5.1420321e+00 +5.1420309e+00 +5.1597057e+00 +5.4525198e+00 
-2.0164914e+01 -2.0164914e+01 -2.0134719e+01 -2.0134719e+01 -6.4651206e+00 -6.4651204e+00 -6.4580116e+00 -6.4580114e+00 -6.3863580e+00 -6.3863563e+00 -6.2798489e+00 -6.2798488e+00 -6.1675474e+00 -6.1675472e+00 -6.1618009e+00 -6.1618006e+00 +2.1801424e+00 +2.1801424e+00 +4.2217648e+00 +4.2217650e+00 +5.0946630e+00 +5.0946622e+00 +5.1615129e+00 +5.4500497e+00 
-2.0164585e+01 -2.0164585e+01 -2.0135039e+01 -2.0135039e+01 -6.4704290e+00 -6.4704289e+00 -6.4550316e+00 -6.4550314e+00 -6.3922627e+00 -6.3922610e+00 -6.2725919e+00 -6.2725919e+00 -6.1708276e+00 -6.1708274e+00 -6.1582313e+00 -6.1582310e+00 +2.2002797e+00 +2.2002797e+00 +4.2303069e+00 +4.2303070e+00 +5.0262306e+00 +5.0262297e+00 +5.1645035e+00 +5.4460042e+00 
-2.0164129e+01 -2.0164128e+01 -2.0135484e+01 -2.0135484e+01 -6.4769842e+00 -6.4769841e+00 -6.4508905e+00 -6.4508903e+00 -6.3999909e+00 -6.3999893e+00 -6.2633278e+00 -6.2633278e+00 -6.1753745e+00 -6.1753742e+00 -6.1537344e+00 -6.1537342e+00 +2.2283232e+00 +2.2283232e+00 +4.2387355e+00 +4.2387356e+00 +4.9476489e+00 +4.9476491e+00 +5.1686452e+00 +5.4404835e+00 
-2.0163549e+01 -2.0163548e+01 -2.0136050e+01 -2.0136050e+01 -6.4842259e+00 -6.4842257e+00 -6.4456188e+00 -6.4456186e+00 -6.4091365e+00 -6.4091350e+00 -6.2526353e+00 -6.2526353e+00 -6.1811436e+00 -6.1811434e+00 -6.1486797e+00 -6.1486793e+00 +2.2641258e+00 +2.2641258e+00 +4.2422383e+00 +4.2422384e+00 +4.8701370e+00 +4.8701375e+00 +5.1738945e+00 +5.4336164e+00 
-2.0162850e+01 -2.0162849e+01 -2.0136732e+01 -2.0136732e+01 -6.4916713e+00 -6.4916712e+00 -6.4392558e+00 -6.4392556e+00 -6.4192991e+00 -6.4192976e+00 -6.2410211e+00 -6.2410211e+00 -6.1880787e+00 -6.1880785e+00 -6.1434214e+00 -6.1434211e+00 +2.3075009e+00 +2.3075009e+00 +4.2331462e+00 +4.2331464e+00 +4.8057116e+00 +4.8057121e+00 +5.1801969e+00 +5.4255500e+00 
-2.0162039e+01 -2.0162039e+01 -2.0137524e+01 -2.0137524e+01 -6.4989302e+00 -6.4989302e+00 -6.4318492e+00 -6.4318490e+00 -6.4301094e+00 -6.4301080e+00 -6.2289043e+00 -6.2289043e+00 -6.1961127e+00 -6.1961125e+00 -6.1382745e+00 -6.1382741e+00 +2.3582236e+00 +2.3582237e+00 +4.2023934e+00 +4.2023936e+00 +4.7662077e+00 +4.7662082e+00 +5.1874880e+00 +5.4164396e+00 
-2.0161123e+01 -2.0161123e+01 -2.0138421e+01 -2.0138421e+01 -6.5056960e+00 -6.5056960e+00 -6.4412395e+00 -6.4412381e+00 -6.4234546e+00 -6.4234544e+00 -6.2166257e+00 -6.2166256e+00 -6.2051683e+00 -6.2051681e+00 -6.1335054e+00 -6.1335050e+00 +2.4160333e+00 +2.4160333e+00 +4.1451615e+00 +4.1451617e+00 +4.7581340e+00 +4.7581344e+00 +5.1956952e+00 +5.4064415e+00 
-2.0160110e+01 -2.0160110e+01 -2.0139414e+01 -2.0139414e+01 -6.5117301e+00 -6.5117301e+00 -6.4524025e+00 -6.4524012e+00 -6.4141360e+00 -6.4141358e+00 -6.2151592e+00 -6.2151591e+00 -6.2044622e+00 -6.2044621e+00 -6.1293332e+00 -6.1293328e+00 +2.4806354e+00 +2.4806355e+00 +4.0647811e+00 +4.0647814e+00 +4.7791338e+00 +4.7791341e+00 +5.2047396e+00 +5.3957045e+00 
-2.0159009e+01 -2.0159009e+01 -2.0140496e+01 -2.0140496e+01 -6.5168483e+00 -6.5168482e+00 -6.4633493e+00 -6.4633481e+00 -6.4039647e+00 -6.4039644e+00 -6.2259912e+00 -6.2259911e+00 -6.1926415e+00 -6.1926414e+00 -6.1259343e+00 -6.1259339e+00 +2.5517045e+00 +2.5517046e+00 +3.9686841e+00 +3.9686843e+00 +4.8222652e+00 +4.8222656e+00 +5.2145371e+00 +5.3843663e+00 
-2.0157830e+01 -2.0157829e+01 -2.0141657e+01 -2.0141657e+01 -6.5209096e+00 -6.5209095e+00 -6.4738639e+00 -6.4738627e+00 -6.3930193e+00 -6.3930190e+00 -6.2375631e+00 -6.2375630e+00 -6.1813525e+00 -6.1813524e+00 -6.1234482e+00 -6.1234478e+00 +2.6288866e+00 +2.6288867e+00 +3.8633689e+00 +3.8633692e+00 +4.8811810e+00 +4.8811813e+00 +5.2250007e+00 +5.3725504e+00 
-2.0156582e+01 -2.0156582e+01 -2.0142888e+01 -2.0142888e+01 -6.5238082e+00 -6.5238081e+00 -6.4837593e+00 -6.4837582e+00 -6.3813854e+00 -6.3813852e+00 -6.2497681e+00 -6.2497679e+00 -6.1707530e+00 -6.1707529e+00 -6.1219826e+00 -6.1219823e+00 +2.7118016e+00 +2.7118018e+00 +3.7531667e+00 +3.7531671e+00 +4.9514513e+00 +4.9514515e+00 +5.2360423e+00 +5.3603661e+00 
-2.0155277e+01 -2.0155276e+01 -2.0144179e+01 -2.0144179e+01 -6.5254686e+00 -6.5254684e+00 -6.4928741e+00 -6.4928731e+00 -6.3691549e+00 -6.3691547e+00 -6.2624947e+00 -6.2624946e+00 -6.1609749e+00 -6.1609748e+00 -6.1216180e+00 -6.1216176e+00 +2.8000464e+00 +2.8000465e+00 +3.6407896e+00 +3.6407900e+00 +5.0300715e+00 +5.0300717e+00 +5.2475740e+00 +5.3479089e+00 
-2.0153926e+01 -2.0153925e+01 -2.0145518e+01 -2.0145518e+01 -6.5258413e+00 -6.5258410e+00 -6.5010702e+00 -6.5010693e+00 -6.3564258e+00 -6.3564256e+00 -6.2756284e+00 -6.2756282e+00 -6.1521283e+00 -6.1521281e+00 -6.1224106e+00 -6.1224103e+00 +2.8931960e+00 +2.8931962e+00 +3.5279810e+00 +3.5279814e+00 +5.1148463e+00 +5.1148465e+00 +5.2595103e+00 +5.3352638e+00 
-2.0152540e+01 -2.0152540e+01 -2.0146895e+01 -2.0146895e+01 -6.5249002e+00 -6.5248999e+00 -6.5082311e+00 -6.5082302e+00 -6.3433011e+00 -6.3433009e+00 -6.2890523e+00 -6.2890521e+00 -6.1443030e+00 -6.1443028e+00 -6.1243957e+00 -6.1243954e+00 +2.9908044e+00 +2.9908046e+00 +3.4159356e+00 +3.4159360e+00 +5.2039963e+00 +5.2039964e+00 +5.2717688e+00 +5.3225071e+00 
-2.0151132e+01 -2.0151132e+01 -2.0148297e+01 -2.0148297e+01 -6.5226415e+00 -6.5226411e+00 -6.5142607e+00 -6.5142598e+00 -6.3298884e+00 -6.3298882e+00 -6.3026486e+00 -6.3026484e+00 -6.1375710e+00 -6.1375707e+00 -6.1275886e+00 -6.1275883e+00 +3.0924026e+00 +3.0924028e+00 +3.3055377e+00 +3.3055381e+00 +5.2842707e+00 +5.2959444e+00 +5.2959444e+00 +5.3097100e+00 
-2.0149714e+01 -2.0149714e+01 -2.0149714e+01 -2.0149714e+01 -6.5190827e+00 -6.5190819e+00 -6.5190819e+00 -6.5190815e+00 -6.3162995e+00 -6.3162993e+00 -6.3162993e+00 -6.3162991e+00 -6.1319867e+00 -6.1319864e+00 -6.1319864e+00 -6.1319862e+00 +3.1974929e+00 +3.1974932e+00 +3.1974933e+00 +3.1974934e+00 +5.2969415e+00 +5.2969416e+00 +5.3892151e+00 +5.3892153e+00 
-2.0151790e+01 -2.0149649e+01 -2.0149649e+01 -2.0147771e+01 -6.5236196e+00 -6.5192258e+00 -6.5192258e+00 -6.5117262e+00 -6.3357397e+00 -6.3161040e+00 -6.3161040e+00 -6.2971254e+00 -6.1391942e+00 -6.1330402e+00 -6.1330401e+00 -6.1250498e+00 +3.0464951e+00 +3.2004724e+00 +3.2004724e+00 +3.3484393e+00 +5.2579975e+00 +5.2938630e+00 +5.2938630e+00 +5.3880232e+00 
-2.0153988e+01 -2.0149457e+01 -2.0149457e+01 -2.0145968e+01 -6.5253521e+00 -6.5196677e+00 -6.5196677e+00 -6.5015724e+00 -6.3553544e+00 -6.3155212e+00 -6.3155212e+00 -6.2783049e+00 -6.1466362e+00 -6.1361610e+00 -6.1361610e+00 -6.1184119e+00 +2.8961811e+00 +3.2092739e+00 +3.2092740e+00 +3.4984753e+00 +5.1293827e+00 +5.2846977e+00 +5.2846978e+00 +5.3845884e+00 
-2.0156296e+01 -2.0149141e+01 -2.0149141e+01 -2.0144311e+01 -6.5243316e+00 -6.5204436e+00 -6.5204436e+00 -6.4886832e+00 -6.3750472e+00 -6.3145605e+00 -6.3145605e+00 -6.2599206e+00 -6.1542728e+00 -6.1412364e+00 -6.1412363e+00 -6.1120983e+00 +2.7471943e+00 +3.2234936e+00 +3.2234937e+00 +3.6465803e+00 +5.0036930e+00 +5.2696548e+00 +5.2696551e+00 +5.3793279e+00 
-2.0158700e+01 -2.0148705e+01 -2.0148705e+01 -2.0142803e+01 -6.5216128e+00 -6.5216128e+00 -6.5206479e+00 -6.4731596e+00 -6.3947193e+00 -6.3132376e+00 -6.3132376e+00 -6.2420489e+00 -6.1620608e+00 -6.1480822e+00 -6.1480822e+00 -6.1061293e+00 +2.6001114e+00 +3.2424685e+00 +3.2424685e+00 +3.7915204e+00 +4.8812263e+00 +5.2490743e+00 +5.2490743e+00 +5.3729194e+00 
-2.0161183e+01 -2.0148157e+01 -2.0148157e+01 -2.0141445e+01 -6.5232552e+00 -6.5232552e+00 -6.5144271e+00 -6.4551412e+00 -6.4142692e+00 -6.3115745e+00 -6.3115745e+00 -6.2247602e+00 -6.1699529e+00 -6.1564499e+00 -6.1564499e+00 -6.1005201e+00 +2.4554622e+00 +3.2652951e+00 +3.2652952e+00 +3.9317696e+00 +4.7623168e+00 +5.2234142e+00 +5.2234142e+00 +5.3662712e+00 
-2.0163727e+01 -2.0147507e+01 -2.0147507e+01 -2.0140234e+01 -6.5254675e+00 -6.5254675e+00 -6.5058307e+00 -6.4348069e+00 -6.4335942e+00 -6.3095986e+00 -6.3095986e+00 -6.2081186e+00 -6.1778991e+00 -6.1660352e+00 -6.1660352e+00 -6.0952812e+00 +2.3137468e+00 +3.2908618e+00 +3.2908619e+00 +4.0653350e+00 +4.6474967e+00 +5.1932348e+00 +5.1932348e+00 +5.3604735e+00 
-2.0166314e+01 -2.0146766e+01 -2.0146766e+01 -2.0139169e+01 -6.5283574e+00 -6.5283574e+00 -6.4950540e+00 -6.4525910e+00 -6.4123738e+00 -6.3073428e+00 -6.3073428e+00 -6.1921812e+00 -6.1858465e+00 -6.1764909e+00 -6.1764909e+00 -6.0904183e+00 +2.1754487e+00 +3.3178984e+00 +3.3178984e+00 +4.1890512e+00 +4.5382103e+00 +5.1591797e+00 +5.1591797e+00 +5.3567251e+00 
-2.0168920e+01 -2.0145945e+01 -2.0145945e+01 -2.0138244e+01 -6.5320336e+00 -6.5320336e+00 -6.4823245e+00 -6.4711567e+00 -6.3880973e+00 -6.3048445e+00 -6.3048445e+00 -6.1937403e+00 -6.1874432e+00 -6.1874432e+00 -6.1769986e+00 -6.0859326e+00 +2.0410451e+00 +3.3450470e+00 +3.3450471e+00 +4.2921847e+00 +4.4432591e+00 +5.1219542e+00 +5.1219542e+00 +5.3562376e+00 
-2.0171526e+01 -2.0145060e+01 -2.0145060e+01 -2.0137451e+01 -6.5365934e+00 -6.5365934e+00 -6.4891894e+00 -6.4679004e+00 -6.3622694e+00 -6.3021457e+00 -6.3021457e+00 -6.2015244e+00 -6.1985114e+00 -6.1985114e+00 -6.1626146e+00 -6.0818213e+00 +1.9110152e+00 +3.3709563e+00 +3.3709564e+00 +4.2924809e+00 +4.4428736e+00 +5.0823045e+00 +5.0823045e+00 +5.3601157e+00 
-2.0174106e+01 -2.0144125e+01 -2.0144125e+01 -2.0136783e+01 -6.5421066e+00 -6.5421066e+00 -6.5065893e+00 -6.4520675e+00 -6.3352172e+00 -6.2992915e+00 -6.2992915e+00 -6.2093314e+00 -6.2093314e+00 -6.2091417e+00 -6.1490664e+00 -6.0780779e+00 +1.7858458e+00 +3.3943905e+00 +3.3943906e+00 +4.2046116e+00 +4.5204780e+00 +5.0409969e+00 +5.0409969e+00 +5.3692273e+00 
-2.0176640e+01 -2.0143155e+01 -2.0143155e+01 -2.0136230e+01 -6.5485983e+00 -6.5485983e+00 -6.5232593e+00 -6.4351361e+00 -6.3073012e+00 -6.2963304e+00 -6.2963304e+00 -6.2195798e+00 -6.2195797e+00 -6.2165353e+00 -6.1363852e+00 -6.0746926e+00 +1.6660350e+00 +3.4143415e+00 +3.4143415e+00 +4.1110366e+00 +4.5921325e+00 +4.9987990e+00 +4.9987990e+00 +5.3840807e+00 
-2.0179102e+01 -2.0142169e+01 -2.0142169e+01 -2.0135781e+01 -6.5560328e+00 -6.5560328e+00 -6.5391059e+00 -6.4174380e+00 -6.2933124e+00 -6.2933124e+00 -6.2789113e+00 -6.2289951e+00 -6.2289951e+00 -6.2236487e+00 -6.1245962e+00 -6.0716530e+00 +1.5520938e+00 +3.4301223e+00 +3.4301224e+00 +4.0200636e+00 +4.6488216e+00 +4.9564634e+00 +4.9564634e+00 +5.4047333e+00 
-2.0181470e+01 -2.0141182e+01 -2.0141182e+01 -2.0135426e+01 -6.5643045e+00 -6.5643045e+00 -6.5540397e+00 -6.3993213e+00 -6.2902890e+00 -6.2902890e+00 -6.2504633e+00 -6.2373938e+00 -6.2373938e+00 -6.2304268e+00 -6.1137193e+00 -6.0689445e+00 +1.4445450e+00 +3.4414219e+00 +3.4414219e+00 +3.9332474e+00 +4.6893437e+00 +4.9147137e+00 +4.9147137e+00 +5.4307539e+00 
-2.0183721e+01 -2.0140211e+01 -2.0140211e+01 -2.0135152e+01 -6.5732360e+00 -6.5732359e+00 -6.5679762e+00 -6.3811457e+00 -6.2873122e+00 -6.2873122e+00 -6.2446762e+00 -6.2446761e+00 -6.2368161e+00 -6.2223935e+00 -6.1037694e+00 -6.0665509e+00 +1.3439214e+00 +3.4483071e+00 +3.4483072e+00 +3.8513199e+00 +4.7144860e+00 +4.8742338e+00 +4.8742338e+00 +5.4612523e+00 
-2.0185832e+01 -2.0139273e+01 -2.0139273e+01 -2.0134949e+01 -6.5825868e+00 -6.5825868e+00 -6.5808364e+00 -6.3632763e+00 -6.2844331e+00 -6.2844331e+00 -6.2508212e+00 -6.2508211e+00 -6.2427660e+00 -6.1951518e+00 -6.0947575e+00 -6.0644552e+00 +1.2507603e+00 +3.4511765e+00 +3.4511766e+00 +3.7748515e+00 +4.7262248e+00 +4.8356595e+00 +4.8356595e+00 +5.4949682e+00 
-2.0187784e+01 -2.0138385e+01 -2.0138385e+01 -2.0134803e+01 -6.5925474e+00 -6.5920705e+00 -6.5920705e+00 -6.3460773e+00 -6.2817018e+00 -6.2817018e+00 -6.2558733e+00 -6.2558733e+00 -6.2482283e+00 -6.1691943e+00 -6.0866908e+00 -6.0626396e+00 +1.1655972e+00 +3.4506774e+00 +3.4506774e+00 +3.7043869e+00 +4.7272525e+00 +4.7995728e+00 +4.7995728e+00 +5.5304039e+00 
-2.0189556e+01 -2.0137561e+01 -2.0137561e+01 -2.0134705e+01 -6.6030426e+00 -6.6013756e+00 -6.6013756e+00 -6.3299046e+00 -6.2791657e+00 -6.2791657e+00 -6.2599238e+00 -6.2599238e+00 -6.2531590e+00 -6.1449740e+00 -6.0795735e+00 -6.0610869e+00 +1.0889572e+00 +3.4476094e+00 +3.4476094e+00 +3.6404749e+00 +4.7205367e+00 +4.7664976e+00 +4.7664976e+00 +5.5659673e+00 
-2.0191130e+01 -2.0136815e+01 -2.0136815e+01 -2.0134644e+01 -6.6122622e+00 -6.6101865e+00 -6.6101865e+00 -6.3150982e+00 -6.2768693e+00 -6.2768693e+00 -6.2630913e+00 -6.2630913e+00 -6.2575177e+00 -6.1229300e+00 -6.0734078e+00 -6.0597800e+00 +1.0213442e+00 +3.4428322e+00 +3.4428322e+00 +3.5836670e+00 +4.7089599e+00 +4.7368973e+00 +4.7368973e+00 +5.6001020e+00 
-2.0192491e+01 -2.0136161e+01 -2.0136161e+01 -2.0134609e+01 -6.6201540e+00 -6.6182029e+00 -6.6182029e+00 -6.3019740e+00 -6.2748528e+00 -6.2748528e+00 -6.2655040e+00 -6.2655040e+00 -6.2612687e+00 -6.1034767e+00 -6.0681939e+00 -6.0587035e+00 +9.6323027e-01 +3.4371891e+00 +3.4371891e+00 +3.5345022e+00 +4.6950855e+00 +4.7111736e+00 +4.7111736e+00 +5.6313881e+00 
-2.0193624e+01 -2.0135610e+01 -2.0135610e+01 -2.0134593e+01 -6.6266729e+00 -6.6251538e+00 -6.6251538e+00 -6.2908161e+00 -6.2731519e+00 -6.2731519e+00 -6.2672865e+00 -6.2672865e+00 -6.2643810e+00 -6.0869916e+00 -6.0639310e+00 -6.0578434e+00 +9.1504300e-01 +3.4314509e+00 +3.4314510e+00 +3.4934865e+00 +4.6810450e+00 +4.6896661e+00 +4.6896661e+00 +5.6586056e+00 
-2.0194517e+01 -2.0135171e+01 -2.0135171e+01 -2.0134589e+01 -6.6317820e+00 -6.6308081e+00 -6.6308081e+00 -6.2818692e+00 -6.2717965e+00 -6.2717965e+00 -6.2685497e+00 -6.2685497e+00 -6.2668289e+00 -6.0738036e+00 -6.0606177e+00 -6.0571875e+00 +8.7715322e-01 +3.4262787e+00 +3.4262787e+00 +3.4610714e+00 +4.6685120e+00 +4.6726517e+00 +4.6726517e+00 +5.6807648e+00 
-2.0195162e+01 -2.0134852e+01 -2.0134852e+01 -2.0134590e+01 -6.6354522e+00 -6.6349812e+00 -6.6349812e+00 -6.2753315e+00 -6.2708108e+00 -6.2708108e+00 -6.2693847e+00 -6.2693846e+00 -6.2685922e+00 -6.0641821e+00 -6.0582526e+00 -6.0567261e+00 +8.4986323e-01 +3.4222005e+00 +3.4222005e+00 +3.4376328e+00 +4.6587250e+00 +4.6603456e+00 +4.6603456e+00 +5.6971130e+00 
-2.0195552e+01 -2.0134658e+01 -2.0134658e+01 -2.0134592e+01 -6.6376627e+00 -6.6375392e+00 -6.6375392e+00 -6.2713491e+00 -6.2702123e+00 -6.2702123e+00 -6.2698583e+00 -6.2698583e+00 -6.2696560e+00 -6.0583270e+00 -6.0568341e+00 -6.0564522e+00 +8.3339725e-01 +3.4195992e+00 +3.4195993e+00 +3.4234528e+00 +4.6525277e+00 +4.6529007e+00 +4.6529007e+00 +5.7071265e+00 
-2.0195682e+01 -2.0134593e+01 -2.0134593e+01 -2.0134593e+01 -6.6384009e+00 -6.6384009e+00 -6.6384009e+00 -6.2700116e+00 -6.2700116e+00 -6.2700116e+00 -6.2700116e+00 -6.2700116e+00 -6.2700116e+00 -6.0563614e+00 -6.0563614e+00 -6.0563614e+00 +8.2789310e-01 +3.4187063e+00 +3.4187064e+00 +3.4187064e+00 +4.6504087e+00 +4.6504087e+00 +4.6504087e+00 +6.9982167e+00 
-2.0195557e+01 -2.0134634e+01 -2.0134634e+01 -2.0134634e+01 -6.6376135e+00 -6.6376135e+00 -6.6376135e+00 -6.2707251e+00 -6.2707251e+00 -6.2707251e+00 -6.2696423e+00 -6.2696423e+00 -6.2696423e+00 -6.0583711e+00 -6.0565705e+00 -6.0565705e+00 +8.3317702e-01 +3.4207979e+00 +3.4207979e+00 +3.4207981e+00 +4.6526803e+00 +4.6526804e+00 +4.6526806e+00 +5.7075333e+00 
-2.0195183e+01 -2.0134758e+01 -2.0134758e+01 -2.0134758e+01 -6.6352741e+00 -6.6352741e+00 -6.6352741e+00 -6.2728385e+00 -6.2728385e+00 -6.2728385e+00 -6.2685382e+00 -6.2685382e+00 -6.2685382e+00 -6.0643668e+00 -6.0571953e+00 -6.0571953e+00 +8.4898376e-01 +3.4270189e+00 +3.4270189e+00 +3.4270189e+00 +4.6594073e+00 +4.6594075e+00 +4.6594075e+00 +5.6986701e+00 
-2.0194564e+01 -2.0134961e+01 -2.0134961e+01 -2.0134961e+01 -6.6314523e+00 -6.6314522e+00 -6.6314522e+00 -6.2762693e+00 -6.2762693e+00 -6.2762693e+00 -6.2667103e+00 -6.2667103e+00 -6.2667102e+00 -6.0742487e+00 -6.0582286e+00 -6.0582285e+00 +8.7517892e-01 +3.4372072e+00 +3.4372072e+00 +3.4372074e+00 +4.6703198e+00 +4.6703198e+00 +4.6703200e+00 +5.6840246e+00 
-2.0193707e+01 -2.0135244e+01 -2.0135244e+01 -2.0135244e+01 -6.6262679e+00 -6.6262679e+00 -6.6262679e+00 -6.2808769e+00 -6.2808769e+00 -6.2808769e+00 -6.2641768e+00 -6.2641768e+00 -6.2641768e+00 -6.0878550e+00 -6.0596582e+00 -6.0596582e+00 +9.1154165e-01 +3.4510890e+00 +3.4510891e+00 +3.4510891e+00 +4.6849393e+00 +4.6849393e+00 +4.6849394e+00 +5.6638705e+00 
-2.0192620e+01 -2.0135601e+01 -2.0135601e+01 -2.0135601e+01 -6.6198978e+00 -6.6198978e+00 -6.6198978e+00 -6.2864577e+00 -6.2864577e+00 -6.2864576e+00 -6.2609632e+00 -6.2609632e+00 -6.2609632e+00 -6.1049663e+00 -6.0614675e+00 -6.0614675e+00 +9.5776901e-01 +3.4682732e+00 +3.4682732e+00 +3.4682732e+00 +4.7025341e+00 +4.7025341e+00 +4.7025341e+00 +5.6387580e+00 
-2.0191316e+01 -2.0136029e+01 -2.0136029e+01 -2.0136029e+01 -6.6125843e+00 -6.6125843e+00 -6.6125843e+00 -6.2927374e+00 -6.2927374e+00 -6.2927373e+00 -6.2571019e+00 -6.2571019e+00 -6.2571019e+00 -6.1253131e+00 -6.0636354e+00 -6.0636354e+00 +1.0134814e+00 +3.4882431e+00 +3.4882431e+00 +3.4882431e+00 +4.7220486e+00 +4.7220487e+00 +4.7220487e+00 +5.6096812e+00 
-2.0189807e+01 -2.0136524e+01 -2.0136524e+01 -2.0136524e+01 -6.6046472e+00 -6.6046472e+00 -6.6046472e+00 -6.2993619e+00 -6.2993619e+00 -6.2993619e+00 -6.2526320e+00 -6.2526320e+00 -6.2526320e+00 -6.1485839e+00 -6.0661367e+00 -6.0661367e+00 +1.0782290e+00 +3.5103444e+00 +3.5103445e+00 +3.5103445e+00 +4.7420114e+00 +4.7420115e+00 +4.7420116e+00 +5.5782783e+00 
-2.0188112e+01 -2.0137080e+01 -2.0137080e+01 -2.0137080e+01 -6.5964958e+00 -6.5964958e+00 -6.5964958e+00 -6.3058875e+00 -6.3058875e+00 -6.3058875e+00 -6.2475990e+00 -6.2475990e+00 -6.2475990e+00 -6.1744332e+00 -6.0689427e+00 -6.0689427e+00 +1.1514977e+00 +3.5337706e+00 +3.5337706e+00 +3.5337706e+00 +4.7604439e+00 +4.7604440e+00 +4.7604440e+00 +5.5470239e+00 
-2.0186247e+01 -2.0137691e+01 -2.0137691e+01 -2.0137691e+01 -6.5886364e+00 -6.5886364e+00 -6.5886364e+00 -6.3117752e+00 -6.3117752e+00 -6.3117752e+00 -6.2420544e+00 -6.2420544e+00 -6.2420544e+00 -6.2024912e+00 -6.0720210e+00 -6.0720210e+00 +1.2327156e+00 +3.5575451e+00 +3.5575451e+00 +3.5575451e+00 +4.7748507e+00 +4.7748510e+00 +4.7748510e+00 +5.5193160e+00 
-2.0184233e+01 -2.0138350e+01 -2.0138350e+01 -2.0138350e+01 -6.5816644e+00 -6.5816644e+00 -6.5816644e+00 -6.3164017e+00 -6.3164017e+00 -6.3164017e+00 -6.2360555e+00 -6.2360555e+00 -6.2360555e+00 -6.2323714e+00 -6.0753366e+00 -6.0753366e+00 +1.3212576e+00 +3.5805044e+00 +3.5805045e+00 +3.5805045e+00 +4.7824682e+00 +4.7824685e+00 +4.7824685e+00 +5.4992651e+00 
-2.0182091e+01 -2.0139049e+01 -2.0139049e+01 -2.0139049e+01 -6.5762247e+00 -6.5762247e+00 -6.5762247e+00 -6.3191011e+00 -6.3191011e+00 -6.3191011e+00 -6.2636788e+00 -6.2296645e+00 -6.2296645e+00 -6.2296645e+00 -6.0788517e+00 -6.0788517e+00 +1.4164498e+00 +3.6012888e+00 +3.6012888e+00 +3.6012888e+00 +4.7809711e+00 +4.7809712e+00 +4.7809712e+00 +5.4909745e+00 
-2.0179845e+01 -2.0139781e+01 -2.0139781e+01 -2.0139781e+01 -6.5729250e+00 -6.5729250e+00 -6.5729250e+00 -6.3192539e+00 -6.3192539e+00 -6.3192539e+00 -6.2960169e+00 -6.2229486e+00 -6.2229486e+00 -6.2229486e+00 -6.0825266e+00 -6.0825266e+00 +1.5175723e+00 +3.6183539e+00 +3.6183539e+00 +3.6183539e+00 +4.7695349e+00 +4.7695350e+00 +4.7695350e+00 +5.4974135e+00 
-2.0177518e+01 -2.0140538e+01 -2.0140538e+01 -2.0140538e+01 -6.5722120e+00 -6.5722120e+00 -6.5722120e+00 -6.3289934e+00 -6.3164129e+00 -6.3164129e+00 -6.3164129e+00 -6.2159787e+00 -6.2159787e+00 -6.2159787e+00 -6.0863203e+00 -6.0863203e+00 +1.6238606e+00 +3.6300279e+00 +3.6300279e+00 +3.6300279e+00 +4.7495598e+00 +4.7495599e+00 +4.7495599e+00 +5.5195672e+00 
-2.0175137e+01 -2.0141312e+01 -2.0141312e+01 -2.0141312e+01 -6.5742594e+00 -6.5742594e+00 -6.5742594e+00 -6.3622258e+00 -6.3104159e+00 -6.3104159e+00 -6.3104159e+00 -6.2088293e+00 -6.2088293e+00 -6.2088293e+00 -6.0901903e+00 -6.0901903e+00 +1.7345048e+00 +3.6346432e+00 +3.6346433e+00 +3.6346433e+00 +4.7243561e+00 +4.7243563e+00 +4.7243563e+00 +5.5565485e+00 
-2.0172727e+01 -2.0142094e+01 -2.0142094e+01 -2.0142094e+01 -6.5789340e+00 -6.5789340e+00 -6.5789340e+00 -6.3953450e+00 -6.3014218e+00 -6.3014218e+00 -6.3014218e+00 -6.2015772e+00 -6.2015772e+00 -6.2015772e+00 -6.0940938e+00 -6.0940938e+00 +1.8486485e+00 +3.6307628e+00 +3.6307628e+00 +3.6307628e+00 +4.6980012e+00 +4.6980013e+00 +4.6980013e+00 +5.6064535e+00 
-2.0170315e+01 -2.0142875e+01 -2.0142875e+01 -2.0142875e+01 -6.5858572e+00 -6.5858572e+00 -6.5858572e+00 -6.4279987e+00 -6.2898488e+00 -6.2898488e+00 -6.2898488e+00 -6.1943015e+00 -6.1943015e+00 -6.1943015e+00 -6.0979881e+00 -6.0979881e+00 +1.9653848e+00 +3.6174773e+00 +3.6174773e+00 +3.6174773e+00 +4.6741622e+00 +4.6741624e+00 +4.6741624e+00 +5.6671914e+00 
-2.0167927e+01 -2.0143647e+01 -2.0143647e+01 -2.0143647e+01 -6.5945190e+00 -6.5945190e+00 -6.5945190e+00 -6.4598539e+00 -6.2762608e+00 -6.2762608e+00 -6.2762608e+00 -6.1870821e+00 -6.1870821e+00 -6.1870820e+00 -6.1018306e+00 -6.1018306e+00 +2.0837516e+00 +3.5946794e+00 +3.5946794e+00 +3.5946794e+00 +4.6553663e+00 +4.6553664e+00 +4.6553664e+00 +5.7369020e+00 
-2.0165589e+01 -2.0144402e+01 -2.0144402e+01 -2.0144402e+01 -6.6043812e+00 -6.6043812e+00 -6.6043812e+00 -6.4905986e+00 -6.2612634e+00 -6.2612634e+00 -6.2612634e+00 -6.1799989e+00 -6.1799989e+00 -6.1799989e+00 -6.1055796e+00 -6.1055796e+00 +2.2027249e+00 +3.5631786e+00 +3.5631786e+00 +3.5631786e+00 +4.6427753e+00 +4.6427753e+00 +4.6427753e+00 +5.8140295e+00 
-2.0163327e+01 -2.0145131e+01 -2.0145131e+01 -2.0145131e+01 -6.6149416e+00 -6.6149416e+00 -6.6149416e+00 -6.5199431e+00 -6.2454389e+00 -6.2454389e+00 -6.2454389e+00 -6.1731313e+00 -6.1731313e+00 -6.1731313e+00 -6.1091950e+00 -6.1091950e+00 +2.3212100e+00 +3.5245842e+00 +3.5245842e+00 +3.5245842e+00 +4.6363539e+00 +4.6363540e+00 +4.6363540e+00 +5.8972377e+00 
-2.0161166e+01 -2.0145826e+01 -2.0145826e+01 -2.0145826e+01 -6.6257603e+00 -6.6257603e+00 -6.6257603e+00 -6.5476207e+00 -6.2293176e+00 -6.2293176e+00 -6.2293176e+00 -6.1665570e+00 -6.1665570e+00 -6.1665570e+00 -6.1126381e+00 -6.1126381e+00 +2.4380302e+00 +3.4810084e+00 +3.4810085e+00 +3.4810085e+00 +4.6352569e+00 +4.6352571e+00 +4.6352571e+00 +5.1748894e+00 
-2.0159130e+01 -2.0146480e+01 -2.0146480e+01 -2.0146480e+01 -6.6364651e+00 -6.6364651e+00 -6.6364651e+00 -6.5733884e+00 -6.2133712e+00 -6.2133712e+00 -6.2133711e+00 -6.1603510e+00 -6.1603510e+00 -6.1603510e+00 -6.1158722e+00 -6.1158722e+00 +2.5519133e+00 +3.4347316e+00 +3.4347317e+00 +3.4347317e+00 +4.6382474e+00 +4.6382474e+00 +4.6382475e+00 +5.0961151e+00 
-2.0157242e+01 -2.0147086e+01 -2.0147086e+01 -2.0147086e+01 -6.6467450e+00 -6.6467450e+00 -6.6467450e+00 -6.5970266e+00 -6.1980150e+00 -6.1980150e+00 -6.1980150e+00 -6.1545846e+00 -6.1545846e+00 -6.1545846e+00 -6.1188634e+00 -6.1188634e+00 +2.6614727e+00 +3.3879423e+00 +3.3879423e+00 +3.3879423e+00 +4.6440191e+00 +4.6440191e+00 +4.6440191e+00 +5.0220989e+00 
-2.0155523e+01 -2.0147637e+01 -2.0147637e+01 -2.0147637e+01 -6.6563427e+00 -6.6563426e+00 -6.6563426e+00 -6.6183399e+00 -6.1836138e+00 -6.1836138e+00 -6.1836138e+00 -6.1493247e+00 -6.1493247e+00 -6.1493247e+00 -6.1215801e+00 -6.1215801e+00 +2.7651870e+00 +3.3425889e+00 +3.3425889e+00 +3.3425889e+00 +4.6513842e+00 +4.6513842e+00 +4.6513842e+00 +4.9532253e+00 
-2.0153992e+01 -2.0148127e+01 -2.0148127e+01 -2.0148127e+01 -6.6650459e+00 -6.6650459e+00 -6.6650459e+00 -6.6371561e+00 -6.1704861e+00 -6.1704861e+00 -6.1704861e+00 -6.1446327e+00 -6.1446327e+00 -6.1446327e+00 -6.1239941e+00 -6.1239941e+00 +2.8613771e+00 +3.3003237e+00 +3.3003237e+00 +3.3003237e+00 +4.6593535e+00 +4.6593535e+00 +4.6593535e+00 +4.8900472e+00 
-2.0152666e+01 -2.0148551e+01 -2.0148551e+01 -2.0148551e+01 -6.6726812e+00 -6.6726812e+00 -6.6726812e+00 -6.6533270e+00 -6.1589072e+00 -6.1589071e+00 -6.1589071e+00 -6.1405640e+00 -6.1405640e+00 -6.1405640e+00 -6.1260803e+00 -6.1260803e+00 +2.9481888e+00 +3.2625017e+00 +3.2625017e+00 +3.2625017e+00 +4.6671493e+00 +4.6671493e+00 +4.6671493e+00 +4.8333349e+00 
-2.0151560e+01 -2.0148904e+01 -2.0148904e+01 -2.0148904e+01 -6.6791085e+00 -6.6791085e+00 -6.6791085e+00 -6.6667272e+00 -6.1491107e+00 -6.1491107e+00 -6.1491107e+00 -6.1371666e+00 -6.1371666e+00 -6.1371666e+00 -6.1278171e+00 -6.1278171e+00 +3.0235962e+00 +3.2302041e+00 +3.2302041e+00 +3.2302041e+00 +4.6741854e+00 +4.6741854e+00 +4.6741854e+00 +4.7841089e+00 
-2.0150687e+01 -2.0149183e+01 -2.0149183e+01 -2.0149183e+01 -6.6842174e+00 -6.6842174e+00 -6.6842174e+00 -6.6772548e+00 -6.1412891e+00 -6.1412891e+00 -6.1412891e+00 -6.1344808e+00 -6.1344808e+00 -6.1344808e+00 -6.1291866e+00 -6.1291866e+00 +3.0854522e+00 +3.2042686e+00 +3.2042686e+00 +3.2042686e+00 +4.6800358e+00 +4.6800358e+00 +4.6800358e+00 +4.7436260e+00 
-2.0150056e+01 -2.0149384e+01 -2.0149384e+01 -2.0149384e+01 -6.6879246e+00 -6.6879246e+00 -6.6879246e+00 -6.6848306e+00 -6.1355933e+00 -6.1355933e+00 -6.1355933e+00 -6.1325388e+00 -6.1325388e+00 -6.1325388e+00 -6.1301747e+00 -6.1301747e+00 +3.1316209e+00 +3.1853174e+00 +3.1853174e+00 +3.1853174e+00 +4.6844040e+00 +4.6844040e+00 +4.6844040e+00 +4.7132837e+00 
-2.0149674e+01 -2.0149505e+01 -2.0149505e+01 -2.0149505e+01 -6.6901715e+00 -6.6901715e+00 -6.6901715e+00 -6.6893983e+00 -6.1321318e+00 -6.1321318e+00 -6.1321318e+00 -6.1313639e+00 -6.1313639e+00 -6.1313639e+00 -6.1307713e+00 -6.1307713e+00 +3.1602144e+00 +3.1737795e+00 +3.1737795e+00 +3.1737795e+00 +4.6870967e+00 +4.6870967e+00 +4.6870967e+00 +4.6944155e+00 
-2.0149546e+01 -2.0149546e+01 -2.0149546e+01 -2.0149546e+01 -6.6909240e+00 -6.6909237e+00 -6.6909237e+00 -6.6909237e+00 -6.1309702e+00 -6.1309702e+00 -6.1309701e+00 -6.1309701e+00 -6.1309701e+00 -6.1309700e+00 -6.1309700e+00 -6.1309700e+00 +3.1699061e+00 +3.1699061e+00 +3.1699061e+00 +3.1699061e+00 +4.6880045e+00 +4.6880059e+00 +4.6880059e+00 +4.6880059e+00 
-2.0149614e+01 -2.0149613e+01 -2.0149482e+01 -2.0149482e+01 -6.6902401e+00 -6.6902401e+00 -6.6896373e+00 -6.6896370e+00 -6.1324803e+00 -6.1324803e+00 -6.1313342e+00 -6.1313342e+00 -6.1311709e+00 -6.1311708e+00 -6.1311177e+00 -6.1311176e+00 +3.1650965e+00 +3.1650965e+00 +3.1757162e+00 +3.1757162e+00 +4.6861005e+00 +4.6861005e+00 +4.6918360e+00 +4.6918372e+00 
-2.0149814e+01 -2.0149814e+01 -2.0149290e+01 -2.0149290e+01 -6.6881928e+00 -6.6881928e+00 -6.6857946e+00 -6.6857942e+00 -6.1369773e+00 -6.1369772e+00 -6.1324264e+00 -6.1324264e+00 -6.1317678e+00 -6.1317677e+00 -6.1315556e+00 -6.1315555e+00 +3.1508027e+00 +3.1508028e+00 +3.1930935e+00 +3.1930935e+00 +4.6804116e+00 +4.6804116e+00 +4.7032493e+00 +4.7032506e+00 
-2.0150144e+01 -2.0150144e+01 -2.0148974e+01 -2.0148974e+01 -6.6847965e+00 -6.6847965e+00 -6.6794524e+00 -6.6794521e+00 -6.1443673e+00 -6.1443673e+00 -6.1342478e+00 -6.1342477e+00 -6.1327473e+00 -6.1327471e+00 -6.1322761e+00 -6.1322760e+00 +3.1274161e+00 +3.1274162e+00 +3.2218783e+00 +3.2218783e+00 +4.6710211e+00 +4.6710211e+00 +4.7220104e+00 +4.7220117e+00 
-2.0150598e+01 -2.0150597e+01 -2.0148539e+01 -2.0148539e+01 -6.6800759e+00 -6.6800759e+00 -6.6707050e+00 -6.6707046e+00 -6.1544976e+00 -6.1544976e+00 -6.1368003e+00 -6.1368003e+00 -6.1340872e+00 -6.1340869e+00 -6.1332667e+00 -6.1332665e+00 +3.0955501e+00 +3.0955502e+00 +3.2618091e+00 +3.2618091e+00 +4.6580646e+00 +4.6580646e+00 +4.7477528e+00 +4.7477540e+00 
-2.0151168e+01 -2.0151168e+01 -2.0147993e+01 -2.0147993e+01 -6.6740655e+00 -6.6740655e+00 -6.6596834e+00 -6.6596829e+00 -6.1671613e+00 -6.1671613e+00 -6.1400860e+00 -6.1400860e+00 -6.1357568e+00 -6.1357564e+00 -6.1345098e+00 -6.1345097e+00 +3.0559928e+00 +3.0559929e+00 +3.3125271e+00 +3.3125271e+00 +4.6417305e+00 +4.6417305e+00 +4.7800036e+00 +4.7800046e+00 
-2.0151844e+01 -2.0151844e+01 -2.0147345e+01 -2.0147345e+01 -6.6668097e+00 -6.6668097e+00 -6.6465550e+00 -6.6465545e+00 -6.1821032e+00 -6.1821032e+00 -6.1441063e+00 -6.1441063e+00 -6.1377175e+00 -6.1377171e+00 -6.1359838e+00 -6.1359837e+00 +3.0096581e+00 +3.0096582e+00 +3.3735838e+00 +3.3735838e+00 +4.6222571e+00 +4.6222571e+00 +4.8182042e+00 +4.8182052e+00 
-2.0152615e+01 -2.0152615e+01 -2.0146605e+01 -2.0146605e+01 -6.6583629e+00 -6.6583629e+00 -6.6315226e+00 -6.6315220e+00 -6.1990275e+00 -6.1990275e+00 -6.1488617e+00 -6.1488617e+00 -6.1399234e+00 -6.1399230e+00 -6.1376630e+00 -6.1376628e+00 +2.9575424e+00 +2.9575425e+00 +3.4444497e+00 +3.4444497e+00 +4.5999314e+00 +4.5999314e+00 +4.8617219e+00 +4.8617228e+00 
-2.0153467e+01 -2.0153467e+01 -2.0145786e+01 -2.0145786e+01 -6.6487896e+00 -6.6487896e+00 -6.6148227e+00 -6.6148221e+00 -6.2176059e+00 -6.2176059e+00 -6.1543501e+00 -6.1543501e+00 -6.1423224e+00 -6.1423219e+00 -6.1395180e+00 -6.1395178e+00 +2.9006912e+00 +2.9006913e+00 +3.5245227e+00 +3.5245227e+00 +4.5750862e+00 +4.5750862e+00 +4.9098463e+00 +4.9098470e+00 
-2.0154386e+01 -2.0154385e+01 -2.0144903e+01 -2.0144903e+01 -6.6381644e+00 -6.6381644e+00 -6.5967241e+00 -6.5967234e+00 -6.2374861e+00 -6.2374860e+00 -6.1605660e+00 -6.1605660e+00 -6.1448564e+00 -6.1448559e+00 -6.1415167e+00 -6.1415165e+00 +2.8401746e+00 +2.8401747e+00 +3.6131379e+00 +3.6131379e+00 +4.5480977e+00 +4.5480977e+00 +4.9617747e+00 +4.9617752e+00 
-2.0155355e+01 -2.0155355e+01 -2.0143970e+01 -2.0143970e+01 -6.6265727e+00 -6.6265727e+00 -6.5775250e+00 -6.5775242e+00 -6.2582997e+00 -6.2582997e+00 -6.1674990e+00 -6.1674990e+00 -6.1474630e+00 -6.1474625e+00 -6.1436244e+00 -6.1436242e+00 +2.7770712e+00 +2.7770712e+00 +3.7095752e+00 +3.7095752e+00 +4.5193822e+00 +4.5193823e+00 +5.0165869e+00 +5.0165873e+00 
-2.0156359e+01 -2.0156358e+01 -2.0143003e+01 -2.0143003e+01 -6.6141112e+00 -6.6141112e+00 -6.5575498e+00 -6.5575489e+00 -6.2796709e+00 -6.2796709e+00 -6.1751316e+00 -6.1751316e+00 -6.1500766e+00 -6.1500761e+00 -6.1458048e+00 -6.1458046e+00 +2.7124558e+00 +2.7124558e+00 +3.8130648e+00 +3.8130648e+00 +4.4893934e+00 +4.4893934e+00 +5.0732133e+00 +5.0732136e+00 
-2.0157379e+01 -2.0157379e+01 -2.0142019e+01 -2.0142019e+01 -6.6008890e+00 -6.6008890e+00 -6.5371450e+00 -6.5371441e+00 -6.3012238e+00 -6.3012238e+00 -6.1834371e+00 -6.1834371e+00 -6.1526301e+00 -6.1526296e+00 -6.1480204e+00 -6.1480202e+00 +2.6473913e+00 +2.6473913e+00 +3.9227900e+00 +3.9227900e+00 +4.4586173e+00 +4.4586173e+00 +5.1304041e+00 +5.1304043e+00 
-2.0158399e+01 -2.0158399e+01 -2.0141034e+01 -2.0141034e+01 -6.5870291e+00 -6.5870291e+00 -6.5166740e+00 -6.5166730e+00 -6.3225889e+00 -6.3225889e+00 -6.1923767e+00 -6.1923767e+00 -6.1550568e+00 -6.1550563e+00 -6.1502332e+00 -6.1502330e+00 +2.5829205e+00 +2.5829205e+00 +4.0378829e+00 +4.0378829e+00 +4.4275676e+00 +4.4275676e+00 +5.1867107e+00 +5.1867108e+00 
-2.0159401e+01 -2.0159401e+01 -2.0140065e+01 -2.0140065e+01 -6.5726710e+00 -6.5726710e+00 -6.4965097e+00 -6.4965087e+00 -6.3434095e+00 -6.3434095e+00 -6.2018950e+00 -6.2018950e+00 -6.1572933e+00 -6.1572928e+00 -6.1524055e+00 -6.1524053e+00 +2.5200581e+00 +2.5200581e+00 +4.1574112e+00 +4.1574112e+00 +4.3967780e+00 +4.3967780e+00 +5.2405019e+00 +5.2405019e+00 
-2.0160368e+01 -2.0160368e+01 -2.0139130e+01 -2.0139130e+01 -6.5579746e+00 -6.5579746e+00 -6.4770266e+00 -6.4770255e+00 -6.3633467e+00 -6.3633467e+00 -6.2119152e+00 -6.2119152e+00 -6.1592826e+00 -6.1592821e+00 -6.1545003e+00 -6.1545001e+00 +2.4597824e+00 +2.4597825e+00 +4.2803508e+00 +4.2803508e+00 +4.3667939e+00 +4.3667939e+00 +5.2900483e+00 +5.2900484e+00 
-2.0161283e+01 -2.0161283e+01 -2.0138243e+01 -2.0138243e+01 -6.5431267e+00 -6.5431266e+00 -6.4585905e+00 -6.4585892e+00 -6.3820837e+00 -6.3820837e+00 -6.2223313e+00 -6.2223313e+00 -6.1609787e+00 -6.1609782e+00 -6.1564821e+00 -6.1564819e+00 +2.4030262e+00 +2.4030263e+00 +4.3381612e+00 +4.3381612e+00 +4.4055354e+00 +4.4055354e+00 +5.3337087e+00 +5.3337087e+00 
-2.0162132e+01 -2.0162131e+01 -2.0137421e+01 -2.0137421e+01 -6.5283493e+00 -6.5283493e+00 -6.4415468e+00 -6.4415454e+00 -6.3993298e+00 -6.3993298e+00 -6.2329972e+00 -6.2329972e+00 -6.1623514e+00 -6.1623510e+00 -6.1583173e+00 -6.1583172e+00 +2.3506656e+00 +2.3506657e+00 +4.3114148e+00 +4.3114148e+00 +4.5315696e+00 +4.5315696e+00 +5.3702122e+00 +5.3702123e+00 
-2.0162898e+01 -2.0162898e+01 -2.0136677e+01 -2.0136677e+01 -6.5139143e+00 -6.5139143e+00 -6.4262086e+00 -6.4262072e+00 -6.4148228e+00 -6.4148228e+00 -6.2437124e+00 -6.2437124e+00 -6.1633914e+00 -6.1633910e+00 -6.1599753e+00 -6.1599751e+00 +2.3035098e+00 +2.3035099e+00 +4.2870647e+00 +4.2870648e+00 +4.6566833e+00 +4.6566833e+00 +5.3989571e+00 +5.3989572e+00 
-2.0163570e+01 -2.0163570e+01 -2.0136025e+01 -2.0136025e+01 -6.5001624e+00 -6.5001624e+00 -6.4283318e+00 -6.4283317e+00 -6.4128449e+00 -6.4128434e+00 -6.2542005e+00 -6.2542005e+00 -6.1641140e+00 -6.1641136e+00 -6.1614279e+00 -6.1614277e+00 +2.2622894e+00 +2.2622894e+00 +4.2655833e+00 +4.2655833e+00 +4.7784911e+00 +4.7784911e+00 +5.4201646e+00 +5.4201646e+00 
-2.0164136e+01 -2.0164136e+01 -2.0135475e+01 -2.0135475e+01 -6.4875276e+00 -6.4875276e+00 -6.4396587e+00 -6.4396587e+00 -6.4016724e+00 -6.4016708e+00 -6.2640838e+00 -6.2640838e+00 -6.1645600e+00 -6.1645597e+00 -6.1626511e+00 -6.1626509e+00 +2.2276454e+00 +2.2276454e+00 +4.2473927e+00 +4.2473927e+00 +4.8936070e+00 +4.8936070e+00 +5.4347774e+00 +5.4347775e+00 
-2.0164587e+01 -2.0164586e+01 -2.0135037e+01 -2.0135037e+01 -6.4765606e+00 -6.4765606e+00 -6.4486400e+00 -6.4486400e+00 -6.3928517e+00 -6.3928500e+00 -6.2728596e+00 -6.2728596e+00 -6.1647916e+00 -6.1647914e+00 -6.1636242e+00 -6.1636240e+00 +2.2001190e+00 +2.2001190e+00 +4.2328535e+00 +4.2328535e+00 +4.9970910e+00 +4.9970910e+00 +5.4441491e+00 +5.4441492e+00 
-2.0164914e+01 -2.0164914e+01 -2.0134719e+01 -2.0134719e+01 -6.4679285e+00 -6.4679285e+00 -6.4551474e+00 -6.4551474e+00 -6.3864905e+00 -6.3864888e+00 -6.2798988e+00 -6.2798988e+00 -6.1648826e+00 -6.1648824e+00 -6.1643311e+00 -6.1643309e+00 +2.1801417e+00 +2.1801417e+00 +4.2222553e+00 +4.2222553e+00 +5.0818651e+00 +5.0818651e+00 +5.4496722e+00 +5.4496722e+00 
-2.0165113e+01 -2.0165112e+01 -2.0134525e+01 -2.0134525e+01 -6.4623475e+00 -6.4623475e+00 -6.4590888e+00 -6.4590888e+00 -6.3826529e+00 -6.3826512e+00 -6.2845129e+00 -6.2845129e+00 -6.1649031e+00 -6.1649029e+00 -6.1647600e+00 -6.1647598e+00 +2.1680279e+00 +2.1680279e+00 +4.2158102e+00 +4.2158102e+00 +5.1388194e+00 +5.1388194e+00 +5.4524940e+00 +5.4524940e+00 
-2.0165180e+01 -2.0165179e+01 -2.0134461e+01 -2.0134461e+01 -6.4604089e+00 -6.4604089e+00 -6.4604087e+00 -6.4604087e+00 -6.3813706e+00 -6.3813689e+00 -6.2861274e+00 -6.2861274e+00 -6.1649038e+00 -6.1649038e+00 -6.1649036e+00 -6.1649036e+00 +2.1639686e+00 +2.1639687e+00 +4.2136472e+00 +4.2136472e+00 +5.1591011e+00 +5.1591011e+00 +5.4533504e+00 +6.3815811e+00 
-2.0149714e+01 -2.0149714e+01 -2.0149714e+01 -2.0149714e+01 -6.5190827e+00 -6.5190819e+00 -6.5190819e+00 -6.5190815e+00 -6.3162995e+00 -6.3162993e+00 -6.3162993e+00 -6.3162991e+00 -6.1319867e+00 -6.1319864e+00 -6.1319864e+00 -6.1319862e+00 +3.1974929e+00 +3.1974932e+00 +3.1974933e+00 +3.1974934e+00 +5.2969415e+00 +5.2969416e+00 +5.3892151e+00 +5.3892153e+00 
-2.0149713e+01 -2.0149712e+01 -2.0149712e+01 -2.0149712e+01 -6.5218383e+00 -6.5218375e+00 -6.5218375e+00 -6.5218371e+00 -6.3134297e+00 -6.3134294e+00 -6.3134294e+00 -6.3134292e+00 -6.1319780e+00 -6.1319778e+00 -6.1319778e+00 -6.1319775e+00 +3.1975193e+00 +3.1975195e+00 +3.1975197e+00 +3.1975197e+00 +5.2437095e+00 +5.2437096e+00 +5.2437097e+00 +5.2437098e+00 
-2.0149709e+01 -2.0149708e+01 -2.0149708e+01 -2.0149708e+01 -6.5295976e+00 -6.5295969e+00 -6.5295969e+00 -6.5295964e+00 -6.3053312e+00 -6.3053309e+00 -6.3053309e+00 -6.3053307e+00 -6.1319524e+00 -6.1319522e+00 -6.1319521e+00 -6.1319519e+00 +3.1975720e+00 +3.1975723e+00 +3.1975725e+00 +3.1975725e+00 +5.1662512e+00 +5.1662513e+00 +5.1662514e+00 +5.1662514e+00 
-2.0149702e+01 -2.0149701e+01 -2.0149701e+01 -2.0149701e+01 -6.5411568e+00 -6.5411561e+00 -6.5411561e+00 -6.5411557e+00 -6.2932194e+00 -6.2932191e+00 -6.2932191e+00 -6.2932189e+00 -6.1319106e+00 -6.1319104e+00 -6.1319104e+00 -6.1319101e+00 +3.1975753e+00 +3.1975756e+00 +3.1975758e+00 +3.1975758e+00 +5.0916023e+00 +5.0916023e+00 +5.0916024e+00 +5.0916024e+00 
-2.0149692e+01 -2.0149692e+01 -2.0149692e+01 -2.0149692e+01 -6.5551878e+00 -6.5551872e+00 -6.5551872e+00 -6.5551868e+00 -6.2784410e+00 -6.2784408e+00 -6.2784407e+00 -6.2784405e+00 -6.1318541e+00 -6.1318539e+00 -6.1318539e+00 -6.1318536e+00 +3.1974157e+00 +3.1974160e+00 +3.1974162e+00 +3.1974162e+00 +5.0227141e+00 +5.0227142e+00 +5.0227143e+00 +5.0227143e+00 
-2.0149681e+01 -2.0149680e+01 -2.0149680e+01 -2.0149680e+01 -6.5705729e+00 -6.5705722e+00 -6.5705722e+00 -6.5705719e+00 -6.2621391e+00 -6.2621388e+00 -6.2621388e+00 -6.2621386e+00 -6.1317849e+00 -6.1317846e+00 -6.1317846e+00 -6.1317844e+00 +3.1969600e+00 +3.1969603e+00 +3.1969604e+00 +3.1969604e+00 +4.9605037e+00 +4.9605040e+00 +4.9605041e+00 +4.9605041e+00 
-2.0149668e+01 -2.0149667e+01 -2.0149667e+01 -2.0149667e+01 -6.5864687e+00 -6.5864681e+00 -6.5864681e+00 -6.5864678e+00 -6.2451878e+00 -6.2451875e+00 -6.2451875e+00 -6.2451873e+00 -6.1317052e+00 -6.1317049e+00 -6.1317049e+00 -6.1317047e+00 +3.1960780e+00 +3.1960783e+00 +3.1960784e+00 +3.1960784e+00 +4.9053868e+00 +4.9053873e+00 +4.9053873e+00 +4.9053873e+00 
-2.0149653e+01 -2.0149653e+01 -2.0149653e+01 -2.0149653e+01 -6.6022577e+00 -6.6022571e+00 -6.6022571e+00 -6.6022568e+00 -6.2282405e+00 -6.2282402e+00 -6.2282402e+00 -6.2282400e+00 -6.1316177e+00 -6.1316175e+00 -6.1316175e+00 -6.1316173e+00 +3.1946672e+00 +3.1946676e+00 +3.1946676e+00 +3.1946676e+00 +4.8575114e+00 +4.8575120e+00 +4.8575120e+00 +4.8575120e+00 
-2.0149638e+01 -2.0149638e+01 -2.0149638e+01 -2.0149638e+01 -6.6174834e+00 -6.6174829e+00 -6.6174829e+00 -6.6174826e+00 -6.2117928e+00 -6.2117925e+00 -6.2117925e+00 -6.2117923e+00 -6.1315255e+00 -6.1315253e+00 -6.1315253e+00 -6.1315251e+00 +3.1926757e+00 +3.1926761e+00 +3.1926761e+00 +3.1926761e+00 +4.8168089e+00 +4.8168097e+00 +4.8168097e+00 +4.8168097e+00 
-2.0149623e+01 -2.0149622e+01 -2.0149622e+01 -2.0149622e+01 -6.6318009e+00 -6.6318005e+00 -6.6318005e+00 -6.6318002e+00 -6.1962312e+00 -6.1962309e+00 -6.1962309e+00 -6.1962307e+00 -6.1314318e+00 -6.1314316e+00 -6.1314316e+00 -6.1314314e+00 +3.1901179e+00 +3.1901182e+00 +3.1901182e+00 +3.1901183e+00 +4.7830110e+00 +4.7830119e+00 +4.7830119e+00 +4.7830119e+00 
-2.0149608e+01 -2.0149607e+01 -2.0149607e+01 -2.0149607e+01 -6.6449432e+00 -6.6449427e+00 -6.6449427e+00 -6.6449425e+00 -6.1818651e+00 -6.1818648e+00 -6.1818648e+00 -6.1818647e+00 -6.1313396e+00 -6.1313394e+00 -6.1313394e+00 -6.1313392e+00 +3.1870838e+00 +3.1870841e+00 +3.1870841e+00 +3.1870842e+00 +4.7556664e+00 +4.7556674e+00 +4.7556674e+00 +4.7556674e+00 
-2.0149593e+01 -2.0149593e+01 -2.0149593e+01 -2.0149593e+01 -6.6566996e+00 -6.6566992e+00 -6.6566992e+00 -6.6566990e+00 -6.1689468e+00 -6.1689466e+00 -6.1689466e+00 -6.1689465e+00 -6.1312521e+00 -6.1312520e+00 -6.1312519e+00 -6.1312518e+00 +3.1837336e+00 +3.1837339e+00 +3.1837339e+00 +3.1837340e+00 +4.7341717e+00 +4.7341728e+00 +4.7341728e+00 +4.7341729e+00 
-2.0149580e+01 -2.0149579e+01 -2.0149579e+01 -2.0149579e+01 -6.6669026e+00 -6.6669023e+00 -6.6669023e+00 -6.6669021e+00 -6.1576836e+00 -6.1576833e+00 -6.1576833e+00 -6.1576832e+00 -6.1311723e+00 -6.1311722e+00 -6.1311722e+00 -6.1311720e+00 +3.1802838e+00 +3.1802840e+00 +3.1802840e+00 +3.1802841e+00 +4.7178130e+00 +4.7178142e+00 +4.7178142e+00 +4.7178143e+00 
-2.0149569e+01 -2.0149568e+01 -2.0149568e+01 -2.0149568e+01 -6.6754195e+00 -6.6754191e+00 -6.6754191e+00 -6.6754190e+00 -6.1482444e+00 -6.1482442e+00 -6.1482442e+00 -6.1482442e+00 -6.1311030e+00 -6.1311029e+00 -6.1311029e+00 -6.1311027e+00 +3.1769839e+00 +3.1769841e+00 +3.1769841e+00 +3.1769842e+00 +4.7058232e+00 +4.7058244e+00 +4.7058244e+00 +4.7058245e+00 
-2.0149559e+01 -2.0149559e+01 -2.0149559e+01 -2.0149559e+01 -6.6821464e+00 -6.6821461e+00 -6.6821461e+00 -6.6821460e+00 -6.1407648e+00 -6.1407646e+00 -6.1407646e+00 -6.1407646e+00 -6.1310464e+00 -6.1310463e+00 -6.1310463e+00 -6.1310462e+00 +3.1740890e+00 +3.1740891e+00 +3.1740891e+00 +3.1740892e+00 +4.6974474e+00 +4.6974486e+00 +4.6974486e+00 +4.6974487e+00 
-2.0149552e+01 -2.0149552e+01 -2.0149552e+01 -2.0149552e+01 -6.6870053e+00 -6.6870050e+00 -6.6870050e+00 -6.6870050e+00 -6.1353484e+00 -6.1353483e+00 -6.1353483e+00 -6.1353483e+00 -6.1310046e+00 -6.1310045e+00 -6.1310045e+00 -6.1310044e+00 +3.1718318e+00 +3.1718319e+00 +3.1718319e+00 +3.1718319e+00 +4.6920098e+00 +4.6920111e+00 +4.6920112e+00 +4.6920112e+00 
-2.0149548e+01 -2.0149547e+01 -2.0149547e+01 -2.0149547e+01 -6.6899419e+00 -6.6899417e+00 -6.6899417e+00 -6.6899416e+00 -6.1320689e+00 -6.1320688e+00 -6.1320688e+00 -6.1320688e+00 -6.1309789e+00 -6.1309788e+00 -6.1309788e+00 -6.1309787e+00 +3.1703977e+00 +3.1703977e+00 +3.1703977e+00 +3.1703978e+00 +4.6889764e+00 +4.6889777e+00 +4.6889777e+00 +4.6889777e+00 
-2.0149546e+01 -2.0149546e+01 -2.0149546e+01 -2.0149546e+01 -6.6909240e+00 -6.6909237e+00 -6.6909237e+00 -6.6909237e+00 -6.1309702e+00 -6.1309702e+00 -6.1309701e+00 -6.1309701e+00 -6.1309701e+00 -6.1309700e+00 -6.1309700e+00 -6.1309700e+00 +3.1699061e+00 +3.1699061e+00 +3.1699061e+00 +3.1699061e+00 +4.6880045e+00 +4.6880059e+00 +4.6880059e+00 +4.6880059e+00 
