# num high symmetry points
8
# label high symmetry points
G X M G R X M R 
# indices high symmetry points
1 20 39 66 99 126 127 146 
# nk, nb, ns
146 17 1
# k-points (frac coords)
+0.0000000e+00 +0.0000000e+00 +0.0000000e+00 
+0.0000000e+00 +2.6315789e-02 +0.0000000e+00 
+0.0000000e+00 +5.2631579e-02 +0.0000000e+00 
+0.0000000e+00 +7.8947368e-02 +0.0000000e+00 
+0.0000000e+00 +1.0526316e-01 +0.0000000e+00 
+0.0000000e+00 +1.3157895e-01 +0.0000000e+00 
+0.0000000e+00 +1.5789474e-01 +0.0000000e+00 
+0.0000000e+00 +1.8421053e-01 +0.0000000e+00 
+0.0000000e+00 +2.1052632e-01 +0.0000000e+00 
+0.0000000e+00 +2.3684211e-01 +0.0000000e+00 
+0.0000000e+00 +2.6315789e-01 +0.0000000e+00 
+0.0000000e+00 +2.8947368e-01 +0.0000000e+00 
+0.0000000e+00 +3.1578947e-01 +0.0000000e+00 
+0.0000000e+00 +3.4210526e-01 +0.0000000e+00 
+0.0000000e+00 +3.6842105e-01 +0.0000000e+00 
+0.0000000e+00 +3.9473684e-01 +0.0000000e+00 
+0.0000000e+00 +4.2105263e-01 +0.0000000e+00 
+0.0000000e+00 +4.4736842e-01 +0.0000000e+00 
+0.0000000e+00 +4.7368421e-01 +0.0000000e+00 
+0.0000000e+00 +5.0000000e-01 +0.0000000e+00 
+2.6315789e-02 +5.0000000e-01 +0.0000000e+00 
+5.2631579e-02 +5.0000000e-01 +0.0000000e+00 
+7.8947368e-02 +5.0000000e-01 +0.0000000e+00 
+1.0526316e-01 +5.0000000e-01 +0.0000000e+00 
+1.3157895e-01 +5.0000000e-01 +0.0000000e+00 
+1.5789474e-01 +5.0000000e-01 +0.0000000e+00 
+1.8421053e-01 +5.0000000e-01 +0.0000000e+00 
+2.1052632e-01 +5.0000000e-01 +0.0000000e+00 
+2.3684211e-01 +5.0000000e-01 +0.0000000e+00 
+2.6315789e-01 +5.0000000e-01 +0.0000000e+00 
+2.8947368e-01 +5.0000000e-01 +0.0000000e+00 
+3.1578947e-01 +5.0000000e-01 +0.0000000e+00 
+3.4210526e-01 +5.0000000e-01 +0.0000000e+00 
+3.6842105e-01 +5.0000000e-01 +0.0000000e+00 
+3.9473684e-01 +5.0000000e-01 +0.0000000e+00 
+4.2105263e-01 +5.0000000e-01 +0.0000000e+00 
+4.4736842e-01 +5.0000000e-01 +0.0000000e+00 
+4.7368421e-01 +5.0000000e-01 +0.0000000e+00 
+5.0000000e-01 +5.0000000e-01 +0.0000000e+00 
+4.8148148e-01 +4.8148148e-01 +0.0000000e+00 
+4.6296296e-01 +4.6296296e-01 +0.0000000e+00 
+4.4444444e-01 +4.4444444e-01 +0.0000000e+00 
+4.2592593e-01 +4.2592593e-01 +0.0000000e+00 
+4.0740741e-01 +4.0740741e-01 +0.0000000e+00 
+3.8888889e-01 +3.8888889e-01 +0.0000000e+00 
+3.7037037e-01 +3.7037037e-01 +0.0000000e+00 
+3.5185185e-01 +3.5185185e-01 +0.0000000e+00 
+3.3333333e-01 +3.3333333e-01 +0.0000000e+00 
+3.1481481e-01 +3.1481481e-01 +0.0000000e+00 
+2.9629630e-01 +2.9629630e-01 +0.0000000e+00 
+2.7777778e-01 +2.7777778e-01 +0.0000000e+00 
+2.5925926e-01 +2.5925926e-01 +0.0000000e+00 
+2.4074074e-01 +2.4074074e-01 +0.0000000e+00 
+2.2222222e-01 +2.2222222e-01 +0.0000000e+00 
+2.0370370e-01 +2.0370370e-01 +0.0000000e+00 
+1.8518519e-01 +1.8518519e-01 +0.0000000e+00 
+1.6666667e-01 +1.6666667e-01 +0.0000000e+00 
+1.4814815e-01 +1.4814815e-01 +0.0000000e+00 
+1.2962963e-01 +1.2962963e-01 +0.0000000e+00 
+1.1111111e-01 +1.1111111e-01 +0.0000000e+00 
+9.2592593e-02 +9.2592593e-02 +0.0000000e+00 
+7.4074074e-02 +7.4074074e-02 +0.0000000e+00 
+5.5555556e-02 +5.5555556e-02 +0.0000000e+00 
+3.7037037e-02 +3.7037037e-02 +0.0000000e+00 
+1.8518519e-02 +1.8518519e-02 +0.0000000e+00 
+0.0000000e+00 +0.0000000e+00 +0.0000000e+00 
+1.5151515e-02 +1.5151515e-02 +1.5151515e-02 
+3.0303030e-02 +3.0303030e-02 +3.0303030e-02 
+4.5454545e-02 +4.5454545e-02 +4.5454545e-02 
+6.0606061e-02 +6.0606061e-02 +6.0606061e-02 
+7.5757576e-02 +7.5757576e-02 +7.5757576e-02 
+9.0909091e-02 +9.0909091e-02 +9.0909091e-02 
+1.0606061e-01 +1.0606061e-01 +1.0606061e-01 
+1.2121212e-01 +1.2121212e-01 +1.2121212e-01 
+1.3636364e-01 +1.3636364e-01 +1.3636364e-01 
+1.5151515e-01 +1.5151515e-01 +1.5151515e-01 
+1.6666667e-01 +1.6666667e-01 +1.6666667e-01 
+1.8181818e-01 +1.8181818e-01 +1.8181818e-01 
+1.9696970e-01 +1.9696970e-01 +1.9696970e-01 
+2.1212121e-01 +2.1212121e-01 +2.1212121e-01 
+2.2727273e-01 +2.2727273e-01 +2.2727273e-01 
+2.4242424e-01 +2.4242424e-01 +2.4242424e-01 
+2.5757576e-01 +2.5757576e-01 +2.5757576e-01 
+2.7272727e-01 +2.7272727e-01 +2.7272727e-01 
+2.8787879e-01 +2.8787879e-01 +2.8787879e-01 
+3.0303030e-01 +3.0303030e-01 +3.0303030e-01 
+3.1818182e-01 +3.1818182e-01 +3.1818182e-01 
+3.3333333e-01 +3.3333333e-01 +3.3333333e-01 
+3.4848485e-01 +3.4848485e-01 +3.4848485e-01 
+3.6363636e-01 +3.6363636e-01 +3.6363636e-01 
+3.7878788e-01 +3.7878788e-01 +3.7878788e-01 
+3.9393939e-01 +3.9393939e-01 +3.9393939e-01 
+4.0909091e-01 +4.0909091e-01 +4.0909091e-01 
+4.2424242e-01 +4.2424242e-01 +4.2424242e-01 
+4.3939394e-01 +4.3939394e-01 +4.3939394e-01 
+4.5454545e-01 +4.5454545e-01 +4.5454545e-01 
+4.6969697e-01 +4.6969697e-01 +4.6969697e-01 
+4.8484848e-01 +4.8484848e-01 +4.8484848e-01 
+5.0000000e-01 +5.0000000e-01 +5.0000000e-01 
+4.8148148e-01 +5.0000000e-01 +4.8148148e-01 
+4.6296296e-01 +5.0000000e-01 +4.6296296e-01 
+4.4444444e-01 +5.0000000e-01 +4.4444444e-01 
+4.2592593e-01 +5.0000000e-01 +4.2592593e-01 
+4.0740741e-01 +5.0000000e-01 +4.0740741e-01 
+3.8888889e-01 +5.0000000e-01 +3.8888889e-01 
+3.7037037e-01 +5.0000000e-01 +3.7037037e-01 
+3.5185185e-01 +5.0000000e-01 +3.5185185e-01 
+3.3333333e-01 +5.0000000e-01 +3.3333333e-01 
+3.1481481e-01 +5.0000000e-01 +3.1481481e-01 
+2.9629630e-01 +5.0000000e-01 +2.9629630e-01 
+2.7777778e-01 +5.0000000e-01 +2.7777778e-01 
+2.5925926e-01 +5.0000000e-01 +2.5925926e-01 
+2.4074074e-01 +5.0000000e-01 +2.4074074e-01 
+2.2222222e-01 +5.0000000e-01 +2.2222222e-01 
+2.0370370e-01 +5.0000000e-01 +2.0370370e-01 
+1.8518519e-01 +5.0000000e-01 +1.8518519e-01 
+1.6666667e-01 +5.0000000e-01 +1.6666667e-01 
+1.4814815e-01 +5.0000000e-01 +1.4814815e-01 
+1.2962963e-01 +5.0000000e-01 +1.2962963e-01 
+1.1111111e-01 +5.0000000e-01 +1.1111111e-01 
+9.2592593e-02 +5.0000000e-01 +9.2592593e-02 
+7.4074074e-02 +5.0000000e-01 +7.4074074e-02 
+5.5555556e-02 +5.0000000e-01 +5.5555556e-02 
+3.7037037e-02 +5.0000000e-01 +3.7037037e-02 
+1.8518519e-02 +5.0000000e-01 +1.8518519e-02 
+0.0000000e+00 +5.0000000e-01 +0.0000000e+00 
+5.0000000e-01 +5.0000000e-01 +0.0000000e+00 
+5.0000000e-01 +5.0000000e-01 +2.6315789e-02 
+5.0000000e-01 +5.0000000e-01 +5.2631579e-02 
+5.0000000e-01 +5.0000000e-01 +7.8947368e-02 
+5.0000000e-01 +5.0000000e-01 +1.0526316e-01 
+5.0000000e-01 +5.0000000e-01 +1.3157895e-01 
+5.0000000e-01 +5.0000000e-01 +1.5789474e-01 
+5.0000000e-01 +5.0000000e-01 +1.8421053e-01 
+5.0000000e-01 +5.0000000e-01 +2.1052632e-01 
+5.0000000e-01 +5.0000000e-01 +2.3684211e-01 
+5.0000000e-01 +5.0000000e-01 +2.6315789e-01 
+5.0000000e-01 +5.0000000e-01 +2.8947368e-01 
+5.0000000e-01 +5.0000000e-01 +3.1578947e-01 
+5.0000000e-01 +5.0000000e-01 +3.4210526e-01 
+5.0000000e-01 +5.0000000e-01 +3.6842105e-01 
+5.0000000e-01 +5.0000000e-01 +3.9473684e-01 
+5.0000000e-01 +5.0000000e-01 +4.2105263e-01 
+5.0000000e-01 +5.0000000e-01 +4.4736842e-01 
+5.0000000e-01 +5.0000000e-01 +4.7368421e-01 
+5.0000000e-01 +5.0000000e-01 +5.0000000e-01 
# energies (kpt,band,spin)
# spin = 1
-2.8912135e+01 -2.8904585e+01 -1.3016248e+01 -1.3016245e+01 -1.3016245e+01 -1.2946124e+01 -1.2946121e+01 -1.2946121e+01 -2.0171111e+00 +1.2528723e+00 +1.2528723e+00 +3.1999943e+00 +3.1999950e+00 +3.1999950e+00 +3.5495630e+00 +3.5495631e+00 +3.5495631e+00 
-2.8912119e+01 -2.8904594e+01 -1.3016214e+01 -1.3016120e+01 -1.3016119e+01 -1.2946333e+01 -1.2946236e+01 -1.2946234e+01 -2.0129764e+00 +1.2480693e+00 +1.2558547e+00 +3.1840925e+00 +3.1974976e+00 +3.1974980e+00 +3.5449422e+00 +3.5449423e+00 +3.5521172e+00 
-2.8912074e+01 -2.8904626e+01 -1.3016149e+01 -1.3015741e+01 -1.3015740e+01 -1.2946997e+01 -1.2946573e+01 -1.2946572e+01 -2.0005829e+00 +1.2331818e+00 +1.2648004e+00 +3.1418449e+00 +3.1901395e+00 +3.1901400e+00 +3.5313315e+00 +3.5313316e+00 +3.5597761e+00 
-2.8912001e+01 -2.8904681e+01 -1.3016047e+01 -1.3015113e+01 -1.3015112e+01 -1.2948102e+01 -1.2947133e+01 -1.2947132e+01 -1.9799652e+00 +1.2068900e+00 +1.2797048e+00 +3.0858665e+00 +3.1783028e+00 +3.1783032e+00 +3.5094484e+00 +3.5094485e+00 +3.5725285e+00 
-2.8911900e+01 -2.8904759e+01 -1.3015898e+01 -1.3014241e+01 -1.3014239e+01 -1.2949630e+01 -1.2947913e+01 -1.2947912e+01 -1.9511803e+00 +1.1673533e+00 +1.3005607e+00 +3.0294964e+00 +3.1625803e+00 +3.1625807e+00 +3.4803789e+00 +3.4803790e+00 +3.5903557e+00 
-2.8911773e+01 -2.8904858e+01 -1.3015687e+01 -1.3013131e+01 -1.3013129e+01 -1.2951555e+01 -1.2948908e+01 -1.2948907e+01 -1.9143075e+00 +1.1127455e+00 +1.3273575e+00 +2.9834010e+00 +3.1437185e+00 +3.1437189e+00 +3.4454438e+00 +3.4454438e+00 +3.6132311e+00 
-2.8911619e+01 -2.8904979e+01 -1.3015401e+01 -1.3011792e+01 -1.3011791e+01 -1.2953843e+01 -1.2950113e+01 -1.2950112e+01 -1.8694481e+00 +1.0418852e+00 +1.3600813e+00 +2.9548530e+00 +3.1225561e+00 +3.1225564e+00 +3.4060674e+00 +3.4060675e+00 +3.6411199e+00 
-2.8911442e+01 -2.8905120e+01 -1.3015019e+01 -1.3010235e+01 -1.3010234e+01 -1.2956458e+01 -1.2951522e+01 -1.2951520e+01 -1.8167251e+00 +9.5471772e-01 +1.3987147e+00 +2.9479802e+00 +3.0999657e+00 +3.0999660e+00 +3.3636675e+00 +3.3636676e+00 +3.6739787e+00 
-2.8911241e+01 -2.8905282e+01 -1.3014523e+01 -1.3008472e+01 -1.3008471e+01 -1.2959357e+01 -1.2953124e+01 -1.2953123e+01 -1.7562820e+00 +8.5242214e-01 +1.4432366e+00 +2.9643412e+00 +3.0768112e+00 +3.0768115e+00 +3.3195780e+00 +3.3195780e+00 +3.7117544e+00 
-2.8911019e+01 -2.8905464e+01 -1.3013891e+01 -1.3006516e+01 -1.3006515e+01 -1.2962493e+01 -1.2954913e+01 -1.2954912e+01 -1.6882828e+00 +7.3712573e-01 +1.4936216e+00 +3.0036749e+00 +3.0539121e+00 +3.0539124e+00 +3.2750032e+00 +3.2750033e+00 +3.7543842e+00 
-2.8910778e+01 -2.8905664e+01 -1.3013102e+01 -1.3004383e+01 -1.3004381e+01 -1.2965819e+01 -1.2956877e+01 -1.2956875e+01 -1.6129116e+00 +6.1143083e-01 +1.5498396e+00 +3.0320237e+00 +3.0320240e+00 +3.0646706e+00 +3.2309976e+00 +3.2309977e+00 +3.8017941e+00 
-2.8910519e+01 -2.8905881e+01 -1.3012135e+01 -1.3002088e+01 -1.3002087e+01 -1.2969285e+01 -1.2959005e+01 -1.2959003e+01 -1.5303726e+00 +4.7798688e-01 +1.6118555e+00 +3.0118252e+00 +3.0118255e+00 +3.1455756e+00 +3.1884628e+00 +3.1884629e+00 +3.8538978e+00 
-2.8910244e+01 -2.8906114e+01 -1.3010973e+01 -1.2999650e+01 -1.2999648e+01 -1.2972839e+01 -1.2961283e+01 -1.2961281e+01 -1.4408902e+00 +3.3922192e-01 +1.6796280e+00 +2.9939161e+00 +2.9939164e+00 +3.1481550e+00 +3.1481551e+00 +3.2445748e+00 +3.9105957e+00 
-2.8909956e+01 -2.8906363e+01 -1.3009597e+01 -1.2997086e+01 -1.2997084e+01 -1.2976433e+01 -1.2963698e+01 -1.2963696e+01 -1.3447096e+00 +1.9722872e-01 +1.7531095e+00 +2.9788161e+00 +2.9788164e+00 +3.1106967e+00 +3.1106968e+00 +3.3599702e+00 +3.9717729e+00 
-2.8909658e+01 -2.8906624e+01 -1.3007995e+01 -1.2994415e+01 -1.2994413e+01 -1.2980020e+01 -1.2966235e+01 -1.2966233e+01 -1.2420985e+00 +5.3751573e-02 +1.8322445e+00 +2.9669682e+00 +2.9669684e+00 +3.0765904e+00 +3.0765906e+00 +3.4902257e+00 +4.0372973e+00 
-2.8909350e+01 -2.8906898e+01 -1.3006156e+01 -1.2991657e+01 -1.2991655e+01 -1.2983553e+01 -1.2968878e+01 -1.2968876e+01 -1.1333487e+00 -8.9777314e-02 +1.9169682e+00 +2.9587424e+00 +2.9587426e+00 +3.0462327e+00 +3.0462328e+00 +3.6339372e+00 +4.1070177e+00 
-2.8909035e+01 -2.8907182e+01 -1.3004075e+01 -1.2988832e+01 -1.2988830e+01 -1.2986992e+01 -1.2971610e+01 -1.2971608e+01 -1.0187802e+00 -2.3218597e-01 +2.0072056e+00 +2.9544400e+00 +2.9544402e+00 +3.0199268e+00 +3.0199269e+00 +3.7897521e+00 +4.1807609e+00 
-2.8908717e+01 -2.8907474e+01 -1.3001751e+01 -1.2990299e+01 -1.2985960e+01 -1.2985959e+01 -1.2974413e+01 -1.2974412e+01 -8.9874501e-01 -3.7251017e-01 +2.1028689e+00 +2.9542972e+00 +2.9542974e+00 +2.9978909e+00 +2.9978910e+00 +3.9562452e+00 +4.2583281e+00 
-2.8908396e+01 -2.8907772e+01 -1.2999188e+01 -1.2993442e+01 -1.2983063e+01 -1.2983061e+01 -1.2977269e+01 -1.2977268e+01 -7.7363465e-01 -5.0994881e-01 +2.2038555e+00 +2.9584876e+00 +2.9584878e+00 +2.9802690e+00 +2.9802692e+00 +4.1317119e+00 +4.3394919e+00 
-2.8908075e+01 -2.8908075e+01 -1.2996397e+01 -1.2996394e+01 -1.2980159e+01 -1.2980159e+01 -1.2980157e+01 -1.2980157e+01 -6.4388809e-01 -6.4382743e-01 +2.3100445e+00 +2.9671240e+00 +2.9671242e+00 +2.9671354e+00 +2.9671356e+00 +4.3137923e+00 +4.4239914e+00 
-2.8908072e+01 -2.8908072e+01 -1.2997334e+01 -1.2997332e+01 -1.2980149e+01 -1.2980149e+01 -1.2979289e+01 -1.2979288e+01 -6.4057331e-01 -6.4051250e-01 +2.2951876e+00 +2.2951879e+00 +2.9624225e+00 +2.9624336e+00 +2.9778013e+00 +2.9778127e+00 +4.3202725e+00 
-2.8908065e+01 -2.8908065e+01 -1.2999709e+01 -1.2999708e+01 -1.2980123e+01 -1.2980123e+01 -1.2977151e+01 -1.2977150e+01 -6.3064894e-01 -6.3058826e-01 +2.2533052e+00 +2.2533065e+00 +2.9486888e+00 +2.9486998e+00 +3.0074325e+00 +3.0074439e+00 +4.3393518e+00 
-2.8908056e+01 -2.8908056e+01 -1.3002848e+01 -1.3002847e+01 -1.2980080e+01 -1.2980080e+01 -1.2974412e+01 -1.2974410e+01 -6.1417852e-01 -6.1411810e-01 +2.1903980e+00 +2.1904005e+00 +2.9269509e+00 +2.9269612e+00 +3.0508572e+00 +3.0508688e+00 +4.3699866e+00 
-2.8908044e+01 -2.8908044e+01 -1.3006350e+01 -1.3006350e+01 -1.2980022e+01 -1.2980021e+01 -1.2971460e+01 -1.2971458e+01 -5.9126817e-01 -5.9120810e-01 +2.1124755e+00 +2.1124797e+00 +2.8986715e+00 +2.8986813e+00 +3.1033362e+00 +3.1033483e+00 +4.4105676e+00 
-2.8908030e+01 -2.8908030e+01 -1.3010012e+01 -1.3010011e+01 -1.2979949e+01 -1.2979949e+01 -1.2968484e+01 -1.2968481e+01 -5.6206779e-01 -5.6200820e-01 +2.0241521e+00 +2.0241581e+00 +2.8655003e+00 +2.8655093e+00 +3.1617998e+00 +3.1618124e+00 +4.4590851e+00 
-2.8908014e+01 -2.8908014e+01 -1.3013716e+01 -1.3013716e+01 -1.2979865e+01 -1.2979864e+01 -1.2965580e+01 -1.2965578e+01 -5.2677284e-01 -5.2671382e-01 +1.9286916e+00 +1.9286996e+00 +2.8290685e+00 +2.8290767e+00 +3.2246378e+00 +3.2246510e+00 +4.5133004e+00 
-2.8907996e+01 -2.8907996e+01 -1.3017387e+01 -1.3017387e+01 -1.2979771e+01 -1.2979770e+01 -1.2962802e+01 -1.2962800e+01 -4.8562735e-01 -4.8556905e-01 +1.8284111e+00 +1.8284214e+00 +2.7908654e+00 +2.7908729e+00 +3.2911530e+00 +3.2911666e+00 +4.5709074e+00 
-2.8907976e+01 -2.8907976e+01 -1.3020966e+01 -1.3020966e+01 -1.2979669e+01 -1.2979669e+01 -1.2960185e+01 -1.2960183e+01 -4.3892938e-01 -4.3887197e-01 +1.7250237e+00 +1.7250361e+00 +2.7521855e+00 +2.7521923e+00 +3.3611147e+00 +3.3611285e+00 +4.6296658e+00 
-2.8907956e+01 -2.8907956e+01 -1.3024403e+01 -1.3024403e+01 -1.2979564e+01 -1.2979563e+01 -1.2957750e+01 -1.2957748e+01 -3.8704011e-01 -3.8698377e-01 +1.6198678e+00 +1.6198825e+00 +2.7141194e+00 +2.7141254e+00 +3.4344595e+00 +3.4344735e+00 +4.6875156e+00 
-2.8907935e+01 -2.8907935e+01 -1.3027654e+01 -1.3027654e+01 -1.2979456e+01 -1.2979456e+01 -1.2955515e+01 -1.2955513e+01 -3.3039934e-01 -3.3034430e-01 +1.5140622e+00 +1.5140792e+00 +2.6775699e+00 +2.6775752e+00 +3.5110968e+00 +3.5111107e+00 +4.7426843e+00 
-2.8907914e+01 -2.8907914e+01 -1.3030678e+01 -1.3030678e+01 -1.2979351e+01 -1.2979351e+01 -1.2953491e+01 -1.2953489e+01 -2.6955213e-01 -2.6949865e-01 +1.4086205e+00 +1.4086397e+00 +2.6432763e+00 +2.6432810e+00 +3.5907669e+00 +3.5907804e+00 +4.7938063e+00 
-2.8907893e+01 -2.8907893e+01 -1.3033439e+01 -1.3033439e+01 -1.2979249e+01 -1.2979249e+01 -1.2951688e+01 -1.2951685e+01 -2.0519510e-01 -2.0514354e-01 +1.3045569e+00 +1.3045781e+00 +2.6118405e+00 +2.6118446e+00 +3.6729092e+00 +3.6729220e+00 +4.8400457e+00 
-2.8907873e+01 -2.8907873e+01 -1.3035903e+01 -1.3035902e+01 -1.2979155e+01 -1.2979155e+01 -1.2950111e+01 -1.2950109e+01 -1.3825856e-01 -1.3820939e-01 +1.2030100e+00 +1.2030327e+00 +2.5837480e+00 +2.5837514e+00 +3.7565035e+00 +3.7565151e+00 +4.8812263e+00 
-2.8907855e+01 -2.8907855e+01 -1.3038040e+01 -1.3038039e+01 -1.2979071e+01 -1.2979071e+01 -1.2948768e+01 -1.2948766e+01 -7.0054735e-02 -7.0008662e-02 +1.1054220e+00 +1.1054458e+00 +2.5593894e+00 +2.5593922e+00 +3.8398458e+00 +3.8398559e+00 +4.9179516e+00 
-2.8907837e+01 -2.8907837e+01 -1.3039823e+01 -1.3039822e+01 -1.2978998e+01 -1.2978998e+01 -1.2947661e+01 -1.2947659e+01 -2.5479892e-03 -2.5060715e-03 +1.0138326e+00 +1.0138564e+00 +2.5390730e+00 +2.5390752e+00 +3.9202336e+00 +3.9202419e+00 +4.9517160e+00 
-2.8907822e+01 -2.8907822e+01 -1.3041230e+01 -1.3041229e+01 -1.2978939e+01 -1.2978939e+01 -1.2946795e+01 -1.2946793e+01 +6.1166350e-02 +6.1202426e-02 +9.3137595e-01 +9.3139826e-01 +2.5230381e+00 +2.5230398e+00 +3.9935717e+00 +3.9935783e+00 +4.9850061e+00 
-2.8907809e+01 -2.8907809e+01 -1.3042245e+01 -1.3042244e+01 -1.2978896e+01 -1.2978896e+01 -1.2946170e+01 -1.2946169e+01 +1.1612810e-01 +1.1615569e-01 +8.6302914e-01 +8.6304730e-01 +2.5114626e+00 +2.5114637e+00 +4.0540966e+00 +4.0541010e+00 +5.0212171e+00 
-2.8907797e+01 -2.8907797e+01 -1.3042854e+01 -1.3042852e+01 -1.2978870e+01 -1.2978870e+01 -1.2945790e+01 -1.2945788e+01 +1.5494482e-01 +1.5496028e-01 +8.1618948e-01 +8.1619982e-01 +2.5044695e+00 +2.5044701e+00 +4.0947829e+00 +4.0947850e+00 +5.0630432e+00 
-2.8907788e+01 -2.8907788e+01 -1.3043049e+01 -1.3043047e+01 -1.2978861e+01 -1.2978861e+01 -1.2945654e+01 -1.2945652e+01 +1.6924934e-01 +1.6924956e-01 +7.9922249e-01 +7.9922297e-01 +2.5021310e+00 +2.5021310e+00 +4.1092403e+00 +4.1092404e+00 +5.0943630e+00 
-2.8907813e+01 -2.8907788e+01 -1.3042974e+01 -1.3042747e+01 -1.2978988e+01 -1.2978751e+01 -1.2945915e+01 -1.2945671e+01 +1.3737362e-01 +1.7364480e-01 +8.0011501e-01 +8.3110971e-01 +2.5043256e+00 +2.5045702e+00 +4.0762498e+00 +4.1142799e+00 +5.0879722e+00 
-2.8907866e+01 -2.8907764e+01 -1.3042718e+01 -1.3041808e+01 -1.2979369e+01 -1.2978423e+01 -1.2946658e+01 -1.2945690e+01 +5.6086570e-02 +1.8680369e-01 +8.0279965e-01 +9.1250902e-01 +2.5108886e+00 +2.5118792e+00 +3.9887975e+00 +4.1290492e+00 +5.0688878e+00 
-2.8907945e+01 -2.8907718e+01 -1.3042284e+01 -1.3040244e+01 -1.2979998e+01 -1.2977881e+01 -1.2947871e+01 -1.2945708e+01 -5.1857580e-02 +2.0865061e-01 +8.0728427e-01 +1.0208491e+00 +2.5217525e+00 +2.5240325e+00 +3.8685006e+00 +4.1525036e+00 +5.0373494e+00 
-2.8908051e+01 -2.8907649e+01 -1.3041677e+01 -1.3038075e+01 -1.2980865e+01 -1.2977132e+01 -1.2949537e+01 -1.2945727e+01 -1.7240288e-01 +2.3905571e-01 +8.1358036e-01 +1.1423749e+00 +2.5368036e+00 +2.5409857e+00 +3.7320566e+00 +4.1828821e+00 +4.9937535e+00 
-2.8908182e+01 -2.8907560e+01 -1.3040906e+01 -1.3035329e+01 -1.2981960e+01 -1.2976186e+01 -1.2951634e+01 -1.2945745e+01 -2.9849907e-01 +2.7782862e-01 +8.2170200e-01 +1.2704483e+00 +2.5558838e+00 +2.5626759e+00 +3.5893806e+00 +4.2177198e+00 +4.9386816e+00 
-2.8908335e+01 -2.8907452e+01 -1.3039982e+01 -1.3032040e+01 -1.2983267e+01 -1.2975056e+01 -1.2954130e+01 -1.2945764e+01 -4.2645780e-01 +3.2470887e-01 +8.3166390e-01 +1.4018909e+00 +2.5787885e+00 +2.5890187e+00 +3.4461391e+00 +4.2539396e+00 +4.8729026e+00 
-2.8908510e+01 -2.8907326e+01 -1.3038916e+01 -1.3028250e+01 -1.2984768e+01 -1.2973757e+01 -1.2956992e+01 -1.2945782e+01 -5.5412416e-01 +3.7935137e-01 +8.4347889e-01 +1.5351369e+00 +2.6052671e+00 +2.6199067e+00 +3.3057494e+00 +4.2881004e+00 +4.7973682e+00 
-2.8908704e+01 -2.8907183e+01 -1.3037724e+01 -1.3024007e+01 -1.2986442e+01 -1.2972305e+01 -1.2960178e+01 -1.2945801e+01 -6.8008691e-01 +4.4130567e-01 +8.5715493e-01 +1.6694170e+00 +2.6350229e+00 +2.6552062e+00 +3.1704760e+00 +4.3168497e+00 +4.7131933e+00 
-2.8908915e+01 -2.8907027e+01 -1.3036422e+01 -1.3019367e+01 -1.2988266e+01 -1.2970721e+01 -1.2963644e+01 -1.2945819e+01 -8.0332789e-01 +5.0998613e-01 +8.7269093e-01 +1.8043752e+00 +2.6677134e+00 +2.6947529e+00 +3.0420087e+00 +4.3375167e+00 +4.6216237e+00 
-2.8909139e+01 -2.8906859e+01 -1.3035027e+01 -1.3014388e+01 -1.2990216e+01 -1.2969026e+01 -1.2967342e+01 -1.2945838e+01 -9.2305620e-01 +5.8462965e-01 +8.9007272e-01 +1.9398646e+00 +2.7029518e+00 +2.7383477e+00 +2.9217876e+00 +4.3486374e+00 +4.5239955e+00 
-2.8909375e+01 -2.8906682e+01 -1.3033558e+01 -1.3009137e+01 -1.2992264e+01 -1.2971220e+01 -1.2967241e+01 -1.2945856e+01 -1.0386241e+00 +6.6423655e-01 +9.0926763e-01 +2.0758202e+00 +2.7403075e+00 +2.7857500e+00 +2.8112134e+00 +4.3501649e+00 +4.4216935e+00 
-2.8909618e+01 -2.8906498e+01 -1.3032036e+01 -1.3003682e+01 -1.2994383e+01 -1.2975226e+01 -1.2965392e+01 -1.2945875e+01 -1.1494811e+00 +7.4749043e-01 +9.3021846e-01 +2.2121657e+00 +2.7118093e+00 +2.7793099e+00 +2.8366706e+00 +4.3161143e+00 +4.3432852e+00 
-2.8909865e+01 -2.8906309e+01 -1.3030480e+01 -1.2998095e+01 -1.2996544e+01 -1.2979304e+01 -1.2963503e+01 -1.2945893e+01 -1.2551484e+00 +8.3265624e-01 +9.5283664e-01 +2.3487344e+00 +2.6253696e+00 +2.8194515e+00 +2.8907629e+00 +4.2086363e+00 +4.3299958e+00 
-2.8910114e+01 -2.8906119e+01 -1.3028913e+01 -1.2998718e+01 -1.2992453e+01 -1.2983399e+01 -1.2961600e+01 -1.2945911e+01 -1.3552021e+00 +9.1746883e-01 +9.7699417e-01 +2.4851908e+00 +2.5540916e+00 +2.8601937e+00 +2.9476114e+00 +4.1006044e+00 +4.3126817e+00 
-2.8910361e+01 -2.8905930e+01 -1.3027356e+01 -1.3000875e+01 -1.2987456e+01 -1.2986830e+01 -1.2959707e+01 -1.2945930e+01 -1.4492640e+00 +9.9905674e-01 +1.0025148e+00 +2.5006585e+00 +2.6209454e+00 +2.9009738e+00 +3.0067189e+00 +3.9933180e+00 +4.2938360e+00 
-2.8910603e+01 -2.8905744e+01 -1.3025830e+01 -1.3002986e+01 -1.2991421e+01 -1.2981304e+01 -1.2957852e+01 -1.2945948e+01 -1.5369942e+00 +1.0291640e+00 +1.0740065e+00 +2.4681690e+00 +2.7550540e+00 +2.9412134e+00 +3.0674921e+00 +3.8880339e+00 +4.2759468e+00 
-2.8910836e+01 -2.8905565e+01 -1.3024355e+01 -1.3005023e+01 -1.2995242e+01 -1.2975951e+01 -1.2956059e+01 -1.2945966e+01 -1.6180871e+00 +1.0566384e+00 +1.1387333e+00 +2.4597437e+00 +2.8860994e+00 +2.9803289e+00 +3.1292243e+00 +3.7859726e+00 +4.2615057e+00 
-2.8911058e+01 -2.8905395e+01 -1.3022953e+01 -1.3006958e+01 -1.2998867e+01 -1.2970846e+01 -1.2954352e+01 -1.2945984e+01 -1.6922681e+00 +1.0845554e+00 +1.1902630e+00 +2.4777044e+00 +3.0120655e+00 +3.0177427e+00 +3.1910788e+00 +3.6883292e+00 +4.2530701e+00 
-2.8911266e+01 -2.8905236e+01 -1.3021641e+01 -1.3008766e+01 -1.3002249e+01 -1.2966060e+01 -1.2952755e+01 -1.2946001e+01 -1.7592916e+00 +1.1124436e+00 +1.2272000e+00 +2.5225377e+00 +3.0528956e+00 +3.1302596e+00 +3.2520721e+00 +3.5962881e+00 +4.2532841e+00 
-2.8911456e+01 -2.8905090e+01 -1.3020440e+01 -1.3010422e+01 -1.3005346e+01 -1.2961661e+01 -1.2951290e+01 -1.2946018e+01 -1.8189394e+00 +1.1397363e+00 +1.2502607e+00 +2.5922500e+00 +3.0852584e+00 +3.2374001e+00 +3.3110631e+00 +3.5110332e+00 +4.2647052e+00 
-2.8911627e+01 -2.8904959e+01 -1.3019364e+01 -1.3011905e+01 -1.3008116e+01 -1.2957713e+01 -1.2949977e+01 -1.2946035e+01 -1.8710201e+00 +1.1657725e+00 +1.2619221e+00 +2.6825309e+00 +3.1143437e+00 +3.3300713e+00 +3.3667518e+00 +3.4337543e+00 +4.2892176e+00 
-2.8911776e+01 -2.8904846e+01 -1.3018429e+01 -1.3013194e+01 -1.3010524e+01 -1.2954271e+01 -1.2948834e+01 -1.2946051e+01 -1.9153681e+00 +1.1898067e+00 +1.2654735e+00 +2.7873837e+00 +3.1397154e+00 +3.3656415e+00 +3.4056307e+00 +3.4176964e+00 +4.3269399e+00 
-2.8911901e+01 -2.8904752e+01 -1.3017648e+01 -1.3014273e+01 -1.3012540e+01 -1.2951386e+01 -1.2947876e+01 -1.2946066e+01 -1.9518434e+00 +1.2110358e+00 +1.2641298e+00 +2.8994786e+00 +3.1609964e+00 +3.3078647e+00 +3.4623589e+00 +3.4631967e+00 +4.3750196e+00 
-2.8912000e+01 -2.8904677e+01 -1.3017032e+01 -1.3015128e+01 -1.3014137e+01 -1.2949100e+01 -1.2947117e+01 -1.2946081e+01 -1.9803317e+00 +1.2286447e+00 +1.2605485e+00 +3.0097763e+00 +3.1778745e+00 +3.2615327e+00 +3.4991854e+00 +3.5039345e+00 +4.4271904e+00 
-2.8912073e+01 -2.8904624e+01 -1.3016589e+01 -1.3015746e+01 -1.3015296e+01 -1.2947446e+01 -1.2946567e+01 -1.2946095e+01 -2.0007439e+00 +1.2418713e+00 +1.2566964e+00 +3.1065515e+00 +3.1901052e+00 +3.2276315e+00 +3.5267263e+00 +3.5303096e+00 +4.4746549e+00 
-2.8912118e+01 -2.8904593e+01 -1.3016325e+01 -1.3016121e+01 -1.3016002e+01 -1.2946449e+01 -1.2946234e+01 -1.2946109e+01 -2.0130164e+00 +1.2500864e+00 +1.2538889e+00 +3.1749406e+00 +3.1975136e+00 +3.2069487e+00 +3.5437842e+00 +3.5449106e+00 +3.5532979e+00 
-2.8912135e+01 -2.8904585e+01 -1.3016248e+01 -1.3016245e+01 -1.3016245e+01 -1.2946124e+01 -1.2946121e+01 -1.2946121e+01 -2.0171111e+00 +1.2528723e+00 +1.2528723e+00 +3.1999943e+00 +3.1999950e+00 +3.1999950e+00 +3.5495630e+00 +3.5495631e+00 +3.5495631e+00 
-2.8912118e+01 -2.8904593e+01 -1.3016255e+01 -1.3016255e+01 -1.3015932e+01 -1.2946490e+01 -1.2946148e+01 -1.2946148e+01 -2.0129997e+00 +1.2519899e+00 +1.2519899e+00 +3.1717064e+00 +3.2038271e+00 +3.2038272e+00 +3.5441133e+00 +3.5441135e+00 +3.5537141e+00 
-2.8912072e+01 -2.8904623e+01 -1.3016304e+01 -1.3016304e+01 -1.3015010e+01 -1.2947603e+01 -1.2946250e+01 -1.2946250e+01 -2.0006772e+00 +1.2493623e+00 +1.2493623e+00 +3.0938808e+00 +3.2153071e+00 +3.2153071e+00 +3.5274666e+00 +3.5274667e+00 +3.5661279e+00 
-2.8911998e+01 -2.8904676e+01 -1.3016388e+01 -1.3016388e+01 -1.3013502e+01 -1.2949439e+01 -1.2946427e+01 -1.2946427e+01 -1.9801834e+00 +1.2450574e+00 +1.2450574e+00 +2.9816203e+00 +3.2343856e+00 +3.2343858e+00 +3.4988602e+00 +3.4988603e+00 +3.5866878e+00 
-2.8911898e+01 -2.8904749e+01 -1.3016504e+01 -1.3016504e+01 -1.3011437e+01 -1.2951960e+01 -1.2946682e+01 -1.2946682e+01 -1.9515835e+00 +1.2391847e+00 +1.2391847e+00 +2.8490476e+00 +3.2609803e+00 +3.2609805e+00 +3.4574365e+00 +3.4574367e+00 +3.6151900e+00 
-2.8911772e+01 -2.8904842e+01 -1.3016646e+01 -1.3016646e+01 -1.3008858e+01 -1.2955114e+01 -1.2947017e+01 -1.2947017e+01 -1.9149676e+00 +1.2318918e+00 +1.2318918e+00 +2.7061545e+00 +3.2949764e+00 +3.2949764e+00 +3.4027583e+00 +3.4027583e+00 +3.6513326e+00 
-2.8911623e+01 -2.8904954e+01 -1.3016807e+01 -1.3016807e+01 -1.3005817e+01 -1.2958839e+01 -1.2947433e+01 -1.2947433e+01 -1.8704493e+00 +1.2233580e+00 +1.2233580e+00 +2.5594082e+00 +3.3352421e+00 +3.3352422e+00 +3.3362251e+00 +3.3362251e+00 +3.6946947e+00 
-2.8911453e+01 -2.8905081e+01 -1.3016977e+01 -1.3016977e+01 -1.3002378e+01 -1.2963057e+01 -1.2947936e+01 -1.2947936e+01 -1.8181637e+00 +1.2137887e+00 +1.2137887e+00 +2.4129819e+00 +3.2562692e+00 +3.2562693e+00 +3.3845439e+00 +3.3845440e+00 +3.7447086e+00 
-2.8911264e+01 -2.8905223e+01 -1.3017147e+01 -1.3017147e+01 -1.2998611e+01 -1.2967685e+01 -1.2948528e+01 -1.2948528e+01 -1.7582656e+00 +1.2034088e+00 +1.2034088e+00 +2.2696555e+00 +3.1679354e+00 +3.1679355e+00 +3.4397146e+00 +3.4397149e+00 +3.8006171e+00 
-2.8911059e+01 -2.8905376e+01 -1.3017305e+01 -1.3017305e+01 -1.2994595e+01 -1.2972631e+01 -1.2949212e+01 -1.2949212e+01 -1.6909280e+00 +1.1924560e+00 +1.1924560e+00 +2.1313629e+00 +3.0726255e+00 +3.0726256e+00 +3.5014808e+00 +3.5014808e+00 +3.8614134e+00 
-2.8910841e+01 -2.8905538e+01 -1.3017440e+01 -1.3017440e+01 -1.2990414e+01 -1.2977796e+01 -1.2949994e+01 -1.2949994e+01 -1.6163392e+00 +1.1811757e+00 +1.1811757e+00 +1.9995084e+00 +2.9726468e+00 +2.9726469e+00 +3.5695434e+00 +3.5695434e+00 +3.9257541e+00 
-2.8910612e+01 -2.8905708e+01 -1.3017541e+01 -1.3017541e+01 -1.2986157e+01 -1.2983079e+01 -1.2950875e+01 -1.2950875e+01 -1.5347018e+00 +1.1698149e+00 +1.1698149e+00 +1.8751516e+00 +2.8700209e+00 +2.8700209e+00 +3.6435575e+00 +3.6435575e+00 +3.9918363e+00 
-2.8910376e+01 -2.8905881e+01 -1.3017593e+01 -1.3017593e+01 -1.2988379e+01 -1.2981915e+01 -1.2951861e+01 -1.2951861e+01 -1.4462298e+00 +1.1586184e+00 +1.1586184e+00 +1.7591164e+00 +2.7664116e+00 +2.7664117e+00 +3.7231250e+00 +3.7231250e+00 +4.0572252e+00 
-2.8910136e+01 -2.8906055e+01 -1.3017585e+01 -1.3017585e+01 -1.2993593e+01 -1.2977778e+01 -1.2952953e+01 -1.2952953e+01 -1.3511482e+00 +1.1478252e+00 +1.1478252e+00 +1.6520588e+00 +2.6631395e+00 +2.6631395e+00 +3.8077877e+00 +3.8077877e+00 +4.1186303e+00 
-2.8909895e+01 -2.8906228e+01 -1.3017504e+01 -1.3017504e+01 -1.2998623e+01 -1.2973837e+01 -1.2954154e+01 -1.2954154e+01 -1.2496908e+00 +1.1376654e+00 +1.1376654e+00 +1.5545066e+00 +2.5612280e+00 +2.5612280e+00 +3.8970187e+00 +3.8970187e+00 +4.1716521e+00 
-2.8909656e+01 -2.8906397e+01 -1.3017339e+01 -1.3017339e+01 -1.3003374e+01 -1.2970177e+01 -1.2955465e+01 -1.2955465e+01 -1.1421001e+00 +1.1283582e+00 +1.1283582e+00 +1.4668858e+00 +2.4614580e+00 +2.4614580e+00 +3.9902116e+00 +3.9902116e+00 +4.2106159e+00 
-2.8909422e+01 -2.8906559e+01 -1.3017078e+01 -1.3017078e+01 -1.3007759e+01 -1.2966880e+01 -1.2956888e+01 -1.2956888e+01 -1.0286272e+00 +1.1201109e+00 +1.1201109e+00 +1.3895358e+00 +2.3644178e+00 +2.3644178e+00 +4.0866698e+00 +4.0866698e+00 +4.2287710e+00 
-2.8909195e+01 -2.8906714e+01 -1.3016710e+01 -1.3016710e+01 -1.3011699e+01 -1.2964020e+01 -1.2958422e+01 -1.2958422e+01 -9.0953262e-01 +1.1131177e+00 +1.1131177e+00 +1.3227183e+00 +2.2705440e+00 +2.2705440e+00 +4.1855939e+00 +4.1855939e+00 +4.2193024e+00 
-2.8908979e+01 -2.8906858e+01 -1.3016226e+01 -1.3016226e+01 -1.3015121e+01 -1.2961661e+01 -1.2960066e+01 -1.2960066e+01 -7.8508825e-01 +1.1075594e+00 +1.1075594e+00 +1.2666210e+00 +2.1801541e+00 +2.1801541e+00 +4.1773216e+00 +4.2860691e+00 +4.2860691e+00 
-2.8908774e+01 -2.8906990e+01 -1.3017968e+01 -1.3015618e+01 -1.3015618e+01 -1.2961817e+01 -1.2961817e+01 -1.2959860e+01 -6.5558049e-01 +1.1036038e+00 +1.1036038e+00 +1.2213574e+00 +2.0934737e+00 +2.0934737e+00 +4.1019380e+00 +4.3870554e+00 +4.3870554e+00 
-2.8908583e+01 -2.8907109e+01 -1.3020190e+01 -1.3014879e+01 -1.3014879e+01 -1.2963672e+01 -1.2963672e+01 -1.2958658e+01 -5.2131568e-01 +1.1014061e+00 +1.1014061e+00 +1.1869624e+00 +2.0106535e+00 +2.0106535e+00 +3.9967264e+00 +4.4873793e+00 +4.4873793e+00 
-2.8908408e+01 -2.8907214e+01 -1.3021751e+01 -1.3014004e+01 -1.3014004e+01 -1.2965625e+01 -1.2965625e+01 -1.2958087e+01 -3.8262782e-01 +1.1011094e+00 +1.1011094e+00 +1.1633827e+00 +1.9317871e+00 +1.9317871e+00 +3.8681369e+00 +4.5857366e+00 +4.5857366e+00 
-2.8908249e+01 -2.8907305e+01 -1.3022630e+01 -1.3012989e+01 -1.3012989e+01 -1.2967671e+01 -1.2967671e+01 -1.2958162e+01 -2.3989010e-01 +1.1028458e+00 +1.1028458e+00 +1.1504611e+00 +1.8569217e+00 +1.8569217e+00 +3.7232912e+00 +4.6807072e+00 +4.6807072e+00 
-2.8908107e+01 -2.8907380e+01 -1.3022814e+01 -1.3011833e+01 -1.3011833e+01 -1.2969801e+01 -1.2969801e+01 -1.2958888e+01 -9.3532315e-02 +1.1067374e+00 +1.1067374e+00 +1.1479109e+00 +1.7860680e+00 +1.7860680e+00 +3.5685667e+00 +4.7707922e+00 +4.7707922e+00 
-2.8907982e+01 -2.8907441e+01 -1.3022309e+01 -1.3010535e+01 -1.3010535e+01 -1.2972007e+01 -1.2972007e+01 -1.2960254e+01 +5.5933571e-02 +1.1128979e+00 +1.1128979e+00 +1.1552737e+00 +1.7192084e+00 +1.7192084e+00 +3.4091596e+00 +4.8544800e+00 +4.8544800e+00 
-2.8907874e+01 -2.8907487e+01 -1.3021131e+01 -1.3009097e+01 -1.3009097e+01 -1.2974278e+01 -1.2974278e+01 -1.2962233e+01 +2.0787366e-01 +1.1214330e+00 +1.1214332e+00 +1.1718523e+00 +1.6563021e+00 +1.6563021e+00 +3.2492037e+00 +3.3281003e+00 +4.9303450e+00 
-2.8907784e+01 -2.8907519e+01 -1.3019308e+01 -1.3007522e+01 -1.3007522e+01 -1.2976604e+01 -1.2976604e+01 -1.2964789e+01 +3.6146966e-01 +1.1324430e+00 +1.1324432e+00 +1.1965984e+00 +1.5972918e+00 +1.5972918e+00 +3.0920811e+00 +3.1675191e+00 +4.9971753e+00 
-2.8907709e+01 -2.8907540e+01 -1.3016882e+01 -1.3005816e+01 -1.3005816e+01 -1.2978972e+01 -1.2978972e+01 -1.2967870e+01 +5.1561816e-01 +1.1460228e+00 +1.1460230e+00 +1.2279203e+00 +1.5421066e+00 +1.5421066e+00 +2.9407677e+00 +3.0080615e+00 +5.0541045e+00 
-2.8907648e+01 -2.8907549e+01 -1.3013907e+01 -1.3003986e+01 -1.3003986e+01 -1.2981369e+01 -1.2981369e+01 -1.2971414e+01 +6.6876431e-01 +1.1622641e+00 +1.1622642e+00 +1.2633571e+00 +1.4906665e+00 +1.4906665e+00 +2.7981897e+00 +2.8529074e+00 +5.1007185e+00 
-2.8907601e+01 -2.8907550e+01 -1.3010446e+01 -1.3002039e+01 -1.3002039e+01 -1.2983782e+01 -1.2983782e+01 -1.2975349e+01 +8.1862468e-01 +1.1812562e+00 +1.1812563e+00 +1.2990360e+00 +1.4428848e+00 +1.4428848e+00 +2.6676367e+00 +2.7065659e+00 +5.1370951e+00 
-2.8907565e+01 -2.8907543e+01 -1.3006571e+01 -1.2999985e+01 -1.2999985e+01 -1.2986196e+01 -1.2986196e+01 -1.2979595e+01 +9.6173719e-01 +1.2030871e+00 +1.2030872e+00 +1.3288738e+00 +1.3986708e+00 +1.3986708e+00 +2.5533019e+00 +2.5756570e+00 +5.1637590e+00 
-2.8907538e+01 -2.8907532e+01 -1.3002363e+01 -1.2997835e+01 -1.2997835e+01 -1.2988596e+01 -1.2988596e+01 -1.2984064e+01 +1.0928149e+00 +1.2278448e+00 +1.2278449e+00 +1.3438420e+00 +1.3579315e+00 +1.3579315e+00 +2.4609902e+00 +2.4696357e+00 +5.1815584e+00 
-2.8907519e+01 -2.8907518e+01 -1.2997909e+01 -1.2995602e+01 -1.2995602e+01 -1.2990969e+01 -1.2990969e+01 -1.2988665e+01 +1.2041797e+00 +1.2556176e+00 +1.2556177e+00 +1.3205734e+00 +1.3205734e+00 +1.3327234e+00 +2.3987241e+00 +2.4000288e+00 +5.1915044e+00 
-2.8907503e+01 -2.8907503e+01 -1.2993301e+01 -1.2993301e+01 -1.2993299e+01 -1.2993299e+01 -1.2993298e+01 -1.2993298e+01 +1.2864906e+00 +1.2864950e+00 +1.2864951e+00 +1.2865031e+00 +1.2865031e+00 +1.2865066e+00 +2.3760382e+00 +2.3760383e+00 +5.1946130e+00 
-2.8907516e+01 -2.8907516e+01 -1.2997290e+01 -1.2997288e+01 -1.2993271e+01 -1.2993271e+01 -1.2989291e+01 -1.2989288e+01 +1.2216544e+00 +1.2216688e+00 +1.2879764e+00 +1.2879844e+00 +1.3350715e+00 +1.3350783e+00 +2.3992671e+00 +2.3992673e+00 +5.1906460e+00 
-2.8907530e+01 -2.8907530e+01 -1.3001186e+01 -1.3001183e+01 -1.2993153e+01 -1.2993152e+01 -1.2985294e+01 -1.2985292e+01 +1.1394500e+00 +1.1394727e+00 +1.2924308e+00 +1.2924388e+00 +1.3725271e+00 +1.3725430e+00 +2.4648361e+00 +2.4648370e+00 +5.1781720e+00 
-2.8907547e+01 -2.8907547e+01 -1.3004936e+01 -1.3004934e+01 -1.2992944e+01 -1.2992944e+01 -1.2981365e+01 -1.2981362e+01 +1.0429131e+00 +1.0429419e+00 +1.2998784e+00 +1.2998863e+00 +1.4049351e+00 +1.4049573e+00 +2.5634107e+00 +2.5634119e+00 +5.1570919e+00 
-2.8907565e+01 -2.8907565e+01 -1.3008493e+01 -1.3008491e+01 -1.2992650e+01 -1.2992649e+01 -1.2977556e+01 -1.2977553e+01 +9.3672997e-01 +9.3676304e-01 +1.3103532e+00 +1.3103610e+00 +1.4368834e+00 +1.4369099e+00 +2.6853025e+00 +2.6853035e+00 +5.1267444e+00 
-2.8907586e+01 -2.8907586e+01 -1.3011809e+01 -1.3011807e+01 -1.2992273e+01 -1.2992273e+01 -1.2973919e+01 -1.2973916e+01 +8.2519397e-01 +8.2523056e-01 +1.3239003e+00 +1.3239081e+00 +1.4711556e+00 +1.4711847e+00 +2.8228194e+00 +2.8228197e+00 +5.0864792e+00 
-2.8907608e+01 -2.8907608e+01 -1.3014841e+01 -1.3014839e+01 -1.2991819e+01 -1.2991819e+01 -1.2970502e+01 -1.2970500e+01 +7.1156292e-01 +7.1160227e-01 +1.3405759e+00 +1.3405838e+00 +1.5092793e+00 +1.5093100e+00 +2.9703230e+00 +2.9703237e+00 +5.0357285e+00 
-2.8907633e+01 -2.8907633e+01 -1.3017550e+01 -1.3017548e+01 -1.2991295e+01 -1.2991295e+01 -1.2967353e+01 -1.2967351e+01 +5.9814428e-01 +5.9818595e-01 +1.3604447e+00 +1.3604525e+00 +1.5520534e+00 +1.5520851e+00 +3.1235663e+00 +3.1235684e+00 +4.9741545e+00 
-2.8907658e+01 -2.8907658e+01 -1.3019900e+01 -1.3019899e+01 -1.2990708e+01 -1.2990708e+01 -1.2964514e+01 -1.2964512e+01 +4.8654957e-01 +4.8659329e-01 +1.3835778e+00 +1.3835855e+00 +1.5998727e+00 +1.5999048e+00 +3.2790529e+00 +3.2790564e+00 +4.9017438e+00 
-2.8907686e+01 -2.8907685e+01 -1.3021862e+01 -1.3021861e+01 -1.2990066e+01 -1.2990066e+01 -1.2962024e+01 -1.2962022e+01 +3.7791587e-01 +3.7796145e-01 +1.4100502e+00 +1.4100575e+00 +1.6529009e+00 +1.6529329e+00 +3.4335724e+00 +3.4335775e+00 +4.8188610e+00 
-2.8907714e+01 -2.8907714e+01 -1.3023411e+01 -1.3023410e+01 -1.2989378e+01 -1.2989378e+01 -1.2959916e+01 -1.2959913e+01 +2.7306202e-01 +2.7310930e-01 +1.4399381e+00 +1.4399452e+00 +1.7111606e+00 +1.7111922e+00 +3.5839011e+00 +3.5839075e+00 +4.7262370e+00 
-2.8907742e+01 -2.8907742e+01 -1.3024527e+01 -1.3024526e+01 -1.2988653e+01 -1.2988653e+01 -1.2958218e+01 -1.2958216e+01 +1.7259167e-01 +1.7264053e-01 +1.4733154e+00 +1.4733224e+00 +1.7745790e+00 +1.7746100e+00 +3.7266540e+00 +3.7266613e+00 +4.6249040e+00 
-2.8907772e+01 -2.8907772e+01 -1.3025198e+01 -1.3025197e+01 -1.2987902e+01 -1.2987902e+01 -1.2956954e+01 -1.2956951e+01 +7.6960422e-02 +7.7010757e-02 +1.5102498e+00 +1.5102567e+00 +1.8430086e+00 +1.8430388e+00 +3.8583226e+00 +3.8583302e+00 +4.5161048e+00 
-2.8907801e+01 -2.8907801e+01 -1.3025415e+01 -1.3025414e+01 -1.2987135e+01 -1.2987134e+01 -1.2956138e+01 -1.2956136e+01 -1.3480429e-02 -1.3428727e-02 +1.5507986e+00 +1.5508052e+00 +1.9162359e+00 +1.9162651e+00 +3.9755595e+00 +3.9755667e+00 +4.4011987e+00 
-2.8907831e+01 -2.8907831e+01 -1.3025179e+01 -1.3025178e+01 -1.2986362e+01 -1.2986361e+01 -1.2955782e+01 -1.2955779e+01 -9.8454809e-02 -9.8401838e-02 +1.5950023e+00 +1.5950087e+00 +1.9939797e+00 +1.9940078e+00 +4.0757095e+00 +4.0757156e+00 +4.2815807e+00 
-2.8907860e+01 -2.8907860e+01 -1.3024493e+01 -1.3024492e+01 -1.2985594e+01 -1.2985594e+01 -1.2955887e+01 -1.2955885e+01 -1.7774243e-01 -1.7768829e-01 +1.6428781e+00 +1.6428843e+00 +2.0758835e+00 +2.0759103e+00 +4.1574189e+00 +4.1574234e+00 +4.1586222e+00 
-2.8907888e+01 -2.8907888e+01 -1.3023371e+01 -1.3023370e+01 -1.2984842e+01 -1.2984842e+01 -1.2956451e+01 -1.2956448e+01 -2.5116506e-01 -2.5110984e-01 +1.6944093e+00 +1.6944152e+00 +2.1614993e+00 +2.1615247e+00 +4.0336373e+00 +4.2209820e+00 +4.2209846e+00 
-2.8907915e+01 -2.8907915e+01 -1.3021830e+01 -1.3021829e+01 -1.2984116e+01 -1.2984116e+01 -1.2957460e+01 -1.2957457e+01 -3.1857707e-01 -3.1852086e-01 +1.7495320e+00 +1.7495377e+00 +2.2502633e+00 +2.2502872e+00 +3.9078705e+00 +4.2681629e+00 +4.2681636e+00 
-2.8907941e+01 -2.8907941e+01 -1.3019896e+01 -1.3019895e+01 -1.2983426e+01 -1.2983426e+01 -1.2958897e+01 -1.2958894e+01 -3.7985878e-01 -3.7980169e-01 +1.8081135e+00 +1.8081187e+00 +2.3414589e+00 +2.3414812e+00 +3.7825060e+00 +4.3015982e+00 +4.3015991e+00 
-2.8907965e+01 -2.8907965e+01 -1.3017601e+01 -1.3017600e+01 -1.2982782e+01 -1.2982782e+01 -1.2960735e+01 -1.2960732e+01 -4.3491140e-01 -4.3485351e-01 +1.8699198e+00 +1.8699246e+00 +2.4341623e+00 +2.4341829e+00 +3.6586993e+00 +3.6587059e+00 +4.3241301e+00 
-2.8907988e+01 -2.8907988e+01 -1.3014985e+01 -1.3014985e+01 -1.2982192e+01 -1.2982192e+01 -1.2962938e+01 -1.2962935e+01 -4.8365334e-01 -4.8359475e-01 +1.9345624e+00 +1.9345668e+00 +2.5271635e+00 +2.5271826e+00 +3.5376340e+00 +3.5376410e+00 +4.3383337e+00 
-2.8908008e+01 -2.8908008e+01 -1.3012099e+01 -1.3012099e+01 -1.2981665e+01 -1.2981665e+01 -1.2965460e+01 -1.2965457e+01 -5.2601744e-01 -5.2595824e-01 +2.0014064e+00 +2.0014102e+00 +2.6188534e+00 +2.6188707e+00 +3.4206205e+00 +3.4206278e+00 +4.3462727e+00 
-2.8908026e+01 -2.8908026e+01 -1.3009008e+01 -1.3009008e+01 -1.2981208e+01 -1.2981208e+01 -1.2968240e+01 -1.2968237e+01 -5.6194893e-01 -5.6188921e-01 +2.0694103e+00 +2.0694134e+00 +2.7070701e+00 +2.7070857e+00 +3.3092655e+00 +3.3092738e+00 +4.3493855e+00 
-2.8908041e+01 -2.8908041e+01 -1.3005796e+01 -1.3005796e+01 -1.2980827e+01 -1.2980827e+01 -1.2971195e+01 -1.2971193e+01 -5.9140367e-01 -5.9134350e-01 +2.1368351e+00 +2.1368378e+00 +2.7889121e+00 +2.7889263e+00 +3.2057695e+00 +3.2057781e+00 +4.3483485e+00 
-2.8908054e+01 -2.8908054e+01 -1.3002594e+01 -1.3002594e+01 -1.2980528e+01 -1.2980528e+01 -1.2974198e+01 -1.2974196e+01 -6.1434710e-01 -6.1428662e-01 +2.2007329e+00 +2.2007348e+00 +2.8605758e+00 +2.8605887e+00 +3.1134479e+00 +3.1134574e+00 +4.3428880e+00 
-2.8908064e+01 -2.8908064e+01 -1.2999626e+01 -1.2999625e+01 -1.2980315e+01 -1.2980315e+01 -1.2977027e+01 -1.2977025e+01 -6.3075320e-01 -6.3069250e-01 +2.2561530e+00 +2.2561541e+00 +2.9173788e+00 +2.9173909e+00 +3.0375304e+00 +3.0375406e+00 +4.3323608e+00 
-2.8908071e+01 -2.8908071e+01 -1.2997321e+01 -1.2997319e+01 -1.2980191e+01 -1.2980190e+01 -1.2979253e+01 -1.2979252e+01 -6.4060382e-01 -6.4054300e-01 +2.2955033e+00 +2.2955036e+00 +2.9542781e+00 +2.9542894e+00 +2.9858041e+00 +2.9858151e+00 +4.3197242e+00 
-2.8908075e+01 -2.8908075e+01 -1.2996397e+01 -1.2996394e+01 -1.2980159e+01 -1.2980159e+01 -1.2980157e+01 -1.2980157e+01 -6.4388809e-01 -6.4382743e-01 +2.3100445e+00 +2.9671240e+00 +2.9671242e+00 +2.9671354e+00 +2.9671356e+00 +4.3137923e+00 +4.4239914e+00 
-2.8907788e+01 -2.8907788e+01 -1.3043049e+01 -1.3043047e+01 -1.2978861e+01 -1.2978861e+01 -1.2945654e+01 -1.2945652e+01 +1.6924934e-01 +1.6924956e-01 +7.9922249e-01 +7.9922297e-01 +2.5021310e+00 +2.5021310e+00 +4.1092403e+00 +4.1092404e+00 +5.0943630e+00 
-2.8907785e+01 -2.8907785e+01 -1.3042876e+01 -1.3042874e+01 -1.2978945e+01 -1.2978945e+01 -1.2945813e+01 -1.2945811e+01 +1.7375734e-01 +1.7375754e-01 +8.0039012e-01 +8.0039063e-01 +2.4936175e+00 +2.4936175e+00 +4.1052211e+00 +4.1052213e+00 +5.0950107e+00 
-2.8907779e+01 -2.8907779e+01 -1.3042357e+01 -1.3042355e+01 -1.2979229e+01 -1.2979228e+01 -1.2946289e+01 -1.2946287e+01 +1.8726080e-01 +1.8726101e-01 +8.0390090e-01 +8.0390141e-01 +2.4686377e+00 +2.4686377e+00 +4.0924653e+00 +4.0924655e+00 +5.0969394e+00 
-2.8907770e+01 -2.8907770e+01 -1.3041497e+01 -1.3041495e+01 -1.2979704e+01 -1.2979704e+01 -1.2947080e+01 -1.2947078e+01 +2.0969472e-01 +2.0969492e-01 +8.0977791e-01 +8.0977839e-01 +2.4287457e+00 +2.4287458e+00 +4.0689403e+00 +4.0689406e+00 +5.1001034e+00 
-2.8907758e+01 -2.8907758e+01 -1.3040302e+01 -1.3040300e+01 -1.2980358e+01 -1.2980358e+01 -1.2948180e+01 -1.2948178e+01 +2.4094870e-01 +2.4094890e-01 +8.1805912e-01 +8.1805960e-01 +2.3761668e+00 +2.3761669e+00 +4.0314556e+00 +4.0314559e+00 +5.1044299e+00 
-2.8907744e+01 -2.8907744e+01 -1.3038781e+01 -1.3038780e+01 -1.2981171e+01 -1.2981171e+01 -1.2949583e+01 -1.2949581e+01 +2.8086360e-01 +2.8086381e-01 +8.2879669e-01 +8.2879719e-01 +2.3134192e+00 +2.3134193e+00 +3.9762954e+00 +3.9762954e+00 +5.1098133e+00 
-2.8907728e+01 -2.8907728e+01 -1.3036947e+01 -1.3036945e+01 -1.2982122e+01 -1.2982122e+01 -1.2951281e+01 -1.2951279e+01 +3.2922615e-01 +3.2922635e-01 +8.4205599e-01 +8.4205648e-01 +2.2430002e+00 +2.2430003e+00 +3.9004863e+00 +3.9004864e+00 +5.1161272e+00 
-2.8907710e+01 -2.8907710e+01 -1.3034811e+01 -1.3034810e+01 -1.2983182e+01 -1.2983182e+01 -1.2953263e+01 -1.2953262e+01 +3.8576040e-01 +3.8576060e-01 +8.5791408e-01 +8.5791456e-01 +2.1671864e+00 +2.1671865e+00 +3.8032631e+00 +3.8032633e+00 +5.1232147e+00 
-2.8907690e+01 -2.8907690e+01 -1.3032392e+01 -1.3032390e+01 -1.2984322e+01 -1.2984322e+01 -1.2955519e+01 -1.2955517e+01 +4.5011476e-01 +4.5011496e-01 +8.7645839e-01 +8.7645886e-01 +2.0879418e+00 +2.0879418e+00 +3.6866524e+00 +3.6866529e+00 +5.0004022e+00 
-2.8907670e+01 -2.8907670e+01 -1.3029706e+01 -1.3029704e+01 -1.2985511e+01 -1.2985511e+01 -1.2958034e+01 -1.2958032e+01 +5.2184174e-01 +5.2184194e-01 +8.9778479e-01 +8.9778525e-01 +2.0068993e+00 +2.0068994e+00 +3.5546932e+00 +3.5546933e+00 +5.1389820e+00 
-2.8907649e+01 -2.8907649e+01 -1.3026774e+01 -1.3026772e+01 -1.2986716e+01 -1.2986716e+01 -1.2960792e+01 -1.2960791e+01 +6.0036625e-01 +6.0036645e-01 +9.2199561e-01 +9.2199606e-01 +1.9253838e+00 +1.9253839e+00 +3.4121030e+00 +3.4121032e+00 +5.1472512e+00 
-2.8907628e+01 -2.8907628e+01 -1.3023617e+01 -1.3023616e+01 -1.2987903e+01 -1.2987903e+01 -1.2963778e+01 -1.2963776e+01 +6.8493491e-01 +6.8493511e-01 +9.4919737e-01 +9.4919780e-01 +1.8444517e+00 +1.8444520e+00 +3.2633641e+00 +3.2633642e+00 +5.0050819e+00 
-2.8907608e+01 -2.8907608e+01 -1.3020260e+01 -1.3020258e+01 -1.2989039e+01 -1.2989039e+01 -1.2966971e+01 -1.2966969e+01 +7.7453338e-01 +7.7453352e-01 +9.7949834e-01 +9.7949876e-01 +1.7649346e+00 +1.7649348e+00 +3.1124487e+00 +3.1124489e+00 +5.0290944e+00 
-2.8907588e+01 -2.8907588e+01 -1.3016725e+01 -1.3016724e+01 -1.2990093e+01 -1.2990093e+01 -1.2970353e+01 -1.2970351e+01 +8.6774828e-01 +8.6774847e-01 +1.0130059e+00 +1.0130063e+00 +1.6874790e+00 +1.6874792e+00 +2.9629745e+00 +2.9629747e+00 +5.1709112e+00 
-2.8907569e+01 -2.8907569e+01 -1.3013040e+01 -1.3013038e+01 -1.2991035e+01 -1.2991035e+01 -1.2973901e+01 -1.2973899e+01 +9.6253584e-01 +9.6253602e-01 +1.0498235e+00 +1.0498239e+00 +1.6125815e+00 +1.6125817e+00 +2.8185811e+00 +2.8185813e+00 +5.1776667e+00 
-2.8907552e+01 -2.8907552e+01 -1.3009231e+01 -1.3009229e+01 -1.2991839e+01 -1.2991839e+01 -1.2977593e+01 -1.2977591e+01 +1.0558340e+00 +1.0558342e+00 +1.0900478e+00 +1.0900481e+00 +1.5406170e+00 +1.5406172e+00 +2.6834684e+00 +2.6834684e+00 +5.1226310e+00 
-2.8907537e+01 -2.8907537e+01 -1.3005324e+01 -1.3005322e+01 -1.2992484e+01 -1.2992484e+01 -1.2981404e+01 -1.2981402e+01 +1.1337648e+00 +1.1337652e+00 +1.1429582e+00 +1.1429583e+00 +1.4718619e+00 +1.4718622e+00 +2.5631216e+00 +2.5631216e+00 +5.1514411e+00 
-2.8907524e+01 -2.8907524e+01 -1.3001348e+01 -1.3001346e+01 -1.2992950e+01 -1.2992950e+01 -1.2985310e+01 -1.2985308e+01 +1.1810466e+00 +1.1810469e+00 +1.2168610e+00 +1.2168611e+00 +1.4065125e+00 +1.4065128e+00 +2.4651381e+00 +2.4651382e+00 +5.1917449e+00 
-2.8907512e+01 -2.8907512e+01 -1.2997331e+01 -1.2997329e+01 -1.2993224e+01 -1.2993224e+01 -1.2989284e+01 -1.2989283e+01 +1.2319465e+00 +1.2319469e+00 +1.2679718e+00 +1.2679718e+00 +1.3447003e+00 +1.3447006e+00 +2.3994458e+00 +2.3994459e+00 +5.1938902e+00 
-2.8907503e+01 -2.8907503e+01 -1.2993301e+01 -1.2993301e+01 -1.2993299e+01 -1.2993299e+01 -1.2993298e+01 -1.2993298e+01 +1.2864906e+00 +1.2864950e+00 +1.2864951e+00 +1.2865031e+00 +1.2865031e+00 +1.2865066e+00 +2.3760382e+00 +2.3760383e+00 +5.1946130e+00 
