Ag 16.12535 	 143.79877 	 8.418
Al 16.34232 	 73.84648 	 -0.242
Ar 28.99581 	 14.68945 	 2.781
As 21.41690 	 72.11297 	 5.110
Au 16.79026 	 185.71324 	 5.656
B 7.05449 	 258.64622 	 2.297
Ba 54.11783 	 28.24664 	 19.777
Be 7.56455 	 131.56987 	 4.006
Bi 34.99344 	 53.83034 	 3.421
Br 39.68150 	 22.50981 	 5.238
C 11.53011 	 219.29880 	 4.010
Ca 37.82127 	 30.38020 	 4.670
Cd 20.34431 	 75.49524 	 7.942
Cl 43.35304 	 14.63650 	 8.074
Co 9.64681 	 315.58117 	 5.141
Cr 10.89259 	 303.43138 	 4.120
Cs 100.40956 	 2.68937 	 -2.384
Cu 10.99459 	 221.75797 	 -1.398
F 20.22935 	 30.21361 	 3.568
Fe 9.84050 	 340.74462 	 6.205
Ga 18.47630 	 52.47915 	 8.879
Ge 22.53069 	 61.53383 	 6.419
H 20.17336 	 6.93827 	 3.211
He 10.04876 	 6.08212 	 5.559
Hf 20.69403 	 126.67352 	 3.136
Hg 19.51120 	 107.41126 	 3.895
I 49.50706 	 18.55107 	 6.653
In 24.78383 	 51.38761 	 5.646
Ir 14.01750 	 400.30824 	 4.849
K 63.11799 	 5.35292 	 24.866
Kr 36.96513 	 11.43774 	 5.722
Li 18.78817 	 17.33861 	 3.443
Mg 21.77848 	 50.31440 	 0.842
Mn 10.15153 	 308.20284 	 2.666
Mo 15.19063 	 314.31371 	 4.139
N 31.33439 	 39.24380 	 4.252
Na 32.68053 	 9.24526 	 15.526
Nb 17.16599 	 182.39086 	 5.851
Ne 14.01976 	 11.64609 	 6.694
Ni 10.05368 	 257.01338 	 5.035
O 19.52540 	 43.63518 	 3.267
Os 13.85315 	 470.62768 	 4.898
P 21.91224 	 61.23753 	 2.032
Pb 29.39075 	 54.09478 	 2.606
Pd 13.58030 	 266.12880 	 7.033
Po 36.13898 	 62.73030 	 -0.153
Pt 14.81678 	 294.81599 	 6.893
Rb 79.42118 	 2.12291 	 -24.702
Re 14.47712 	 419.53590 	 4.657
Rh 13.55327 	 247.07948 	 7.984
Rn 55.59888 	 7.30586 	 7.776
Ru 13.33150 	 362.65451 	 4.979
S 17.06300 	 99.93728 	 6.385
Sb 30.68126 	 53.36070 	 4.406
Sc 22.48941 	 65.06025 	 2.985
Se 27.95362 	 58.54411 	 4.363
Si 20.40981 	 76.20523 	 5.122
Sn 34.58618 	 36.69718 	 6.264
Sr 56.21141 	 10.14501 	 1.577
Ta 17.32114 	 215.69054 	 4.663
Tc 14.04132 	 355.96823 	 4.145
Te 33.86028 	 50.90071 	 5.273
Ti 16.16730 	 129.73497 	 3.949
Tl 27.38262 	 42.89988 	 4.921
V 12.61048 	 188.19793 	 5.807
W 15.56200 	 392.20555 	 2.581
Xe 73.34089 	 15.74718 	 7.321
Y 30.39763 	 45.29377 	 2.390
Zn 13.68191 	 113.36434 	 4.356
Zr 22.00571 	 106.61831 	 3.617
