Ag 16.12342 	 147.54435 	 5.687
Al 16.64670 	 76.01283 	 6.152
Ar 29.65571 	 10.18339 	 0.076
As 19.26230 	 107.80386 	 3.923
Au 16.89683 	 175.16186 	 6.415
B 7.21024 	 225.42425 	 6.374
Ba 53.89092 	 24.08633 	 25.623
Be 7.55322 	 137.71647 	 3.829
Bi 35.49855 	 121.99464 	 15.254
Br 41.14032 	 21.66680 	 4.691
C 11.84408 	 190.84445 	 2.551
Ca 38.04339 	 29.70684 	 5.580
Cd 20.29951 	 74.19385 	 6.926
Cl 46.34863 	 14.59359 	 5.379
Co 9.93500 	 283.84827 	 5.264
Cr 10.91183 	 321.14660 	 4.052
Cs 101.10719 	 2.54254 	 1.361
Cu 10.98927 	 338.71642 	 -3.104
F 22.22260 	 28.62392 	 1.719
Fe 10.08896 	 333.04539 	 5.737
Ga 18.91405 	 59.67656 	 5.645
Ge 23.02037 	 64.12340 	 5.115
H 16.03271 	 4.25852 	 32.868
He 10.31000 	 5.52253 	 5.309
Hf 20.98297 	 117.09134 	 3.718
Hg 19.53850 	 114.44049 	 7.005
I 50.71736 	 19.14818 	 2.329
In 25.06268 	 47.74217 	 5.624
Ir 14.14729 	 393.24248 	 -0.702
K 68.05204 	 3.96929 	 3.172
Kr 37.42843 	 9.00982 	 6.488
Li 18.79357 	 17.06555 	 3.600
Mg 21.78954 	 50.67131 	 1.009
Mn 10.41767 	 319.95077 	 4.571
Mo 15.23001 	 300.10673 	 5.443
N 39.14629 	 16.57379 	 -0.620
Na 33.53576 	 9.86238 	 2.969
Nb 17.25002 	 223.19499 	 3.309
Ne 13.95586 	 12.51407 	 6.123
Ni 10.29373 	 286.40322 	 3.424
O 22.00727 	 27.50164 	 2.852
Os 13.92798 	 455.57297 	 5.344
P 22.36578 	 61.03776 	 4.629
Pb 29.48156 	 57.25918 	 3.321
Pd 13.77521 	 289.99685 	 7.648
Po 36.59960 	 52.01463 	 2.754
Pt 14.85603 	 295.79369 	 6.844
Rb 80.74490 	 3.00485 	 -15.283
Re 14.49479 	 431.28886 	 4.674
Rh 13.63246 	 301.18657 	 5.029
Rn 54.83172 	 8.09259 	 6.715
Ru 13.42198 	 380.73114 	 4.363
S 17.27050 	 99.18747 	 7.029
Sb 31.03055 	 59.65663 	 2.594
Sc 22.74518 	 58.35433 	 4.089
Se 22.93519 	 115.25410 	 4.907
Si 20.51193 	 83.90676 	 4.344
Sn 34.82451 	 41.61988 	 4.879
Sr 51.75343 	 16.89622 	 0.835
Ta 17.35225 	 229.30777 	 3.036
Tc 14.24869 	 361.37759 	 4.162
Te 34.53330 	 49.55991 	 4.683
Ti 16.32921 	 135.58307 	 3.830
Tl 27.69768 	 40.77638 	 5.046
V 12.89275 	 222.53644 	 2.880
W 15.68916 	 345.29294 	 3.212
Xe 73.42147 	 15.32223 	 6.987
Y 30.74152 	 41.80009 	 3.249
Zn 13.71777 	 112.25833 	 4.774
Zr 22.46572 	 84.11592 	 4.606
