# num high symmetry points
13
# label high symmetry points
G L B1 B Z G X Q F P1 Z L P 
# indices high symmetry points
1 42 67 68 114 128 176 177 200 205 245 246 256 
# nk, nb, ns
256 13 1
# k-points (frac coords)
+0.0000000e+00 +0.0000000e+00 +0.0000000e+00 
+1.2195122e-02 +0.0000000e+00 +0.0000000e+00 
+2.4390244e-02 +0.0000000e+00 +0.0000000e+00 
+3.6585366e-02 +0.0000000e+00 +0.0000000e+00 
+4.8780488e-02 +0.0000000e+00 +0.0000000e+00 
+6.0975610e-02 +0.0000000e+00 +0.0000000e+00 
+7.3170732e-02 +0.0000000e+00 +0.0000000e+00 
+8.5365854e-02 +0.0000000e+00 +0.0000000e+00 
+9.7560976e-02 +0.0000000e+00 +0.0000000e+00 
+1.0975610e-01 +0.0000000e+00 +0.0000000e+00 
+1.2195122e-01 +0.0000000e+00 +0.0000000e+00 
+1.3414634e-01 +0.0000000e+00 +0.0000000e+00 
+1.4634146e-01 +0.0000000e+00 +0.0000000e+00 
+1.5853659e-01 +0.0000000e+00 +0.0000000e+00 
+1.7073171e-01 +0.0000000e+00 +0.0000000e+00 
+1.8292683e-01 +0.0000000e+00 +0.0000000e+00 
+1.9512195e-01 +0.0000000e+00 +0.0000000e+00 
+2.0731707e-01 +0.0000000e+00 +0.0000000e+00 
+2.1951220e-01 +0.0000000e+00 +0.0000000e+00 
+2.3170732e-01 +0.0000000e+00 +0.0000000e+00 
+2.4390244e-01 +0.0000000e+00 +0.0000000e+00 
+2.5609756e-01 +0.0000000e+00 +0.0000000e+00 
+2.6829268e-01 +0.0000000e+00 +0.0000000e+00 
+2.8048780e-01 +0.0000000e+00 +0.0000000e+00 
+2.9268293e-01 +0.0000000e+00 +0.0000000e+00 
+3.0487805e-01 +0.0000000e+00 +0.0000000e+00 
+3.1707317e-01 +0.0000000e+00 +0.0000000e+00 
+3.2926829e-01 +0.0000000e+00 +0.0000000e+00 
+3.4146341e-01 +0.0000000e+00 +0.0000000e+00 
+3.5365854e-01 +0.0000000e+00 +0.0000000e+00 
+3.6585366e-01 +0.0000000e+00 +0.0000000e+00 
+3.7804878e-01 +0.0000000e+00 +0.0000000e+00 
+3.9024390e-01 +0.0000000e+00 +0.0000000e+00 
+4.0243902e-01 +0.0000000e+00 +0.0000000e+00 
+4.1463415e-01 +0.0000000e+00 +0.0000000e+00 
+4.2682927e-01 +0.0000000e+00 +0.0000000e+00 
+4.3902439e-01 +0.0000000e+00 +0.0000000e+00 
+4.5121951e-01 +0.0000000e+00 +0.0000000e+00 
+4.6341463e-01 +0.0000000e+00 +0.0000000e+00 
+4.7560976e-01 +0.0000000e+00 +0.0000000e+00 
+4.8780488e-01 +0.0000000e+00 +0.0000000e+00 
+5.0000000e-01 +0.0000000e+00 +0.0000000e+00 
+5.0000000e-01 +7.0472278e-03 -7.0472278e-03 
+5.0000000e-01 +1.4094456e-02 -1.4094456e-02 
+5.0000000e-01 +2.1141683e-02 -2.1141683e-02 
+5.0000000e-01 +2.8188911e-02 -2.8188911e-02 
+5.0000000e-01 +3.5236139e-02 -3.5236139e-02 
+5.0000000e-01 +4.2283367e-02 -4.2283367e-02 
+5.0000000e-01 +4.9330594e-02 -4.9330594e-02 
+5.0000000e-01 +5.6377822e-02 -5.6377822e-02 
+5.0000000e-01 +6.3425050e-02 -6.3425050e-02 
+5.0000000e-01 +7.0472278e-02 -7.0472278e-02 
+5.0000000e-01 +7.7519505e-02 -7.7519505e-02 
+5.0000000e-01 +8.4566733e-02 -8.4566733e-02 
+5.0000000e-01 +9.1613961e-02 -9.1613961e-02 
+5.0000000e-01 +9.8661189e-02 -9.8661189e-02 
+5.0000000e-01 +1.0570842e-01 -1.0570842e-01 
+5.0000000e-01 +1.1275564e-01 -1.1275564e-01 
+5.0000000e-01 +1.1980287e-01 -1.1980287e-01 
+5.0000000e-01 +1.2685010e-01 -1.2685010e-01 
+5.0000000e-01 +1.3389733e-01 -1.3389733e-01 
+5.0000000e-01 +1.4094456e-01 -1.4094456e-01 
+5.0000000e-01 +1.4799178e-01 -1.4799178e-01 
+5.0000000e-01 +1.5503901e-01 -1.5503901e-01 
+5.0000000e-01 +1.6208624e-01 -1.6208624e-01 
+5.0000000e-01 +1.6913347e-01 -1.6913347e-01 
+5.0000000e-01 +1.7618069e-01 -1.7618069e-01 
+8.2381931e-01 +5.0000000e-01 +1.7618069e-01 
+8.1677976e-01 +5.0000000e-01 +1.8322024e-01 
+8.0974021e-01 +5.0000000e-01 +1.9025979e-01 
+8.0270066e-01 +5.0000000e-01 +1.9729934e-01 
+7.9566111e-01 +5.0000000e-01 +2.0433889e-01 
+7.8862156e-01 +5.0000000e-01 +2.1137844e-01 
+7.8158201e-01 +5.0000000e-01 +2.1841799e-01 
+7.7454246e-01 +5.0000000e-01 +2.2545754e-01 
+7.6750290e-01 +5.0000000e-01 +2.3249710e-01 
+7.6046335e-01 +5.0000000e-01 +2.3953665e-01 
+7.5342380e-01 +5.0000000e-01 +2.4657620e-01 
+7.4638425e-01 +5.0000000e-01 +2.5361575e-01 
+7.3934470e-01 +5.0000000e-01 +2.6065530e-01 
+7.3230515e-01 +5.0000000e-01 +2.6769485e-01 
+7.2526560e-01 +5.0000000e-01 +2.7473440e-01 
+7.1822605e-01 +5.0000000e-01 +2.8177395e-01 
+7.1118650e-01 +5.0000000e-01 +2.8881350e-01 
+7.0414695e-01 +5.0000000e-01 +2.9585305e-01 
+6.9710740e-01 +5.0000000e-01 +3.0289260e-01 
+6.9006785e-01 +5.0000000e-01 +3.0993215e-01 
+6.8302830e-01 +5.0000000e-01 +3.1697170e-01 
+6.7598875e-01 +5.0000000e-01 +3.2401125e-01 
+6.6894920e-01 +5.0000000e-01 +3.3105080e-01 
+6.6190965e-01 +5.0000000e-01 +3.3809035e-01 
+6.5487010e-01 +5.0000000e-01 +3.4512990e-01 
+6.4783055e-01 +5.0000000e-01 +3.5216945e-01 
+6.4079100e-01 +5.0000000e-01 +3.5920900e-01 
+6.3375145e-01 +5.0000000e-01 +3.6624855e-01 
+6.2671190e-01 +5.0000000e-01 +3.7328810e-01 
+6.1967235e-01 +5.0000000e-01 +3.8032765e-01 
+6.1263280e-01 +5.0000000e-01 +3.8736720e-01 
+6.0559325e-01 +5.0000000e-01 +3.9440675e-01 
+5.9855370e-01 +5.0000000e-01 +4.0144630e-01 
+5.9151415e-01 +5.0000000e-01 +4.0848585e-01 
+5.8447460e-01 +5.0000000e-01 +4.1552540e-01 
+5.7743505e-01 +5.0000000e-01 +4.2256495e-01 
+5.7039550e-01 +5.0000000e-01 +4.2960450e-01 
+5.6335595e-01 +5.0000000e-01 +4.3664405e-01 
+5.5631640e-01 +5.0000000e-01 +4.4368360e-01 
+5.4927685e-01 +5.0000000e-01 +4.5072315e-01 
+5.4223730e-01 +5.0000000e-01 +4.5776270e-01 
+5.3519775e-01 +5.0000000e-01 +4.6480225e-01 
+5.2815820e-01 +5.0000000e-01 +4.7184180e-01 
+5.2111865e-01 +5.0000000e-01 +4.7888135e-01 
+5.1407910e-01 +5.0000000e-01 +4.8592090e-01 
+5.0703955e-01 +5.0000000e-01 +4.9296045e-01 
+5.0000000e-01 +5.0000000e-01 +5.0000000e-01 
+4.6428571e-01 +4.6428571e-01 +4.6428571e-01 
+4.2857143e-01 +4.2857143e-01 +4.2857143e-01 
+3.9285714e-01 +3.9285714e-01 +3.9285714e-01 
+3.5714286e-01 +3.5714286e-01 +3.5714286e-01 
+3.2142857e-01 +3.2142857e-01 +3.2142857e-01 
+2.8571429e-01 +2.8571429e-01 +2.8571429e-01 
+2.5000000e-01 +2.5000000e-01 +2.5000000e-01 
+2.1428571e-01 +2.1428571e-01 +2.1428571e-01 
+1.7857143e-01 +1.7857143e-01 +1.7857143e-01 
+1.4285714e-01 +1.4285714e-01 +1.4285714e-01 
+1.0714286e-01 +1.0714286e-01 +1.0714286e-01 
+7.1428571e-02 +7.1428571e-02 +7.1428571e-02 
+3.5714286e-02 +3.5714286e-02 +3.5714286e-02 
+0.0000000e+00 +0.0000000e+00 +0.0000000e+00 
+7.0435489e-03 +0.0000000e+00 -7.0435489e-03 
+1.4087098e-02 +0.0000000e+00 -1.4087098e-02 
+2.1130647e-02 +0.0000000e+00 -2.1130647e-02 
+2.8174196e-02 +0.0000000e+00 -2.8174196e-02 
+3.5217744e-02 +0.0000000e+00 -3.5217744e-02 
+4.2261293e-02 +0.0000000e+00 -4.2261293e-02 
+4.9304842e-02 +0.0000000e+00 -4.9304842e-02 
+5.6348391e-02 +0.0000000e+00 -5.6348391e-02 
+6.3391940e-02 +0.0000000e+00 -6.3391940e-02 
+7.0435489e-02 +0.0000000e+00 -7.0435489e-02 
+7.7479038e-02 +0.0000000e+00 -7.7479038e-02 
+8.4522587e-02 +0.0000000e+00 -8.4522587e-02 
+9.1566136e-02 +0.0000000e+00 -9.1566136e-02 
+9.8609685e-02 +0.0000000e+00 -9.8609685e-02 
+1.0565323e-01 +0.0000000e+00 -1.0565323e-01 
+1.1269678e-01 +0.0000000e+00 -1.1269678e-01 
+1.1974033e-01 +0.0000000e+00 -1.1974033e-01 
+1.2678388e-01 +0.0000000e+00 -1.2678388e-01 
+1.3382743e-01 +0.0000000e+00 -1.3382743e-01 
+1.4087098e-01 +0.0000000e+00 -1.4087098e-01 
+1.4791453e-01 +0.0000000e+00 -1.4791453e-01 
+1.5495808e-01 +0.0000000e+00 -1.5495808e-01 
+1.6200162e-01 +0.0000000e+00 -1.6200162e-01 
+1.6904517e-01 +0.0000000e+00 -1.6904517e-01 
+1.7608872e-01 +0.0000000e+00 -1.7608872e-01 
+1.8313227e-01 +0.0000000e+00 -1.8313227e-01 
+1.9017582e-01 +0.0000000e+00 -1.9017582e-01 
+1.9721937e-01 +0.0000000e+00 -1.9721937e-01 
+2.0426292e-01 +0.0000000e+00 -2.0426292e-01 
+2.1130647e-01 +0.0000000e+00 -2.1130647e-01 
+2.1835002e-01 +0.0000000e+00 -2.1835002e-01 
+2.2539356e-01 +0.0000000e+00 -2.2539356e-01 
+2.3243711e-01 +0.0000000e+00 -2.3243711e-01 
+2.3948066e-01 +0.0000000e+00 -2.3948066e-01 
+2.4652421e-01 +0.0000000e+00 -2.4652421e-01 
+2.5356776e-01 +0.0000000e+00 -2.5356776e-01 
+2.6061131e-01 +0.0000000e+00 -2.6061131e-01 
+2.6765486e-01 +0.0000000e+00 -2.6765486e-01 
+2.7469841e-01 +0.0000000e+00 -2.7469841e-01 
+2.8174196e-01 +0.0000000e+00 -2.8174196e-01 
+2.8878550e-01 +0.0000000e+00 -2.8878550e-01 
+2.9582905e-01 +0.0000000e+00 -2.9582905e-01 
+3.0287260e-01 +0.0000000e+00 -3.0287260e-01 
+3.0991615e-01 +0.0000000e+00 -3.0991615e-01 
+3.1695970e-01 +0.0000000e+00 -3.1695970e-01 
+3.2400325e-01 +0.0000000e+00 -3.2400325e-01 
+3.3104680e-01 +0.0000000e+00 -3.3104680e-01 
+3.3809035e-01 +0.0000000e+00 -3.3809035e-01 
+6.6190965e-01 +3.3809035e-01 +0.0000000e+00 
+6.5487010e-01 +3.4512990e-01 +0.0000000e+00 
+6.4783055e-01 +3.5216945e-01 +0.0000000e+00 
+6.4079100e-01 +3.5920900e-01 +0.0000000e+00 
+6.3375145e-01 +3.6624855e-01 +0.0000000e+00 
+6.2671190e-01 +3.7328810e-01 +0.0000000e+00 
+6.1967235e-01 +3.8032765e-01 +0.0000000e+00 
+6.1263280e-01 +3.8736720e-01 +0.0000000e+00 
+6.0559325e-01 +3.9440675e-01 +0.0000000e+00 
+5.9855370e-01 +4.0144630e-01 +0.0000000e+00 
+5.9151415e-01 +4.0848585e-01 +0.0000000e+00 
+5.8447460e-01 +4.1552540e-01 +0.0000000e+00 
+5.7743505e-01 +4.2256495e-01 +0.0000000e+00 
+5.7039550e-01 +4.2960450e-01 +0.0000000e+00 
+5.6335595e-01 +4.3664405e-01 +0.0000000e+00 
+5.5631640e-01 +4.4368360e-01 +0.0000000e+00 
+5.4927685e-01 +4.5072315e-01 +0.0000000e+00 
+5.4223730e-01 +4.5776270e-01 +0.0000000e+00 
+5.3519775e-01 +4.6480225e-01 +0.0000000e+00 
+5.2815820e-01 +4.7184180e-01 +0.0000000e+00 
+5.2111865e-01 +4.7888135e-01 +0.0000000e+00 
+5.1407910e-01 +4.8592090e-01 +0.0000000e+00 
+5.0703955e-01 +4.9296045e-01 +0.0000000e+00 
+5.0000000e-01 +5.0000000e-01 +0.0000000e+00 
+5.3238193e-01 +5.3238193e-01 +3.5236139e-02 
+5.6476386e-01 +5.6476386e-01 +7.0472278e-02 
+5.9714579e-01 +5.9714579e-01 +1.0570842e-01 
+6.2952772e-01 +6.2952772e-01 +1.4094456e-01 
+6.6190965e-01 +6.6190965e-01 +1.7618069e-01 
+6.5786191e-01 +6.5786191e-01 +1.8427618e-01 
+6.5381417e-01 +6.5381417e-01 +1.9237166e-01 
+6.4976643e-01 +6.4976643e-01 +2.0046714e-01 
+6.4571869e-01 +6.4571869e-01 +2.0856262e-01 
+6.4167095e-01 +6.4167095e-01 +2.1665811e-01 
+6.3762321e-01 +6.3762321e-01 +2.2475359e-01 
+6.3357546e-01 +6.3357546e-01 +2.3284907e-01 
+6.2952772e-01 +6.2952772e-01 +2.4094456e-01 
+6.2547998e-01 +6.2547998e-01 +2.4904004e-01 
+6.2143224e-01 +6.2143224e-01 +2.5713552e-01 
+6.1738450e-01 +6.1738450e-01 +2.6523100e-01 
+6.1333676e-01 +6.1333676e-01 +2.7332649e-01 
+6.0928902e-01 +6.0928902e-01 +2.8142197e-01 
+6.0524127e-01 +6.0524127e-01 +2.8951745e-01 
+6.0119353e-01 +6.0119353e-01 +2.9761293e-01 
+5.9714579e-01 +5.9714579e-01 +3.0570842e-01 
+5.9309805e-01 +5.9309805e-01 +3.1380390e-01 
+5.8905031e-01 +5.8905031e-01 +3.2189938e-01 
+5.8500257e-01 +5.8500257e-01 +3.2999486e-01 
+5.8095483e-01 +5.8095483e-01 +3.3809035e-01 
+5.7690709e-01 +5.7690709e-01 +3.4618583e-01 
+5.7285934e-01 +5.7285934e-01 +3.5428131e-01 
+5.6881160e-01 +5.6881160e-01 +3.6237679e-01 
+5.6476386e-01 +5.6476386e-01 +3.7047228e-01 
+5.6071612e-01 +5.6071612e-01 +3.7856776e-01 
+5.5666838e-01 +5.5666838e-01 +3.8666324e-01 
+5.5262064e-01 +5.5262064e-01 +3.9475873e-01 
+5.4857290e-01 +5.4857290e-01 +4.0285421e-01 
+5.4452515e-01 +5.4452515e-01 +4.1094969e-01 
+5.4047741e-01 +5.4047741e-01 +4.1904517e-01 
+5.3642967e-01 +5.3642967e-01 +4.2714066e-01 
+5.3238193e-01 +5.3238193e-01 +4.3523614e-01 
+5.2833419e-01 +5.2833419e-01 +4.4333162e-01 
+5.2428645e-01 +5.2428645e-01 +4.5142710e-01 
+5.2023871e-01 +5.2023871e-01 +4.5952259e-01 
+5.1619097e-01 +5.1619097e-01 +4.6761807e-01 
+5.1214322e-01 +5.1214322e-01 +4.7571355e-01 
+5.0809548e-01 +5.0809548e-01 +4.8380903e-01 
+5.0404774e-01 +5.0404774e-01 +4.9190452e-01 
+5.0000000e-01 +5.0000000e-01 +5.0000000e-01 
+5.0000000e-01 +0.0000000e+00 +0.0000000e+00 
+5.3238193e-01 +3.3809035e-02 +3.3809035e-02 
+5.6476386e-01 +6.7618069e-02 +6.7618069e-02 
+5.9714579e-01 +1.0142710e-01 +1.0142710e-01 
+6.2952772e-01 +1.3523614e-01 +1.3523614e-01 
+6.6190965e-01 +1.6904517e-01 +1.6904517e-01 
+6.9429158e-01 +2.0285421e-01 +2.0285421e-01 
+7.2667351e-01 +2.3666324e-01 +2.3666324e-01 
+7.5905544e-01 +2.7047228e-01 +2.7047228e-01 
+7.9143738e-01 +3.0428131e-01 +3.0428131e-01 
+8.2381931e-01 +3.3809035e-01 +3.3809035e-01 
# energies (kpt,band,spin)
# spin = 1
-4.6509704e+01 -4.6496667e+01 -4.6493661e+01 -3.5245769e+00 -1.4981281e+00 -1.4946265e+00 +5.9982085e+00 +6.0385034e+00 +1.3154819e+01 +1.3154819e+01 +1.3527243e+01 +1.3527243e+01 +1.4736947e+01 
-4.6509681e+01 -4.6496656e+01 -4.6493646e+01 -3.5221663e+00 -1.5099996e+00 -1.4780442e+00 +5.9782555e+00 +6.0615171e+00 +1.3114218e+01 +1.3125179e+01 +1.3519178e+01 +1.3521403e+01 +1.4730396e+01 
-4.6509612e+01 -4.6496623e+01 -4.6493602e+01 -3.5149332e+00 -1.5188293e+00 -1.4550419e+00 +5.9489295e+00 +6.1000678e+00 +1.3002058e+01 +1.3044993e+01 +1.3487183e+01 +1.3492237e+01 +1.4713823e+01 
-4.6509499e+01 -4.6496568e+01 -4.6493528e+01 -3.5028740e+00 -1.5230257e+00 -1.4270852e+00 +5.9211665e+00 +6.1433583e+00 +1.2833943e+01 +1.2930268e+01 +1.3419708e+01 +1.3420638e+01 +1.4694279e+01 
-4.6509341e+01 -4.6496492e+01 -4.6493427e+01 -3.4859849e+00 -1.5224437e+00 -1.3941077e+00 +5.8960668e+00 +6.1905324e+00 +1.2620634e+01 +1.2793402e+01 +1.3296732e+01 +1.3314240e+01 +1.4677350e+01 
-4.6509139e+01 -4.6496393e+01 -4.6493298e+01 -3.4642622e+00 -1.5168844e+00 -1.3560527e+00 +5.8737896e+00 +6.2417333e+00 +1.2369781e+01 +1.2642268e+01 +1.3122278e+01 +1.3176705e+01 +1.4662814e+01 
-4.6508894e+01 -4.6496273e+01 -4.6493145e+01 -3.4377004e+00 -1.5061731e+00 -1.3128834e+00 +5.8542856e+00 +6.2972516e+00 +1.2088408e+01 +1.2481971e+01 +1.2906676e+01 +1.3016344e+01 +1.4644937e+01 
-4.6508607e+01 -4.6496131e+01 -4.6492967e+01 -3.4062917e+00 -1.4902378e+00 -1.2645717e+00 +5.8374469e+00 +6.3572665e+00 +1.1783697e+01 +1.2316138e+01 +1.2661508e+01 +1.2842097e+01 +1.4614572e+01 
-4.6508281e+01 -4.6495966e+01 -4.6492766e+01 -3.3700282e+00 -1.4691057e+00 -1.2110899e+00 +5.8231612e+00 +6.4217711e+00 +1.1462883e+01 +1.2147591e+01 +1.2396922e+01 +1.2661155e+01 +1.4557608e+01 
-4.6507916e+01 -4.6495780e+01 -4.6492543e+01 -3.3289062e+00 -1.4428451e+00 -1.1524146e+00 +5.8113211e+00 +6.4905911e+00 +1.1132903e+01 +1.1978619e+01 +1.2120389e+01 +1.2478732e+01 +1.4449032e+01 
-4.6507515e+01 -4.6495574e+01 -4.6492301e+01 -3.2829261e+00 -1.4115213e+00 -1.0885386e+00 +5.8017886e+00 +6.5633953e+00 +1.0800085e+01 +1.1811031e+01 +1.1836861e+01 +1.2298310e+01 +1.4261417e+01 
-4.6507079e+01 -4.6495352e+01 -4.6492040e+01 -3.2320902e+00 -1.3751902e+00 -1.0194826e+00 +5.7943205e+00 +6.6396488e+00 +1.0469915e+01 +1.1549466e+01 +1.1646124e+01 +1.2122023e+01 +1.3998427e+01 
-4.6506610e+01 -4.6495115e+01 -4.6491762e+01 -3.1764008e+00 -1.3339087e+00 -9.4530012e-01 +5.7884764e+00 +6.7185118e+00 +1.0146888e+01 +1.1260218e+01 +1.1484697e+01 +1.1951032e+01 +1.3686767e+01 
-4.6506110e+01 -4.6494864e+01 -4.6491470e+01 -3.1158626e+00 -1.2877399e+00 -8.6607353e-01 +5.7835248e+00 +6.7987024e+00 +9.8344307e+00 +1.0970579e+01 +1.1327131e+01 +1.1785829e+01 +1.3348641e+01 
-4.6505581e+01 -4.6494602e+01 -4.6491166e+01 -3.0504876e+00 -1.2367502e+00 -7.8190439e-01 +5.7783414e+00 +6.8783214e+00 +9.5349589e+00 +1.0681846e+01 +1.1173530e+01 +1.1626467e+01 +1.2997862e+01 
-4.6505025e+01 -4.6494329e+01 -4.6490852e+01 -2.9802982e+00 -1.1810032e+00 -6.9290278e-01 +5.7712812e+00 +6.9546141e+00 +9.2502031e+00 +1.0395432e+01 +1.1023865e+01 +1.1472716e+01 +1.2642890e+01 
-4.6504446e+01 -4.6494046e+01 -4.6490530e+01 -2.9053270e+00 -1.1205573e+00 -5.9917946e-01 +5.7600286e+00 +7.0236145e+00 +8.9820170e+00 +1.0113075e+01 +1.0878095e+01 +1.1324187e+01 +1.2289098e+01 
-4.6503846e+01 -4.6493754e+01 -4.6490202e+01 -2.8256093e+00 -1.0554654e+00 -5.0084252e-01 +5.7414845e+00 +7.0795981e+00 +8.7337163e+00 +9.8370277e+00 +1.0736255e+01 +1.1180418e+01 +1.1940062e+01 
-4.6503228e+01 -4.6493455e+01 -4.6489870e+01 -2.7411754e+00 -9.8577852e-01 -3.9800067e-01 +5.7117682e+00 +7.1143894e+00 +8.5115413e+00 +9.5702697e+00 +1.0598492e+01 +1.1040959e+01 +1.1598331e+01 
-4.6502598e+01 -4.6493149e+01 -4.6489538e+01 -2.6520471e+00 -9.1155318e-01 -2.9077387e-01 +5.6663850e+00 +7.1172502e+00 +8.3249391e+00 +9.3167650e+00 +1.0465079e+01 +1.0905429e+01 +1.1265969e+01 
-4.6501957e+01 -4.6492839e+01 -4.6489208e+01 -2.5582415e+00 -8.3285821e-01 -1.7930952e-01 +5.6006128e+00 +7.0776029e+00 +8.1830636e+00 +9.0817023e+00 +1.0336390e+01 +1.0773557e+01 +1.0945074e+01 
-4.6501310e+01 -4.6492528e+01 -4.6488882e+01 -2.4597768e+00 -7.4978013e-01 -6.3801876e-02 +5.5101960e+00 +6.9918433e+00 +8.0864635e+00 +8.8714829e+00 +1.0212871e+01 +1.0638413e+01 +1.0645193e+01 
-4.6500660e+01 -4.6492216e+01 -4.6488563e+01 -2.3566773e+00 -6.6242755e-01 +5.5484630e-02 +5.3923475e+00 +6.8670648e+00 +8.0221705e+00 +8.6927085e+00 +1.0095001e+01 +1.0350282e+01 +1.0520307e+01 
-4.6500010e+01 -4.6491907e+01 -4.6488252e+01 -2.2489770e+00 -5.7093802e-01 +1.7818635e-01 +5.2467377e+00 +6.7147467e+00 +7.9711828e+00 +8.5486801e+00 +9.9832454e+00 +1.0087659e+01 +1.0398975e+01 
-4.6499363e+01 -4.6491602e+01 -4.6487952e+01 -2.1367241e+00 -4.7548867e-01 +3.0380336e-01 +5.0759254e+00 +6.5433371e+00 +7.9204175e+00 +8.4333609e+00 +9.8613279e+00 +9.8780211e+00 +1.0281364e+01 
-4.6498724e+01 -4.6491305e+01 -4.6487664e+01 -2.0199862e+00 -3.7631019e-01 +4.3164962e-01 +4.8849993e+00 +6.3573556e+00 +7.8659252e+00 +8.3301289e+00 +9.6853922e+00 +9.7796614e+00 +1.0167727e+01 
-4.6498095e+01 -4.6491016e+01 -4.6487389e+01 -1.8988559e+00 -2.7370262e-01 +5.6078083e-01 +4.6807566e+00 +6.1597130e+00 +7.8030550e+00 +8.2253196e+00 +9.5722749e+00 +9.6884062e+00 +1.0058402e+01 
-4.6497480e+01 -4.6490738e+01 -4.6487129e+01 -1.7734563e+00 -1.6805189e-01 +6.8988706e-01 +4.4708421e+00 +5.9533301e+00 +7.7122798e+00 +8.1298142e+00 +9.5244971e+00 +9.6044087e+00 +9.9538209e+00 
-4.6496882e+01 -4.6490472e+01 -4.6486886e+01 -1.6439471e+00 -5.9846865e-02 +8.1713873e-01 +4.2629812e+00 +5.7414164e+00 +7.5660800e+00 +8.0741441e+00 +9.5277522e+00 +9.5327650e+00 +9.8544955e+00 
-4.6496305e+01 -4.6490222e+01 -4.6486659e+01 -1.5105336e+00 +5.0302310e-02 +9.3998076e-01 +4.0644039e+00 +5.5271889e+00 +7.3650430e+00 +8.0658201e+00 +9.4584597e+00 +9.5828840e+00 +9.7609716e+00 
-4.6495753e+01 -4.6489988e+01 -4.6486450e+01 -1.3734794e+00 +1.6164189e-01 +1.0548838e+00 +3.8817212e+00 +5.3136317e+00 +7.1301696e+00 +8.0908705e+00 +9.3964879e+00 +9.6621210e+00 +9.6737478e+00 
-4.6495230e+01 -4.6489772e+01 -4.6486260e+01 -1.2331281e+00 +2.7324421e-01 +1.1571034e+00 +3.7213564e+00 +5.1034504e+00 +6.8775787e+00 +8.1375075e+00 +9.3417171e+00 +9.5931865e+00 +9.7607889e+00 
-4.6494739e+01 -4.6489576e+01 -4.6486090e+01 -1.0899367e+00 +3.8396318e-01 +1.2406204e+00 +3.5901503e+00 +4.8991632e+00 +6.6163791e+00 +8.1988818e+00 +9.2939566e+00 +9.5194660e+00 +9.8712151e+00 
-4.6494284e+01 -4.6489400e+01 -4.6485938e+01 -9.4452977e-01 +4.9236618e-01 +1.2986553e+00 +3.4954170e+00 +4.7032519e+00 +6.3518561e+00 +8.2708130e+00 +9.2529733e+00 +9.4525988e+00 +9.9856035e+00 
-4.6493869e+01 -4.6489246e+01 -4.6485806e+01 -7.9778669e-01 +5.9662375e-01 +1.3252545e+00 +3.4437865e+00 +4.5183162e+00 +6.0874665e+00 +8.3504618e+00 +9.2185341e+00 +9.3924956e+00 +1.0091315e+01 
-4.6493499e+01 -4.6489113e+01 -4.6485692e+01 -6.5099077e-01 +6.9431278e-01 +1.3178990e+00 +3.4389365e+00 +4.3471976e+00 +5.8259187e+00 +8.4356540e+00 +9.1904406e+00 +9.3390356e+00 +1.0156692e+01 
-4.6493177e+01 -4.6489001e+01 -4.6485597e+01 -5.0609196e-01 +7.8200402e-01 +1.2799075e+00 +3.4796532e+00 +4.1930561e+00 +5.5698772e+00 +8.5243855e+00 +9.1685469e+00 +9.2921152e+00 +1.0126797e+01 
-4.6492906e+01 -4.6488912e+01 -4.6485520e+01 -3.6618831e-01 +8.5421850e-01 +1.2215536e+00 +3.5597703e+00 +4.0593818e+00 +5.3226494e+00 +8.6142268e+00 +9.1527572e+00 +9.2516713e+00 +1.0019343e+01 
-4.6492691e+01 -4.6488843e+01 -4.6485461e+01 -2.3641429e-01 +9.0080850e-01 +1.1614175e+00 +3.6692908e+00 +3.9499293e+00 +5.0893259e+00 +8.7013790e+00 +9.1430029e+00 +9.2176943e+00 +9.8950548e+00 
-4.6492535e+01 -4.6488795e+01 -4.6485419e+01 -1.2544364e-01 +9.0742528e-01 +1.1253931e+00 +3.7933163e+00 +3.8689111e+00 +4.8796148e+00 +8.7791305e+00 +9.1391757e+00 +9.1902712e+00 +9.7840898e+00 
-4.6492440e+01 -4.6488766e+01 -4.6485394e+01 -4.7074709e-02 +8.8385407e-01 +1.1191352e+00 +3.8166250e+00 +3.9089126e+00 +4.7160220e+00 +8.8360861e+00 +9.1408077e+00 +9.1698785e+00 +9.7054079e+00 
-4.6492408e+01 -4.6488757e+01 -4.6485385e+01 -1.8092890e-02 +8.6960046e-01 +1.1205455e+00 +3.7998134e+00 +3.9601585e+00 +4.6480876e+00 +8.8576330e+00 +9.1441652e+00 +9.1602651e+00 +9.6763737e+00 
-4.6492398e+01 -4.6488754e+01 -4.6485381e+01 -1.5187104e-02 +8.7226224e-01 +1.1233185e+00 +3.7998368e+00 +3.9616920e+00 +4.6480988e+00 +8.8421545e+00 +9.0851080e+00 +9.1300085e+00 +9.7342263e+00 
-4.6492366e+01 -4.6488745e+01 -4.6485370e+01 -6.4657765e-03 +8.8024505e-01 +1.1316505e+00 +3.7998342e+00 +3.9662827e+00 +4.6480446e+00 +8.7888708e+00 +8.9165190e+00 +9.0982004e+00 +9.8512800e+00 
-4.6492313e+01 -4.6488731e+01 -4.6485350e+01 +8.0813441e-03 +8.9353989e-01 +1.1455791e+00 +3.7995871e+00 +3.9739033e+00 +4.6476506e+00 +8.6867823e+00 +8.7114458e+00 +9.0693906e+00 +9.9719012e+00 
-4.6492241e+01 -4.6488711e+01 -4.6485324e+01 +2.8467120e-02 +9.1212691e-01 +1.1651622e+00 +3.7987313e+00 +3.9845129e+00 +4.6464243e+00 +8.4911210e+00 +8.5386249e+00 +9.0525945e+00 +1.0077500e+01 
-4.6492149e+01 -4.6488687e+01 -4.6485291e+01 +5.4703704e-02 +9.3596934e-01 +1.1904677e+00 +3.7967509e+00 +3.9980617e+00 +4.6436065e+00 +8.2648530e+00 +8.3578170e+00 +9.0452762e+00 +1.0162935e+01 
-4.6492039e+01 -4.6488659e+01 -4.6485253e+01 +8.6800632e-02 +9.6500746e-01 +1.2215610e+00 +3.7929617e+00 +4.0144933e+00 +4.6381092e+00 +8.0382229e+00 +8.1569140e+00 +9.0437035e+00 +1.0227914e+01 
-4.6491913e+01 -4.6488629e+01 -4.6485210e+01 +1.2476376e-01 +9.9915576e-01 +1.2584890e+00 +3.7864826e+00 +4.0337460e+00 +4.6284435e+00 +7.8154069e+00 +7.9449899e+00 +9.0456532e+00 +1.0273741e+01 
-4.6491772e+01 -4.6488596e+01 -4.6485164e+01 +1.6859417e-01 +1.0383059e+00 +1.3012685e+00 +3.7761968e+00 +4.0557535e+00 +4.6126522e+00 +7.6000740e+00 +7.7286914e+00 +9.0499327e+00 +1.0301504e+01 
-4.6491617e+01 -4.6488563e+01 -4.6485115e+01 +2.1828668e-01 +1.0823361e+00 +1.3498775e+00 +3.7607130e+00 +4.0804505e+00 +4.5882727e+00 +7.3958472e+00 +7.5133587e+00 +9.0558221e+00 +1.0311084e+01 
-4.6491449e+01 -4.6488530e+01 -4.6485064e+01 +2.7382809e-01 +1.1311256e+00 +1.4042529e+00 +3.7383416e+00 +4.1077810e+00 +4.5523828e+00 +7.2065122e+00 +7.3037040e+00 +9.0627628e+00 +1.0300777e+01 
-4.6491269e+01 -4.6488498e+01 -4.6485012e+01 +3.3519496e-01 +1.1845671e+00 +1.4642872e+00 +3.7071055e+00 +4.1377081e+00 +4.5017986e+00 +7.0359725e+00 +7.1041303e+00 +9.0702068e+00 +1.0267369e+01 
-4.6491078e+01 -4.6488469e+01 -4.6484961e+01 +4.0235070e-01 +1.2425728e+00 +1.5298208e+00 +3.6648134e+00 +4.1702197e+00 +4.4334872e+00 +6.8879281e+00 +6.9187973e+00 +9.0775681e+00 +1.0206656e+01 
-4.6490877e+01 -4.6488444e+01 -4.6484911e+01 +4.7524121e-01 +1.3050705e+00 +1.6006248e+00 +3.6092142e+00 +4.2053275e+00 +4.3451828e+00 +6.7515075e+00 +6.7653308e+00 +9.0842336e+00 +1.0114510e+01 
-4.6490670e+01 -4.6488425e+01 -4.6484864e+01 +5.5378813e-01 +1.3719912e+00 +1.6763683e+00 +3.5382436e+00 +4.2360476e+00 +4.2430609e+00 +6.6054674e+00 +6.6698004e+00 +9.0896018e+00 +9.9884049e+00 
-4.6490457e+01 -4.6488413e+01 -4.6484820e+01 +6.3787803e-01 +1.4432542e+00 +1.7565627e+00 +3.4503298e+00 +4.1071150e+00 +4.2834588e+00 +6.4830163e+00 +6.6012819e+00 +9.0931189e+00 +9.8287965e+00 
-4.6490242e+01 -4.6488410e+01 -4.6484780e+01 +7.2734439e-01 +1.5187514e+00 +1.8404620e+00 +3.3446949e+00 +3.9613447e+00 +4.3265627e+00 +6.3854582e+00 +6.5581176e+00 +9.0942960e+00 +9.6395709e+00 
-4.6490027e+01 -4.6488417e+01 -4.6484746e+01 +8.2193670e-01 +1.5983339e+00 +1.9268814e+00 +3.2215616e+00 +3.8033962e+00 +4.3724126e+00 +6.3131084e+00 +6.5374410e+00 +9.0927067e+00 +9.4273942e+00 
-4.6489815e+01 -4.6488435e+01 -4.6484717e+01 +9.2126616e-01 +1.6817955e+00 +2.0138471e+00 +3.0821951e+00 +3.6394410e+00 +4.4210422e+00 +6.2655390e+00 +6.5355990e+00 +9.0879813e+00 +9.2006072e+00 
-4.6489609e+01 -4.6488466e+01 -4.6484693e+01 +1.0247052e+00 +1.7688488e+00 +2.0979169e+00 +2.9287546e+00 +3.4773962e+00 +4.4724677e+00 +6.2418559e+00 +6.5483143e+00 +8.9683552e+00 +9.0798191e+00 
-4.6489413e+01 -4.6488512e+01 -4.6484675e+01 +1.1311865e+00 +1.8590722e+00 +2.1729299e+00 +2.7640045e+00 +3.3279602e+00 +4.5266713e+00 +6.2408338e+00 +6.5704298e+00 +8.7401481e+00 +9.0680328e+00 
-4.6489230e+01 -4.6488573e+01 -4.6484662e+01 +1.2387713e+00 +1.9517321e+00 +2.2283349e+00 +2.5910804e+00 +3.2064659e+00 +4.5835860e+00 +6.2608991e+00 +6.5952149e+00 +8.5257229e+00 +9.0526275e+00 
-4.6489064e+01 -4.6488652e+01 -4.6484654e+01 +1.3436580e+00 +2.0448298e+00 +2.2501298e+00 +2.4140969e+00 +3.1328556e+00 +4.6431037e+00 +6.3001024e+00 +6.6134330e+00 +8.3350802e+00 +9.0339053e+00 
-4.6488920e+01 -4.6488749e+01 -4.6484651e+01 +1.4378509e+00 +2.1211379e+00 +2.2326503e+00 +2.2519233e+00 +3.1222814e+00 +4.7051246e+00 +6.3562084e+00 +6.6128477e+00 +8.1784775e+00 +9.0125601e+00 
-4.6488865e+01 -4.6488800e+01 -4.6484651e+01 +1.5045021e+00 +2.0197500e+00 +2.1970928e+00 +2.2665981e+00 +3.1713669e+00 +4.7696476e+00 +6.4268921e+00 +6.5796395e+00 +8.0654888e+00 +8.9897089e+00 
-4.6489003e+01 -4.6488708e+01 -4.6484654e+01 +1.5161527e+00 +1.8385234e+00 +2.1879884e+00 +2.3609399e+00 +3.2636253e+00 +4.8368630e+00 +6.5029893e+00 +6.5099424e+00 +8.0019098e+00 +8.9668131e+00 
-4.6489003e+01 -4.6488708e+01 -4.6484654e+01 +1.5161527e+00 +1.8385234e+00 +2.1879884e+00 +2.3609399e+00 +3.2636253e+00 +4.8368630e+00 +6.5029893e+00 +6.5099424e+00 +8.0019098e+00 +8.9668131e+00 
-4.6489161e+01 -4.6488648e+01 -4.6484658e+01 +1.4566348e+00 +1.6522438e+00 +2.2368561e+00 +2.4605592e+00 +3.3838638e+00 +4.9071031e+00 +6.3805287e+00 +6.6032849e+00 +7.9861896e+00 +8.9455191e+00 
-4.6489342e+01 -4.6488622e+01 -4.6484663e+01 +1.3423944e+00 +1.4655189e+00 +2.3367010e+00 +2.5607570e+00 +3.5227193e+00 +4.9810064e+00 +6.2183552e+00 +6.7053241e+00 +8.0100199e+00 +8.9273826e+00 
-4.6489545e+01 -4.6488633e+01 -4.6484668e+01 +1.1980828e+00 +1.2796637e+00 +2.4681572e+00 +2.6599845e+00 +3.6744879e+00 +5.0591989e+00 +6.0268719e+00 +6.8146374e+00 +8.0630986e+00 +8.9138246e+00 
-4.6489771e+01 -4.6488681e+01 -4.6484674e+01 +1.0389457e+00 +1.0953628e+00 +2.6189659e+00 +2.7571386e+00 +3.8350152e+00 +5.1423106e+00 +5.8168882e+00 +6.9300106e+00 +8.1366471e+00 +8.9060938e+00 
-4.6490019e+01 -4.6488769e+01 -4.6484682e+01 +8.7278481e-01 +9.1307832e-01 +2.7830824e+00 +2.8512074e+00 +3.9997713e+00 +5.2309847e+00 +5.5988987e+00 +7.0503947e+00 +8.2243653e+00 +8.9053141e+00 
-4.6490289e+01 -4.6488895e+01 -4.6484692e+01 +7.0368795e-01 +7.3317609e-01 +2.9411999e+00 +2.9574767e+00 +4.1609193e+00 +5.3259093e+00 +5.3854943e+00 +7.1748772e+00 +8.3220465e+00 +8.9125358e+00 
-4.6490583e+01 -4.6489060e+01 -4.6484707e+01 +5.3397054e-01 +5.5597909e-01 +3.0261439e+00 +3.1403778e+00 +4.2996933e+00 +5.1993047e+00 +5.4278214e+00 +7.3026673e+00 +8.4269994e+00 +8.9287659e+00 
-4.6490899e+01 -4.6489262e+01 -4.6484729e+01 +3.6506413e-01 +3.8178628e-01 +3.1051122e+00 +3.3301603e+00 +4.3689449e+00 +5.0912113e+00 +5.5374584e+00 +7.4330950e+00 +8.5376391e+00 +8.9549751e+00 
-4.6491238e+01 -4.6489501e+01 -4.6484758e+01 +1.9793011e-01 +2.1087358e-01 +3.1772658e+00 +3.5234943e+00 +4.3140723e+00 +5.1212415e+00 +5.6554598e+00 +7.5656141e+00 +8.6532455e+00 +8.9920849e+00 
-4.6491599e+01 -4.6489775e+01 -4.6484798e+01 +3.3257941e-02 +4.3488685e-02 +3.2419093e+00 +3.7064058e+00 +4.1798704e+00 +5.2606012e+00 +5.7822464e+00 +7.6998051e+00 +8.7737963e+00 +9.0409380e+00 
-4.6491983e+01 -4.6490081e+01 -4.6484849e+01 -1.2843675e-01 -1.2015284e-01 +3.2985491e+00 +3.7876583e+00 +4.1180997e+00 +5.4504925e+00 +5.9179285e+00 +7.8353698e+00 +8.8997783e+00 +9.1022559e+00 
-4.6492388e+01 -4.6490419e+01 -4.6484913e+01 -2.8676056e-01 -2.7986832e-01 +3.3469357e+00 +3.6576208e+00 +4.2663395e+00 +5.6640247e+00 +6.0622890e+00 +7.9721207e+00 +9.0319286e+00 +9.1765889e+00 
-4.6492814e+01 -4.6490785e+01 -4.6484990e+01 -4.4141170e-01 -4.3550601e-01 +3.3870764e+00 +3.4668010e+00 +4.4843720e+00 +5.8909743e+00 +6.2148575e+00 +8.1099704e+00 +9.1709299e+00 +9.2642654e+00 
-4.6493260e+01 -4.6491178e+01 -4.6485082e+01 -5.9215884e-01 -5.8694207e-01 +3.2695338e+00 +3.4192104e+00 +4.7214072e+00 +6.1267880e+00 +6.3750401e+00 +8.2489270e+00 +9.3171503e+00 +9.3653530e+00 
-4.6493724e+01 -4.6491595e+01 -4.6485188e+01 -7.3882472e-01 -7.3407705e-01 +3.0756035e+00 +3.4437539e+00 +4.9682651e+00 +6.3690045e+00 +6.5422409e+00 +8.3890949e+00 +9.4705134e+00 +9.4796523e+00 
-4.6494205e+01 -4.6492035e+01 -4.6485309e+01 -8.8127304e-01 -8.7683223e-01 +2.8875891e+00 +3.4612236e+00 +5.2216160e+00 +6.6161035e+00 +6.7159220e+00 +8.5306732e+00 +9.6067289e+00 +9.6305218e+00 
-4.6494701e+01 -4.6492494e+01 -4.6485444e+01 -1.0193978e+00 -1.0151456e+00 +2.7061515e+00 +3.4721596e+00 +5.4795369e+00 +6.8671400e+00 +6.8955900e+00 +8.6739436e+00 +9.7459750e+00 +9.7963794e+00 
-4.6495211e+01 -4.6492972e+01 -4.6485593e+01 -1.1531152e+00 -1.1489676e+00 +2.5313236e+00 +3.4770825e+00 +5.7407032e+00 +7.0807498e+00 +7.1216520e+00 +8.8192467e+00 +9.8966732e+00 +9.9671307e+00 
-4.6495733e+01 -4.6493466e+01 -4.6485756e+01 -1.2823571e+00 -1.2782568e+00 +2.3629553e+00 +3.4765165e+00 +6.0041966e+00 +7.2708981e+00 +7.3796526e+00 +8.9669537e+00 +1.0058055e+01 +1.0141745e+01 
-4.6496265e+01 -4.6493973e+01 -4.6485931e+01 -1.4070676e+00 -1.4029779e+00 +2.2008798e+00 +3.4710663e+00 +6.2694489e+00 +7.4655916e+00 +7.6416142e+00 +9.1174416e+00 +1.0229377e+01 +1.0319103e+01 
-4.6496804e+01 -4.6494492e+01 -4.6486117e+01 -1.5272018e+00 -1.5231026e+00 +2.0449667e+00 +3.4614651e+00 +6.5362059e+00 +7.6645359e+00 +7.9083922e+00 +9.2710721e+00 +1.0410031e+01 +1.0497873e+01 
-4.6497350e+01 -4.6495020e+01 -4.6486315e+01 -1.6427278e+00 -1.6386172e+00 +1.8951312e+00 +3.4485307e+00 +6.8044768e+00 +7.8676010e+00 +8.1810619e+00 +9.4281462e+00 +1.0599636e+01 +1.0676249e+01 
-4.6497899e+01 -4.6495554e+01 -4.6486522e+01 -1.7536284e+00 -1.7495320e+00 +1.7513268e+00 +3.4330589e+00 +7.0744555e+00 +8.0747450e+00 +8.4606731e+00 +9.5888030e+00 +1.0798037e+01 +1.0851593e+01 
-4.6498448e+01 -4.6496092e+01 -4.6486738e+01 -1.8599022e+00 -1.8558888e+00 +1.6135354e+00 +3.4157399e+00 +7.3464197e+00 +8.2859108e+00 +8.7479749e+00 +9.7528422e+00 +1.1005172e+01 +1.1020004e+01 
-4.6498997e+01 -4.6496631e+01 -4.6486960e+01 -1.9615594e+00 -1.9577535e+00 +1.4817584e+00 +3.3971308e+00 +7.6206329e+00 +8.5009508e+00 +9.0431858e+00 +9.9194882e+00 +1.1176058e+01 +1.1220822e+01 
-4.6499542e+01 -4.6497167e+01 -4.6487187e+01 -2.0586144e+00 -2.0551902e+00 +1.3560105e+00 +3.3776709e+00 +7.8972691e+00 +8.7195875e+00 +9.3458787e+00 +1.0087171e+01 +1.1313164e+01 +1.1444215e+01 
-4.6500080e+01 -4.6497698e+01 -4.6487416e+01 -2.1510769e+00 -2.1482230e+00 +1.2363153e+00 +3.3577097e+00 +8.1763639e+00 +8.9414043e+00 +9.6549903e+00 +1.0253424e+01 +1.1425196e+01 +1.1673259e+01 
-4.6500611e+01 -4.6498222e+01 -4.6487647e+01 -2.2389459e+00 -2.2368148e+00 +1.1227032e+00 +3.3375333e+00 +8.4577709e+00 +9.1658598e+00 +9.9688975e+00 +1.0414965e+01 +1.1509233e+01 +1.1902626e+01 
-4.6501131e+01 -4.6498735e+01 -4.6487876e+01 -2.3222089e+00 -2.3208781e+00 +1.0152102e+00 +3.3173857e+00 +8.7411038e+00 +9.3923248e+00 +1.0285438e+01 +1.0567923e+01 +1.1567448e+01 +1.2118358e+01 
-4.6501638e+01 -4.6499235e+01 -4.6488102e+01 -2.4008443e+00 -2.4003080e+00 +9.1387768e-01 +3.2974854e+00 +9.0256506e+00 +9.6201348e+00 +1.0601646e+01 +1.0708218e+01 +1.1606529e+01 +1.2291138e+01 
-4.6502129e+01 -4.6499720e+01 -4.6488324e+01 -2.4750115e+00 -2.4748256e+00 +8.1875319e-01 +3.2780338e+00 +9.3102565e+00 +9.8486467e+00 +1.0832170e+01 +1.0912462e+01 +1.1636559e+01 +1.2408537e+01 
-4.6502601e+01 -4.6500188e+01 -4.6488541e+01 -2.5449183e+00 -2.5441250e+00 +7.2989262e-01 +3.2592165e+00 +9.5931615e+00 +1.0077259e+01 +1.0937423e+01 +1.1204846e+01 +1.1675235e+01 +1.2503865e+01 
-4.6503054e+01 -4.6500635e+01 -4.6488751e+01 -2.6099765e+00 -2.6087145e+00 +6.4736247e-01 +3.2411970e+00 +9.8717557e+00 +1.0305255e+01 +1.1023975e+01 +1.1432833e+01 +1.1772483e+01 +1.2603783e+01 
-4.6503482e+01 -4.6501060e+01 -4.6488952e+01 -2.6701440e+00 -2.6685658e+00 +5.7124219e-01 +3.2241093e+00 +1.0142176e+01 +1.0531050e+01 +1.1095143e+01 +1.1538726e+01 +1.1989784e+01 +1.2717651e+01 
-4.6503886e+01 -4.6501459e+01 -4.6489144e+01 -2.7253826e+00 -2.7236500e+00 +5.0162531e-01 +3.2080544e+00 +1.0398606e+01 +1.0749339e+01 +1.1159608e+01 +1.1586417e+01 +1.2267837e+01 +1.2847538e+01 
-4.6504261e+01 -4.6501830e+01 -4.6489324e+01 -2.7756598e+00 -2.7739375e+00 +4.3861875e-01 +3.1931065e+00 +1.0632202e+01 +1.0940898e+01 +1.1240169e+01 +1.1632242e+01 +1.2556983e+01 +1.2993038e+01 
-4.6504607e+01 -4.6502172e+01 -4.6489493e+01 -2.8209533e+00 -2.8194002e+00 +3.8234036e-01 +3.1793247e+00 +1.0830499e+01 +1.1063762e+01 +1.1381156e+01 +1.1699912e+01 +1.2842935e+01 +1.3153073e+01 
-4.6504921e+01 -4.6502481e+01 -4.6489648e+01 -2.8612563e+00 -2.8600134e+00 +3.3291515e-01 +3.1667659e+00 +1.0981012e+01 +1.1119123e+01 +1.1581695e+01 +1.1803956e+01 +1.3119600e+01 +1.3326315e+01 
-4.6505201e+01 -4.6502756e+01 -4.6489788e+01 -2.8965787e+00 -2.8957588e+00 +2.9046776e-01 +3.1554909e+00 +1.1081174e+01 +1.1144943e+01 +1.1802008e+01 +1.1946258e+01 +1.3382167e+01 +1.3510753e+01 
-4.6505446e+01 -4.6502996e+01 -4.6489912e+01 -2.9269480e+00 -2.9266247e+00 +2.5510197e-01 +3.1455645e+00 +1.1141973e+01 +1.1158470e+01 +1.2021396e+01 +1.2113785e+01 +1.3624643e+01 +1.3702306e+01 
-4.6505654e+01 -4.6503198e+01 -4.6490018e+01 -2.9526079e+00 -2.9524110e+00 +2.2684896e-01 +3.1370512e+00 +1.1165812e+01 +1.1178163e+01 +1.2229331e+01 +1.2288597e+01 +1.3837208e+01 +1.3891456e+01 
-4.6505824e+01 -4.6503363e+01 -4.6490105e+01 -2.9737182e+00 -2.9730365e+00 +2.0556486e-01 +3.1300099e+00 +1.1169718e+01 +1.1200458e+01 +1.2418076e+01 +1.2455499e+01 +1.4003191e+01 +1.4055544e+01 
-4.6505956e+01 -4.6503491e+01 -4.6490173e+01 -2.9899863e+00 -2.9889141e+00 +1.9078741e-01 +3.1244891e+00 +1.1171692e+01 +1.1214903e+01 +1.2580337e+01 +1.2602380e+01 +1.4104805e+01 +1.4154294e+01 
-4.6506049e+01 -4.6503582e+01 -4.6490222e+01 -3.0014776e+00 -3.0001474e+00 +1.8163468e-01 +3.1205245e+00 +1.1172622e+01 +1.1224401e+01 +1.2707873e+01 +1.2718506e+01 +1.4146353e+01 +1.4175759e+01 
-4.6506104e+01 -4.6503636e+01 -4.6490251e+01 -3.0082955e+00 -3.0068368e+00 +1.7690425e-01 +3.1181386e+00 +1.1173014e+01 +1.1230011e+01 +1.2790888e+01 +1.2793762e+01 +1.4155267e+01 +1.4163555e+01 
-4.6506122e+01 -4.6503654e+01 -4.6490261e+01 -3.0105512e+00 -3.0090573e+00 +1.7548197e-01 +3.1173422e+00 +1.1173120e+01 +1.1231894e+01 +1.2819950e+01 +1.2819950e+01 +1.4155428e+01 +1.4155428e+01 
-4.6506249e+01 -4.6503501e+01 -4.6490286e+01 -3.0808079e+00 -2.9335743e+00 +1.5817884e-01 +3.1398574e+00 +1.0797210e+01 +1.1612820e+01 +1.2822588e+01 +1.2822588e+01 +1.4151410e+01 +1.4151410e+01 
-4.6506562e+01 -4.6503112e+01 -4.6490362e+01 -3.1465450e+00 -2.8521812e+00 +1.0782079e-01 +3.2060170e+00 +1.0398750e+01 +1.2024639e+01 +1.2830478e+01 +1.2830478e+01 +1.4138463e+01 +1.4138463e+01 
-4.6506956e+01 -4.6502593e+01 -4.6490487e+01 -3.2070071e+00 -2.7656905e+00 +2.8535757e-02 +3.3121668e+00 +1.0004342e+01 +1.2436105e+01 +1.2843521e+01 +1.2843521e+01 +1.4114306e+01 +1.4114306e+01 
-4.6507370e+01 -4.6502005e+01 -4.6490660e+01 -3.2621908e+00 -2.6741740e+00 -7.4181896e-02 +3.4535232e+00 +9.6132306e+00 +1.2841571e+01 +1.2861509e+01 +1.2861509e+01 +1.4076655e+01 +1.4076655e+01 
-4.6507774e+01 -4.6501380e+01 -4.6490879e+01 -3.3120988e+00 -2.5776850e+00 -1.9466276e-01 +3.6252544e+00 +9.2251066e+00 +1.2884113e+01 +1.2884113e+01 +1.3234872e+01 +1.4025270e+01 +1.4025270e+01 
-4.6508155e+01 -4.6500736e+01 -4.6491142e+01 -3.3567353e+00 -2.4762583e+00 -3.2781142e-01 +3.8230993e+00 +8.8406113e+00 +1.2910912e+01 +1.2910912e+01 +1.3610351e+01 +1.3962886e+01 +1.3962886e+01 
-4.6508503e+01 -4.6500084e+01 -4.6491445e+01 -3.3961043e+00 -2.3699266e+00 -4.6939981e-01 +4.0435333e+00 +8.4610726e+00 +1.2941441e+01 +1.2941441e+01 +1.3893922e+01 +1.3893923e+01 +1.3963929e+01 
-4.6508812e+01 -4.6499435e+01 -4.6491784e+01 -3.4302103e+00 -2.2587394e+00 -6.1607903e-01 +4.2836651e+00 +8.0879319e+00 +1.2975186e+01 +1.2975186e+01 +1.3822622e+01 +1.3822622e+01 +1.4293497e+01 
-4.6509079e+01 -4.6498800e+01 -4.6492153e+01 -3.4590579e+00 -2.1427752e+00 -7.6527248e-01 +4.5410391e+00 +7.7223043e+00 +1.3011475e+01 +1.3011475e+01 +1.3752295e+01 +1.3752295e+01 +1.4598252e+01 
-4.6509301e+01 -4.6498191e+01 -4.6492539e+01 -3.4826521e+00 -2.0221462e+00 -9.1503968e-01 +4.8134636e+00 +7.3648352e+00 +1.3049250e+01 +1.3049250e+01 +1.3685594e+01 +1.3685594e+01 +1.4691025e+01 
-4.6509476e+01 -4.6497628e+01 -4.6492927e+01 -3.5009975e+00 -1.8969987e+00 -1.0639444e+00 +5.0989335e+00 +7.0157785e+00 +1.3086668e+01 +1.3086668e+01 +1.3625228e+01 +1.3625228e+01 +1.4708750e+01 
-4.6509602e+01 -4.6497145e+01 -4.6493285e+01 -3.5140982e+00 -1.7675121e+00 -1.2109369e+00 +5.3956563e+00 +6.6751708e+00 +1.3120484e+01 +1.3120484e+01 +1.3574867e+01 +1.3574867e+01 +1.4723622e+01 
-4.6509678e+01 -4.6496798e+01 -4.6493556e+01 -3.5219574e+00 -1.6338984e+00 -1.3552556e+00 +5.7020619e+00 +6.3430934e+00 +1.3145389e+01 +1.3145389e+01 +1.3539998e+01 +1.3539998e+01 +1.4733492e+01 
-4.6509704e+01 -4.6496667e+01 -4.6493661e+01 -3.5245769e+00 -1.4981281e+00 -1.4946265e+00 +5.9982085e+00 +6.0385034e+00 +1.3154819e+01 +1.3154819e+01 +1.3527243e+01 +1.3527243e+01 +1.4736947e+01 
-4.6509681e+01 -4.6496654e+01 -4.6493647e+01 -3.5221984e+00 -1.4958267e+00 -1.4922605e+00 +5.9996414e+00 +6.0400237e+00 +1.3117940e+01 +1.3121600e+01 +1.3516678e+01 +1.3523618e+01 +1.4729622e+01 
-4.6509613e+01 -4.6496616e+01 -4.6493607e+01 -3.5150614e+00 -1.4888831e+00 -1.4851650e+00 +6.0039360e+00 +6.0446189e+00 +1.3018725e+01 +1.3028355e+01 +1.3478448e+01 +1.3500399e+01 +1.4712005e+01 
-4.6509501e+01 -4.6496553e+01 -4.6493541e+01 -3.5031620e+00 -1.4771903e+00 -1.4733397e+00 +6.0110975e+00 +6.0523735e+00 +1.2875643e+01 +1.2887208e+01 +1.3401983e+01 +1.3438188e+01 +1.4693693e+01 
-4.6509345e+01 -4.6496465e+01 -4.6493448e+01 -3.4864974e+00 -1.4606022e+00 -1.4567573e+00 +6.0211795e+00 +6.0633769e+00 +1.2700894e+01 +1.2708262e+01 +1.3283988e+01 +1.3327370e+01 +1.4682390e+01 
-4.6509147e+01 -4.6496352e+01 -4.6493331e+01 -3.4650690e+00 -1.4389652e+00 -1.4353400e+00 +6.0343217e+00 +6.0776717e+00 +1.2498904e+01 +1.2501796e+01 +1.3129879e+01 +1.3168438e+01 +1.4679663e+01 
-4.6508906e+01 -4.6496214e+01 -4.6493191e+01 -3.4388837e+00 -1.4121534e+00 -1.4089632e+00 +6.0507476e+00 +6.0952158e+00 +1.2264900e+01 +1.2283717e+01 +1.2949595e+01 +1.2968003e+01 +1.4681794e+01 
-4.6508625e+01 -4.6496052e+01 -4.6493028e+01 -3.4079509e+00 -1.3800974e+00 -1.3774962e+00 +6.0707214e+00 +6.1158768e+00 +1.2011006e+01 +1.2051442e+01 +1.2735016e+01 +1.2753364e+01 +1.4682481e+01 
-4.6508305e+01 -4.6495866e+01 -4.6492844e+01 -3.3722809e+00 -1.3427921e+00 -1.3408508e+00 +6.0945078e+00 +6.1394688e+00 +1.1741235e+01 +1.1809468e+01 +1.2478208e+01 +1.2549612e+01 +1.4674671e+01 
-4.6507946e+01 -4.6495656e+01 -4.6492641e+01 -3.3318842e+00 -1.3002813e+00 -1.2990007e+00 +6.1223651e+00 +6.1658086e+00 +1.1459083e+01 +1.1561803e+01 +1.2204817e+01 +1.2344483e+01 +1.4651466e+01 
-4.6507551e+01 -4.6495426e+01 -4.6492419e+01 -3.2867720e+00 -1.2526399e+00 -1.2519687e+00 +6.1545483e+00 +6.1947431e+00 +1.1167731e+01 +1.1311728e+01 +1.1920266e+01 +1.2141997e+01 +1.4606889e+01 
-4.6507120e+01 -4.6495180e+01 -4.6492178e+01 -3.2369547e+00 -1.1999701e+00 -1.1998056e+00 +6.1912625e+00 +6.2261207e+00 +1.0870144e+01 +1.1061711e+01 +1.1628422e+01 +1.1944414e+01 +1.4463325e+01 
-4.6506655e+01 -4.6494918e+01 -4.6491921e+01 -3.1824400e+00 -1.1425727e+00 -1.1423988e+00 +6.2325428e+00 +6.2597206e+00 +1.0569052e+01 +1.0813443e+01 +1.1332093e+01 +1.1752666e+01 +1.4217281e+01 
-4.6506158e+01 -4.6494645e+01 -4.6491647e+01 -3.1232329e+00 -1.0803329e+00 -1.0800618e+00 +6.2780823e+00 +6.2951679e+00 +1.0266864e+01 +1.0567907e+01 +1.1033548e+01 +1.1566789e+01 +1.3956106e+01 
-4.6505631e+01 -4.6494362e+01 -4.6491358e+01 -3.0593373e+00 -1.0131474e+00 -1.0130807e+00 +6.3270778e+00 +6.3318349e+00 +9.9655832e+00 +1.0325397e+01 +1.0734980e+01 +1.1386369e+01 +1.3687925e+01 
-4.6505077e+01 -4.6494069e+01 -4.6491055e+01 -2.9907568e+00 -9.4154754e-01 -9.4107806e-01 +6.3687326e+00 +6.3781808e+00 +9.6667448e+00 +1.0085470e+01 +1.0438937e+01 +1.1210984e+01 +1.3418616e+01 
-4.6504498e+01 -4.6493767e+01 -4.6490741e+01 -2.9174937e+00 -8.6552091e-01 -8.6419175e-01 +6.4044150e+00 +6.4296142e+00 +9.3713976e+00 +9.8467207e+00 +1.0148858e+01 +1.1040587e+01 +1.3152266e+01 
-4.6503899e+01 -4.6493459e+01 -4.6490416e+01 -2.8395437e+00 -7.8503221e-01 -7.8256705e-01 +6.4369318e+00 +6.4794198e+00 +9.0801197e+00 +9.6063510e+00 +9.8697410e+00 +1.0875713e+01 +1.2891601e+01 
-4.6503281e+01 -4.6493144e+01 -4.6490085e+01 -2.7568912e+00 -7.0009637e-01 -6.9630032e-01 +6.4638423e+00 +6.5257276e+00 +8.7930818e+00 +9.3602483e+00 +9.6082349e+00 +1.0717441e+01 +1.2638304e+01 
-4.6502648e+01 -4.6492826e+01 -4.6489749e+01 -2.6695061e+00 -6.1072412e-01 -6.0551001e-01 +6.4822727e+00 +6.5669349e+00 +8.5101590e+00 +9.1055435e+00 +9.3701382e+00 +1.0567154e+01 +1.2393240e+01 
-4.6502004e+01 -4.6492505e+01 -4.6489410e+01 -2.5773454e+00 -5.1693346e-01 -5.1033677e-01 +6.4889958e+00 +6.6017636e+00 +8.2310794e+00 +8.8440257e+00 +9.1569094e+00 +1.0426245e+01 +1.2156667e+01 
-4.6501351e+01 -4.6492184e+01 -4.6489072e+01 -2.4803614e+00 -4.1875945e-01 -4.1093643e-01 +6.4805518e+00 +6.6292295e+00 +7.9555819e+00 +8.5804499e+00 +8.9671132e+00 +1.0295866e+01 +1.1928476e+01 
-4.6500692e+01 -4.6491865e+01 -4.6488737e+01 -2.3785093e+00 -3.1626177e-01 -3.0746491e-01 +6.4534836e+00 +6.6485571e+00 +7.6835719e+00 +8.3187648e+00 +8.7997573e+00 +1.0176776e+01 +1.1708418e+01 
-4.6500030e+01 -4.6491550e+01 -4.6488405e+01 -2.2717533e+00 -2.0953046e-01 -2.0005979e-01 +6.4047533e+00 +6.6589633e+00 +7.4153659e+00 +8.0609985e+00 +8.6548227e+00 +1.0069278e+01 +1.1496281e+01 
-4.6499367e+01 -4.6491241e+01 -4.6488080e+01 -2.1600688e+00 -9.8690051e-02 -8.8829267e-02 +6.3322883e+00 +6.6587901e+00 +7.1525396e+00 +7.8076907e+00 +8.5322655e+00 +9.9732238e+00 +1.1291984e+01 
-4.6498706e+01 -4.6490940e+01 -4.6487763e+01 -2.0434420e+00 +1.6097492e-02 +2.6141594e-02 +6.2354186e+00 +6.6400380e+00 +6.9033162e+00 +7.5585873e+00 +8.4310705e+00 +9.8880569e+00 +1.1095612e+01 
-4.6498049e+01 -4.6490649e+01 -4.6487456e+01 -1.9218688e+00 +1.3463027e-01 +1.4476752e-01 +6.1149285e+00 +6.5439194e+00 +6.7268952e+00 +7.3133175e+00 +8.3488532e+00 +9.8128613e+00 +1.0907426e+01 
-4.6497399e+01 -4.6490370e+01 -4.6487161e+01 -1.7953548e+00 +2.5666340e-01 +2.6693445e-01 +5.9726787e+00 +6.3219706e+00 +6.6722413e+00 +7.0719286e+00 +8.2820233e+00 +9.7463822e+00 +1.0727908e+01 
-4.6496759e+01 -4.6490104e+01 -4.6486879e+01 -1.6639190e+00 +3.8190513e-01 +3.9247852e-01 +5.8110704e+00 +6.0721400e+00 +6.6419715e+00 +6.8351238e+00 +8.2262519e+00 +9.6869982e+00 +1.0557822e+01 
-4.6496131e+01 -4.6489853e+01 -4.6486613e+01 -1.5275978e+00 +5.1001287e-01 +5.2117724e-01 +5.6326727e+00 +5.8192930e+00 +6.6041577e+00 +6.6119124e+00 +8.1769575e+00 +9.6326665e+00 +1.0398233e+01 
-4.6495517e+01 -4.6489619e+01 -4.6486362e+01 -1.3864494e+00 +6.4058915e-01 +6.5274955e-01 +5.4401158e+00 +5.5675968e+00 +6.3805094e+00 +6.5788252e+00 +8.1296920e+00 +9.5808898e+00 +1.0250390e+01 
-4.6494920e+01 -4.6489402e+01 -4.6486129e+01 -1.2405546e+00 +7.7317595e-01 +7.8685818e-01 +5.2361373e+00 +5.3186963e+00 +6.1655420e+00 +6.5423341e+00 +8.0804617e+00 +9.5287739e+00 +1.0115474e+01 
-4.6494343e+01 -4.6489206e+01 -4.6485914e+01 -1.0900131e+00 +9.0724434e-01 +9.2310895e-01 +5.0236164e+00 +5.0738447e+00 +5.9603106e+00 +6.5028481e+00 +8.0260394e+00 +9.4732377e+00 +9.9942238e+00 
-4.6493786e+01 -4.6489030e+01 -4.6485717e+01 -9.3493801e-01 +1.0421760e+00 +1.0610427e+00 +4.8055123e+00 +4.8342968e+00 +5.7655595e+00 +6.4611462e+00 +7.9642440e+00 +9.4114034e+00 +9.8865757e+00 
-4.6493251e+01 -4.6488875e+01 -4.6485539e+01 -7.7544980e-01 +1.1772340e+00 +1.2001166e+00 +4.5847231e+00 +4.6013549e+00 +5.5818482e+00 +6.4182390e+00 +7.8940737e+00 +9.3410873e+00 +9.7914782e+00 
-4.6492739e+01 -4.6488741e+01 -4.6485379e+01 -6.1167282e-01 +1.3115220e+00 +1.3396723e+00 +4.3639186e+00 +4.3763094e+00 +5.4097237e+00 +6.3752905e+00 +7.8155851e+00 +9.2612100e+00 +9.7070300e+00 
-4.6492253e+01 -4.6488630e+01 -4.6485237e+01 -4.4373630e-01 +1.4439323e+00 +1.4788855e+00 +4.1453901e+00 +4.1603665e+00 +5.2498853e+00 +6.3335632e+00 +7.7295410e+00 +9.1719349e+00 +9.6309212e+00 
-4.6491794e+01 -4.6488541e+01 -4.6485113e+01 -2.7178085e-01 +1.5730866e+00 +1.6166872e+00 +3.9309446e+00 +3.9546374e+00 +5.1033140e+00 +6.2943834e+00 +7.6370111e+00 +9.0744987e+00 +9.5609776e+00 
-4.6491362e+01 -4.6488475e+01 -4.6485007e+01 -9.5973510e-02 +1.6972749e+00 +1.7516330e+00 +3.7218671e+00 +3.7602530e+00 +4.9713506e+00 +6.2591291e+00 +7.5391218e+00 +8.9708625e+00 +9.4955482e+00 
-4.6490958e+01 -4.6488430e+01 -4.6484918e+01 +8.3463976e-02 +1.8144056e+00 +1.8816714e+00 +3.5189614e+00 +3.5786610e+00 +4.8557199e+00 +6.2292406e+00 +7.4370034e+00 +8.8633485e+00 +9.4335993e+00 
-4.6490585e+01 -4.6488406e+01 -4.6484844e+01 +2.6620538e-01 +1.9219891e+00 +2.0037223e+00 +3.3226543e+00 +3.4121691e+00 +4.7585029e+00 +6.2062442e+00 +7.3318368e+00 +8.7543532e+00 +9.3745670e+00 
-4.6490243e+01 -4.6488404e+01 -4.6484785e+01 +4.5173277e-01 +2.0171979e+00 +2.1129233e+00 +3.1331227e+00 +3.2648507e+00 +4.6820345e+00 +6.1917719e+00 +7.2248886e+00 +8.6461459e+00 +9.3181184e+00 
-4.6489933e+01 -4.6488422e+01 -4.6484739e+01 +6.3917699e-01 +2.0970551e+00 +2.2015245e+00 +2.9504115e+00 +3.1438525e+00 +4.6286611e+00 +6.1875536e+00 +7.1175068e+00 +8.5407248e+00 +9.2639602e+00 
-4.6489655e+01 -4.6488460e+01 -4.6484705e+01 +8.2700453e-01 +2.1587850e+00 +2.2585993e+00 +2.7745366e+00 +3.0600313e+00 +4.6002913e+00 +6.1953516e+00 +7.0111210e+00 +8.4397062e+00 +9.2117751e+00 
-4.6489411e+01 -4.6488516e+01 -4.6484680e+01 +1.0123527e+00 +2.2002403e+00 +2.2751520e+00 +2.6056218e+00 +3.0235689e+00 +4.5977572e+00 +6.2168113e+00 +6.9072890e+00 +8.3442451e+00 +9.1613102e+00 
-4.6489201e+01 -4.6488589e+01 -4.6484664e+01 +1.1895347e+00 +2.2199406e+00 +2.2566678e+00 +2.4443779e+00 +3.0330186e+00 +4.6201568e+00 +6.2532329e+00 +6.8077914e+00 +8.2550146e+00 +9.1125741e+00 
-4.6489024e+01 -4.6488679e+01 -4.6484654e+01 +1.3468083e+00 +2.2123838e+00 +2.2282480e+00 +2.2970291e+00 +3.0735385e+00 +4.6644518e+00 +6.3053048e+00 +6.7147399e+00 +8.1722893e+00 +9.0660265e+00 
-4.6488881e+01 -4.6488783e+01 -4.6484648e+01 +1.4620508e+00 +2.1212591e+00 +2.2219184e+00 +2.2271161e+00 +3.1288531e+00 +4.7255076e+00 +6.3728591e+00 +6.6306627e+00 +8.0961728e+00 +9.0226463e+00 
-4.6488902e+01 -4.6488771e+01 -4.6484647e+01 +1.5100220e+00 +1.9830036e+00 +2.1854565e+00 +2.2883216e+00 +3.1884042e+00 +4.7965266e+00 +6.4546677e+00 +6.5585475e+00 +8.0269881e+00 +8.9838670e+00 
-4.6488902e+01 -4.6488771e+01 -4.6484647e+01 +1.5100220e+00 +1.9830036e+00 +2.1854565e+00 +2.2883216e+00 +3.1884042e+00 +4.7965266e+00 +6.4546677e+00 +6.5585475e+00 +8.0269881e+00 +8.9838670e+00 
-4.6489033e+01 -4.6488693e+01 -4.6484648e+01 +1.4912659e+00 +1.8466433e+00 +2.1418315e+00 +2.4160669e+00 +3.2470900e+00 +4.8696449e+00 +6.5018185e+00 +6.5481665e+00 +7.9658509e+00 +8.9514794e+00 
-4.6489174e+01 -4.6488645e+01 -4.6484651e+01 +1.4310708e+00 +1.7156259e+00 +2.0904571e+00 +2.5862835e+00 +3.3040195e+00 +4.9368300e+00 +6.4639451e+00 +6.6492573e+00 +7.9152499e+00 +8.9274833e+00 
-4.6489325e+01 -4.6488625e+01 -4.6484655e+01 +1.3511018e+00 +1.5905241e+00 +2.0333599e+00 +2.7746508e+00 +3.3625394e+00 +4.9907598e+00 +6.4478436e+00 +6.7515676e+00 +7.8799896e+00 +8.9140978e+00 
-4.6489483e+01 -4.6488631e+01 -4.6484660e+01 +1.2630416e+00 +1.4715175e+00 +1.9725386e+00 +2.9599834e+00 +3.4332728e+00 +5.0261513e+00 +6.4546844e+00 +6.8459023e+00 +7.8678407e+00 +8.9136712e+00 
-4.6489647e+01 -4.6488659e+01 -4.6484667e+01 +1.1727419e+00 +1.3586884e+00 +1.9096885e+00 +3.1148650e+00 +3.5393058e+00 +5.0408654e+00 +6.4828757e+00 +6.9209179e+00 +7.8888682e+00 +8.9285559e+00 
-4.6489815e+01 -4.6488708e+01 -4.6484676e+01 +1.0832762e+00 +1.2520848e+00 +1.8461899e+00 +3.2152804e+00 +3.7033478e+00 +5.0360425e+00 +6.5280372e+00 +6.9671146e+00 +7.9513940e+00 +8.9609086e+00 
-4.6489984e+01 -4.6488772e+01 -4.6484685e+01 +9.9637521e-01 +1.1517386e+00 +1.7831490e+00 +3.2694019e+00 +3.9170105e+00 +5.0151047e+00 +6.5841484e+00 +6.9824758e+00 +8.0563582e+00 +9.0124496e+00 
-4.6490154e+01 -4.6488850e+01 -4.6484697e+01 +9.1307668e-01 +1.0576699e+00 +1.7214464e+00 +3.2979245e+00 +4.1590360e+00 +4.9823689e+00 +6.6451049e+00 +6.9729023e+00 +8.1970925e+00 +9.0842699e+00 
-4.6490322e+01 -4.6488938e+01 -4.6484710e+01 +8.3403454e-01 +9.6988776e-01 +1.6617815e+00 +3.3129109e+00 +4.4156388e+00 +4.9420219e+00 +6.7058624e+00 +6.9473177e+00 +8.3646775e+00 +9.1767731e+00 
-4.6490487e+01 -4.6489033e+01 -4.6484725e+01 +7.5967609e-01 +8.8839102e-01 +1.6047087e+00 +3.3200472e+00 +4.6782289e+00 +4.8976101e+00 +6.7629139e+00 +6.9141635e+00 +8.5518286e+00 +9.2897415e+00 
-4.6490648e+01 -4.6489133e+01 -4.6484741e+01 +6.9028828e-01 +8.1316881e-01 +1.5506666e+00 +3.3222815e+00 +4.8518592e+00 +4.9399780e+00 +6.8142172e+00 +6.8810551e+00 +8.7530928e+00 +9.4223496e+00 
-4.6490801e+01 -4.6489236e+01 -4.6484759e+01 +6.2606930e-01 +7.4419942e-01 +1.5000002e+00 +3.3213792e+00 +4.8066829e+00 +5.1939774e+00 +6.8558118e+00 +6.8588178e+00 +8.9631190e+00 +9.5729293e+00 
-4.6490945e+01 -4.6489337e+01 -4.6484777e+01 +5.6716227e-01 +6.8144417e-01 +1.4529805e+00 +3.3185289e+00 +4.7633320e+00 +5.4316641e+00 +6.8478415e+00 +6.8964523e+00 +9.1743591e+00 +9.7385740e+00 
-4.6491078e+01 -4.6489434e+01 -4.6484795e+01 +5.1367687e-01 +6.2484018e-01 +1.4098231e+00 +3.3145807e+00 +4.7226139e+00 +5.6414617e+00 +6.8693585e+00 +6.9273098e+00 +9.3744258e+00 +9.9149775e+00 
-4.6491199e+01 -4.6489524e+01 -4.6484813e+01 +4.6569919e-01 +5.7430304e-01 +1.3707084e+00 +3.3101329e+00 +4.6850899e+00 +5.8096325e+00 +6.9344387e+00 +6.9519170e+00 +9.5422702e+00 +1.0096781e+01 
-4.6491308e+01 -4.6489605e+01 -4.6484830e+01 +4.2329233e-01 +5.2974668e-01 +1.3357976e+00 +3.3055812e+00 +4.6511913e+00 +5.9268447e+00 +6.9710386e+00 +7.0524371e+00 +9.6452477e+00 +1.0278221e+01 
-4.6491404e+01 -4.6489676e+01 -4.6484847e+01 +3.8649634e-01 +4.9110915e-01 +1.3052386e+00 +3.3011816e+00 +4.6212642e+00 +5.9964125e+00 +6.9855481e+00 +7.2197832e+00 +9.6560953e+00 +1.0453591e+01 
-4.6491486e+01 -4.6489737e+01 -4.6484861e+01 +3.5533360e-01 +4.5836521e-01 +1.2791621e+00 +3.2971182e+00 +4.5955787e+00 +6.0317887e+00 +6.9963036e+00 +7.4225054e+00 +9.5837189e+00 +1.0588506e+01 
-4.6491556e+01 -4.6489789e+01 -4.6484874e+01 +3.2981725e-01 +4.3152078e-01 +1.2576786e+00 +3.2935464e+00 +4.5743362e+00 +6.0469451e+00 +7.0040663e+00 +7.6457447e+00 +9.4553260e+00 +1.0722334e+01 
-4.6491611e+01 -4.6489831e+01 -4.6484885e+01 +3.0995738e-01 +4.1059931e-01 +1.2408770e+00 +3.2906055e+00 +4.5576820e+00 +6.0516958e+00 +7.0094635e+00 +7.8780017e+00 +9.2911009e+00 +1.0847570e+01 
-4.6491650e+01 -4.6489861e+01 -4.6484893e+01 +2.9576324e-01 +3.9562932e-01 +1.2288263e+00 +3.2884137e+00 +4.5457180e+00 +6.0519442e+00 +7.0129784e+00 +8.1093621e+00 +9.1054158e+00 +1.0948754e+01 
-4.6491674e+01 -4.6489880e+01 -4.6484897e+01 +2.8724296e-01 +3.8663601e-01 +1.2215758e+00 +3.2870613e+00 +4.5385129e+00 +6.0509961e+00 +7.0149523e+00 +8.3226923e+00 +8.9182457e+00 +1.1014622e+01 
-4.6491682e+01 -4.6489886e+01 -4.6484899e+01 +2.8440220e-01 +3.8363627e-01 +1.2191557e+00 +3.2866041e+00 +4.5361068e+00 +6.0505118e+00 +7.0155879e+00 +8.4399117e+00 +8.8095241e+00 +1.1037515e+01 
-4.6491693e+01 -4.6489875e+01 -4.6484903e+01 +2.7761540e-01 +3.8879839e-01 +1.2192043e+00 +3.2954706e+00 +4.5312387e+00 +6.0335711e+00 +7.0142513e+00 +8.4430188e+00 +8.8385922e+00 +1.0902062e+01 
-4.6491724e+01 -4.6489844e+01 -4.6484916e+01 +2.5970410e-01 +4.0189047e-01 +1.2194179e+00 +3.3218350e+00 +4.5169236e+00 +5.9807542e+00 +7.0160808e+00 +8.4523477e+00 +8.9219177e+00 +1.0759641e+01 
-4.6491772e+01 -4.6489794e+01 -4.6484935e+01 +2.3422949e-01 +4.1953024e-01 +1.2199740e+00 +3.3650134e+00 +4.4939859e+00 +5.8888529e+00 +7.0335987e+00 +8.4679234e+00 +9.0501817e+00 +1.0620044e+01 
-4.6491834e+01 -4.6489729e+01 -4.6484962e+01 +2.0309709e-01 +4.4014759e-01 +1.2210941e+00 +3.4239203e+00 +4.4636681e+00 +5.7586793e+00 +7.0766406e+00 +8.4897928e+00 +9.2129825e+00 +1.0482988e+01 
-4.6491907e+01 -4.6489653e+01 -4.6484995e+01 +1.6722728e-01 +4.6333882e-01 +1.2229644e+00 +3.4970964e+00 +4.4274854e+00 +5.5969650e+00 +7.1478755e+00 +8.5180345e+00 +9.4015840e+00 +1.0348359e+01 
-4.6491966e+01 -4.6489763e+01 -4.6484990e+01 +1.3364240e-01 +3.5657677e-01 +1.2982851e+00 +3.6142016e+00 +4.4817805e+00 +5.4659443e+00 +7.0610447e+00 +8.5280288e+00 +9.5475610e+00 +1.0358348e+01 
-4.6492080e+01 -4.6489908e+01 -4.6484994e+01 +6.2351792e-02 +2.3351929e-01 +1.4131100e+00 +3.7476386e+00 +4.4528444e+00 +5.4314009e+00 +6.9873507e+00 +8.5442778e+00 +9.7056940e+00 +1.0374436e+01 
-4.6492245e+01 -4.6490088e+01 -4.6485007e+01 -3.4059778e-02 +9.9943552e-02 +1.5533562e+00 +3.8775750e+00 +4.3589109e+00 +5.4884317e+00 +6.9322658e+00 +8.5668829e+00 +9.8749984e+00 +1.0396708e+01 
-4.6492458e+01 -4.6490304e+01 -4.6485030e+01 -1.4631578e-01 -3.9793700e-02 +1.7085814e+00 +3.9278538e+00 +4.3108560e+00 +5.5948081e+00 +6.9032290e+00 +8.5959820e+00 +1.0054708e+01 +1.0425259e+01 
-4.6492716e+01 -4.6490555e+01 -4.6485064e+01 -2.6835433e-01 -1.8270010e-01 +1.8719026e+00 +3.8164145e+00 +4.4185325e+00 +5.7136207e+00 +6.9097779e+00 +8.6317317e+00 +1.0243900e+01 +1.0460201e+01 
-4.6493013e+01 -4.6490842e+01 -4.6485111e+01 -3.9623031e-01 -3.2674337e-01 +2.0385817e+00 +3.6365295e+00 +4.6015324e+00 +5.8227855e+00 +6.9616976e+00 +8.6742643e+00 +1.0441233e+01 +1.0501666e+01 
-4.6493348e+01 -4.6491161e+01 -4.6485172e+01 -5.2729207e-01 -4.7051064e-01 +2.2049057e+00 +3.4429623e+00 +4.8094258e+00 +5.9133083e+00 +7.0643688e+00 +8.7236356e+00 +1.0549808e+01 +1.0644802e+01 
-4.6493717e+01 -4.6491513e+01 -4.6485248e+01 -6.5968866e-01 -6.1298453e-01 +2.3673698e+00 +3.2499328e+00 +5.0280287e+00 +5.9891975e+00 +7.2150143e+00 +8.7797999e+00 +1.0604800e+01 +1.0852018e+01 
-4.6494117e+01 -4.6491893e+01 -4.6485339e+01 -7.9208261e-01 -7.5340477e-01 +2.5215039e+00 +3.0632682e+00 +5.2495665e+00 +6.0641161e+00 +7.4048021e+00 +8.8426427e+00 +1.0666812e+01 +1.1059432e+01 
-4.6494543e+01 -4.6492300e+01 -4.6485446e+01 -9.2347753e-01 -8.9118392e-01 +2.6546207e+00 +2.8941657e+00 +5.4663182e+00 +6.1559655e+00 +7.6240092e+00 +8.9120582e+00 +1.0735977e+01 +1.1262451e+01 
-4.6494994e+01 -4.6492731e+01 -4.6485568e+01 -1.0531096e+00 -1.0258566e+00 +2.6527585e+00 +2.8540145e+00 +5.6701270e+00 +6.2824343e+00 +7.8649381e+00 +8.9880128e+00 +1.0812336e+01 +1.1454972e+01 
-4.6495466e+01 -4.6493184e+01 -4.6485705e+01 -1.1803756e+00 -1.1570507e+00 +2.5010954e+00 +2.9547998e+00 +5.8572952e+00 +6.4545490e+00 +8.1222051e+00 +9.0705477e+00 +1.0895766e+01 +1.1629205e+01 
-4.6495955e+01 -4.6493655e+01 -4.6485858e+01 -1.3047838e+00 -1.2844721e+00 +2.3389377e+00 +3.0547802e+00 +6.0344393e+00 +6.6703044e+00 +8.3920868e+00 +9.1597213e+00 +1.0985943e+01 +1.1776336e+01 
-4.6496459e+01 -4.6494141e+01 -4.6486023e+01 -1.4259222e+00 -1.4078968e+00 +2.1800410e+00 +3.1387770e+00 +6.2140324e+00 +6.9188649e+00 +8.6718626e+00 +9.2555212e+00 +1.1082340e+01 +1.1888808e+01 
-4.6496976e+01 -4.6494641e+01 -4.6486201e+01 -1.5434418e+00 -1.5271634e+00 +2.0262574e+00 +3.2048894e+00 +6.4054834e+00 +7.1896524e+00 +8.9593896e+00 +9.3577911e+00 +1.1184298e+01 +1.1963614e+01 
-4.6497501e+01 -4.6495151e+01 -4.6486391e+01 -1.6570518e+00 -1.6421618e+00 +1.8780834e+00 +3.2538814e+00 +6.6126749e+00 +7.4755332e+00 +9.2528807e+00 +9.4662022e+00 +1.1291108e+01 +1.2003743e+01 
-4.6498033e+01 -4.6495668e+01 -4.6486590e+01 -1.7665223e+00 -1.7528207e+00 +1.7357076e+00 +3.2877162e+00 +6.8357301e+00 +7.7720480e+00 +9.5507723e+00 +9.5802774e+00 +1.1402097e+01 +1.2016224e+01 
-4.6498568e+01 -4.6496190e+01 -4.6486797e+01 -1.8716845e+00 -1.8590943e+00 +1.5992222e+00 +3.3088268e+00 +7.0730154e+00 +8.0762285e+00 +9.6994496e+00 +9.8515421e+00 +1.1516677e+01 +1.2009099e+01 
-4.6499103e+01 -4.6496715e+01 -4.6487011e+01 -1.9724268e+00 -1.9609521e+00 +1.4686830e+00 +3.3196570e+00 +7.3223384e+00 +8.3858156e+00 +9.8231299e+00 +1.0153344e+01 +1.1634374e+01 +1.1989771e+01 
-4.6499636e+01 -4.6497239e+01 -4.6487230e+01 -2.0686838e+00 -2.0583692e+00 +1.3441293e+00 +3.3224210e+00 +7.5815125e+00 +8.6987731e+00 +9.9507678e+00 +1.0453274e+01 +1.1754839e+01 +1.1964835e+01 
-4.6500163e+01 -4.6497761e+01 -4.6487452e+01 -2.1604214e+00 -2.1513151e+00 +1.2255920e+00 +3.3190145e+00 +7.8486191e+00 +9.0129322e+00 +1.0081906e+01 +1.0745845e+01 +1.1877849e+01 +1.1940436e+01 
-4.6500683e+01 -4.6498276e+01 -4.6487675e+01 -2.2476193e+00 -2.2397426e+00 +1.1130990e+00 +3.3110099e+00 +8.1221706e+00 +9.3256625e+00 +1.0216247e+01 +1.1019688e+01 +1.1922344e+01 +1.2003324e+01 
-4.6501192e+01 -4.6498783e+01 -4.6487897e+01 -2.3302573e+00 -2.3235826e+00 +1.0066795e+00 +3.2996873e+00 +8.4012111e+00 +9.6334953e+00 +1.0353731e+01 +1.1252049e+01 +1.1914644e+01 +1.2131327e+01 
-4.6501689e+01 -4.6499277e+01 -4.6488118e+01 -2.4083060e+00 -2.4027489e+00 +9.0636887e-01 +3.2860779e+00 +8.6852872e+00 +9.9316295e+00 +1.0494632e+01 +1.1411933e+01 +1.1918276e+01 +1.2258652e+01 
-4.6502172e+01 -4.6499757e+01 -4.6488336e+01 -2.4817260e+00 -2.4771542e+00 +8.1221026e-01 +3.2710094e+00 +8.9742164e+00 +1.0213275e+01 +1.0639590e+01 +1.1493099e+01 +1.1936024e+01 +1.2395924e+01 
-4.6502637e+01 -4.6500219e+01 -4.6488549e+01 -2.5504730e+00 -2.5467277e+00 +7.2425669e-01 +3.2551469e+00 +9.2676596e+00 +1.0469026e+01 +1.0789525e+01 +1.1524294e+01 +1.1977100e+01 +1.2533330e+01 
-4.6503083e+01 -4.6500662e+01 -4.6488756e+01 -2.6145040e+00 -2.6114233e+00 +6.4257149e-01 +3.2390256e+00 +9.5645711e+00 +1.0687307e+01 +1.0945356e+01 +1.1533207e+01 +1.2054058e+01 +1.2674827e+01 
-4.6503506e+01 -4.6501082e+01 -4.6488956e+01 -2.6737798e+00 -2.6712179e+00 +5.6722943e-01 +3.2230746e+00 +9.8625669e+00 +1.0858020e+01 +1.1107593e+01 +1.1535249e+01 +1.2177361e+01 +1.2821004e+01 
-4.6503906e+01 -4.6501477e+01 -4.6489147e+01 -2.7282626e+00 -2.7261067e+00 +4.9831845e-01 +3.2076341e+00 +1.0157086e+01 +1.0978942e+01 +1.1276002e+01 +1.1539832e+01 +1.2348838e+01 +1.2972495e+01 
-4.6504278e+01 -4.6501845e+01 -4.6489327e+01 -2.7779133e+00 -2.7760982e+00 +4.3594156e-01 +3.1929688e+00 +1.0439950e+01 +1.1057800e+01 +1.1449513e+01 +1.1555901e+01 +1.2559778e+01 +1.3129935e+01 
-4.6504621e+01 -4.6502184e+01 -4.6489496e+01 -2.8226944e+00 -2.8212088e+00 +3.8021739e-01 +3.1792818e+00 +1.0696821e+01 +1.1106724e+01 +1.1596221e+01 +1.1626392e+01 +1.2796581e+01 +1.3293771e+01 
-4.6504932e+01 -4.6502491e+01 -4.6489651e+01 -2.8625791e+00 -2.8614556e+00 +3.3127714e-01 +3.1667284e+00 +1.0905593e+01 +1.1136380e+01 +1.1679704e+01 +1.1804492e+01 +1.3046610e+01 +1.3463815e+01 
-4.6505210e+01 -4.6502764e+01 -4.6489791e+01 -2.8975589e+00 -2.8968522e+00 +2.8925365e-01 +3.1554294e+00 +1.1047138e+01 +1.1154271e+01 +1.1820920e+01 +1.1981403e+01 +1.3299702e+01 +1.3638379e+01 
-4.6505453e+01 -4.6503001e+01 -4.6489914e+01 -2.9276487e+00 -2.9274078e+00 +2.5425473e-01 +3.1454813e+00 +1.1126886e+01 +1.1165794e+01 +1.2008236e+01 +1.2154401e+01 +1.3546718e+01 +1.3812611e+01 
-4.6505659e+01 -4.6503202e+01 -4.6490020e+01 -2.9531338e+00 -2.9528847e+00 +2.2630724e-01 +3.1369625e+00 +1.1161965e+01 +1.1180182e+01 +1.2211888e+01 +1.2320178e+01 +1.3776064e+01 +1.3975250e+01 
-4.6505827e+01 -4.6503366e+01 -4.6490107e+01 -2.9740405e+00 -2.9733341e+00 +2.0525793e-01 +3.1299337e+00 +1.1169368e+01 +1.1200589e+01 +1.2406653e+01 +1.2474357e+01 +1.3967606e+01 +1.4103693e+01 
-4.6505957e+01 -4.6503492e+01 -4.6490174e+01 -2.9901602e+00 -2.9890792e+00 +1.9063999e-01 +3.1244376e+00 +1.1171665e+01 +1.1215004e+01 +1.2575743e+01 +1.2610803e+01 +1.4092320e+01 +1.4170188e+01 
-4.6506049e+01 -4.6503582e+01 -4.6490223e+01 -3.0015524e+00 -3.0002201e+00 +1.8157961e-01 +3.1204994e+00 +1.1172624e+01 +1.1224458e+01 +1.2707118e+01 +1.2720965e+01 +1.4144116e+01 +1.4178249e+01 
-4.6506104e+01 -4.6503636e+01 -4.6490252e+01 -3.0083139e+00 -3.0068549e+00 +1.7689235e-01 +3.1181321e+00 +1.1173015e+01 +1.1230026e+01 +1.2791002e+01 +1.2794093e+01 +1.4155139e+01 +1.4163633e+01 
-4.6506122e+01 -4.6503654e+01 -4.6490261e+01 -3.0105512e+00 -3.0090573e+00 +1.7548197e-01 +3.1173422e+00 +1.1173120e+01 +1.1231894e+01 +1.2819950e+01 +1.2819950e+01 +1.4155428e+01 +1.4155428e+01 
-4.6492408e+01 -4.6488757e+01 -4.6485385e+01 -1.8092890e-02 +8.6960046e-01 +1.1205455e+00 +3.7998134e+00 +3.9601585e+00 +4.6480876e+00 +8.8576330e+00 +9.1441652e+00 +9.1602651e+00 +9.6763737e+00 
-4.6492400e+01 -4.6488770e+01 -4.6485378e+01 -1.6215230e-02 +8.6363711e-01 +1.1219700e+00 +3.8086027e+00 +3.9479377e+00 +4.6662450e+00 +8.7926749e+00 +9.0570159e+00 +9.2531751e+00 +9.7453332e+00 
-4.6492378e+01 -4.6488809e+01 -4.6485358e+01 -1.0539569e-02 +8.4615901e-01 +1.1261960e+00 +3.8345465e+00 +3.9147679e+00 +4.7172721e+00 +8.6384636e+00 +8.9686712e+00 +9.3588475e+00 +9.9116291e+00 
-4.6492342e+01 -4.6488870e+01 -4.6485326e+01 -9.8359135e-04 +8.1831340e-01 +1.1330192e+00 +3.8634996e+00 +3.8810765e+00 +4.7937473e+00 +8.4466107e+00 +8.8871212e+00 +9.4693785e+00 +1.0122188e+01 
-4.6492296e+01 -4.6488953e+01 -4.6485285e+01 +1.2489225e-02 +7.8170535e-01 +1.1420543e+00 +3.8117131e+00 +3.9357907e+00 +4.8885458e+00 +8.2410857e+00 +8.8128325e+00 +9.5843129e+00 +1.0323108e+01 
-4.6492242e+01 -4.6489052e+01 -4.6485238e+01 +2.9821488e-02 +7.3804825e-01 +1.1528561e+00 +3.7545363e+00 +4.0061280e+00 +4.9962457e+00 +8.0323148e+00 +8.7459802e+00 +9.7033139e+00 +1.0255180e+01 
-4.6492180e+01 -4.6489164e+01 -4.6485186e+01 +5.0865206e-02 +6.8893268e-01 +1.1650465e+00 +3.6974479e+00 +4.0868140e+00 +5.1127063e+00 +7.8263526e+00 +8.6865156e+00 +9.8260707e+00 +1.0079800e+01 
-4.6492114e+01 -4.6489285e+01 -4.6485134e+01 +7.5408506e-02 +6.3575082e-01 +1.1783507e+00 +3.6422879e+00 +4.1743230e+00 +5.2343594e+00 +7.6284425e+00 +8.6342422e+00 +9.8998043e+00 +9.9522683e+00 
-4.6492045e+01 -4.6489410e+01 -4.6485083e+01 +1.0319882e-01 +5.7970916e-01 +1.1925647e+00 +3.5901241e+00 +4.2642432e+00 +5.3577459e+00 +7.4445375e+00 +8.5889017e+00 +9.7245362e+00 +1.0081583e+01 
-4.6491974e+01 -4.6489534e+01 -4.6485036e+01 +1.3394125e-01 +5.2188407e-01 +1.2075044e+00 +3.5415946e+00 +4.3509554e+00 +5.4794976e+00 +7.2817774e+00 +8.5502384e+00 +9.5576629e+00 +1.0213702e+01 
-4.6491907e+01 -4.6489653e+01 -4.6484995e+01 +1.6722729e-01 +4.6333883e-01 +1.2229644e+00 +3.4970964e+00 +4.4274854e+00 +5.5969650e+00 +7.1478755e+00 +8.5180345e+00 +9.4015840e+00 +1.0348359e+01 
