# num high symmetry points
8
# label high symmetry points
G X M G R X M R 
# indices high symmetry points
1 18 35 59 89 113 114 131 
# nk, nb, ns
131 24 1
# k-points (frac coords)
+0.0000000e+00 +0.0000000e+00 +0.0000000e+00 
+0.0000000e+00 +2.9411765e-02 +0.0000000e+00 
+0.0000000e+00 +5.8823529e-02 +0.0000000e+00 
+0.0000000e+00 +8.8235294e-02 +0.0000000e+00 
+0.0000000e+00 +1.1764706e-01 +0.0000000e+00 
+0.0000000e+00 +1.4705882e-01 +0.0000000e+00 
+0.0000000e+00 +1.7647059e-01 +0.0000000e+00 
+0.0000000e+00 +2.0588235e-01 +0.0000000e+00 
+0.0000000e+00 +2.3529412e-01 +0.0000000e+00 
+0.0000000e+00 +2.6470588e-01 +0.0000000e+00 
+0.0000000e+00 +2.9411765e-01 +0.0000000e+00 
+0.0000000e+00 +3.2352941e-01 +0.0000000e+00 
+0.0000000e+00 +3.5294118e-01 +0.0000000e+00 
+0.0000000e+00 +3.8235294e-01 +0.0000000e+00 
+0.0000000e+00 +4.1176471e-01 +0.0000000e+00 
+0.0000000e+00 +4.4117647e-01 +0.0000000e+00 
+0.0000000e+00 +4.7058824e-01 +0.0000000e+00 
+0.0000000e+00 +5.0000000e-01 +0.0000000e+00 
+2.9411765e-02 +5.0000000e-01 +0.0000000e+00 
+5.8823529e-02 +5.0000000e-01 +0.0000000e+00 
+8.8235294e-02 +5.0000000e-01 +0.0000000e+00 
+1.1764706e-01 +5.0000000e-01 +0.0000000e+00 
+1.4705882e-01 +5.0000000e-01 +0.0000000e+00 
+1.7647059e-01 +5.0000000e-01 +0.0000000e+00 
+2.0588235e-01 +5.0000000e-01 +0.0000000e+00 
+2.3529412e-01 +5.0000000e-01 +0.0000000e+00 
+2.6470588e-01 +5.0000000e-01 +0.0000000e+00 
+2.9411765e-01 +5.0000000e-01 +0.0000000e+00 
+3.2352941e-01 +5.0000000e-01 +0.0000000e+00 
+3.5294118e-01 +5.0000000e-01 +0.0000000e+00 
+3.8235294e-01 +5.0000000e-01 +0.0000000e+00 
+4.1176471e-01 +5.0000000e-01 +0.0000000e+00 
+4.4117647e-01 +5.0000000e-01 +0.0000000e+00 
+4.7058824e-01 +5.0000000e-01 +0.0000000e+00 
+5.0000000e-01 +5.0000000e-01 +0.0000000e+00 
+4.7916667e-01 +4.7916667e-01 +0.0000000e+00 
+4.5833333e-01 +4.5833333e-01 +0.0000000e+00 
+4.3750000e-01 +4.3750000e-01 +0.0000000e+00 
+4.1666667e-01 +4.1666667e-01 +0.0000000e+00 
+3.9583333e-01 +3.9583333e-01 +0.0000000e+00 
+3.7500000e-01 +3.7500000e-01 +0.0000000e+00 
+3.5416667e-01 +3.5416667e-01 +0.0000000e+00 
+3.3333333e-01 +3.3333333e-01 +0.0000000e+00 
+3.1250000e-01 +3.1250000e-01 +0.0000000e+00 
+2.9166667e-01 +2.9166667e-01 +0.0000000e+00 
+2.7083333e-01 +2.7083333e-01 +0.0000000e+00 
+2.5000000e-01 +2.5000000e-01 +0.0000000e+00 
+2.2916667e-01 +2.2916667e-01 +0.0000000e+00 
+2.0833333e-01 +2.0833333e-01 +0.0000000e+00 
+1.8750000e-01 +1.8750000e-01 +0.0000000e+00 
+1.6666667e-01 +1.6666667e-01 +0.0000000e+00 
+1.4583333e-01 +1.4583333e-01 +0.0000000e+00 
+1.2500000e-01 +1.2500000e-01 +0.0000000e+00 
+1.0416667e-01 +1.0416667e-01 +0.0000000e+00 
+8.3333333e-02 +8.3333333e-02 +0.0000000e+00 
+6.2500000e-02 +6.2500000e-02 +0.0000000e+00 
+4.1666667e-02 +4.1666667e-02 +0.0000000e+00 
+2.0833333e-02 +2.0833333e-02 +0.0000000e+00 
+0.0000000e+00 +0.0000000e+00 +0.0000000e+00 
+1.6666667e-02 +1.6666667e-02 +1.6666667e-02 
+3.3333333e-02 +3.3333333e-02 +3.3333333e-02 
+5.0000000e-02 +5.0000000e-02 +5.0000000e-02 
+6.6666667e-02 +6.6666667e-02 +6.6666667e-02 
+8.3333333e-02 +8.3333333e-02 +8.3333333e-02 
+1.0000000e-01 +1.0000000e-01 +1.0000000e-01 
+1.1666667e-01 +1.1666667e-01 +1.1666667e-01 
+1.3333333e-01 +1.3333333e-01 +1.3333333e-01 
+1.5000000e-01 +1.5000000e-01 +1.5000000e-01 
+1.6666667e-01 +1.6666667e-01 +1.6666667e-01 
+1.8333333e-01 +1.8333333e-01 +1.8333333e-01 
+2.0000000e-01 +2.0000000e-01 +2.0000000e-01 
+2.1666667e-01 +2.1666667e-01 +2.1666667e-01 
+2.3333333e-01 +2.3333333e-01 +2.3333333e-01 
+2.5000000e-01 +2.5000000e-01 +2.5000000e-01 
+2.6666667e-01 +2.6666667e-01 +2.6666667e-01 
+2.8333333e-01 +2.8333333e-01 +2.8333333e-01 
+3.0000000e-01 +3.0000000e-01 +3.0000000e-01 
+3.1666667e-01 +3.1666667e-01 +3.1666667e-01 
+3.3333333e-01 +3.3333333e-01 +3.3333333e-01 
+3.5000000e-01 +3.5000000e-01 +3.5000000e-01 
+3.6666667e-01 +3.6666667e-01 +3.6666667e-01 
+3.8333333e-01 +3.8333333e-01 +3.8333333e-01 
+4.0000000e-01 +4.0000000e-01 +4.0000000e-01 
+4.1666667e-01 +4.1666667e-01 +4.1666667e-01 
+4.3333333e-01 +4.3333333e-01 +4.3333333e-01 
+4.5000000e-01 +4.5000000e-01 +4.5000000e-01 
+4.6666667e-01 +4.6666667e-01 +4.6666667e-01 
+4.8333333e-01 +4.8333333e-01 +4.8333333e-01 
+5.0000000e-01 +5.0000000e-01 +5.0000000e-01 
+4.7916667e-01 +5.0000000e-01 +4.7916667e-01 
+4.5833333e-01 +5.0000000e-01 +4.5833333e-01 
+4.3750000e-01 +5.0000000e-01 +4.3750000e-01 
+4.1666667e-01 +5.0000000e-01 +4.1666667e-01 
+3.9583333e-01 +5.0000000e-01 +3.9583333e-01 
+3.7500000e-01 +5.0000000e-01 +3.7500000e-01 
+3.5416667e-01 +5.0000000e-01 +3.5416667e-01 
+3.3333333e-01 +5.0000000e-01 +3.3333333e-01 
+3.1250000e-01 +5.0000000e-01 +3.1250000e-01 
+2.9166667e-01 +5.0000000e-01 +2.9166667e-01 
+2.7083333e-01 +5.0000000e-01 +2.7083333e-01 
+2.5000000e-01 +5.0000000e-01 +2.5000000e-01 
+2.2916667e-01 +5.0000000e-01 +2.2916667e-01 
+2.0833333e-01 +5.0000000e-01 +2.0833333e-01 
+1.8750000e-01 +5.0000000e-01 +1.8750000e-01 
+1.6666667e-01 +5.0000000e-01 +1.6666667e-01 
+1.4583333e-01 +5.0000000e-01 +1.4583333e-01 
+1.2500000e-01 +5.0000000e-01 +1.2500000e-01 
+1.0416667e-01 +5.0000000e-01 +1.0416667e-01 
+8.3333333e-02 +5.0000000e-01 +8.3333333e-02 
+6.2500000e-02 +5.0000000e-01 +6.2500000e-02 
+4.1666667e-02 +5.0000000e-01 +4.1666667e-02 
+2.0833333e-02 +5.0000000e-01 +2.0833333e-02 
+0.0000000e+00 +5.0000000e-01 +0.0000000e+00 
+5.0000000e-01 +5.0000000e-01 +0.0000000e+00 
+5.0000000e-01 +5.0000000e-01 +2.9411765e-02 
+5.0000000e-01 +5.0000000e-01 +5.8823529e-02 
+5.0000000e-01 +5.0000000e-01 +8.8235294e-02 
+5.0000000e-01 +5.0000000e-01 +1.1764706e-01 
+5.0000000e-01 +5.0000000e-01 +1.4705882e-01 
+5.0000000e-01 +5.0000000e-01 +1.7647059e-01 
+5.0000000e-01 +5.0000000e-01 +2.0588235e-01 
+5.0000000e-01 +5.0000000e-01 +2.3529412e-01 
+5.0000000e-01 +5.0000000e-01 +2.6470588e-01 
+5.0000000e-01 +5.0000000e-01 +2.9411765e-01 
+5.0000000e-01 +5.0000000e-01 +3.2352941e-01 
+5.0000000e-01 +5.0000000e-01 +3.5294118e-01 
+5.0000000e-01 +5.0000000e-01 +3.8235294e-01 
+5.0000000e-01 +5.0000000e-01 +4.1176471e-01 
+5.0000000e-01 +5.0000000e-01 +4.4117647e-01 
+5.0000000e-01 +5.0000000e-01 +4.7058824e-01 
+5.0000000e-01 +5.0000000e-01 +5.0000000e-01 
# energies (kpt,band,spin)
# spin = 1
-2.3006910e+01 -2.2955302e+01 -2.2953333e+01 -2.2953333e+01 -9.4732841e+00 -9.4732841e+00 -9.4732841e+00 -9.1277928e+00 -9.1277928e+00 -9.1277928e+00 -9.1268249e+00 -9.1268249e+00 -9.1268248e+00 -8.9171693e+00 -8.9171693e+00 -8.9171693e+00 +1.0270053e+00 +1.0526447e+00 +1.0526447e+00 +2.2193741e+00 +2.2193741e+00 +2.2193741e+00 +4.5984079e+00 +4.5984079e+00 
-2.3006800e+01 -2.2955340e+01 -2.2953408e+01 -2.2953329e+01 -9.4726914e+00 -9.4726914e+00 -9.4722256e+00 -9.1282793e+00 -9.1282793e+00 -9.1279036e+00 -9.1269352e+00 -9.1267100e+00 -9.1267100e+00 -8.9184700e+00 -8.9176309e+00 -8.9176309e+00 +1.0332448e+00 +1.0577147e+00 +1.0603507e+00 +2.2223594e+00 +2.2227797e+00 +2.2227798e+00 +4.5897195e+00 +4.6002432e+00 
-2.3006471e+01 -2.2955475e+01 -2.2953612e+01 -2.2953318e+01 -9.4709045e+00 -9.4709045e+00 -9.4690553e+00 -9.1305616e+00 -9.1305616e+00 -9.1282319e+00 -9.1272624e+00 -9.1255373e+00 -9.1255373e+00 -8.9223582e+00 -8.9190116e+00 -8.9190116e+00 +1.0507534e+00 +1.0728310e+00 +1.0845607e+00 +2.2313207e+00 +2.2330041e+00 +2.2330041e+00 +4.5638873e+00 +4.6057732e+00 
-2.3005926e+01 -2.2955775e+01 -2.2953874e+01 -2.2953299e+01 -9.4679006e+00 -9.4679006e+00 -9.4637891e+00 -9.1345122e+00 -9.1345122e+00 -9.1287662e+00 -9.1277949e+00 -9.1234190e+00 -9.1234190e+00 -8.9287919e+00 -8.9212985e+00 -8.9212985e+00 +1.0775955e+00 +1.0977122e+00 +1.1268550e+00 +2.2462739e+00 +2.2500704e+00 +2.2500704e+00 +4.5215960e+00 +4.6150718e+00 
-2.3005169e+01 -2.2956331e+01 -2.2954099e+01 -2.2953275e+01 -9.4636520e+00 -9.4636520e+00 -9.4564542e+00 -9.1400134e+00 -9.1400134e+00 -9.1294879e+00 -9.1285142e+00 -9.1204476e+00 -9.1204476e+00 -8.9377026e+00 -8.9244705e+00 -8.9244705e+00 +1.1129676e+00 +1.1318895e+00 +1.1874433e+00 +2.2672445e+00 +2.2740198e+00 +2.2740198e+00 +4.4639398e+00 +4.6282632e+00 
-2.3004208e+01 -2.2957184e+01 -2.2954239e+01 -2.2953247e+01 -9.4581367e+00 -9.4581367e+00 -9.4470891e+00 -9.1469974e+00 -9.1469974e+00 -9.1303718e+00 -9.1293950e+00 -9.1166565e+00 -9.1166565e+00 -8.9489955e+00 -8.9284985e+00 -8.9284985e+00 +1.1564892e+00 +1.1747042e+00 +1.2658673e+00 +2.2942663e+00 +2.3049155e+00 +2.3049155e+00 +4.3923570e+00 +4.6455248e+00 
-2.3003049e+01 -2.2958309e+01 -2.2954310e+01 -2.2953215e+01 -9.4513477e+00 -9.4513477e+00 -9.4357446e+00 -9.1553910e+00 -9.1553909e+00 -9.1313872e+00 -9.1304068e+00 -9.1120770e+00 -9.1120770e+00 -8.9625518e+00 -8.9333454e+00 -8.9333454e+00 +1.2075294e+00 +1.2253003e+00 +1.3616629e+00 +2.3273793e+00 +2.3428481e+00 +2.3428481e+00 +4.3085494e+00 +4.6670904e+00 
-2.3001703e+01 -2.2959669e+01 -2.2954340e+01 -2.2953182e+01 -9.4432979e+00 -9.4432979e+00 -9.4224848e+00 -9.1651089e+00 -9.1651089e+00 -9.1324991e+00 -9.1315147e+00 -9.1067446e+00 -9.1067446e+00 -8.9782303e+00 -8.9389668e+00 -8.9389668e+00 +1.2651390e+00 +1.2826100e+00 +1.4744069e+00 +2.3666272e+00 +2.3879430e+00 +2.3879430e+00 +4.2143942e+00 +4.6932546e+00 
-2.3000181e+01 -2.2961232e+01 -2.2954348e+01 -2.2953149e+01 -9.4340223e+00 -9.4340223e+00 -9.4073875e+00 -9.1760544e+00 -9.1760544e+00 -9.1336693e+00 -9.1326806e+00 -9.1007010e+00 -9.1007010e+00 -8.9958694e+00 -8.9453114e+00 -8.9453114e+00 +1.3280739e+00 +1.3453297e+00 +1.6036627e+00 +2.4120533e+00 +2.4403699e+00 +2.4403699e+00 +4.1118555e+00 +4.7243779e+00 
-2.2998495e+01 -2.2962975e+01 -2.2954343e+01 -2.2953117e+01 -9.4235762e+00 -9.4235762e+00 -9.3905454e+00 -9.1881193e+00 -9.1881193e+00 -9.1348581e+00 -9.1338646e+00 -9.0939937e+00 -9.0939937e+00 -9.0152893e+00 -8.9523217e+00 -8.9523217e+00 +1.3947931e+00 +1.4118881e+00 +1.7489414e+00 +2.4636961e+00 +2.5003545e+00 +2.5003545e+00 +4.0029036e+00 +4.7608935e+00 
-2.2996659e+01 -2.2964876e+01 -2.2954333e+01 -2.2953087e+01 -9.4120335e+00 -9.4120335e+00 -9.3720662e+00 -9.2011860e+00 -9.2011860e+00 -9.1360251e+00 -9.1350266e+00 -9.0866762e+00 -9.0866762e+00 -9.0362944e+00 -8.9599341e+00 -8.9599341e+00 +1.4634358e+00 +1.4804085e+00 +1.9096770e+00 +2.5215839e+00 +2.5681928e+00 +2.5681928e+00 +3.8894463e+00 +4.8033138e+00 
-2.2994687e+01 -2.2966914e+01 -2.2954319e+01 -2.2953059e+01 -9.3994835e+00 -9.3994835e+00 -9.3520737e+00 -9.2151282e+00 -9.2151282e+00 -9.1371315e+00 -9.1361271e+00 -9.0788076e+00 -9.0788076e+00 -9.0586755e+00 -8.9680801e+00 -8.9680801e+00 +1.5317955e+00 +1.5486755e+00 +2.0852085e+00 +2.5857272e+00 +2.6442687e+00 +2.6442687e+00 +3.7732742e+00 +4.5853574e+00 
-2.2992596e+01 -2.2969068e+01 -2.2954305e+01 -2.2953035e+01 -9.3860286e+00 -9.3860286e+00 -9.3307073e+00 -9.2298128e+00 -9.2298128e+00 -9.1381413e+00 -9.1371291e+00 -9.0822119e+00 -9.0704520e+00 -9.0704520e+00 -8.9766868e+00 -8.9766868e+00 +1.5973105e+00 +1.6141226e+00 +2.2747637e+00 +2.6561107e+00 +2.7290743e+00 +2.7290743e+00 +3.6560227e+00 +4.3073770e+00 
-2.2990404e+01 -2.2971318e+01 -2.2954292e+01 -2.2953014e+01 -9.3717818e+00 -9.3717818e+00 -9.3081226e+00 -9.2451009e+00 -9.2451009e+00 -9.1390264e+00 -9.1379989e+00 -9.1066703e+00 -9.0616784e+00 -9.0616784e+00 -8.9856774e+00 -8.9856774e+00 +1.6571030e+00 +1.6738682e+00 +2.4774449e+00 +2.7326828e+00 +2.8232356e+00 +2.8232356e+00 +3.5391481e+00 +4.0605452e+00 
-2.2988129e+01 -2.2973641e+01 -2.2954282e+01 -2.2952998e+01 -9.3568649e+00 -9.3568649e+00 -9.2844903e+00 -9.2608498e+00 -9.2608498e+00 -9.1398319e+00 -9.1387075e+00 -9.1317434e+00 -9.0525600e+00 -9.0525600e+00 -8.9949719e+00 -8.9949719e+00 +1.7081004e+00 +1.7248360e+00 +2.6922141e+00 +2.8153431e+00 +2.9275413e+00 +2.9275413e+00 +3.4239176e+00 +3.8409650e+00 
-2.2985796e+01 -2.2976010e+01 -2.2954273e+01 -2.2952986e+01 -9.3414073e+00 -9.3414073e+00 -9.2769136e+00 -9.2769136e+00 -9.2599959e+00 -9.1575584e+00 -9.1401707e+00 -9.1392312e+00 -9.0431748e+00 -9.0431748e+00 -9.0044868e+00 -9.0044868e+00 +1.7472738e+00 +1.7639929e+00 +2.9039275e+00 +2.9178792e+00 +3.0429781e+00 +3.0429781e+00 +3.3114113e+00 +3.6450838e+00 
-2.2983448e+01 -2.2978380e+01 -2.2954268e+01 -2.2952978e+01 -9.3255456e+00 -9.3255456e+00 -9.2931437e+00 -9.2931437e+00 -9.2348395e+00 -9.1833781e+00 -9.1405255e+00 -9.1395526e+00 -9.0336107e+00 -9.0336107e+00 -9.0141305e+00 -9.0141305e+00 +1.7719950e+00 +1.7887064e+00 +2.9981800e+00 +3.1530811e+00 +3.1707706e+00 +3.1707706e+00 +3.2025422e+00 +3.4697897e+00 
-2.2981637e+01 -2.2980199e+01 -2.2954266e+01 -2.2952976e+01 -9.3098873e+00 -9.3098873e+00 -9.3089257e+00 -9.3089257e+00 -9.2097085e+00 -9.2087387e+00 -9.1406390e+00 -9.1396609e+00 -9.0247139e+00 -9.0247139e+00 -9.0230540e+00 -9.0230540e+00 +1.7804519e+00 +1.7971612e+00 +3.0940344e+00 +3.1017717e+00 +3.3123407e+00 +3.3123407e+00 +3.3125138e+00 +3.3125138e+00 
-2.2981588e+01 -2.2980150e+01 -2.2954325e+01 -2.2953036e+01 -9.3110096e+00 -9.3100672e+00 -9.3093229e+00 -9.3083564e+00 -9.2110115e+00 -9.2100634e+00 -9.1390757e+00 -9.1381170e+00 -9.0253511e+00 -9.0238624e+00 -9.0236916e+00 -9.0222233e+00 +1.7886089e+00 +1.8052795e+00 +3.0926474e+00 +3.1003186e+00 +3.3099243e+00 +3.3101386e+00 +3.3111926e+00 +3.3113621e+00 
-2.2981442e+01 -2.2980004e+01 -2.2954502e+01 -2.2953215e+01 -9.3142149e+00 -9.3133245e+00 -9.3076321e+00 -9.3066513e+00 -9.2148176e+00 -9.2139299e+00 -9.1345549e+00 -9.1336500e+00 -9.0272568e+00 -9.0255981e+00 -9.0214130e+00 -9.0198321e+00 +1.8130093e+00 +1.8295635e+00 +3.0885611e+00 +3.0960369e+00 +3.3027474e+00 +3.3030825e+00 +3.3079409e+00 +3.3081010e+00 
-2.2981201e+01 -2.2979762e+01 -2.2954795e+01 -2.2953512e+01 -9.3190831e+00 -9.3182651e+00 -9.3048222e+00 -9.3038185e+00 -9.2208489e+00 -9.2200483e+00 -9.1275155e+00 -9.1266879e+00 -9.0304128e+00 -9.0287556e+00 -9.0176473e+00 -9.0161520e+00 +1.8534391e+00 +1.8697990e+00 +3.0819929e+00 +3.0891521e+00 +3.2910266e+00 +3.2915542e+00 +3.3031521e+00 +3.3033012e+00 
-2.2980863e+01 -2.2979424e+01 -2.2955204e+01 -2.2953925e+01 -9.3250772e+00 -9.3243391e+00 -9.3009062e+00 -9.2998724e+00 -9.2287242e+00 -9.2280243e+00 -9.1185197e+00 -9.1177813e+00 -9.0347889e+00 -9.0331340e+00 -9.0129456e+00 -9.0115516e+00 +1.9095368e+00 +1.9256235e+00 +3.0732867e+00 +3.0800207e+00 +3.2751213e+00 +3.2759003e+00 +3.2977376e+00 +3.2978811e+00 
-2.2980431e+01 -2.2978991e+01 -2.2955724e+01 -2.2954452e+01 -9.3316660e+00 -9.3310063e+00 -9.2959048e+00 -9.2948354e+00 -9.2380320e+00 -9.2374365e+00 -9.1081261e+00 -9.1074802e+00 -9.0403437e+00 -9.0386919e+00 -9.0077082e+00 -9.0064218e+00 +1.9807791e+00 +1.9965109e+00 +3.0628879e+00 +3.0691039e+00 +3.2555285e+00 +3.2566008e+00 +3.2929223e+00 +3.2930759e+00 
-2.2979906e+01 -2.2978465e+01 -2.2956354e+01 -2.2955089e+01 -9.3383881e+00 -9.3378004e+00 -9.2898470e+00 -9.2887381e+00 -9.2483803e+00 -9.2478862e+00 -9.0968252e+00 -9.0962701e+00 -9.0470244e+00 -9.0453767e+00 -9.0023051e+00 -9.0011262e+00 +2.0664470e+00 +2.0817359e+00 +3.0513141e+00 +3.0569366e+00 +3.2328706e+00 +3.2342578e+00 +3.2902313e+00 +3.2904255e+00 
-2.2979289e+01 -2.2977846e+01 -2.2957088e+01 -2.2955833e+01 -9.3448677e+00 -9.3443438e+00 -9.2827716e+00 -9.2816207e+00 -9.2594179e+00 -9.2590189e+00 -9.0850240e+00 -9.0845557e+00 -9.0547681e+00 -9.0531256e+00 -8.9970540e+00 -8.9959790e+00 +2.1655552e+00 +2.1803001e+00 +3.0391248e+00 +3.0440965e+00 +3.2078738e+00 +3.2095750e+00 +3.2915208e+00 +3.2918072e+00 
-2.2978583e+01 -2.2977135e+01 -2.2957921e+01 -2.2956677e+01 -9.3508078e+00 -9.3503394e+00 -9.2747269e+00 -9.2735329e+00 -9.2708380e+00 -9.2705263e+00 -9.0730537e+00 -9.0726679e+00 -9.0635019e+00 -9.0618660e+00 -8.9922160e+00 -8.9912398e+00 +2.2767136e+00 +2.2907893e+00 +3.0268938e+00 +3.0311753e+00 +3.1813360e+00 +3.1833286e+00 +3.2990834e+00 +3.2995459e+00 
-2.2977788e+01 -2.2976335e+01 -2.2958847e+01 -2.2957615e+01 -9.3559763e+00 -9.3555560e+00 -9.2823735e+00 -9.2821408e+00 -9.2657714e+00 -9.2645342e+00 -9.0731442e+00 -9.0715164e+00 -9.0611843e+00 -9.0608768e+00 -8.9880017e+00 -8.9871188e+00 +2.3978796e+00 +2.4111176e+00 +3.0151857e+00 +3.0187538e+00 +3.1540886e+00 +3.1563288e+00 +3.3158670e+00 +3.3166403e+00 
-2.2976909e+01 -2.2975449e+01 -2.2959856e+01 -2.2958639e+01 -9.3601937e+00 -9.3598153e+00 -9.2937891e+00 -9.2936276e+00 -9.2559727e+00 -9.2546929e+00 -9.0836053e+00 -9.0819875e+00 -9.0496380e+00 -9.0494051e+00 -8.9845777e+00 -8.9837829e+00 +2.5259600e+00 +2.5381229e+00 +3.0045369e+00 +3.0073837e+00 +3.1269531e+00 +3.1293800e+00 +3.3458377e+00 +3.3471327e+00 
-2.2975952e+01 -2.2974479e+01 -2.2960939e+01 -2.2959740e+01 -9.3633225e+00 -9.3629808e+00 -9.3048756e+00 -9.3047781e+00 -9.2454074e+00 -9.2440862e+00 -9.0947887e+00 -9.0931829e+00 -9.0385993e+00 -9.0384380e+00 -8.9820744e+00 -8.9813628e+00 +2.6563292e+00 +2.6670910e+00 +2.9954419e+00 +2.9975730e+00 +3.1007021e+00 +3.1032411e+00 +3.3944024e+00 +3.3965263e+00 
-2.2974922e+01 -2.2973431e+01 -2.2962082e+01 -2.2960908e+01 -9.3652600e+00 -9.3649514e+00 -9.3154451e+00 -9.3154049e+00 -9.2341600e+00 -9.2327987e+00 -9.1065917e+00 -9.1050002e+00 -9.0282229e+00 -9.0281308e+00 -8.9805912e+00 -8.9799587e+00 +2.7827532e+00 +2.7917433e+00 +2.9883443e+00 +2.9897773e+00 +3.0760258e+00 +3.0785934e+00 +3.4683751e+00 +3.4716911e+00 
-2.2973833e+01 -2.2972312e+01 -2.2963271e+01 -2.2962132e+01 -9.3659334e+00 -9.3656557e+00 -9.3253395e+00 -9.3253283e+00 -9.2223225e+00 -9.2209224e+00 -9.1189065e+00 -9.1173323e+00 -9.0186391e+00 -9.0186140e+00 -8.9802014e+00 -8.9796439e+00 +2.8988872e+00 +2.9058680e+00 +2.9836302e+00 +2.9843930e+00 +3.0535105e+00 +3.0560184e+00 +3.5741954e+00 +3.5790238e+00 
-2.2972704e+01 -2.2971131e+01 -2.2964482e+01 -2.2963399e+01 -9.3652973e+00 -9.3650495e+00 -9.3344313e+00 -9.3343736e+00 -9.2099934e+00 -9.2085551e+00 -9.1316212e+00 -9.1300681e+00 -9.0099976e+00 -9.0099578e+00 -8.9809546e+00 -8.9804680e+00 +2.9816239e+00 +2.9817538e+00 +3.0016321e+00 +3.0067059e+00 +3.0336272e+00 +3.0359853e+00 +3.5294801e+00 +3.5301080e+00 
-2.2971572e+01 -2.2969898e+01 -2.2965673e+01 -2.2964696e+01 -9.3633313e+00 -9.3631143e+00 -9.3425473e+00 -9.3424466e+00 -9.1972787e+00 -9.1958002e+00 -9.1446191e+00 -9.1430940e+00 -9.0023741e+00 -9.0022735e+00 -8.9828782e+00 -8.9824568e+00 +2.9821259e+00 +2.9825849e+00 +3.0167303e+00 +3.0188486e+00 +3.0930650e+00 +3.0966286e+00 +3.4377777e+00 +3.4386337e+00 
-2.2970547e+01 -2.2968625e+01 -2.2966735e+01 -2.2966008e+01 -9.3600415e+00 -9.3598606e+00 -9.3495713e+00 -9.3494271e+00 -9.1843000e+00 -9.1827659e+00 -9.1577709e+00 -9.1562939e+00 -8.9958292e+00 -8.9956817e+00 -8.9859703e+00 -8.9855982e+00 +2.9856965e+00 +2.9867017e+00 +3.0030712e+00 +3.0048541e+00 +3.1782785e+00 +3.1807990e+00 +3.3485275e+00 +3.3496897e+00 
-2.2970033e+01 -2.2967383e+01 -2.2967262e+01 -2.2967262e+01 -9.3557859e+00 -9.3557859e+00 -9.3550790e+00 -9.3547514e+00 -9.1722898e+00 -9.1698393e+00 -9.1698393e+00 -9.1692762e+00 -8.9910436e+00 -8.9910436e+00 -8.9895995e+00 -8.9890809e+00 +2.9917390e+00 +2.9936370e+00 +2.9936370e+00 +2.9945977e+00 +3.2581292e+00 +3.2615758e+00 +3.2666787e+00 +3.2666787e+00 
-2.2970657e+01 -2.2968232e+01 -2.2967203e+01 -2.2965823e+01 -9.3613366e+00 -9.3559423e+00 -9.3550729e+00 -9.3465427e+00 -9.1892434e+00 -9.1706002e+00 -9.1696577e+00 -9.1516287e+00 -8.9973452e+00 -8.9920603e+00 -8.9903655e+00 -8.9833129e+00 +2.9872260e+00 +2.9900382e+00 +2.9903205e+00 +3.0127913e+00 +3.1432435e+00 +3.2621550e+00 +3.2690575e+00 +3.3826870e+00 
-2.2972224e+01 -2.2968352e+01 -2.2967024e+01 -2.2964239e+01 -9.3644513e+00 -9.3564220e+00 -9.3555602e+00 -9.3350135e+00 -9.2082297e+00 -9.1700632e+00 -9.1691160e+00 -9.1333785e+00 -9.0046614e+00 -8.9950751e+00 -8.9933908e+00 -8.9768306e+00 +2.9799234e+00 +2.9804192e+00 +2.9944458e+00 +3.0214360e+00 +3.0460640e+00 +3.2661040e+00 +3.2733118e+00 +3.5021758e+00 
-2.2974127e+01 -2.2968140e+01 -2.2966729e+01 -2.2962720e+01 -9.3647507e+00 -9.3572569e+00 -9.3564083e+00 -9.3208687e+00 -9.2272996e+00 -9.1691714e+00 -9.1682229e+00 -9.1155254e+00 -9.0122016e+00 -8.9999834e+00 -8.9983194e+00 -8.9706614e+00 +2.8962591e+00 +2.9636375e+00 +2.9640791e+00 +3.0138124e+00 +3.0940557e+00 +3.2611065e+00 +3.2689164e+00 +3.6217962e+00 
-2.2976154e+01 -2.2967765e+01 -2.2966324e+01 -2.2961310e+01 -9.3623138e+00 -9.3584992e+00 -9.3576673e+00 -9.3042892e+00 -9.2463347e+00 -9.1679426e+00 -9.1669933e+00 -9.0981598e+00 -9.0199091e+00 -9.0066136e+00 -9.0049796e+00 -8.9648388e+00 +2.7667691e+00 +2.9411454e+00 +2.9415477e+00 +3.0451909e+00 +3.1576110e+00 +3.2257615e+00 +3.2344242e+00 +3.4676811e+00 
-2.2978244e+01 -2.2967267e+01 -2.2965815e+01 -2.2960027e+01 -9.3602198e+00 -9.3594399e+00 -9.3572368e+00 -9.2854901e+00 -9.2652282e+00 -9.1663976e+00 -9.1654474e+00 -9.0813542e+00 -9.0277338e+00 -9.0147330e+00 -9.0131396e+00 -8.9593799e+00 +2.6331645e+00 +2.9128175e+00 +2.9131789e+00 +3.0881213e+00 +3.1386492e+00 +3.1480395e+00 +3.2377796e+00 +3.3227925e+00 
-2.2980370e+01 -2.2966667e+01 -2.2965210e+01 -2.2958881e+01 -9.3625053e+00 -9.3617473e+00 -9.3497557e+00 -9.2838735e+00 -9.2647152e+00 -9.1645619e+00 -9.1636108e+00 -9.0651721e+00 -9.0356241e+00 -9.0240553e+00 -9.0225139e+00 -8.9542945e+00 +2.4969208e+00 +2.8791170e+00 +2.8794355e+00 +3.0038998e+00 +3.0137500e+00 +3.1421163e+00 +3.1967724e+00 +3.3358425e+00 
-2.2982516e+01 -2.2965979e+01 -2.2964520e+01 -2.2957872e+01 -9.3654529e+00 -9.3647374e+00 -9.3400281e+00 -9.3021634e+00 -9.2422317e+00 -9.1624662e+00 -9.1615141e+00 -9.0496698e+00 -9.0435264e+00 -9.0342513e+00 -9.0327744e+00 -8.9495870e+00 +2.3602675e+00 +2.8406134e+00 +2.8408882e+00 +2.8424270e+00 +2.8526957e+00 +3.0861774e+00 +3.2066173e+00 +3.4533494e+00 
-2.2984668e+01 -2.2965215e+01 -2.2963757e+01 -2.2956998e+01 -9.3691619e+00 -9.3684989e+00 -9.3283062e+00 -9.3199906e+00 -9.2183262e+00 -9.1601452e+00 -9.1591921e+00 -9.0513847e+00 -9.0449636e+00 -9.0435642e+00 -9.0348968e+00 -8.9452574e+00 +2.2254781e+00 +2.6702389e+00 +2.6809882e+00 +2.7979767e+00 +2.7982087e+00 +2.9875903e+00 +3.2809625e+00 +3.5921549e+00 
-2.2986812e+01 -2.2964391e+01 -2.2962933e+01 -2.2956254e+01 -9.3737224e+00 -9.3731211e+00 -9.3372485e+00 -9.3148609e+00 -9.1933029e+00 -9.1576380e+00 -9.1566837e+00 -9.0591433e+00 -9.0558247e+00 -9.0545144e+00 -9.0208958e+00 -8.9413011e+00 +2.0944323e+00 +2.4961532e+00 +2.5074334e+00 +2.7519661e+00 +2.7521578e+00 +2.8981819e+00 +3.3643553e+00 +3.7544458e+00 
-2.2988935e+01 -2.2963521e+01 -2.2962063e+01 -2.2955632e+01 -9.3791998e+00 -9.3786682e+00 -9.3538322e+00 -9.2999880e+00 -9.1674833e+00 -9.1549866e+00 -9.1540311e+00 -9.0667585e+00 -9.0664790e+00 -9.0652542e+00 -9.0077030e+00 -8.9377099e+00 +1.9685162e+00 +2.3250534e+00 +2.3368833e+00 +2.7034128e+00 +2.7035676e+00 +2.8158989e+00 +3.4558347e+00 +3.9427515e+00 
-2.2991020e+01 -2.2962621e+01 -2.2961163e+01 -2.2955123e+01 -9.3856184e+00 -9.3851627e+00 -9.3696398e+00 -9.2840048e+00 -9.1522359e+00 -9.1512791e+00 -9.1412057e+00 -9.0766055e+00 -9.0755662e+00 -9.0740677e+00 -8.9953490e+00 -8.9344727e+00 +1.8487021e+00 +2.1599128e+00 +2.1722846e+00 +2.6531989e+00 +2.6533210e+00 +2.7394013e+00 +3.5542481e+00 +4.1599183e+00 
-2.2993050e+01 -2.2961708e+01 -2.2960247e+01 -2.2954714e+01 -9.3929450e+00 -9.3925684e+00 -9.3845734e+00 -9.2672459e+00 -9.1494324e+00 -9.1484744e+00 -9.1148301e+00 -9.0859336e+00 -9.0850147e+00 -9.0811831e+00 -8.9838583e+00 -8.9315752e+00 +1.7356735e+00 +2.0027232e+00 +2.0156074e+00 +2.6022345e+00 +2.6023285e+00 +2.6679136e+00 +3.6582290e+00 +4.4090213e+00 
-2.2995009e+01 -2.2960799e+01 -2.2959332e+01 -2.2954394e+01 -9.4010784e+00 -9.4007804e+00 -9.3985410e+00 -9.2500587e+00 -9.1466242e+00 -9.1456648e+00 -9.0944624e+00 -9.0935080e+00 -9.0885324e+00 -9.0879473e+00 -8.9732507e+00 -8.9290016e+00 +1.6299317e+00 +1.8549181e+00 +1.8682665e+00 +2.5514348e+00 +2.5515053e+00 +2.6010746e+00 +3.7661815e+00 +4.5636097e+00 
-2.2996876e+01 -2.2959912e+01 -2.2958433e+01 -2.2954150e+01 -9.4114579e+00 -9.4098465e+00 -9.4096228e+00 -9.2327982e+00 -9.1438592e+00 -9.1428986e+00 -9.1016317e+00 -9.1009212e+00 -9.0943189e+00 -9.0631371e+00 -8.9635415e+00 -8.9267343e+00 +1.5318705e+00 +1.7175810e+00 +1.7313261e+00 +2.5016985e+00 +2.5017500e+00 +2.5388123e+00 +3.8762760e+00 +4.6004065e+00 
-2.2998634e+01 -2.2959064e+01 -2.2957568e+01 -2.2953968e+01 -9.4232492e+00 -9.4190140e+00 -9.4188566e+00 -9.2158217e+00 -9.1411852e+00 -9.1402234e+00 -9.1077938e+00 -9.1072197e+00 -9.1002470e+00 -9.0386362e+00 -8.9547420e+00 -8.9247549e+00 +1.4418217e+00 +1.5915587e+00 +1.6056093e+00 +2.4538889e+00 +2.4539253e+00 +2.4812453e+00 +3.9864583e+00 +4.6246814e+00 
-2.3000264e+01 -2.2958271e+01 -2.2956751e+01 -2.2953834e+01 -9.4338514e+00 -9.4282985e+00 -9.4281967e+00 -9.1994823e+00 -9.1386485e+00 -9.1376855e+00 -9.1128851e+00 -9.1124358e+00 -9.1056830e+00 -9.0154996e+00 -8.9468602e+00 -8.9230449e+00 +1.3600767e+00 +1.4775324e+00 +1.4917630e+00 +2.4088172e+00 +2.4088421e+00 +2.4286082e+00 +4.0944758e+00 +4.6378578e+00 
-2.3001748e+01 -2.2957551e+01 -2.2955997e+01 -2.2953735e+01 -9.4432156e+00 -9.4373920e+00 -9.4373335e+00 -9.1841224e+00 -9.1362933e+00 -9.1353292e+00 -9.1169851e+00 -9.1166510e+00 -9.1105821e+00 -8.9940910e+00 -8.9399015e+00 -8.9215861e+00 +1.2868876e+00 +1.3760724e+00 +1.3903006e+00 +2.3672300e+00 +2.3672464e+00 +2.3811971e+00 +4.1979230e+00 +4.6419160e+00 
-2.3003069e+01 -2.2956920e+01 -2.2955319e+01 -2.2953657e+01 -9.4513087e+00 -9.4459834e+00 -9.4459556e+00 -9.1700665e+00 -9.1341607e+00 -9.1331957e+00 -9.1202046e+00 -9.1199766e+00 -9.1149032e+00 -8.9747524e+00 -8.9338692e+00 -8.9203612e+00 +1.2224456e+00 +1.2876937e+00 +1.3016319e+00 +2.3297995e+00 +2.3298098e+00 +2.3393290e+00 +4.2943087e+00 +4.6391684e+00 
-2.3004214e+01 -2.2956390e+01 -2.2954728e+01 -2.2953588e+01 -9.4581152e+00 -9.4537787e+00 -9.4537701e+00 -9.1576148e+00 -9.1322882e+00 -9.1313223e+00 -9.1226661e+00 -9.1225371e+00 -9.1186092e+00 -8.9577997e+00 -8.9287650e+00 -8.9193541e+00 +1.1668237e+00 +1.2129326e+00 +1.2260859e+00 +2.2971159e+00 +2.2971221e+00 +2.3033137e+00 +4.3811421e+00 +4.6320173e+00 
-2.3005170e+01 -2.2955970e+01 -2.2954233e+01 -2.2953521e+01 -9.4636367e+00 -9.4605176e+00 -9.4605166e+00 -9.1470361e+00 -9.1307087e+00 -9.1297421e+00 -9.1244896e+00 -9.1244587e+00 -9.1216654e+00 -8.9435153e+00 -8.9245894e+00 -8.9185507e+00 +1.1198862e+00 +1.1524470e+00 +1.1639265e+00 +2.2696832e+00 +2.2696866e+00 +2.2734337e+00 +4.4560359e+00 +4.6227426e+00 
-2.3005924e+01 -2.2955660e+01 -2.2953842e+01 -2.2953454e+01 -9.4678893e+00 -9.4659835e+00 -9.4659797e+00 -9.1385627e+00 -9.1294502e+00 -9.1284830e+00 -9.1258634e+00 -9.1257809e+00 -9.1240341e+00 -8.9321410e+00 -8.9213425e+00 -8.9179389e+00 +1.0814026e+00 +1.1069051e+00 +1.1153636e+00 +2.2479156e+00 +2.2479173e+00 +2.2499320e+00 +4.5168203e+00 +4.6133452e+00 
-2.3006470e+01 -2.2955454e+01 -2.2953560e+01 -2.2953393e+01 -9.4708979e+00 -9.4700021e+00 -9.4699993e+00 -9.1323901e+00 -9.1285349e+00 -9.1275673e+00 -9.1268695e+00 -9.1266193e+00 -9.1256690e+00 -8.9238722e+00 -8.9190239e+00 -8.9175089e+00 +1.0519683e+00 +1.0760619e+00 +1.0805590e+00 +2.2321363e+00 +2.2321369e+00 +2.2330031e+00 +4.5616570e+00 +4.6054458e+00 
-2.3006800e+01 -2.2955339e+01 -2.2953390e+01 -2.2953349e+01 -9.4726895e+00 -9.4724581e+00 -9.4724572e+00 -9.1287252e+00 -9.1279792e+00 -9.1275419e+00 -9.1270113e+00 -9.1270008e+00 -9.1265588e+00 -8.9188524e+00 -8.9176329e+00 -8.9172538e+00 +1.0333578e+00 +1.0584005e+00 +1.0596292e+00 +2.2225762e+00 +2.2225764e+00 +2.2227886e+00 +4.5891455e+00 +4.6002274e+00 
-2.3006910e+01 -2.2955302e+01 -2.2953333e+01 -2.2953333e+01 -9.4732841e+00 -9.4732841e+00 -9.4732841e+00 -9.1277928e+00 -9.1277928e+00 -9.1277928e+00 -9.1268249e+00 -9.1268249e+00 -9.1268248e+00 -8.9171693e+00 -8.9171693e+00 -8.9171693e+00 +1.0270053e+00 +1.0526447e+00 +1.0526447e+00 +2.2193741e+00 +2.2193741e+00 +2.2193741e+00 +4.5984079e+00 +4.5984079e+00 
-2.3006804e+01 -2.2955337e+01 -2.2953368e+01 -2.2953368e+01 -9.4725659e+00 -9.4725650e+00 -9.4725650e+00 -9.1284682e+00 -9.1279612e+00 -9.1279612e+00 -9.1269632e+00 -9.1269632e+00 -9.1264608e+00 -8.9189069e+00 -8.9173715e+00 -8.9173715e+00 +1.0331360e+00 +1.0587457e+00 +1.0587457e+00 +2.2225150e+00 +2.2225151e+00 +2.2225151e+00 +4.5893253e+00 +4.6005204e+00 
-2.3006487e+01 -2.2955442e+01 -2.2953474e+01 -2.2953474e+01 -9.4704274e+00 -9.4704245e+00 -9.4704245e+00 -9.1304685e+00 -9.1297643e+00 -9.1297643e+00 -9.1260573e+00 -9.1260573e+00 -9.1253718e+00 -8.9240969e+00 -8.9179757e+00 -8.9179757e+00 +1.0515188e+00 +1.0770393e+00 +1.0770393e+00 +2.2318851e+00 +2.2318857e+00 +2.2318857e+00 +4.5621886e+00 +4.6067959e+00 
-2.3005964e+01 -2.2955618e+01 -2.2953650e+01 -2.2953650e+01 -9.4669201e+00 -9.4669157e+00 -9.4669157e+00 -9.1337150e+00 -9.1329522e+00 -9.1329522e+00 -9.1242875e+00 -9.1242875e+00 -9.1235678e+00 -8.9326716e+00 -8.9189751e+00 -8.9189751e+00 +1.0821261e+00 +1.1074970e+00 +1.1074970e+00 +2.2473240e+00 +2.2473253e+00 +2.2473253e+00 +4.5173312e+00 +4.6170421e+00 
-2.3005240e+01 -2.2955865e+01 -2.2953897e+01 -2.2953897e+01 -9.4621371e+00 -9.4621341e+00 -9.4621340e+00 -9.1380731e+00 -9.1372571e+00 -9.1372571e+00 -9.1218027e+00 -9.1218027e+00 -9.1210653e+00 -8.9445194e+00 -8.9203580e+00 -8.9203580e+00 +1.1249152e+00 +1.1500748e+00 +1.1500748e+00 +2.2685511e+00 +2.2685535e+00 +2.2685535e+00 +4.4553090e+00 +4.6309172e+00 
-2.3004324e+01 -2.2956182e+01 -2.2954214e+01 -2.2954214e+01 -9.4562277e+00 -9.4562277e+00 -9.4562233e+00 -9.1433480e+00 -9.1424693e+00 -9.1424693e+00 -9.1186398e+00 -9.1186398e+00 -9.1178881e+00 -8.9594875e+00 -8.9221086e+00 -8.9221086e+00 +1.1798309e+00 +1.2047154e+00 +1.2047154e+00 +2.2951450e+00 +2.2951490e+00 +2.2951491e+00 +4.3768981e+00 +4.6478952e+00 
-2.3003227e+01 -2.2956567e+01 -2.2954599e+01 -2.2954599e+01 -9.4494096e+00 -9.4494096e+00 -9.4493884e+00 -9.1492767e+00 -9.1483217e+00 -9.1483217e+00 -9.1148321e+00 -9.1148321e+00 -9.1140668e+00 -8.9773842e+00 -8.9242068e+00 -8.9242068e+00 +1.2468058e+00 +1.2713478e+00 +1.2713478e+00 +2.3265095e+00 +2.3265163e+00 +2.3265163e+00 +4.2830918e+00 +4.6672180e+00 
-2.3001961e+01 -2.2957018e+01 -2.2955049e+01 -2.2955049e+01 -9.4419719e+00 -9.4419719e+00 -9.4419211e+00 -9.1555189e+00 -9.1544718e+00 -9.1544718e+00 -9.1104181e+00 -9.1104181e+00 -9.1096393e+00 -8.9979830e+00 -8.9266288e+00 -8.9266288e+00 +1.3257547e+00 +1.3498816e+00 +1.3498816e+00 +2.3618248e+00 +2.3618363e+00 +2.3618363e+00 +4.1750924e+00 +4.6878337e+00 
-2.3000542e+01 -2.2957532e+01 -2.2955562e+01 -2.2955562e+01 -9.4342982e+00 -9.4342982e+00 -9.4342028e+00 -9.1616468e+00 -9.1604908e+00 -9.1604908e+00 -9.1054423e+00 -9.1054423e+00 -9.1046503e+00 -9.0210261e+00 -8.9293468e+00 -8.9293468e+00 +1.4165575e+00 +1.4401878e+00 +1.4401878e+00 +2.3999783e+00 +2.3999990e+00 +2.3999990e+00 +4.0542986e+00 +4.7083332e+00 
-2.2998984e+01 -2.2958102e+01 -2.2956130e+01 -2.2956130e+01 -9.4268715e+00 -9.4268714e+00 -9.4267154e+00 -9.1671400e+00 -9.1658584e+00 -9.1658584e+00 -9.0999561e+00 -9.0999561e+00 -9.0991509e+00 -9.0462292e+00 -8.9323302e+00 -8.9323302e+00 +1.5190200e+00 +1.5420588e+00 +1.5420588e+00 +2.4394785e+00 +2.4395186e+00 +2.4395186e+00 +3.9222863e+00 +4.7269140e+00 
-2.2997305e+01 -2.2958724e+01 -2.2956750e+01 -2.2956750e+01 -9.4202639e+00 -9.4202639e+00 -9.4200332e+00 -9.1713950e+00 -9.1699741e+00 -9.1699741e+00 -9.0940164e+00 -9.0940164e+00 -9.0931985e+00 -9.0732856e+00 -8.9355453e+00 -8.9355453e+00 +1.6327959e+00 +1.6551240e+00 +1.6551240e+00 +2.4783699e+00 +2.4784526e+00 +2.4784527e+00 +3.7807836e+00 +4.7414229e+00 
-2.2995524e+01 -2.2959390e+01 -2.2957414e+01 -2.2957414e+01 -9.4150952e+00 -9.4150952e+00 -9.4147820e+00 -9.1737685e+00 -9.1722002e+00 -9.1722002e+00 -9.1018705e+00 -9.0876860e+00 -9.0876860e+00 -9.0868559e+00 -8.9389559e+00 -8.9389559e+00 +1.7572193e+00 +1.7786726e+00 +1.7786726e+00 +2.5142159e+00 +2.5143970e+00 +2.5143970e+00 +3.6316392e+00 +4.7495552e+00 
-2.2993661e+01 -2.2960093e+01 -2.2958114e+01 -2.2958114e+01 -9.4119451e+00 -9.4119451e+00 -9.4115513e+00 -9.1736686e+00 -9.1719502e+00 -9.1719502e+00 -9.1316423e+00 -9.0810323e+00 -9.0810323e+00 -9.0801904e+00 -8.9425239e+00 -8.9425239e+00 +1.8909217e+00 +1.9112385e+00 +1.9112385e+00 +2.5443588e+00 +2.5447785e+00 +2.5447785e+00 +3.4767864e+00 +4.7492513e+00 
-2.2991736e+01 -2.2960824e+01 -2.2958843e+01 -2.2958843e+01 -9.4112305e+00 -9.4112305e+00 -9.4107695e+00 -9.1707690e+00 -9.1688113e+00 -9.1688113e+00 -9.1621585e+00 -9.0741268e+00 -9.0741268e+00 -9.0732737e+00 -8.9462097e+00 -8.9462097e+00 +2.0308110e+00 +2.0494856e+00 +2.0494856e+00 +2.5670481e+00 +2.5680813e+00 +2.5680813e+00 +3.3182038e+00 +4.7391975e+00 
-2.2989769e+01 -2.2961575e+01 -2.2959592e+01 -2.2959592e+01 -9.4131003e+00 -9.4131003e+00 -9.4125937e+00 -9.1934870e+00 -9.1645130e+00 -9.1626514e+00 -9.1626514e+00 -9.0670443e+00 -9.0670443e+00 -9.0661807e+00 -8.9499723e+00 -8.9499723e+00 +2.1688680e+00 +2.1846969e+00 +2.1846969e+00 +2.5852161e+00 +2.5879370e+00 +2.5879370e+00 +3.1578752e+00 +4.6875701e+00 
-2.2987782e+01 -2.2962337e+01 -2.2960353e+01 -2.2960353e+01 -9.4174069e+00 -9.4174069e+00 -9.4168786e+00 -9.2247540e+00 -9.1556002e+00 -9.1536462e+00 -9.1536462e+00 -9.0598622e+00 -9.0598622e+00 -9.0589886e+00 -8.9537703e+00 -8.9537703e+00 +2.2823238e+00 +2.2925817e+00 +2.2925817e+00 +2.6173930e+00 +2.6244122e+00 +2.6244122e+00 +2.9977503e+00 +4.6181939e+00 
-2.2985797e+01 -2.2963102e+01 -2.2961118e+01 -2.2961118e+01 -9.4237726e+00 -9.4237726e+00 -9.4232430e+00 -9.2558515e+00 -9.1442176e+00 -9.1422144e+00 -9.1422144e+00 -9.0526594e+00 -9.0526594e+00 -9.0517764e+00 -8.9575620e+00 -8.9575620e+00 +2.3298329e+00 +2.3333311e+00 +2.3333311e+00 +2.7026336e+00 +2.7150477e+00 +2.7150477e+00 +2.8397087e+00 +4.6092535e+00 
-2.2983835e+01 -2.2963860e+01 -2.2961878e+01 -2.2961878e+01 -9.4317000e+00 -9.4317000e+00 -9.4311834e+00 -9.2864299e+00 -9.1309357e+00 -9.1289061e+00 -9.1289061e+00 -9.0455158e+00 -9.0455158e+00 -9.0446239e+00 -8.9613060e+00 -8.9613059e+00 +2.3082256e+00 +2.3084459e+00 +2.3084459e+00 +2.6855263e+00 +2.8439678e+00 +2.8582192e+00 +2.8582192e+00 +4.6144262e+00 
-2.2981917e+01 -2.2964602e+01 -2.2962625e+01 -2.2962625e+01 -9.4406703e+00 -9.4406703e+00 -9.4401750e+00 -9.3161632e+00 -9.1163463e+00 -9.1143044e+00 -9.1143043e+00 -9.0385110e+00 -9.0385110e+00 -9.0376105e+00 -8.9649613e+00 -8.9649613e+00 +2.2487608e+00 +2.2487608e+00 +2.2496131e+00 +2.5368594e+00 +3.0103314e+00 +3.0241590e+00 +3.0241590e+00 +4.5714787e+00 
-2.2980067e+01 -2.2965319e+01 -2.2963350e+01 -2.2963350e+01 -9.4502035e+00 -9.4502035e+00 -9.4497327e+00 -9.3447414e+00 -9.1010109e+00 -9.0989654e+00 -9.0989654e+00 -9.0317237e+00 -9.0317237e+00 -9.0308149e+00 -8.9684883e+00 -8.9684883e+00 +2.1727241e+00 +2.1727241e+00 +2.1738926e+00 +2.3952137e+00 +3.1828489e+00 +3.1954682e+00 +3.1954682e+00 +4.5277464e+00 
-2.2978305e+01 -2.2966002e+01 -2.2964047e+01 -2.2964047e+01 -9.4598824e+00 -9.4598824e+00 -9.4594363e+00 -9.3718716e+00 -9.0854370e+00 -9.0833929e+00 -9.0833929e+00 -9.0252307e+00 -9.0252307e+00 -9.0243137e+00 -8.9718487e+00 -8.9718487e+00 +2.0899159e+00 +2.0899159e+00 +2.0911152e+00 +2.2619428e+00 +3.3519539e+00 +3.3631121e+00 +3.3631121e+00 +4.4847901e+00 
-2.2976653e+01 -2.2966639e+01 -2.2964706e+01 -2.2964706e+01 -9.4693584e+00 -9.4693584e+00 -9.4689352e+00 -9.3972802e+00 -9.0700723e+00 -9.0680325e+00 -9.0680325e+00 -9.0191059e+00 -9.0191059e+00 -9.0181806e+00 -8.9750061e+00 -8.9750061e+00 +2.0061227e+00 +2.0061227e+00 +2.0072295e+00 +2.1382399e+00 +3.5119414e+00 +3.5216271e+00 +3.5216271e+00 +4.4437858e+00 
-2.2975136e+01 -2.2967218e+01 -2.2965322e+01 -2.2965322e+01 -9.4783468e+00 -9.4783468e+00 -9.4779439e+00 -9.4207151e+00 -9.0553095e+00 -9.0532756e+00 -9.0532756e+00 -9.0134198e+00 -9.0134198e+00 -9.0124855e+00 -8.9779260e+00 -8.9779260e+00 +1.9251566e+00 +1.9251566e+00 +1.9261167e+00 +2.0251396e+00 +3.6593834e+00 +3.6677217e+00 +3.6677217e+00 +4.4056179e+00 
-2.2973778e+01 -2.2967725e+01 -2.2965886e+01 -2.2965886e+01 -9.4866216e+00 -9.4866216e+00 -9.4862356e+00 -9.4419469e+00 -9.0414912e+00 -9.0394642e+00 -9.0394642e+00 -9.0082385e+00 -9.0082385e+00 -9.0072938e+00 -8.9805764e+00 -8.9805764e+00 +1.8496360e+00 +1.8496360e+00 +1.8504300e+00 +1.9235235e+00 +3.7923862e+00 +3.7995690e+00 +3.7995690e+00 +4.3709403e+00 
-2.2972615e+01 -2.2968134e+01 -2.2966393e+01 -2.2966393e+01 -9.4940087e+00 -9.4940087e+00 -9.4936366e+00 -9.4607706e+00 -9.0289151e+00 -9.0268961e+00 -9.0268961e+00 -9.0036232e+00 -9.0036232e+00 -9.0026652e+00 -8.9829271e+00 -8.9829271e+00 +1.7814119e+00 +1.7814119e+00 +1.7820403e+00 +1.8341295e+00 +3.9099110e+00 +3.9161447e+00 +3.9161447e+00 +4.3402296e+00 
-2.2971692e+01 -2.2968406e+01 -2.2966836e+01 -2.2966836e+01 -9.5003812e+00 -9.5003812e+00 -9.5000201e+00 -9.4770063e+00 -9.0178377e+00 -9.0158288e+00 -9.0158288e+00 -8.9996301e+00 -8.9996301e+00 -8.9986535e+00 -8.9849492e+00 -8.9849492e+00 +1.7218277e+00 +1.7218277e+00 +1.7223031e+00 +1.7575629e+00 +4.0112325e+00 +4.0167063e+00 +4.0167063e+00 +4.3138295e+00 
-2.2971072e+01 -2.2968485e+01 -2.2967209e+01 -2.2967209e+01 -9.5056539e+00 -9.5056539e+00 -9.5053014e+00 -9.4905007e+00 -9.0084759e+00 -9.0064821e+00 -9.0064821e+00 -8.9963113e+00 -8.9963113e+00 -8.9953052e+00 -8.9866126e+00 -8.9866125e+00 +1.6718789e+00 +1.6718789e+00 +1.6722217e+00 +1.6943089e+00 +4.0956474e+00 +4.1005172e+00 +4.1005172e+00 +4.2919859e+00 
-2.2970771e+01 -2.2968363e+01 -2.2967506e+01 -2.2967506e+01 -9.5097762e+00 -9.5097762e+00 -9.5094314e+00 -9.5011268e+00 -9.0010079e+00 -8.9990461e+00 -8.9990461e+00 -8.9937158e+00 -8.9937158e+00 -8.9926594e+00 -8.9878776e+00 -8.9878776e+00 +1.6323099e+00 +1.6323099e+00 +1.6325453e+00 +1.6447444e+00 +4.1624019e+00 +4.1667712e+00 +4.1667712e+00 +4.2748749e+00 
-2.2970684e+01 -2.2968144e+01 -2.2967722e+01 -2.2967722e+01 -9.5127248e+00 -9.5127248e+00 -9.5123897e+00 -9.5087828e+00 -8.9955731e+00 -8.9937399e+00 -8.9937399e+00 -8.9918514e+00 -8.9918514e+00 -8.9907470e+00 -8.9886736e+00 -8.9886736e+00 +1.6036682e+00 +1.6036682e+00 +1.6038248e+00 +1.6091499e+00 +4.2107471e+00 +4.2145848e+00 +4.2145848e+00 +4.2625725e+00 
-2.2970680e+01 -2.2967964e+01 -2.2967853e+01 -2.2967853e+01 -9.5144931e+00 -9.5144931e+00 -9.5141999e+00 -9.5133687e+00 -8.9922720e+00 -8.9914523e+00 -8.9914523e+00 -8.9900339e+00 -8.9900339e+00 -8.9895906e+00 -8.9889088e+00 -8.9889088e+00 +1.5863335e+00 +1.5863335e+00 +1.5864405e+00 +1.5877197e+00 +4.2400430e+00 +4.2424696e+00 +4.2424696e+00 +4.2535082e+00 
-2.2970686e+01 -2.2967897e+01 -2.2967897e+01 -2.2967897e+01 -9.5150821e+00 -9.5150821e+00 -9.5150821e+00 -9.5146227e+00 -8.9911648e+00 -8.9911648e+00 -8.9911648e+00 -8.9892036e+00 -8.9892036e+00 -8.9892036e+00 -8.9887289e+00 -8.9887289e+00 +1.5805305e+00 +1.5805305e+00 +1.5805305e+00 +1.5806542e+00 +4.2484045e+00 +4.2484045e+00 +4.2498588e+00 +4.2498588e+00 
-2.2970679e+01 -2.2967949e+01 -2.2967889e+01 -2.2967832e+01 -9.5145927e+00 -9.5144285e+00 -9.5138473e+00 -9.5135484e+00 -8.9924058e+00 -8.9914347e+00 -8.9913680e+00 -8.9904552e+00 -8.9895910e+00 -8.9895027e+00 -8.9890718e+00 -8.9889938e+00 +1.5863987e+00 +1.5864745e+00 +1.5874597e+00 +1.5875199e+00 +4.2394434e+00 +4.2403047e+00 +4.2466133e+00 +4.2534572e+00 
-2.2970676e+01 -2.2968105e+01 -2.2967849e+01 -2.2967637e+01 -9.5131161e+00 -9.5129047e+00 -9.5101573e+00 -9.5098952e+00 -8.9965466e+00 -8.9947359e+00 -8.9922805e+00 -8.9920380e+00 -8.9903372e+00 -8.9903021e+00 -8.9897483e+00 -8.9895429e+00 +1.6039480e+00 +1.6040794e+00 +1.6081764e+00 +1.6082168e+00 +4.2055878e+00 +4.2070604e+00 +4.2393895e+00 +4.2465159e+00 
-2.2970715e+01 -2.2968363e+01 -2.2967741e+01 -2.2967316e+01 -9.5106303e+00 -9.5104087e+00 -9.5040560e+00 -9.5037883e+00 -9.0035719e+00 -9.0018207e+00 -8.9937975e+00 -8.9933956e+00 -8.9914794e+00 -8.9912536e+00 -8.9908852e+00 -8.9902738e+00 +1.6330124e+00 +1.6332302e+00 +1.6424703e+00 +1.6424812e+00 +4.1491635e+00 +4.1509563e+00 +4.2273994e+00 +4.2342513e+00 
-2.2970850e+01 -2.2968721e+01 -2.2967514e+01 -2.2966875e+01 -9.5071046e+00 -9.5068784e+00 -9.4956199e+00 -9.4953376e+00 -9.0132676e+00 -9.0115478e+00 -8.9960764e+00 -8.9956431e+00 -8.9927151e+00 -8.9924986e+00 -8.9922948e+00 -8.9912727e+00 +1.6733173e+00 +1.6736509e+00 +1.6899677e+00 +1.6899991e+00 +4.0716166e+00 +4.0738086e+00 +4.2108807e+00 +4.2175196e+00 
-2.2971114e+01 -2.2969173e+01 -2.2967139e+01 -2.2966322e+01 -9.5025079e+00 -9.5022780e+00 -9.4849605e+00 -9.4846618e+00 -9.0254196e+00 -9.0237233e+00 -8.9991404e+00 -8.9987329e+00 -8.9940750e+00 -8.9940320e+00 -8.9939270e+00 -8.9925249e+00 +1.7244805e+00 +1.7249549e+00 +1.7502024e+00 +1.7502910e+00 +3.9744526e+00 +3.9771641e+00 +4.1900998e+00 +4.1965116e+00 
-2.2971513e+01 -2.2969714e+01 -2.2966615e+01 -2.2965665e+01 -9.4968166e+00 -9.4965822e+00 -9.4722267e+00 -9.4719137e+00 -9.0397837e+00 -9.0381096e+00 -9.0029713e+00 -9.0025909e+00 -8.9958270e+00 -8.9957662e+00 -8.9956118e+00 -8.9940091e+00 +1.7860146e+00 +1.7866489e+00 +1.8225722e+00 +1.8227363e+00 +3.8593495e+00 +3.8627192e+00 +4.1653654e+00 +4.1715107e+00 
-2.2972031e+01 -2.2970333e+01 -2.2965961e+01 -2.2964918e+01 -9.4900211e+00 -9.4897806e+00 -9.4576055e+00 -9.4572832e+00 -9.0560810e+00 -9.0544305e+00 -9.0075481e+00 -9.0071848e+00 -8.9978465e+00 -8.9977928e+00 -8.9973307e+00 -8.9956996e+00 +1.8573267e+00 +1.8581329e+00 +1.9062946e+00 +1.9065569e+00 +3.7281493e+00 +3.7323293e+00 +4.1370021e+00 +4.1428280e+00 
-2.2972645e+01 -2.2971020e+01 -2.2965199e+01 -2.2964092e+01 -9.4821304e+00 -9.4818817e+00 -9.4413205e+00 -9.4409966e+00 -9.0740013e+00 -9.0723770e+00 -9.0128548e+00 -9.0124990e+00 -9.0000476e+00 -8.9999752e+00 -8.9992142e+00 -8.9975668e+00 +1.9377167e+00 +1.9386983e+00 +2.0003608e+00 +2.0007509e+00 +3.5829087e+00 +3.5880554e+00 +4.1053071e+00 +4.1107501e+00 
-2.2973335e+01 -2.2971762e+01 -2.2964355e+01 -2.2963203e+01 -9.4731745e+00 -9.4729149e+00 -9.4236299e+00 -9.4233143e+00 -9.0932098e+00 -9.0916153e+00 -9.0188777e+00 -9.0185219e+00 -9.0023828e+00 -9.0022724e+00 -9.0012354e+00 -8.9995782e+00 +2.0263717e+00 +2.0275230e+00 +2.1034528e+00 +2.1040091e+00 +3.4260476e+00 +3.4323055e+00 +4.0704870e+00 +4.0754740e+00 
-2.2974081e+01 -2.2972546e+01 -2.2963450e+01 -2.2962266e+01 -9.4632052e+00 -9.4629316e+00 -9.4048224e+00 -9.4045267e+00 -9.1133544e+00 -9.1117935e+00 -9.0256016e+00 -9.0252395e+00 -9.0048019e+00 -9.0046374e+00 -9.0033618e+00 -9.0016988e+00 +2.1223560e+00 +2.1236610e+00 +2.2138353e+00 +2.2146083e+00 +3.2605487e+00 +3.2680268e+00 +4.0325733e+00 +4.0370246e+00 
-2.2974862e+01 -2.2973354e+01 -2.2962505e+01 -2.2961298e+01 -9.4522958e+00 -9.4520044e+00 -9.3852129e+00 -9.3849505e+00 -9.1340724e+00 -9.1325492e+00 -9.0330066e+00 -9.0326326e+00 -9.0072532e+00 -9.0070200e+00 -9.0055581e+00 -9.0038918e+00 +2.2245963e+00 +2.2260284e+00 +2.3292394e+00 +2.3302944e+00 +3.0900654e+00 +3.0988147e+00 +3.9913309e+00 +3.9951668e+00 
-2.2975661e+01 -2.2974174e+01 -2.2961539e+01 -2.2960316e+01 -9.4405404e+00 -9.4402270e+00 -9.3651373e+00 -9.3649226e+00 -9.1549980e+00 -9.1535167e+00 -9.0410650e+00 -9.0406740e+00 -9.0096844e+00 -9.0093689e+00 -9.0077874e+00 -9.0061195e+00 +2.3318614e+00 +2.3333839e+00 +2.4467667e+00 +2.4481853e+00 +2.9187827e+00 +2.9287866e+00 +3.9462076e+00 +3.9493628e+00 
-2.2976461e+01 -2.2974988e+01 -2.2960572e+01 -2.2959337e+01 -9.4280540e+00 -9.4277137e+00 -9.3449465e+00 -9.3447950e+00 -9.1757688e+00 -9.1743336e+00 -9.0497381e+00 -9.0493248e+00 -9.0120447e+00 -9.0116333e+00 -9.0100119e+00 -9.0083435e+00 +2.4427406e+00 +2.4443078e+00 +2.5628714e+00 +2.5647507e+00 +2.7510112e+00 +2.7621942e+00 +3.8964294e+00 +3.8988762e+00 
-2.2977244e+01 -2.2975783e+01 -2.2959623e+01 -2.2958378e+01 -9.4149728e+00 -9.4146002e+00 -9.3250000e+00 -9.3249279e+00 -9.1960321e+00 -9.1946467e+00 -9.0589718e+00 -9.0585305e+00 -9.0142855e+00 -9.0137649e+00 -9.0121938e+00 -9.0105256e+00 +2.5556217e+00 +2.5571812e+00 +2.5906912e+00 +2.6029403e+00 +2.6735081e+00 +2.6759547e+00 +3.8413708e+00 +3.8431425e+00 
-2.2977997e+01 -2.2976543e+01 -2.2958710e+01 -2.2957457e+01 -9.4014571e+00 -9.4010460e+00 -9.3056822e+00 -9.3056592e+00 -9.2154502e+00 -9.2141182e+00 -9.0686914e+00 -9.0682160e+00 -9.0163628e+00 -9.0157203e+00 -9.0142963e+00 -9.0126289e+00 +2.4410374e+00 +2.4542218e+00 +2.6686752e+00 +2.6701720e+00 +2.7745305e+00 +2.7776438e+00 +3.7811794e+00 +3.7823765e+00 
-2.2978704e+01 -2.2977256e+01 -2.2957848e+01 -2.2956589e+01 -9.3876954e+00 -9.3872387e+00 -9.2874118e+00 -9.2872794e+00 -9.2337058e+00 -9.2324306e+00 -9.0787939e+00 -9.0782776e+00 -9.0182388e+00 -9.0174627e+00 -9.0162840e+00 -9.0146176e+00 +2.3044120e+00 +2.3184010e+00 +2.7798506e+00 +2.7812318e+00 +2.8623432e+00 +2.8661980e+00 +3.7173041e+00 +3.7180649e+00 
-2.2979355e+01 -2.2977910e+01 -2.2957054e+01 -2.2955789e+01 -9.3739124e+00 -9.3734023e+00 -9.2704542e+00 -9.2702053e+00 -9.2505026e+00 -9.2492915e+00 -9.0891379e+00 -9.0885729e+00 -9.0198839e+00 -9.0189650e+00 -9.0181235e+00 -9.0164582e+00 +2.1823999e+00 +2.1970702e+00 +2.8868887e+00 +2.8881086e+00 +2.9346207e+00 +2.9392469e+00 +3.6514578e+00 +3.6524578e+00 
-2.2979938e+01 -2.2978496e+01 -2.2956341e+01 -2.2955071e+01 -9.3603815e+00 -9.3598091e+00 -9.2656269e+00 -9.2644376e+00 -9.2551221e+00 -9.2547050e+00 -9.0995285e+00 -9.0989065e+00 -9.0212788e+00 -9.0202115e+00 -9.0197841e+00 -9.0181200e+00 +2.0759718e+00 +2.0912103e+00 +2.9873528e+00 +2.9883560e+00 +2.9907718e+00 +2.9961254e+00 +3.5583608e+00 +3.5588431e+00 
-2.2980444e+01 -2.2979004e+01 -2.2955722e+01 -2.2954446e+01 -9.3474422e+00 -9.3467985e+00 -9.2787578e+00 -9.2776384e+00 -9.2416934e+00 -9.2411548e+00 -9.1096976e+00 -9.1090101e+00 -9.0224160e+00 -9.0212382e+00 -9.0212006e+00 -9.0195753e+00 +1.9856633e+00 +2.0013667e+00 +3.0317430e+00 +3.0378092e+00 +3.0786804e+00 +3.0795020e+00 +3.4813028e+00 +3.4816733e+00 
-2.2980867e+01 -2.2979428e+01 -2.2955205e+01 -2.2953924e+01 -9.3355227e+00 -9.3347999e+00 -9.2897659e+00 -9.2886987e+00 -9.2304045e+00 -9.2297350e+00 -9.1192790e+00 -9.1185186e+00 -9.0233006e+00 -9.0224619e+00 -9.0219448e+00 -9.0208000e+00 +1.9117275e+00 +1.9278009e+00 +3.0597624e+00 +3.0664179e+00 +3.1582580e+00 +3.1588750e+00 +3.4195373e+00 +3.4198293e+00 
-2.2981201e+01 -2.2979763e+01 -2.2954797e+01 -2.2953512e+01 -9.3251602e+00 -9.3243545e+00 -9.2984839e+00 -9.2974603e+00 -9.2214442e+00 -9.2206557e+00 -9.1277847e+00 -9.1269484e+00 -9.0239489e+00 -9.0234350e+00 -9.0224697e+00 -9.0217740e+00 +1.8542508e+00 +1.8706057e+00 +3.0774810e+00 +3.0846087e+00 +3.2235284e+00 +3.2239644e+00 +3.3722440e+00 +3.3724809e+00 
-2.2981442e+01 -2.2980004e+01 -2.2954503e+01 -2.2953215e+01 -9.3169981e+00 -9.3161151e+00 -9.3047925e+00 -9.3038025e+00 -9.2149528e+00 -9.2140681e+00 -9.1346055e+00 -9.1336986e+00 -9.0243848e+00 -9.0241416e+00 -9.0228086e+00 -9.0224812e+00 +1.8132336e+00 +1.8297865e+00 +3.0876243e+00 +3.0950922e+00 +3.2721456e+00 +3.2724398e+00 +3.3388428e+00 +3.3390433e+00 
-2.2981588e+01 -2.2980150e+01 -2.2954326e+01 -2.2953036e+01 -9.3117204e+00 -9.3107803e+00 -9.3086097e+00 -9.3076408e+00 -9.2110236e+00 -9.2100759e+00 -9.1390752e+00 -9.1381164e+00 -9.0246334e+00 -9.0245702e+00 -9.0229950e+00 -9.0229102e+00 +1.7886443e+00 +1.8053147e+00 +3.0925838e+00 +3.1002543e+00 +3.3021785e+00 +3.3023826e+00 +3.3189483e+00 +3.3191282e+00 
-2.2981637e+01 -2.2980199e+01 -2.2954266e+01 -2.2952976e+01 -9.3098873e+00 -9.3098873e+00 -9.3089257e+00 -9.3089257e+00 -9.2097085e+00 -9.2087387e+00 -9.1406390e+00 -9.1396609e+00 -9.0247139e+00 -9.0247139e+00 -9.0230540e+00 -9.0230540e+00 +1.7804519e+00 +1.7971612e+00 +3.0940344e+00 +3.1017717e+00 +3.3123407e+00 +3.3123407e+00 +3.3125138e+00 +3.3125138e+00 
-2.2970033e+01 -2.2967383e+01 -2.2967262e+01 -2.2967262e+01 -9.3557859e+00 -9.3557859e+00 -9.3550790e+00 -9.3547514e+00 -9.1722898e+00 -9.1698393e+00 -9.1698393e+00 -9.1692762e+00 -8.9910436e+00 -8.9910436e+00 -8.9895995e+00 -8.9890809e+00 +2.9917390e+00 +2.9936370e+00 +2.9936370e+00 +2.9945977e+00 +3.2581292e+00 +3.2615758e+00 +3.2666787e+00 +3.2666787e+00 
-2.2970037e+01 -2.2967386e+01 -2.2967266e+01 -2.2967266e+01 -9.3584829e+00 -9.3584829e+00 -9.3578182e+00 -9.3574634e+00 -9.1693890e+00 -9.1669828e+00 -9.1669828e+00 -9.1664056e+00 -8.9910404e+00 -8.9910404e+00 -8.9895963e+00 -8.9890779e+00 +2.9389843e+00 +2.9409702e+00 +2.9409702e+00 +2.9415415e+00 +3.2951305e+00 +3.2990788e+00 +3.3037972e+00 +3.3037972e+00 
-2.2970049e+01 -2.2967395e+01 -2.2967278e+01 -2.2967278e+01 -9.3660396e+00 -9.3660396e+00 -9.3654801e+00 -9.3650596e+00 -9.1612461e+00 -9.1589512e+00 -9.1589512e+00 -9.1583377e+00 -8.9910311e+00 -8.9910311e+00 -8.9895866e+00 -8.9890692e+00 +2.8269255e+00 +2.8287616e+00 +2.8287616e+00 +2.8290904e+00 +3.3647051e+00 +3.3694559e+00 +3.3739480e+00 +3.3739480e+00 
-2.2970069e+01 -2.2967411e+01 -2.2967298e+01 -2.2967298e+01 -9.3772080e+00 -9.3772080e+00 -9.3767752e+00 -9.3762801e+00 -9.1491626e+00 -9.1470042e+00 -9.1470042e+00 -9.1463437e+00 -8.9910160e+00 -8.9910160e+00 -8.9895708e+00 -8.9890550e+00 +2.6966174e+00 +2.6981897e+00 +2.6981897e+00 +2.6985001e+00 +3.4369354e+00 +3.4422433e+00 +3.4467661e+00 +3.4467661e+00 
-2.2970098e+01 -2.2967433e+01 -2.2967325e+01 -2.2967325e+01 -9.3906445e+00 -9.3906445e+00 -9.3903301e+00 -9.3897723e+00 -9.1345314e+00 -9.1325050e+00 -9.1325050e+00 -9.1317960e+00 -8.9909953e+00 -8.9909953e+00 -8.9895493e+00 -8.9890358e+00 +2.5624182e+00 +2.5637417e+00 +2.5637417e+00 +2.5640836e+00 +3.5088030e+00 +3.5142747e+00 +3.5189426e+00 +3.5189426e+00 
-2.2970133e+01 -2.2967461e+01 -2.2967360e+01 -2.2967360e+01 -9.4052475e+00 -9.4052475e+00 -9.4050308e+00 -9.4044297e+00 -9.1184943e+00 -9.1165827e+00 -9.1165827e+00 -9.1158282e+00 -8.9909699e+00 -8.9909699e+00 -8.9895229e+00 -8.9890122e+00 +2.4305319e+00 +2.4316419e+00 +2.4316419e+00 +2.4320085e+00 +3.5820125e+00 +3.5872800e+00 +3.5921636e+00 +3.5921636e+00 
-2.2970177e+01 -2.2967494e+01 -2.2967402e+01 -2.2967402e+01 -9.4202054e+00 -9.4202054e+00 -9.4200640e+00 -9.4194392e+00 -9.1019003e+00 -9.1000843e+00 -9.1000843e+00 -9.0992888e+00 -8.9909404e+00 -8.9909404e+00 -8.9894925e+00 -8.9889850e+00 +2.3042270e+00 +2.3051536e+00 +2.3051536e+00 +2.3055269e+00 +3.6575214e+00 +3.6623044e+00 +3.6674546e+00 +3.6674546e+00 
-2.2970226e+01 -2.2967533e+01 -2.2967450e+01 -2.2967450e+01 -9.4349372e+00 -9.4349372e+00 -9.4348512e+00 -9.4342192e+00 -9.0853718e+00 -9.0836343e+00 -9.0836343e+00 -9.0828027e+00 -8.9909077e+00 -8.9909077e+00 -8.9894589e+00 -8.9889550e+00 +2.1854309e+00 +2.1861974e+00 +2.1861974e+00 +2.1865611e+00 +3.7349995e+00 +3.7391107e+00 +3.7445612e+00 +3.7445612e+00 
-2.2970281e+01 -2.2967576e+01 -2.2967504e+01 -2.2967504e+01 -9.4490241e+00 -9.4490241e+00 -9.4489770e+00 -9.4483507e+00 -9.0693756e+00 -9.0677025e+00 -9.0677025e+00 -9.0668392e+00 -8.9908727e+00 -8.9908727e+00 -8.9894233e+00 -8.9889233e+00 +2.0753902e+00 +2.0760150e+00 +2.0760150e+00 +2.0763570e+00 +3.8132027e+00 +3.8165348e+00 +3.8223022e+00 +3.8223022e+00 
-2.2970341e+01 -2.2967623e+01 -2.2967561e+01 -2.2967561e+01 -9.4621595e+00 -9.4621595e+00 -9.4621383e+00 -9.4615273e+00 -9.0542734e+00 -9.0526536e+00 -9.0526536e+00 -9.0517624e+00 -8.9908363e+00 -8.9908363e+00 -8.9893868e+00 -8.9888908e+00 +1.9749865e+00 +1.9754849e+00 +1.9754849e+00 +1.9757977e+00 +3.8903703e+00 +3.8928804e+00 +3.8989659e+00 +3.8989659e+00 
-2.2970402e+01 -2.2967672e+01 -2.2967621e+01 -2.2967621e+01 -9.4741163e+00 -9.4741163e+00 -9.4741110e+00 -9.4735217e+00 -9.0403538e+00 -9.0387788e+00 -9.0387788e+00 -9.0378629e+00 -8.9907992e+00 -8.9907992e+00 -8.9893507e+00 -8.9888588e+00 +1.8848973e+00 +1.8852832e+00 +1.8852832e+00 +1.8855628e+00 +3.9645124e+00 +3.9662083e+00 +3.9725989e+00 +3.9725989e+00 
-2.2970464e+01 -2.2967720e+01 -2.2967681e+01 -2.2967681e+01 -9.4847284e+00 -9.4847253e+00 -9.4847253e+00 -9.4841644e+00 -9.0278523e+00 -9.0263161e+00 -9.0263161e+00 -9.0253772e+00 -8.9907617e+00 -8.9907617e+00 -8.9893163e+00 -8.9888283e+00 +1.8056778e+00 +1.8059648e+00 +1.8059648e+00 +1.8062100e+00 +4.0336032e+00 +4.0345319e+00 +4.0412024e+00 +4.0412024e+00 
-2.2970523e+01 -2.2967767e+01 -2.2967739e+01 -2.2967739e+01 -9.4938676e+00 -9.4938612e+00 -9.4938612e+00 -9.4933300e+00 -9.0169623e+00 -9.0154617e+00 -9.0154617e+00 -9.0144997e+00 -8.9907233e+00 -8.9907233e+00 -8.9892847e+00 -8.9888004e+00 +1.7378011e+00 +1.7380028e+00 +1.7380028e+00 +1.7382151e+00 +4.0957116e+00 +4.0959503e+00 +4.1028632e+00 +4.1028632e+00 
-2.2970576e+01 -2.2967810e+01 -2.2967791e+01 -2.2967791e+01 -9.5014396e+00 -9.5014333e+00 -9.5014333e+00 -9.5009271e+00 -9.0078421e+00 -9.0063793e+00 -9.0063793e+00 -9.0053893e+00 -8.9906806e+00 -8.9906806e+00 -8.9892570e+00 -8.9887760e+00 +1.6816746e+00 +1.6818051e+00 +1.6818051e+00 +1.6819876e+00 +4.1487388e+00 +4.1490906e+00 +4.1558422e+00 +4.1558422e+00 
-2.2970622e+01 -2.2967846e+01 -2.2967835e+01 -2.2967835e+01 -9.5073817e+00 -9.5073772e+00 -9.5073772e+00 -9.5068911e+00 -9.0006186e+00 -8.9992103e+00 -8.9992103e+00 -8.9981733e+00 -8.9906208e+00 -8.9906208e+00 -8.9892343e+00 -8.9887560e+00 +1.6376428e+00 +1.6377169e+00 +1.6377169e+00 +1.6378747e+00 +4.1914135e+00 +4.1922397e+00 +4.1986271e+00 +4.1986271e+00 
-2.2970656e+01 -2.2967874e+01 -2.2967869e+01 -2.2967869e+01 -9.5116519e+00 -9.5116495e+00 -9.5116495e+00 -9.5111781e+00 -8.9953896e+00 -8.9941175e+00 -8.9941175e+00 -8.9929495e+00 -8.9904799e+00 -8.9904799e+00 -8.9892175e+00 -8.9887412e+00 +1.6059843e+00 +1.6060174e+00 +1.6060174e+00 +1.6061566e+00 +4.2227773e+00 +4.2239500e+00 +4.2299158e+00 +4.2299158e+00 
-2.2970678e+01 -2.2967891e+01 -2.2967890e+01 -2.2967890e+01 -9.5142234e+00 -9.5142228e+00 -9.5142228e+00 -9.5137604e+00 -8.9922245e+00 -8.9915633e+00 -8.9915633e+00 -8.9898659e+00 -8.9898659e+00 -8.9897876e+00 -8.9892071e+00 -8.9887320e+00 +1.5869046e+00 +1.5869129e+00 +1.5869129e+00 +1.5870406e+00 +4.2419527e+00 +4.2433363e+00 +4.2478329e+00 +4.2478329e+00 
-2.2970686e+01 -2.2967897e+01 -2.2967897e+01 -2.2967897e+01 -9.5150821e+00 -9.5150821e+00 -9.5150821e+00 -9.5146227e+00 -8.9911648e+00 -8.9911648e+00 -8.9911648e+00 -8.9892036e+00 -8.9892036e+00 -8.9892036e+00 -8.9887289e+00 -8.9887289e+00 +1.5805305e+00 +1.5805305e+00 +1.5805305e+00 +1.5806542e+00 +4.2484045e+00 +4.2484045e+00 +4.2498588e+00 +4.2498588e+00 
