# num high symmetry points
12
# label high symmetry points
G M K G A L H A L M K H 
# indices high symmetry points
1 41 64 110 131 171 194 240 241 262 263 284 
# nk, nb, ns
284 18 1
# k-points (frac coords)
+0.0000000e+00 +0.0000000e+00 +0.0000000e+00 
+1.2500000e-02 +0.0000000e+00 +0.0000000e+00 
+2.5000000e-02 +0.0000000e+00 +0.0000000e+00 
+3.7500000e-02 +0.0000000e+00 +0.0000000e+00 
+5.0000000e-02 +0.0000000e+00 +0.0000000e+00 
+6.2500000e-02 +0.0000000e+00 +0.0000000e+00 
+7.5000000e-02 +0.0000000e+00 +0.0000000e+00 
+8.7500000e-02 +0.0000000e+00 +0.0000000e+00 
+1.0000000e-01 +0.0000000e+00 +0.0000000e+00 
+1.1250000e-01 +0.0000000e+00 +0.0000000e+00 
+1.2500000e-01 +0.0000000e+00 +0.0000000e+00 
+1.3750000e-01 +0.0000000e+00 +0.0000000e+00 
+1.5000000e-01 +0.0000000e+00 +0.0000000e+00 
+1.6250000e-01 +0.0000000e+00 +0.0000000e+00 
+1.7500000e-01 +0.0000000e+00 +0.0000000e+00 
+1.8750000e-01 +0.0000000e+00 +0.0000000e+00 
+2.0000000e-01 +0.0000000e+00 +0.0000000e+00 
+2.1250000e-01 +0.0000000e+00 +0.0000000e+00 
+2.2500000e-01 +0.0000000e+00 +0.0000000e+00 
+2.3750000e-01 +0.0000000e+00 +0.0000000e+00 
+2.5000000e-01 +0.0000000e+00 +0.0000000e+00 
+2.6250000e-01 +0.0000000e+00 +0.0000000e+00 
+2.7500000e-01 +0.0000000e+00 +0.0000000e+00 
+2.8750000e-01 +0.0000000e+00 +0.0000000e+00 
+3.0000000e-01 +0.0000000e+00 +0.0000000e+00 
+3.1250000e-01 +0.0000000e+00 +0.0000000e+00 
+3.2500000e-01 +0.0000000e+00 +0.0000000e+00 
+3.3750000e-01 +0.0000000e+00 +0.0000000e+00 
+3.5000000e-01 +0.0000000e+00 +0.0000000e+00 
+3.6250000e-01 +0.0000000e+00 +0.0000000e+00 
+3.7500000e-01 +0.0000000e+00 +0.0000000e+00 
+3.8750000e-01 +0.0000000e+00 +0.0000000e+00 
+4.0000000e-01 +0.0000000e+00 +0.0000000e+00 
+4.1250000e-01 +0.0000000e+00 +0.0000000e+00 
+4.2500000e-01 +0.0000000e+00 +0.0000000e+00 
+4.3750000e-01 +0.0000000e+00 +0.0000000e+00 
+4.5000000e-01 +0.0000000e+00 +0.0000000e+00 
+4.6250000e-01 +0.0000000e+00 +0.0000000e+00 
+4.7500000e-01 +0.0000000e+00 +0.0000000e+00 
+4.8750000e-01 +0.0000000e+00 +0.0000000e+00 
+5.0000000e-01 +0.0000000e+00 +0.0000000e+00 
+4.9275362e-01 -1.4492754e-02 +0.0000000e+00 
+4.8550725e-01 -2.8985507e-02 +0.0000000e+00 
+4.7826087e-01 -4.3478261e-02 +0.0000000e+00 
+4.7101449e-01 -5.7971014e-02 +0.0000000e+00 
+4.6376812e-01 -7.2463768e-02 +0.0000000e+00 
+4.5652174e-01 -8.6956522e-02 +0.0000000e+00 
+4.4927536e-01 -1.0144928e-01 +0.0000000e+00 
+4.4202899e-01 -1.1594203e-01 +0.0000000e+00 
+4.3478261e-01 -1.3043478e-01 +0.0000000e+00 
+4.2753623e-01 -1.4492754e-01 +0.0000000e+00 
+4.2028986e-01 -1.5942029e-01 +0.0000000e+00 
+4.1304348e-01 -1.7391304e-01 +0.0000000e+00 
+4.0579710e-01 -1.8840580e-01 +0.0000000e+00 
+3.9855072e-01 -2.0289855e-01 +0.0000000e+00 
+3.9130435e-01 -2.1739130e-01 +0.0000000e+00 
+3.8405797e-01 -2.3188406e-01 +0.0000000e+00 
+3.7681159e-01 -2.4637681e-01 +0.0000000e+00 
+3.6956522e-01 -2.6086957e-01 +0.0000000e+00 
+3.6231884e-01 -2.7536232e-01 +0.0000000e+00 
+3.5507246e-01 -2.8985507e-01 +0.0000000e+00 
+3.4782609e-01 -3.0434783e-01 +0.0000000e+00 
+3.4057971e-01 -3.1884058e-01 +0.0000000e+00 
+3.3333333e-01 -3.3333333e-01 +0.0000000e+00 
+3.2608696e-01 -3.2608696e-01 +0.0000000e+00 
+3.1884058e-01 -3.1884058e-01 +0.0000000e+00 
+3.1159420e-01 -3.1159420e-01 +0.0000000e+00 
+3.0434783e-01 -3.0434783e-01 +0.0000000e+00 
+2.9710145e-01 -2.9710145e-01 +0.0000000e+00 
+2.8985507e-01 -2.8985507e-01 +0.0000000e+00 
+2.8260870e-01 -2.8260870e-01 +0.0000000e+00 
+2.7536232e-01 -2.7536232e-01 +0.0000000e+00 
+2.6811594e-01 -2.6811594e-01 +0.0000000e+00 
+2.6086957e-01 -2.6086957e-01 +0.0000000e+00 
+2.5362319e-01 -2.5362319e-01 +0.0000000e+00 
+2.4637681e-01 -2.4637681e-01 +0.0000000e+00 
+2.3913043e-01 -2.3913043e-01 +0.0000000e+00 
+2.3188406e-01 -2.3188406e-01 +0.0000000e+00 
+2.2463768e-01 -2.2463768e-01 +0.0000000e+00 
+2.1739130e-01 -2.1739130e-01 +0.0000000e+00 
+2.1014493e-01 -2.1014493e-01 +0.0000000e+00 
+2.0289855e-01 -2.0289855e-01 +0.0000000e+00 
+1.9565217e-01 -1.9565217e-01 +0.0000000e+00 
+1.8840580e-01 -1.8840580e-01 +0.0000000e+00 
+1.8115942e-01 -1.8115942e-01 +0.0000000e+00 
+1.7391304e-01 -1.7391304e-01 +0.0000000e+00 
+1.6666667e-01 -1.6666667e-01 +0.0000000e+00 
+1.5942029e-01 -1.5942029e-01 +0.0000000e+00 
+1.5217391e-01 -1.5217391e-01 +0.0000000e+00 
+1.4492754e-01 -1.4492754e-01 +0.0000000e+00 
+1.3768116e-01 -1.3768116e-01 +0.0000000e+00 
+1.3043478e-01 -1.3043478e-01 +0.0000000e+00 
+1.2318841e-01 -1.2318841e-01 +0.0000000e+00 
+1.1594203e-01 -1.1594203e-01 +0.0000000e+00 
+1.0869565e-01 -1.0869565e-01 +0.0000000e+00 
+1.0144928e-01 -1.0144928e-01 +0.0000000e+00 
+9.4202899e-02 -9.4202899e-02 +0.0000000e+00 
+8.6956522e-02 -8.6956522e-02 +0.0000000e+00 
+7.9710145e-02 -7.9710145e-02 +0.0000000e+00 
+7.2463768e-02 -7.2463768e-02 +0.0000000e+00 
+6.5217391e-02 -6.5217391e-02 +0.0000000e+00 
+5.7971014e-02 -5.7971014e-02 +0.0000000e+00 
+5.0724638e-02 -5.0724638e-02 +0.0000000e+00 
+4.3478261e-02 -4.3478261e-02 +0.0000000e+00 
+3.6231884e-02 -3.6231884e-02 +0.0000000e+00 
+2.8985507e-02 -2.8985507e-02 +0.0000000e+00 
+2.1739130e-02 -2.1739130e-02 +0.0000000e+00 
+1.4492754e-02 -1.4492754e-02 +0.0000000e+00 
+7.2463768e-03 -7.2463768e-03 +0.0000000e+00 
+0.0000000e+00 +0.0000000e+00 +0.0000000e+00 
+0.0000000e+00 +0.0000000e+00 -2.3809524e-02 
+0.0000000e+00 +0.0000000e+00 -4.7619048e-02 
+0.0000000e+00 +0.0000000e+00 -7.1428571e-02 
+0.0000000e+00 +0.0000000e+00 -9.5238095e-02 
+0.0000000e+00 +0.0000000e+00 -1.1904762e-01 
+0.0000000e+00 +0.0000000e+00 -1.4285714e-01 
+0.0000000e+00 +0.0000000e+00 -1.6666667e-01 
+0.0000000e+00 +0.0000000e+00 -1.9047619e-01 
+0.0000000e+00 +0.0000000e+00 -2.1428571e-01 
+0.0000000e+00 +0.0000000e+00 -2.3809524e-01 
+0.0000000e+00 +0.0000000e+00 -2.6190476e-01 
+0.0000000e+00 +0.0000000e+00 -2.8571429e-01 
+0.0000000e+00 +0.0000000e+00 -3.0952381e-01 
+0.0000000e+00 +0.0000000e+00 -3.3333333e-01 
+0.0000000e+00 +0.0000000e+00 -3.5714286e-01 
+0.0000000e+00 +0.0000000e+00 -3.8095238e-01 
+0.0000000e+00 +0.0000000e+00 -4.0476190e-01 
+0.0000000e+00 +0.0000000e+00 -4.2857143e-01 
+0.0000000e+00 +0.0000000e+00 -4.5238095e-01 
+0.0000000e+00 +0.0000000e+00 -4.7619048e-01 
+0.0000000e+00 +0.0000000e+00 -5.0000000e-01 
+1.2500000e-02 +0.0000000e+00 -5.0000000e-01 
+2.5000000e-02 +0.0000000e+00 -5.0000000e-01 
+3.7500000e-02 +0.0000000e+00 -5.0000000e-01 
+5.0000000e-02 +0.0000000e+00 -5.0000000e-01 
+6.2500000e-02 +0.0000000e+00 -5.0000000e-01 
+7.5000000e-02 +0.0000000e+00 -5.0000000e-01 
+8.7500000e-02 +0.0000000e+00 -5.0000000e-01 
+1.0000000e-01 +0.0000000e+00 -5.0000000e-01 
+1.1250000e-01 +0.0000000e+00 -5.0000000e-01 
+1.2500000e-01 +0.0000000e+00 -5.0000000e-01 
+1.3750000e-01 +0.0000000e+00 -5.0000000e-01 
+1.5000000e-01 +0.0000000e+00 -5.0000000e-01 
+1.6250000e-01 +0.0000000e+00 -5.0000000e-01 
+1.7500000e-01 +0.0000000e+00 -5.0000000e-01 
+1.8750000e-01 +0.0000000e+00 -5.0000000e-01 
+2.0000000e-01 +0.0000000e+00 -5.0000000e-01 
+2.1250000e-01 +0.0000000e+00 -5.0000000e-01 
+2.2500000e-01 +0.0000000e+00 -5.0000000e-01 
+2.3750000e-01 +0.0000000e+00 -5.0000000e-01 
+2.5000000e-01 +0.0000000e+00 -5.0000000e-01 
+2.6250000e-01 +0.0000000e+00 -5.0000000e-01 
+2.7500000e-01 +0.0000000e+00 -5.0000000e-01 
+2.8750000e-01 +0.0000000e+00 -5.0000000e-01 
+3.0000000e-01 +0.0000000e+00 -5.0000000e-01 
+3.1250000e-01 +0.0000000e+00 -5.0000000e-01 
+3.2500000e-01 +0.0000000e+00 -5.0000000e-01 
+3.3750000e-01 +0.0000000e+00 -5.0000000e-01 
+3.5000000e-01 +0.0000000e+00 -5.0000000e-01 
+3.6250000e-01 +0.0000000e+00 -5.0000000e-01 
+3.7500000e-01 +0.0000000e+00 -5.0000000e-01 
+3.8750000e-01 +0.0000000e+00 -5.0000000e-01 
+4.0000000e-01 +0.0000000e+00 -5.0000000e-01 
+4.1250000e-01 +0.0000000e+00 -5.0000000e-01 
+4.2500000e-01 +0.0000000e+00 -5.0000000e-01 
+4.3750000e-01 +0.0000000e+00 -5.0000000e-01 
+4.5000000e-01 +0.0000000e+00 -5.0000000e-01 
+4.6250000e-01 +0.0000000e+00 -5.0000000e-01 
+4.7500000e-01 +0.0000000e+00 -5.0000000e-01 
+4.8750000e-01 +0.0000000e+00 -5.0000000e-01 
+5.0000000e-01 +0.0000000e+00 -5.0000000e-01 
+4.9275362e-01 -1.4492754e-02 -5.0000000e-01 
+4.8550725e-01 -2.8985507e-02 -5.0000000e-01 
+4.7826087e-01 -4.3478261e-02 -5.0000000e-01 
+4.7101449e-01 -5.7971014e-02 -5.0000000e-01 
+4.6376812e-01 -7.2463768e-02 -5.0000000e-01 
+4.5652174e-01 -8.6956522e-02 -5.0000000e-01 
+4.4927536e-01 -1.0144928e-01 -5.0000000e-01 
+4.4202899e-01 -1.1594203e-01 -5.0000000e-01 
+4.3478261e-01 -1.3043478e-01 -5.0000000e-01 
+4.2753623e-01 -1.4492754e-01 -5.0000000e-01 
+4.2028986e-01 -1.5942029e-01 -5.0000000e-01 
+4.1304348e-01 -1.7391304e-01 -5.0000000e-01 
+4.0579710e-01 -1.8840580e-01 -5.0000000e-01 
+3.9855072e-01 -2.0289855e-01 -5.0000000e-01 
+3.9130435e-01 -2.1739130e-01 -5.0000000e-01 
+3.8405797e-01 -2.3188406e-01 -5.0000000e-01 
+3.7681159e-01 -2.4637681e-01 -5.0000000e-01 
+3.6956522e-01 -2.6086957e-01 -5.0000000e-01 
+3.6231884e-01 -2.7536232e-01 -5.0000000e-01 
+3.5507246e-01 -2.8985507e-01 -5.0000000e-01 
+3.4782609e-01 -3.0434783e-01 -5.0000000e-01 
+3.4057971e-01 -3.1884058e-01 -5.0000000e-01 
+3.3333333e-01 -3.3333333e-01 -5.0000000e-01 
+3.2608696e-01 -3.2608696e-01 -5.0000000e-01 
+3.1884058e-01 -3.1884058e-01 -5.0000000e-01 
+3.1159420e-01 -3.1159420e-01 -5.0000000e-01 
+3.0434783e-01 -3.0434783e-01 -5.0000000e-01 
+2.9710145e-01 -2.9710145e-01 -5.0000000e-01 
+2.8985507e-01 -2.8985507e-01 -5.0000000e-01 
+2.8260870e-01 -2.8260870e-01 -5.0000000e-01 
+2.7536232e-01 -2.7536232e-01 -5.0000000e-01 
+2.6811594e-01 -2.6811594e-01 -5.0000000e-01 
+2.6086957e-01 -2.6086957e-01 -5.0000000e-01 
+2.5362319e-01 -2.5362319e-01 -5.0000000e-01 
+2.4637681e-01 -2.4637681e-01 -5.0000000e-01 
+2.3913043e-01 -2.3913043e-01 -5.0000000e-01 
+2.3188406e-01 -2.3188406e-01 -5.0000000e-01 
+2.2463768e-01 -2.2463768e-01 -5.0000000e-01 
+2.1739130e-01 -2.1739130e-01 -5.0000000e-01 
+2.1014493e-01 -2.1014493e-01 -5.0000000e-01 
+2.0289855e-01 -2.0289855e-01 -5.0000000e-01 
+1.9565217e-01 -1.9565217e-01 -5.0000000e-01 
+1.8840580e-01 -1.8840580e-01 -5.0000000e-01 
+1.8115942e-01 -1.8115942e-01 -5.0000000e-01 
+1.7391304e-01 -1.7391304e-01 -5.0000000e-01 
+1.6666667e-01 -1.6666667e-01 -5.0000000e-01 
+1.5942029e-01 -1.5942029e-01 -5.0000000e-01 
+1.5217391e-01 -1.5217391e-01 -5.0000000e-01 
+1.4492754e-01 -1.4492754e-01 -5.0000000e-01 
+1.3768116e-01 -1.3768116e-01 -5.0000000e-01 
+1.3043478e-01 -1.3043478e-01 -5.0000000e-01 
+1.2318841e-01 -1.2318841e-01 -5.0000000e-01 
+1.1594203e-01 -1.1594203e-01 -5.0000000e-01 
+1.0869565e-01 -1.0869565e-01 -5.0000000e-01 
+1.0144928e-01 -1.0144928e-01 -5.0000000e-01 
+9.4202899e-02 -9.4202899e-02 -5.0000000e-01 
+8.6956522e-02 -8.6956522e-02 -5.0000000e-01 
+7.9710145e-02 -7.9710145e-02 -5.0000000e-01 
+7.2463768e-02 -7.2463768e-02 -5.0000000e-01 
+6.5217391e-02 -6.5217391e-02 -5.0000000e-01 
+5.7971014e-02 -5.7971014e-02 -5.0000000e-01 
+5.0724638e-02 -5.0724638e-02 -5.0000000e-01 
+4.3478261e-02 -4.3478261e-02 -5.0000000e-01 
+3.6231884e-02 -3.6231884e-02 -5.0000000e-01 
+2.8985507e-02 -2.8985507e-02 -5.0000000e-01 
+2.1739130e-02 -2.1739130e-02 -5.0000000e-01 
+1.4492754e-02 -1.4492754e-02 -5.0000000e-01 
+7.2463768e-03 -7.2463768e-03 -5.0000000e-01 
+0.0000000e+00 +0.0000000e+00 -5.0000000e-01 
+5.0000000e-01 +0.0000000e+00 -5.0000000e-01 
+5.0000000e-01 +0.0000000e+00 -4.7619048e-01 
+5.0000000e-01 +0.0000000e+00 -4.5238095e-01 
+5.0000000e-01 +0.0000000e+00 -4.2857143e-01 
+5.0000000e-01 +0.0000000e+00 -4.0476190e-01 
+5.0000000e-01 +0.0000000e+00 -3.8095238e-01 
+5.0000000e-01 +0.0000000e+00 -3.5714286e-01 
+5.0000000e-01 +0.0000000e+00 -3.3333333e-01 
+5.0000000e-01 +0.0000000e+00 -3.0952381e-01 
+5.0000000e-01 +0.0000000e+00 -2.8571429e-01 
+5.0000000e-01 +0.0000000e+00 -2.6190476e-01 
+5.0000000e-01 +0.0000000e+00 -2.3809524e-01 
+5.0000000e-01 +0.0000000e+00 -2.1428571e-01 
+5.0000000e-01 +0.0000000e+00 -1.9047619e-01 
+5.0000000e-01 +0.0000000e+00 -1.6666667e-01 
+5.0000000e-01 +0.0000000e+00 -1.4285714e-01 
+5.0000000e-01 +0.0000000e+00 -1.1904762e-01 
+5.0000000e-01 +0.0000000e+00 -9.5238095e-02 
+5.0000000e-01 +0.0000000e+00 -7.1428571e-02 
+5.0000000e-01 +0.0000000e+00 -4.7619048e-02 
+5.0000000e-01 +0.0000000e+00 -2.3809524e-02 
+5.0000000e-01 +0.0000000e+00 +0.0000000e+00 
+3.3333333e-01 -3.3333333e-01 +0.0000000e+00 
+3.3333333e-01 -3.3333333e-01 -2.3809524e-02 
+3.3333333e-01 -3.3333333e-01 -4.7619048e-02 
+3.3333333e-01 -3.3333333e-01 -7.1428571e-02 
+3.3333333e-01 -3.3333333e-01 -9.5238095e-02 
+3.3333333e-01 -3.3333333e-01 -1.1904762e-01 
+3.3333333e-01 -3.3333333e-01 -1.4285714e-01 
+3.3333333e-01 -3.3333333e-01 -1.6666667e-01 
+3.3333333e-01 -3.3333333e-01 -1.9047619e-01 
+3.3333333e-01 -3.3333333e-01 -2.1428571e-01 
+3.3333333e-01 -3.3333333e-01 -2.3809524e-01 
+3.3333333e-01 -3.3333333e-01 -2.6190476e-01 
+3.3333333e-01 -3.3333333e-01 -2.8571429e-01 
+3.3333333e-01 -3.3333333e-01 -3.0952381e-01 
+3.3333333e-01 -3.3333333e-01 -3.3333333e-01 
+3.3333333e-01 -3.3333333e-01 -3.5714286e-01 
+3.3333333e-01 -3.3333333e-01 -3.8095238e-01 
+3.3333333e-01 -3.3333333e-01 -4.0476190e-01 
+3.3333333e-01 -3.3333333e-01 -4.2857143e-01 
+3.3333333e-01 -3.3333333e-01 -4.5238095e-01 
+3.3333333e-01 -3.3333333e-01 -4.7619048e-01 
+3.3333333e-01 -3.3333333e-01 -5.0000000e-01 
# energies (kpt,band,spin)
# spin = 1
-7.5312115e+01 -7.5308823e+01 -4.2759325e+01 -4.2735025e+01 -4.2735022e+01 -4.2729877e+01 -4.2729874e+01 -4.2725428e+01 -6.9007922e+00 -1.5934378e+00 -1.2114248e+00 +1.1003718e+01 +1.1003725e+01 +1.1005392e+01 +1.1005409e+01 +1.1979915e+01 +1.3465476e+01 +1.4534181e+01 
-7.5312110e+01 -7.5308821e+01 -4.2759308e+01 -4.2735058e+01 -4.2735036e+01 -4.2729912e+01 -4.2729882e+01 -4.2725435e+01 -6.8977050e+00 -1.5906362e+00 -1.2084153e+00 +1.0749269e+01 +1.0799103e+01 +1.1150997e+01 +1.1214877e+01 +1.2041025e+01 +1.3505476e+01 +1.4534630e+01 
-7.5312098e+01 -7.5308815e+01 -4.2759259e+01 -4.2735167e+01 -4.2735072e+01 -4.2730025e+01 -4.2729901e+01 -4.2725457e+01 -6.8884439e+00 -1.5822312e+00 -1.1993891e+00 +1.0429740e+01 +1.0598618e+01 +1.1175259e+01 +1.1429870e+01 +1.2195726e+01 +1.3620854e+01 +1.4533326e+01 
-7.5312077e+01 -7.5308805e+01 -4.2759177e+01 -4.2735348e+01 -4.2735132e+01 -4.2730215e+01 -4.2729934e+01 -4.2725492e+01 -6.8730112e+00 -1.5682224e+00 -1.1843526e+00 +1.0076954e+01 +1.0403189e+01 +1.1114087e+01 +1.1649298e+01 +1.2383243e+01 +1.3797930e+01 +1.4507017e+01 
-7.5312047e+01 -7.5308792e+01 -4.2759063e+01 -4.2735601e+01 -4.2735216e+01 -4.2730479e+01 -4.2729979e+01 -4.2725543e+01 -6.8514102e+00 -1.5486089e+00 -1.1633168e+00 +9.7067520e+00 +1.0212881e+01 +1.1004427e+01 +1.1872792e+01 +1.2560056e+01 +1.4012540e+01 +1.4324007e+01 
-7.5312010e+01 -7.5308775e+01 -4.2758917e+01 -4.2735923e+01 -4.2735322e+01 -4.2730816e+01 -4.2730037e+01 -4.2725607e+01 -6.8236457e+00 -1.5233899e+00 -1.1362972e+00 +9.3273862e+00 +1.0027739e+01 +1.0867053e+01 +1.2099775e+01 +1.2705988e+01 +1.4009602e+01 +1.4214984e+01 
-7.5311964e+01 -7.5308754e+01 -4.2758739e+01 -4.2736314e+01 -4.2735451e+01 -4.2731224e+01 -4.2730107e+01 -4.2725686e+01 -6.7897237e+00 -1.4925640e+00 -1.1033140e+00 +8.9435231e+00 +9.8477960e+00 +1.0713040e+01 +1.2329311e+01 +1.2809569e+01 +1.3661977e+01 +1.4193964e+01 
-7.5311911e+01 -7.5308730e+01 -4.2758531e+01 -4.2736771e+01 -4.2735601e+01 -4.2731699e+01 -4.2730190e+01 -4.2725779e+01 -6.7496519e+00 -1.4561295e+00 -1.0643930e+00 +8.5580112e+00 +9.6730764e+00 +1.0548654e+01 +1.2559784e+01 +1.2857149e+01 +1.3300415e+01 +1.4022872e+01 
-7.5311850e+01 -7.5308702e+01 -4.2758292e+01 -4.2737290e+01 -4.2735771e+01 -4.2732240e+01 -4.2730285e+01 -4.2725886e+01 -6.7034390e+00 -1.4140848e+00 -1.0195653e+00 +8.1726991e+00 +9.5035976e+00 +1.0377635e+01 +1.2788212e+01 +1.2830278e+01 +1.2931712e+01 +1.3883798e+01 
-7.5311782e+01 -7.5308672e+01 -4.2758024e+01 -4.2737870e+01 -4.2735960e+01 -4.2732842e+01 -4.2730391e+01 -4.2726008e+01 -6.6510950e+00 -1.3664275e+00 -9.6886878e-01 +7.7888472e+00 +9.3393715e+00 +1.0202282e+01 +1.2559544e+01 +1.2718936e+01 +1.3008672e+01 +1.3805513e+01 
-7.5311708e+01 -7.5308639e+01 -4.2757728e+01 -4.2738506e+01 -4.2736166e+01 -4.2733501e+01 -4.2730508e+01 -4.2726145e+01 -6.5926314e+00 -1.3131556e+00 -9.1234844e-01 +7.4073515e+00 +9.1804063e+00 +1.0024011e+01 +1.2186234e+01 +1.2537628e+01 +1.3208720e+01 +1.3779782e+01 
-7.5311627e+01 -7.5308604e+01 -4.2757404e+01 -4.2739194e+01 -4.2736389e+01 -4.2734213e+01 -4.2730636e+01 -4.2726296e+01 -6.5280607e+00 -1.2542665e+00 -8.5005797e-01 +7.0288734e+00 +9.0267068e+00 +9.8436541e+00 +1.1813371e+01 +1.2313060e+01 +1.3363690e+01 +1.3783857e+01 
-7.5311540e+01 -7.5308567e+01 -4.2757053e+01 -4.2739932e+01 -4.2736626e+01 -4.2734975e+01 -4.2730773e+01 -4.2726461e+01 -6.4573968e+00 -1.1897575e+00 -7.8206141e-01 +6.6539204e+00 +8.8782752e+00 +9.6616364e+00 +1.1442091e+01 +1.2065979e+01 +1.3441917e+01 +1.3800016e+01 
-7.5311447e+01 -7.5308528e+01 -4.2756678e+01 -4.2740714e+01 -4.2736877e+01 -4.2735779e+01 -4.2730920e+01 -4.2726641e+01 -6.3806549e+00 -1.1196257e+00 -7.0843558e-01 +6.2828968e+00 +8.7351121e+00 +9.4780722e+00 +1.1073233e+01 +1.1808728e+01 +1.3439636e+01 +1.3818404e+01 
-7.5311350e+01 -7.5308488e+01 -4.2756278e+01 -4.2741535e+01 -4.2737139e+01 -4.2736622e+01 -4.2731074e+01 -4.2726835e+01 -6.2978511e+00 -1.0438685e+00 -6.2927355e-01 +5.9161407e+00 +8.5972161e+00 +9.2928324e+00 +1.0707437e+01 +1.1548484e+01 +1.3386438e+01 +1.3834012e+01 
-7.5311247e+01 -7.5308446e+01 -4.2755856e+01 -4.2742391e+01 -4.2737499e+01 -4.2737410e+01 -4.2731236e+01 -4.2727043e+01 -6.2090029e+00 -9.6248262e-01 -5.4468958e-01 +5.5539498e+00 +8.4645848e+00 +9.1055907e+00 +1.0345195e+01 +1.1289750e+01 +1.3309058e+01 +1.3844342e+01 
-7.5311141e+01 -7.5308404e+01 -4.2755412e+01 -4.2743277e+01 -4.2738403e+01 -4.2737690e+01 -4.2731404e+01 -4.2727265e+01 -6.1141290e+00 -8.7546529e-01 -4.5482647e-01 +5.1966044e+00 +8.3372148e+00 +8.9158660e+00 +9.9868958e+00 +1.1035652e+01 +1.3221496e+01 +1.3848228e+01 
-7.5311031e+01 -7.5308362e+01 -4.2754950e+01 -4.2744187e+01 -4.2739329e+01 -4.2737976e+01 -4.2731578e+01 -4.2727502e+01 -6.0132489e+00 -7.8281357e-01 -3.5986660e-01 +4.8443891e+00 +8.2151020e+00 +8.7230696e+00 +9.6328515e+00 +1.0788562e+01 +1.3130408e+01 +1.3845280e+01 
-7.5310918e+01 -7.5308319e+01 -4.2754469e+01 -4.2745115e+01 -4.2740270e+01 -4.2738266e+01 -4.2731756e+01 -4.2727751e+01 -5.9063835e+00 -6.8452469e-01 -2.6004915e-01 +4.4976171e+00 +8.0982414e+00 +8.5265637e+00 +9.2833135e+00 +1.0550391e+01 +1.3039105e+01 +1.3835607e+01 
-7.5310803e+01 -7.5308278e+01 -4.2753971e+01 -4.2746057e+01 -4.2741222e+01 -4.2738559e+01 -4.2731937e+01 -4.2728015e+01 -5.7935548e+00 -5.8059616e-01 -1.5569767e-01 +4.1566641e+00 +7.9866280e+00 +8.3257323e+00 +8.9384881e+00 +1.0322705e+01 +1.2949361e+01 +1.3819660e+01 
-7.5310686e+01 -7.5308237e+01 -4.2753460e+01 -4.2747006e+01 -4.2742178e+01 -4.2738853e+01 -4.2732120e+01 -4.2728291e+01 -5.6747856e+00 -4.7102578e-01 -4.7266144e-02 +3.8220180e+00 +7.8802562e+00 +8.1200601e+00 +8.5985461e+00 +1.0106759e+01 +1.2862192e+01 +1.3798113e+01 
-7.5310567e+01 -7.5308197e+01 -4.2752936e+01 -4.2747956e+01 -4.2743132e+01 -4.2739146e+01 -4.2732304e+01 -4.2728579e+01 -5.5501002e+00 -3.5581190e-01 +6.4580941e-02 +3.4943622e+00 +7.7791203e+00 +7.9092086e+00 +8.2636301e+00 +9.9034852e+00 +1.2778217e+01 +1.3771778e+01 
-7.5310448e+01 -7.5308159e+01 -4.2752402e+01 -4.2748902e+01 -4.2744079e+01 -4.2739437e+01 -4.2732487e+01 -4.2728879e+01 -5.4195236e+00 -2.3495355e-01 +1.7882226e-01 +3.1747239e+00 +7.6832145e+00 +7.6930721e+00 +7.9338608e+00 +9.7134776e+00 +1.2697828e+01 +1.3741534e+01 
-7.5310329e+01 -7.5308122e+01 -4.2751860e+01 -4.2749837e+01 -4.2745012e+01 -4.2739723e+01 -4.2732669e+01 -4.2729191e+01 -5.2830822e+00 -1.0845068e-01 +2.9379718e-01 +2.8647586e+00 +7.4718029e+00 +7.5925328e+00 +7.6093411e+00 +9.5369980e+00 +1.2621283e+01 +1.3708272e+01 
-7.5310211e+01 -7.5308088e+01 -4.2751312e+01 -4.2750756e+01 -4.2745926e+01 -4.2740003e+01 -4.2732849e+01 -4.2729512e+01 -5.1408035e+00 +2.3695454e-02 +4.0662805e-01 +2.5673283e+00 +7.2457979e+00 +7.2901599e+00 +7.5070694e+00 +9.3740070e+00 +1.2548761e+01 +1.3672854e+01 
-7.5310094e+01 -7.5308057e+01 -4.2751653e+01 -4.2750760e+01 -4.2746815e+01 -4.2740275e+01 -4.2733024e+01 -4.2729842e+01 -4.9927162e+00 +1.6148190e-01 +5.1197837e-01 +2.2877447e+00 +6.9763956e+00 +7.0156551e+00 +7.4268186e+00 +9.2242219e+00 +1.2480384e+01 +1.3636094e+01 
-7.5309979e+01 -7.5308028e+01 -4.2752523e+01 -4.2750208e+01 -4.2747675e+01 -4.2740538e+01 -4.2733195e+01 -4.2730180e+01 -4.8388504e+00 +3.0490331e-01 +5.9937652e-01 +2.0364448e+00 +6.6681178e+00 +6.7821112e+00 +7.3517747e+00 +9.0871899e+00 +1.2416239e+01 +1.3598740e+01 
-7.5309867e+01 -7.5308002e+01 -4.2753359e+01 -4.2749659e+01 -4.2748499e+01 -4.2740790e+01 -4.2733359e+01 -4.2730524e+01 -4.6792375e+00 +4.5395107e-01 +6.4847572e-01 +1.8337313e+00 +6.3653910e+00 +6.5459784e+00 +7.2819323e+00 +8.9623598e+00 +1.2356391e+01 +1.3561469e+01 
-7.5309758e+01 -7.5307979e+01 -4.2754157e+01 -4.2749283e+01 -4.2749116e+01 -4.2741029e+01 -4.2733516e+01 -4.2730872e+01 -4.5139106e+00 +6.0861190e-01 +6.2796594e-01 +1.7108592e+00 +6.0682767e+00 +6.3080891e+00 +7.2172862e+00 +8.8491438e+00 +1.2300884e+01 +1.3524885e+01 
-7.5309653e+01 -7.5307960e+01 -4.2754911e+01 -4.2750022e+01 -4.2748582e+01 -4.2741255e+01 -4.2733664e+01 -4.2731221e+01 -4.3429047e+00 +5.1788964e-01 +7.6886582e-01 +1.6877182e+00 +5.7768364e+00 +6.0692580e+00 +7.1578314e+00 +8.7469637e+00 +1.2249752e+01 +1.3489524e+01 
-7.5309553e+01 -7.5307944e+01 -4.2755617e+01 -4.2750713e+01 -4.2748061e+01 -4.2741466e+01 -4.2733804e+01 -4.2731568e+01 -4.1662571e+00 +3.3559851e-01 +9.3468286e-01 +1.7468728e+00 +5.4911363e+00 +5.8302593e+00 +7.1035634e+00 +8.6552800e+00 +1.2203021e+01 +1.3455857e+01 
-7.5309459e+01 -7.5307931e+01 -4.2756270e+01 -4.2751350e+01 -4.2747559e+01 -4.2741661e+01 -4.2733932e+01 -4.2731911e+01 -3.9840074e+00 +1.1273212e-01 +1.1060176e+00 +1.8565778e+00 +5.2112527e+00 +5.5918195e+00 +7.0544777e+00 +8.5736084e+00 +1.2160708e+01 +1.3424295e+01 
-7.5309370e+01 -7.5307921e+01 -4.2756866e+01 -4.2751930e+01 -4.2747080e+01 -4.2741838e+01 -4.2734050e+01 -4.2732244e+01 -3.7961985e+00 -1.2936722e-01 +1.2828000e+00 +1.9953531e+00 +4.9372827e+00 +5.3546242e+00 +7.0105704e+00 +8.5015261e+00 +1.2122827e+01 +1.3395191e+01 
-7.5309289e+01 -7.5307914e+01 -4.2757401e+01 -4.2752450e+01 -4.2746631e+01 -4.2741996e+01 -4.2734156e+01 -4.2732562e+01 -3.6028776e+00 -3.7965362e-01 +1.4649180e+00 +2.1519645e+00 +4.6693611e+00 +5.1193389e+00 +6.9718379e+00 +8.4386728e+00 +1.2089388e+01 +1.3368851e+01 
-7.5309216e+01 -7.5307910e+01 -4.2757872e+01 -4.2752907e+01 -4.2746218e+01 -4.2742136e+01 -4.2734249e+01 -4.2732860e+01 -3.4040967e+00 -6.3253254e-01 +1.6521840e+00 +2.3205422e+00 +4.4076952e+00 +4.8866516e+00 +6.9382769e+00 +8.3847466e+00 +1.2060398e+01 +1.3345533e+01 
-7.5309152e+01 -7.5307908e+01 -4.2758275e+01 -4.2753297e+01 -4.2745848e+01 -4.2742255e+01 -4.2734329e+01 -4.2733132e+01 -3.1999150e+00 -8.8501747e-01 +1.8442619e+00 +2.4976596e+00 +4.1526371e+00 +4.6573578e+00 +6.9098846e+00 +8.3394995e+00 +1.2035863e+01 +1.3325455e+01 
-7.5309098e+01 -7.5307908e+01 -4.2758608e+01 -4.2753620e+01 -4.2745529e+01 -4.2742353e+01 -4.2734394e+01 -4.2733369e+01 -2.9904016e+00 -1.1354035e+00 +2.0404929e+00 +2.6808215e+00 +3.9048594e+00 +4.4325559e+00 +6.8866585e+00 +8.3027323e+00 +1.2015786e+01 +1.3308794e+01 
-7.5309054e+01 -7.5307908e+01 -4.2758868e+01 -4.2753872e+01 -4.2745271e+01 -4.2742430e+01 -4.2734446e+01 -4.2733564e+01 -2.7756420e+00 -1.3826492e+00 +2.2394018e+00 +2.8673290e+00 +3.6658478e+00 +4.2141760e+00 +6.8685967e+00 +8.2742894e+00 +1.2000170e+01 +1.3295692e+01 
-7.5309023e+01 -7.5307909e+01 -4.2759055e+01 -4.2754052e+01 -4.2745079e+01 -4.2742485e+01 -4.2734483e+01 -4.2733709e+01 -2.5557562e+00 -1.6260624e+00 +2.4369686e+00 +3.0521906e+00 +3.4396305e+00 +4.0067782e+00 +6.8556977e+00 +8.2540541e+00 +1.1989016e+01 +1.3286259e+01 
-7.5309003e+01 -7.5307909e+01 -4.2759166e+01 -4.2754159e+01 -4.2744961e+01 -4.2742517e+01 -4.2734504e+01 -4.2733799e+01 -2.3310078e+00 -1.8650428e+00 +2.6183911e+00 +3.2198282e+00 +3.2410156e+00 +3.8257012e+00 +6.8479602e+00 +8.2419458e+00 +1.1982326e+01 +1.3280569e+01 
-7.5308997e+01 -7.5307910e+01 -4.2759202e+01 -4.2754194e+01 -4.2744921e+01 -4.2742528e+01 -4.2734511e+01 -4.2733830e+01 -2.1174710e+00 -2.0833384e+00 +2.7136663e+00 +3.1400094e+00 +3.3052902e+00 +3.7357762e+00 +6.8453837e+00 +8.2379172e+00 +1.1980100e+01 +1.3278669e+01 
-7.5308995e+01 -7.5307910e+01 -4.2759189e+01 -4.2754180e+01 -4.2744908e+01 -4.2742557e+01 -4.2734547e+01 -4.2733840e+01 -2.1144838e+00 -2.0804451e+00 +2.7164444e+00 +3.1429020e+00 +3.3079613e+00 +3.7328915e+00 +6.7627541e+00 +8.3310806e+00 +1.1258153e+01 +1.1893715e+01 
-7.5308988e+01 -7.5307910e+01 -4.2759146e+01 -4.2754138e+01 -4.2744870e+01 -4.2742642e+01 -4.2734650e+01 -4.2733870e+01 -2.1055206e+00 -2.0717606e+00 +2.7247792e+00 +3.1515783e+00 +3.3159779e+00 +3.7236586e+00 +6.5616508e+00 +8.5643644e+00 +1.1681758e+01 +1.3584853e+01 
-7.5308978e+01 -7.5307911e+01 -4.2759074e+01 -4.2754066e+01 -4.2744805e+01 -4.2742779e+01 -4.2734818e+01 -4.2733919e+01 -2.0905850e+00 -2.0572851e+00 +2.7386712e+00 +3.1660330e+00 +3.3293281e+00 +3.7062481e+00 +6.3102227e+00 +8.8714252e+00 +1.0756822e+01 +1.1409974e+01 
-7.5308963e+01 -7.5307911e+01 -4.2758973e+01 -4.2753966e+01 -4.2744715e+01 -4.2742969e+01 -4.2735052e+01 -4.2733989e+01 -2.0696831e+00 -2.0370192e+00 +2.7581215e+00 +3.1862578e+00 +3.3479910e+00 +3.6773813e+00 +6.0472639e+00 +9.2167079e+00 +1.0437811e+01 +1.1112163e+01 
-7.5308944e+01 -7.5307913e+01 -4.2758844e+01 -4.2753837e+01 -4.2744599e+01 -4.2743208e+01 -4.2735347e+01 -4.2734078e+01 -2.0428236e+00 -2.0109635e+00 +2.7831310e+00 +3.2122395e+00 +3.3719365e+00 +3.6321002e+00 +5.7935093e+00 +9.5843784e+00 +1.0103762e+01 +1.0802878e+01 
-7.5308921e+01 -7.5307914e+01 -4.2758687e+01 -4.2753681e+01 -4.2744459e+01 -4.2743495e+01 -4.2735702e+01 -4.2734187e+01 -2.0100176e+00 -1.9791188e+00 +2.8137016e+00 +3.2439603e+00 +3.4011231e+00 +3.5638188e+00 +5.5629551e+00 +9.7635440e+00 +9.9669510e+00 +1.0488829e+01 
-7.5308894e+01 -7.5307916e+01 -4.2758503e+01 -4.2753498e+01 -4.2744294e+01 -4.2743826e+01 -4.2736113e+01 -4.2734316e+01 -1.9712791e+00 -1.9414863e+00 +2.8498350e+00 +3.2813957e+00 +3.4354968e+00 +3.4652400e+00 +5.3667406e+00 +9.4218126e+00 +1.0173483e+01 +1.0360488e+01 
-7.5308864e+01 -7.5307919e+01 -4.2758294e+01 -4.2753289e+01 -4.2744197e+01 -4.2744106e+01 -4.2736577e+01 -4.2734464e+01 -1.9266247e+00 -1.8980671e+00 +2.8915337e+00 +3.3245134e+00 +3.3305881e+00 +3.4749871e+00 +5.2128230e+00 +9.0812020e+00 +9.8588384e+00 +1.0762690e+01 
-7.5308831e+01 -7.5307923e+01 -4.2758060e+01 -4.2753055e+01 -4.2744604e+01 -4.2743894e+01 -4.2737088e+01 -4.2734632e+01 -1.8760740e+00 -1.8488626e+00 +2.9388000e+00 +3.1583048e+00 +3.3732703e+00 +3.5195042e+00 +5.1040939e+00 +8.7433156e+00 +9.5461748e+00 +1.1172082e+01 
-7.5308794e+01 -7.5307928e+01 -4.2757803e+01 -4.2752798e+01 -4.2745042e+01 -4.2743660e+01 -4.2737642e+01 -4.2734820e+01 -1.8196498e+00 -1.7938743e+00 +2.9519550e+00 +2.9916371e+00 +3.4276083e+00 +3.5689322e+00 +5.0378517e+00 +8.4091978e+00 +9.2363951e+00 +1.1587626e+01 
-7.5308755e+01 -7.5307935e+01 -4.2757526e+01 -4.2752521e+01 -4.2745505e+01 -4.2743404e+01 -4.2738234e+01 -4.2735028e+01 -1.7573785e+00 -1.7331040e+00 +2.7184263e+00 +3.0500480e+00 +3.4874486e+00 +3.6231220e+00 +5.0077941e+00 +8.0795796e+00 +8.9302037e+00 +1.2008531e+01 
-7.5308714e+01 -7.5307943e+01 -4.2757230e+01 -4.2752224e+01 -4.2745987e+01 -4.2743127e+01 -4.2738856e+01 -4.2735255e+01 -1.6892899e+00 -1.6665536e+00 +2.4652368e+00 +3.1140364e+00 +3.5526824e+00 +3.6818794e+00 +5.0068126e+00 +7.7550178e+00 +8.6282074e+00 +1.2434139e+01 
-7.5308670e+01 -7.5307953e+01 -4.2756918e+01 -4.2751910e+01 -4.2746481e+01 -4.2742831e+01 -4.2739502e+01 -4.2735502e+01 -1.6154185e+00 -1.5942251e+00 +2.1988474e+00 +3.1836060e+00 +3.6231552e+00 +3.7449483e+00 +5.0287408e+00 +7.4359831e+00 +8.3309840e+00 +1.2863856e+01 
-7.5308625e+01 -7.5307964e+01 -4.2756594e+01 -4.2751583e+01 -4.2746980e+01 -4.2742515e+01 -4.2740165e+01 -4.2735768e+01 -1.5358034e+00 -1.5161208e+00 +1.9241947e+00 +3.2587609e+00 +3.6986421e+00 +3.8119862e+00 +5.0688570e+00 +7.1229302e+00 +8.0391372e+00 +1.3297106e+01 
-7.5308579e+01 -7.5307979e+01 -4.2756262e+01 -4.2751248e+01 -4.2747474e+01 -4.2742182e+01 -4.2740834e+01 -4.2736053e+01 -1.4504892e+00 -1.4322431e+00 +1.6448556e+00 +3.3395054e+00 +3.7788034e+00 +3.8825258e+00 +5.1237420e+00 +6.8163685e+00 +7.7533548e+00 +1.3733284e+01 
-7.5308531e+01 -7.5307995e+01 -4.2755928e+01 -4.2750909e+01 -4.2747953e+01 -4.2741831e+01 -4.2741499e+01 -4.2736358e+01 -1.3595273e+00 -1.3425948e+00 +1.3633775e+00 +3.4258441e+00 +3.8631033e+00 +3.9559164e+00 +5.1909646e+00 +6.5169618e+00 +7.4744803e+00 +1.4171720e+01 
-7.5308483e+01 -7.5308015e+01 -4.2755600e+01 -4.2750575e+01 -4.2748405e+01 -4.2742149e+01 -4.2741465e+01 -4.2736681e+01 -1.2629765e+00 -1.2471790e+00 +1.0815771e+00 +3.5177818e+00 +3.9506500e+00 +4.0312301e+00 +5.2687923e+00 +6.2256988e+00 +7.2036164e+00 +1.4611617e+01 
-7.5308435e+01 -7.5308037e+01 -4.2755288e+01 -4.2750256e+01 -4.2748815e+01 -4.2742766e+01 -4.2741085e+01 -4.2737023e+01 -1.1609055e+00 -1.1459997e+00 +8.0076573e-01 +3.6153234e+00 +4.0398587e+00 +4.1071105e+00 +5.3559739e+00 +5.9442393e+00 +6.9422832e+00 +1.5051968e+01 
-7.5308386e+01 -7.5308063e+01 -4.2755004e+01 -4.2749968e+01 -4.2749166e+01 -4.2743332e+01 -4.2740691e+01 -4.2737384e+01 -1.0533943e+00 -1.0390623e+00 +5.2190562e-01 +3.7184741e+00 +4.1276786e+00 +4.1815243e+00 +5.4515883e+00 +5.6756914e+00 +6.6926734e+00 +1.5491392e+01 
-7.5308339e+01 -7.5308092e+01 -4.2754766e+01 -4.2749732e+01 -4.2749437e+01 -4.2743818e+01 -4.2740285e+01 -4.2737763e+01 -9.4053768e-01 -9.2637632e-01 +2.4571910e-01 +3.8272392e+00 +4.2076817e+00 +4.2513586e+00 +5.4265276e+00 +5.5549421e+00 +6.4580604e+00 +1.5927739e+01 
-7.5308292e+01 -7.5308125e+01 -4.2754589e+01 -4.2749607e+01 -4.2749574e+01 -4.2744195e+01 -4.2739867e+01 -4.2738160e+01 -8.2244893e-01 -8.0796487e-01 -2.7230105e-02 +3.9416242e+00 +4.2653217e+00 +4.3118074e+00 +5.2113281e+00 +5.6655002e+00 +6.2434179e+00 +1.6356770e+01 
-7.5308246e+01 -7.5308162e+01 -4.2754485e+01 -4.2749660e+01 -4.2749524e+01 -4.2744431e+01 -4.2739441e+01 -4.2738574e+01 -6.9926533e-01 -6.8393417e-01 -2.9641862e-01 +4.0616346e+00 +4.2701438e+00 +4.3556125e+00 +5.0605736e+00 +5.7828387e+00 +6.0561862e+00 +1.6764180e+01 
-7.5308203e+01 -7.5308202e+01 -4.2754455e+01 -4.2749592e+01 -4.2749592e+01 -4.2744507e+01 -4.2739005e+01 -4.2739005e+01 -5.7116406e-01 -5.7114932e-01 -5.4464560e-01 +4.1872701e+00 +4.1872936e+00 +4.3727498e+00 +5.0091431e+00 +5.9065750e+00 +5.9066333e+00 +1.7011828e+01 
-7.5308248e+01 -7.5308161e+01 -4.2754483e+01 -4.2749768e+01 -4.2749416e+01 -4.2744432e+01 -4.2739453e+01 -4.2738562e+01 -8.2387507e-01 -4.3834180e-01 -4.1740480e-01 +4.0252367e+00 +4.3185716e+00 +4.3522003e+00 +5.0485489e+00 +5.8059370e+00 +6.0364943e+00 +1.6863146e+01 
-7.5308297e+01 -7.5308121e+01 -4.2754552e+01 -4.2750027e+01 -4.2749145e+01 -4.2744227e+01 -4.2739916e+01 -4.2738113e+01 -1.0804714e+00 -3.0107431e-01 -2.7611281e-01 +3.8218550e+00 +4.2872075e+00 +4.4554919e+00 +5.1409709e+00 +5.7611881e+00 +6.1723146e+00 +1.6643379e+01 
-7.5308351e+01 -7.5308084e+01 -4.2754638e+01 -4.2750334e+01 -4.2748799e+01 -4.2743923e+01 -4.2740395e+01 -4.2737660e+01 -1.3325830e+00 -1.5970981e-01 -1.2895191e-01 +3.6019676e+00 +4.1802200e+00 +4.5980599e+00 +5.2615710e+00 +5.7703017e+00 +6.3138200e+00 +1.6418514e+01 
-7.5308410e+01 -7.5308050e+01 -4.2754720e+01 -4.2750658e+01 -4.2748399e+01 -4.2743547e+01 -4.2740888e+01 -4.2737203e+01 -1.5799672e+00 -1.4710588e-02 +2.3979867e-02 +3.3767891e+00 +4.0413189e+00 +4.7462812e+00 +5.3991354e+00 +5.8236689e+00 +6.4608151e+00 +1.6195519e+01 
-7.5308473e+01 -7.5308019e+01 -4.2754780e+01 -4.2750974e+01 -4.2747958e+01 -4.2743123e+01 -4.2741396e+01 -4.2736743e+01 -1.8224788e+00 +1.3329679e-01 +1.8265912e-01 +3.1513565e+00 +3.8823199e+00 +4.9001610e+00 +5.5486251e+00 +5.9101041e+00 +6.6131204e+00 +1.5976139e+01 
-7.5308542e+01 -7.5307991e+01 -4.2754805e+01 -4.2751266e+01 -4.2747488e+01 -4.2742664e+01 -4.2741916e+01 -4.2736283e+01 -2.0600030e+00 +2.8344254e-01 +3.4707485e-01 +2.9281299e+00 +3.7130758e+00 +5.0597046e+00 +5.7075745e+00 +6.0206228e+00 +6.7705667e+00 +1.5761044e+01 
-7.5308615e+01 -7.5307967e+01 -4.2754786e+01 -4.2751521e+01 -4.2746997e+01 -4.2742449e+01 -4.2742182e+01 -4.2735823e+01 -2.2924425e+00 +4.3448900e-01 +5.1721933e-01 +2.7084215e+00 +3.5410025e+00 +5.2249168e+00 +5.8746632e+00 +6.1490387e+00 +6.9329922e+00 +1.5550563e+01 
-7.5308692e+01 -7.5307947e+01 -4.2754715e+01 -4.2751729e+01 -4.2746492e+01 -4.2742994e+01 -4.2741683e+01 -4.2735364e+01 -2.5197129e+00 +5.8463159e-01 +6.9308574e-01 +2.4929854e+00 +3.3719335e+00 +5.3958022e+00 +6.0491267e+00 +6.2913093e+00 +7.1002390e+00 +1.5344888e+01 
-7.5308775e+01 -7.5307931e+01 -4.2754588e+01 -4.2751884e+01 -4.2745977e+01 -4.2743549e+01 -4.2741175e+01 -4.2734907e+01 -2.7417392e+00 +7.3118254e-01 +8.7466736e-01 +2.2822817e+00 +3.2111699e+00 +5.5723649e+00 +6.2304913e+00 +6.4448012e+00 +7.2721516e+00 +1.5144148e+01 
-7.5308862e+01 -7.5307919e+01 -4.2754401e+01 -4.2751982e+01 -4.2745457e+01 -4.2744113e+01 -4.2740660e+01 -4.2734454e+01 -2.9584545e+00 +8.7008895e-01 +1.0619571e+00 +2.0766054e+00 +3.0644875e+00 +5.7546088e+00 +6.4184459e+00 +6.6077647e+00 +7.4485740e+00 +1.4948434e+01 
-7.5308953e+01 -7.5307911e+01 -4.2754151e+01 -4.2752019e+01 -4.2744934e+01 -4.2744686e+01 -4.2740142e+01 -4.2734005e+01 -3.1697979e+00 +9.9529254e-01 +1.2549474e+00 +1.8761529e+00 +2.9391078e+00 +5.9425369e+00 +6.6127753e+00 +6.7790021e+00 +7.6293482e+00 +1.4757820e+01 
-7.5309049e+01 -7.5307907e+01 -4.2753837e+01 -4.2751994e+01 -4.2745266e+01 -4.2744410e+01 -4.2739624e+01 -4.2733561e+01 -3.3757137e+00 +1.0982127e+00 +1.4536299e+00 +1.6810590e+00 +2.8444173e+00 +6.1361517e+00 +6.8133230e+00 +6.9576647e+00 +7.8143129e+00 +1.4572364e+01 
-7.5309148e+01 -7.5307907e+01 -4.2753458e+01 -4.2751904e+01 -4.2745852e+01 -4.2743889e+01 -4.2739109e+01 -4.2733123e+01 -3.5761507e+00 +1.1683356e+00 +1.4914187e+00 +1.6579952e+00 +2.7915026e+00 +6.3354548e+00 +7.0199690e+00 +7.1431272e+00 +8.0033012e+00 +1.4392119e+01 
-7.5309252e+01 -7.5307911e+01 -4.2753016e+01 -4.2751750e+01 -4.2746443e+01 -4.2743371e+01 -4.2738598e+01 -4.2732693e+01 -3.7710611e+00 +1.1964225e+00 +1.3073000e+00 +1.8680330e+00 +2.7900187e+00 +6.5404472e+00 +7.2326171e+00 +7.3349102e+00 +8.1961392e+00 +1.4217131e+01 
-7.5309359e+01 -7.5307919e+01 -4.2752510e+01 -4.2751533e+01 -4.2747038e+01 -4.2742858e+01 -4.2738092e+01 -4.2732270e+01 -3.9604004e+00 +1.1287522e+00 +1.1796275e+00 +2.0837316e+00 +2.8431198e+00 +6.7511283e+00 +7.4511857e+00 +7.5326288e+00 +8.3926437e+00 +1.4047448e+01 
-7.5309470e+01 -7.5307932e+01 -4.2751944e+01 -4.2751252e+01 -4.2747634e+01 -4.2742352e+01 -4.2737595e+01 -4.2731857e+01 -4.1441267e+00 +9.5581167e-01 +1.1234662e+00 +2.3050778e+00 +2.9455226e+00 +6.9674965e+00 +7.6756021e+00 +7.7359587e+00 +8.5926205e+00 +1.3883113e+01 
-7.5309583e+01 -7.5307948e+01 -4.2751320e+01 -4.2750910e+01 -4.2748231e+01 -4.2741854e+01 -4.2737106e+01 -4.2731452e+01 -4.3222002e+00 +7.8850489e-01 +1.0381001e+00 +2.5320566e+00 +3.0872426e+00 +7.1895487e+00 +7.9057984e+00 +7.9446122e+00 +8.7958606e+00 +1.3724173e+01 
-7.5309699e+01 -7.5307968e+01 -4.2750640e+01 -4.2750509e+01 -4.2748828e+01 -4.2741365e+01 -4.2736627e+01 -4.2731058e+01 -4.4945835e+00 +6.2685139e-01 +9.3351965e-01 +2.7646512e+00 +3.2584251e+00 +7.4172799e+00 +8.1417080e+00 +8.1583195e+00 +9.0021374e+00 +1.3570681e+01 
-7.5309818e+01 -7.5307991e+01 -4.2750054e+01 -4.2749908e+01 -4.2749422e+01 -4.2740885e+01 -4.2736160e+01 -4.2730674e+01 -4.6612406e+00 +4.7086537e-01 +8.1738893e-01 +3.0028420e+00 +3.4515099e+00 +7.6506832e+00 +8.3768139e+00 +8.3832632e+00 +9.2112013e+00 +1.3422697e+01 
-7.5309938e+01 -7.5308018e+01 -4.2750013e+01 -4.2749545e+01 -4.2749131e+01 -4.2740415e+01 -4.2735705e+01 -4.2730302e+01 -4.8221375e+00 +3.2055698e-01 +6.9500371e-01 +3.2466069e+00 +3.6612800e+00 +7.8897489e+00 +8.5998166e+00 +8.6303923e+00 +9.4227734e+00 +1.3280292e+01 
-7.5310059e+01 -7.5308048e+01 -4.2750599e+01 -4.2748988e+01 -4.2748311e+01 -4.2739956e+01 -4.2735263e+01 -4.2729941e+01 -4.9772414e+00 +1.7593325e-01 +5.6990444e-01 +3.4959207e+00 +3.8842528e+00 +8.1344647e+00 +8.8270224e+00 +8.8830176e+00 +9.6365355e+00 +1.3143558e+01 
-7.5310182e+01 -7.5308080e+01 -4.2751177e+01 -4.2748387e+01 -4.2747456e+01 -4.2739508e+01 -4.2734835e+01 -4.2729593e+01 -5.1265209e+00 +3.6998794e-02 +4.4446220e-01 +3.7507541e+00 +4.1180973e+00 +8.3848145e+00 +9.0580811e+00 +9.1410528e+00 +9.8521158e+00 +1.3012618e+01 
-7.5310304e+01 -7.5308115e+01 -4.2751748e+01 -4.2747746e+01 -4.2746570e+01 -4.2739071e+01 -4.2734422e+01 -4.2729257e+01 -5.2699460e+00 -9.6243676e-02 +3.2029297e-01 +4.0110737e+00 +4.3612216e+00 +8.6407781e+00 +9.2925734e+00 +9.4043999e+00 +1.0069066e+01 +1.2887640e+01 
-7.5310427e+01 -7.5308152e+01 -4.2752308e+01 -4.2747071e+01 -4.2745660e+01 -4.2738644e+01 -4.2734024e+01 -4.2728934e+01 -5.4074877e+00 -2.2379290e-01 +1.9852460e-01 +4.2768407e+00 +4.6125068e+00 +8.9023303e+00 +9.5299783e+00 +9.6729458e+00 +1.0286826e+01 +1.2768872e+01 
-7.5310549e+01 -7.5308191e+01 -4.2752858e+01 -4.2746367e+01 -4.2744734e+01 -4.2738227e+01 -4.2733643e+01 -4.2728625e+01 -5.5391185e+00 -3.4564879e-01 +7.9964491e-02 +4.5480100e+00 +4.8711394e+00 +9.1694393e+00 +9.7696247e+00 +9.9465585e+00 +1.0504654e+01 +1.2656697e+01 
-7.5310670e+01 -7.5308231e+01 -4.2753394e+01 -4.2745639e+01 -4.2743800e+01 -4.2737819e+01 -4.2733278e+01 -4.2728329e+01 -5.6648116e+00 -4.6181214e-01 -3.4794673e-02 +4.8245295e+00 +5.1365055e+00 +9.4420658e+00 +1.0010617e+01 +1.0225081e+01 +1.0721510e+01 +1.2551741e+01 
-7.5310789e+01 -7.5308273e+01 -4.2753915e+01 -4.2744894e+01 -4.2742867e+01 -4.2737418e+01 -4.2732931e+01 -4.2728047e+01 -5.7845417e+00 -5.7228444e-01 -1.4530740e-01 +5.1063380e+00 +5.4081218e+00 +9.7201609e+00 +1.0251719e+01 +1.0508327e+01 +1.0935805e+01 +1.2455104e+01 
-7.5310907e+01 -7.5308315e+01 -4.2754421e+01 -4.2744137e+01 -4.2741944e+01 -4.2737021e+01 -4.2732601e+01 -4.2727778e+01 -5.8982843e+00 -6.7706773e-01 -2.5123144e-01 +5.3933639e+00 +5.6855895e+00 +1.0003663e+01 +1.0491170e+01 +1.0796069e+01 +1.1144858e+01 +1.2368873e+01 
-7.5311021e+01 -7.5308358e+01 -4.2754909e+01 -4.2743374e+01 -4.2741043e+01 -4.2736623e+01 -4.2732290e+01 -4.2727525e+01 -6.0060161e+00 -7.7616442e-01 -3.5229861e-01 +5.6855225e+00 +5.9685628e+00 +1.0292497e+01 +1.0726385e+01 +1.1088027e+01 +1.1343584e+01 +1.2297395e+01 
-7.5311132e+01 -7.5308401e+01 -4.2755378e+01 -4.2742612e+01 -4.2740177e+01 -4.2736219e+01 -4.2731997e+01 -4.2727285e+01 -6.1077149e+00 -8.6957723e-01 -4.4829494e-01 +5.9827135e+00 +6.2567246e+00 +1.0586565e+01 +1.0953491e+01 +1.1383857e+01 +1.1521310e+01 +1.2250397e+01 
-7.5311240e+01 -7.5308443e+01 -4.2755826e+01 -4.2741857e+01 -4.2739361e+01 -4.2735801e+01 -4.2731723e+01 -4.2727060e+01 -6.2033596e+00 -9.5730906e-01 -5.3904701e-01 +6.2848169e+00 +6.5497681e+00 +1.0885744e+01 +1.1166697e+01 +1.1656391e+01 +1.1683125e+01 +1.2248261e+01 
-7.5311343e+01 -7.5308485e+01 -4.2756253e+01 -4.2741114e+01 -4.2738611e+01 -4.2735357e+01 -4.2731468e+01 -4.2726849e+01 -6.2929302e+00 -1.0393629e+00 -6.2441233e-01 +6.5916882e+00 +6.8473791e+00 +1.1189877e+01 +1.1357748e+01 +1.1723311e+01 +1.1985278e+01 +1.2314757e+01 
-7.5311442e+01 -7.5308526e+01 -4.2756656e+01 -4.2740389e+01 -4.2737944e+01 -4.2734881e+01 -4.2731233e+01 -4.2726653e+01 -6.3764079e+00 -1.1157418e+00 -7.0427242e-01 +6.9031519e+00 +7.1492194e+00 +1.1498758e+01 +1.1516455e+01 +1.1727761e+01 +1.2289608e+01 +1.2441668e+01 
-7.5311535e+01 -7.5308565e+01 -4.2757036e+01 -4.2739689e+01 -4.2737370e+01 -4.2734368e+01 -4.2731017e+01 -4.2726471e+01 -6.4537749e+00 -1.1864488e+00 -7.7852783e-01 +7.2189926e+00 +7.4549082e+00 +1.1633931e+01 +1.1699456e+01 +1.1812113e+01 +1.2595189e+01 +1.2595488e+01 
-7.5311623e+01 -7.5308603e+01 -4.2757389e+01 -4.2739019e+01 -4.2736888e+01 -4.2733824e+01 -4.2730821e+01 -4.2726304e+01 -6.5250148e+00 -1.2514869e+00 -8.4709445e-01 +7.5389427e+00 +7.7639989e+00 +1.1658502e+01 +1.1707760e+01 +1.2129573e+01 +1.2750256e+01 +1.2900797e+01 
-7.5311705e+01 -7.5308638e+01 -4.2757716e+01 -4.2738385e+01 -4.2736490e+01 -4.2733263e+01 -4.2730645e+01 -4.2726152e+01 -6.5901122e+00 -1.3108589e+00 -9.0990075e-01 +7.8626647e+00 +8.0759498e+00 +1.1613898e+01 +1.1743620e+01 +1.2450626e+01 +1.2887928e+01 +1.3204791e+01 
-7.5311780e+01 -7.5308671e+01 -4.2758015e+01 -4.2737792e+01 -4.2736164e+01 -4.2732705e+01 -4.2730489e+01 -4.2726014e+01 -6.6490531e+00 -1.3645675e+00 -9.6688574e-01 +8.1897264e+00 +8.3900832e+00 +1.1569543e+01 +1.1751034e+01 +1.2774540e+01 +1.2991468e+01 +1.3504957e+01 
-7.5311848e+01 -7.5308702e+01 -4.2758285e+01 -4.2737244e+01 -4.2735895e+01 -4.2732168e+01 -4.2730352e+01 -4.2725891e+01 -6.7018247e+00 -1.4126153e+00 -1.0179974e+00 +8.5195622e+00 +8.7055283e+00 +1.1527170e+01 +1.1738467e+01 +1.3043221e+01 +1.3100223e+01 +1.3798277e+01 
-7.5311909e+01 -7.5308729e+01 -4.2758525e+01 -4.2736747e+01 -4.2735673e+01 -4.2731666e+01 -4.2730233e+01 -4.2725782e+01 -6.7484153e+00 -1.4550047e+00 -1.0631914e+00 +8.8514134e+00 +9.0211402e+00 +1.1487448e+01 +1.1711353e+01 +1.3029614e+01 +1.3425954e+01 +1.4080658e+01 
-7.5311963e+01 -7.5308753e+01 -4.2758735e+01 -4.2736305e+01 -4.2735491e+01 -4.2731212e+01 -4.2730134e+01 -4.2725688e+01 -6.7888148e+00 -1.4917377e+00 -1.1024303e+00 +9.1842299e+00 +9.3353806e+00 +1.1450322e+01 +1.1672024e+01 +1.2947763e+01 +1.3748759e+01 +1.4346649e+01 
-7.5312009e+01 -7.5308774e+01 -4.2758914e+01 -4.2735923e+01 -4.2735343e+01 -4.2730816e+01 -4.2730052e+01 -4.2725609e+01 -6.8230142e+00 -1.5228162e+00 -1.1356829e+00 +9.5164999e+00 +9.6461483e+00 +1.1414935e+01 +1.1620044e+01 +1.2806007e+01 +1.4062484e+01 +1.4216760e+01 
-7.5312047e+01 -7.5308792e+01 -4.2759061e+01 -4.2735604e+01 -4.2735226e+01 -4.2730483e+01 -4.2729987e+01 -4.2725544e+01 -6.8510059e+00 -1.5482418e+00 -1.1629234e+00 +9.8459354e+00 +9.9505437e+00 +1.1379034e+01 +1.1552374e+01 +1.2619666e+01 +1.4020705e+01 +1.4347359e+01 
-7.5312076e+01 -7.5308805e+01 -4.2759176e+01 -4.2735352e+01 -4.2735137e+01 -4.2730219e+01 -4.2729938e+01 -4.2725493e+01 -6.8727838e+00 -1.5680159e+00 -1.1841312e+00 +1.0168850e+01 +1.0244573e+01 +1.1337340e+01 +1.1463544e+01 +1.2408950e+01 +1.3801309e+01 +1.4508917e+01 
-7.5312098e+01 -7.5308815e+01 -4.2759259e+01 -4.2735169e+01 -4.2735075e+01 -4.2730028e+01 -4.2729903e+01 -4.2725457e+01 -6.8883429e+00 -1.5821394e+00 -1.1992906e+00 +1.0478862e+01 +1.0522867e+01 +1.1277686e+01 +1.1346457e+01 +1.2201966e+01 +1.3622130e+01 +1.4533351e+01 
-7.5312110e+01 -7.5308821e+01 -4.2759308e+01 -4.2735059e+01 -4.2735038e+01 -4.2729912e+01 -4.2729883e+01 -4.2725436e+01 -6.8976797e+00 -1.5906133e+00 -1.2083907e+00 +1.0764272e+01 +1.0778662e+01 +1.1175831e+01 +1.1194504e+01 +1.2041653e+01 +1.3505800e+01 +1.4765693e+01 
-7.5312115e+01 -7.5308823e+01 -4.2759325e+01 -4.2735025e+01 -4.2735022e+01 -4.2729877e+01 -4.2729874e+01 -4.2725428e+01 -6.9007922e+00 -1.5934378e+00 -1.2114248e+00 +1.1003718e+01 +1.1003725e+01 +1.1005392e+01 +1.1005409e+01 +1.1979915e+01 +1.3465476e+01 +1.4534181e+01 
-7.5312110e+01 -7.5308828e+01 -4.2759272e+01 -4.2735018e+01 -4.2735015e+01 -4.2729884e+01 -4.2729881e+01 -4.2725470e+01 -6.8975868e+00 -1.7183504e+00 -1.0809831e+00 +1.1006349e+01 +1.1006356e+01 +1.1007706e+01 +1.1007723e+01 +1.1943560e+01 +1.3467756e+01 +1.4359538e+01 
-7.5312096e+01 -7.5308842e+01 -4.2759124e+01 -4.2734997e+01 -4.2734993e+01 -4.2729906e+01 -4.2729903e+01 -4.2725606e+01 -6.8879714e+00 -1.9361251e+00 -8.4662373e-01 +1.1014237e+01 +1.1014244e+01 +1.1014643e+01 +1.1014661e+01 +1.1834804e+01 +1.3474578e+01 +1.4143878e+01 
-7.5312074e+01 -7.5308864e+01 -4.2758883e+01 -4.2734961e+01 -4.2734958e+01 -4.2729941e+01 -4.2729938e+01 -4.2725836e+01 -6.8719482e+00 -2.1662081e+00 -5.8890104e-01 +1.1026191e+01 +1.1026209e+01 +1.1027361e+01 +1.1027368e+01 +1.1656355e+01 +1.3485892e+01 +1.3970185e+01 
-7.5312042e+01 -7.5308896e+01 -4.2758549e+01 -4.2734911e+01 -4.2734908e+01 -4.2729991e+01 -4.2729988e+01 -4.2726158e+01 -6.8495210e+00 -2.3960277e+00 -3.2038765e-01 +1.1042327e+01 +1.1042345e+01 +1.1045689e+01 +1.1045696e+01 +1.1415983e+01 +1.3501613e+01 +1.3844531e+01 
-7.5312001e+01 -7.5308937e+01 -4.2758124e+01 -4.2734848e+01 -4.2734844e+01 -4.2730055e+01 -4.2730052e+01 -4.2726571e+01 -6.8206949e+00 -2.6224532e+00 -4.4215446e-02 +1.1063018e+01 +1.1063035e+01 +1.1069170e+01 +1.1069177e+01 +1.1125894e+01 +1.3521619e+01 +1.3761819e+01 
-7.5311952e+01 -7.5308986e+01 -4.2757611e+01 -4.2734771e+01 -4.2734767e+01 -4.2730132e+01 -4.2730129e+01 -4.2727071e+01 -6.7854765e+00 -2.8443537e+00 +2.3848259e-01 +1.0799289e+01 +1.1088217e+01 +1.1088234e+01 +1.1097733e+01 +1.1097740e+01 +1.3545746e+01 +1.3713304e+01 
-7.5311895e+01 -7.5309044e+01 -4.2757013e+01 -4.2734681e+01 -4.2734677e+01 -4.2730222e+01 -4.2730219e+01 -4.2727657e+01 -6.7438740e+00 -3.0612141e+00 +5.2718870e-01 +1.0447508e+01 +1.1117860e+01 +1.1117877e+01 +1.1131284e+01 +1.1131291e+01 +1.3573784e+01 +1.3690565e+01 
-7.5311829e+01 -7.5309110e+01 -4.2756332e+01 -4.2734579e+01 -4.2734575e+01 -4.2730325e+01 -4.2730322e+01 -4.2728325e+01 -6.6958969e+00 -3.2727585e+00 +8.2162335e-01 +1.0079106e+01 +1.1151864e+01 +1.1151880e+01 +1.1169693e+01 +1.1169701e+01 +1.3605469e+01 +1.3686954e+01 
-7.5311756e+01 -7.5309183e+01 -4.2755572e+01 -4.2734464e+01 -4.2734461e+01 -4.2730439e+01 -4.2730436e+01 -4.2729071e+01 -6.6415559e+00 -3.4788193e+00 +1.1216141e+00 +9.7001624e+00 +1.1190114e+01 +1.1190130e+01 +1.1212790e+01 +1.1212798e+01 +1.3640479e+01 +1.3697609e+01 
-7.5311676e+01 -7.5309263e+01 -4.2754738e+01 -4.2734339e+01 -4.2734335e+01 -4.2730565e+01 -4.2730562e+01 -4.2729890e+01 -6.5808635e+00 -3.6792841e+00 +1.4270418e+00 +9.3149042e+00 +1.1232461e+01 +1.1232477e+01 +1.1260342e+01 +1.1260350e+01 +1.3678414e+01 +1.3718997e+01 
-7.5311589e+01 -7.5309350e+01 -4.2753834e+01 -4.2734203e+01 -4.2734199e+01 -4.2730779e+01 -4.2730701e+01 -4.2730698e+01 -6.5138332e+00 -3.8740702e+00 +1.7378155e+00 +8.9262771e+00 +1.1278700e+01 +1.1278716e+01 +1.1312031e+01 +1.1312039e+01 +1.3718792e+01 +1.3748455e+01 
-7.5311496e+01 -7.5309444e+01 -4.2752865e+01 -4.2734057e+01 -4.2734054e+01 -4.2731731e+01 -4.2730847e+01 -4.2730844e+01 -6.4404800e+00 -4.0631130e+00 +2.0538598e+00 +8.5363581e+00 +1.1328556e+01 +1.1328571e+01 +1.1367421e+01 +1.1367429e+01 +1.3761022e+01 +1.3783828e+01 
-7.5311397e+01 -7.5309543e+01 -4.2751836e+01 -4.2733902e+01 -4.2733899e+01 -4.2732742e+01 -4.2731002e+01 -4.2730999e+01 -6.3608199e+00 -4.2463591e+00 +2.3751070e+00 +8.1466369e+00 +1.1381644e+01 +1.1381659e+01 +1.1425895e+01 +1.1425903e+01 +1.3804390e+01 +1.3823216e+01 
-7.5311293e+01 -7.5309647e+01 -4.2750753e+01 -4.2733805e+01 -4.2733739e+01 -4.2733736e+01 -4.2731165e+01 -4.2731162e+01 -6.2748705e+00 -4.4237621e+00 +2.7014933e+00 +7.7582015e+00 +1.1437429e+01 +1.1437443e+01 +1.1486572e+01 +1.1486581e+01 +1.3203699e+01 +1.3848030e+01 
-7.5311184e+01 -7.5309756e+01 -4.2749622e+01 -4.2734914e+01 -4.2733569e+01 -4.2733566e+01 -4.2731335e+01 -4.2731332e+01 -6.1826504e+00 -4.5952806e+00 +3.0329548e+00 +7.3718615e+00 +1.1495143e+01 +1.1495156e+01 +1.1548175e+01 +1.1548184e+01 +1.3086584e+01 +1.3086588e+01 
-7.5311071e+01 -7.5309869e+01 -4.2748448e+01 -4.2736064e+01 -4.2733393e+01 -4.2733389e+01 -4.2731512e+01 -4.2731509e+01 -6.0841795e+00 -4.7608768e+00 +3.3694257e+00 +6.9882301e+00 +1.1553675e+01 +1.1553688e+01 +1.1608829e+01 +1.1608838e+01 +1.2980960e+01 +1.2980966e+01 
-7.5310955e+01 -7.5309985e+01 -4.2747239e+01 -4.2737248e+01 -4.2733211e+01 -4.2733208e+01 -4.2731694e+01 -4.2731690e+01 -5.9794787e+00 -4.9205157e+00 +3.7108357e+00 +6.6077791e+00 +1.1611395e+01 +1.1611407e+01 +1.1665805e+01 +1.1665814e+01 +1.2889584e+01 +1.2889591e+01 
-7.5310837e+01 -7.5310104e+01 -4.2746000e+01 -4.2738458e+01 -4.2733025e+01 -4.2733022e+01 -4.2731880e+01 -4.2731876e+01 -5.8685701e+00 -5.0741640e+00 +4.0571078e+00 +6.2308779e+00 +1.1665917e+01 +1.1665929e+01 +1.1715272e+01 +1.1715281e+01 +1.2816302e+01 +1.2816310e+01 
-7.5310716e+01 -7.5310225e+01 -4.2744740e+01 -4.2739688e+01 -4.2732836e+01 -4.2732833e+01 -4.2732069e+01 -4.2732066e+01 -5.7514769e+00 -5.2217904e+00 +4.4081559e+00 +5.8578194e+00 +1.1713834e+01 +1.1713845e+01 +1.1752358e+01 +1.1752367e+01 +1.2765984e+01 +1.2765994e+01 
-7.5310594e+01 -7.5310348e+01 -4.2743464e+01 -4.2740931e+01 -4.2732645e+01 -4.2732642e+01 -4.2732260e+01 -4.2732257e+01 -5.6282233e+00 -5.3633648e+00 +4.7638819e+00 +5.4888395e+00 +1.1750640e+01 +1.1750651e+01 +1.1772076e+01 +1.1772086e+01 +1.2743608e+01 +1.2743619e+01 
-7.5310471e+01 -7.5310471e+01 -4.2742179e+01 -4.2742179e+01 -4.2732453e+01 -4.2732453e+01 -4.2732449e+01 -4.2732449e+01 -5.4988586e+00 -5.4988347e+00 +5.1241308e+00 +5.1241722e+00 +1.1771323e+01 +1.1771323e+01 +1.1771333e+01 +1.1771333e+01 +1.2752254e+01 +1.2752265e+01 
-7.5310468e+01 -7.5310468e+01 -4.2742189e+01 -4.2742188e+01 -4.2732473e+01 -4.2732473e+01 -4.2732461e+01 -4.2732461e+01 -5.4958205e+00 -5.4957966e+00 +5.1266301e+00 +5.1266715e+00 +1.1684008e+01 +1.1684009e+01 +1.1730471e+01 +1.1730471e+01 +1.2766972e+01 +1.2798392e+01 
-7.5310458e+01 -7.5310458e+01 -4.2742217e+01 -4.2742217e+01 -4.2732541e+01 -4.2732541e+01 -4.2732488e+01 -4.2732488e+01 -5.4867071e+00 -5.4866832e+00 +5.1341186e+00 +5.1341599e+00 +1.1462382e+01 +1.1462383e+01 +1.1625209e+01 +1.1625209e+01 +1.2778675e+01 +1.2919463e+01 
-7.5310443e+01 -7.5310443e+01 -4.2742266e+01 -4.2742265e+01 -4.2732655e+01 -4.2732655e+01 -4.2732534e+01 -4.2732534e+01 -5.4715202e+00 -5.4714963e+00 +5.1465665e+00 +5.1466076e+00 +1.1167395e+01 +1.1167397e+01 +1.1484569e+01 +1.1484569e+01 +1.2751355e+01 +1.3086441e+01 
-7.5310421e+01 -7.5310421e+01 -4.2742337e+01 -4.2742337e+01 -4.2732809e+01 -4.2732809e+01 -4.2732599e+01 -4.2732599e+01 -5.4502630e+00 -5.4502392e+00 +5.1639213e+00 +5.1639621e+00 +1.0835027e+01 +1.0835031e+01 +1.1327596e+01 +1.1327596e+01 +1.2682390e+01 +1.3280261e+01 
-7.5310394e+01 -7.5310394e+01 -4.2742434e+01 -4.2742433e+01 -4.2733001e+01 -4.2733001e+01 -4.2732681e+01 -4.2732681e+01 -5.4229401e+00 -5.4229163e+00 +5.1861033e+00 +5.1861437e+00 +1.0483171e+01 +1.0483175e+01 +1.1164040e+01 +1.1164041e+01 +1.2582330e+01 +1.2582341e+01 
-7.5310361e+01 -7.5310361e+01 -4.2742560e+01 -4.2742559e+01 -4.2733225e+01 -4.2733224e+01 -4.2732781e+01 -4.2732781e+01 -5.3895573e+00 -5.3895335e+00 +5.2129974e+00 +5.2130374e+00 +1.0121152e+01 +1.0121158e+01 +1.0998816e+01 +1.0998817e+01 +1.2461545e+01 +1.2461559e+01 
-7.5310322e+01 -7.5310322e+01 -4.2742719e+01 -4.2742719e+01 -4.2733472e+01 -4.2733472e+01 -4.2732897e+01 -4.2732897e+01 -5.3501215e+00 -5.3500978e+00 +5.2444404e+00 +5.2444798e+00 +9.7542842e+00 +9.7542907e+00 +1.0834537e+01 +1.0834537e+01 +1.2327601e+01 +1.2327617e+01 
-7.5310278e+01 -7.5310278e+01 -4.2742919e+01 -4.2742918e+01 -4.2733737e+01 -4.2733737e+01 -4.2733030e+01 -4.2733030e+01 -5.3046412e+00 -5.3046175e+00 +5.2802000e+00 +5.2802388e+00 +9.3858880e+00 +9.3858956e+00 +1.0672683e+01 +1.0672683e+01 +1.2185698e+01 +1.2185716e+01 
-7.5310229e+01 -7.5310229e+01 -4.2743163e+01 -4.2743162e+01 -4.2734010e+01 -4.2734010e+01 -4.2733177e+01 -4.2733177e+01 -5.2531258e+00 -5.2531022e+00 +5.3199399e+00 +5.3199778e+00 +9.0182629e+00 +9.0182716e+00 +1.0514143e+01 +1.0514143e+01 +1.2039411e+01 +1.2039430e+01 
-7.5310176e+01 -7.5310176e+01 -4.2743457e+01 -4.2743457e+01 -4.2734282e+01 -4.2734282e+01 -4.2733339e+01 -4.2733339e+01 -5.1955863e+00 -5.1955627e+00 +5.3631586e+00 +5.3631955e+00 +8.6532156e+00 +8.6532255e+00 +1.0359479e+01 +1.0359480e+01 +1.1891238e+01 +1.1891259e+01 
-7.5310117e+01 -7.5310117e+01 -4.2743808e+01 -4.2743807e+01 -4.2734545e+01 -4.2734545e+01 -4.2733514e+01 -4.2733514e+01 -5.1320346e+00 -5.1320112e+00 +5.4090786e+00 +5.4091141e+00 +8.2924222e+00 +8.2924334e+00 +1.0209062e+01 +1.0209063e+01 +1.1742969e+01 +1.1742991e+01 
-7.5310055e+01 -7.5310055e+01 -4.2744218e+01 -4.2744217e+01 -4.2734790e+01 -4.2734790e+01 -4.2733702e+01 -4.2733702e+01 -5.0624843e+00 -5.0624609e+00 +5.4564312e+00 +5.4564650e+00 +7.9377848e+00 +7.9377977e+00 +1.0063144e+01 +1.0063144e+01 +1.1595911e+01 +1.1595935e+01 
-7.5309990e+01 -7.5309990e+01 -4.2744690e+01 -4.2744689e+01 -4.2735013e+01 -4.2735013e+01 -4.2733900e+01 -4.2733900e+01 -4.9869497e+00 -4.9869265e+00 +5.5030148e+00 +5.5030463e+00 +7.5919588e+00 +7.5919738e+00 +9.9219019e+00 +9.9219024e+00 +1.1451045e+01 +1.1451071e+01 
-7.5309921e+01 -7.5309921e+01 -4.2745223e+01 -4.2745223e+01 -4.2735207e+01 -4.2735207e+01 -4.2734108e+01 -4.2734108e+01 -4.9054469e+00 -4.9054238e+00 +5.5447234e+00 +5.5447517e+00 +7.2593757e+00 +7.2593934e+00 +9.7854633e+00 +9.7854638e+00 +1.1309124e+01 +1.1309150e+01 
-7.5309849e+01 -7.5309849e+01 -4.2745817e+01 -4.2745816e+01 -4.2735372e+01 -4.2735372e+01 -4.2734325e+01 -4.2734325e+01 -4.8179929e+00 -4.8179699e+00 +5.5733251e+00 +5.5733487e+00 +6.9484978e+00 +6.9485197e+00 +9.6539218e+00 +9.6539223e+00 +1.1170735e+01 +1.1170763e+01 
-7.5309774e+01 -7.5309774e+01 -4.2746465e+01 -4.2746465e+01 -4.2735506e+01 -4.2735506e+01 -4.2734549e+01 -4.2734549e+01 -4.7246062e+00 -4.7245834e+00 +5.5717755e+00 +5.5717920e+00 +6.6765263e+00 +6.6765544e+00 +9.5273470e+00 +9.5273475e+00 +1.1036354e+01 +1.1036383e+01 
-7.5309698e+01 -7.5309698e+01 -4.2747163e+01 -4.2747163e+01 -4.2735611e+01 -4.2735611e+01 -4.2734779e+01 -4.2734779e+01 -4.6253067e+00 -4.6252840e+00 +5.5094823e+00 +5.5094898e+00 +6.4741505e+00 +6.4741865e+00 +9.4057917e+00 +9.4057922e+00 +1.0906368e+01 +1.0906398e+01 
-7.5309621e+01 -7.5309621e+01 -4.2747904e+01 -4.2747904e+01 -4.2735689e+01 -4.2735689e+01 -4.2735013e+01 -4.2735013e+01 -4.5201157e+00 -4.5200931e+00 +5.3582560e+00 +5.3582581e+00 +6.3696045e+00 +6.3696460e+00 +9.2892961e+00 +9.2892967e+00 +1.0781107e+01 +1.0781138e+01 
-7.5309542e+01 -7.5309542e+01 -4.2748679e+01 -4.2748679e+01 -4.2735743e+01 -4.2735743e+01 -4.2735250e+01 -4.2735250e+01 -4.4090561e+00 -4.4090336e+00 +5.1286070e+00 +5.1286115e+00 +6.3523753e+00 +6.3524181e+00 +9.1778915e+00 +9.1778920e+00 +1.0660855e+01 +1.0660887e+01 
-7.5309463e+01 -7.5309463e+01 -4.2749480e+01 -4.2749480e+01 -4.2735775e+01 -4.2735775e+01 -4.2735488e+01 -4.2735488e+01 -4.2921523e+00 -4.2921300e+00 +4.8542837e+00 +4.8542898e+00 +6.3886718e+00 +6.3887135e+00 +9.0716018e+00 +9.0716023e+00 +1.0545867e+01 +1.0545900e+01 
-7.5309384e+01 -7.5309384e+01 -4.2750300e+01 -4.2750300e+01 -4.2735789e+01 -4.2735789e+01 -4.2735726e+01 -4.2735726e+01 -4.1694310e+00 -4.1694089e+00 +4.5592920e+00 +4.5592992e+00 +6.4543948e+00 +6.4544347e+00 +8.9704458e+00 +8.9704464e+00 +1.0436377e+01 +1.0436411e+01 
-7.5309305e+01 -7.5309305e+01 -4.2751130e+01 -4.2751130e+01 -4.2735964e+01 -4.2735964e+01 -4.2735786e+01 -4.2735786e+01 -4.0409207e+00 -4.0408988e+00 +4.2556810e+00 +4.2556892e+00 +6.5373541e+00 +6.5373919e+00 +8.8744384e+00 +8.8744389e+00 +1.0332609e+01 +1.0332644e+01 
-7.5309228e+01 -7.5309228e+01 -4.2751962e+01 -4.2751961e+01 -4.2736198e+01 -4.2736198e+01 -4.2735772e+01 -4.2735772e+01 -3.9066528e+00 -3.9066311e+00 +3.9493116e+00 +3.9493206e+00 +6.6314929e+00 +6.6315288e+00 +8.7835909e+00 +8.7835915e+00 +1.0234787e+01 +1.0234823e+01 
-7.5309152e+01 -7.5309152e+01 -4.2752788e+01 -4.2752788e+01 -4.2736428e+01 -4.2736428e+01 -4.2735747e+01 -4.2735747e+01 -3.7666618e+00 -3.7666403e+00 +3.6432188e+00 +3.6432285e+00 +6.7335177e+00 +6.7335515e+00 +8.6979124e+00 +8.6979130e+00 +1.0143137e+01 +1.0143174e+01 
-7.5309077e+01 -7.5309077e+01 -4.2753602e+01 -4.2753602e+01 -4.2736652e+01 -4.2736652e+01 -4.2735715e+01 -4.2735715e+01 -3.6209863e+00 -3.6209650e+00 +3.3391034e+00 +3.3391138e+00 +6.8413944e+00 +6.8414260e+00 +8.6174101e+00 +8.6174106e+00 +1.0057902e+01 +1.0057941e+01 
-7.5309005e+01 -7.5309005e+01 -4.2754397e+01 -4.2754397e+01 -4.2736868e+01 -4.2736868e+01 -4.2735676e+01 -4.2735676e+01 -3.4696698e+00 -3.4696487e+00 +3.0379938e+00 +3.0380048e+00 +6.9536712e+00 +6.9537005e+00 +8.5420890e+00 +8.5420896e+00 +9.9793471e+00 +9.9793866e+00 
-7.5308936e+01 -7.5308936e+01 -4.2755166e+01 -4.2755166e+01 -4.2737076e+01 -4.2737076e+01 -4.2735634e+01 -4.2735634e+01 -3.3127631e+00 -3.3127422e+00 +2.7405581e+00 +2.7405697e+00 +7.0691472e+00 +7.0691742e+00 +8.4719538e+00 +8.4719543e+00 +9.9077677e+00 +9.9078084e+00 
-7.5308871e+01 -7.5308871e+01 -4.2755903e+01 -4.2755903e+01 -4.2737275e+01 -4.2737275e+01 -4.2735589e+01 -4.2735589e+01 -3.1503262e+00 -3.1503056e+00 +2.4472622e+00 +2.4472743e+00 +7.1866903e+00 +7.1867148e+00 +8.4070074e+00 +8.4070080e+00 +9.8434995e+00 +9.8435414e+00 
-7.5308808e+01 -7.5308808e+01 -4.2756602e+01 -4.2756602e+01 -4.2737462e+01 -4.2737462e+01 -4.2735543e+01 -4.2735543e+01 -2.9824326e+00 -2.9824123e+00 +2.1584567e+00 +2.1584694e+00 +7.3051217e+00 +7.3051435e+00 +8.3472525e+00 +8.3472531e+00 +9.7869241e+00 +9.7869673e+00 
-7.5308750e+01 -7.5308750e+01 -4.2757259e+01 -4.2757259e+01 -4.2737637e+01 -4.2737637e+01 -4.2735497e+01 -4.2735497e+01 -2.8091759e+00 -2.8091559e+00 +1.8744305e+00 +1.8744436e+00 +7.4231325e+00 +7.4231515e+00 +8.2926909e+00 +8.2926914e+00 +9.7384689e+00 +9.7385132e+00 
-7.5308697e+01 -7.5308697e+01 -4.2757868e+01 -4.2757868e+01 -4.2737799e+01 -4.2737799e+01 -4.2735452e+01 -4.2735452e+01 -2.6306797e+00 -2.6306599e+00 +1.5954484e+00 +1.5954620e+00 +7.5392190e+00 +7.5392350e+00 +8.2433238e+00 +8.2433243e+00 +9.6985938e+00 +9.6986391e+00 
-7.5308648e+01 -7.5308648e+01 -4.2758425e+01 -4.2758425e+01 -4.2737946e+01 -4.2737946e+01 -4.2735410e+01 -4.2735410e+01 -2.4471158e+00 -2.4470963e+00 +1.3217866e+00 +1.3218007e+00 +7.6516353e+00 +7.6516483e+00 +8.1991522e+00 +8.1991528e+00 +9.6677509e+00 +9.6677970e+00 
-7.5308604e+01 -7.5308604e+01 -4.2758926e+01 -4.2758926e+01 -4.2738078e+01 -4.2738078e+01 -4.2735371e+01 -4.2735370e+01 -2.2587372e+00 -2.2587181e+00 +1.0537762e+00 +1.0537907e+00 +7.7583746e+00 +7.7583846e+00 +8.1601770e+00 +8.1601775e+00 +9.6462966e+00 +9.6463429e+00 
-7.5308565e+01 -7.5308565e+01 -4.2759367e+01 -4.2759367e+01 -4.2738195e+01 -4.2738195e+01 -4.2735335e+01 -4.2735335e+01 -2.0659415e+00 -2.0659227e+00 +7.9187358e-01 +7.9188849e-01 +7.8571967e+00 +7.8572038e+00 +8.1263984e+00 +8.1263989e+00 +9.6343305e+00 +9.6343763e+00 
-7.5308532e+01 -7.5308532e+01 -4.2759745e+01 -4.2759745e+01 -4.2738294e+01 -4.2738294e+01 -4.2735304e+01 -4.2735304e+01 -1.8694047e+00 -1.8693864e+00 +5.3679989e-01 +5.3681513e-01 +7.9457237e+00 +7.9457283e+00 +8.0978168e+00 +8.0978173e+00 +9.6314398e+00 +9.6314837e+00 
-7.5308504e+01 -7.5308504e+01 -4.2760058e+01 -4.2760058e+01 -4.2738376e+01 -4.2738376e+01 -4.2735277e+01 -4.2735277e+01 -1.6703946e+00 -1.6703769e+00 +2.8985677e-01 +2.8987226e-01 +8.0216106e+00 +8.0216132e+00 +8.0744323e+00 +8.0744329e+00 +9.6363651e+00 +9.6364056e+00 
-7.5308483e+01 -7.5308483e+01 -4.2760303e+01 -4.2760303e+01 -4.2738440e+01 -4.2738440e+01 -4.2735256e+01 -4.2735256e+01 -1.4716036e+00 -1.4715867e+00 +5.3762038e-02 +5.3777586e-02 +8.0562452e+00 +8.0562457e+00 +8.0827621e+00 +8.0827634e+00 +9.6466981e+00 +9.6467333e+00 
-7.5308467e+01 -7.5308467e+01 -4.2760478e+01 -4.2760478e+01 -4.2738486e+01 -4.2738486e+01 -4.2735241e+01 -4.2735241e+01 -1.2797647e+00 -1.2797492e+00 -1.6473254e-01 -1.6471740e-01 +8.0432554e+00 +8.0432559e+00 +8.1275263e+00 +8.1275270e+00 +9.6588420e+00 +9.6588699e+00 
-7.5308458e+01 -7.5308458e+01 -4.2760583e+01 -4.2760583e+01 -4.2738513e+01 -4.2738513e+01 -4.2735232e+01 -4.2735232e+01 -1.1152662e+00 -1.1152540e+00 -3.4522525e-01 -3.4521191e-01 +8.0354629e+00 +8.0354634e+00 +8.1547876e+00 +8.1547882e+00 +9.6685664e+00 +9.6685865e+00 
-7.5308455e+01 -7.5308455e+01 -4.2760617e+01 -4.2760617e+01 -4.2738522e+01 -4.2738522e+01 -4.2735228e+01 -4.2735228e+01 -1.0395678e+00 -1.0395601e+00 -4.2624971e-01 -4.2623910e-01 +8.0328678e+00 +8.0328683e+00 +8.1639379e+00 +8.1639383e+00 +9.6722838e+00 +9.6722999e+00 
-7.5308454e+01 -7.5308454e+01 -4.2760602e+01 -4.2760602e+01 -4.2738586e+01 -4.2738586e+01 -4.2735197e+01 -4.2735197e+01 -1.0367788e+00 -1.0367711e+00 -4.2325347e-01 -4.2324286e-01 +7.7715774e+00 +7.7715785e+00 +8.4138507e+00 +8.4138507e+00 +9.6749532e+00 +9.6749694e+00 
-7.5308451e+01 -7.5308451e+01 -4.2760555e+01 -4.2760555e+01 -4.2738767e+01 -4.2738767e+01 -4.2735109e+01 -4.2735109e+01 -1.0284074e+00 -1.0283998e+00 -4.1426580e-01 -4.1425520e-01 +7.4471448e+00 +7.4471467e+00 +8.7033714e+00 +8.7033716e+00 +9.6829870e+00 +9.6830036e+00 
-7.5308446e+01 -7.5308446e+01 -4.2760476e+01 -4.2760476e+01 -4.2739049e+01 -4.2739049e+01 -4.2734980e+01 -4.2734980e+01 -1.0144558e+00 -1.0144482e+00 -3.9929564e-01 -3.9928505e-01 +7.1157108e+00 +7.1157136e+00 +8.9743212e+00 +8.9743213e+00 +9.6964689e+00 +9.6964863e+00 
-7.5308439e+01 -7.5308439e+01 -4.2760365e+01 -4.2760365e+01 -4.2739413e+01 -4.2739413e+01 -4.2734828e+01 -4.2734828e+01 -9.9492720e-01 -9.9491963e-01 -3.7835819e-01 -3.7834761e-01 +6.7811637e+00 +6.7811673e+00 +9.2203359e+00 +9.2203359e+00 +9.7156198e+00 +9.7156387e+00 
-7.5308430e+01 -7.5308430e+01 -4.2760223e+01 -4.2760223e+01 -4.2739843e+01 -4.2739843e+01 -4.2734664e+01 -4.2734664e+01 -9.6982683e-01 -9.6981929e-01 -3.5147557e-01 -3.5146502e-01 +6.4455521e+00 +6.4455565e+00 +9.4374760e+00 +9.4374766e+00 +9.7411095e+00 +9.7411314e+00 
-7.5308419e+01 -7.5308419e+01 -4.2760051e+01 -4.2760051e+01 -4.2740329e+01 -4.2740329e+01 -4.2734499e+01 -4.2734499e+01 -9.3916182e-01 -9.3915432e-01 -3.1867780e-01 -3.1866728e-01 +6.1103059e+00 +6.1103111e+00 +9.6223867e+00 +9.6223919e+00 +9.7758402e+00 +9.7758697e+00 
-7.5308407e+01 -7.5308407e+01 -4.2759849e+01 -4.2759849e+01 -4.2740860e+01 -4.2740860e+01 -4.2734339e+01 -4.2734339e+01 -9.0294191e-01 -9.0293446e-01 -2.8000419e-01 -2.7999371e-01 +5.7765003e+00 +5.7765063e+00 +9.7573244e+00 +9.7573392e+00 +9.8399420e+00 +9.8399841e+00 
-7.5308394e+01 -7.5308394e+01 -4.2759619e+01 -4.2759619e+01 -4.2741431e+01 -4.2741431e+01 -4.2734186e+01 -4.2734186e+01 -8.6118014e-01 -8.6117274e-01 -2.3550542e-01 -2.3549498e-01 +5.4449758e+00 +5.4449825e+00 +9.8220446e+00 +9.8220470e+00 +9.9580219e+00 +9.9580543e+00 
-7.5308379e+01 -7.5308379e+01 -4.2759362e+01 -4.2759362e+01 -4.2742035e+01 -4.2742035e+01 -4.2734043e+01 -4.2734043e+01 -8.1389397e-01 -8.1388664e-01 -1.8524653e-01 -1.8523614e-01 +5.1164130e+00 +5.1164205e+00 +9.8713069e+00 +9.8713108e+00 +1.0080293e+01 +1.0080322e+01 
-7.5308363e+01 -7.5308363e+01 -4.2759080e+01 -4.2759080e+01 -4.2742666e+01 -4.2742666e+01 -4.2733910e+01 -4.2733910e+01 -7.6110692e-01 -7.6109966e-01 -1.2931143e-01 -1.2930110e-01 +4.7913858e+00 +4.7913939e+00 +9.9222760e+00 +9.9222827e+00 +1.0194276e+01 +1.0194304e+01 
-7.5308347e+01 -7.5308347e+01 -4.2758774e+01 -4.2758774e+01 -4.2743318e+01 -4.2743318e+01 -4.2733789e+01 -4.2733789e+01 -7.0285092e-01 -7.0284373e-01 -6.7809513e-02 -6.7799262e-02 +4.4704027e+00 +4.4704114e+00 +9.9773006e+00 +9.9773089e+00 +1.0301489e+01 +1.0301517e+01 
-7.5308330e+01 -7.5308330e+01 -4.2758448e+01 -4.2758448e+01 -4.2743985e+01 -4.2743985e+01 -4.2733678e+01 -4.2733678e+01 -6.3916998e-01 -6.3916286e-01 -8.8613948e-04 -8.7598000e-04 +4.1539449e+00 +4.1539542e+00 +1.0036932e+01 +1.0036942e+01 +1.0404334e+01 +1.0404362e+01 
-7.5308313e+01 -7.5308313e+01 -4.2758103e+01 -4.2758103e+01 -4.2744662e+01 -4.2744662e+01 -4.2733579e+01 -4.2733579e+01 -5.7012587e-01 -5.7011884e-01 +7.1260992e-02 +7.1271039e-02 +3.8425054e+00 +3.8425153e+00 +1.0101332e+01 +1.0101342e+01 +1.0504772e+01 +1.0504801e+01 
-7.5308297e+01 -7.5308297e+01 -4.2757744e+01 -4.2757744e+01 -4.2745340e+01 -4.2745340e+01 -4.2733490e+01 -4.2733490e+01 -4.9580740e-01 -4.9580046e-01 +1.4835474e-01 +1.4836465e-01 +3.5366376e+00 +3.5366480e+00 +1.0170525e+01 +1.0170536e+01 +1.0604197e+01 +1.0604225e+01 
-7.5308280e+01 -7.5308280e+01 -4.2757374e+01 -4.2757374e+01 -4.2746012e+01 -4.2746012e+01 -4.2733412e+01 -4.2733412e+01 -4.1634590e-01 -4.1633907e-01 +2.2999213e-01 +2.3000187e-01 +3.2370268e+00 +3.2370377e+00 +1.0244459e+01 +1.0244471e+01 +1.0703461e+01 +1.0703489e+01 
-7.5308265e+01 -7.5308265e+01 -4.2757000e+01 -4.2757000e+01 -4.2746667e+01 -4.2746667e+01 -4.2733344e+01 -4.2733344e+01 -3.3194269e-01 -3.3193598e-01 +3.1556116e-01 +3.1557067e-01 +2.9446080e+00 +2.9446192e+00 +1.0323010e+01 +1.0323022e+01 +1.0802887e+01 +1.0802915e+01 
-7.5308250e+01 -7.5308250e+01 -4.2756628e+01 -4.2756628e+01 -4.2747295e+01 -4.2747295e+01 -4.2733286e+01 -4.2733286e+01 -2.4292034e-01 -2.4291376e-01 +4.0408363e-01 +4.0409283e-01 +2.6607793e+00 +2.6607909e+00 +1.0405956e+01 +1.0405968e+01 +1.0902190e+01 +1.0902217e+01 
-7.5308237e+01 -7.5308237e+01 -4.2756270e+01 -4.2756270e+01 -4.2747881e+01 -4.2747881e+01 -4.2733237e+01 -4.2733237e+01 -1.4982521e-01 -1.4981880e-01 +4.9390157e-01 +4.9391033e-01 +2.3878227e+00 +2.3878344e+00 +1.0492900e+01 +1.0492912e+01 +1.1000219e+01 +1.1000245e+01 
-7.5308226e+01 -7.5308226e+01 -4.2755937e+01 -4.2755937e+01 -4.2748408e+01 -4.2748408e+01 -4.2733197e+01 -4.2733197e+01 -5.3650598e-02 -5.3644409e-02 +5.8202076e-01 +5.8202883e-01 +2.1297861e+00 +2.1297976e+00 +1.0583107e+01 +1.0583119e+01 +1.1094338e+01 +1.1094362e+01 
-7.5308217e+01 -7.5308217e+01 -4.2755648e+01 -4.2755648e+01 -4.2748855e+01 -4.2748855e+01 -4.2733167e+01 -4.2733167e+01 +4.3626876e-02 +4.3632712e-02 +6.6273074e-01 +6.6273763e-01 +1.8944028e+00 +1.8944135e+00 +1.0675066e+01 +1.0675079e+01 +1.1179043e+01 +1.1179063e+01 
-7.5308210e+01 -7.5308210e+01 -4.2755423e+01 -4.2755423e+01 -4.2749198e+01 -4.2749198e+01 -4.2733146e+01 -4.2733146e+01 +1.3760318e-01 +1.3760835e-01 +7.2523926e-01 +7.2524406e-01 +1.6969027e+00 +1.6969113e+00 +1.0765247e+01 +1.0765259e+01 +1.1243532e+01 +1.1243546e+01 
-7.5308206e+01 -7.5308206e+01 -4.2755281e+01 -4.2755281e+01 -4.2749413e+01 -4.2749413e+01 -4.2733133e+01 -4.2733133e+01 +2.1720939e-01 +2.1721304e-01 +7.5436634e-01 +7.5436803e-01 +1.5635566e+00 +1.5635614e+00 +1.0843912e+01 +1.0843921e+01 +1.1272300e+01 +1.1272305e+01 
-7.5308204e+01 -7.5308204e+01 -4.2755236e+01 -4.2755236e+01 -4.2749483e+01 -4.2749483e+01 -4.2733129e+01 -4.2733129e+01 +2.5420041e-01 +2.5420041e-01 +7.5396457e-01 +7.5396476e-01 +1.5187666e+00 +1.5187666e+00 +1.0882125e+01 +1.0882125e+01 +1.1270351e+01 +1.1270351e+01 
-7.5308206e+01 -7.5308206e+01 -4.2755282e+01 -4.2755282e+01 -4.2749413e+01 -4.2749413e+01 -4.2733133e+01 -4.2733133e+01 +2.0425860e-01 +2.0426439e-01 +7.7622410e-01 +7.7622550e-01 +1.5546454e+00 +1.5546488e+00 +1.0828964e+01 +1.0828980e+01 +1.1295853e+01 +1.1295857e+01 
-7.5308211e+01 -7.5308211e+01 -4.2755403e+01 -4.2755403e+01 -4.2749212e+01 -4.2749212e+01 -4.2733146e+01 -4.2733146e+01 +6.5527583e-02 +6.5537868e-02 +8.5258007e-01 +8.5258344e-01 +1.6416201e+00 +1.6416253e+00 +1.0687154e+01 +1.0687182e+01 +1.1374992e+01 +1.1375002e+01 
-7.5308219e+01 -7.5308219e+01 -4.2755574e+01 -4.2755574e+01 -4.2748905e+01 -4.2748905e+01 -4.2733166e+01 -4.2733166e+01 -1.2209836e-01 -1.2208553e-01 +9.6520652e-01 +9.6521087e-01 +1.7576037e+00 +1.7576097e+00 +1.0502102e+01 +1.0502137e+01 +1.1484182e+01 +1.1484193e+01 
-7.5308232e+01 -7.5308232e+01 -4.2755767e+01 -4.2755767e+01 -4.2748517e+01 -4.2748517e+01 -4.2733194e+01 -4.2733194e+01 -3.3093625e-01 -3.3092192e-01 +1.0976748e+00 +1.0976795e+00 +1.8913105e+00 +1.8913168e+00 +1.0299831e+01 +1.0299869e+01 +1.1608590e+01 +1.1608603e+01 
-7.5308248e+01 -7.5308248e+01 -4.2755957e+01 -4.2755957e+01 -4.2748070e+01 -4.2748070e+01 -4.2733230e+01 -4.2733230e+01 -5.4824369e-01 -5.4822835e-01 +1.2427055e+00 +1.2427105e+00 +2.0372349e+00 +2.0372412e+00 +1.0091399e+01 +1.0091440e+01 +1.1742598e+01 +1.1742611e+01 
-7.5308268e+01 -7.5308268e+01 -4.2756128e+01 -4.2756128e+01 -4.2747581e+01 -4.2747581e+01 -4.2733273e+01 -4.2733273e+01 -7.6806603e-01 -7.6804994e-01 +1.3971458e+00 +1.3971508e+00 +2.1925198e+00 +2.1925259e+00 +9.8819110e+00 +9.8819535e+00 +1.1883877e+01 +1.1883892e+01 
-7.5308293e+01 -7.5308293e+01 -4.2756265e+01 -4.2756265e+01 -4.2747062e+01 -4.2747062e+01 -4.2733324e+01 -4.2733324e+01 -9.8735327e-01 -9.8733656e-01 +1.5594939e+00 +1.5594990e+00 +2.3555466e+00 +2.3555524e+00 +9.6740202e+00 +9.6740643e+00 +1.2031288e+01 +1.2031303e+01 
-7.5308321e+01 -7.5308321e+01 -4.2756359e+01 -4.2756359e+01 -4.2746521e+01 -4.2746521e+01 -4.2733380e+01 -4.2733380e+01 -1.2043994e+00 -1.2043822e+00 +1.7289626e+00 +1.7289676e+00 +2.5253083e+00 +2.5253138e+00 +9.4692613e+00 +9.4693066e+00 +1.2184157e+01 +1.2184172e+01 
-7.5308355e+01 -7.5308355e+01 -4.2756403e+01 -4.2756403e+01 -4.2745966e+01 -4.2745966e+01 -4.2733443e+01 -4.2733443e+01 -1.4181771e+00 -1.4181594e+00 +1.9051048e+00 +1.9051098e+00 +2.7011147e+00 +2.7011198e+00 +9.2686120e+00 +9.2686586e+00 +1.2342005e+01 +1.2342020e+01 
-7.5308392e+01 -7.5308392e+01 -4.2756392e+01 -4.2756392e+01 -4.2745403e+01 -4.2745403e+01 -4.2733512e+01 -4.2733512e+01 -1.6280289e+00 -1.6280108e+00 +2.0876500e+00 +2.0876550e+00 +2.8824416e+00 +2.8824462e+00 +9.0727587e+00 +9.0728064e+00 +1.2504413e+01 +1.2504428e+01 
-7.5308434e+01 -7.5308434e+01 -4.2756322e+01 -4.2756322e+01 -4.2744834e+01 -4.2744834e+01 -4.2733586e+01 -4.2733586e+01 -1.8335117e+00 -1.8334932e+00 +2.2764256e+00 +2.2764305e+00 +3.0688466e+00 +3.0688507e+00 +8.8822337e+00 +8.8822826e+00 +1.2670944e+01 +1.2670959e+01 
-7.5308479e+01 -7.5308479e+01 -4.2756192e+01 -4.2756192e+01 -4.2744264e+01 -4.2744264e+01 -4.2733664e+01 -4.2733664e+01 -2.0343137e+00 -2.0342949e+00 +2.4713166e+00 +2.4713215e+00 +3.2599163e+00 +3.2599197e+00 +8.6974967e+00 +8.6975466e+00 +1.2841079e+01 +1.2841093e+01 
-7.5308529e+01 -7.5308529e+01 -4.2756001e+01 -4.2756001e+01 -4.2743696e+01 -4.2743696e+01 -4.2733746e+01 -4.2733746e+01 -2.2302068e+00 -2.2301876e+00 +2.6722433e+00 +2.6722480e+00 +3.4552258e+00 +3.4552285e+00 +8.5189890e+00 +8.5190400e+00 +1.3014140e+01 +1.3014154e+01 
-7.5308583e+01 -7.5308583e+01 -4.2755749e+01 -4.2755749e+01 -4.2743131e+01 -4.2743131e+01 -4.2733831e+01 -4.2733831e+01 -2.4210182e+00 -2.4209988e+00 +2.8791481e+00 +2.8791528e+00 +3.6543032e+00 +3.6543052e+00 +8.3471787e+00 +8.3472308e+00 +1.3189185e+01 +1.3189199e+01 
-7.5308641e+01 -7.5308641e+01 -4.2755436e+01 -4.2755436e+01 -4.2742573e+01 -4.2742573e+01 -4.2733919e+01 -4.2733918e+01 -2.6066136e+00 -2.6065938e+00 +3.0919880e+00 +3.0919926e+00 +3.8565890e+00 +3.8565902e+00 +8.1826056e+00 +8.1826588e+00 +1.3364838e+01 +1.3364851e+01 
-7.5308703e+01 -7.5308703e+01 -4.2755065e+01 -4.2755065e+01 -4.2742023e+01 -4.2742023e+01 -4.2734007e+01 -4.2734007e+01 -2.7868850e+00 -2.7868650e+00 +3.3107292e+00 +3.3107338e+00 +4.0613854e+00 +4.0613855e+00 +8.0259360e+00 +8.0259904e+00 +1.3539017e+01 +1.3539030e+01 
-7.5308767e+01 -7.5308767e+01 -4.2754638e+01 -4.2754638e+01 -4.2741483e+01 -4.2741483e+01 -4.2734094e+01 -4.2734094e+01 -2.9617440e+00 -2.9617237e+00 +3.5353437e+00 +3.5353481e+00 +4.2677824e+00 +4.2677832e+00 +7.8780360e+00 +7.8780916e+00 +1.3708490e+01 +1.3708501e+01 
-7.5308835e+01 -7.5308835e+01 -4.2754159e+01 -4.2754159e+01 -4.2740954e+01 -4.2740954e+01 -4.2734181e+01 -4.2734181e+01 -3.1311164e+00 -3.1310959e+00 +3.7658062e+00 +3.7658106e+00 +4.4745548e+00 +4.4745568e+00 +7.7400797e+00 +7.7401364e+00 +1.3868191e+01 +1.3868201e+01 
-7.5308906e+01 -7.5308906e+01 -4.2753631e+01 -4.2753631e+01 -4.2740438e+01 -4.2740438e+01 -4.2734264e+01 -4.2734264e+01 -3.2949388e+00 -3.2949180e+00 +4.0020926e+00 +4.0020969e+00 +4.6799994e+00 +4.6800026e+00 +7.6137099e+00 +7.6137680e+00 +1.4010447e+01 +1.4010454e+01 
-7.5308980e+01 -7.5308980e+01 -4.2753059e+01 -4.2753059e+01 -4.2739937e+01 -4.2739937e+01 -4.2734342e+01 -4.2734342e+01 -3.4531560e+00 -3.4531349e+00 +4.2441766e+00 +4.2441808e+00 +4.8816936e+00 +4.8816980e+00 +7.5012814e+00 +7.5013407e+00 +1.4124840e+01 +1.4124843e+01 
-7.5309055e+01 -7.5309055e+01 -4.2752448e+01 -4.2752448e+01 -4.2739451e+01 -4.2739451e+01 -4.2734413e+01 -4.2734413e+01 -3.6057193e+00 -3.6056980e+00 +4.4920257e+00 +4.4920298e+00 +5.0761493e+00 +5.0761547e+00 +7.4062097e+00 +7.4062700e+00 +1.4200339e+01 +1.4200341e+01 
-7.5309133e+01 -7.5309133e+01 -4.2751804e+01 -4.2751804e+01 -4.2738983e+01 -4.2738983e+01 -4.2734476e+01 -4.2734476e+01 -3.7525851e+00 -3.7525636e+00 +4.7455924e+00 +4.7455964e+00 +5.2583817e+00 +5.2583878e+00 +7.3334087e+00 +7.3334697e+00 +1.4229770e+01 +1.4229775e+01 
-7.5309212e+01 -7.5309212e+01 -4.2751133e+01 -4.2751133e+01 -4.2738533e+01 -4.2738533e+01 -4.2734526e+01 -4.2734526e+01 -3.8937141e+00 -3.8936925e+00 +5.0047861e+00 +5.0047899e+00 +5.4215964e+00 +5.4216023e+00 +7.2896305e+00 +7.2896912e+00 +1.4212859e+01 +1.4212865e+01 
-7.5309291e+01 -7.5309291e+01 -4.2750442e+01 -4.2750442e+01 -4.2738104e+01 -4.2738104e+01 -4.2734562e+01 -4.2734562e+01 -4.0290705e+00 -4.0290486e+00 +5.2693416e+00 +5.2693452e+00 +5.5576616e+00 +5.5576658e+00 +7.2831200e+00 +7.2831790e+00 +1.4158317e+01 +1.4158321e+01 
-7.5309372e+01 -7.5309372e+01 -4.2749739e+01 -4.2749739e+01 -4.2737695e+01 -4.2737695e+01 -4.2734581e+01 -4.2734581e+01 -4.1586212e+00 -4.1585991e+00 +5.5373869e+00 +5.5373896e+00 +5.6605006e+00 +5.6605006e+00 +7.3216529e+00 +7.3217082e+00 +1.4082522e+01 +1.4082524e+01 
-7.5309453e+01 -7.5309453e+01 -4.2749032e+01 -4.2749031e+01 -4.2737309e+01 -4.2737309e+01 -4.2734578e+01 -4.2734578e+01 -4.2823357e+00 -4.2823135e+00 +5.7110731e+00 +5.7110757e+00 +5.8239889e+00 +5.8239942e+00 +7.4089949e+00 +7.4090449e+00 +1.3998436e+01 +1.3998437e+01 
-7.5309533e+01 -7.5309533e+01 -4.2748328e+01 -4.2748328e+01 -4.2736947e+01 -4.2736947e+01 -4.2734552e+01 -4.2734551e+01 -4.4001858e+00 -4.4001634e+00 +5.7385341e+00 +5.7385434e+00 +6.1024130e+00 +6.1024173e+00 +7.5424971e+00 +7.5425409e+00 +1.3912389e+01 +1.3912389e+01 
-7.5309613e+01 -7.5309613e+01 -4.2747637e+01 -4.2747637e+01 -4.2736608e+01 -4.2736608e+01 -4.2734498e+01 -4.2734498e+01 -4.5121450e+00 -4.5121224e+00 +5.7334841e+00 +5.7334992e+00 +6.3894090e+00 +6.3894130e+00 +7.7145374e+00 +7.7145751e+00 +1.3827237e+01 +1.3827238e+01 
-7.5309692e+01 -7.5309692e+01 -4.2746967e+01 -4.2746967e+01 -4.2736292e+01 -4.2736292e+01 -4.2734417e+01 -4.2734417e+01 -4.6181887e+00 -4.6181660e+00 +5.7072329e+00 +5.7072530e+00 +6.6823177e+00 +6.6823216e+00 +7.9161444e+00 +7.9161767e+00 +1.3744379e+01 +1.3744379e+01 
-7.5309769e+01 -7.5309769e+01 -4.2746326e+01 -4.2746326e+01 -4.2735995e+01 -4.2735995e+01 -4.2734308e+01 -4.2734308e+01 -4.7182939e+00 -4.7182710e+00 +5.6675511e+00 +5.6675754e+00 +6.9807746e+00 +6.9807784e+00 +8.1395318e+00 +8.1395595e+00 +1.3664557e+01 +1.3664558e+01 
-7.5309844e+01 -7.5309844e+01 -4.2745723e+01 -4.2745723e+01 -4.2735712e+01 -4.2735712e+01 -4.2734174e+01 -4.2734174e+01 -4.8124390e+00 -4.8124160e+00 +5.6200678e+00 +5.6200955e+00 +7.2846017e+00 +7.2846054e+00 +8.3787924e+00 +8.3788163e+00 +1.3588179e+01 +1.3588180e+01 
-7.5309916e+01 -7.5309916e+01 -4.2745165e+01 -4.2745165e+01 -4.2735438e+01 -4.2735438e+01 -4.2734021e+01 -4.2734021e+01 -4.9006039e+00 -4.9005808e+00 +5.5686789e+00 +5.5687093e+00 +7.5936408e+00 +7.5936444e+00 +8.6296359e+00 +8.6296565e+00 +1.3515459e+01 +1.3515460e+01 
-7.5309986e+01 -7.5309986e+01 -4.2744657e+01 -4.2744656e+01 -4.2735165e+01 -4.2735165e+01 -4.2733855e+01 -4.2733855e+01 -4.9827700e+00 -4.9827468e+00 +5.5160396e+00 +5.5160721e+00 +7.9077134e+00 +7.9077169e+00 +8.8889088e+00 +8.8889265e+00 +1.3446477e+01 +1.3446478e+01 
-7.5310052e+01 -7.5310052e+01 -4.2744202e+01 -4.2744202e+01 -4.2734890e+01 -4.2734890e+01 -4.2733683e+01 -4.2733683e+01 -5.0589197e+00 -5.0588964e+00 +5.4639672e+00 +5.4640015e+00 +8.2265984e+00 +8.2266018e+00 +9.1541754e+00 +9.1541906e+00 +1.3381200e+01 +1.3381201e+01 
-7.5310115e+01 -7.5310115e+01 -4.2743803e+01 -4.2743803e+01 -4.2734610e+01 -4.2734610e+01 -4.2733511e+01 -4.2733511e+01 -5.1290370e+00 -5.1290136e+00 +5.4137229e+00 +5.4137586e+00 +8.5500091e+00 +8.5500124e+00 +9.4234061e+00 +9.4234191e+00 +1.3319479e+01 +1.3319480e+01 
-7.5310173e+01 -7.5310173e+01 -4.2743459e+01 -4.2743458e+01 -4.2734325e+01 -4.2734325e+01 -4.2733343e+01 -4.2733343e+01 -5.1931071e+00 -5.1930835e+00 +5.3661964e+00 +5.3662333e+00 +8.8775633e+00 +8.8775664e+00 +9.6947461e+00 +9.6947571e+00 +1.3261036e+01 +1.3261036e+01 
-7.5310228e+01 -7.5310228e+01 -4.2743167e+01 -4.2743167e+01 -4.2734039e+01 -4.2734039e+01 -4.2733185e+01 -4.2733185e+01 -5.2511163e+00 -5.2510927e+00 +5.3220268e+00 +5.3220647e+00 +9.2087369e+00 +9.2087399e+00 +9.9663305e+00 +9.9663395e+00 +1.3205411e+01 +1.3205411e+01 
-7.5310277e+01 -7.5310277e+01 -4.2742924e+01 -4.2742923e+01 -4.2733758e+01 -4.2733758e+01 -4.2733038e+01 -4.2733038e+01 -5.3030525e+00 -5.3030288e+00 +5.2816805e+00 +5.2817192e+00 +9.5427908e+00 +9.5427937e+00 +1.0236113e+01 +1.0236120e+01 +1.3151907e+01 +1.3151907e+01 
-7.5310321e+01 -7.5310321e+01 -4.2742724e+01 -4.2742724e+01 -4.2733488e+01 -4.2733488e+01 -4.2732905e+01 -4.2732905e+01 -5.3489045e+00 -5.3488808e+00 +5.2455024e+00 +5.2455418e+00 +9.8786474e+00 +9.8786501e+00 +1.0501681e+01 +1.0501686e+01 +1.3099515e+01 +1.3099516e+01 
-7.5310360e+01 -7.5310360e+01 -4.2742563e+01 -4.2742563e+01 -4.2733236e+01 -4.2733236e+01 -4.2732788e+01 -4.2732788e+01 -5.3886628e+00 -5.3886390e+00 +5.2137501e+00 +5.2137901e+00 +1.0214673e+01 +1.0214675e+01 +1.0760015e+01 +1.0760019e+01 +1.3046883e+01 +1.3046884e+01 
-7.5310394e+01 -7.5310394e+01 -4.2742436e+01 -4.2742436e+01 -4.2733010e+01 -4.2733010e+01 -4.2732687e+01 -4.2732687e+01 -5.4223187e+00 -5.4222949e+00 +5.1866170e+00 +5.1866575e+00 +1.0548266e+01 +1.0548268e+01 +1.1007151e+01 +1.1007153e+01 +1.2992453e+01 +1.2992455e+01 
-7.5310421e+01 -7.5310421e+01 -4.2742339e+01 -4.2742338e+01 -4.2732816e+01 -4.2732816e+01 -4.2732603e+01 -4.2732603e+01 -5.4498652e+00 -5.4498414e+00 +5.1642479e+00 +5.1642888e+00 +1.0875032e+01 +1.0875034e+01 +1.1237632e+01 +1.1237634e+01 +1.2935013e+01 +1.2935016e+01 
-7.5310443e+01 -7.5310443e+01 -4.2742267e+01 -4.2742266e+01 -4.2732659e+01 -4.2732659e+01 -4.2732537e+01 -4.2732537e+01 -5.4712964e+00 -5.4712725e+00 +5.1467500e+00 +5.1467911e+00 +1.1186965e+01 +1.1186967e+01 +1.1443592e+01 +1.1443592e+01 +1.2874976e+01 +1.2874978e+01 
-7.5310458e+01 -7.5310458e+01 -4.2742217e+01 -4.2742217e+01 -4.2732544e+01 -4.2732544e+01 -4.2732490e+01 -4.2732490e+01 -5.4866076e+00 -5.4865837e+00 +5.1342003e+00 +5.1342416e+00 +1.1468085e+01 +1.1468086e+01 +1.1613231e+01 +1.1613231e+01 +1.2816588e+01 +1.2816589e+01 
-7.5310468e+01 -7.5310468e+01 -4.2742189e+01 -4.2742188e+01 -4.2732473e+01 -4.2732473e+01 -4.2732462e+01 -4.2732462e+01 -5.4957957e+00 -5.4957718e+00 +5.1266506e+00 +5.1266920e+00 +1.1684140e+01 +1.1684141e+01 +1.1729240e+01 +1.1729241e+01 +1.2770480e+01 +1.2770481e+01 
-7.5310471e+01 -7.5310471e+01 -4.2742179e+01 -4.2742179e+01 -4.2732453e+01 -4.2732453e+01 -4.2732449e+01 -4.2732449e+01 -5.4988586e+00 -5.4988347e+00 +5.1241308e+00 +5.1241722e+00 +1.1771323e+01 +1.1771323e+01 +1.1771333e+01 +1.1771333e+01 +1.2752254e+01 +1.2752265e+01 
-7.5308455e+01 -7.5308455e+01 -4.2760617e+01 -4.2760617e+01 -4.2738522e+01 -4.2738522e+01 -4.2735228e+01 -4.2735228e+01 -1.0395678e+00 -1.0395601e+00 -4.2624971e-01 -4.2623910e-01 +8.0328678e+00 +8.0328683e+00 +8.1639379e+00 +8.1639383e+00 +9.6722838e+00 +9.6722999e+00 
-7.5308496e+01 -7.5308414e+01 -4.2760823e+01 -4.2760379e+01 -4.2738821e+01 -4.2738222e+01 -4.2735641e+01 -4.2734882e+01 -1.0627156e+00 -1.0610518e+00 -3.9910181e-01 -3.9709432e-01 +7.9221789e+00 +8.0448919e+00 +8.1490064e+00 +8.2208157e+00 +9.6358134e+00 +9.6851408e+00 
-7.5308536e+01 -7.5308374e+01 -4.2760991e+01 -4.2760107e+01 -4.2739119e+01 -4.2737924e+01 -4.2736089e+01 -4.2734573e+01 -1.1211173e+00 -1.1175693e+00 -3.2501346e-01 -3.2129920e-01 +7.8169357e+00 +7.8848845e+00 +8.1928794e+00 +8.2705970e+00 +9.6235893e+00 +9.6459387e+00 
-7.5308576e+01 -7.5308334e+01 -4.2761120e+01 -4.2759803e+01 -4.2739413e+01 -4.2737629e+01 -4.2736568e+01 -4.2734302e+01 -1.1983532e+00 -1.1927060e+00 -2.2034559e-01 -2.1533791e-01 +7.6976008e+00 +7.7171343e+00 +8.0743994e+00 +8.3976403e+00 +9.5594917e+00 +9.6655470e+00 
-7.5308615e+01 -7.5308294e+01 -4.2761208e+01 -4.2759470e+01 -4.2739703e+01 -4.2737340e+01 -4.2737076e+01 -4.2734069e+01 -1.2831590e+00 -1.2752714e+00 -9.6327307e-02 -9.0468508e-02 +7.4911083e+00 +7.6227699e+00 +7.8835993e+00 +8.5301350e+00 +9.4449648e+00 +9.7597984e+00 
-7.5308653e+01 -7.5308256e+01 -4.2761256e+01 -4.2759111e+01 -4.2739986e+01 -4.2737611e+01 -4.2737057e+01 -4.2733874e+01 -1.3695546e+00 -1.3593495e+00 +4.1092040e-02 +4.7315368e-02 +7.2703889e+00 +7.5338370e+00 +7.6459729e+00 +8.6680768e+00 +9.3187604e+00 +9.8908273e+00 
-7.5308690e+01 -7.5308219e+01 -4.2761264e+01 -4.2758731e+01 -4.2740260e+01 -4.2738168e+01 -4.2736782e+01 -4.2733715e+01 -1.4544451e+00 -1.4418930e+00 +1.8884352e-01 +1.9487668e-01 +7.0388613e+00 +7.3809602e+00 +7.4503301e+00 +8.8114579e+00 +9.1910429e+00 +1.0045311e+01 
-7.5308726e+01 -7.5308183e+01 -4.2761234e+01 -4.2758334e+01 -4.2740525e+01 -4.2738744e+01 -4.2736517e+01 -4.2733593e+01 -1.5361500e+00 -1.5212592e+00 +3.4526791e-01 +3.5046711e-01 +6.7991370e+00 +7.1006793e+00 +7.3722435e+00 +8.9602650e+00 +9.0674267e+00 +1.0215028e+01 
-7.5308760e+01 -7.5308148e+01 -4.2761166e+01 -4.2757925e+01 -4.2740779e+01 -4.2739333e+01 -4.2736263e+01 -4.2733505e+01 -1.6136972e+00 -1.5965080e+00 +5.0941016e-01 +5.1302072e-01 +6.5533668e+00 +6.8123666e+00 +7.2995715e+00 +8.9508379e+00 +9.1144780e+00 +1.0395331e+01 
-7.5308793e+01 -7.5308115e+01 -4.2761063e+01 -4.2757509e+01 -4.2741020e+01 -4.2739931e+01 -4.2736021e+01 -4.2733448e+01 -1.6864898e+00 -1.6670701e+00 +6.8068534e-01 +6.8181540e-01 +6.3033982e+00 +6.5204200e+00 +7.2323083e+00 +8.8427051e+00 +9.2740667e+00 +1.0583600e+01 
-7.5308824e+01 -7.5308084e+01 -4.2760930e+01 -4.2757091e+01 -4.2741247e+01 -4.2740532e+01 -4.2735794e+01 -4.2733420e+01 -1.7541411e+00 -1.7325836e+00 +8.5629794e-01 +8.5871438e-01 +6.0508533e+00 +6.2276106e+00 +7.1704487e+00 +8.7436433e+00 +9.4389864e+00 +1.0778317e+01 
-7.5308852e+01 -7.5308055e+01 -4.2760768e+01 -4.2756678e+01 -4.2741459e+01 -4.2741129e+01 -4.2735582e+01 -4.2733418e+01 -1.8163893e+00 -1.7928087e+00 +1.0359850e+00 +1.0432358e+00 +5.7971827e+00 +5.9357543e+00 +7.1139872e+00 +8.6538352e+00 +9.6091713e+00 +1.0978553e+01 
-7.5308879e+01 -7.5308029e+01 -4.2760585e+01 -4.2756276e+01 -4.2741715e+01 -4.2741654e+01 -4.2735386e+01 -4.2733437e+01 -1.8730499e+00 -1.8475808e+00 +1.2203877e+00 +1.2340602e+00 +5.5437189e+00 +5.6460876e+00 +7.0629191e+00 +8.5732446e+00 +9.7845229e+00 +1.1183695e+01 
-7.5308903e+01 -7.5308005e+01 -4.2760385e+01 -4.2755892e+01 -4.2742281e+01 -4.2741832e+01 -4.2735208e+01 -4.2733473e+01 -1.9239893e+00 -1.8967840e+00 +1.4089435e+00 +1.4310401e+00 +5.2917445e+00 +5.3594830e+00 +7.0172396e+00 +8.5017344e+00 +9.9648903e+00 +1.1393292e+01 
-7.5308924e+01 -7.5307983e+01 -4.2760176e+01 -4.2755531e+01 -4.2742819e+01 -4.2741991e+01 -4.2735049e+01 -4.2733522e+01 -1.9691080e+00 -1.9403345e+00 +1.6009236e+00 +1.6340512e+00 +5.0425912e+00 +5.0765792e+00 +6.9769445e+00 +8.4391304e+00 +1.0150035e+01 +1.1606955e+01 
-7.5308943e+01 -7.5307964e+01 -4.2759966e+01 -4.2755201e+01 -4.2743319e+01 -4.2742131e+01 -4.2734908e+01 -4.2733578e+01 -2.0083311e+00 -1.9781709e+00 +1.7952836e+00 +1.8429769e+00 +4.7977983e+00 +4.7978669e+00 +6.9420302e+00 +8.3852557e+00 +1.0339564e+01 +1.1824295e+01 
-7.5308960e+01 -7.5307948e+01 -4.2759764e+01 -4.2754909e+01 -4.2743769e+01 -4.2742251e+01 -4.2734788e+01 -4.2733638e+01 -2.0416012e+00 -2.0102478e+00 +1.9903817e+00 +2.0576902e+00 +4.5237378e+00 +4.5594176e+00 +6.9124931e+00 +8.3399481e+00 +1.0532783e+01 +1.2044865e+01 
-7.5308973e+01 -7.5307934e+01 -4.2759580e+01 -4.2754660e+01 -4.2744160e+01 -4.2742350e+01 -4.2734689e+01 -4.2733695e+01 -2.0688746e+00 -2.0365316e+00 +2.1833974e+00 +2.2780220e+00 +4.2545676e+00 +4.3305839e+00 +6.8883304e+00 +8.3030673e+00 +1.0728367e+01 +1.2268072e+01 
-7.5308983e+01 -7.5307924e+01 -4.2759423e+01 -4.2754460e+01 -4.2744479e+01 -4.2742427e+01 -4.2734612e+01 -4.2733747e+01 -2.0901186e+00 -2.0569974e+00 +2.3690318e+00 +2.5036764e+00 +3.9907947e+00 +4.1168476e+00 +6.8695397e+00 +8.2744992e+00 +1.0923481e+01 +1.2493025e+01 
-7.5308991e+01 -7.5307916e+01 -4.2759303e+01 -4.2754313e+01 -4.2744718e+01 -4.2742483e+01 -4.2734556e+01 -4.2733788e+01 -2.1053091e+00 -2.0716275e+00 +2.5365096e+00 +2.7339119e+00 +3.7332639e+00 +3.9291695e+00 +6.8561192e+00 +8.2541554e+00 +1.1111088e+01 +1.2234133e+01 
-7.5308995e+01 -7.5307911e+01 -4.2759227e+01 -4.2754224e+01 -4.2744867e+01 -4.2742516e+01 -4.2734522e+01 -4.2733816e+01 -2.1144297e+00 -2.0804101e+00 +2.6635902e+00 +2.9654542e+00 +3.4853179e+00 +3.7899183e+00 +6.8480675e+00 +8.2419737e+00 +1.1270455e+01 +1.2057906e+01 
-7.5308997e+01 -7.5307910e+01 -4.2759202e+01 -4.2754194e+01 -4.2744921e+01 -4.2742528e+01 -4.2734511e+01 -4.2733830e+01 -2.1174710e+00 -2.0833384e+00 +2.7136663e+00 +3.1400094e+00 +3.3052902e+00 +3.7357762e+00 +6.8453837e+00 +8.2379172e+00 +1.1980100e+01 +1.3278669e+01 
-7.5308203e+01 -7.5308202e+01 -4.2754455e+01 -4.2749592e+01 -4.2749592e+01 -4.2744507e+01 -4.2739005e+01 -4.2739005e+01 -5.7116406e-01 -5.7114932e-01 -5.4464560e-01 +4.1872701e+00 +4.1872936e+00 +4.3727498e+00 +5.0091431e+00 +5.9065750e+00 +5.9066333e+00 +1.7011828e+01 
-7.5308203e+01 -7.5308203e+01 -4.2754441e+01 -4.2749641e+01 -4.2749641e+01 -4.2744521e+01 -4.2738951e+01 -4.2738950e+01 -5.6838414e-01 -5.6836941e-01 -5.4170404e-01 +4.1556403e+00 +4.1556622e+00 +4.2892388e+00 +5.0986805e+00 +5.9437504e+00 +5.9438070e+00 +1.7010878e+01 
-7.5308203e+01 -7.5308203e+01 -4.2754400e+01 -4.2749784e+01 -4.2749784e+01 -4.2744562e+01 -4.2738802e+01 -4.2738801e+01 -5.6005293e-01 -5.6003822e-01 -5.3287916e-01 +4.0679457e+00 +4.0679637e+00 +4.1101677e+00 +5.2958301e+00 +6.0480824e+00 +6.0481350e+00 +1.7007195e+01 
-7.5308203e+01 -7.5308203e+01 -4.2754331e+01 -4.2750010e+01 -4.2750010e+01 -4.2744632e+01 -4.2738569e+01 -4.2738568e+01 -5.4619639e-01 -5.4618171e-01 -5.1817063e-01 +3.9030790e+00 +3.9398857e+00 +3.9398992e+00 +5.5330474e+00 +6.2038811e+00 +6.2039291e+00 +1.6997871e+01 
-7.5308203e+01 -7.5308203e+01 -4.2754235e+01 -4.2750305e+01 -4.2750305e+01 -4.2744728e+01 -4.2738266e+01 -4.2738266e+01 -5.2685932e-01 -5.2684469e-01 -4.9757795e-01 +3.6893645e+00 +3.7865541e+00 +3.7865636e+00 +5.7889369e+00 +6.3960716e+00 +6.3961151e+00 +1.6976308e+01 
-7.5308203e+01 -7.5308203e+01 -4.2754112e+01 -4.2750654e+01 -4.2750654e+01 -4.2744851e+01 -4.2737910e+01 -4.2737909e+01 -5.0210776e-01 -5.0209321e-01 -4.7110045e-01 +3.4759085e+00 +3.6188352e+00 +3.6188414e+00 +6.0566091e+00 +6.6137985e+00 +6.6138382e+00 +1.6928469e+01 
-7.5308203e+01 -7.5308203e+01 -4.2753963e+01 -4.2751041e+01 -4.2751041e+01 -4.2745000e+01 -4.2737515e+01 -4.2737515e+01 -4.7203278e-01 -4.7201832e-01 -4.3873721e-01 +3.2654166e+00 +3.4437952e+00 +3.4437993e+00 +6.3333516e+00 +6.8500364e+00 +6.8500729e+00 +1.6827220e+01 
-7.5308203e+01 -7.5308203e+01 -4.2753790e+01 -4.2751451e+01 -4.2751451e+01 -4.2745174e+01 -4.2737096e+01 -4.2737096e+01 -4.3675594e-01 -4.3674158e-01 -4.0048717e-01 +3.0591395e+00 +3.2659432e+00 +3.2659465e+00 +6.6179054e+00 +7.1003310e+00 +7.1003648e+00 +1.6637863e+01 
-7.5308203e+01 -7.5308203e+01 -4.2753592e+01 -4.2751873e+01 -4.2751873e+01 -4.2745372e+01 -4.2736665e+01 -4.2736665e+01 -3.9643715e-01 -3.9642294e-01 -3.5634909e-01 +2.8577277e+00 +3.0882310e+00 +3.0882349e+00 +6.9096095e+00 +7.3618032e+00 +7.3618347e+00 +1.6353386e+01 
-7.5308203e+01 -7.5308203e+01 -4.2753371e+01 -4.2752296e+01 -4.2752296e+01 -4.2745593e+01 -4.2736233e+01 -4.2736233e+01 -3.5128594e-01 -3.5127190e-01 -3.0632159e-01 +2.6615503e+00 +2.9126912e+00 +2.9126960e+00 +7.2080824e+00 +7.6325159e+00 +7.6325454e+00 +1.6004176e+01 
-7.5308203e+01 -7.5308203e+01 -4.2753129e+01 -4.2752711e+01 -4.2752710e+01 -4.2745836e+01 -4.2735809e+01 -4.2735808e+01 -3.0157742e-01 -3.0156360e-01 -2.5040316e-01 +2.4708307e+00 +2.7408240e+00 +2.7408299e+00 +7.5130859e+00 +7.9110935e+00 +7.9111212e+00 +1.5621484e+01 
-7.5308203e+01 -7.5308203e+01 -4.2753112e+01 -4.2753110e+01 -4.2752864e+01 -4.2746099e+01 -4.2735399e+01 -4.2735398e+01 -2.4767542e-01 -2.4766187e-01 -1.8859219e-01 +2.2857112e+00 +2.5738403e+00 +2.5738469e+00 +7.8244605e+00 +8.1964862e+00 +8.1965123e+00 +1.5223191e+01 
-7.5308203e+01 -7.5308203e+01 -4.2753488e+01 -4.2753487e+01 -4.2752583e+01 -4.2746381e+01 -4.2735011e+01 -4.2735010e+01 -1.9006586e-01 -1.9005264e-01 -1.2088698e-01 +2.1062859e+00 +2.4128266e+00 +2.4128339e+00 +8.1420918e+00 +8.4878140e+00 +8.4878386e+00 +1.4818339e+01 
-7.5308203e+01 -7.5308203e+01 -4.2753838e+01 -4.2753837e+01 -4.2752284e+01 -4.2746680e+01 -4.2734649e+01 -4.2734649e+01 -1.2940545e-01 -1.2939268e-01 -4.7285776e-02 +1.9326189e+00 +2.2588751e+00 +2.2588828e+00 +8.4658920e+00 +8.7842438e+00 +8.7842670e+00 +1.4411653e+01 
-7.5308203e+01 -7.5308203e+01 -4.2754155e+01 -4.2754155e+01 -4.2751970e+01 -4.2746996e+01 -4.2734319e+01 -4.2734319e+01 -6.6592605e-02 -6.6580382e-02 +3.2213166e-02 +1.7647548e+00 +2.1132056e+00 +2.1132136e+00 +8.7957888e+00 +9.0848641e+00 +9.0848861e+00 +1.4005772e+01 
-7.5308204e+01 -7.5308204e+01 -4.2754437e+01 -4.2754437e+01 -4.2751641e+01 -4.2747325e+01 -4.2734024e+01 -4.2734024e+01 -2.8688884e-03 -2.8573894e-03 +1.1761156e-01 +1.6027251e+00 +1.9772999e+00 +1.9773079e+00 +9.1317183e+00 +9.3885100e+00 +9.3885307e+00 +1.3602280e+01 
-7.5308204e+01 -7.5308204e+01 -4.2754680e+01 -4.2754680e+01 -4.2751300e+01 -4.2747666e+01 -4.2733767e+01 -4.2733767e+01 +6.0041608e-02 +6.0052154e-02 +2.0891104e-01 +1.4465522e+00 +1.8530629e+00 +1.8530706e+00 +9.4736197e+00 +9.6934510e+00 +9.6934704e+00 +1.3202182e+01 
-7.5308204e+01 -7.5308204e+01 -4.2754882e+01 -4.2754881e+01 -4.2750949e+01 -4.2748017e+01 -4.2733551e+01 -4.2733551e+01 +1.1976076e-01 +1.1977004e-01 +3.0611304e-01 +1.2962522e+00 +1.7430086e+00 +1.7430156e+00 +9.8214319e+00 +9.9967272e+00 +9.9967451e+00 +1.2806149e+01 
-7.5308204e+01 -7.5308204e+01 -4.2755039e+01 -4.2755039e+01 -4.2750590e+01 -4.2748376e+01 -4.2733378e+01 -4.2733378e+01 +1.7310056e-01 +1.7310819e-01 +4.0921880e-01 +1.1518367e+00 +1.6504261e+00 +1.6504320e+00 +1.0175090e+01 +1.0292521e+01 +1.0292537e+01 +1.2414652e+01 
-7.5308204e+01 -7.5308204e+01 -4.2755152e+01 -4.2755152e+01 -4.2750225e+01 -4.2748742e+01 -4.2733249e+01 -4.2733249e+01 +2.1606815e-01 +2.1607364e-01 +5.1822918e-01 +1.0133135e+00 +1.5793812e+00 +1.5793856e+00 +1.0534520e+01 +1.0567660e+01 +1.0567673e+01 +1.2028028e+01 
-7.5308204e+01 -7.5308204e+01 -4.2755218e+01 -4.2755218e+01 -4.2749855e+01 -4.2749112e+01 -4.2733166e+01 -4.2733166e+01 +2.4430665e-01 +2.4430954e-01 +6.3314458e-01 +8.8068826e-01 +1.5342801e+00 +1.5342824e+00 +1.0788819e+01 +1.0788828e+01 +1.0899641e+01 +1.1646530e+01 
-7.5308204e+01 -7.5308204e+01 -4.2755236e+01 -4.2755236e+01 -4.2749483e+01 -4.2749483e+01 -4.2733129e+01 -4.2733129e+01 +2.5420041e-01 +2.5420041e-01 +7.5396457e-01 +7.5396476e-01 +1.5187666e+00 +1.5187666e+00 +1.0882125e+01 +1.0882125e+01 +1.1270351e+01 +1.1270351e+01 
