# num high symmetry points
8
# label high symmetry points
G X M G R X M R 
# indices high symmetry points
1 34 67 114 171 218 219 252 
# nk, nb, ns
252 20 1
# k-points (frac coords)
+0.0000000e+00 +0.0000000e+00 +0.0000000e+00 
+0.0000000e+00 +1.5151515e-02 +0.0000000e+00 
+0.0000000e+00 +3.0303030e-02 +0.0000000e+00 
+0.0000000e+00 +4.5454545e-02 +0.0000000e+00 
+0.0000000e+00 +6.0606061e-02 +0.0000000e+00 
+0.0000000e+00 +7.5757576e-02 +0.0000000e+00 
+0.0000000e+00 +9.0909091e-02 +0.0000000e+00 
+0.0000000e+00 +1.0606061e-01 +0.0000000e+00 
+0.0000000e+00 +1.2121212e-01 +0.0000000e+00 
+0.0000000e+00 +1.3636364e-01 +0.0000000e+00 
+0.0000000e+00 +1.5151515e-01 +0.0000000e+00 
+0.0000000e+00 +1.6666667e-01 +0.0000000e+00 
+0.0000000e+00 +1.8181818e-01 +0.0000000e+00 
+0.0000000e+00 +1.9696970e-01 +0.0000000e+00 
+0.0000000e+00 +2.1212121e-01 +0.0000000e+00 
+0.0000000e+00 +2.2727273e-01 +0.0000000e+00 
+0.0000000e+00 +2.4242424e-01 +0.0000000e+00 
+0.0000000e+00 +2.5757576e-01 +0.0000000e+00 
+0.0000000e+00 +2.7272727e-01 +0.0000000e+00 
+0.0000000e+00 +2.8787879e-01 +0.0000000e+00 
+0.0000000e+00 +3.0303030e-01 +0.0000000e+00 
+0.0000000e+00 +3.1818182e-01 +0.0000000e+00 
+0.0000000e+00 +3.3333333e-01 +0.0000000e+00 
+0.0000000e+00 +3.4848485e-01 +0.0000000e+00 
+0.0000000e+00 +3.6363636e-01 +0.0000000e+00 
+0.0000000e+00 +3.7878788e-01 +0.0000000e+00 
+0.0000000e+00 +3.9393939e-01 +0.0000000e+00 
+0.0000000e+00 +4.0909091e-01 +0.0000000e+00 
+0.0000000e+00 +4.2424242e-01 +0.0000000e+00 
+0.0000000e+00 +4.3939394e-01 +0.0000000e+00 
+0.0000000e+00 +4.5454545e-01 +0.0000000e+00 
+0.0000000e+00 +4.6969697e-01 +0.0000000e+00 
+0.0000000e+00 +4.8484848e-01 +0.0000000e+00 
+0.0000000e+00 +5.0000000e-01 +0.0000000e+00 
+1.5151515e-02 +5.0000000e-01 +0.0000000e+00 
+3.0303030e-02 +5.0000000e-01 +0.0000000e+00 
+4.5454545e-02 +5.0000000e-01 +0.0000000e+00 
+6.0606061e-02 +5.0000000e-01 +0.0000000e+00 
+7.5757576e-02 +5.0000000e-01 +0.0000000e+00 
+9.0909091e-02 +5.0000000e-01 +0.0000000e+00 
+1.0606061e-01 +5.0000000e-01 +0.0000000e+00 
+1.2121212e-01 +5.0000000e-01 +0.0000000e+00 
+1.3636364e-01 +5.0000000e-01 +0.0000000e+00 
+1.5151515e-01 +5.0000000e-01 +0.0000000e+00 
+1.6666667e-01 +5.0000000e-01 +0.0000000e+00 
+1.8181818e-01 +5.0000000e-01 +0.0000000e+00 
+1.9696970e-01 +5.0000000e-01 +0.0000000e+00 
+2.1212121e-01 +5.0000000e-01 +0.0000000e+00 
+2.2727273e-01 +5.0000000e-01 +0.0000000e+00 
+2.4242424e-01 +5.0000000e-01 +0.0000000e+00 
+2.5757576e-01 +5.0000000e-01 +0.0000000e+00 
+2.7272727e-01 +5.0000000e-01 +0.0000000e+00 
+2.8787879e-01 +5.0000000e-01 +0.0000000e+00 
+3.0303030e-01 +5.0000000e-01 +0.0000000e+00 
+3.1818182e-01 +5.0000000e-01 +0.0000000e+00 
+3.3333333e-01 +5.0000000e-01 +0.0000000e+00 
+3.4848485e-01 +5.0000000e-01 +0.0000000e+00 
+3.6363636e-01 +5.0000000e-01 +0.0000000e+00 
+3.7878788e-01 +5.0000000e-01 +0.0000000e+00 
+3.9393939e-01 +5.0000000e-01 +0.0000000e+00 
+4.0909091e-01 +5.0000000e-01 +0.0000000e+00 
+4.2424242e-01 +5.0000000e-01 +0.0000000e+00 
+4.3939394e-01 +5.0000000e-01 +0.0000000e+00 
+4.5454545e-01 +5.0000000e-01 +0.0000000e+00 
+4.6969697e-01 +5.0000000e-01 +0.0000000e+00 
+4.8484848e-01 +5.0000000e-01 +0.0000000e+00 
+5.0000000e-01 +5.0000000e-01 +0.0000000e+00 
+4.8936170e-01 +4.8936170e-01 +0.0000000e+00 
+4.7872340e-01 +4.7872340e-01 +0.0000000e+00 
+4.6808511e-01 +4.6808511e-01 +0.0000000e+00 
+4.5744681e-01 +4.5744681e-01 +0.0000000e+00 
+4.4680851e-01 +4.4680851e-01 +0.0000000e+00 
+4.3617021e-01 +4.3617021e-01 +0.0000000e+00 
+4.2553191e-01 +4.2553191e-01 +0.0000000e+00 
+4.1489362e-01 +4.1489362e-01 +0.0000000e+00 
+4.0425532e-01 +4.0425532e-01 +0.0000000e+00 
+3.9361702e-01 +3.9361702e-01 +0.0000000e+00 
+3.8297872e-01 +3.8297872e-01 +0.0000000e+00 
+3.7234043e-01 +3.7234043e-01 +0.0000000e+00 
+3.6170213e-01 +3.6170213e-01 +0.0000000e+00 
+3.5106383e-01 +3.5106383e-01 +0.0000000e+00 
+3.4042553e-01 +3.4042553e-01 +0.0000000e+00 
+3.2978723e-01 +3.2978723e-01 +0.0000000e+00 
+3.1914894e-01 +3.1914894e-01 +0.0000000e+00 
+3.0851064e-01 +3.0851064e-01 +0.0000000e+00 
+2.9787234e-01 +2.9787234e-01 +0.0000000e+00 
+2.8723404e-01 +2.8723404e-01 +0.0000000e+00 
+2.7659574e-01 +2.7659574e-01 +0.0000000e+00 
+2.6595745e-01 +2.6595745e-01 +0.0000000e+00 
+2.5531915e-01 +2.5531915e-01 +0.0000000e+00 
+2.4468085e-01 +2.4468085e-01 +0.0000000e+00 
+2.3404255e-01 +2.3404255e-01 +0.0000000e+00 
+2.2340426e-01 +2.2340426e-01 +0.0000000e+00 
+2.1276596e-01 +2.1276596e-01 +0.0000000e+00 
+2.0212766e-01 +2.0212766e-01 +0.0000000e+00 
+1.9148936e-01 +1.9148936e-01 +0.0000000e+00 
+1.8085106e-01 +1.8085106e-01 +0.0000000e+00 
+1.7021277e-01 +1.7021277e-01 +0.0000000e+00 
+1.5957447e-01 +1.5957447e-01 +0.0000000e+00 
+1.4893617e-01 +1.4893617e-01 +0.0000000e+00 
+1.3829787e-01 +1.3829787e-01 +0.0000000e+00 
+1.2765957e-01 +1.2765957e-01 +0.0000000e+00 
+1.1702128e-01 +1.1702128e-01 +0.0000000e+00 
+1.0638298e-01 +1.0638298e-01 +0.0000000e+00 
+9.5744681e-02 +9.5744681e-02 +0.0000000e+00 
+8.5106383e-02 +8.5106383e-02 +0.0000000e+00 
+7.4468085e-02 +7.4468085e-02 +0.0000000e+00 
+6.3829787e-02 +6.3829787e-02 +0.0000000e+00 
+5.3191489e-02 +5.3191489e-02 +0.0000000e+00 
+4.2553191e-02 +4.2553191e-02 +0.0000000e+00 
+3.1914894e-02 +3.1914894e-02 +0.0000000e+00 
+2.1276596e-02 +2.1276596e-02 +0.0000000e+00 
+1.0638298e-02 +1.0638298e-02 +0.0000000e+00 
+0.0000000e+00 +0.0000000e+00 +0.0000000e+00 
+8.7719298e-03 +8.7719298e-03 +8.7719298e-03 
+1.7543860e-02 +1.7543860e-02 +1.7543860e-02 
+2.6315789e-02 +2.6315789e-02 +2.6315789e-02 
+3.5087719e-02 +3.5087719e-02 +3.5087719e-02 
+4.3859649e-02 +4.3859649e-02 +4.3859649e-02 
+5.2631579e-02 +5.2631579e-02 +5.2631579e-02 
+6.1403509e-02 +6.1403509e-02 +6.1403509e-02 
+7.0175439e-02 +7.0175439e-02 +7.0175439e-02 
+7.8947368e-02 +7.8947368e-02 +7.8947368e-02 
+8.7719298e-02 +8.7719298e-02 +8.7719298e-02 
+9.6491228e-02 +9.6491228e-02 +9.6491228e-02 
+1.0526316e-01 +1.0526316e-01 +1.0526316e-01 
+1.1403509e-01 +1.1403509e-01 +1.1403509e-01 
+1.2280702e-01 +1.2280702e-01 +1.2280702e-01 
+1.3157895e-01 +1.3157895e-01 +1.3157895e-01 
+1.4035088e-01 +1.4035088e-01 +1.4035088e-01 
+1.4912281e-01 +1.4912281e-01 +1.4912281e-01 
+1.5789474e-01 +1.5789474e-01 +1.5789474e-01 
+1.6666667e-01 +1.6666667e-01 +1.6666667e-01 
+1.7543860e-01 +1.7543860e-01 +1.7543860e-01 
+1.8421053e-01 +1.8421053e-01 +1.8421053e-01 
+1.9298246e-01 +1.9298246e-01 +1.9298246e-01 
+2.0175439e-01 +2.0175439e-01 +2.0175439e-01 
+2.1052632e-01 +2.1052632e-01 +2.1052632e-01 
+2.1929825e-01 +2.1929825e-01 +2.1929825e-01 
+2.2807018e-01 +2.2807018e-01 +2.2807018e-01 
+2.3684211e-01 +2.3684211e-01 +2.3684211e-01 
+2.4561404e-01 +2.4561404e-01 +2.4561404e-01 
+2.5438596e-01 +2.5438596e-01 +2.5438596e-01 
+2.6315789e-01 +2.6315789e-01 +2.6315789e-01 
+2.7192982e-01 +2.7192982e-01 +2.7192982e-01 
+2.8070175e-01 +2.8070175e-01 +2.8070175e-01 
+2.8947368e-01 +2.8947368e-01 +2.8947368e-01 
+2.9824561e-01 +2.9824561e-01 +2.9824561e-01 
+3.0701754e-01 +3.0701754e-01 +3.0701754e-01 
+3.1578947e-01 +3.1578947e-01 +3.1578947e-01 
+3.2456140e-01 +3.2456140e-01 +3.2456140e-01 
+3.3333333e-01 +3.3333333e-01 +3.3333333e-01 
+3.4210526e-01 +3.4210526e-01 +3.4210526e-01 
+3.5087719e-01 +3.5087719e-01 +3.5087719e-01 
+3.5964912e-01 +3.5964912e-01 +3.5964912e-01 
+3.6842105e-01 +3.6842105e-01 +3.6842105e-01 
+3.7719298e-01 +3.7719298e-01 +3.7719298e-01 
+3.8596491e-01 +3.8596491e-01 +3.8596491e-01 
+3.9473684e-01 +3.9473684e-01 +3.9473684e-01 
+4.0350877e-01 +4.0350877e-01 +4.0350877e-01 
+4.1228070e-01 +4.1228070e-01 +4.1228070e-01 
+4.2105263e-01 +4.2105263e-01 +4.2105263e-01 
+4.2982456e-01 +4.2982456e-01 +4.2982456e-01 
+4.3859649e-01 +4.3859649e-01 +4.3859649e-01 
+4.4736842e-01 +4.4736842e-01 +4.4736842e-01 
+4.5614035e-01 +4.5614035e-01 +4.5614035e-01 
+4.6491228e-01 +4.6491228e-01 +4.6491228e-01 
+4.7368421e-01 +4.7368421e-01 +4.7368421e-01 
+4.8245614e-01 +4.8245614e-01 +4.8245614e-01 
+4.9122807e-01 +4.9122807e-01 +4.9122807e-01 
+5.0000000e-01 +5.0000000e-01 +5.0000000e-01 
+4.8936170e-01 +5.0000000e-01 +4.8936170e-01 
+4.7872340e-01 +5.0000000e-01 +4.7872340e-01 
+4.6808511e-01 +5.0000000e-01 +4.6808511e-01 
+4.5744681e-01 +5.0000000e-01 +4.5744681e-01 
+4.4680851e-01 +5.0000000e-01 +4.4680851e-01 
+4.3617021e-01 +5.0000000e-01 +4.3617021e-01 
+4.2553191e-01 +5.0000000e-01 +4.2553191e-01 
+4.1489362e-01 +5.0000000e-01 +4.1489362e-01 
+4.0425532e-01 +5.0000000e-01 +4.0425532e-01 
+3.9361702e-01 +5.0000000e-01 +3.9361702e-01 
+3.8297872e-01 +5.0000000e-01 +3.8297872e-01 
+3.7234043e-01 +5.0000000e-01 +3.7234043e-01 
+3.6170213e-01 +5.0000000e-01 +3.6170213e-01 
+3.5106383e-01 +5.0000000e-01 +3.5106383e-01 
+3.4042553e-01 +5.0000000e-01 +3.4042553e-01 
+3.2978723e-01 +5.0000000e-01 +3.2978723e-01 
+3.1914894e-01 +5.0000000e-01 +3.1914894e-01 
+3.0851064e-01 +5.0000000e-01 +3.0851064e-01 
+2.9787234e-01 +5.0000000e-01 +2.9787234e-01 
+2.8723404e-01 +5.0000000e-01 +2.8723404e-01 
+2.7659574e-01 +5.0000000e-01 +2.7659574e-01 
+2.6595745e-01 +5.0000000e-01 +2.6595745e-01 
+2.5531915e-01 +5.0000000e-01 +2.5531915e-01 
+2.4468085e-01 +5.0000000e-01 +2.4468085e-01 
+2.3404255e-01 +5.0000000e-01 +2.3404255e-01 
+2.2340426e-01 +5.0000000e-01 +2.2340426e-01 
+2.1276596e-01 +5.0000000e-01 +2.1276596e-01 
+2.0212766e-01 +5.0000000e-01 +2.0212766e-01 
+1.9148936e-01 +5.0000000e-01 +1.9148936e-01 
+1.8085106e-01 +5.0000000e-01 +1.8085106e-01 
+1.7021277e-01 +5.0000000e-01 +1.7021277e-01 
+1.5957447e-01 +5.0000000e-01 +1.5957447e-01 
+1.4893617e-01 +5.0000000e-01 +1.4893617e-01 
+1.3829787e-01 +5.0000000e-01 +1.3829787e-01 
+1.2765957e-01 +5.0000000e-01 +1.2765957e-01 
+1.1702128e-01 +5.0000000e-01 +1.1702128e-01 
+1.0638298e-01 +5.0000000e-01 +1.0638298e-01 
+9.5744681e-02 +5.0000000e-01 +9.5744681e-02 
+8.5106383e-02 +5.0000000e-01 +8.5106383e-02 
+7.4468085e-02 +5.0000000e-01 +7.4468085e-02 
+6.3829787e-02 +5.0000000e-01 +6.3829787e-02 
+5.3191489e-02 +5.0000000e-01 +5.3191489e-02 
+4.2553191e-02 +5.0000000e-01 +4.2553191e-02 
+3.1914894e-02 +5.0000000e-01 +3.1914894e-02 
+2.1276596e-02 +5.0000000e-01 +2.1276596e-02 
+1.0638298e-02 +5.0000000e-01 +1.0638298e-02 
+0.0000000e+00 +5.0000000e-01 +0.0000000e+00 
+5.0000000e-01 +5.0000000e-01 +0.0000000e+00 
+5.0000000e-01 +5.0000000e-01 +1.5151515e-02 
+5.0000000e-01 +5.0000000e-01 +3.0303030e-02 
+5.0000000e-01 +5.0000000e-01 +4.5454545e-02 
+5.0000000e-01 +5.0000000e-01 +6.0606061e-02 
+5.0000000e-01 +5.0000000e-01 +7.5757576e-02 
+5.0000000e-01 +5.0000000e-01 +9.0909091e-02 
+5.0000000e-01 +5.0000000e-01 +1.0606061e-01 
+5.0000000e-01 +5.0000000e-01 +1.2121212e-01 
+5.0000000e-01 +5.0000000e-01 +1.3636364e-01 
+5.0000000e-01 +5.0000000e-01 +1.5151515e-01 
+5.0000000e-01 +5.0000000e-01 +1.6666667e-01 
+5.0000000e-01 +5.0000000e-01 +1.8181818e-01 
+5.0000000e-01 +5.0000000e-01 +1.9696970e-01 
+5.0000000e-01 +5.0000000e-01 +2.1212121e-01 
+5.0000000e-01 +5.0000000e-01 +2.2727273e-01 
+5.0000000e-01 +5.0000000e-01 +2.4242424e-01 
+5.0000000e-01 +5.0000000e-01 +2.5757576e-01 
+5.0000000e-01 +5.0000000e-01 +2.7272727e-01 
+5.0000000e-01 +5.0000000e-01 +2.8787879e-01 
+5.0000000e-01 +5.0000000e-01 +3.0303030e-01 
+5.0000000e-01 +5.0000000e-01 +3.1818182e-01 
+5.0000000e-01 +5.0000000e-01 +3.3333333e-01 
+5.0000000e-01 +5.0000000e-01 +3.4848485e-01 
+5.0000000e-01 +5.0000000e-01 +3.6363636e-01 
+5.0000000e-01 +5.0000000e-01 +3.7878788e-01 
+5.0000000e-01 +5.0000000e-01 +3.9393939e-01 
+5.0000000e-01 +5.0000000e-01 +4.0909091e-01 
+5.0000000e-01 +5.0000000e-01 +4.2424242e-01 
+5.0000000e-01 +5.0000000e-01 +4.3939394e-01 
+5.0000000e-01 +5.0000000e-01 +4.5454545e-01 
+5.0000000e-01 +5.0000000e-01 +4.6969697e-01 
+5.0000000e-01 +5.0000000e-01 +4.8484848e-01 
+5.0000000e-01 +5.0000000e-01 +5.0000000e-01 
# energies (kpt,band,spin)
# spin = 1
-5.4294284e+01 -5.3895215e+01 -3.0566725e+01 -3.0566725e+01 -3.0566725e+01 -2.9673732e+01 -2.9673732e+01 -2.9673732e+01 -5.8391247e+00 -3.8490769e+00 -3.8490769e+00 +2.7423110e-01 +2.7423110e-01 +2.7423111e-01 +3.1831646e+00 +3.1831646e+00 +5.4504124e+00 +5.4504124e+00 +5.4504124e+00 +3.1283459e+01 
-5.4294023e+01 -5.3895395e+01 -3.0566827e+01 -3.0566224e+01 -3.0566224e+01 -2.9674870e+01 -2.9674221e+01 -2.9674221e+01 -5.8346543e+00 -3.8465484e+00 -3.8451411e+00 +2.7390371e-01 +2.7390371e-01 +2.7645368e-01 +3.1773092e+00 +3.1856450e+00 +5.4394614e+00 +5.4394614e+00 +5.4465370e+00 +3.1142194e+01 
-5.4293240e+01 -5.3895935e+01 -3.0567130e+01 -3.0564720e+01 -3.0564720e+01 -2.9678276e+01 -2.9675689e+01 -2.9675689e+01 -5.8212610e+00 -3.8389618e+00 -3.8333565e+00 +2.7293782e-01 +2.7293783e-01 +2.8312000e-01 +3.1597693e+00 +3.1930689e+00 +5.4068005e+00 +5.4068005e+00 +5.4349283e+00 +3.0723338e+01 
-5.4291937e+01 -5.3896836e+01 -3.0567618e+01 -3.0562218e+01 -3.0562218e+01 -2.9683928e+01 -2.9678132e+01 -2.9678132e+01 -5.7989980e+00 -3.8263148e+00 -3.8137911e+00 +2.7138210e-01 +2.7138211e-01 +2.9422584e-01 +3.1306249e+00 +3.2053849e+00 +5.3529969e+00 +5.3529969e+00 +5.4156379e+00 +3.0041423e+01 
-5.4290119e+01 -5.3898097e+01 -3.0568267e+01 -3.0558720e+01 -3.0558720e+01 -2.9691788e+01 -2.9681546e+01 -2.9681546e+01 -5.7679539e+00 -3.8086030e+00 -3.7865583e+00 +2.6931685e-01 +2.6931686e-01 +3.0976408e-01 +3.0900082e+00 +3.2225077e+00 +5.2789694e+00 +5.2789695e+00 +5.3887516e+00 +2.9119714e+01 
-5.4287791e+01 -5.3899721e+01 -3.0569044e+01 -3.0554231e+01 -3.0554231e+01 -2.9701804e+01 -2.9685924e+01 -2.9685924e+01 -5.7282527e+00 -3.7858206e+00 -3.7518164e+00 +2.6685289e-01 +2.6685290e-01 +3.2972465e-01 +3.0381039e+00 +3.2443175e+00 +5.1859502e+00 +5.1859502e+00 +5.3543881e+00 +2.7988835e+01 
-5.4284960e+01 -5.3901706e+01 -3.0569908e+01 -3.0548761e+01 -3.0548761e+01 -2.9713909e+01 -2.9691258e+01 -2.9691258e+01 -5.6800530e+00 -3.7579603e+00 -3.7097691e+00 +2.6412998e-01 +2.6412998e-01 +3.5409446e-01 +2.9751482e+00 +3.2706609e+00 +5.0754355e+00 +5.0754355e+00 +5.3126983e+00 +2.6684972e+01 
-5.4281635e+01 -5.3904055e+01 -3.0570807e+01 -3.0542317e+01 -3.0542317e+01 -2.9728024e+01 -2.9697538e+01 -2.9697538e+01 -5.6235478e+00 -3.7250135e+00 -3.6606663e+00 +2.6131489e-01 +2.6131490e-01 +3.8285721e-01 +2.9014274e+00 +3.3013509e+00 +4.9491293e+00 +4.9491293e+00 +5.2638637e+00 +2.5247798e+01 
-5.4277826e+01 -5.3906767e+01 -3.0571685e+01 -3.0534910e+01 -3.0534910e+01 -2.9744057e+01 -2.9704751e+01 -2.9704751e+01 -5.5589642e+00 -3.6869703e+00 -3.6048070e+00 +2.5859920e-01 +2.5859921e-01 +4.1599323e-01 +2.8172767e+00 +3.3361675e+00 +4.8088833e+00 +4.8088833e+00 +5.2080950e+00 +2.3718280e+01 
-5.4273545e+01 -5.3909842e+01 -3.0572479e+01 -3.0526556e+01 -3.0526556e+01 -2.9761905e+01 -2.9712883e+01 -2.9712883e+01 -5.4865630e+00 -3.6438200e+00 -3.5425439e+00 +2.5619679e-01 +2.5619679e-01 +4.5347936e-01 +2.7230784e+00 +3.3748580e+00 +4.6566367e+00 +4.6566367e+00 +5.1456298e+00 +2.2136562e+01 
-5.4268804e+01 -5.3913280e+01 -3.0573117e+01 -3.0517268e+01 -3.0517268e+01 -2.9781455e+01 -2.9721920e+01 -2.9721920e+01 -5.4066379e+00 -3.5955510e+00 -3.4742906e+00 +2.5434117e-01 +2.5434117e-01 +4.9528863e-01 +2.6192597e+00 +3.4171380e+00 +4.4943599e+00 +4.4943599e+00 +5.0767309e+00 +2.0540111e+01 
-5.4263618e+01 -5.3917081e+01 -3.0573528e+01 -3.0507065e+01 -3.0507065e+01 -2.9802585e+01 -2.9731842e+01 -2.9731842e+01 -5.3195153e+00 -3.5421515e+00 -3.4005326e+00 +2.5328275e-01 +2.5328276e-01 +5.4139008e-01 +2.5062900e+00 +3.4626926e+00 +4.3240037e+00 +4.3240037e+00 +5.0016839e+00 +1.8962249e+01 
-5.4258002e+01 -5.3921242e+01 -3.0573634e+01 -3.0495968e+01 -3.0495968e+01 -2.9825164e+01 -2.9742631e+01 -2.9742631e+01 -5.2255537e+00 -3.4836095e+00 -3.3218412e+00 +2.5328599e-01 +2.5328600e-01 +5.9174847e-01 +2.3846776e+00 +3.5111780e+00 +4.1474560e+00 +4.1474560e+00 +4.9207950e+00 +1.7431175e+01 
-5.4251973e+01 -5.3925760e+01 -3.0573356e+01 -3.0483999e+01 -3.0483999e+01 -2.9849055e+01 -2.9754266e+01 -2.9754266e+01 -5.1251434e+00 -3.4199137e+00 -3.2388921e+00 +2.5462660e-01 +2.5462660e-01 +6.4632397e-01 +2.2549666e+00 +3.5622231e+00 +3.9665070e+00 +3.9665070e+00 +4.8343881e+00 +1.5969467e+01 
-5.4245549e+01 -5.3930633e+01 -3.0572613e+01 -3.0471183e+01 -3.0471183e+01 -2.9874117e+01 -2.9766722e+01 -2.9766722e+01 -5.0187062e+00 -3.3510535e+00 -3.1524849e+00 +2.5758879e-01 +2.5758879e-01 +7.0507182e-01 +2.1177329e+00 +3.6154329e+00 +3.7828240e+00 +3.7828240e+00 +4.7428030e+00 +1.4594046e+01 
-5.4238750e+01 -5.3935854e+01 -3.0571325e+01 -3.0457549e+01 -3.0457549e+01 -2.9900203e+01 -2.9779974e+01 -2.9779974e+01 -4.9066949e+00 -3.2770199e+00 -3.0635656e+00 +2.6246269e-01 +2.6246270e-01 +7.6794203e-01 +1.9735792e+00 +3.5979327e+00 +3.5979327e+00 +3.6703911e+00 +4.6463921e+00 +1.3316492e+01 
-5.4231594e+01 -5.3941419e+01 -3.0569414e+01 -3.0443126e+01 -3.0443126e+01 -2.9927164e+01 -2.9793997e+01 -2.9793997e+01 -4.7895937e+00 -3.1978063e+00 -2.9732464e+00 +2.6954188e-01 +2.6954189e-01 +8.3487892e-01 +1.8231310e+00 +3.4132083e+00 +3.4132083e+00 +3.7266656e+00 +4.5455182e+00 +1.2143632e+01 
-5.4224104e+01 -5.3947321e+01 -3.0566802e+01 -3.0427947e+01 -3.0427947e+01 -2.9954849e+01 -2.9808761e+01 -2.9808761e+01 -4.6679177e+00 -3.1134090e+00 -2.8828205e+00 +2.7912112e-01 +2.7912112e-01 +9.0582082e-01 +1.6670312e+00 +3.2298709e+00 +3.2298709e+00 +3.7838135e+00 +4.4405522e+00 +1.1078259e+01 
-5.4216300e+01 -5.3953550e+01 -3.0563413e+01 -3.0412046e+01 -3.0412046e+01 -2.9983108e+01 -2.9824235e+01 -2.9824235e+01 -4.5422133e+00 -3.0238283e+00 -2.7937672e+00 +2.9149429e-01 +2.9149430e-01 +9.8069955e-01 +1.5059349e+00 +3.0489877e+00 +3.0489877e+00 +3.8413891e+00 +4.3318701e+00 +1.0119924e+01 
-5.4208206e+01 -5.3960100e+01 -3.0559178e+01 -3.0395461e+01 -3.0395461e+01 -3.0011790e+01 -2.9840388e+01 -2.9840388e+01 -4.4130589e+00 -2.9290694e+00 -2.7077429e+00 +3.0695261e-01 +3.0695262e-01 +1.0594401e+00 +1.3405040e+00 +2.8714786e+00 +2.8714786e+00 +3.8989530e+00 +4.2198514e+00 +9.2656869e+00 
-5.4199844e+01 -5.3966958e+01 -3.0554028e+01 -3.0378231e+01 -3.0378231e+01 -3.0040749e+01 -2.9857185e+01 -2.9857185e+01 -4.2810650e+00 -2.8291435e+00 -2.6265526e+00 +3.2578302e-01 +3.2578302e-01 +1.1419600e+00 +1.1714019e+00 +2.6981246e+00 +2.6981246e+00 +3.9560840e+00 +4.1048760e+00 +8.5108048e+00 
-5.4191238e+01 -5.3974114e+01 -3.0547901e+01 -3.0360395e+01 -3.0360395e+01 -3.0069838e+01 -2.9874590e+01 -2.9874590e+01 -4.1468759e+00 -2.7240693e+00 -2.5520993e+00 +3.4826679e-01 +3.4826679e-01 +9.9928816e-01 +1.2281690e+00 +2.5295784e+00 +2.5295784e+00 +3.9873230e+00 +4.0123936e+00 +7.8493081e+00 
-5.4182413e+01 -5.3981557e+01 -3.0540740e+01 -3.0341998e+01 -3.0341998e+01 -3.0098917e+01 -2.9892568e+01 -2.9892568e+01 -4.0111705e+00 -2.6138741e+00 -2.4863108e+00 +3.7467840e-01 +3.7467841e-01 +8.2481348e-01 +1.3179687e+00 +2.3663760e+00 +2.3663760e+00 +3.8675681e+00 +4.0675444e+00 +7.2744583e+00 
-5.4173393e+01 -5.3989272e+01 -3.0532493e+01 -3.0323082e+01 -3.0323082e+01 -3.0127850e+01 -2.9911078e+01 -2.9911078e+01 -3.8746647e+00 -2.4985955e+00 -2.4310480e+00 +4.0528459e-01 +4.0528459e-01 +6.4861468e-01 +1.4112516e+00 +2.2089488e+00 +2.2089488e+00 +3.7459821e+00 +4.1212720e+00 +6.7790916e+00 
-5.4164202e+01 -5.3997247e+01 -3.0523115e+01 -3.0303695e+01 -3.0303695e+01 -3.0156505e+01 -2.9930080e+01 -2.9930080e+01 -3.7381135e+00 -2.3880011e+00 -2.3782828e+00 +4.4034351e-01 +4.4034352e-01 +4.7131039e-01 +1.5079011e+00 +2.0576352e+00 +2.0576352e+00 +3.6229292e+00 +4.1734115e+00 +6.3558602e+00 
-5.4154867e+01 -5.4005465e+01 -3.0512567e+01 -3.0283881e+01 -3.0283881e+01 -3.0184759e+01 -2.9949533e+01 -2.9949533e+01 -3.6023140e+00 -2.3585873e+00 -2.2529990e+00 +2.9349700e-01 +4.8010412e-01 +4.8010413e-01 +1.6077908e+00 +1.9126920e+00 +1.9126920e+00 +3.4987659e+00 +4.2239290e+00 +5.9973957e+00 
-5.4145410e+01 -5.4013912e+01 -3.0500818e+01 -3.0263690e+01 -3.0263690e+01 -3.0212494e+01 -2.9969393e+01 -2.9969393e+01 -3.4681092e+00 -2.3438639e+00 -2.1228226e+00 +1.1574516e-01 +5.2480560e-01 +5.2480561e-01 +1.7107840e+00 +1.7743052e+00 +1.7743052e+00 +3.3738391e+00 +4.2729593e+00 +5.6964200e+00 
-5.4135859e+01 -5.4022571e+01 -3.0487843e+01 -3.0243171e+01 -3.0243171e+01 -3.0239602e+01 -2.9989616e+01 -2.9989616e+01 -3.3363922e+00 -2.3444703e+00 -1.9878495e+00 -6.1403150e-02 +5.7467687e-01 +5.7467687e-01 +1.6425992e+00 +1.6425992e+00 +1.8167331e+00 +3.2484856e+00 +4.3208479e+00 +5.4458282e+00 
-5.4126238e+01 -5.4031424e+01 -3.0473627e+01 -3.0265979e+01 -3.0222372e+01 -3.0222372e+01 -3.0010157e+01 -3.0010157e+01 -3.2081104e+00 -2.3606085e+00 -1.8481949e+00 -2.3743698e-01 +6.2993609e-01 +6.2993610e-01 +1.5176459e+00 +1.5176459e+00 +1.9254793e+00 +3.1230310e+00 +4.3682000e+00 +5.2387627e+00 
-5.4116571e+01 -5.4040453e+01 -3.0458163e+01 -3.0291533e+01 -3.0201344e+01 -3.0201344e+01 -3.0030969e+01 -3.0030969e+01 -3.0842704e+00 -2.3920625e+00 -1.7039956e+00 -4.1187821e-01 +6.9079017e-01 +6.9079018e-01 +1.3994718e+00 +1.3994718e+00 +2.0368523e+00 +2.9977889e+00 +4.4159336e+00 +5.0686895e+00 
-5.4106884e+01 -5.4049639e+01 -3.0441451e+01 -3.0316180e+01 -3.0180138e+01 -3.0180138e+01 -3.0052003e+01 -3.0052003e+01 -2.9659404e+00 -2.4382526e+00 -1.5554120e+00 -5.8428271e-01 +7.5743414e-01 +7.5743414e-01 +1.2880650e+00 +1.2880650e+00 +2.1506693e+00 +2.8730603e+00 +4.4653365e+00 +4.9294764e+00 
-5.4097199e+01 -5.4058962e+01 -3.0423501e+01 -3.0339845e+01 -3.0158805e+01 -3.0158804e+01 -3.0073213e+01 -3.0073213e+01 -2.8542520e+00 -2.4983105e+00 -1.4026301e+00 -7.5424102e-01 +8.3005037e-01 +8.3005037e-01 +1.1833803e+00 +1.1833803e+00 +2.2667354e+00 +2.7491332e+00 +4.5181250e+00 +4.8154689e+00 
-5.4087542e+01 -5.4068401e+01 -3.0404334e+01 -3.0362460e+01 -3.0137395e+01 -3.0137395e+01 -3.0094547e+01 -3.0094547e+01 -2.7503958e+00 -2.5711629e+00 -1.2458633e+00 -9.2137846e-01 +9.0880764e-01 +9.0880764e-01 +1.0853446e+00 +1.0853446e+00 +2.3848426e+00 +2.6262827e+00 +4.5765014e+00 +4.7215542e+00 
-5.4077936e+01 -5.4077935e+01 -3.0384281e+01 -3.0383666e+01 -3.0116153e+01 -3.0116153e+01 -3.0115764e+01 -3.0115764e+01 -2.6556625e+00 -2.6555590e+00 -1.0853975e+00 -1.0853120e+00 +9.9376922e-01 +9.9376922e-01 +9.9395063e-01 +9.9395063e-01 +2.5046687e+00 +2.5048709e+00 +4.6431977e+00 +4.6432128e+00 
-5.4077892e+01 -5.4077891e+01 -3.0387777e+01 -3.0387175e+01 -3.0116090e+01 -3.0115701e+01 -3.0113043e+01 -3.0112667e+01 -2.6553959e+00 -2.6552928e+00 -1.0882550e+00 -1.0881696e+00 +9.7302622e-01 +9.7320193e-01 +1.0043410e+00 +1.0045223e+00 +2.5275426e+00 +2.5277391e+00 +4.6453853e+00 +4.6454004e+00 
-5.4077761e+01 -5.4077761e+01 -3.0397793e+01 -3.0397226e+01 -3.0115902e+01 -3.0115514e+01 -3.0104186e+01 -3.0103843e+01 -2.6548461e+00 -2.6547443e+00 -1.0960652e+00 -1.0959804e+00 +9.1434175e-01 +9.1450284e-01 +1.0355216e+00 +1.0357029e+00 +2.5925987e+00 +2.5927804e+00 +4.6519635e+00 +4.6519786e+00 
-5.4077545e+01 -5.4077544e+01 -3.0413185e+01 -3.0412664e+01 -3.0115591e+01 -3.0115203e+01 -3.0090725e+01 -3.0090426e+01 -2.6547506e+00 -2.6546509e+00 -1.1066644e+00 -1.1065805e+00 +8.2605654e-01 +8.2619909e-01 +1.0858179e+00 +1.0859991e+00 +2.6914356e+00 +2.6915985e+00 +4.6629784e+00 +4.6629934e+00 
-5.4077244e+01 -5.4077244e+01 -3.0432640e+01 -3.0432166e+01 -3.0115160e+01 -3.0114771e+01 -3.0073961e+01 -3.0073706e+01 -2.6562869e+00 -2.6561905e+00 -1.1168093e+00 -1.1167272e+00 +7.1720783e-01 +7.1733183e-01 +1.1530563e+00 +1.1532375e+00 +2.8149198e+00 +2.8150638e+00 +4.6785087e+00 +4.6785236e+00 
-5.4076863e+01 -5.4076863e+01 -3.0455014e+01 -3.0454586e+01 -3.0114612e+01 -3.0114223e+01 -3.0055012e+01 -3.0054798e+01 -2.6609708e+00 -2.6608789e+00 -1.1226044e+00 -1.1225250e+00 +5.9517915e-01 +5.9528640e-01 +1.2347130e+00 +1.2348944e+00 +2.9555381e+00 +2.9556649e+00 +4.6986684e+00 +4.6986831e+00 
-5.4076405e+01 -5.4076404e+01 -3.0479430e+01 -3.0479042e+01 -3.0113952e+01 -3.0113563e+01 -3.0034724e+01 -3.0034545e+01 -2.6704753e+00 -2.6703892e+00 -1.1199529e+00 -1.1198773e+00 +4.6530542e-01 +4.6539819e-01 +1.3281911e+00 +1.3283728e+00 +3.1077922e+00 +3.1079040e+00 +4.7236106e+00 +4.7236252e+00 
-5.4075873e+01 -5.4075871e+01 -3.0505235e+01 -3.0504884e+01 -3.0113186e+01 -3.0112796e+01 -3.0013703e+01 -3.0013554e+01 -2.6863723e+00 -2.6862933e+00 -1.1049860e+00 -1.1049152e+00 +3.3128045e-01 +3.3136092e-01 +1.4310021e+00 +1.4311843e+00 +3.2677923e+00 +3.2678913e+00 +4.7535335e+00 +4.7535477e+00 
-5.4075273e+01 -5.4075270e+01 -3.0531952e+01 -3.0531634e+01 -3.0112321e+01 -3.0111931e+01 -2.9992377e+01 -2.9992253e+01 -2.7098447e+00 -2.7097737e+00 -1.0744284e+00 -1.0743632e+00 +1.9565743e-01 +1.9572746e-01 +1.5408564e+00 +1.5410394e+00 +3.4327579e+00 +3.4328458e+00 +4.7886872e+00 +4.7887011e+00 
-5.4074609e+01 -5.4074606e+01 -3.0559217e+01 -3.0558927e+01 -3.0111365e+01 -3.0110974e+01 -2.9971052e+01 -2.9970949e+01 -2.7414581e+00 -2.7413958e+00 -1.0258369e+00 -1.0257778e+00 +6.0233084e-02 +6.0294224e-02 +1.6556911e+00 +1.6558749e+00 +3.6006349e+00 +3.6007132e+00 +4.8293848e+00 +4.8293982e+00 
-5.4073889e+01 -5.4073884e+01 -3.0586742e+01 -3.0586478e+01 -3.0110326e+01 -3.0109935e+01 -2.9949950e+01 -2.9949865e+01 -2.7810809e+00 -2.7810274e+00 -9.5765316e-01 -9.5760011e-01 -7.3694458e-02 -7.3640949e-02 +1.7736631e+00 +1.7738479e+00 +3.7698402e+00 +3.7699101e+00 +4.8760152e+00 +4.8760280e+00 
-5.4073118e+01 -5.4073113e+01 -3.0614295e+01 -3.0614054e+01 -3.0109213e+01 -3.0108821e+01 -2.9929236e+01 -2.9929166e+01 -2.8279699e+00 -2.8279250e+00 -8.6907343e-01 -8.6902590e-01 -2.0515982e-01 -2.0511291e-01 +1.8931292e+00 +1.8933151e+00 +3.9390982e+00 +3.9391607e+00 +4.9290630e+00 +4.9290750e+00 
-5.4072304e+01 -5.4072297e+01 -3.0641675e+01 -3.0641456e+01 -3.0108036e+01 -3.0107644e+01 -2.9909036e+01 -2.9908978e+01 -2.8809658e+00 -2.8809289e+00 -7.5980455e-01 -7.5976173e-01 -3.3342437e-01 -3.3338322e-01 +2.0126254e+00 +2.0128122e+00 +4.1073371e+00 +4.1073929e+00 +4.9891350e+00 +4.9891460e+00 
-5.4071454e+01 -5.4071446e+01 -3.0668708e+01 -3.0668509e+01 -3.0106807e+01 -3.0106414e+01 -2.9889445e+01 -2.9889398e+01 -2.9387097e+00 -2.9386802e+00 -6.2980275e-01 -6.2976358e-01 -4.5790782e-01 -4.5787172e-01 +2.1308503e+00 +2.1310379e+00 +4.2736233e+00 +4.2736731e+00 +5.0569994e+00 +5.0570090e+00 
-5.4070576e+01 -5.4070567e+01 -3.0695234e+01 -3.0695054e+01 -3.0105535e+01 -3.0105142e+01 -2.9870541e+01 -2.9870502e+01 -2.9998179e+00 -2.9997949e+00 -5.7814331e-01 -5.7811168e-01 -4.7906441e-01 -4.7902776e-01 +2.2466573e+00 +2.2468456e+00 +4.4371194e+00 +4.4371639e+00 +5.1336423e+00 +5.1336504e+00 
-5.4069678e+01 -5.4069668e+01 -3.0721106e+01 -3.0720944e+01 -3.0104233e+01 -3.0103839e+01 -2.9852386e+01 -2.9852354e+01 -3.0629918e+00 -3.0629747e+00 -6.9374731e-01 -6.9371965e-01 -3.0749765e-01 -3.0746235e-01 +2.3590533e+00 +2.3592420e+00 +4.5970573e+00 +4.5970968e+00 +5.2203527e+00 +5.2203589e+00 
-5.4068769e+01 -5.4068758e+01 -3.0746186e+01 -3.0746040e+01 -3.0102912e+01 -3.0102518e+01 -2.9835028e+01 -2.9835003e+01 -3.1270730e+00 -3.1270609e+00 -8.0439907e-01 -8.0437496e-01 -1.1487708e-01 -1.1484198e-01 +2.4672052e+00 +2.4673939e+00 +4.7527206e+00 +4.7527555e+00 +5.3188473e+00 +5.3188512e+00 
-5.4067857e+01 -5.4067845e+01 -3.0770340e+01 -3.0770210e+01 -3.0101584e+01 -3.0101189e+01 -2.9818511e+01 -2.9818490e+01 -3.1910579e+00 -3.1910504e+00 -9.0982622e-01 -9.0980529e-01 +9.9119095e-02 +9.9155120e-02 +2.5704506e+00 +2.5706389e+00 +4.9034333e+00 +4.9034641e+00 +5.4314568e+00 +5.4314581e+00 
-5.4066951e+01 -5.4066937e+01 -3.0793441e+01 -3.0793325e+01 -3.0100261e+01 -3.0099866e+01 -2.9802869e+01 -2.9802852e+01 -3.2540929e+00 -3.2540893e+00 -1.0097946e+00 -1.0097765e+00 +3.3477940e-01 +3.3481751e-01 +2.6683152e+00 +2.6685026e+00 +5.0485537e+00 +5.0485807e+00 +5.5613988e+00 +5.5614005e+00 
-5.4066059e+01 -5.4066044e+01 -3.0815365e+01 -3.0815264e+01 -3.0098955e+01 -3.0098559e+01 -2.9788131e+01 -2.9788117e+01 -3.3154577e+00 -3.3154576e+00 -1.1041008e+00 -1.1040853e+00 +5.9210694e-01 +5.9214831e-01 +2.7605352e+00 +2.7607212e+00 +5.1874699e+00 +5.1874934e+00 +5.7131786e+00 +5.7131836e+00 
-5.4065190e+01 -5.4065174e+01 -3.0835993e+01 -3.0835904e+01 -3.0097678e+01 -3.0097282e+01 -2.9774322e+01 -2.9774312e+01 -3.3745502e+00 -3.3745470e+00 -1.1925668e+00 -1.1925536e+00 +8.7039452e-01 +8.7044043e-01 +2.8470920e+00 +2.8472758e+00 +5.3195981e+00 +5.3196183e+00 +5.8931452e+00 +5.8931540e+00 
-5.4064352e+01 -5.4064336e+01 -3.0855209e+01 -3.0855132e+01 -3.0096441e+01 -3.0096045e+01 -2.9761465e+01 -2.9761457e+01 -3.4308583e+00 -3.4308522e+00 -1.2750359e+00 -1.2750248e+00 +1.1675677e+00 +1.1676196e+00 +2.9282698e+00 +2.9284504e+00 +5.4443823e+00 +5.4443995e+00 +6.1102216e+00 +6.1102344e+00 
-5.4063554e+01 -5.4063537e+01 -3.0872902e+01 -3.0872837e+01 -3.0095257e+01 -3.0094860e+01 -2.9749577e+01 -2.9749571e+01 -3.4839535e+00 -3.4839448e+00 -1.3513696e+00 -1.3513603e+00 +1.4792666e+00 +1.4793262e+00 +3.0047633e+00 +3.0049397e+00 +5.5612949e+00 +5.5613093e+00 +6.3767471e+00 +6.3767644e+00 
-5.4062804e+01 -5.4062785e+01 -3.0888968e+01 -3.0888914e+01 -3.0094135e+01 -3.0093738e+01 -2.9738676e+01 -2.9738671e+01 -3.5334735e+00 -3.5334624e+00 -1.4214454e+00 -1.4214378e+00 +1.7977558e+00 +1.7978252e+00 +3.0778876e+00 +3.0780579e+00 +5.6698380e+00 +5.6698499e+00 +6.7091528e+00 +6.7091750e+00 
-5.4062109e+01 -5.4062089e+01 -3.0903316e+01 -3.0903271e+01 -3.0093086e+01 -3.0092689e+01 -2.9728774e+01 -2.9728771e+01 -3.5791107e+00 -3.5790974e+00 -1.4851550e+00 -1.4851489e+00 +2.1109989e+00 +2.1110812e+00 +3.1499806e+00 +3.1501422e+00 +5.7695455e+00 +5.7695552e+00 +7.1278057e+00 +7.1278335e+00 
-5.4061476e+01 -5.4061455e+01 -3.0915869e+01 -3.0915833e+01 -3.0092120e+01 -3.0091722e+01 -2.9719885e+01 -2.9719882e+01 -3.6206027e+00 -3.6205874e+00 -1.5424031e+00 -1.5423983e+00 +2.4025261e+00 +2.4026255e+00 +3.2250782e+00 +3.2252267e+00 +5.8599852e+00 +5.8599929e+00 +7.6549194e+00 +7.6549536e+00 
-5.4060910e+01 -5.4060889e+01 -3.0926576e+01 -3.0926548e+01 -3.0091246e+01 -3.0090847e+01 -2.9712018e+01 -2.9712016e+01 -3.6577249e+00 -3.6577079e+00 -1.5931060e+00 -1.5931024e+00 +2.6530421e+00 +2.6531641e+00 +3.3094062e+00 +3.3095358e+00 +5.9407615e+00 +5.9407673e+00 +8.3094507e+00 +8.3094925e+00 
-5.4060418e+01 -5.4060396e+01 -3.0935427e+01 -3.0935406e+01 -3.0090471e+01 -3.0090072e+01 -2.9705182e+01 -2.9705181e+01 -3.6902849e+00 -3.6902663e+00 -1.6371914e+00 -1.6371887e+00 +2.8458688e+00 +2.8460168e+00 +3.4089801e+00 +3.4090870e+00 +6.0115174e+00 +6.0115218e+00 +9.0988776e+00 +9.0989283e+00 
-5.4060003e+01 -5.4059980e+01 -3.0942460e+01 -3.0942445e+01 -3.0089802e+01 -3.0089403e+01 -2.9699386e+01 -2.9699385e+01 -3.7181181e+00 -3.7180981e+00 -1.6745973e+00 -1.6745955e+00 +2.9774849e+00 +2.9776545e+00 +3.5212886e+00 +3.5213766e+00 +6.0719379e+00 +6.0719409e+00 +1.0009117e+01 +1.0009178e+01 
-5.4059666e+01 -5.4059643e+01 -3.0947778e+01 -3.0947769e+01 -3.0089247e+01 -3.0088848e+01 -2.9694635e+01 -2.9694635e+01 -3.7410852e+00 -3.7410641e+00 -1.7052720e+00 -1.7052708e+00 +3.0608350e+00 +3.0610170e+00 +3.6320931e+00 +3.6321707e+00 +6.1217515e+00 +6.1217534e+00 +1.0994549e+01 +1.0994621e+01 
-5.4059408e+01 -5.4059384e+01 -3.0951552e+01 -3.0951547e+01 -3.0088809e+01 -3.0088410e+01 -2.9690935e+01 -2.9690935e+01 -3.7590711e+00 -3.7590491e+00 -1.7291733e+00 -1.7291726e+00 +3.1126765e+00 +3.1128642e+00 +3.7265029e+00 +3.7265764e+00 +6.1607328e+00 +6.1607339e+00 +1.1971187e+01 +1.1971269e+01 
-5.4059226e+01 -5.4059202e+01 -3.0954001e+01 -3.0953999e+01 -3.0088494e+01 -3.0088094e+01 -2.9688289e+01 -2.9688289e+01 -3.7719848e+00 -3.7719621e+00 -1.7462687e+00 -1.7462684e+00 +3.1442451e+00 +3.1444351e+00 +3.7963795e+00 +3.7964517e+00 +6.1887047e+00 +6.1887052e+00 +1.2819233e+01 +1.2819324e+01 
-5.4059119e+01 -5.4059095e+01 -3.0955353e+01 -3.0955352e+01 -3.0088303e+01 -3.0087904e+01 -2.9686701e+01 -2.9686701e+01 -3.7797600e+00 -3.7797369e+00 -1.7565352e+00 -1.7565351e+00 +3.1614183e+00 +3.1616092e+00 +3.8387595e+00 +3.8388314e+00 +6.2055393e+00 +6.2055394e+00 +1.3403395e+01 +1.3403492e+01 
-5.4059084e+01 -5.4059060e+01 -3.0955781e+01 -3.0955781e+01 -3.0088240e+01 -3.0087840e+01 -2.9686171e+01 -2.9686171e+01 -3.7823562e+00 -3.7823330e+00 -1.7599589e+00 -1.7599589e+00 +3.1668852e+00 +3.1670762e+00 +3.8529161e+00 +3.8529881e+00 +6.2111594e+00 +6.2111594e+00 +1.3612603e+01 +1.3612702e+01 
-5.4059324e+01 -5.4058889e+01 -3.0955456e+01 -3.0955255e+01 -3.0088646e+01 -3.0087560e+01 -2.9687229e+01 -2.9686157e+01 -3.7807722e+00 -3.7788016e+00 -1.7580582e+00 -1.7551082e+00 +3.1592398e+00 +3.1640588e+00 +3.8262733e+00 +3.8517909e+00 +6.2009865e+00 +6.2102568e+00 +1.3203967e+01 +1.3613658e+01 
-5.4060085e+01 -5.4058343e+01 -3.0954476e+01 -3.0953481e+01 -3.0090317e+01 -3.0086264e+01 -2.9690397e+01 -2.9686116e+01 -3.7761000e+00 -3.7682040e+00 -1.7523604e+00 -1.7405600e+00 +3.1361602e+00 +3.1551198e+00 +3.7471939e+00 +3.8483188e+00 +6.1705956e+00 +6.2075538e+00 +1.2111425e+01 +1.3616728e+01 
-5.4061360e+01 -5.4057435e+01 -3.0952836e+01 -3.0949979e+01 -3.0093134e+01 -3.0084068e+01 -2.9695658e+01 -2.9686047e+01 -3.7684628e+00 -3.7506453e+00 -1.7428791e+00 -1.7163260e+00 +3.0981450e+00 +3.1396187e+00 +3.6184973e+00 +3.8425712e+00 +6.1203665e+00 +6.2030646e+00 +1.0639318e+01 +1.3622021e+01 
-5.4063155e+01 -5.4056169e+01 -3.0950526e+01 -3.0944216e+01 -3.0097064e+01 -3.0081000e+01 -2.9702983e+01 -2.9685952e+01 -3.7580817e+00 -3.7262841e+00 -1.7296366e+00 -1.6824252e+00 +3.0458691e+00 +3.1164349e+00 +3.4445484e+00 +3.8346058e+00 +6.0509189e+00 +6.1968129e+00 +9.0851619e+00 +1.3629798e+01 
-5.4065471e+01 -5.4054552e+01 -3.0947535e+01 -3.0935778e+01 -3.0102083e+01 -3.0077073e+01 -2.9712334e+01 -2.9685830e+01 -3.7452620e+00 -3.6953470e+00 -1.7126646e+00 -1.6388840e+00 +2.9802669e+00 +3.0834413e+00 +3.2309285e+00 +3.8245019e+00 +5.9630929e+00 +6.1888314e+00 +7.6404750e+00 +1.3640402e+01 
-5.4068299e+01 -5.4052589e+01 -3.0943850e+01 -3.0924439e+01 -3.0108165e+01 -3.0072304e+01 -2.9723659e+01 -2.9685682e+01 -3.7303936e+00 -3.6581339e+00 -1.6920040e+00 -1.5857352e+00 +2.9025227e+00 +2.9840058e+00 +3.0365012e+00 +3.8123592e+00 +5.8579245e+00 +6.1791621e+00 +6.3914192e+00 +1.3654254e+01 
-5.4071629e+01 -5.4050290e+01 -3.0939459e+01 -3.0910128e+01 -3.0115279e+01 -3.0066711e+01 -2.9736899e+01 -2.9685508e+01 -3.7139553e+00 -3.6150245e+00 -1.6677054e+00 -1.5230176e+00 +2.7104981e+00 +2.8140602e+00 +2.9671170e+00 +3.7982959e+00 +5.3605895e+00 +5.7366155e+00 +6.1678554e+00 +1.3671835e+01 
-5.4075444e+01 -5.4047663e+01 -3.0934355e+01 -3.0892883e+01 -3.0123387e+01 -3.0060316e+01 -2.9751983e+01 -2.9685310e+01 -3.6965220e+00 -3.5664871e+00 -1.6398291e+00 -1.4507754e+00 +2.4170767e+00 +2.7165290e+00 +2.8572617e+00 +3.7824462e+00 +4.5482760e+00 +5.6005008e+00 +6.1549701e+00 +1.3693674e+01 
-5.4079725e+01 -5.4044722e+01 -3.0928532e+01 -3.0872802e+01 -3.0132449e+01 -3.0053144e+01 -2.9768832e+01 -2.9685088e+01 -3.6787761e+00 -3.5130894e+00 -1.6084457e+00 -1.3690574e+00 +2.1100457e+00 +2.6117915e+00 +2.6738437e+00 +3.7649589e+00 +3.9596623e+00 +5.4510148e+00 +6.1405728e+00 +1.3720340e+01 
-5.4084451e+01 -5.4041479e+01 -3.0921991e+01 -3.0850016e+01 -3.0142418e+01 -3.0045222e+01 -2.9787357e+01 -2.9684843e+01 -3.6615185e+00 -3.4555106e+00 -1.5736364e+00 -1.2779165e+00 +1.7951117e+00 +2.3914319e+00 +2.5019094e+00 +3.5923739e+00 +3.7459941e+00 +5.2896576e+00 +6.1247377e+00 +1.3752434e+01 
-5.4089598e+01 -5.4037947e+01 -3.0914738e+01 -3.0824669e+01 -3.0153245e+01 -3.0036583e+01 -2.9807462e+01 -2.9684576e+01 -3.6456790e+00 -3.3945564e+00 -1.5354931e+00 -1.1774088e+00 +1.4772442e+00 +2.0453490e+00 +2.3891307e+00 +3.3872493e+00 +3.7257213e+00 +5.1179626e+00 +6.1075459e+00 +1.3790590e+01 
-5.4095142e+01 -5.4034142e+01 -3.0906784e+01 -3.0796912e+01 -3.0164874e+01 -3.0027261e+01 -2.9829044e+01 -2.9684289e+01 -3.6323209e+00 -3.3311730e+00 -1.4941193e+00 -1.0675936e+00 +1.1606170e+00 +1.6956415e+00 +2.2758783e+00 +3.2652183e+00 +3.7043165e+00 +4.9374677e+00 +6.0890846e+00 +1.3835478e+01 
-5.4101055e+01 -5.4030081e+01 -3.0898150e+01 -3.0766900e+01 -3.0177247e+01 -3.0017294e+01 -2.9851994e+01 -2.9683982e+01 -3.6226378e+00 -3.2664621e+00 -1.4496303e+00 -9.4853326e-01 +8.4861279e-01 +1.3733011e+00 +2.1647377e+00 +3.1807208e+00 +3.6819595e+00 +4.7496893e+00 +6.0694471e+00 +1.3887818e+01 
-5.4107309e+01 -5.4025782e+01 -3.0888859e+01 -3.0734788e+01 -3.0190304e+01 -3.0006721e+01 -2.9876194e+01 -2.9683657e+01 -3.6179346e+00 -3.2016899e+00 -1.4021536e+00 -8.2029308e-01 +5.4387311e-01 +1.0872010e+00 +2.0584430e+00 +3.1140304e+00 +3.6588321e+00 +4.5561005e+00 +6.0487317e+00 +1.3948387e+01 
-5.4113875e+01 -5.4021264e+01 -3.0878944e+01 -3.0700735e+01 -3.0203979e+01 -2.9995586e+01 -2.9901524e+01 -2.9683316e+01 -3.6195892e+00 -3.1382897e+00 -1.3518295e+00 -6.8294239e-01 +2.4837625e-01 +8.3791610e-01 +1.9598566e+00 +3.0566533e+00 +3.6351147e+00 +4.3581137e+00 +6.0270412e+00 +1.4018047e+01 
-5.4120721e+01 -5.4016546e+01 -3.0868443e+01 -3.0664902e+01 -3.0218205e+01 -2.9983936e+01 -2.9927858e+01 -2.9682960e+01 -3.6289890e+00 -3.0778483e+00 -1.2988114e+00 -5.3655565e-01 -3.6470895e-02 +6.2362155e-01 +1.8719360e+00 +3.0047226e+00 +3.6109852e+00 +4.1570672e+00 +6.0044824e+00 +1.4097762e+01 
-5.4127816e+01 -5.4011649e+01 -3.0857396e+01 -3.0627455e+01 -3.0232914e+01 -2.9971818e+01 -2.9955068e+01 -2.9682590e+01 -3.6474410e+00 -3.0220714e+00 -1.2432666e+00 -3.8121443e-01 -3.0973776e-01 +4.4205117e-01 +1.7976813e+00 +2.9564285e+00 +3.5866159e+00 +3.9542159e+00 +5.9811652e+00 +1.4188632e+01 
-5.4135127e+01 -5.4006595e+01 -3.0845853e+01 -3.0588561e+01 -3.0248034e+01 -2.9983021e+01 -2.9959285e+01 -2.9682208e+01 -3.6760615e+00 -2.9727195e+00 -1.1853762e+00 -5.7087897e-01 -2.1701032e-01 +2.9102925e-01 +1.7400548e+00 +2.9109701e+00 +3.5621727e+00 +3.7507256e+00 +5.9572023e+00 +1.4291923e+01 
-5.4142619e+01 -5.4001407e+01 -3.0833865e+01 -3.0548394e+01 -3.0263492e+01 -3.0011583e+01 -2.9946388e+01 -2.9681816e+01 -3.7156607e+00 -2.9315112e+00 -1.1253358e+00 -8.1965151e-01 -4.4048728e-02 +1.6850770e-01 +1.7018693e+00 +2.8680883e+00 +3.5378128e+00 +3.5476703e+00 +5.9327081e+00 +1.4409103e+01 
-5.4150259e+01 -5.3996107e+01 -3.0821486e+01 -3.0507131e+01 -3.0279216e+01 -3.0040618e+01 -2.9933184e+01 -2.9681415e+01 -3.7666427e+00 -2.8999973e+00 -1.0633558e+00 -1.0560424e+00 +7.2452782e-02 +1.3754603e-01 +1.6856462e+00 +2.8278399e+00 +3.3460319e+00 +3.5136836e+00 +5.9077983e+00 +1.4541883e+01 
-5.4158012e+01 -5.3990720e+01 -3.0808776e+01 -3.0464955e+01 -3.0295130e+01 -3.0069988e+01 -2.9919730e+01 -2.9681008e+01 -3.8289473e+00 -2.8794207e+00 -1.2802075e+00 -9.9966136e-01 +7.2155110e-04 +3.2762440e-01 +1.6934592e+00 +2.7904785e+00 +3.1467029e+00 +3.4899217e+00 +5.8825894e+00 +1.4692261e+01 
-5.4165842e+01 -5.3985269e+01 -3.0795796e+01 -3.0422051e+01 -3.0311162e+01 -3.0099559e+01 -2.9906084e+01 -2.9680596e+01 -3.9020468e+00 -2.8705874e+00 -1.4924211e+00 -9.3449260e-01 -4.9013427e-02 +5.2600365e-01 +1.7267866e+00 +2.7563863e+00 +2.9504893e+00 +3.4666521e+00 +5.8571978e+00 +1.4862570e+01 
-5.4173714e+01 -5.3979779e+01 -3.0782608e+01 -3.0378611e+01 -3.0327236e+01 -3.0129191e+01 -2.9892305e+01 -2.9680181e+01 -3.9850004e+00 -2.8737780e+00 -1.6930351e+00 -8.6810456e-01 -7.9274706e-02 +7.3245834e-01 +1.7864009e+00 +2.7260304e+00 +2.7581160e+00 +3.4439874e+00 +5.8317395e+00 +1.5055528e+01 
-5.4181592e+01 -5.3974276e+01 -3.0769279e+01 -3.0343279e+01 -3.0334828e+01 -3.0158751e+01 -2.9878457e+01 -2.9679765e+01 -4.0765498e+00 -2.8887232e+00 -1.8824472e+00 -8.0076695e-01 -9.2735474e-02 +9.4670896e-01 +1.8723185e+00 +2.5702321e+00 +2.6999302e+00 +3.4220273e+00 +5.8063293e+00 +1.5274292e+01 
-5.4189442e+01 -5.3968783e+01 -3.0755874e+01 -3.0359218e+01 -3.0290900e+01 -3.0188103e+01 -2.9864599e+01 -2.9679350e+01 -4.1752328e+00 -2.9146488e+00 -2.0610761e+00 -7.3276374e-01 -9.2142000e-02 +1.1684087e+00 +1.9838152e+00 +2.3874171e+00 +2.6786296e+00 +3.4008590e+00 +5.7810804e+00 +1.5522503e+01 
-5.4197228e+01 -5.3963327e+01 -3.0742460e+01 -3.0374982e+01 -3.0247029e+01 -3.0217115e+01 -2.9850796e+01 -2.9678937e+01 -4.2794935e+00 -2.9503781e+00 -2.2293430e+00 -6.6439255e-01 -8.0225561e-02 +1.3971282e+00 +2.1194949e+00 +2.2101865e+00 +2.6626681e+00 +3.3805567e+00 +5.7561040e+00 +1.5804337e+01 
-5.4204916e+01 -5.3957932e+01 -3.0729105e+01 -3.0390500e+01 -3.0245664e+01 -3.0203410e+01 -2.9837109e+01 -2.9678529e+01 -4.3877710e+00 -2.9944631e+00 -2.3876579e+00 -5.9596383e-01 -5.9619637e-02 +1.6323387e+00 +2.0389987e+00 +2.2773870e+00 +2.6525490e+00 +3.3611819e+00 +5.7315085e+00 +1.6124530e+01 
-5.4212472e+01 -5.3952623e+01 -3.0715876e+01 -3.0405705e+01 -3.0273614e+01 -3.0160257e+01 -2.9823602e+01 -2.9678127e+01 -4.4985642e+00 -3.0453186e+00 -2.5364101e+00 -5.2779975e-01 -3.2789600e-02 +1.8733839e+00 +1.8742700e+00 +2.4550461e+00 +2.6487046e+00 +3.3427841e+00 +5.7073995e+00 +1.6488387e+01 
-5.4219863e+01 -5.3947424e+01 -3.0702841e+01 -3.0420531e+01 -3.0300850e+01 -3.0117768e+01 -2.9810336e+01 -2.9677733e+01 -4.6104702e+00 -3.1013362e+00 -2.6759617e+00 -4.6023285e-01 -1.9761026e-03 +1.7163312e+00 +2.1195085e+00 +2.6496379e+00 +2.6514584e+00 +3.3254011e+00 +5.6838791e+00 +1.6901747e+01 
-5.4227056e+01 -5.3942360e+01 -3.0690065e+01 -3.0434914e+01 -3.0327252e+01 -3.0076146e+01 -2.9797373e+01 -2.9677349e+01 -4.7222047e+00 -3.1609698e+00 -2.8066438e+00 -3.9360443e-01 +3.0849044e-02 +1.5655313e+00 +2.3697405e+00 +2.6609748e+00 +2.8580199e+00 +3.3090595e+00 +5.6610457e+00 +1.7370890e+01 
-5.4234020e+01 -5.3937455e+01 -3.0677615e+01 -3.0448796e+01 -3.0352708e+01 -3.0035595e+01 -2.9784775e+01 -2.9676977e+01 -4.8326066e+00 -3.2227892e+00 -2.9287542e+00 -3.2826260e-01 +6.4015287e-02 +1.4221432e+00 +2.6229690e+00 +2.6772429e+00 +3.0767806e+00 +3.2937760e+00 +5.6389937e+00 +1.7902355e+01 
-5.4240725e+01 -5.3932730e+01 -3.0665553e+01 -3.0462117e+01 -3.0377112e+01 -2.9996314e+01 -2.9772600e+01 -2.9676618e+01 -4.9406355e+00 -3.2855098e+00 -3.0425571e+00 -2.6456010e-01 +9.6173245e-02 +1.2864178e+00 +2.7000262e+00 +2.8778763e+00 +3.2795580e+00 +3.3023218e+00 +5.6178129e+00 +1.8502645e+01 
-5.4247142e+01 -5.3928208e+01 -3.0653944e+01 -3.0474824e+01 -3.0400362e+01 -2.9958498e+01 -2.9760907e+01 -2.9676274e+01 -5.0453638e+00 -3.3480016e+00 -3.1482836e+00 -2.0285184e-01 +1.2630023e-01 +1.1585773e+00 +2.7288572e+00 +3.1329324e+00 +3.2664044e+00 +3.5309219e+00 +5.5975889e+00 +1.9177779e+01 
-5.4253243e+01 -5.3923910e+01 -3.0642845e+01 -3.0486866e+01 -3.0422364e+01 -2.9922338e+01 -2.9749750e+01 -2.9675947e+01 -5.1459665e+00 -3.4092864e+00 -3.2461331e+00 -1.4349213e-01 +1.5368978e-01 +1.0388186e+00 +2.7630366e+00 +3.2543072e+00 +3.3863842e+00 +3.7588294e+00 +5.5784022e+00 +1.9932667e+01 
-5.4259002e+01 -5.3919856e+01 -3.0632316e+01 -3.0498197e+01 -3.0443033e+01 -2.9888019e+01 -2.9739185e+01 -2.9675637e+01 -5.2417115e+00 -3.4685274e+00 -3.3362753e+00 -8.6831719e-02 +1.7792529e-01 +9.2731621e-01 +2.8016533e+00 +3.2432519e+00 +3.6362514e+00 +3.9823731e+00 +5.5603283e+00 +2.0770277e+01 
-5.4264395e+01 -5.3916063e+01 -3.0622411e+01 -3.0508773e+01 -3.0462288e+01 -2.9855718e+01 -2.9729262e+01 -2.9675347e+01 -5.3319497e+00 -3.5250154e+00 -3.4188522e+00 -3.3214614e-02 +1.9884027e-01 +8.2422466e-01 +2.8436195e+00 +3.2332192e+00 +3.8803323e+00 +4.1980806e+00 +5.5434378e+00 +2.1690593e+01 
-5.4269399e+01 -5.3912549e+01 -3.0613181e+01 -3.0518555e+01 -3.0480059e+01 -2.9825606e+01 -2.9720029e+01 -2.9675077e+01 -5.4161068e+00 -3.5781537e+00 -3.4939812e+00 +1.7025258e-02 +2.1646986e-01 +7.2968046e-01 +2.8877183e+00 +3.2241860e+00 +4.1162200e+00 +4.4027910e+00 +5.5277956e+00 +2.2689373e+01 
-5.4273992e+01 -5.3909329e+01 -3.0604676e+01 -3.0527508e+01 -3.0496285e+01 -2.9797842e+01 -2.9711532e+01 -2.9674829e+01 -5.4936761e+00 -3.6274429e+00 -3.5617576e+00 +6.3567504e-02 +2.3099902e-01 +6.4380386e-01 +2.9326569e+00 +3.2161265e+00 +4.3413329e+00 +4.5937462e+00 +5.5134617e+00 +2.3756781e+01 
-5.4278155e+01 -5.3906416e+01 -3.0596940e+01 -3.0535599e+01 -3.0510913e+01 -2.9772575e+01 -2.9703812e+01 -2.9674605e+01 -5.5642123e+00 -3.6724678e+00 -3.6222575e+00 +1.0610876e-01 +2.4271262e-01 +5.6670035e-01 +2.9771201e+00 +3.2090131e+00 +4.5529593e+00 +4.7686475e+00 +5.5004901e+00 +2.4876015e+01 
-5.4281870e+01 -5.3903823e+01 -3.0590014e+01 -3.0542801e+01 -3.0523898e+01 -2.9749941e+01 -2.9696907e+01 -2.9674404e+01 -5.6273268e+00 -3.7128854e+00 -3.6755402e+00 +1.4436617e-01 +2.5195121e-01 +4.9846174e-01 +3.0198193e+00 +3.2028182e+00 +4.7483175e+00 +4.9256721e+00 +5.4889296e+00 +2.6022163e+01 
-5.4285122e+01 -5.3901558e+01 -3.0583935e+01 -3.0549089e+01 -3.0535206e+01 -2.9730064e+01 -2.9690851e+01 -2.9674228e+01 -5.6826840e+00 -3.7484143e+00 -3.7216514e+00 +1.7808076e-01 +2.5907447e-01 +4.3916723e-01 +3.0595358e+00 +3.1975143e+00 +4.9246302e+00 +5.0634504e+00 +5.4788231e+00 +2.7161609e+01 
-5.4287897e+01 -5.3899630e+01 -3.0578736e+01 -3.0554443e+01 -3.0544808e+01 -2.9713054e+01 -2.9685675e+01 -2.9674078e+01 -5.7299976e+00 -3.7788263e+00 -3.7606252e+00 +2.0702070e-01 +2.6443285e-01 +3.8888412e-01 +3.0951559e+00 +3.1930756e+00 +5.0792111e+00 +5.1810133e+00 +5.4702082e+00 +2.8252419e+01 
-5.4290183e+01 -5.3898046e+01 -3.0574443e+01 -3.0558847e+01 -3.0552684e+01 -2.9699005e+01 -2.9681404e+01 -2.9673954e+01 -5.7690290e+00 -3.8039389e+00 -3.7924863e+00 +2.3098423e-01 +2.6834674e-01 +3.4766845e-01 +3.1256987e+00 +3.1894787e+00 +5.2095597e+00 +5.2777198e+00 +5.4631163e+00 +2.9246119e+01 
-5.4291972e+01 -5.3896809e+01 -3.0571080e+01 -3.0562286e+01 -3.0558822e+01 -2.9687995e+01 -2.9678060e+01 -2.9673857e+01 -5.7995850e+00 -3.8236104e+00 -3.8172522e+00 +2.4980238e-01 +2.7109205e-01 +3.1556551e-01 +3.1503372e+00 +3.1867035e+00 +5.3134583e+00 +5.3531790e+00 +5.4575735e+00 +3.0091143e+01 
-5.4293255e+01 -5.3895924e+01 -3.0568665e+01 -3.0564750e+01 -3.0563211e+01 -2.9680086e+01 -2.9675660e+01 -2.9673788e+01 -5.8215163e+00 -3.8377345e+00 -3.8349349e+00 +2.6334121e-01 +2.7289061e-01 +2.9261015e-01 +3.1684141e+00 +3.1847333e+00 +5.3890666e+00 +5.4071744e+00 +5.4535999e+00 +3.0737866e+01 
-5.4294026e+01 -5.3895392e+01 -3.0567211e+01 -3.0566231e+01 -3.0565846e+01 -2.9675323e+01 -2.9674214e+01 -2.9673746e+01 -5.8347173e+00 -3.8462378e+00 -3.8455417e+00 +2.7150371e-01 +2.7390422e-01 +2.7882709e-01 +3.1794528e+00 +3.1835562e+00 +5.4350034e+00 +5.4396001e+00 +5.4512100e+00 +3.1144604e+01 
-5.4294284e+01 -5.3895215e+01 -3.0566725e+01 -3.0566725e+01 -3.0566725e+01 -2.9673732e+01 -2.9673732e+01 -2.9673732e+01 -5.8391247e+00 -3.8490769e+00 -3.8490769e+00 +2.7423110e-01 +2.7423110e-01 +2.7423111e-01 +3.1831646e+00 +3.1831646e+00 +5.4504124e+00 +5.4504124e+00 +5.4504124e+00 +3.1283459e+01 
-5.4294021e+01 -5.3895396e+01 -3.0566887e+01 -3.0566887e+01 -3.0565496e+01 -2.9675513e+01 -2.9673905e+01 -2.9673905e+01 -5.8346300e+00 -3.8458264e+00 -3.8458264e+00 +2.7226375e-01 +2.7226375e-01 +2.7973670e-01 +3.1814729e+00 +3.1814729e+00 +5.4307440e+00 +5.4472813e+00 +5.4472813e+00 +3.1142014e+01 
-5.4293234e+01 -5.3895938e+01 -3.0567372e+01 -3.0567372e+01 -3.0561813e+01 -2.9680843e+01 -2.9674427e+01 -2.9674427e+01 -5.8211690e+00 -3.8360800e+00 -3.8360800e+00 +2.6634162e-01 +2.6634163e-01 +2.9625831e-01 +3.1764647e+00 +3.1764647e+00 +5.3719633e+00 +5.4379164e+00 +5.4379164e+00 +3.0729600e+01 
-5.4291927e+01 -5.3896840e+01 -3.0568173e+01 -3.0568173e+01 -3.0555690e+01 -2.9689680e+01 -2.9675299e+01 -2.9675299e+01 -5.7988107e+00 -3.8198535e+00 -3.8198535e+00 +2.5640608e-01 +2.5640608e-01 +3.2381024e-01 +3.1683383e+00 +3.1683383e+00 +5.2747575e+00 +5.4224027e+00 +5.4224027e+00 +3.0079674e+01 
-5.4290105e+01 -5.3898098e+01 -3.0569283e+01 -3.0569283e+01 -3.0547150e+01 -2.9701954e+01 -2.9676523e+01 -2.9676523e+01 -5.7676690e+00 -3.7971736e+00 -3.7971736e+00 +2.4236440e-01 +2.4236441e-01 +3.6241580e-01 +3.1574156e+00 +3.1574156e+00 +5.1403161e+00 +5.4008797e+00 +5.4008797e+00 +2.9241083e+01 
-5.4287777e+01 -5.3899708e+01 -3.0570689e+01 -3.0570689e+01 -3.0536229e+01 -2.9717571e+01 -2.9678105e+01 -2.9678105e+01 -5.7279012e+00 -3.7680777e+00 -3.7680777e+00 +2.2409734e-01 +2.2409734e-01 +4.1210654e-01 +3.1441301e+00 +3.1441301e+00 +4.9703808e+00 +5.3735396e+00 +5.3735396e+00 +2.8270032e+01 
-5.4284953e+01 -5.3901663e+01 -3.0572374e+01 -3.0572374e+01 -3.0522976e+01 -2.9736410e+01 -2.9680050e+01 -2.9680050e+01 -5.6797055e+00 -3.7326142e+00 -3.7326142e+00 +2.0146945e-01 +2.0146945e-01 +4.7292116e-01 +3.1290099e+00 +3.1290099e+00 +4.7672907e+00 +5.3406232e+00 +5.3406232e+00 +2.7222330e+01 
-5.4281648e+01 -5.3903953e+01 -3.0574321e+01 -3.0574321e+01 -3.0507458e+01 -2.9758326e+01 -2.9682364e+01 -2.9682364e+01 -5.6233184e+00 -3.6908434e+00 -3.6908434e+00 +1.7434211e-01 +1.7434211e-01 +5.4490424e-01 +3.1126565e+00 +3.1126565e+00 +4.5339984e+00 +5.3024165e+00 +5.3024165e+00 +2.6147519e+01 
-5.4277875e+01 -5.3906568e+01 -3.0576506e+01 -3.0576506e+01 -3.0489755e+01 -2.9783152e+01 -2.9685055e+01 -2.9685055e+01 -5.5590115e+00 -3.6428375e+00 -3.6428375e+00 +1.4258854e-01 +1.4258854e-01 +6.2810476e-01 +3.0957207e+00 +3.0957207e+00 +4.2740384e+00 +5.2592454e+00 +5.2592454e+00 +2.5085490e+01 
-5.4273654e+01 -5.3909494e+01 -3.0578906e+01 -3.0578906e+01 -3.0469968e+01 -2.9810702e+01 -2.9688132e+01 -2.9688132e+01 -5.4870876e+00 -3.5886819e+00 -3.5886819e+00 +1.0611018e-01 +1.0611018e-01 +7.2257437e-01 +3.0788764e+00 +3.0788764e+00 +3.9914366e+00 +5.2114712e+00 +5.2114712e+00 +2.4065420e+01 
-5.4269002e+01 -5.3912715e+01 -3.0581493e+01 -3.0581493e+01 -3.0448215e+01 -2.9840769e+01 -2.9691604e+01 -2.9691604e+01 -5.4078768e+00 -3.5284757e+00 -3.5284757e+00 +6.4853247e-02 +6.4853250e-02 +8.2836577e-01 +3.0627932e+00 +3.0627932e+00 +3.6905639e+00 +5.1594848e+00 +5.1594848e+00 +2.3106385e+01 
-5.4263942e+01 -5.3916213e+01 -3.0584236e+01 -3.0584236e+01 -3.0424631e+01 -2.9873132e+01 -2.9695481e+01 -2.9695481e+01 -5.3217317e+00 -3.4623337e+00 -3.4623337e+00 +1.8824242e-02 +1.8824245e-02 +9.4553088e-01 +3.0481100e+00 +3.0481100e+00 +3.3759474e+00 +5.1037015e+00 +5.1037015e+00 +2.2218932e+01 
-5.4258498e+01 -5.3919968e+01 -3.0587104e+01 -3.0587104e+01 -3.0399367e+01 -2.9907556e+01 -2.9699773e+01 -2.9699773e+01 -5.2290235e+00 -3.3903874e+00 -3.3903874e+00 -3.1897078e-02 -3.1897075e-02 +1.0741192e+00 +3.0354116e+00 +3.0354116e+00 +3.0520683e+00 +5.0445558e+00 +5.0445558e+00 +2.1407024e+01 
-5.4252693e+01 -5.3923959e+01 -3.0590062e+01 -3.0590062e+01 -3.0372591e+01 -2.9943794e+01 -2.9704493e+01 -2.9704493e+01 -5.1301367e+00 -3.3127875e+00 -3.3127875e+00 -8.7148489e-02 -8.7148486e-02 +1.2141763e+00 +2.7231742e+00 +3.0252086e+00 +3.0252086e+00 +4.9824963e+00 +4.9824963e+00 +2.0669929e+01 
-5.4246555e+01 -5.3928162e+01 -3.0593075e+01 -3.0593075e+01 -3.0344486e+01 -2.9981589e+01 -2.9709652e+01 -2.9709652e+01 -5.0254649e+00 -3.2297061e+00 -3.2297061e+00 -1.4668083e-01 -1.4668082e-01 +1.3657424e+00 +2.3931301e+00 +3.0179232e+00 +3.0179232e+00 +4.9179814e+00 +4.9179814e+00 +2.0003858e+01 
-5.4240112e+01 -5.3932554e+01 -3.0596106e+01 -3.0596106e+01 -3.0315246e+01 -3.0020677e+01 -2.9715261e+01 -2.9715261e+01 -4.9154060e+00 -3.1413401e+00 -3.1413401e+00 -2.1015867e-01 -2.1015866e-01 +1.5288514e+00 +2.0653205e+00 +3.0138809e+00 +3.0138809e+00 +4.8514745e+00 +4.8514745e+00 +1.9403252e+01 
-5.4233393e+01 -5.3937109e+01 -3.0599116e+01 -3.0599116e+01 -3.0285080e+01 -3.0060789e+01 -2.9721331e+01 -2.9721331e+01 -4.8003581e+00 -3.0479142e+00 -3.0479142e+00 -2.7716605e-01 -2.7716604e-01 +1.7035303e+00 +1.7426066e+00 +3.0133078e+00 +3.0133078e+00 +4.7834411e+00 +4.7834411e+00 +1.8861729e+01 
-5.4226429e+01 -5.3941801e+01 -3.0602066e+01 -3.0602066e+01 -3.0254203e+01 -3.0101655e+01 -2.9727875e+01 -2.9727875e+01 -4.6807151e+00 -2.9496851e+00 -2.9496851e+00 -3.4721646e-01 -3.4721646e-01 +1.4273271e+00 +1.8897992e+00 +3.0163331e+00 +3.0163331e+00 +4.7143456e+00 +4.7143456e+00 +1.8372727e+01 
-5.4219252e+01 -5.3946604e+01 -3.0604916e+01 -3.0604916e+01 -3.0222842e+01 -3.0143003e+01 -2.9734904e+01 -2.9734904e+01 -4.5568633e+00 -2.8469457e+00 -2.8469457e+00 -4.1976609e-01 -4.1976608e-01 +1.1213373e+00 +2.0876703e+00 +3.0229967e+00 +3.0229967e+00 +4.6446490e+00 +4.6446490e+00 +1.7929918e+01 
-5.4211892e+01 -5.3951492e+01 -3.0607627e+01 -3.0607627e+01 -3.0191236e+01 -3.0184554e+01 -2.9742428e+01 -2.9742428e+01 -4.4291778e+00 -2.7400302e+00 -2.7400302e+00 -4.9422886e-01 -4.9422886e-01 +8.2606379e-01 +2.2971500e+00 +3.0332585e+00 +3.0332585e+00 +4.5748071e+00 +4.5748071e+00 +1.7527446e+01 
-5.4204384e+01 -5.3956437e+01 -3.0610158e+01 -3.0610158e+01 -3.0226063e+01 -3.0159600e+01 -2.9750458e+01 -2.9750458e+01 -4.2980197e+00 -2.6293189e+00 -2.6293189e+00 -5.6999221e-01 -5.6999221e-01 +5.4257247e-01 +2.5182391e+00 +3.0470108e+00 +3.0470108e+00 +4.5052696e+00 +4.5052696e+00 +1.7160040e+01 
-5.4196761e+01 -5.3961414e+01 -3.0612469e+01 -3.0612469e+01 -3.0267243e+01 -3.0128201e+01 -2.9759001e+01 -2.9759001e+01 -4.1637339e+00 -2.5152437e+00 -2.5152437e+00 -6.4643224e-01 -6.4643223e-01 +2.7163554e-01 +2.7509343e+00 +3.0640900e+00 +3.0640900e+00 +4.4364794e+00 +4.4364794e+00 +1.6823056e+01 
-5.4189055e+01 -5.3966395e+01 -3.0614521e+01 -3.0614521e+01 -3.0307846e+01 -3.0097272e+01 -2.9768068e+01 -2.9768068e+01 -4.0266467e+00 -2.3982932e+00 -2.3982932e+00 -7.2292757e-01 -7.2292756e-01 +1.3793826e-02 +2.9952300e+00 +3.0842886e+00 +3.0842886e+00 +4.3688723e+00 +4.3688723e+00 +1.6512462e+01 
-5.4181301e+01 -5.3971355e+01 -3.0616275e+01 -3.0616275e+01 -3.0347623e+01 -3.0067057e+01 -2.9777664e+01 -2.9777664e+01 -3.8870644e+00 -2.2790173e+00 -2.2790173e+00 -7.9887135e-01 -7.9887135e-01 -2.3058875e-01 +3.1073662e+00 +3.1073662e+00 +3.2511199e+00 +4.3028770e+00 +4.3028770e+00 +1.6224798e+01 
-5.4173532e+01 -5.3976270e+01 -3.0617694e+01 -3.0617694e+01 -3.0386333e+01 -3.0037796e+01 -2.9787796e+01 -2.9787796e+01 -3.7452728e+00 -2.1580314e+00 -2.1580314e+00 -8.7368110e-01 -8.7368110e-01 -4.6127980e-01 +3.1330592e+00 +3.1330592e+00 +3.5185984e+00 +4.2389155e+00 +4.2389156e+00 +1.5957125e+01 
-5.4165780e+01 -5.3981115e+01 -3.0618740e+01 -3.0618740e+01 -3.0423747e+01 -3.0009726e+01 -2.9798467e+01 -2.9798467e+01 -3.6015359e+00 -2.0360193e+00 -2.0360193e+00 -9.4680639e-01 -9.4680639e-01 -6.7814211e-01 +3.1610886e+00 +3.1610886e+00 +3.7976625e+00 +4.1774024e+00 +4.1774024e+00 +1.5706960e+01 
-5.4158077e+01 -5.3985868e+01 -3.0619379e+01 -3.0619379e+01 -3.0459645e+01 -2.9983078e+01 -2.9809680e+01 -2.9809680e+01 -3.4560971e+00 -1.9137337e+00 -1.9137337e+00 -1.0177345e+00 -1.0177345e+00 -8.8110538e-01 +3.1911671e+00 +3.1911671e+00 +4.0883117e+00 +4.1187443e+00 +4.1187443e+00 +1.5472220e+01 
-5.4150455e+01 -5.3990505e+01 -3.0619577e+01 -3.0619577e+01 -3.0493822e+01 -2.9958074e+01 -2.9821435e+01 -2.9821435e+01 -3.3091792e+00 -1.7919953e+00 -1.7919953e+00 -1.0859944e+00 -1.0859944e+00 -1.0701452e+00 +3.2230047e+00 +3.2230047e+00 +4.0633385e+00 +4.0633385e+00 +4.3905478e+00 +1.5251166e+01 
-5.4142945e+01 -5.3995008e+01 -3.0619302e+01 -3.0619302e+01 -3.0526086e+01 -2.9934928e+01 -2.9833730e+01 -2.9833730e+01 -3.1609868e+00 -1.6716875e+00 -1.6716875e+00 -1.2452680e+00 -1.1511588e+00 -1.1511588e+00 +3.2563125e+00 +3.2563125e+00 +4.0115699e+00 +4.0115700e+00 +4.7043717e+00 +1.5042346e+01 
-5.4135574e+01 -5.3999356e+01 -3.0618523e+01 -3.0618523e+01 -3.0556256e+01 -2.9913839e+01 -2.9846564e+01 -2.9846564e+01 -3.0117098e+00 -1.5537488e+00 -1.5537488e+00 -1.4065008e+00 -1.2128454e+00 -1.2128454e+00 +3.2908069e+00 +3.2908069e+00 +3.9638066e+00 +3.9638066e+00 +5.0297782e+00 +1.4844555e+01 
-5.4128372e+01 -5.4003533e+01 -3.0617212e+01 -3.0617212e+01 -3.0584169e+01 -2.9894993e+01 -2.9859929e+01 -2.9859929e+01 -2.8615280e+00 -1.5538849e+00 -1.4391594e+00 -1.4391594e+00 -1.2707168e+00 -1.2707168e+00 +3.3262117e+00 +3.3262117e+00 +3.9203930e+00 +3.9203930e+00 +5.3667452e+00 +1.4656789e+01 
-5.4121364e+01 -5.4007523e+01 -3.0615343e+01 -3.0615343e+01 -3.0609678e+01 -2.9878561e+01 -2.9873819e+01 -2.9873819e+01 -2.7106192e+00 -1.6874731e+00 -1.3289239e+00 -1.3289239e+00 -1.3244800e+00 -1.3244800e+00 +3.3622607e+00 +3.3622607e+00 +3.8816415e+00 +3.8816415e+00 +5.7152174e+00 +1.4478212e+01 
-5.4114574e+01 -5.4011311e+01 -3.0632648e+01 -3.0612893e+01 -3.0612893e+01 -2.9888222e+01 -2.9888222e+01 -2.9864694e+01 -2.5591702e+00 -1.8073283e+00 -1.3738849e+00 -1.3738849e+00 -1.2240488e+00 -1.2240488e+00 +3.3986988e+00 +3.3986988e+00 +3.8478206e+00 +3.8478206e+00 +6.0750798e+00 +1.4308128e+01 
-5.4108025e+01 -5.4014886e+01 -3.0652967e+01 -3.0609839e+01 -3.0609839e+01 -2.9903127e+01 -2.9903127e+01 -2.9853526e+01 -2.4073925e+00 -1.9135253e+00 -1.4187225e+00 -1.4187225e+00 -1.1255164e+00 -1.1255164e+00 +3.4352836e+00 +3.4352836e+00 +3.8191426e+00 +3.8191426e+00 +6.4461188e+00 +1.4145955e+01 
-5.4101738e+01 -5.4018237e+01 -3.0670534e+01 -3.0606162e+01 -3.0606162e+01 -2.9918519e+01 -2.9918519e+01 -2.9845167e+01 -2.2555439e+00 -2.0061527e+00 -1.4588233e+00 -1.4588233e+00 -1.0342540e+00 -1.0342540e+00 +3.4717862e+00 +3.4717862e+00 +3.7957485e+00 +3.7957485e+00 +6.8279650e+00 +1.3991208e+01 
-5.4095730e+01 -5.4021357e+01 -3.0685271e+01 -3.0601846e+01 -3.0601846e+01 -2.9934381e+01 -2.9934381e+01 -2.9839708e+01 -2.1039562e+00 -2.0853168e+00 -1.4940548e+00 -1.4940548e+00 -9.5110252e-01 -9.5110251e-01 +3.5079918e+00 +3.5079918e+00 +3.7776937e+00 +3.7776937e+00 +7.2200139e+00 +1.3843484e+01 
-5.4090018e+01 -5.4024238e+01 -3.0697115e+01 -3.0596874e+01 -3.0596874e+01 -2.9950692e+01 -2.9950692e+01 -2.9837215e+01 -2.1511452e+00 -1.9530713e+00 -1.5243198e+00 -1.5243198e+00 -8.7678507e-01 -8.7678507e-01 +3.5437001e+00 +3.5437001e+00 +3.7649354e+00 +3.7649354e+00 +7.6213175e+00 +1.3702447e+01 
-5.4084614e+01 -5.4026878e+01 -3.0706024e+01 -3.0591236e+01 -3.0591236e+01 -2.9967431e+01 -2.9967431e+01 -2.9837728e+01 -2.2037918e+00 -1.8034836e+00 -1.5495542e+00 -1.5495542e+00 -8.1187943e-01 -8.1187943e-01 +3.5787258e+00 +3.5787258e+00 +3.7573231e+00 +3.7573231e+00 +8.0304462e+00 +1.3567832e+01 
-5.4079531e+01 -5.4029275e+01 -3.0711973e+01 -3.0584921e+01 -3.0584921e+01 -2.9984574e+01 -2.9984574e+01 -2.9841266e+01 -2.2434407e+00 -1.6559882e+00 -1.5697246e+00 -1.5697246e+00 -7.5679590e-01 -7.5679590e-01 +3.6128982e+00 +3.6128982e+00 +3.7545952e+00 +3.7545952e+00 +8.4453210e+00 +1.3439426e+01 
-5.4074775e+01 -5.4031427e+01 -3.0714956e+01 -3.0577922e+01 -3.0577922e+01 -3.0002094e+01 -3.0002094e+01 -2.9847820e+01 -2.2703112e+00 -1.5848270e+00 -1.5848270e+00 -1.5116292e+00 -7.1176378e-01 -7.1176377e-01 +3.6460618e+00 +3.6460618e+00 +3.7563815e+00 +3.7563815e+00 +8.8630294e+00 +1.3317080e+01 
-5.4070354e+01 -5.4033339e+01 -3.0714986e+01 -3.0570234e+01 -3.0570234e+01 -3.0019963e+01 -3.0019963e+01 -2.9857357e+01 -2.2846617e+00 -1.5948845e+00 -1.5948845e+00 -1.3717412e+00 -6.7682737e-01 -6.7682736e-01 +3.6780750e+00 +3.6780750e+00 +3.7622146e+00 +3.7622146e+00 +9.2796515e+00 +1.3200695e+01 
-5.4066271e+01 -5.4035015e+01 -3.0712094e+01 -3.0561855e+01 -3.0561855e+01 -3.0038149e+01 -3.0038149e+01 -2.9869819e+01 -2.2867941e+00 -1.5999461e+00 -1.5999461e+00 -1.2379723e+00 -6.5185187e-01 -6.5185187e-01 +3.7088109e+00 +3.7088109e+00 +3.7715468e+00 +3.7715468e+00 +9.6901460e+00 +1.3090231e+01 
-5.4062526e+01 -5.4036460e+01 -3.0706326e+01 -3.0552786e+01 -3.0552786e+01 -3.0056621e+01 -3.0056621e+01 -2.9885125e+01 -2.2770569e+00 -1.6000853e+00 -1.6000853e+00 -1.1122752e+00 -6.3653815e-01 -6.3653815e-01 +3.7381554e+00 +3.7381554e+00 +3.7837731e+00 +3.7837731e+00 +1.0088359e+01 +1.2985699e+01 
-5.4059117e+01 -5.4037685e+01 -3.0697742e+01 -3.0543028e+01 -3.0543028e+01 -3.0075343e+01 -3.0075343e+01 -2.9903170e+01 -2.2558490e+00 -1.5953987e+00 -1.5953987e+00 -9.9685411e-01 -6.3044427e-01 -6.3044427e-01 +3.7660077e+00 +3.7660077e+00 +3.7982574e+00 +3.7982574e+00 +1.0467236e+01 +1.2887165e+01 
-5.4056039e+01 -5.4038698e+01 -3.0686416e+01 -3.0532588e+01 -3.0532588e+01 -3.0094280e+01 -3.0094280e+01 -2.9923825e+01 -2.2236225e+00 -1.5860052e+00 -1.5860052e+00 -8.9405858e-01 -6.3301132e-01 -6.3301132e-01 +3.7922785e+00 +3.7922786e+00 +3.8143590e+00 +3.8143590e+00 +1.0819282e+01 +1.2794745e+01 
-5.4053287e+01 -5.4039514e+01 -3.0672433e+01 -3.0521474e+01 -3.0521474e+01 -3.0113394e+01 -3.0113394e+01 -2.9946943e+01 -2.1808855e+00 -1.5720455e+00 -1.5720455e+00 -8.0622594e-01 -6.4359086e-01 -6.4359086e-01 +3.8168895e+00 +3.8168895e+00 +3.8314566e+00 +3.8314566e+00 +1.1137286e+01 +1.2708599e+01 
-5.4050851e+01 -5.4040145e+01 -3.0655885e+01 -3.0509695e+01 -3.0509695e+01 -3.0132647e+01 -3.0132647e+01 -2.9972357e+01 -2.1282054e+00 -1.5536812e+00 -1.5536812e+00 -7.3548713e-01 -6.6147154e-01 -6.6147154e-01 +3.8397721e+00 +3.8397721e+00 +3.8489688e+00 +3.8489688e+00 +1.1415198e+01 +1.2628928e+01 
-5.4048720e+01 -5.4040610e+01 -3.0636873e+01 -3.0497265e+01 -3.0497265e+01 -3.0151998e+01 -3.0151998e+01 -2.9999881e+01 -2.0662117e+00 -1.5310950e+00 -1.5310950e+00 -6.8590343e-01 -6.8590343e-01 -6.8356303e-01 +3.8608663e+00 +3.8608663e+00 +3.8663694e+00 +3.8663694e+00 +1.1648992e+01 +1.2555962e+01 
-5.4046882e+01 -5.4040924e+01 -3.0615510e+01 -3.0484199e+01 -3.0484199e+01 -3.0171407e+01 -3.0171407e+01 -3.0029314e+01 -1.9955998e+00 -1.5044904e+00 -1.5044904e+00 -7.1611878e-01 -7.1611878e-01 -6.5158594e-01 +3.8801195e+00 +3.8801195e+00 +3.8831967e+00 +3.8831967e+00 +1.1837284e+01 +1.2489952e+01 
-5.4045321e+01 -5.4041107e+01 -3.0591914e+01 -3.0470516e+01 -3.0470516e+01 -3.0190832e+01 -3.0190832e+01 -3.0060443e+01 -1.9171359e+00 -1.4740919e+00 -1.4740919e+00 -7.5134896e-01 -7.5134896e-01 -6.3997990e-01 +3.8974851e+00 +3.8974851e+00 +3.8990581e+00 +3.8990581e+00 +1.1981531e+01 +1.2431151e+01 
-5.4044021e+01 -5.4041181e+01 -3.0566218e+01 -3.0456236e+01 -3.0456236e+01 -3.0210231e+01 -3.0210231e+01 -3.0093040e+01 -1.8316633e+00 -1.4401459e+00 -1.4401459e+00 -7.9083760e-01 -7.9083760e-01 -6.4842130e-01 +3.9129215e+00 +3.9129215e+00 +3.9136303e+00 +3.9136303e+00 +1.2085742e+01 +1.2379796e+01 
-5.4042964e+01 -5.4041166e+01 -3.0538570e+01 -3.0441382e+01 -3.0441382e+01 -3.0229563e+01 -3.0229563e+01 -3.0126869e+01 -1.7401096e+00 -1.4029208e+00 -1.4029208e+00 -8.3385026e-01 -8.3385025e-01 -6.7588408e-01 +3.9263893e+00 +3.9263894e+00 +3.9266565e+00 +3.9266565e+00 +1.2155805e+01 +1.2336082e+01 
-5.4042132e+01 -5.4041086e+01 -3.0509129e+01 -3.0425979e+01 -3.0425979e+01 -3.0248783e+01 -3.0248783e+01 -3.0161686e+01 -1.6434976e+00 -1.3627083e+00 -1.3627083e+00 -8.7968115e-01 -8.7968115e-01 -7.2075513e-01 +3.9378465e+00 +3.9378465e+00 +3.9379453e+00 +3.9379453e+00 +1.2198629e+01 +1.2300131e+01 
-5.4041503e+01 -5.4040964e+01 -3.0478074e+01 -3.0410055e+01 -3.0410055e+01 -3.0267851e+01 -3.0267851e+01 -3.0197241e+01 -1.5429580e+00 -1.3198245e+00 -1.3198245e+00 -9.2765754e-01 -9.2765754e-01 -7.8099291e-01 +3.9472649e+00 +3.9472649e+00 +3.9473456e+00 +3.9473456e+00 +1.2221302e+01 +1.2271943e+01 
-5.4041056e+01 -5.4040824e+01 -3.0445597e+01 -3.0393640e+01 -3.0393640e+01 -3.0286725e+01 -3.0286725e+01 -3.0233281e+01 -1.4397445e+00 -1.2746109e+00 -1.2746109e+00 -9.7714219e-01 -9.7714219e-01 -8.5429822e-01 +3.9546447e+00 +3.9546447e+00 +3.9547241e+00 +3.9547241e+00 +1.2230442e+01 +1.2251344e+01 
-5.4040771e+01 -5.4040689e+01 -3.0411906e+01 -3.0376765e+01 -3.0376765e+01 -3.0305362e+01 -3.0305362e+01 -3.0269552e+01 -1.3352519e+00 -1.2274362e+00 -1.2274362e+00 -1.0275345e+00 -1.0275345e+00 -9.3827068e-01 +3.9599480e+00 +3.9599480e+00 +3.9600240e+00 +3.9600240e+00 +1.2231774e+01 +1.2237914e+01 
-5.4040627e+01 -5.4040580e+01 -3.0377221e+01 -3.0359466e+01 -3.0359466e+01 -3.0323722e+01 -3.0323722e+01 -3.0305798e+01 -1.2310344e+00 -1.1786976e+00 -1.1786976e+00 -1.0782706e+00 -1.0782706e+00 -1.0305338e+00 +3.9631415e+00 +3.9631415e+00 +3.9632160e+00 +3.9632160e+00 +1.2229855e+01 +1.2230997e+01 
-5.4040584e+01 -5.4040538e+01 -3.0342079e+01 -3.0342079e+01 -3.0342079e+01 -3.0341463e+01 -3.0341463e+01 -3.0341463e+01 -1.1288724e+00 -1.1288724e+00 -1.1288724e+00 -1.1287728e+00 -1.1287728e+00 -1.1287728e+00 +3.9642079e+00 +3.9642079e+00 +3.9642820e+00 +3.9642820e+00 +1.2228390e+01 +1.2229254e+01 
-5.4040626e+01 -5.4040579e+01 -3.0372231e+01 -3.0372228e+01 -3.0341832e+01 -3.0341216e+01 -3.0310957e+01 -3.0310954e+01 -1.2149574e+00 -1.2149533e+00 -1.1302119e+00 -1.1301125e+00 -1.0426043e+00 -1.0425999e+00 +3.9627624e+00 +3.9628370e+00 +3.9635623e+00 +3.9636365e+00 +1.2229975e+01 +1.2230834e+01 
-5.4040750e+01 -5.4040703e+01 -3.0402201e+01 -3.0402194e+01 -3.0341092e+01 -3.0340476e+01 -3.0279925e+01 -3.0279919e+01 -1.3005441e+00 -1.3005364e+00 -1.1342071e+00 -1.1341084e+00 -9.5681414e-01 -9.5680503e-01 +3.9584078e+00 +3.9584841e+00 +3.9616544e+00 +3.9617292e+00 +1.2234460e+01 +1.2235305e+01 
-5.4040955e+01 -5.4040909e+01 -3.0431554e+01 -3.0431543e+01 -3.0339861e+01 -3.0339247e+01 -3.0248811e+01 -3.0248803e+01 -1.3851712e+00 -1.3851600e+00 -1.1407892e+00 -1.1406915e+00 -8.7202950e-01 -8.7201528e-01 +3.9510911e+00 +3.9511701e+00 +3.9585707e+00 +3.9586464e+00 +1.2241025e+01 +1.2241847e+01 
-5.4041242e+01 -5.4041196e+01 -3.0460166e+01 -3.0460152e+01 -3.0338146e+01 -3.0337533e+01 -3.0217757e+01 -3.0217747e+01 -1.4684674e+00 -1.4684531e+00 -1.1498451e+00 -1.1497488e+00 -7.8889226e-01 -7.8887258e-01 +3.9407264e+00 +3.9408090e+00 +3.9544525e+00 +3.9545293e+00 +1.2248291e+01 +1.2249082e+01 
-5.4041608e+01 -5.4041563e+01 -3.0487920e+01 -3.0487902e+01 -3.0335953e+01 -3.0335342e+01 -3.0186904e+01 -3.0186892e+01 -1.5500957e+00 -1.5500785e+00 -1.1612205e+00 -1.1611259e+00 -7.0810719e-01 -7.0808171e-01 +3.9271979e+00 +3.9272851e+00 +3.9494916e+00 +3.9495699e+00 +1.2254306e+01 +1.2255057e+01 
-5.4042052e+01 -5.4042008e+01 -3.0514704e+01 -3.0514681e+01 -3.0333291e+01 -3.0332683e+01 -3.0156396e+01 -3.0156382e+01 -1.6297471e+00 -1.6297273e+00 -1.1747237e+00 -1.1746311e+00 -6.3043346e-01 -6.3040191e-01 +3.9103649e+00 +3.9104575e+00 +3.9439238e+00 +3.9440037e+00 +1.2256541e+01 +1.2257246e+01 
-5.4042572e+01 -5.4042528e+01 -3.0540413e+01 -3.0540386e+01 -3.0330171e+01 -3.0329567e+01 -3.0126375e+01 -3.0126359e+01 -1.7071371e+00 -1.7071147e+00 -1.1901298e+00 -1.1900394e+00 -5.5666814e-01 -5.5663033e-01 +3.8900672e+00 +3.8901659e+00 +3.9380202e+00 +3.9381018e+00 +1.2251919e+01 +1.2252572e+01 
-5.4043165e+01 -5.4043122e+01 -3.0564951e+01 -3.0564919e+01 -3.0326608e+01 -3.0326007e+01 -3.0096982e+01 -3.0096965e+01 -1.7820023e+00 -1.7819778e+00 -1.2071860e+00 -1.2070980e+00 -4.8762041e-01 -4.8757627e-01 +3.8661309e+00 +3.8662364e+00 +3.9320757e+00 +3.9321591e+00 +1.2236870e+01 +1.2237468e+01 
-5.4043829e+01 -5.4043786e+01 -3.0588227e+01 -3.0588190e+01 -3.0322615e+01 -3.0322018e+01 -3.0068358e+01 -3.0068339e+01 -1.8541002e+00 -1.8540736e+00 -1.2256166e+00 -1.2255311e+00 -4.2407697e-01 -4.2402657e-01 +3.8383756e+00 +3.8384883e+00 +3.9263957e+00 +3.9264808e+00 +1.2207459e+01 +1.2207998e+01 
-5.4044560e+01 -5.4044518e+01 -3.0610160e+01 -3.0610118e+01 -3.0318209e+01 -3.0317617e+01 -3.0040640e+01 -3.0040620e+01 -1.9232088e+00 -1.9231803e+00 -1.2451287e+00 -1.2450458e+00 -3.6675998e-01 -3.6670354e-01 +3.8066205e+00 +3.8067408e+00 +3.9212803e+00 +3.9213671e+00 +1.2159567e+01 +1.2160046e+01 
-5.4045354e+01 -5.4045314e+01 -3.0630676e+01 -3.0630628e+01 -3.0313410e+01 -3.0312822e+01 -3.0013961e+01 -3.0013940e+01 -1.9891276e+00 -1.9890975e+00 -1.2654174e+00 -1.2653371e+00 -3.1628088e-01 -3.1621880e-01 +3.7706918e+00 +3.7708199e+00 +3.9170088e+00 +3.9170968e+00 +1.2089140e+01 +1.2089560e+01 
-5.4046210e+01 -5.4046170e+01 -3.0649708e+01 -3.0649654e+01 -3.0308238e+01 -3.0307655e+01 -2.9988452e+01 -2.9988430e+01 -2.0516803e+00 -2.0516488e+00 -1.2861710e+00 -1.2860933e+00 -2.7309441e-01 -2.7302724e-01 +3.7304290e+00 +3.7305650e+00 +3.9138230e+00 +3.9139122e+00 +1.1992488e+01 +1.1992851e+01 
-5.4047122e+01 -5.4047083e+01 -3.0667194e+01 -3.0667135e+01 -3.0302714e+01 -3.0302136e+01 -2.9964238e+01 -2.9964215e+01 -2.1107163e+00 -2.1106837e+00 -1.3070760e+00 -1.3070008e+00 -2.3745815e-01 -2.3738655e-01 +3.6856909e+00 +3.6858348e+00 +3.9119147e+00 +3.9120045e+00 +1.1866597e+01 +1.1866907e+01 
-5.4048086e+01 -5.4048049e+01 -3.0683082e+01 -3.0683016e+01 -3.0296862e+01 -3.0296291e+01 -2.9941437e+01 -2.9941414e+01 -2.1661140e+00 -2.1660806e+00 -1.3278210e+00 -1.3277482e+00 -2.0940245e-01 -2.0932721e-01 +3.6363613e+00 +3.6365129e+00 +3.9114143e+00 +3.9115045e+00 +1.1709419e+01 +1.1709682e+01 
-5.4049099e+01 -5.4049063e+01 -3.0697322e+01 -3.0697249e+01 -3.0290708e+01 -3.0290143e+01 -2.9920164e+01 -2.9920140e+01 -2.2177832e+00 -2.2177492e+00 -1.3481013e+00 -1.3480306e+00 -1.8871487e-01 -1.8863681e-01 +3.5823541e+00 +3.5825133e+00 +3.9123860e+00 +3.9124760e+00 +1.1520091e+01 +1.1520311e+01 
-5.4050155e+01 -5.4050121e+01 -3.0709870e+01 -3.0709790e+01 -3.0284278e+01 -3.0283719e+01 -2.9900522e+01 -2.9900498e+01 -2.2656673e+00 -2.2656331e+00 -1.3676214e+00 -1.3675529e+00 -1.7494095e-01 -1.7486090e-01 +3.5236173e+00 +3.5237837e+00 +3.9148260e+00 +3.9149154e+00 +1.1299035e+01 +1.1299219e+01 
-5.4051252e+01 -5.4051219e+01 -3.0720686e+01 -3.0720599e+01 -3.0277600e+01 -3.0277047e+01 -2.9882610e+01 -2.9882586e+01 -2.3097459e+00 -2.3097118e+00 -1.3860989e+00 -1.3860322e+00 -1.6740097e-01 -1.6731972e-01 +3.4601368e+00 +3.4603100e+00 +3.9186664e+00 +3.9187549e+00 +1.1047940e+01 +1.1048094e+01 
-5.4052383e+01 -5.4052352e+01 -3.0729734e+01 -3.0729641e+01 -3.0270703e+01 -3.0270157e+01 -2.9866516e+01 -2.9866491e+01 -2.3500358e+00 -2.3500023e+00 -1.4032661e+00 -1.4032009e+00 -1.6522041e-01 -1.6513870e-01 +3.3919388e+00 +3.3921183e+00 +3.9237816e+00 +3.9238687e+00 +1.0769605e+01 +1.0769736e+01 
-5.4053546e+01 -5.4053515e+01 -3.0736985e+01 -3.0736883e+01 -3.0263616e+01 -3.0263078e+01 -2.9852320e+01 -2.9852295e+01 -2.3865922e+00 -2.3865597e+00 -1.4188725e+00 -1.4188086e+00 -1.6736993e-01 -1.6728843e-01 +3.3190919e+00 +3.3192772e+00 +3.9299961e+00 +3.9300816e+00 +1.0467696e+01 +1.0467809e+01 
-5.4054733e+01 -5.4054705e+01 -3.0742410e+01 -3.0742301e+01 -3.0256372e+01 -3.0255841e+01 -2.9840090e+01 -2.9840065e+01 -2.4195090e+00 -2.4194780e+00 -1.4326861e+00 -1.4326233e+00 -1.7271035e-01 -1.7262964e-01 +3.2417086e+00 +3.2418991e+00 +3.9370932e+00 +3.9371766e+00 +1.0146436e+01 +1.0146535e+01 
-5.4055942e+01 -5.4055915e+01 -3.0745990e+01 -3.0745874e+01 -3.0249002e+01 -3.0248478e+01 -2.9829887e+01 -2.9829861e+01 -2.4489179e+00 -2.4488888e+00 -1.4444953e+00 -1.4444333e+00 -1.8003810e-01 -1.7995871e-01 +3.1599456e+00 +3.1601408e+00 +3.9448209e+00 +3.9449019e+00 +9.8102972e+00 +9.8103875e+00 
-5.4057167e+01 -5.4057141e+01 -3.0747710e+01 -3.0747585e+01 -3.0241539e+01 -3.0241022e+01 -2.9821756e+01 -2.9821730e+01 -2.4749867e+00 -2.4749601e+00 -1.4541094e+00 -1.4540480e+00 -1.8812747e-01 -1.8804989e-01 +3.0740043e+00 +3.0742035e+00 +3.9528964e+00 +3.9529747e+00 +9.4637252e+00 +9.4638093e+00 
-5.4058402e+01 -5.4058378e+01 -3.0747562e+01 -3.0747428e+01 -3.0234015e+01 -3.0233506e+01 -2.9815734e+01 -2.9815707e+01 -2.4979168e+00 -2.4978934e+00 -1.4613603e+00 -1.4612993e+00 -1.9576745e-01 -1.9569213e-01 +2.9841299e+00 +2.9843325e+00 +3.9610059e+00 +3.9610812e+00 +9.1109189e+00 +9.1109992e+00 
-5.4059642e+01 -5.4059620e+01 -3.0745544e+01 -3.0745402e+01 -3.0226464e+01 -3.0225963e+01 -2.9811845e+01 -2.9811817e+01 -2.5179394e+00 -2.5179196e+00 -1.4661030e+00 -1.4660420e+00 -2.0179169e-01 -2.0171910e-01 +2.8906109e+00 +2.8908162e+00 +3.9688014e+00 +3.9688734e+00 +8.7556906e+00 +8.7557687e+00 
-5.4060883e+01 -5.4060862e+01 -3.0741666e+01 -3.0741515e+01 -3.0218920e+01 -3.0218427e+01 -2.9810100e+01 -2.9810071e+01 -2.5353098e+00 -2.5352944e+00 -1.4682167e+00 -1.4681556e+00 -2.0510181e-01 -2.0503245e-01 +2.7937778e+00 +2.7939852e+00 +3.9758916e+00 +3.9759599e+00 +8.4013954e+00 +8.4014722e+00 
-5.4062118e+01 -5.4062099e+01 -3.0735943e+01 -3.0735783e+01 -3.0211417e+01 -3.0210931e+01 -2.9810497e+01 -2.9810467e+01 -2.5503018e+00 -2.5502914e+00 -1.4676063e+00 -1.4675448e+00 -2.0468459e-01 -2.0461900e-01 +2.6940016e+00 +2.6942105e+00 +3.9818274e+00 +3.9818917e+00 +8.0509252e+00 +8.0510013e+00 
-5.4063342e+01 -5.4063324e+01 -3.0728402e+01 -3.0728232e+01 -3.0203989e+01 -3.0203510e+01 -2.9813024e+01 -2.9812992e+01 -2.5631998e+00 -2.5631948e+00 -1.4642034e+00 -1.4641414e+00 -1.9962420e-01 -1.9956296e-01 +2.5916927e+00 +2.5919026e+00 +3.9860797e+00 +3.9861396e+00 +7.7067532e+00 +7.7068289e+00 
-5.4064550e+01 -5.4064534e+01 -3.0719076e+01 -3.0718898e+01 -3.0196669e+01 -3.0196197e+01 -2.9817652e+01 -2.9817617e+01 -2.5742914e+00 -2.5742904e+00 -1.4579684e+00 -1.4579056e+00 -1.8911073e-01 -1.8905446e-01 +2.4872995e+00 +2.4875098e+00 +3.9880075e+00 +3.9880624e+00 +7.3710175e+00 +7.3710925e+00 
-5.4065736e+01 -5.4065721e+01 -3.0708013e+01 -3.0707824e+01 -3.0189490e+01 -3.0189026e+01 -2.9824340e+01 -2.9824303e+01 -2.5838617e+00 -2.5838541e+00 -1.4488922e+00 -1.4488285e+00 -1.7244613e-01 -1.7239550e-01 +2.3813071e+00 +2.3815172e+00 +3.9868106e+00 +3.9868601e+00 +7.0456334e+00 +7.0457075e+00 
-5.4066895e+01 -5.4066882e+01 -3.0695266e+01 -3.0695067e+01 -3.0182485e+01 -3.0182028e+01 -2.9833036e+01 -2.9832995e+01 -2.5921710e+00 -2.5921565e+00 -1.4369995e+00 -1.4369347e+00 -1.4904854e-01 -1.4900425e-01 +2.2742368e+00 +2.2744463e+00 +3.9814650e+00 +3.9815084e+00 +6.7324312e+00 +6.7325039e+00 
-5.4068021e+01 -5.4068009e+01 -3.0680904e+01 -3.0680693e+01 -3.0175687e+01 -3.0175237e+01 -2.9843669e+01 -2.9843625e+01 -2.5994620e+00 -2.5994402e+00 -1.4223516e+00 -1.4222856e+00 -1.1845575e-01 -1.1841851e-01 +2.1666457e+00 +2.1668543e+00 +3.9706325e+00 +3.9706690e+00 +6.4333164e+00 +6.4333873e+00 
-5.4069108e+01 -5.4069098e+01 -3.0665003e+01 -3.0664780e+01 -3.0169125e+01 -3.0168682e+01 -2.9856159e+01 -2.9856109e+01 -2.6059477e+00 -2.6059183e+00 -1.4050509e+00 -1.4049836e+00 -8.0328250e-02 -8.0298800e-02 +2.0591277e+00 +2.0593349e+00 +3.9525464e+00 +3.9525750e+00 +6.1504510e+00 +6.1505193e+00 
-5.4070153e+01 -5.4070144e+01 -3.0647655e+01 -3.0647420e+01 -3.0162831e+01 -3.0162395e+01 -2.9870406e+01 -2.9870350e+01 -2.6118070e+00 -2.6117699e+00 -1.3852461e+00 -1.3851773e+00 -3.4452770e-02 -3.4431844e-02 +1.9523142e+00 +1.9525198e+00 +3.9248882e+00 +3.9249077e+00 +5.8864357e+00 +5.8865005e+00 
-5.4071150e+01 -5.4071142e+01 -3.0628965e+01 -3.0628716e+01 -3.0156834e+01 -3.0156403e+01 -2.9886298e+01 -2.9886234e+01 -2.6171817e+00 -2.6171370e+00 -1.3631375e+00 -1.3630673e+00 +1.9252975e-02 +1.9264628e-02 +1.8468772e+00 +1.8470808e+00 +3.8847180e+00 +3.8847267e+00 +5.6444338e+00 +5.6444941e+00 
-5.4072093e+01 -5.4072086e+01 -3.0609054e+01 -3.0608790e+01 -3.0151160e+01 -3.0150736e+01 -2.9903700e+01 -2.9903627e+01 -2.6221764e+00 -2.6221241e+00 -1.3389850e+00 -1.3389131e+00 +8.0732756e-02 +8.0734367e-02 +1.7435321e+00 +1.7437337e+00 +3.8286033e+00 +3.8286072e+00 +5.4280875e+00 +5.4281419e+00 
-5.4072979e+01 -5.4072974e+01 -3.0588063e+01 -3.0587783e+01 -3.0145838e+01 -3.0145418e+01 -2.9922459e+01 -2.9922375e+01 -2.6268598e+00 -2.6268002e+00 -1.3131148e+00 -1.3130413e+00 +1.4977002e-01 +1.4977926e-01 +1.6430426e+00 +1.6432420e+00 +3.7531948e+00 +3.7532133e+00 +5.2409914e+00 +5.2410388e+00 
-5.4073803e+01 -5.4073799e+01 -3.0566158e+01 -3.0565859e+01 -3.0140890e+01 -3.0140476e+01 -2.9942397e+01 -2.9942300e+01 -2.6312688e+00 -2.6312022e+00 -1.2859284e+00 -1.2858533e+00 +2.2599189e-01 +2.2601287e-01 +1.5462253e+00 +1.5464223e+00 +3.6563895e+00 +3.6564242e+00 +5.0855987e+00 +5.0856384e+00 
-5.4074562e+01 -5.4074559e+01 -3.0543537e+01 -3.0543218e+01 -3.0136341e+01 -3.0135931e+01 -2.9963302e+01 -2.9963188e+01 -2.6354123e+00 -2.6353391e+00 -1.2579104e+00 -1.2578337e+00 +3.0881253e-01 +3.0884624e-01 +1.4539547e+00 +1.4541493e+00 +3.5386181e+00 +3.5386699e+00 +4.9619705e+00 +4.9620027e+00 
-5.4075251e+01 -5.4075248e+01 -3.0520440e+01 -3.0520097e+01 -3.0132211e+01 -3.0131806e+01 -2.9984918e+01 -2.9984785e+01 -2.6392775e+00 -2.6391982e+00 -1.2296346e+00 -1.2295563e+00 +3.9737852e-01 +3.9742610e-01 +1.3671664e+00 +1.3673587e+00 +3.4033741e+00 +3.4034432e+00 +4.8673339e+00 +4.8673599e+00 
-5.4075867e+01 -5.4075865e+01 -3.0497169e+01 -3.0496799e+01 -3.0128520e+01 -3.0128119e+01 -3.0006930e+01 -3.0006773e+01 -2.6428354e+00 -2.6427506e+00 -1.2017668e+00 -1.2016871e+00 +4.9047620e-01 +4.9053901e-01 +1.2868575e+00 +1.2870476e+00 +3.2564635e+00 +3.2565498e+00 +4.7969436e+00 +4.7969649e+00 
-5.4076408e+01 -5.4076406e+01 -3.0474113e+01 -3.0473711e+01 -3.0125286e+01 -3.0124888e+01 -3.0028936e+01 -3.0028751e+01 -2.6460464e+00 -2.6459568e+00 -1.1750608e+00 -1.1749796e+00 +5.8638184e-01 +5.8646146e-01 +1.2140797e+00 +1.2142677e+00 +3.1046971e+00 +3.1048009e+00 +4.7455528e+00 +4.7455710e+00 
-5.4076869e+01 -5.4076869e+01 -3.0451788e+01 -3.0451350e+01 -3.0122523e+01 -3.0122128e+01 -3.0050406e+01 -3.0050188e+01 -2.6488656e+00 -2.6487718e+00 -1.1503430e+00 -1.1502606e+00 +6.8263022e-01 +6.8272842e-01 +1.1499223e+00 +1.1501084e+00 +2.9550343e+00 +2.9551565e+00 +4.7085120e+00 +4.7085285e+00 
-5.4077250e+01 -5.4077250e+01 -3.0430895e+01 -3.0430416e+01 -3.0120244e+01 -3.0119851e+01 -3.0070629e+01 -3.0070371e+01 -2.6512475e+00 -2.6511503e+00 -1.1284830e+00 -1.1283995e+00 +7.7568056e-01 +7.7579904e-01 +1.0954803e+00 +1.0956648e+00 +2.8144998e+00 +2.8146415e+00 +4.6821950e+00 +4.6822106e+00 
-5.4077549e+01 -5.4077549e+01 -3.0412389e+01 -3.0411865e+01 -3.0118461e+01 -3.0118069e+01 -3.0088637e+01 -3.0088336e+01 -2.6531497e+00 -2.6530498e+00 -1.1103453e+00 -1.1102610e+00 +8.6050960e-01 +8.6064939e-01 +1.0518048e+00 +1.0519880e+00 +2.6906122e+00 +2.6907743e+00 +4.6639829e+00 +4.6639981e+00 
-5.4077763e+01 -5.4077763e+01 -3.0397516e+01 -3.0396948e+01 -3.0117180e+01 -3.0116791e+01 -3.0103172e+01 -3.0102829e+01 -2.6545361e+00 -2.6544343e+00 -1.0967240e+00 -1.0966391e+00 +9.3034687e-01 +9.3050696e-01 +1.0198368e+00 +1.0200190e+00 +2.5918313e+00 +2.5920129e+00 +4.6520880e+00 +4.6521032e+00 
-5.4077892e+01 -5.4077892e+01 -3.0387722e+01 -3.0387120e+01 -3.0116410e+01 -3.0116021e+01 -3.0112774e+01 -3.0112398e+01 -2.6553794e+00 -2.6552764e+00 -1.0882663e+00 -1.0881809e+00 +9.7716377e-01 +9.7733928e-01 +1.0003286e+00 +1.0005102e+00 +2.5272564e+00 +2.5274529e+00 +4.6453699e+00 +4.6453850e+00 
-5.4077936e+01 -5.4077935e+01 -3.0384281e+01 -3.0383666e+01 -3.0116153e+01 -3.0116153e+01 -3.0115764e+01 -3.0115764e+01 -2.6556625e+00 -2.6555590e+00 -1.0853975e+00 -1.0853120e+00 +9.9376922e-01 +9.9376922e-01 +9.9395063e-01 +9.9395063e-01 +2.5046687e+00 +2.5048709e+00 +4.6431977e+00 +4.6432128e+00 
-5.4059084e+01 -5.4059060e+01 -3.0955781e+01 -3.0955781e+01 -3.0088240e+01 -3.0087840e+01 -2.9686171e+01 -2.9686171e+01 -3.7823562e+00 -3.7823330e+00 -1.7599589e+00 -1.7599589e+00 +3.1668852e+00 +3.1670762e+00 +3.8529161e+00 +3.8529881e+00 +6.2111594e+00 +6.2111594e+00 +1.3612603e+01 +1.3612702e+01 
-5.4059042e+01 -5.4059018e+01 -3.0955203e+01 -3.0955203e+01 -3.0088830e+01 -3.0088430e+01 -2.9686918e+01 -2.9686918e+01 -3.7778532e+00 -3.7778299e+00 -1.7604470e+00 -1.7604470e+00 +3.1685166e+00 +3.1687075e+00 +3.8531666e+00 +3.8532385e+00 +6.1796044e+00 +6.1796044e+00 +1.3608489e+01 +1.3608587e+01 
-5.4058917e+01 -5.4058892e+01 -3.0953466e+01 -3.0953466e+01 -3.0090594e+01 -3.0090193e+01 -2.9689156e+01 -2.9689156e+01 -3.7643617e+00 -3.7643382e+00 -1.7618919e+00 -1.7618919e+00 +3.1734014e+00 +3.1735921e+00 +3.8539158e+00 +3.8539878e+00 +6.0862046e+00 +6.0862046e+00 +1.3596206e+01 +1.3596302e+01 
-5.4058709e+01 -5.4058685e+01 -3.0950559e+01 -3.0950559e+01 -3.0093516e+01 -3.0093112e+01 -2.9692882e+01 -2.9692882e+01 -3.7419342e+00 -3.7419105e+00 -1.7642356e+00 -1.7642356e+00 +3.1815114e+00 +3.1817017e+00 +3.8551571e+00 +3.8552291e+00 +5.9346308e+00 +5.9346308e+00 +1.3575933e+01 +1.3576024e+01 
-5.4058422e+01 -5.4058397e+01 -3.0946466e+01 -3.0946466e+01 -3.0097566e+01 -3.0097158e+01 -2.9698085e+01 -2.9698085e+01 -3.7106584e+00 -3.7106342e+00 -1.7673828e+00 -1.7673828e+00 +3.1927994e+00 +3.1929890e+00 +3.8568794e+00 +3.8569514e+00 +5.7306056e+00 +5.7306056e+00 +1.3547962e+01 +1.3548048e+01 
-5.4058056e+01 -5.4058031e+01 -3.0941168e+01 -3.0941168e+01 -3.0102706e+01 -3.0102294e+01 -2.9704755e+01 -2.9704755e+01 -3.6706572e+00 -3.6706325e+00 -1.7712032e+00 -1.7712032e+00 +3.2071986e+00 +3.2073874e+00 +3.8590674e+00 +3.8591394e+00 +5.4813828e+00 +5.4813828e+00 +1.3512694e+01 +1.3512772e+01 
-5.4057617e+01 -5.4057591e+01 -3.0934643e+01 -3.0934643e+01 -3.0108885e+01 -3.0108468e+01 -2.9712876e+01 -2.9712876e+01 -3.6220897e+00 -3.6220643e+00 -1.7755335e+00 -1.7755335e+00 +3.2246220e+00 +3.2248098e+00 +3.8617015e+00 +3.8617737e+00 +5.1951454e+00 +5.1951454e+00 +1.3470627e+01 +1.3470696e+01 
-5.4057106e+01 -5.4057080e+01 -3.0926871e+01 -3.0926871e+01 -3.0116045e+01 -3.0115621e+01 -2.9722428e+01 -2.9722428e+01 -3.5651508e+00 -3.5651246e+00 -1.7801814e+00 -1.7801814e+00 +3.2449617e+00 +3.2451483e+00 +3.8647584e+00 +3.8648306e+00 +4.8804062e+00 +4.8804062e+00 +1.3422347e+01 +1.3422404e+01 
-5.4056530e+01 -5.4056503e+01 -3.0917831e+01 -3.0917831e+01 -3.0124115e+01 -3.0123685e+01 -2.9733391e+01 -2.9733391e+01 -3.5000734e+00 -3.5000462e+00 -1.7849285e+00 -1.7849285e+00 +3.2680881e+00 +3.2682733e+00 +3.8682107e+00 +3.8682829e+00 +4.5454828e+00 +4.5454828e+00 +1.3368514e+01 +1.3368558e+01 
-5.4055894e+01 -5.4055866e+01 -3.0907509e+01 -3.0907509e+01 -3.0133020e+01 -3.0132582e+01 -2.9745739e+01 -2.9745739e+01 -3.4271286e+00 -3.4271003e+00 -1.7895346e+00 -1.7895346e+00 +3.2938487e+00 +3.2940322e+00 +3.8720276e+00 +3.8720999e+00 +4.1980887e+00 +4.1980887e+00 +1.3309852e+01 +1.3309879e+01 
-5.4055202e+01 -5.4055173e+01 -3.0895896e+01 -3.0895896e+01 -3.0142674e+01 -3.0142227e+01 -2.9759443e+01 -2.9759443e+01 -3.3466283e+00 -3.3465987e+00 -1.7937417e+00 -1.7937417e+00 +3.3220676e+00 +3.3222492e+00 +3.8450592e+00 +3.8450592e+00 +3.8761748e+00 +3.8762472e+00 +1.3247133e+01 +1.3247141e+01 
-5.4054462e+01 -5.4054432e+01 -3.0882989e+01 -3.0882989e+01 -3.0152984e+01 -3.0152529e+01 -2.9774472e+01 -2.9774472e+01 -3.2589274e+00 -3.2588962e+00 -1.7972775e+00 -1.7972775e+00 +3.3525442e+00 +3.3527237e+00 +3.4922043e+00 +3.4922043e+00 +3.8806154e+00 +3.8806878e+00 +1.3181150e+01 +1.3181163e+01 
-5.4053680e+01 -5.4053649e+01 -3.0868793e+01 -3.0868793e+01 -3.0163855e+01 -3.0163391e+01 -2.9790791e+01 -2.9790791e+01 -3.1644270e+00 -3.1643942e+00 -1.7998597e+00 -1.7998597e+00 +3.1442688e+00 +3.1442688e+00 +3.3850529e+00 +3.3852299e+00 +3.8853094e+00 +3.8853819e+00 +1.3112735e+01 +1.3112774e+01 
-5.4052863e+01 -5.4052832e+01 -3.0853319e+01 -3.0853319e+01 -3.0175184e+01 -3.0174710e+01 -2.9808362e+01 -2.9808362e+01 -3.0635792e+00 -3.0635445e+00 -1.8011991e+00 -1.8011991e+00 +2.8049727e+00 +2.8049727e+00 +3.4193424e+00 +3.4195166e+00 +3.8902147e+00 +3.8902873e+00 +1.3042737e+01 +1.3042803e+01 
-5.4052019e+01 -5.4051986e+01 -3.0836586e+01 -3.0836586e+01 -3.0186865e+01 -3.0186382e+01 -2.9827145e+01 -2.9827145e+01 -2.9568916e+00 -2.9568549e+00 -1.8010028e+00 -1.8010028e+00 +2.4771029e+00 +2.4771029e+00 +3.4551357e+00 +3.4553069e+00 +3.8952871e+00 +3.8953599e+00 +1.2971994e+01 +1.2972091e+01 
-5.4051155e+01 -5.4051121e+01 -3.0818620e+01 -3.0818620e+01 -3.0198791e+01 -3.0198297e+01 -2.9847095e+01 -2.9847095e+01 -2.8449348e+00 -2.8448958e+00 -1.7989768e+00 -1.7989768e+00 +2.1626345e+00 +2.1626345e+00 +3.4921310e+00 +3.4922987e+00 +3.9004810e+00 +3.9005539e+00 +1.2901330e+01 +1.2901461e+01 
-5.4050279e+01 -5.4050244e+01 -3.0799452e+01 -3.0799452e+01 -3.0210850e+01 -3.0210346e+01 -2.9868167e+01 -2.9868167e+01 -2.7283493e+00 -2.7283079e+00 -1.7948285e+00 -1.7948285e+00 +1.8628615e+00 +1.8628615e+00 +3.5300022e+00 +3.5301660e+00 +3.9057495e+00 +3.9058225e+00 +1.2831545e+01 +1.2831713e+01 
-5.4049398e+01 -5.4049363e+01 -3.0779121e+01 -3.0779121e+01 -3.0222934e+01 -3.0222419e+01 -2.9890311e+01 -2.9890311e+01 -2.6078554e+00 -2.6078113e+00 -1.7882676e+00 -1.7882676e+00 +1.5785253e+00 +1.5785253e+00 +3.5684015e+00 +3.5685611e+00 +3.9110449e+00 +3.9111180e+00 +1.2763405e+01 +1.2763613e+01 
-5.4048522e+01 -5.4048485e+01 -3.0757671e+01 -3.0757671e+01 -3.0234932e+01 -3.0234407e+01 -2.9913476e+01 -2.9913476e+01 -2.4842626e+00 -2.4842156e+00 -1.7790081e+00 -1.7790081e+00 +1.3099327e+00 +1.3099327e+00 +3.6069621e+00 +3.6071169e+00 +3.9163194e+00 +3.9163925e+00 +1.2697627e+01 +1.2697879e+01 
-5.4047658e+01 -5.4047620e+01 -3.0735148e+01 -3.0735148e+01 -3.0246736e+01 -3.0246200e+01 -2.9937607e+01 -2.9937607e+01 -2.3584809e+00 -2.3584308e+00 -1.7667682e+00 -1.7667682e+00 +1.0570588e+00 +1.0570588e+00 +3.6453021e+00 +3.6454517e+00 +3.9215249e+00 +3.9215982e+00 +1.2634873e+01 +1.2635171e+01 
-5.4046813e+01 -5.4046774e+01 -3.0711607e+01 -3.0711607e+01 -3.0258240e+01 -3.0257695e+01 -2.9962649e+01 -2.9962649e+01 -2.2315313e+00 -2.2314780e+00 -1.7512708e+00 -1.7512708e+00 +8.1963438e-01 +8.1963438e-01 +3.6830298e+00 +3.6831738e+00 +3.9266144e+00 +3.9266877e+00 +1.2575732e+01 +1.2576079e+01 
-5.4045995e+01 -5.4045955e+01 -3.0687102e+01 -3.0687102e+01 -3.0269343e+01 -3.0268789e+01 -2.9988541e+01 -2.9988541e+01 -2.1045558e+00 -2.1044989e+00 -1.7322428e+00 -1.7322428e+00 +5.9721726e-01 +5.9721726e-01 +3.7197498e+00 +3.7198878e+00 +3.9315413e+00 +3.9316148e+00 +1.2520714e+01 +1.2521112e+01 
-5.4045213e+01 -5.4045172e+01 -3.0661694e+01 -3.0661694e+01 -3.0279947e+01 -3.0279384e+01 -3.0015224e+01 -3.0015224e+01 -1.9788240e+00 -1.9787633e+00 -1.7094147e+00 -1.7094147e+00 +3.8924938e-01 +3.8924938e-01 +3.7550702e+00 +3.7552018e+00 +3.9362609e+00 +3.9363344e+00 +1.2470234e+01 +1.2470684e+01 
-5.4044472e+01 -5.4044430e+01 -3.0635445e+01 -3.0635445e+01 -3.0289960e+01 -3.0289388e+01 -3.0042635e+01 -3.0042635e+01 -1.8557363e+00 -1.8556714e+00 -1.6825194e+00 -1.6825194e+00 +1.9510132e-01 +1.9510132e-01 +3.7886105e+00 +3.7887354e+00 +3.9407300e+00 +3.9408036e+00 +1.2424602e+01 +1.2425106e+01 
-5.4043779e+01 -5.4043737e+01 -3.0608419e+01 -3.0608419e+01 -3.0299294e+01 -3.0298714e+01 -3.0070708e+01 -3.0070708e+01 -1.7368188e+00 -1.7367495e+00 -1.6512903e+00 -1.6512903e+00 +1.4106233e-02 +1.4106233e-02 +3.8200098e+00 +3.8201278e+00 +3.9449078e+00 +3.9449815e+00 +1.2384017e+01 +1.2384574e+01 
-5.4043142e+01 -5.4043099e+01 -3.0580683e+01 -3.0580683e+01 -3.0307869e+01 -3.0307282e+01 -3.0099377e+01 -3.0099377e+01 -1.6237102e+00 -1.6236364e+00 -1.6154599e+00 -1.6154599e+00 -1.5441491e-01 -1.5441491e-01 +3.8489349e+00 +3.8490458e+00 +3.9487560e+00 +3.9488298e+00 +1.2348556e+01 +1.2349166e+01 
-5.4042565e+01 -5.4042521e+01 -3.0552307e+01 -3.0552307e+01 -3.0315612e+01 -3.0315018e+01 -3.0128574e+01 -3.0128574e+01 -1.5747573e+00 -1.5747573e+00 -1.5181353e+00 -1.5180569e+00 -3.1113508e-01 -3.1113508e-01 +3.8750872e+00 +3.8751911e+00 +3.9522394e+00 +3.9523132e+00 +1.2318183e+01 +1.2318844e+01 
-5.4042054e+01 -5.4042009e+01 -3.0523360e+01 -3.0523360e+01 -3.0322458e+01 -3.0321859e+01 -3.0158230e+01 -3.0158230e+01 -1.5289063e+00 -1.5289063e+00 -1.4218657e+00 -1.4217827e+00 -4.5670853e-01 -4.5670853e-01 +3.8982088e+00 +3.8983059e+00 +3.9553259e+00 +3.9553998e+00 +1.2292751e+01 +1.2293461e+01 
-5.4041614e+01 -5.4041568e+01 -3.0493914e+01 -3.0493914e+01 -3.0328350e+01 -3.0327746e+01 -3.0188275e+01 -3.0188275e+01 -1.4776222e+00 -1.4776222e+00 -1.3366656e+00 -1.3365782e+00 -5.9176229e-01 -5.9176229e-01 +3.9180852e+00 +3.9181760e+00 +3.9579873e+00 +3.9580613e+00 +1.2272026e+01 +1.2272779e+01 
-5.4041248e+01 -5.4041202e+01 -3.0464042e+01 -3.0464042e+01 -3.0333238e+01 -3.0332630e+01 -3.0218635e+01 -3.0218635e+01 -1.4206098e+00 -1.4206098e+00 -1.2642243e+00 -1.2641329e+00 -7.1689114e-01 -7.1689114e-01 +3.9345464e+00 +3.9346316e+00 +3.9601990e+00 +3.9602730e+00 +1.2255707e+01 +1.2256498e+01 
-5.4040959e+01 -5.4040914e+01 -3.0433818e+01 -3.0433818e+01 -3.0337082e+01 -3.0336470e+01 -3.0249238e+01 -3.0249238e+01 -1.3575599e+00 -1.3575599e+00 -1.2060793e+00 -1.2059845e+00 -8.3265492e-01 -8.3265492e-01 +3.9474643e+00 +3.9475448e+00 +3.9619407e+00 +3.9620148e+00 +1.2243468e+01 +1.2244290e+01 
-5.4040752e+01 -5.4040706e+01 -3.0403315e+01 -3.0403315e+01 -3.0339851e+01 -3.0339236e+01 -3.0280011e+01 -3.0280011e+01 -1.2881464e+00 -1.2881464e+00 -1.1635360e+00 -1.1634386e+00 -9.3957774e-01 -9.3957774e-01 +3.9567485e+00 +3.9568255e+00 +3.9631964e+00 +3.9632705e+00 +1.2234994e+01 +1.2235839e+01 
-5.4040626e+01 -5.4040580e+01 -3.0372608e+01 -3.0372608e+01 -3.0341521e+01 -3.0340905e+01 -3.0310879e+01 -3.0310879e+01 -1.2120236e+00 -1.2120236e+00 -1.1375917e+00 -1.1374927e+00 -1.0381485e+00 -1.0381485e+00 +3.9623405e+00 +3.9624153e+00 +3.9639545e+00 +3.9640286e+00 +1.2230026e+01 +1.2230885e+01 
-5.4040584e+01 -5.4040538e+01 -3.0342079e+01 -3.0342079e+01 -3.0342079e+01 -3.0341463e+01 -3.0341463e+01 -3.0341463e+01 -1.1288724e+00 -1.1288724e+00 -1.1288724e+00 -1.1287728e+00 -1.1287728e+00 -1.1287728e+00 +3.9642079e+00 +3.9642079e+00 +3.9642820e+00 +3.9642820e+00 +1.2228390e+01 +1.2229254e+01 
