# num high symmetry points
8
# label high symmetry points
G X M G R X M R 
# indices high symmetry points
1 23 45 76 114 145 146 168 
# nk, nb, ns
168 18 1
# k-points (frac coords)
+0.0000000e+00 +0.0000000e+00 +0.0000000e+00 
+0.0000000e+00 +2.2727273e-02 +0.0000000e+00 
+0.0000000e+00 +4.5454545e-02 +0.0000000e+00 
+0.0000000e+00 +6.8181818e-02 +0.0000000e+00 
+0.0000000e+00 +9.0909091e-02 +0.0000000e+00 
+0.0000000e+00 +1.1363636e-01 +0.0000000e+00 
+0.0000000e+00 +1.3636364e-01 +0.0000000e+00 
+0.0000000e+00 +1.5909091e-01 +0.0000000e+00 
+0.0000000e+00 +1.8181818e-01 +0.0000000e+00 
+0.0000000e+00 +2.0454545e-01 +0.0000000e+00 
+0.0000000e+00 +2.2727273e-01 +0.0000000e+00 
+0.0000000e+00 +2.5000000e-01 +0.0000000e+00 
+0.0000000e+00 +2.7272727e-01 +0.0000000e+00 
+0.0000000e+00 +2.9545455e-01 +0.0000000e+00 
+0.0000000e+00 +3.1818182e-01 +0.0000000e+00 
+0.0000000e+00 +3.4090909e-01 +0.0000000e+00 
+0.0000000e+00 +3.6363636e-01 +0.0000000e+00 
+0.0000000e+00 +3.8636364e-01 +0.0000000e+00 
+0.0000000e+00 +4.0909091e-01 +0.0000000e+00 
+0.0000000e+00 +4.3181818e-01 +0.0000000e+00 
+0.0000000e+00 +4.5454545e-01 +0.0000000e+00 
+0.0000000e+00 +4.7727273e-01 +0.0000000e+00 
+0.0000000e+00 +5.0000000e-01 +0.0000000e+00 
+2.2727273e-02 +5.0000000e-01 +0.0000000e+00 
+4.5454545e-02 +5.0000000e-01 +0.0000000e+00 
+6.8181818e-02 +5.0000000e-01 +0.0000000e+00 
+9.0909091e-02 +5.0000000e-01 +0.0000000e+00 
+1.1363636e-01 +5.0000000e-01 +0.0000000e+00 
+1.3636364e-01 +5.0000000e-01 +0.0000000e+00 
+1.5909091e-01 +5.0000000e-01 +0.0000000e+00 
+1.8181818e-01 +5.0000000e-01 +0.0000000e+00 
+2.0454545e-01 +5.0000000e-01 +0.0000000e+00 
+2.2727273e-01 +5.0000000e-01 +0.0000000e+00 
+2.5000000e-01 +5.0000000e-01 +0.0000000e+00 
+2.7272727e-01 +5.0000000e-01 +0.0000000e+00 
+2.9545455e-01 +5.0000000e-01 +0.0000000e+00 
+3.1818182e-01 +5.0000000e-01 +0.0000000e+00 
+3.4090909e-01 +5.0000000e-01 +0.0000000e+00 
+3.6363636e-01 +5.0000000e-01 +0.0000000e+00 
+3.8636364e-01 +5.0000000e-01 +0.0000000e+00 
+4.0909091e-01 +5.0000000e-01 +0.0000000e+00 
+4.3181818e-01 +5.0000000e-01 +0.0000000e+00 
+4.5454545e-01 +5.0000000e-01 +0.0000000e+00 
+4.7727273e-01 +5.0000000e-01 +0.0000000e+00 
+5.0000000e-01 +5.0000000e-01 +0.0000000e+00 
+4.8387097e-01 +4.8387097e-01 +0.0000000e+00 
+4.6774194e-01 +4.6774194e-01 +0.0000000e+00 
+4.5161290e-01 +4.5161290e-01 +0.0000000e+00 
+4.3548387e-01 +4.3548387e-01 +0.0000000e+00 
+4.1935484e-01 +4.1935484e-01 +0.0000000e+00 
+4.0322581e-01 +4.0322581e-01 +0.0000000e+00 
+3.8709677e-01 +3.8709677e-01 +0.0000000e+00 
+3.7096774e-01 +3.7096774e-01 +0.0000000e+00 
+3.5483871e-01 +3.5483871e-01 +0.0000000e+00 
+3.3870968e-01 +3.3870968e-01 +0.0000000e+00 
+3.2258065e-01 +3.2258065e-01 +0.0000000e+00 
+3.0645161e-01 +3.0645161e-01 +0.0000000e+00 
+2.9032258e-01 +2.9032258e-01 +0.0000000e+00 
+2.7419355e-01 +2.7419355e-01 +0.0000000e+00 
+2.5806452e-01 +2.5806452e-01 +0.0000000e+00 
+2.4193548e-01 +2.4193548e-01 +0.0000000e+00 
+2.2580645e-01 +2.2580645e-01 +0.0000000e+00 
+2.0967742e-01 +2.0967742e-01 +0.0000000e+00 
+1.9354839e-01 +1.9354839e-01 +0.0000000e+00 
+1.7741935e-01 +1.7741935e-01 +0.0000000e+00 
+1.6129032e-01 +1.6129032e-01 +0.0000000e+00 
+1.4516129e-01 +1.4516129e-01 +0.0000000e+00 
+1.2903226e-01 +1.2903226e-01 +0.0000000e+00 
+1.1290323e-01 +1.1290323e-01 +0.0000000e+00 
+9.6774194e-02 +9.6774194e-02 +0.0000000e+00 
+8.0645161e-02 +8.0645161e-02 +0.0000000e+00 
+6.4516129e-02 +6.4516129e-02 +0.0000000e+00 
+4.8387097e-02 +4.8387097e-02 +0.0000000e+00 
+3.2258065e-02 +3.2258065e-02 +0.0000000e+00 
+1.6129032e-02 +1.6129032e-02 +0.0000000e+00 
+0.0000000e+00 +0.0000000e+00 +0.0000000e+00 
+1.3157895e-02 +1.3157895e-02 +1.3157895e-02 
+2.6315789e-02 +2.6315789e-02 +2.6315789e-02 
+3.9473684e-02 +3.9473684e-02 +3.9473684e-02 
+5.2631579e-02 +5.2631579e-02 +5.2631579e-02 
+6.5789474e-02 +6.5789474e-02 +6.5789474e-02 
+7.8947368e-02 +7.8947368e-02 +7.8947368e-02 
+9.2105263e-02 +9.2105263e-02 +9.2105263e-02 
+1.0526316e-01 +1.0526316e-01 +1.0526316e-01 
+1.1842105e-01 +1.1842105e-01 +1.1842105e-01 
+1.3157895e-01 +1.3157895e-01 +1.3157895e-01 
+1.4473684e-01 +1.4473684e-01 +1.4473684e-01 
+1.5789474e-01 +1.5789474e-01 +1.5789474e-01 
+1.7105263e-01 +1.7105263e-01 +1.7105263e-01 
+1.8421053e-01 +1.8421053e-01 +1.8421053e-01 
+1.9736842e-01 +1.9736842e-01 +1.9736842e-01 
+2.1052632e-01 +2.1052632e-01 +2.1052632e-01 
+2.2368421e-01 +2.2368421e-01 +2.2368421e-01 
+2.3684211e-01 +2.3684211e-01 +2.3684211e-01 
+2.5000000e-01 +2.5000000e-01 +2.5000000e-01 
+2.6315789e-01 +2.6315789e-01 +2.6315789e-01 
+2.7631579e-01 +2.7631579e-01 +2.7631579e-01 
+2.8947368e-01 +2.8947368e-01 +2.8947368e-01 
+3.0263158e-01 +3.0263158e-01 +3.0263158e-01 
+3.1578947e-01 +3.1578947e-01 +3.1578947e-01 
+3.2894737e-01 +3.2894737e-01 +3.2894737e-01 
+3.4210526e-01 +3.4210526e-01 +3.4210526e-01 
+3.5526316e-01 +3.5526316e-01 +3.5526316e-01 
+3.6842105e-01 +3.6842105e-01 +3.6842105e-01 
+3.8157895e-01 +3.8157895e-01 +3.8157895e-01 
+3.9473684e-01 +3.9473684e-01 +3.9473684e-01 
+4.0789474e-01 +4.0789474e-01 +4.0789474e-01 
+4.2105263e-01 +4.2105263e-01 +4.2105263e-01 
+4.3421053e-01 +4.3421053e-01 +4.3421053e-01 
+4.4736842e-01 +4.4736842e-01 +4.4736842e-01 
+4.6052632e-01 +4.6052632e-01 +4.6052632e-01 
+4.7368421e-01 +4.7368421e-01 +4.7368421e-01 
+4.8684211e-01 +4.8684211e-01 +4.8684211e-01 
+5.0000000e-01 +5.0000000e-01 +5.0000000e-01 
+4.8387097e-01 +5.0000000e-01 +4.8387097e-01 
+4.6774194e-01 +5.0000000e-01 +4.6774194e-01 
+4.5161290e-01 +5.0000000e-01 +4.5161290e-01 
+4.3548387e-01 +5.0000000e-01 +4.3548387e-01 
+4.1935484e-01 +5.0000000e-01 +4.1935484e-01 
+4.0322581e-01 +5.0000000e-01 +4.0322581e-01 
+3.8709677e-01 +5.0000000e-01 +3.8709677e-01 
+3.7096774e-01 +5.0000000e-01 +3.7096774e-01 
+3.5483871e-01 +5.0000000e-01 +3.5483871e-01 
+3.3870968e-01 +5.0000000e-01 +3.3870968e-01 
+3.2258065e-01 +5.0000000e-01 +3.2258065e-01 
+3.0645161e-01 +5.0000000e-01 +3.0645161e-01 
+2.9032258e-01 +5.0000000e-01 +2.9032258e-01 
+2.7419355e-01 +5.0000000e-01 +2.7419355e-01 
+2.5806452e-01 +5.0000000e-01 +2.5806452e-01 
+2.4193548e-01 +5.0000000e-01 +2.4193548e-01 
+2.2580645e-01 +5.0000000e-01 +2.2580645e-01 
+2.0967742e-01 +5.0000000e-01 +2.0967742e-01 
+1.9354839e-01 +5.0000000e-01 +1.9354839e-01 
+1.7741935e-01 +5.0000000e-01 +1.7741935e-01 
+1.6129032e-01 +5.0000000e-01 +1.6129032e-01 
+1.4516129e-01 +5.0000000e-01 +1.4516129e-01 
+1.2903226e-01 +5.0000000e-01 +1.2903226e-01 
+1.1290323e-01 +5.0000000e-01 +1.1290323e-01 
+9.6774194e-02 +5.0000000e-01 +9.6774194e-02 
+8.0645161e-02 +5.0000000e-01 +8.0645161e-02 
+6.4516129e-02 +5.0000000e-01 +6.4516129e-02 
+4.8387097e-02 +5.0000000e-01 +4.8387097e-02 
+3.2258065e-02 +5.0000000e-01 +3.2258065e-02 
+1.6129032e-02 +5.0000000e-01 +1.6129032e-02 
+0.0000000e+00 +5.0000000e-01 +0.0000000e+00 
+5.0000000e-01 +5.0000000e-01 +0.0000000e+00 
+5.0000000e-01 +5.0000000e-01 +2.2727273e-02 
+5.0000000e-01 +5.0000000e-01 +4.5454545e-02 
+5.0000000e-01 +5.0000000e-01 +6.8181818e-02 
+5.0000000e-01 +5.0000000e-01 +9.0909091e-02 
+5.0000000e-01 +5.0000000e-01 +1.1363636e-01 
+5.0000000e-01 +5.0000000e-01 +1.3636364e-01 
+5.0000000e-01 +5.0000000e-01 +1.5909091e-01 
+5.0000000e-01 +5.0000000e-01 +1.8181818e-01 
+5.0000000e-01 +5.0000000e-01 +2.0454545e-01 
+5.0000000e-01 +5.0000000e-01 +2.2727273e-01 
+5.0000000e-01 +5.0000000e-01 +2.5000000e-01 
+5.0000000e-01 +5.0000000e-01 +2.7272727e-01 
+5.0000000e-01 +5.0000000e-01 +2.9545455e-01 
+5.0000000e-01 +5.0000000e-01 +3.1818182e-01 
+5.0000000e-01 +5.0000000e-01 +3.4090909e-01 
+5.0000000e-01 +5.0000000e-01 +3.6363636e-01 
+5.0000000e-01 +5.0000000e-01 +3.8636364e-01 
+5.0000000e-01 +5.0000000e-01 +4.0909091e-01 
+5.0000000e-01 +5.0000000e-01 +4.3181818e-01 
+5.0000000e-01 +5.0000000e-01 +4.5454545e-01 
+5.0000000e-01 +5.0000000e-01 +4.7727273e-01 
+5.0000000e-01 +5.0000000e-01 +5.0000000e-01 
# energies (kpt,band,spin)
# spin = 1
-2.8915781e+01 -2.8843224e+01 -1.4109066e+01 -1.4109066e+01 -1.4109066e+01 -1.3792926e+01 -1.3792926e+01 -1.3792926e+01 -2.7236574e+00 +1.7930612e+00 +1.7930612e+00 +1.7930612e+00 +3.2370310e+00 +3.2370310e+00 +4.2952591e+00 +4.2952591e+00 +4.2952591e+00 +4.6973970e+00 
-2.8915676e+01 -2.8843303e+01 -1.4109087e+01 -1.4108648e+01 -1.4108648e+01 -1.3793796e+01 -1.3793310e+01 -1.3793310e+01 -2.7187646e+00 -4.7062130e-01 -4.7129068e-01 +1.7914376e+00 +1.7914376e+00 +1.7954399e+00 +3.2248195e+00 +3.2404373e+00 +4.2226273e+00 +4.2226275e+00 
-2.8915362e+01 -2.8843541e+01 -1.4109143e+01 -1.4107398e+01 -1.4107398e+01 -1.3796390e+01 -1.3794463e+01 -1.3794463e+01 -2.7041132e+00 -4.6065275e-01 +1.7866528e+00 +1.7866528e+00 +1.8025737e+00 -4.6321867e-01 +3.1888409e+00 +3.2506242e+00 +4.0781177e+00 +4.0781177e+00 
-2.8914840e+01 -2.8843937e+01 -1.4109215e+01 -1.4105321e+01 -1.4105321e+01 -1.3800670e+01 -1.3796378e+01 -1.3796378e+01 -2.6797846e+00 -4.4441883e-01 -4.4977007e-01 +1.7789578e+00 +1.7789578e+00 +1.8144555e+00 +3.1309231e+00 +3.2674935e+00 +3.9182879e+00 +3.9182879e+00 
-2.8914114e+01 -2.8844490e+01 -1.4109271e+01 -1.4102431e+01 -1.4102431e+01 -1.3806574e+01 -1.3799048e+01 -1.3799048e+01 -2.6459139e+00 -4.2250356e-01 +1.7687528e+00 +1.7687528e+00 +1.8310731e+00 +3.0537130e+00 +3.2908751e+00 +3.7572690e+00 +3.7572692e+00 +4.5890914e+00 
-2.8913190e+01 -2.8845198e+01 -1.4109269e+01 -1.4098742e+01 -1.4098742e+01 -1.3814017e+01 -1.3802461e+01 -1.3802460e+01 -2.6026889e+00 -4.0677639e-01 -3.9575128e-01 +1.7565609e+00 +1.7565609e+00 +1.8524094e+00 +2.9602516e+00 +3.3205163e+00 +3.5992181e+00 +3.5992181e+00 
-2.8912073e+01 -2.8846060e+01 -1.4109156e+01 -1.4094275e+01 -1.4094275e+01 -1.3822892e+01 -1.3806602e+01 -1.3806602e+01 -2.5503488e+00 -3.7725546e-01 -3.6529217e-01 +1.7429983e+00 +1.7429983e+00 +1.8784421e+00 +2.8536109e+00 +3.3560657e+00 +3.4457598e+00 +3.4457598e+00 
-2.8910771e+01 -2.8847073e+01 -1.4108870e+01 -1.4089054e+01 -1.4089054e+01 -1.3833076e+01 -1.3811454e+01 -1.3811454e+01 -2.4891827e+00 -3.4240683e-01 -3.3256931e-01 +1.7287423e+00 +1.7287423e+00 +1.9091436e+00 +2.7366516e+00 +3.2976796e+00 +3.2976796e+00 +3.3970502e+00 
-2.8909292e+01 -2.8848234e+01 -1.4108344e+01 -1.4083108e+01 -1.4083108e+01 -1.3844427e+01 -1.3816995e+01 -1.3816995e+01 -2.4195289e+00 -2.9936240e-01 -3.0225111e-01 +1.7145018e+00 +1.7145018e+00 +1.9444804e+00 +2.6119014e+00 +3.1554218e+00 +3.1554217e+00 +3.4428448e+00 
-2.8907648e+01 -2.8849541e+01 -1.4107503e+01 -1.4076471e+01 -1.4076471e+01 -1.3856795e+01 -1.3823202e+01 -1.3823202e+01 -2.3417730e+00 -2.6779710e-01 -2.5681289e-01 +1.7009909e+00 +1.7009909e+00 +1.9844131e+00 +2.4815200e+00 +3.0192687e+00 +3.0192687e+00 +3.4926307e+00 
-2.8905848e+01 -2.8850988e+01 -1.4106270e+01 -1.4069178e+01 -1.4069178e+01 -1.3870015e+01 -1.3830045e+01 -1.3830045e+01 -2.2563479e+00 -2.4032134e-01 -2.0612063e-01 +1.6889077e+00 +1.6889077e+00 +2.0288957e+00 +2.3473155e+00 +2.8894161e+00 +2.8894161e+00 +3.5453415e+00 
-2.8903904e+01 -2.8852571e+01 -1.4104566e+01 -1.4061269e+01 -1.4061269e+01 -1.3883922e+01 -1.3837495e+01 -1.3837495e+01 -2.1637337e+00 -2.1962710e-01 -1.5020742e-01 +1.6789191e+00 +1.6789191e+00 +2.0778753e+00 +2.2107850e+00 +2.7660078e+00 +2.7660078e+00 +3.5995957e+00 
-2.8901830e+01 -2.8854286e+01 -1.4102312e+01 -1.4052788e+01 -1.4052788e+01 -1.3898343e+01 -1.3845518e+01 -1.3845518e+01 -2.0644584e+00 -2.0849597e-01 -8.9111225e-02 +1.6716498e+00 +1.6716498e+00 +2.0731615e+00 +2.1312912e+00 +2.6491525e+00 +2.6491525e+00 +3.6536152e+00 
-2.8899637e+01 -2.8856126e+01 -1.4099433e+01 -1.4043781e+01 -1.4043781e+01 -1.3913109e+01 -1.3854076e+01 -1.3854076e+01 -1.9591004e+00 -2.0956069e-01 -2.2875397e-02 +1.6676757e+00 +1.6676757e+00 +1.9354599e+00 +2.1890744e+00 +2.5389335e+00 +2.5389335e+00 +3.7051394e+00 
-2.8897341e+01 -2.8858084e+01 -1.4095858e+01 -1.4034297e+01 -1.4034297e+01 -1.3928050e+01 -1.3863131e+01 -1.3863131e+01 -1.8482925e+00 -2.2500871e-01 +4.8450683e-02 +1.6675204e+00 +1.6675204e+00 +1.7985169e+00 +2.2511469e+00 +2.4354137e+00 +2.4354137e+00 +3.7513549e+00 
-2.8894955e+01 -2.8860153e+01 -1.4091523e+01 -1.4024387e+01 -1.4024387e+01 -1.3943006e+01 -1.3872638e+01 -1.3872638e+01 -1.7327279e+00 -2.5629333e-01 +1.2481090e-01 +1.6630254e+00 +1.6716553e+00 +1.6716553e+00 +2.3174205e+00 +2.3386375e+00 +2.3386375e+00 +3.7888878e+00 
-2.8892493e+01 -2.8862325e+01 -1.4086371e+01 -1.4014105e+01 -1.4014105e+01 -1.3957821e+01 -1.3882553e+01 -1.3882553e+01 -1.6131683e+00 -3.0394343e-01 +2.0614155e-01 +1.5295613e+00 +1.6804996e+00 +1.6804996e+00 +2.2486322e+00 +2.2486322e+00 +2.3877955e+00 +3.8139389e+00 
-2.8889972e+01 -2.8864592e+01 -1.4080357e+01 -1.4003506e+01 -1.4003506e+01 -1.3972353e+01 -1.3892827e+01 -1.3892827e+01 -1.4904560e+00 -3.6753455e-01 +2.9237033e-01 +1.3986064e+00 +1.6944234e+00 +1.6944234e+00 +2.1654086e+00 +2.1654086e+00 +2.4621598e+00 +3.8226600e+00 
-2.8887404e+01 -2.8866943e+01 -1.4073446e+01 -1.3992647e+01 -1.3992647e+01 -1.3986468e+01 -1.3903412e+01 -1.3903412e+01 -1.3655283e+00 -4.4583068e-01 +3.8341507e-01 +1.2705656e+00 +1.7137502e+00 +1.7137502e+00 +2.0889598e+00 +2.0889598e+00 +2.5403871e+00 +3.8118284e+00 
-2.8884806e+01 -2.8869367e+01 -1.4065617e+01 -1.4000049e+01 -1.3981585e+01 -1.3981585e+01 -1.3914253e+01 -1.3914253e+01 -1.2394361e+00 -5.3703058e-01 +4.7918238e-01 +1.1457815e+00 +1.7387603e+00 +1.7387603e+00 +2.0192611e+00 +2.0192611e+00 +2.6223353e+00 +3.7797092e+00 
-2.8882192e+01 -2.8871855e+01 -1.4056862e+01 -1.4012992e+01 -1.3970380e+01 -1.3970380e+01 -1.3925298e+01 -1.3925298e+01 -1.1133657e+00 -6.3903579e-01 +5.7956582e-01 +1.0245452e+00 +1.7696942e+00 +1.7696942e+00 +1.9562682e+00 +1.9562682e+00 +2.7078440e+00 +3.7267794e+00 
-2.8879576e+01 -2.8874395e+01 -1.4047189e+01 -1.4025208e+01 -1.3959090e+01 -1.3959090e+01 -1.3936491e+01 -1.3936491e+01 -9.8866276e-01 -7.4967637e-01 +6.8444383e-01 +9.0710581e-01 +1.8067559e+00 +1.8067560e+00 +1.8999158e+00 +1.8999158e+00 +2.7967326e+00 +3.6559222e+00 
-2.8876973e+01 -2.8876973e+01 -1.4036625e+01 -1.4036622e+01 -1.3947774e+01 -1.3947774e+01 -1.3947774e+01 -1.3947774e+01 -8.6686276e-01 -8.6685501e-01 +7.9367713e-01 +7.9367717e-01 +1.8501160e+00 +1.8501160e+00 +1.8501165e+00 +1.8501165e+00 +2.8887971e+00 +3.5719790e+00 
-2.8876959e+01 -2.8876958e+01 -1.4039428e+01 -1.4039425e+01 -1.3947732e+01 -1.3947732e+01 -1.3945269e+01 -1.3945269e+01 -8.6511167e-01 -8.6510392e-01 +7.9000449e-01 +7.9000453e-01 +1.8348059e+00 +1.8348065e+00 +1.8583942e+00 +1.8583943e+00 +2.9079649e+00 +2.9079649e+00 
-2.8876917e+01 -2.8876917e+01 -1.4047018e+01 -1.4047015e+01 -1.3947609e+01 -1.3947609e+01 -1.3938565e+01 -1.3938565e+01 -8.5999806e-01 -8.5999027e-01 +7.7972035e-01 +7.7972036e-01 +1.7920541e+00 +1.7920543e+00 +1.8825961e+00 +1.8825964e+00 +2.9622694e+00 +3.5804043e+00 
-2.8876848e+01 -2.8876848e+01 -1.4057799e+01 -1.4057797e+01 -1.3947405e+01 -1.3947405e+01 -1.3929239e+01 -1.3929238e+01 -8.5193514e-01 -8.5192760e-01 +7.6481661e-01 +7.6481662e-01 +1.7291139e+00 +1.7291144e+00 +1.9210358e+00 +1.9210360e+00 +3.0443930e+00 +3.0443931e+00 
-2.8876753e+01 -2.8876753e+01 -1.4070462e+01 -1.4070460e+01 -1.3947126e+01 -1.3947126e+01 -1.3918568e+01 -1.3918567e+01 -8.4159584e-01 -8.4158819e-01 +7.4804864e-01 +7.4804865e-01 +1.6534779e+00 +1.6534783e+00 +1.9714470e+00 +1.9714471e+00 +3.1467375e+00 +3.1467376e+00 
-2.8876635e+01 -2.8876635e+01 -1.4084174e+01 -1.4084172e+01 -1.3946778e+01 -1.3946778e+01 -1.3907344e+01 -1.3907343e+01 -8.2987706e-01 -8.2986957e-01 +7.3242451e-01 +7.3242459e-01 +1.5709691e+00 +1.5709694e+00 +2.0314598e+00 +2.0314603e+00 +3.2633266e+00 +3.2633267e+00 
-2.8876496e+01 -2.8876496e+01 -1.4098418e+01 -1.4098416e+01 -1.3946366e+01 -1.3946366e+01 -1.3896030e+01 -1.3896030e+01 -8.1784281e-01 -8.1783549e-01 +7.2083431e-01 +7.2083442e-01 +1.4856238e+00 +1.4856240e+00 +2.0989087e+00 +2.0989097e+00 +3.3899205e+00 +3.6407115e+00 
-2.8876338e+01 -2.8876338e+01 -1.4112853e+01 -1.4112851e+01 -1.3945900e+01 -1.3945900e+01 -1.3884908e+01 -1.3884907e+01 -8.0663132e-01 -8.0662424e-01 +7.1581973e-01 +7.1581987e-01 +1.4001525e+00 +1.4001528e+00 +2.1719591e+00 +2.1719604e+00 +3.5235489e+00 +3.5235491e+00 
-2.8876165e+01 -2.8876165e+01 -1.4127230e+01 -1.4127229e+01 -1.3945388e+01 -1.3945388e+01 -1.3874153e+01 -1.3874153e+01 -7.9733206e-01 -7.9732528e-01 +7.1942248e-01 +7.1942268e-01 +1.3163910e+00 +1.3163913e+00 +2.2491202e+00 +2.2491219e+00 +3.6620526e+00 +3.6620528e+00 
-2.8875980e+01 -2.8875980e+01 -1.4141357e+01 -1.4141355e+01 -1.3944842e+01 -1.3944842e+01 -1.3863887e+01 -1.3863886e+01 -7.9084658e-01 -7.9084015e-01 +7.3306565e-01 +7.3306593e-01 +1.2356147e+00 +1.2356149e+00 +2.3291996e+00 +2.3292017e+00 +3.8037558e+00 +3.8037560e+00 
-2.8875787e+01 -2.8875787e+01 -1.4155067e+01 -1.4155065e+01 -1.3944273e+01 -1.3944273e+01 -1.3854192e+01 -1.3854192e+01 -7.8776416e-01 -7.8775815e-01 +7.5746001e-01 +7.5746028e-01 +1.1587378e+00 +1.1587380e+00 +2.4112358e+00 +2.4112384e+00 +3.7244082e+00 +3.9472510e+00 
-2.8875591e+01 -2.8875591e+01 -1.4168217e+01 -1.4168216e+01 -1.3943691e+01 -1.3943691e+01 -1.3845132e+01 -1.3845131e+01 -7.8828727e-01 -7.8828169e-01 +7.9255539e-01 +7.9255586e-01 +1.0864370e+00 +1.0864372e+00 +2.4944252e+00 +2.4944281e+00 +4.0912517e+00 +4.0912519e+00 
-2.8875394e+01 -2.8875394e+01 -1.4180676e+01 -1.4180675e+01 -1.3943109e+01 -1.3943109e+01 -1.3836752e+01 -1.3836751e+01 -7.9222909e-01 -7.9222400e-01 +8.3755291e-01 +8.3755346e-01 +1.0192272e+00 +1.0192274e+00 +2.5780423e+00 +2.5780455e+00 +4.2344870e+00 +4.2344872e+00 
-2.8875201e+01 -2.8875201e+01 -1.4192326e+01 -1.4192325e+01 -1.3942539e+01 -1.3942539e+01 -1.3829089e+01 -1.3829089e+01 -7.9907849e-01 -7.9907389e-01 +8.9097400e-01 +8.9097462e-01 +9.5750995e-01 +9.5751012e-01 +2.6613578e+00 +2.6613612e+00 +4.3756085e+00 +4.3756088e+00 
-2.8875016e+01 -2.8875016e+01 -1.4203057e+01 -1.4203056e+01 -1.3941992e+01 -1.3941992e+01 -1.3822172e+01 -1.3822172e+01 -8.0810563e-01 -8.0810154e-01 +9.0160417e-01 +9.0160430e-01 +9.5076565e-01 +9.5076625e-01 +2.7435451e+00 +2.7435489e+00 +3.7735021e+00 +4.5131061e+00 
-2.8874843e+01 -2.8874843e+01 -1.4212770e+01 -1.4212769e+01 -1.3941480e+01 -1.3941480e+01 -1.3816024e+01 -1.3816023e+01 -8.1847506e-01 -8.1847152e-01 +8.5176619e-01 +8.5176633e-01 +1.0144134e+00 +1.0144140e+00 +2.8235757e+00 +2.8235795e+00 +3.7760289e+00 +3.7760388e+00 
-2.8874685e+01 -2.8874685e+01 -1.4221376e+01 -1.4221375e+01 -1.3941012e+01 -1.3941012e+01 -1.3810663e+01 -1.3810662e+01 -8.2934132e-01 -8.2933831e-01 +8.0820361e-01 +8.0820373e-01 +1.0790503e+00 +1.0790510e+00 +2.9001053e+00 +2.9001090e+00 +3.7751817e+00 +3.7751908e+00 
-2.8874546e+01 -2.8874546e+01 -1.4228796e+01 -1.4228795e+01 -1.3940599e+01 -1.3940599e+01 -1.3806103e+01 -1.3806103e+01 -8.3991697e-01 -8.3991447e-01 +7.7108414e-01 +7.7108423e-01 +1.1415649e+00 +1.1415655e+00 +2.9713702e+00 +2.9713736e+00 +3.7719377e+00 +3.7719459e+00 
-2.8874427e+01 -2.8874427e+01 -1.4234961e+01 -1.4234961e+01 -1.3940249e+01 -1.3940249e+01 -1.3802358e+01 -1.3802358e+01 -8.4951370e-01 -8.4951170e-01 +7.4054210e-01 +7.4054213e-01 +1.1987268e+00 +1.1987272e+00 +3.0351382e+00 +3.0351411e+00 +3.7675447e+00 +3.7675515e+00 
-2.8874333e+01 -2.8874333e+01 -1.4239816e+01 -1.4239816e+01 -1.3939969e+01 -1.3939969e+01 -1.3799435e+01 -1.3799435e+01 -8.5756306e-01 -8.5756157e-01 +7.1668264e-01 +7.1668271e-01 +1.2473534e+00 +1.2473537e+00 +3.0887873e+00 +3.0887897e+00 +3.7632468e+00 +3.7632521e+00 
-2.8874264e+01 -2.8874264e+01 -1.4243316e+01 -1.4243315e+01 -1.3939765e+01 -1.3939765e+01 -1.3797343e+01 -1.3797343e+01 -8.6362425e-01 -8.6362326e-01 +6.9958512e-01 +6.9958517e-01 +1.2845322e+00 +1.2845324e+00 +3.1295849e+00 +3.1295866e+00 +3.7599569e+00 +3.7599606e+00 
-2.8874222e+01 -2.8874222e+01 -1.4245428e+01 -1.4245428e+01 -1.3939640e+01 -1.3939640e+01 -1.3796085e+01 -1.3796085e+01 -8.6738483e-01 -8.6738433e-01 +6.8930484e-01 +6.8930487e-01 +1.3078881e+00 +1.3078882e+00 +3.1551384e+00 +3.1551393e+00 +3.7580417e+00 +3.7580435e+00 
-2.8874208e+01 -2.8874208e+01 -1.4246133e+01 -1.4246133e+01 -1.3939599e+01 -1.3939599e+01 -1.3795664e+01 -1.3795664e+01 -8.6865876e-01 -8.6865876e-01 +6.8587450e-01 +6.8587451e-01 +1.3158557e+00 +1.3158557e+00 +3.1638426e+00 +3.1638426e+00 +3.7574371e+00 +3.7574371e+00 
-2.8874315e+01 -2.8874129e+01 -1.4245793e+01 -1.4245054e+01 -1.3940048e+01 -1.3939233e+01 -1.3796517e+01 -1.3795658e+01 -8.7078549e-01 -8.6397543e-01 +6.8796983e-01 +6.9069023e-01 +1.3077619e+00 +1.3079222e+00 +3.1435430e+00 +3.1667025e+00 +3.7522238e+00 +3.7638482e+00 
-2.8874636e+01 -2.8873892e+01 -1.4244771e+01 -1.4241821e+01 -1.3941393e+01 -1.3938139e+01 -1.3799063e+01 -1.3795638e+01 -8.7735097e-01 -8.4998691e-01 +6.9424818e-01 +7.0512692e-01 +1.2844664e+00 +1.2844963e+00 +3.0855045e+00 +3.1745118e+00 +3.7370251e+00 +3.7826600e+00 
-2.8875168e+01 -2.8873501e+01 -1.4243077e+01 -1.4236460e+01 -1.3943616e+01 -1.3936327e+01 -1.3803271e+01 -1.3795602e+01 -8.8889679e-01 -8.2688295e-01 +7.0468714e-01 +7.2915313e-01 +1.2466409e+00 +1.2487232e+00 +2.9969435e+00 +3.1851915e+00 +3.7130566e+00 +3.8126622e+00 
-2.8875905e+01 -2.8872958e+01 -1.4240727e+01 -1.4229017e+01 -1.3946694e+01 -1.3933815e+01 -1.3809089e+01 -1.3795552e+01 -9.0628057e-01 -7.9499086e-01 +7.1924859e-01 +7.6271632e-01 +1.1959314e+00 +1.2045242e+00 +2.8866471e+00 +3.1959505e+00 +3.6820342e+00 +3.8520451e+00 
-2.8876838e+01 -2.8872270e+01 -1.4237745e+01 -1.4219553e+01 -1.3950591e+01 -1.3930626e+01 -1.3816449e+01 -1.3795488e+01 -9.3059593e-01 -7.5479296e-01 +7.3787855e-01 +8.0574329e-01 +1.1342379e+00 +1.1564695e+00 +2.7628405e+00 +3.2039696e+00 +3.6458633e+00 +3.8986295e+00 
-2.8877959e+01 -2.8871444e+01 -1.4234157e+01 -1.4208148e+01 -1.3955264e+01 -1.3926790e+01 -1.3825261e+01 -1.3795411e+01 -9.6304271e-01 -7.0695308e-01 +7.6050606e-01 +8.5814005e-01 +1.0635238e+00 +1.1092058e+00 +2.6323530e+00 +3.2069447e+00 +3.6063911e+00 +3.9500915e+00 
-2.8879256e+01 -2.8870487e+01 -1.4229998e+01 -1.4194898e+01 -1.3960660e+01 -1.3922344e+01 -1.3835423e+01 -1.3795322e+01 -1.0047465e+00 -6.5235374e-01 +7.8704185e-01 +9.1979201e-01 +9.8569636e-01 +1.0669882e+00 +2.5006439e+00 +3.2033872e+00 +3.5652611e+00 +4.0041390e+00 
-2.8880715e+01 -2.8869410e+01 -1.4225310e+01 -1.4179918e+01 -1.3966720e+01 -1.3917330e+01 -1.3846815e+01 -1.3795222e+01 -1.0565485e+00 -5.9214547e-01 +8.1737700e-01 +9.0251768e-01 +9.9056400e-01 +1.0333602e+00 +2.3721505e+00 +3.1926911e+00 +3.5238536e+00 +4.0586367e+00 
-2.8882320e+01 -2.8868223e+01 -1.4220135e+01 -1.4163336e+01 -1.3973377e+01 -1.3911798e+01 -1.3859306e+01 -1.3795112e+01 -1.1188135e+00 -5.2780796e-01 +8.1556385e-01 +8.5138104e-01 +1.0109428e+00 +1.0703004e+00 +2.2506805e+00 +3.1750348e+00 +3.4832819e+00 +4.1116866e+00 
-2.8884056e+01 -2.8866939e+01 -1.4214526e+01 -1.4145300e+01 -1.3980558e+01 -1.3905800e+01 -1.3872753e+01 -1.3794994e+01 -1.1913120e+00 -4.6121779e-01 +7.2621742e-01 +8.8889976e-01 +1.0013423e+00 +1.1588247e+00 +2.1397482e+00 +3.1511989e+00 +3.4444171e+00 +4.1616786e+00 
-2.8885904e+01 -2.8865570e+01 -1.4208537e+01 -1.4125970e+01 -1.3988185e+01 -1.3899395e+01 -1.3887005e+01 -1.3794868e+01 -1.2732163e+00 -3.9470688e-01 +6.3567860e-01 +9.2975251e-01 +1.0051861e+00 +1.2559402e+00 +2.0428299e+00 +3.1223693e+00 +3.4079214e+00 +4.2073207e+00 
-2.8887845e+01 -2.8864131e+01 -1.4202227e+01 -1.4105523e+01 -1.3996175e+01 -1.3901905e+01 -1.3892646e+01 -1.3794737e+01 -1.3632031e+00 -3.3107606e-01 +5.4498494e-01 +9.7372922e-01 +1.0222639e+00 +1.3614287e+00 +1.9635141e+00 +3.0899677e+00 +3.3742815e+00 +4.2476542e+00 
-2.8889858e+01 -2.8862636e+01 -1.4195658e+01 -1.4084150e+01 -1.4004445e+01 -1.3917291e+01 -1.3885620e+01 -1.3794602e+01 -1.4596202e+00 -2.7350272e-01 +4.5503345e-01 +1.0205869e+00 +1.0517231e+00 +1.4750504e+00 +1.9055039e+00 +3.0555286e+00 +3.3438382e+00 +4.2820545e+00 
-2.8891924e+01 -2.8861101e+01 -1.4188897e+01 -1.4062051e+01 -1.4012907e+01 -1.3932996e+01 -1.3878387e+01 -1.3794464e+01 -1.5606614e+00 -2.2526756e-01 +3.6660188e-01 +1.0700456e+00 +1.0922610e+00 +1.5965427e+00 +1.8724075e+00 +3.0206248e+00 +3.3168091e+00 +4.3102184e+00 
-2.8894020e+01 -2.8859540e+01 -1.4182011e+01 -1.4039441e+01 -1.4021471e+01 -1.3948857e+01 -1.3871020e+01 -1.3794325e+01 -1.6645098e+00 -1.8926600e-01 +2.8036753e-01 +1.1217840e+00 +1.1422739e+00 +1.7256193e+00 +1.8672932e+00 +2.9868319e+00 +3.2933086e+00 +4.3321370e+00 
-2.8896126e+01 -2.8857971e+01 -1.4175070e+01 -1.4030051e+01 -1.4016544e+01 -1.3964709e+01 -1.3863593e+01 -1.3794186e+01 -1.7694347e+00 -1.6740064e-01 +1.9692324e-01 +1.1754350e+00 +1.1999496e+00 +1.8619683e+00 +1.8921109e+00 +2.9557206e+00 +3.2733610e+00 +4.3480562e+00 
-2.8898219e+01 -2.8856409e+01 -1.4168146e+01 -1.4038557e+01 -1.3993591e+01 -1.3980390e+01 -1.3856184e+01 -1.3794048e+01 -1.8738453e+00 -1.6011123e-01 +1.1679057e-01 +1.2305799e+00 +1.2633116e+00 +1.9472402e+00 +2.0052506e+00 +2.9288643e+00 +3.2569111e+00 +4.3584281e+00 
-2.8900279e+01 -2.8854870e+01 -1.4161310e+01 -1.4046904e+01 -1.3995744e+01 -1.3970819e+01 -1.3848867e+01 -1.3793914e+01 -1.9763110e+00 -1.6630743e-01 +4.0430426e-02 +1.2867443e+00 +1.3302341e+00 +2.0314328e+00 +2.1550962e+00 +2.6003875e+00 +2.9078432e+00 +3.2438326e+00 
-2.8902283e+01 -2.8853371e+01 -1.4154633e+01 -1.4055009e+01 -1.4010619e+01 -1.3948470e+01 -1.3841720e+01 -1.3793784e+01 -2.0755630e+00 -1.8374144e-01 -3.1748519e-02 +1.3433926e+00 +1.3984563e+00 +2.1421885e+00 +2.3111014e+00 +2.4836419e+00 +2.8942270e+00 +3.2339348e+00 
-2.8904212e+01 -2.8851926e+01 -1.4148185e+01 -1.4062789e+01 -1.4024872e+01 -1.3926785e+01 -1.3834818e+01 -1.3793660e+01 -2.1704842e+00 -2.0959372e-01 -9.9382967e-02 +1.3999248e+00 +1.4656291e+00 +2.2763367e+00 +2.3753950e+00 +2.4728234e+00 +2.8895080e+00 +3.2269675e+00 
-2.8906047e+01 -2.8850550e+01 -1.4142035e+01 -1.4070170e+01 -1.4038365e+01 -1.3906003e+01 -1.3828233e+01 -1.3793542e+01 -2.2600956e+00 -2.4099680e-01 -1.6214986e-01 +1.4556739e+00 +1.5294239e+00 +2.2758679e+00 +2.4305496e+00 +2.6397744e+00 +2.8949565e+00 +3.2226270e+00 
-2.8907768e+01 -2.8849258e+01 -1.4136248e+01 -1.4077079e+01 -1.4050974e+01 -1.3886361e+01 -1.3822036e+01 -1.3793432e+01 -2.3435415e+00 -2.7535983e-01 -2.1976238e-01 +1.5099066e+00 +1.5877233e+00 +2.1852566e+00 +2.6016473e+00 +2.8114123e+00 +2.9113843e+00 +3.2205623e+00 
-2.8909357e+01 -2.8848064e+01 -1.4130886e+01 -1.4083450e+01 -1.4062580e+01 -1.3868085e+01 -1.3816295e+01 -1.3793331e+01 -2.4200767e+00 -3.1050285e-01 -2.7196691e-01 +1.5618280e+00 +1.6388664e+00 +2.1037339e+00 +2.7867008e+00 +2.9388434e+00 +2.9871276e+00 +3.2203824e+00 
-2.8910800e+01 -2.8846978e+01 -1.4126007e+01 -1.4089220e+01 -1.4073078e+01 -1.3851390e+01 -1.3811070e+01 -1.3793240e+01 -2.4890553e+00 -3.4466945e-01 -3.1854043e-01 +1.6105917e+00 +1.6818705e+00 +2.0314521e+00 +2.9763437e+00 +2.9829965e+00 +3.1662213e+00 +3.2216667e+00 
-2.8912081e+01 -2.8846014e+01 -1.4121664e+01 -1.4094336e+01 -1.4082372e+01 -1.3836476e+01 -1.3806418e+01 -1.3793160e+01 -2.5499216e+00 -3.7648180e-01 -3.5928896e-01 +1.6553163e+00 +1.7165257e+00 +1.9685436e+00 +3.0217022e+00 +3.1879154e+00 +3.2239771e+00 +3.3478666e+00 
-2.8913188e+01 -2.8845180e+01 -1.4117905e+01 -1.4098748e+01 -1.4090379e+01 -1.3823526e+01 -1.3802392e+01 -1.3793090e+01 -2.6022034e+00 -4.0487856e-01 -3.9404617e-01 +1.6951114e+00 +1.7433054e+00 +1.9151223e+00 +3.0716001e+00 +3.2268737e+00 +3.3987434e+00 +3.5310299e+00 
-2.8914109e+01 -2.8844486e+01 -1.4114771e+01 -1.4102416e+01 -1.4097028e+01 -1.3812700e+01 -1.3799035e+01 -1.3793032e+01 -2.6455073e+00 -4.2905522e-01 -4.2267250e-01 +1.7291107e+00 +1.7631333e+00 +1.8712840e+00 +3.1218392e+00 +3.2299327e+00 +3.6123677e+00 +3.7142879e+00 
-2.8914835e+01 -2.8843938e+01 -1.4112296e+01 -1.4105305e+01 -1.4102260e+01 -1.3804133e+01 -1.3796385e+01 -1.3792987e+01 -2.6795150e+00 -4.4841430e-01 -4.4505437e-01 +1.7565131e+00 +1.7771057e+00 +1.8371069e+00 +3.1677494e+00 +3.2327671e+00 +3.8246622e+00 +3.8953238e+00 
-2.8915359e+01 -2.8843543e+01 -1.4110509e+01 -1.4107388e+01 -1.4106031e+01 -1.3797934e+01 -1.3794470e+01 -1.3792953e+01 -2.7039806e+00 -4.6252676e-01 -4.6110420e-01 +1.7766287e+00 +1.7862569e+00 +1.8126514e+00 +3.2047013e+00 +3.2350475e+00 +4.0287004e+00 +4.0692328e+00 
-2.8915676e+01 -2.8843304e+01 -1.4109428e+01 -1.4108645e+01 -1.4108306e+01 -1.3794182e+01 -1.3793313e+01 -1.3792933e+01 -2.7187296e+00 -4.7110459e-01 -4.7075916e-01 +1.7889241e+00 +1.7914038e+00 +1.7979609e+00 +3.2287051e+00 +3.2365216e+00 +4.2070573e+00 +4.2211562e+00 
-2.8915781e+01 -2.8843224e+01 -1.4109066e+01 -1.4109066e+01 -1.4109066e+01 -1.3792926e+01 -1.3792926e+01 -1.3792926e+01 -2.7236574e+00 +1.7930612e+00 +1.7930612e+00 +1.7930612e+00 +3.2370310e+00 +3.2370310e+00 +4.2952591e+00 +4.2952591e+00 +4.2952591e+00 +4.6973970e+00 
-2.8915676e+01 -2.8843304e+01 -1.4109167e+01 -1.4109167e+01 -1.4108047e+01 -1.3794306e+01 -1.3793060e+01 -1.3793060e+01 -2.7187383e+00 -4.7093648e-01 -4.7093628e-01 +1.7897488e+00 +1.7897488e+00 +1.7987863e+00 +3.2326265e+00 +3.2326265e+00 +4.1862000e+00 +4.2687828e+00 
-2.8915360e+01 -2.8843542e+01 -1.4109466e+01 -1.4109466e+01 -1.4105005e+01 -1.3798422e+01 -1.3793462e+01 -1.3793462e+01 -2.7040176e+00 -4.6182526e-01 -4.6182510e-01 +1.7797425e+00 +1.7797426e+00 +1.8159595e+00 +3.2199897e+00 +3.2199897e+00 +3.9735552e+00 +4.2050818e+00 
-2.8914838e+01 -2.8843936e+01 -1.4109956e+01 -1.4109956e+01 -1.4099982e+01 -1.3805202e+01 -1.3794135e+01 -1.3794135e+01 -2.6796048e+00 -4.4672286e-01 -4.4672282e-01 +1.7628555e+00 +1.7628556e+00 +1.8445742e+00 +3.2007367e+00 +3.2007367e+00 +3.7327799e+00 +4.1256851e+00 
-2.8914114e+01 -2.8844479e+01 -1.4110623e+01 -1.4110623e+01 -1.4093051e+01 -1.3814529e+01 -1.3795084e+01 -1.3795084e+01 -2.6456794e+00 -4.2575437e-01 -4.2575422e-01 +1.7388447e+00 +1.7388448e+00 +1.8846174e+00 +3.1772171e+00 +3.1772171e+00 +3.4820542e+00 +4.0414827e+00 
-2.8913198e+01 -2.8845166e+01 -1.4111449e+01 -1.4111449e+01 -1.4084312e+01 -1.3826244e+01 -1.3796316e+01 -1.3796316e+01 -2.6024867e+00 -3.9909670e-01 -3.9909663e-01 +1.7075042e+00 +1.7075042e+00 +1.9360668e+00 +3.1521146e+00 +3.1521146e+00 +3.2284494e+00 +3.9571935e+00 
-2.8912099e+01 -2.8845988e+01 -1.4112412e+01 -1.4112412e+01 -1.4073892e+01 -1.3840150e+01 -1.3797840e+01 -1.3797840e+01 -2.5503315e+00 -3.6698030e-01 -3.6698015e-01 +1.6687738e+00 +1.6687738e+00 +1.9988872e+00 +2.9759614e+00 +3.1280547e+00 +3.1280547e+00 +3.8750788e+00 
-2.8910829e+01 -2.8846933e+01 -1.4113484e+01 -1.4113484e+01 -1.4061944e+01 -1.3856014e+01 -1.3799666e+01 -1.3799666e+01 -2.4895715e+00 -3.2969135e-01 -3.2969126e-01 +1.6228373e+00 +1.6228373e+00 +2.0730246e+00 +2.7272853e+00 +3.1072972e+00 +3.1072972e+00 +3.7963981e+00 
-2.8909401e+01 -2.8847990e+01 -1.4114635e+01 -1.4114635e+01 -1.4048646e+01 -1.3873577e+01 -1.3801806e+01 -1.3801806e+01 -2.4206088e+00 -2.8757427e-01 -2.8757422e-01 +1.5701826e+00 +1.5701826e+00 +2.1584008e+00 +2.4844084e+00 +3.0915526e+00 +3.0915526e+00 +3.7219663e+00 
-2.8907832e+01 -2.8849145e+01 -1.4115830e+01 -1.4115830e+01 -1.4034199e+01 -1.3892555e+01 -1.3804271e+01 -1.3804271e+01 -2.3438820e+00 -2.4103414e-01 -2.4103408e-01 +1.5116020e+00 +1.5116020e+00 +2.2488775e+00 +2.2549056e+00 +3.0819237e+00 +3.0819237e+00 +3.6523834e+00 
-2.8906138e+01 -2.8850385e+01 -1.4117032e+01 -1.4117032e+01 -1.4018823e+01 -1.3912649e+01 -1.3807075e+01 -1.3807075e+01 -2.2598571e+00 -1.9053941e-01 -1.9053935e-01 +1.4481385e+00 +1.4481385e+00 +2.0219425e+00 +2.3623883e+00 +3.0789520e+00 +3.0789520e+00 +3.5881429e+00 
-2.8904337e+01 -2.8851693e+01 -1.4118202e+01 -1.4118202e+01 -1.4002757e+01 -1.3933548e+01 -1.3810230e+01 -1.3810230e+01 -2.1690193e+00 -1.3662383e-01 -1.3662377e-01 +1.3809946e+00 +1.3809946e+00 +1.8046433e+00 +2.4806481e+00 +3.0827241e+00 +3.0827241e+00 +3.5296821e+00 
-2.8902448e+01 -2.8853055e+01 -1.4119298e+01 -1.4119298e+01 -1.3986256e+01 -1.3954936e+01 -1.3813748e+01 -1.3813748e+01 -2.0718649e+00 -7.9887507e-02 -7.9887432e-02 +1.3114335e+00 +1.3114335e+00 +1.5978644e+00 +2.6094237e+00 +3.0930003e+00 +3.0930003e+00 +3.4774097e+00 
-2.8900491e+01 -2.8854453e+01 -1.4120278e+01 -1.4120277e+01 -1.3976497e+01 -1.3969584e+01 -1.3817643e+01 -1.3817643e+01 -1.9688950e+00 -2.0996092e-02 -2.0996072e-02 +1.2406929e+00 +1.2406929e+00 +1.4023708e+00 +2.7483804e+00 +3.1093313e+00 +3.1093313e+00 +3.4317174e+00 
-2.8898484e+01 -2.8855872e+01 -1.4121099e+01 -1.4121098e+01 -1.3997918e+01 -1.3953016e+01 -1.3821923e+01 -1.3821923e+01 -1.8606092e+00 +3.9322048e-02 +3.9322198e-02 +1.1699246e+00 +1.1699246e+00 +1.2188312e+00 +2.8970964e+00 +3.1311498e+00 +3.1311498e+00 +3.3929829e+00 
-2.8896450e+01 -2.8857295e+01 -1.4121718e+01 -1.4121718e+01 -1.4018897e+01 -1.3936829e+01 -1.3826599e+01 -1.3826599e+01 -1.7475025e+00 +1.0028352e-01 +1.0028359e-01 +1.0478331e+00 +1.1001584e+00 +1.1001584e+00 +3.0550469e+00 +3.1578327e+00 +3.1578327e+00 +3.3615650e+00 
-2.8894407e+01 -2.8858706e+01 -1.4122093e+01 -1.4122093e+01 -1.4039147e+01 -1.3921300e+01 -1.3831679e+01 -1.3831679e+01 -1.6300626e+00 +1.6106061e-01 +1.6106074e-01 +8.8989208e-01 +1.0322867e+00 +1.0322867e+00 +3.1887389e+00 +3.1887389e+00 +3.2215840e+00 +3.3377905e+00 
-2.8892375e+01 -2.8860091e+01 -1.4122184e+01 -1.4122184e+01 -1.4058394e+01 -1.3906700e+01 -1.3837166e+01 -1.3837166e+01 -1.5087703e+00 +2.2079891e-01 +2.2079910e-01 +7.4545582e-01 +9.6706374e-01 +9.6706374e-01 +3.2232299e+00 +3.2232299e+00 +3.3219354e+00 +3.3959129e+00 
-2.8890373e+01 -2.8861434e+01 -1.4121951e+01 -1.4121951e+01 -1.4076386e+01 -1.3893290e+01 -1.3843063e+01 -1.3843063e+01 -1.3841016e+00 +2.7864026e-01 +2.7864035e-01 +6.1490583e-01 +9.0511223e-01 +9.0511223e-01 +3.2606776e+00 +3.2606776e+00 +3.3141968e+00 +3.5770593e+00 
-2.8888418e+01 -2.8862724e+01 -1.4121358e+01 -1.4121358e+01 -1.4092893e+01 -1.3881314e+01 -1.3849370e+01 -1.3849370e+01 -1.2565325e+00 +3.3375132e-01 +3.3375145e-01 +4.9855590e-01 +8.4693418e-01 +8.4693418e-01 +3.3004676e+00 +3.3004676e+00 +3.3146606e+00 +3.7638251e+00 
-2.8886528e+01 -2.8863947e+01 -1.4120370e+01 -1.4120370e+01 -1.4107711e+01 -1.3870996e+01 -1.3856082e+01 -1.3856082e+01 -1.1265465e+00 +3.8535623e-01 +3.8535627e-01 +3.9664866e-01 +7.9292307e-01 +7.9292307e-01 +3.3232637e+00 +3.3419988e+00 +3.3419988e+00 +3.9547173e+00 
-2.8884718e+01 -2.8865093e+01 -1.4120658e+01 -1.4118957e+01 -1.4118957e+01 -1.3863192e+01 -1.3863192e+01 -1.3862537e+01 -9.9464452e-01 +3.0934988e-01 +4.3277014e-01 +4.3277014e-01 +7.4337555e-01 +7.4337555e-01 +3.3397570e+00 +3.3397571e+00 +3.3846826e+00 +3.3846826e+00 
-2.8883002e+01 -2.8866155e+01 -1.4131582e+01 -1.4117090e+01 -1.4117090e+01 -1.3870689e+01 -1.3870689e+01 -1.3856103e+01 -8.6135863e-01 +2.3674212e-01 +4.7543006e-01 +4.7543006e-01 +6.9850200e-01 +6.9850200e-01 +3.3636728e+00 +3.3636728e+00 +3.4279434e+00 +3.4279434e+00 
-2.8881390e+01 -2.8867123e+01 -1.4140361e+01 -1.4114749e+01 -1.4114748e+01 -1.3878558e+01 -1.3878558e+01 -1.3851830e+01 -7.2726853e-01 +1.7881524e-01 +5.1291884e-01 +5.1291885e-01 +6.5843572e-01 +6.5843572e-01 +3.3943031e+00 +3.3943031e+00 +3.4712209e+00 +3.4712209e+00 
-2.8879893e+01 -2.8867994e+01 -1.4146900e+01 -1.4111911e+01 -1.4111911e+01 -1.3886781e+01 -1.3886781e+01 -1.3849816e+01 -5.9302277e-01 +1.3545602e-01 +5.4497886e-01 +5.4497887e-01 +6.2324087e-01 +6.2324087e-01 +3.4306941e+00 +3.4306943e+00 +3.5139743e+00 +3.5139743e+00 
-2.8878520e+01 -2.8868764e+01 -1.4151135e+01 -1.4108565e+01 -1.4108565e+01 -1.3895333e+01 -1.3895333e+01 -1.3850116e+01 -4.5936465e-01 +1.0643548e-01 +5.7151384e-01 +5.7151384e-01 +5.9291902e-01 +5.9291902e-01 +3.4716621e+00 +3.4716621e+00 +3.5556888e+00 +3.5556888e+00 
-2.8877275e+01 -2.8869432e+01 -1.4153030e+01 -1.4104698e+01 -1.4104698e+01 -1.3904189e+01 -1.3904189e+01 -1.3852748e+01 -3.2716294e-01 +9.1392575e-02 +5.6741470e-01 +5.6741470e-01 +5.9257931e-01 +5.9257931e-01 +3.5158313e+00 +3.5158313e+00 +3.5958844e+00 +3.5958844e+00 
-2.8876162e+01 -2.8869998e+01 -1.4152582e+01 -1.4100307e+01 -1.4100307e+01 -1.3913320e+01 -1.3913320e+01 -1.3857684e+01 -1.9744922e-01 +8.9815010e-02 +5.4661990e-01 +5.4661990e-01 +6.0836409e-01 +6.0836409e-01 +3.5616961e+00 +3.5616961e+00 +3.6341250e+00 +3.6341250e+00 
-2.8875182e+01 -2.8870466e+01 -1.4149816e+01 -1.4095389e+01 -1.4095389e+01 -1.3922690e+01 -1.3922690e+01 -1.3864859e+01 -7.1460379e-02 +1.0101441e-01 +5.3037802e-01 +5.3037802e-01 +6.1916658e-01 +6.1916658e-01 +3.6077020e+00 +3.6077020e+00 +3.6700268e+00 +3.6700268e+00 
-2.8874334e+01 -2.8870839e+01 -1.4144789e+01 -1.4089951e+01 -1.4089951e+01 -1.3932265e+01 -1.3932265e+01 -1.3874163e+01 +4.9316340e-02 +1.2409526e-01 +5.1848735e-01 +5.1848735e-01 +6.2536961e-01 +6.2536961e-01 +3.6523399e+00 +3.6523399e+00 +3.7032660e+00 +3.7032660e+00 
-2.8873615e+01 -2.8871124e+01 -1.4137584e+01 -1.4084000e+01 -1.4084000e+01 -1.3942004e+01 -1.3942004e+01 -1.3885452e+01 +1.5791547e-01 +1.6310077e-01 +5.1070411e-01 +5.1070411e-01 +6.2741687e-01 +6.2741687e-01 +3.6942422e+00 +3.6942422e+00 +3.7335821e+00 +3.7335821e+00 
-2.8873020e+01 -2.8871329e+01 -1.4128315e+01 -1.4077551e+01 -1.4077551e+01 -1.3951866e+01 -1.3951866e+01 -1.3898547e+01 +2.0103729e-01 +2.6779436e-01 +5.0674536e-01 +5.0674536e-01 +6.2579298e-01 +6.2579298e-01 +3.7322705e+00 +3.7322705e+00 +3.7607764e+00 +3.7607764e+00 
-2.8872542e+01 -2.8871465e+01 -1.4117122e+01 -1.4070621e+01 -1.4070621e+01 -1.3961807e+01 -1.3961807e+01 -1.3913237e+01 +2.5166855e-01 +3.6099596e-01 +5.0629173e-01 +5.0629173e-01 +6.2100790e-01 +6.2100790e-01 +3.7655749e+00 +3.7655749e+00 +3.7847045e+00 +3.7847045e+00 
-2.8872171e+01 -2.8871542e+01 -1.4104172e+01 -1.4063235e+01 -1.4063235e+01 -1.3971781e+01 -1.3971781e+01 -1.3929288e+01 +3.0759702e-01 +4.4009613e-01 +5.0899031e-01 +5.0899031e-01 +6.1358554e-01 +6.1358554e-01 +3.7936199e+00 +3.7936199e+00 +3.8052623e+00 +3.8052623e+00 
-2.8871897e+01 -2.8871572e+01 -1.4089657e+01 -1.4055418e+01 -1.4055418e+01 -1.3981742e+01 -1.3981742e+01 -1.3946442e+01 +3.6612762e-01 +5.0249330e-01 +5.1445739e-01 +5.1445739e-01 +6.0405599e-01 +6.0405599e-01 +3.8161709e+00 +3.8161709e+00 +3.8223673e+00 +3.8223673e+00 
-2.8871708e+01 -2.8871570e+01 -1.4073791e+01 -1.4047201e+01 -1.4047201e+01 -1.3991643e+01 -1.3991643e+01 -1.3964428e+01 +4.2404318e-01 +5.2228150e-01 +5.2228150e-01 +5.4595489e-01 +5.9295019e-01 +5.9295019e-01 +3.8332454e+00 +3.8332454e+00 +3.8359352e+00 +3.8359352e+00 
-2.8871591e+01 -2.8871550e+01 -1.4056807e+01 -1.4038620e+01 -1.4038620e+01 -1.4001436e+01 -1.4001436e+01 -1.3982961e+01 +4.7762737e-01 +5.3202643e-01 +5.3202643e-01 +5.6908840e-01 +5.8079639e-01 +5.8079639e-01 +3.8450435e+00 +3.8450435e+00 +3.8458560e+00 +3.8458560e+00 
-2.8871532e+01 -2.8871527e+01 -1.4038959e+01 -1.4029710e+01 -1.4029710e+01 -1.4011075e+01 -1.4011075e+01 -1.4001753e+01 +5.2280206e-01 +5.4323432e-01 +5.4323432e-01 +5.6811736e-01 +5.6811736e-01 +5.7178197e-01 +3.8518712e+00 +3.8518712e+00 +3.8519739e+00 +3.8519739e+00 
-2.8871516e+01 -2.8871516e+01 -1.4020513e+01 -1.4020513e+01 -1.4020513e+01 -1.4020513e+01 -1.4020513e+01 -1.4020513e+01 +5.5542811e-01 +5.5542811e-01 +5.5542793e-01 +5.5542874e-01 +5.5542874e-01 +5.5542905e-01 +3.8540722e+00 +3.8540722e+00 +3.8540722e+00 +3.8540722e+00 
-2.8871530e+01 -2.8871530e+01 -1.4036543e+01 -1.4036543e+01 -1.4020330e+01 -1.4020330e+01 -1.4004266e+01 -1.4004266e+01 +5.2978914e-01 +5.2978990e-01 +5.5482446e-01 +5.5482509e-01 +5.7402280e-01 +5.7402304e-01 +3.5989380e+00 +3.5989381e+00 +3.8510970e+00 +3.8510970e+00 
-2.8871571e+01 -2.8871571e+01 -1.4052195e+01 -1.4052195e+01 -1.4019780e+01 -1.4019780e+01 -1.3987961e+01 -1.3987961e+01 +4.9510285e-01 +4.9510398e-01 +5.5304413e-01 +5.5304475e-01 +5.8808575e-01 +5.8808650e-01 +3.6381429e+00 +3.6381434e+00 +3.8420913e+00 +3.8420914e+00 
-2.8871639e+01 -2.8871639e+01 -1.4067317e+01 -1.4067316e+01 -1.4018867e+01 -1.4018867e+01 -1.3971765e+01 -1.3971765e+01 +4.5053279e-01 +4.5053403e-01 +5.5017870e-01 +5.5017933e-01 +5.9988811e-01 +5.9988920e-01 +3.6990520e+00 +3.6990525e+00 +3.8268248e+00 +3.8268248e+00 
-2.8871734e+01 -2.8871734e+01 -1.4081763e+01 -1.4081763e+01 -1.4017600e+01 -1.4017600e+01 -1.3955844e+01 -1.3955844e+01 +3.9650732e-01 +3.9650847e-01 +5.4637661e-01 +5.4637721e-01 +6.1109663e-01 +6.1109796e-01 +3.7640143e+00 +3.7640155e+00 +3.8049520e+00 +3.8049520e+00 
-2.8871854e+01 -2.8871854e+01 -1.4095397e+01 -1.4095397e+01 -1.4015994e+01 -1.4015994e+01 -1.3940364e+01 -1.3940364e+01 +3.3436659e-01 +3.3436747e-01 +5.4183711e-01 +5.4183770e-01 +6.2280835e-01 +6.2280977e-01 +3.7760652e+00 +3.7760652e+00 +3.7855084e+00 +3.7855088e+00 
-2.8871999e+01 -2.8871999e+01 -1.4108093e+01 -1.4108093e+01 -1.4014062e+01 -1.4014062e+01 -1.3925489e+01 -1.3925489e+01 +2.6590160e-01 +2.6590208e-01 +5.3680240e-01 +5.3680298e-01 +6.3573033e-01 +6.3573175e-01 +3.7397609e+00 +3.7397609e+00 +3.7778758e+00 +3.7778759e+00 
-2.8872166e+01 -2.8872166e+01 -1.4119733e+01 -1.4119733e+01 -1.4011826e+01 -1.4011826e+01 -1.3911378e+01 -1.3911378e+01 +1.9299686e-01 +1.9299687e-01 +5.3154902e-01 +5.3154958e-01 +6.5034155e-01 +6.5034288e-01 +3.6957070e+00 +3.6957070e+00 +3.7631623e+00 +3.7631628e+00 
-2.8872355e+01 -2.8872355e+01 -1.4130212e+01 -1.4130212e+01 -1.4009307e+01 -1.4009307e+01 -1.3898184e+01 -1.3898184e+01 +1.1741739e-01 +1.1741792e-01 +5.2637819e-01 +5.2637873e-01 +6.6699933e-01 +6.6700052e-01 +3.6437067e+00 +3.6437068e+00 +3.7458787e+00 +3.7458795e+00 
-2.8872563e+01 -2.8872563e+01 -1.4139436e+01 -1.4139436e+01 -1.4006530e+01 -1.4006530e+01 -1.3886049e+01 -1.3886049e+01 +4.0710650e-02 +4.0711734e-02 +5.2160640e-01 +5.2160693e-01 +6.8600150e-01 +6.8600251e-01 +3.5837452e+00 +3.5837453e+00 +3.7274486e+00 +3.7274497e+00 
-2.8872788e+01 -2.8872788e+01 -1.4147325e+01 -1.4147324e+01 -1.4003524e+01 -1.4003524e+01 -1.3875108e+01 -1.3875108e+01 -3.5825029e-02 -3.5823379e-02 +5.1755618e-01 +5.1755669e-01 +7.0762023e-01 +7.0762103e-01 +3.5160162e+00 +3.5160163e+00 +3.7085927e+00 +3.7085941e+00 
-2.8873029e+01 -2.8873028e+01 -1.4153810e+01 -1.4153809e+01 -1.4000319e+01 -1.4000319e+01 -1.3865481e+01 -1.3865481e+01 -1.1113258e-01 -1.1113037e-01 +5.1454751e-01 +5.1454800e-01 +7.3211989e-01 +7.3212046e-01 +3.4409253e+00 +3.4409254e+00 +3.6897573e+00 +3.6897590e+00 
-2.8873281e+01 -2.8873281e+01 -1.4158837e+01 -1.4158836e+01 -1.3996947e+01 -1.3996947e+01 -1.3857275e+01 -1.3857275e+01 -1.8437229e-01 -1.8436952e-01 +5.1288994e-01 +5.1289041e-01 +7.5976497e-01 +7.5976531e-01 +3.3590734e+00 +3.3590735e+00 +3.6712237e+00 +3.6712256e+00 
-2.8873544e+01 -2.8873544e+01 -1.4162366e+01 -1.4162365e+01 -1.3993442e+01 -1.3993442e+01 -1.3850578e+01 -1.3850578e+01 -2.5489238e-01 -2.5488908e-01 +5.1287543e-01 +5.1287587e-01 +7.9082199e-01 +7.9082210e-01 +3.2712248e+00 +3.2712249e+00 +3.6531517e+00 +3.6531538e+00 
-2.8873814e+01 -2.8873814e+01 -1.4164369e+01 -1.4164368e+01 -1.3989841e+01 -1.3989841e+01 -1.3845464e+01 -1.3845464e+01 -3.2219965e-01 -3.2219584e-01 +5.1477166e-01 +5.1477208e-01 +8.2555711e-01 +8.2555721e-01 +3.1782680e+00 +3.1782682e+00 +3.6355964e+00 +3.6355987e+00 
-2.8874089e+01 -2.8874089e+01 -1.4164837e+01 -1.4164836e+01 -1.3986179e+01 -1.3986179e+01 -1.3841986e+01 -1.3841986e+01 -3.8593247e-01 -3.8592817e-01 +5.1881578e-01 +5.1881618e-01 +8.6423110e-01 +8.6423140e-01 +3.0811761e+00 +3.0811763e+00 +3.6185242e+00 +3.6185267e+00 
-2.8874365e+01 -2.8874365e+01 -1.4163771e+01 -1.4163770e+01 -1.3982495e+01 -1.3982495e+01 -1.3840176e+01 -1.3840176e+01 -4.4583723e-01 -4.4583247e-01 +5.2520829e-01 +5.2520866e-01 +9.0709111e-01 +9.0709158e-01 +2.9809702e+00 +2.9809704e+00 +3.6018168e+00 +3.6018194e+00 
-2.8874640e+01 -2.8874640e+01 -1.4161190e+01 -1.4161189e+01 -1.3978826e+01 -1.3978825e+01 -1.3840045e+01 -1.3840045e+01 -5.0174779e-01 -5.0174261e-01 +5.3410614e-01 +5.3410648e-01 +9.5435997e-01 +9.5436058e-01 +2.8786913e+00 +2.8786915e+00 +3.5852695e+00 +3.5852722e+00 
-2.8874912e+01 -2.8874912e+01 -1.4157128e+01 -1.4157127e+01 -1.3975209e+01 -1.3975209e+01 -1.3841585e+01 -1.3841584e+01 -5.5356780e-01 -5.5356222e-01 +5.4561524e-01 +5.4561557e-01 +1.0062230e+00 +1.0062237e+00 +2.7753810e+00 +2.7753813e+00 +3.5685733e+00 +3.5685759e+00 
-2.8875177e+01 -2.8875177e+01 -1.4151636e+01 -1.4151635e+01 -1.3971683e+01 -1.3971683e+01 -1.3844760e+01 -1.3844760e+01 -6.0125554e-01 -6.0124960e-01 +5.5978124e-01 +5.5978153e-01 +1.0628117e+00 +1.0628125e+00 +2.6720718e+00 +2.6720720e+00 +3.5512627e+00 +3.5512652e+00 
-2.8875432e+01 -2.8875432e+01 -1.4144780e+01 -1.4144779e+01 -1.3968283e+01 -1.3968283e+01 -1.3849516e+01 -1.3849516e+01 -6.4481094e-01 -6.4480467e-01 +5.7657786e-01 +5.7657813e-01 +1.1241831e+00 +1.1241840e+00 +2.5697862e+00 +2.5697865e+00 +3.5325980e+00 +3.5326003e+00 
-2.8875675e+01 -2.8875675e+01 -1.4136646e+01 -1.4136644e+01 -1.3965046e+01 -1.3965046e+01 -1.3855772e+01 -1.3855772e+01 -6.8426440e-01 -6.8425784e-01 +5.9589191e-01 +5.9589215e-01 +1.1902921e+00 +1.1902929e+00 +2.4695454e+00 +2.4695457e+00 +3.5113279e+00 +3.5113299e+00 
-2.8875904e+01 -2.8875903e+01 -1.4127339e+01 -1.4127338e+01 -1.3962004e+01 -1.3962004e+01 -1.3863423e+01 -1.3863422e+01 -7.1966740e-01 -7.1966058e-01 +6.1750368e-01 +6.1750389e-01 +1.2609545e+00 +1.2609553e+00 +2.3723853e+00 +2.3723857e+00 +3.4851933e+00 +3.4851947e+00 
-2.8876115e+01 -2.8876115e+01 -1.4116990e+01 -1.4116988e+01 -1.3959189e+01 -1.3959189e+01 -1.3872333e+01 -1.3872332e+01 -7.5108458e-01 -7.5107754e-01 +6.4106181e-01 +6.4106199e-01 +1.3357923e+00 +1.3357930e+00 +2.2793829e+00 +2.2793832e+00 +3.4500900e+00 +3.4500907e+00 
-2.8876307e+01 -2.8876307e+01 -1.4105758e+01 -1.4105756e+01 -1.3956632e+01 -1.3956632e+01 -1.3882334e+01 -1.3882334e+01 -7.7858718e-01 -7.7857994e-01 +6.6605199e-01 +6.6605214e-01 +1.4141513e+00 +1.4141518e+00 +2.1916887e+00 +2.1916891e+00 +3.3995255e+00 +3.3995255e+00 
-2.8876478e+01 -2.8876478e+01 -1.4093846e+01 -1.4093844e+01 -1.3954358e+01 -1.3954358e+01 -1.3893214e+01 -1.3893214e+01 -8.0224772e-01 -8.0224032e-01 +6.9176074e-01 +6.9176086e-01 +1.4949710e+00 +1.4949715e+00 +2.1105667e+00 +2.1105671e+00 +3.3276011e+00 +3.3276015e+00 
-2.8876626e+01 -2.8876626e+01 -1.4081520e+01 -1.4081519e+01 -1.3952392e+01 -1.3952392e+01 -1.3904694e+01 -1.3904693e+01 -8.2213572e-01 -8.2212819e-01 +7.1723971e-01 +7.1723980e-01 +1.5765770e+00 +1.5765773e+00 +2.0374328e+00 +2.0374332e+00 +3.2365310e+00 +3.2365314e+00 
-2.8876749e+01 -2.8876749e+01 -1.4069157e+01 -1.4069155e+01 -1.3950753e+01 -1.3950753e+01 -1.3916386e+01 -1.3916386e+01 -8.3831446e-01 -8.3830682e-01 +7.4128443e-01 +7.4128449e-01 +1.6563513e+00 +1.6563513e+00 +1.9738804e+00 +1.9738809e+00 +3.1371964e+00 +3.1371966e+00 
-2.8876846e+01 -2.8876846e+01 -1.4057323e+01 -1.4057321e+01 -1.3949461e+01 -1.3949461e+01 -1.3927712e+01 -1.3927711e+01 -8.5083850e-01 -8.5083077e-01 +7.6245442e-01 +7.6245446e-01 +1.7302575e+00 +1.7302577e+00 +1.9216633e+00 +1.9216637e+00 +3.0419973e+00 +3.0419973e+00 
-2.8876916e+01 -2.8876916e+01 -1.4046934e+01 -1.4046932e+01 -1.3948528e+01 -1.3948528e+01 -1.3937745e+01 -1.3937745e+01 -8.5975185e-01 -8.5974406e-01 +7.7917431e-01 +7.7917432e-01 +1.7923436e+00 +1.7923439e+00 +1.8825971e+00 +1.8825976e+00 +2.9621036e+00 +2.9621036e+00 
-2.8876958e+01 -2.8876958e+01 -1.4039436e+01 -1.4039433e+01 -1.3947963e+01 -1.3947963e+01 -1.3945033e+01 -1.3945033e+01 -8.6508675e-01 -8.6507893e-01 +7.8994928e-01 +7.8994928e-01 +1.8348341e+00 +1.8348345e+00 +1.8583469e+00 +1.8583474e+00 +2.9080600e+00 +2.9080600e+00 
-2.8876973e+01 -2.8876973e+01 -1.4036625e+01 -1.4036622e+01 -1.3947774e+01 -1.3947774e+01 -1.3947774e+01 -1.3947774e+01 -8.6686276e-01 -8.6685501e-01 +7.9367713e-01 +7.9367717e-01 +1.8501160e+00 +1.8501160e+00 +1.8501165e+00 +1.8501165e+00 +2.8887971e+00 +3.5719790e+00 
-2.8874208e+01 -2.8874208e+01 -1.4246133e+01 -1.4246133e+01 -1.3939599e+01 -1.3939599e+01 -1.3795664e+01 -1.3795664e+01 -8.6865876e-01 -8.6865876e-01 +6.8587450e-01 +6.8587451e-01 +1.3158557e+00 +1.3158557e+00 +3.1638426e+00 +3.1638426e+00 +3.7574371e+00 +3.7574371e+00 
-2.8874194e+01 -2.8874194e+01 -1.4245559e+01 -1.4245559e+01 -1.3940019e+01 -1.3940019e+01 -1.3796234e+01 -1.3796234e+01 -8.6343703e-01 -8.6343702e-01 +6.8407406e-01 +6.8407407e-01 +1.3122643e+00 +1.3122644e+00 +3.1662466e+00 +3.1662466e+00 +3.7579097e+00 +3.7579098e+00 
-2.8874153e+01 -2.8874153e+01 -1.4243839e+01 -1.4243839e+01 -1.3941267e+01 -1.3941267e+01 -1.3797941e+01 -1.3797941e+01 -8.4781124e-01 -8.4781124e-01 +6.7875045e-01 +6.7875047e-01 +1.3015918e+00 +1.3015918e+00 +3.1734448e+00 +3.1734448e+00 +3.7593189e+00 +3.7593189e+00 
-2.8874086e+01 -2.8874086e+01 -1.4240983e+01 -1.4240983e+01 -1.3943317e+01 -1.3943317e+01 -1.3800777e+01 -1.3800777e+01 -8.2189999e-01 -8.2189999e-01 +6.7013142e-01 +6.7013144e-01 +1.2841349e+00 +1.2841350e+00 +3.1853942e+00 +3.1853943e+00 +3.7616395e+00 +3.7616395e+00 
-2.8873994e+01 -2.8873994e+01 -1.4237004e+01 -1.4237004e+01 -1.3946126e+01 -1.3946126e+01 -1.3804728e+01 -1.3804728e+01 -7.8590308e-01 -7.8590308e-01 +6.5857940e-01 +6.5857942e-01 +1.2603649e+00 +1.2603650e+00 +3.2020213e+00 +3.2020214e+00 +3.7648289e+00 +3.7648289e+00 
-2.8873879e+01 -2.8873879e+01 -1.4231923e+01 -1.4231923e+01 -1.3949633e+01 -1.3949633e+01 -1.3809775e+01 -1.3809775e+01 -7.4010508e-01 -7.4010508e-01 +6.4456815e-01 +6.4456816e-01 +1.2308954e+00 +1.2308955e+00 +3.2232184e+00 +3.2232185e+00 +3.7688292e+00 +3.7688292e+00 
-2.8873744e+01 -2.8873744e+01 -1.4225764e+01 -1.4225764e+01 -1.3953764e+01 -1.3953764e+01 -1.3815892e+01 -1.3815892e+01 -6.8488055e-01 -6.8488055e-01 +6.2865443e-01 +6.2865444e-01 +1.1964455e+00 +1.1964455e+00 +3.2488384e+00 +3.2488384e+00 +3.7735663e+00 +3.7735663e+00 
-2.8873590e+01 -2.8873590e+01 -1.4218560e+01 -1.4218560e+01 -1.3958432e+01 -1.3958432e+01 -1.3823051e+01 -1.3823051e+01 -6.2070171e-01 -6.2070171e-01 +6.1144877e-01 +6.1144879e-01 +1.1578017e+00 +1.1578018e+00 +3.2786880e+00 +3.2786880e+00 +3.7789520e+00 +3.7789520e+00 
-2.8873421e+01 -2.8873421e+01 -1.4210347e+01 -1.4210347e+01 -1.3963540e+01 -1.3963540e+01 -1.3831215e+01 -1.3831214e+01 -5.4814889e-01 -5.4814889e-01 +5.9358710e-01 +5.9358712e-01 +1.1157831e+00 +1.1157831e+00 +3.3125183e+00 +3.3125184e+00 +3.7848844e+00 +3.7848844e+00 
-2.8873241e+01 -2.8873241e+01 -1.4201165e+01 -1.4201165e+01 -1.3968980e+01 -1.3968980e+01 -1.3840343e+01 -1.3840343e+01 -4.6792473e-01 -4.6792473e-01 +5.7570632e-01 +5.7570634e-01 +1.0712113e+00 +1.0712114e+00 +3.3500123e+00 +3.3500123e+00 +3.7912499e+00 +3.7912499e+00 
-2.8873054e+01 -2.8873054e+01 -1.4191062e+01 -1.4191062e+01 -1.3974641e+01 -1.3974641e+01 -1.3850392e+01 -1.3850392e+01 -3.8087317e-01 -3.8087317e-01 +5.5842328e-01 +5.5842330e-01 +1.0248877e+00 +1.0248877e+00 +3.3907685e+00 +3.3907686e+00 +3.7979248e+00 +3.7979248e+00 
-2.8872862e+01 -2.8872862e+01 -1.4180089e+01 -1.4180089e+01 -1.3980405e+01 -1.3980405e+01 -1.3861310e+01 -1.3861310e+01 -2.8800429e-01 -2.8800429e-01 +5.4231946e-01 +5.4231948e-01 +9.7757572e-01 +9.7757578e-01 +3.4342804e+00 +3.4342804e+00 +3.8047770e+00 +3.8047770e+00 
-2.8872671e+01 -2.8872671e+01 -1.4168301e+01 -1.4168301e+01 -1.3986156e+01 -1.3986156e+01 -1.3873043e+01 -1.3873043e+01 -1.9052667e-01 -1.9052667e-01 +5.2792994e-01 +5.2792996e-01 +9.2999050e-01 +9.2999055e-01 +3.4799067e+00 +3.4799068e+00 +3.8116687e+00 +3.8116687e+00 
-2.8872483e+01 -2.8872483e+01 -1.4155759e+01 -1.4155759e+01 -1.3991776e+01 -1.3991776e+01 -1.3885532e+01 -1.3885532e+01 -8.9887432e-02 -8.9887431e-02 +5.1573609e-01 +5.1573611e-01 +8.8279151e-01 +8.8279156e-01 +3.5268320e+00 +3.5268320e+00 +3.8184590e+00 +3.8184590e+00 
-2.8872303e+01 -2.8872303e+01 -1.4142527e+01 -1.4142526e+01 -1.3997152e+01 -1.3997152e+01 -1.3898715e+01 -1.3898715e+01 +1.2178560e-02 +1.2178562e-02 +5.0616158e-01 +5.0616160e-01 +8.3657956e-01 +8.3657961e-01 +3.5740008e+00 +3.5740008e+00 +3.8250066e+00 +3.8250066e+00 
-2.8872134e+01 -2.8872134e+01 -1.4128671e+01 -1.4128671e+01 -1.4002178e+01 -1.4002178e+01 -1.3912524e+01 -1.3912524e+01 +1.1359409e-01 +1.1359409e-01 +4.9957061e-01 +4.9957064e-01 +7.9189588e-01 +7.9189593e-01 +3.6199865e+00 +3.6199865e+00 +3.8311730e+00 +3.8311730e+00 
-2.8871981e+01 -2.8871981e+01 -1.4114263e+01 -1.4114263e+01 -1.4006752e+01 -1.4006752e+01 -1.3926889e+01 -1.3926889e+01 +2.1188652e-01 +2.1188652e-01 +4.9626799e-01 +4.9626802e-01 +7.4922257e-01 +7.4922262e-01 +3.6626413e+00 +3.6626413e+00 +3.8368255e+00 +3.8368255e+00 
-2.8871845e+01 -2.8871845e+01 -1.4099377e+01 -1.4099377e+01 -1.4010785e+01 -1.4010785e+01 -1.3941738e+01 -1.3941738e+01 +3.0415351e-01 +3.0415352e-01 +4.9649984e-01 +4.9649987e-01 +7.0898469e-01 +7.0898474e-01 +3.6977991e+00 +3.6977994e+00 +3.8418409e+00 +3.8418409e+00 
-2.8871730e+01 -2.8871730e+01 -1.4084089e+01 -1.4084089e+01 -1.4014197e+01 -1.4014197e+01 -1.3956995e+01 -1.3956995e+01 +3.8707948e-01 +3.8707948e-01 +5.0045579e-01 +5.0045582e-01 +6.7155176e-01 +6.7155180e-01 +3.7135057e+00 +3.7135057e+00 +3.8461082e+00 +3.8461082e+00 
-2.8871637e+01 -2.8871637e+01 -1.4068478e+01 -1.4068478e+01 -1.4016922e+01 -1.4016922e+01 -1.3972581e+01 -1.3972581e+01 +4.5705111e-01 +4.5705111e-01 +5.0827050e-01 +5.0827053e-01 +6.3723995e-01 +6.3723999e-01 +3.6860621e+00 +3.6860621e+00 +3.8495320e+00 +3.8495320e+00 
-2.8871570e+01 -2.8871570e+01 -1.4052624e+01 -1.4052624e+01 -1.4018906e+01 -1.4018906e+01 -1.3988417e+01 -1.3988417e+01 +5.1042559e-01 +5.1042559e-01 +5.2002567e-01 +5.2002570e-01 +6.0631383e-01 +6.0631387e-01 +3.6359971e+00 +3.6359971e+00 +3.8520349e+00 +3.8520349e+00 
-2.8871530e+01 -2.8871530e+01 -1.4036608e+01 -1.4036608e+01 -1.4020111e+01 -1.4020111e+01 -1.4004422e+01 -1.4004422e+01 +5.3575165e-01 +5.3575168e-01 +5.4397316e-01 +5.4397316e-01 +5.7898808e-01 +5.7898812e-01 +3.5987467e+00 +3.5987467e+00 +3.8535599e+00 +3.8535599e+00 
-2.8871516e+01 -2.8871516e+01 -1.4020513e+01 -1.4020513e+01 -1.4020513e+01 -1.4020513e+01 -1.4020513e+01 -1.4020513e+01 +5.5542811e-01 +5.5542811e-01 +5.5542793e-01 +5.5542874e-01 +5.5542874e-01 +5.5542905e-01 +3.8540722e+00 +3.8540722e+00 +3.8540722e+00 +3.8540722e+00 
