# num high symmetry points
12
# label high symmetry points
G M K G A L H A L M K H 
# indices high symmetry points
1 36 56 97 116 151 171 212 213 232 233 252 
# nk, nb, ns
252 18 1
# k-points (frac coords)
+0.0000000e+00 +0.0000000e+00 +0.0000000e+00 
+1.4285714e-02 +0.0000000e+00 +0.0000000e+00 
+2.8571429e-02 +0.0000000e+00 +0.0000000e+00 
+4.2857143e-02 +0.0000000e+00 +0.0000000e+00 
+5.7142857e-02 +0.0000000e+00 +0.0000000e+00 
+7.1428571e-02 +0.0000000e+00 +0.0000000e+00 
+8.5714286e-02 +0.0000000e+00 +0.0000000e+00 
+1.0000000e-01 +0.0000000e+00 +0.0000000e+00 
+1.1428571e-01 +0.0000000e+00 +0.0000000e+00 
+1.2857143e-01 +0.0000000e+00 +0.0000000e+00 
+1.4285714e-01 +0.0000000e+00 +0.0000000e+00 
+1.5714286e-01 +0.0000000e+00 +0.0000000e+00 
+1.7142857e-01 +0.0000000e+00 +0.0000000e+00 
+1.8571429e-01 +0.0000000e+00 +0.0000000e+00 
+2.0000000e-01 +0.0000000e+00 +0.0000000e+00 
+2.1428571e-01 +0.0000000e+00 +0.0000000e+00 
+2.2857143e-01 +0.0000000e+00 +0.0000000e+00 
+2.4285714e-01 +0.0000000e+00 +0.0000000e+00 
+2.5714286e-01 +0.0000000e+00 +0.0000000e+00 
+2.7142857e-01 +0.0000000e+00 +0.0000000e+00 
+2.8571429e-01 +0.0000000e+00 +0.0000000e+00 
+3.0000000e-01 +0.0000000e+00 +0.0000000e+00 
+3.1428571e-01 +0.0000000e+00 +0.0000000e+00 
+3.2857143e-01 +0.0000000e+00 +0.0000000e+00 
+3.4285714e-01 +0.0000000e+00 +0.0000000e+00 
+3.5714286e-01 +0.0000000e+00 +0.0000000e+00 
+3.7142857e-01 +0.0000000e+00 +0.0000000e+00 
+3.8571429e-01 +0.0000000e+00 +0.0000000e+00 
+4.0000000e-01 +0.0000000e+00 +0.0000000e+00 
+4.1428571e-01 +0.0000000e+00 +0.0000000e+00 
+4.2857143e-01 +0.0000000e+00 +0.0000000e+00 
+4.4285714e-01 +0.0000000e+00 +0.0000000e+00 
+4.5714286e-01 +0.0000000e+00 +0.0000000e+00 
+4.7142857e-01 +0.0000000e+00 +0.0000000e+00 
+4.8571429e-01 +0.0000000e+00 +0.0000000e+00 
+5.0000000e-01 +0.0000000e+00 +0.0000000e+00 
+4.9166667e-01 -1.6666667e-02 +0.0000000e+00 
+4.8333333e-01 -3.3333333e-02 +0.0000000e+00 
+4.7500000e-01 -5.0000000e-02 +0.0000000e+00 
+4.6666667e-01 -6.6666667e-02 +0.0000000e+00 
+4.5833333e-01 -8.3333333e-02 +0.0000000e+00 
+4.5000000e-01 -1.0000000e-01 +0.0000000e+00 
+4.4166667e-01 -1.1666667e-01 +0.0000000e+00 
+4.3333333e-01 -1.3333333e-01 +0.0000000e+00 
+4.2500000e-01 -1.5000000e-01 +0.0000000e+00 
+4.1666667e-01 -1.6666667e-01 +0.0000000e+00 
+4.0833333e-01 -1.8333333e-01 +0.0000000e+00 
+4.0000000e-01 -2.0000000e-01 +0.0000000e+00 
+3.9166667e-01 -2.1666667e-01 +0.0000000e+00 
+3.8333333e-01 -2.3333333e-01 +0.0000000e+00 
+3.7500000e-01 -2.5000000e-01 +0.0000000e+00 
+3.6666667e-01 -2.6666667e-01 +0.0000000e+00 
+3.5833333e-01 -2.8333333e-01 +0.0000000e+00 
+3.5000000e-01 -3.0000000e-01 +0.0000000e+00 
+3.4166667e-01 -3.1666667e-01 +0.0000000e+00 
+3.3333333e-01 -3.3333333e-01 +0.0000000e+00 
+3.2520325e-01 -3.2520325e-01 +0.0000000e+00 
+3.1707317e-01 -3.1707317e-01 +0.0000000e+00 
+3.0894309e-01 -3.0894309e-01 +0.0000000e+00 
+3.0081301e-01 -3.0081301e-01 +0.0000000e+00 
+2.9268293e-01 -2.9268293e-01 +0.0000000e+00 
+2.8455285e-01 -2.8455285e-01 +0.0000000e+00 
+2.7642276e-01 -2.7642276e-01 +0.0000000e+00 
+2.6829268e-01 -2.6829268e-01 +0.0000000e+00 
+2.6016260e-01 -2.6016260e-01 +0.0000000e+00 
+2.5203252e-01 -2.5203252e-01 +0.0000000e+00 
+2.4390244e-01 -2.4390244e-01 +0.0000000e+00 
+2.3577236e-01 -2.3577236e-01 +0.0000000e+00 
+2.2764228e-01 -2.2764228e-01 +0.0000000e+00 
+2.1951220e-01 -2.1951220e-01 +0.0000000e+00 
+2.1138211e-01 -2.1138211e-01 +0.0000000e+00 
+2.0325203e-01 -2.0325203e-01 +0.0000000e+00 
+1.9512195e-01 -1.9512195e-01 +0.0000000e+00 
+1.8699187e-01 -1.8699187e-01 +0.0000000e+00 
+1.7886179e-01 -1.7886179e-01 +0.0000000e+00 
+1.7073171e-01 -1.7073171e-01 +0.0000000e+00 
+1.6260163e-01 -1.6260163e-01 +0.0000000e+00 
+1.5447154e-01 -1.5447154e-01 +0.0000000e+00 
+1.4634146e-01 -1.4634146e-01 +0.0000000e+00 
+1.3821138e-01 -1.3821138e-01 +0.0000000e+00 
+1.3008130e-01 -1.3008130e-01 +0.0000000e+00 
+1.2195122e-01 -1.2195122e-01 +0.0000000e+00 
+1.1382114e-01 -1.1382114e-01 +0.0000000e+00 
+1.0569106e-01 -1.0569106e-01 +0.0000000e+00 
+9.7560976e-02 -9.7560976e-02 +0.0000000e+00 
+8.9430894e-02 -8.9430894e-02 +0.0000000e+00 
+8.1300813e-02 -8.1300813e-02 +0.0000000e+00 
+7.3170732e-02 -7.3170732e-02 +0.0000000e+00 
+6.5040650e-02 -6.5040650e-02 +0.0000000e+00 
+5.6910569e-02 -5.6910569e-02 +0.0000000e+00 
+4.8780488e-02 -4.8780488e-02 +0.0000000e+00 
+4.0650407e-02 -4.0650407e-02 +0.0000000e+00 
+3.2520325e-02 -3.2520325e-02 +0.0000000e+00 
+2.4390244e-02 -2.4390244e-02 +0.0000000e+00 
+1.6260163e-02 -1.6260163e-02 +0.0000000e+00 
+8.1300813e-03 -8.1300813e-03 +0.0000000e+00 
+0.0000000e+00 +0.0000000e+00 +0.0000000e+00 
+0.0000000e+00 +0.0000000e+00 -2.6315789e-02 
+0.0000000e+00 +0.0000000e+00 -5.2631579e-02 
+0.0000000e+00 +0.0000000e+00 -7.8947368e-02 
+0.0000000e+00 +0.0000000e+00 -1.0526316e-01 
+0.0000000e+00 +0.0000000e+00 -1.3157895e-01 
+0.0000000e+00 +0.0000000e+00 -1.5789474e-01 
+0.0000000e+00 +0.0000000e+00 -1.8421053e-01 
+0.0000000e+00 +0.0000000e+00 -2.1052632e-01 
+0.0000000e+00 +0.0000000e+00 -2.3684211e-01 
+0.0000000e+00 +0.0000000e+00 -2.6315789e-01 
+0.0000000e+00 +0.0000000e+00 -2.8947368e-01 
+0.0000000e+00 +0.0000000e+00 -3.1578947e-01 
+0.0000000e+00 +0.0000000e+00 -3.4210526e-01 
+0.0000000e+00 +0.0000000e+00 -3.6842105e-01 
+0.0000000e+00 +0.0000000e+00 -3.9473684e-01 
+0.0000000e+00 +0.0000000e+00 -4.2105263e-01 
+0.0000000e+00 +0.0000000e+00 -4.4736842e-01 
+0.0000000e+00 +0.0000000e+00 -4.7368421e-01 
+0.0000000e+00 +0.0000000e+00 -5.0000000e-01 
+1.4285714e-02 +0.0000000e+00 -5.0000000e-01 
+2.8571429e-02 +0.0000000e+00 -5.0000000e-01 
+4.2857143e-02 +0.0000000e+00 -5.0000000e-01 
+5.7142857e-02 +0.0000000e+00 -5.0000000e-01 
+7.1428571e-02 +0.0000000e+00 -5.0000000e-01 
+8.5714286e-02 +0.0000000e+00 -5.0000000e-01 
+1.0000000e-01 +0.0000000e+00 -5.0000000e-01 
+1.1428571e-01 +0.0000000e+00 -5.0000000e-01 
+1.2857143e-01 +0.0000000e+00 -5.0000000e-01 
+1.4285714e-01 +0.0000000e+00 -5.0000000e-01 
+1.5714286e-01 +0.0000000e+00 -5.0000000e-01 
+1.7142857e-01 +0.0000000e+00 -5.0000000e-01 
+1.8571429e-01 +0.0000000e+00 -5.0000000e-01 
+2.0000000e-01 +0.0000000e+00 -5.0000000e-01 
+2.1428571e-01 +0.0000000e+00 -5.0000000e-01 
+2.2857143e-01 +0.0000000e+00 -5.0000000e-01 
+2.4285714e-01 +0.0000000e+00 -5.0000000e-01 
+2.5714286e-01 +0.0000000e+00 -5.0000000e-01 
+2.7142857e-01 +0.0000000e+00 -5.0000000e-01 
+2.8571429e-01 +0.0000000e+00 -5.0000000e-01 
+3.0000000e-01 +0.0000000e+00 -5.0000000e-01 
+3.1428571e-01 +0.0000000e+00 -5.0000000e-01 
+3.2857143e-01 +0.0000000e+00 -5.0000000e-01 
+3.4285714e-01 +0.0000000e+00 -5.0000000e-01 
+3.5714286e-01 +0.0000000e+00 -5.0000000e-01 
+3.7142857e-01 +0.0000000e+00 -5.0000000e-01 
+3.8571429e-01 +0.0000000e+00 -5.0000000e-01 
+4.0000000e-01 +0.0000000e+00 -5.0000000e-01 
+4.1428571e-01 +0.0000000e+00 -5.0000000e-01 
+4.2857143e-01 +0.0000000e+00 -5.0000000e-01 
+4.4285714e-01 +0.0000000e+00 -5.0000000e-01 
+4.5714286e-01 +0.0000000e+00 -5.0000000e-01 
+4.7142857e-01 +0.0000000e+00 -5.0000000e-01 
+4.8571429e-01 +0.0000000e+00 -5.0000000e-01 
+5.0000000e-01 +0.0000000e+00 -5.0000000e-01 
+4.9166667e-01 -1.6666667e-02 -5.0000000e-01 
+4.8333333e-01 -3.3333333e-02 -5.0000000e-01 
+4.7500000e-01 -5.0000000e-02 -5.0000000e-01 
+4.6666667e-01 -6.6666667e-02 -5.0000000e-01 
+4.5833333e-01 -8.3333333e-02 -5.0000000e-01 
+4.5000000e-01 -1.0000000e-01 -5.0000000e-01 
+4.4166667e-01 -1.1666667e-01 -5.0000000e-01 
+4.3333333e-01 -1.3333333e-01 -5.0000000e-01 
+4.2500000e-01 -1.5000000e-01 -5.0000000e-01 
+4.1666667e-01 -1.6666667e-01 -5.0000000e-01 
+4.0833333e-01 -1.8333333e-01 -5.0000000e-01 
+4.0000000e-01 -2.0000000e-01 -5.0000000e-01 
+3.9166667e-01 -2.1666667e-01 -5.0000000e-01 
+3.8333333e-01 -2.3333333e-01 -5.0000000e-01 
+3.7500000e-01 -2.5000000e-01 -5.0000000e-01 
+3.6666667e-01 -2.6666667e-01 -5.0000000e-01 
+3.5833333e-01 -2.8333333e-01 -5.0000000e-01 
+3.5000000e-01 -3.0000000e-01 -5.0000000e-01 
+3.4166667e-01 -3.1666667e-01 -5.0000000e-01 
+3.3333333e-01 -3.3333333e-01 -5.0000000e-01 
+3.2520325e-01 -3.2520325e-01 -5.0000000e-01 
+3.1707317e-01 -3.1707317e-01 -5.0000000e-01 
+3.0894309e-01 -3.0894309e-01 -5.0000000e-01 
+3.0081301e-01 -3.0081301e-01 -5.0000000e-01 
+2.9268293e-01 -2.9268293e-01 -5.0000000e-01 
+2.8455285e-01 -2.8455285e-01 -5.0000000e-01 
+2.7642276e-01 -2.7642276e-01 -5.0000000e-01 
+2.6829268e-01 -2.6829268e-01 -5.0000000e-01 
+2.6016260e-01 -2.6016260e-01 -5.0000000e-01 
+2.5203252e-01 -2.5203252e-01 -5.0000000e-01 
+2.4390244e-01 -2.4390244e-01 -5.0000000e-01 
+2.3577236e-01 -2.3577236e-01 -5.0000000e-01 
+2.2764228e-01 -2.2764228e-01 -5.0000000e-01 
+2.1951220e-01 -2.1951220e-01 -5.0000000e-01 
+2.1138211e-01 -2.1138211e-01 -5.0000000e-01 
+2.0325203e-01 -2.0325203e-01 -5.0000000e-01 
+1.9512195e-01 -1.9512195e-01 -5.0000000e-01 
+1.8699187e-01 -1.8699187e-01 -5.0000000e-01 
+1.7886179e-01 -1.7886179e-01 -5.0000000e-01 
+1.7073171e-01 -1.7073171e-01 -5.0000000e-01 
+1.6260163e-01 -1.6260163e-01 -5.0000000e-01 
+1.5447154e-01 -1.5447154e-01 -5.0000000e-01 
+1.4634146e-01 -1.4634146e-01 -5.0000000e-01 
+1.3821138e-01 -1.3821138e-01 -5.0000000e-01 
+1.3008130e-01 -1.3008130e-01 -5.0000000e-01 
+1.2195122e-01 -1.2195122e-01 -5.0000000e-01 
+1.1382114e-01 -1.1382114e-01 -5.0000000e-01 
+1.0569106e-01 -1.0569106e-01 -5.0000000e-01 
+9.7560976e-02 -9.7560976e-02 -5.0000000e-01 
+8.9430894e-02 -8.9430894e-02 -5.0000000e-01 
+8.1300813e-02 -8.1300813e-02 -5.0000000e-01 
+7.3170732e-02 -7.3170732e-02 -5.0000000e-01 
+6.5040650e-02 -6.5040650e-02 -5.0000000e-01 
+5.6910569e-02 -5.6910569e-02 -5.0000000e-01 
+4.8780488e-02 -4.8780488e-02 -5.0000000e-01 
+4.0650407e-02 -4.0650407e-02 -5.0000000e-01 
+3.2520325e-02 -3.2520325e-02 -5.0000000e-01 
+2.4390244e-02 -2.4390244e-02 -5.0000000e-01 
+1.6260163e-02 -1.6260163e-02 -5.0000000e-01 
+8.1300813e-03 -8.1300813e-03 -5.0000000e-01 
+0.0000000e+00 +0.0000000e+00 -5.0000000e-01 
+5.0000000e-01 +0.0000000e+00 -5.0000000e-01 
+5.0000000e-01 +0.0000000e+00 -4.7368421e-01 
+5.0000000e-01 +0.0000000e+00 -4.4736842e-01 
+5.0000000e-01 +0.0000000e+00 -4.2105263e-01 
+5.0000000e-01 +0.0000000e+00 -3.9473684e-01 
+5.0000000e-01 +0.0000000e+00 -3.6842105e-01 
+5.0000000e-01 +0.0000000e+00 -3.4210526e-01 
+5.0000000e-01 +0.0000000e+00 -3.1578947e-01 
+5.0000000e-01 +0.0000000e+00 -2.8947368e-01 
+5.0000000e-01 +0.0000000e+00 -2.6315789e-01 
+5.0000000e-01 +0.0000000e+00 -2.3684211e-01 
+5.0000000e-01 +0.0000000e+00 -2.1052632e-01 
+5.0000000e-01 +0.0000000e+00 -1.8421053e-01 
+5.0000000e-01 +0.0000000e+00 -1.5789474e-01 
+5.0000000e-01 +0.0000000e+00 -1.3157895e-01 
+5.0000000e-01 +0.0000000e+00 -1.0526316e-01 
+5.0000000e-01 +0.0000000e+00 -7.8947368e-02 
+5.0000000e-01 +0.0000000e+00 -5.2631579e-02 
+5.0000000e-01 +0.0000000e+00 -2.6315789e-02 
+5.0000000e-01 +0.0000000e+00 +0.0000000e+00 
+3.3333333e-01 -3.3333333e-01 +0.0000000e+00 
+3.3333333e-01 -3.3333333e-01 -2.6315789e-02 
+3.3333333e-01 -3.3333333e-01 -5.2631579e-02 
+3.3333333e-01 -3.3333333e-01 -7.8947368e-02 
+3.3333333e-01 -3.3333333e-01 -1.0526316e-01 
+3.3333333e-01 -3.3333333e-01 -1.3157895e-01 
+3.3333333e-01 -3.3333333e-01 -1.5789474e-01 
+3.3333333e-01 -3.3333333e-01 -1.8421053e-01 
+3.3333333e-01 -3.3333333e-01 -2.1052632e-01 
+3.3333333e-01 -3.3333333e-01 -2.3684211e-01 
+3.3333333e-01 -3.3333333e-01 -2.6315789e-01 
+3.3333333e-01 -3.3333333e-01 -2.8947368e-01 
+3.3333333e-01 -3.3333333e-01 -3.1578947e-01 
+3.3333333e-01 -3.3333333e-01 -3.4210526e-01 
+3.3333333e-01 -3.3333333e-01 -3.6842105e-01 
+3.3333333e-01 -3.3333333e-01 -3.9473684e-01 
+3.3333333e-01 -3.3333333e-01 -4.2105263e-01 
+3.3333333e-01 -3.3333333e-01 -4.4736842e-01 
+3.3333333e-01 -3.3333333e-01 -4.7368421e-01 
+3.3333333e-01 -3.3333333e-01 -5.0000000e-01 
# energies (kpt,band,spin)
# spin = 1
-1.1691687e+01 -1.1528299e+01 -1.1508860e+01 -1.1508840e+01 -1.1468464e+01 -1.1468434e+01 -1.1458947e+01 -1.1458704e+01 -1.1165800e+01 -1.1165527e+01 -9.7584607e+00 -5.3140836e+00 -2.7192833e+00 +7.1247782e+00 +7.1248490e+00 +9.2819474e+00 +9.2820343e+00 +1.0179757e+01 
-1.1691239e+01 -1.1529701e+01 -1.1508174e+01 -1.1507300e+01 -1.1468435e+01 -1.1467806e+01 -1.1459284e+01 -1.1459030e+01 -1.1166397e+01 -1.1165431e+01 -9.7548805e+00 -5.3119477e+00 -2.7149270e+00 +7.0926097e+00 +7.1108903e+00 +9.2831007e+00 +9.2980549e+00 +1.0173528e+01 
-1.1689911e+01 -1.1533069e+01 -1.1506166e+01 -1.1503461e+01 -1.1468374e+01 -1.1465904e+01 -1.1460295e+01 -1.1460000e+01 -1.1168327e+01 -1.1164996e+01 -9.7441342e+00 -5.3055337e+00 -2.7018694e+00 +6.9981743e+00 +7.0697878e+00 +9.2859079e+00 +9.3410379e+00 +1.0154839e+01 
-1.1687748e+01 -1.1537292e+01 -1.1502834e+01 -1.1498405e+01 -1.1468282e+01 -1.1462746e+01 -1.1461987e+01 -1.1461595e+01 -1.1171523e+01 -1.1164268e+01 -9.7262052e+00 -5.2948231e+00 -2.6801432e+00 +6.8470143e+00 +7.0032157e+00 +9.2891747e+00 +9.3972875e+00 +1.0123677e+01 
-1.1684833e+01 -1.1541815e+01 -1.1498202e+01 -1.1492635e+01 -1.1468151e+01 -1.1464365e+01 -1.1463786e+01 -1.1458353e+01 -1.1175925e+01 -1.1163268e+01 -9.7010683e+00 -5.2797883e+00 -2.6498029e+00 +6.6456554e+00 +6.9137180e+00 +9.2911243e+00 +9.4495472e+00 +1.0080021e+01 
-1.1681296e+01 -1.1546355e+01 -1.1492302e+01 -1.1486419e+01 -1.1467905e+01 -1.1467432e+01 -1.1466541e+01 -1.1452752e+01 -1.1181459e+01 -1.1162021e+01 -9.6686920e+00 -5.2603969e+00 -2.6109230e+00 +6.4003050e+00 +6.8042982e+00 +9.2898020e+00 +9.4812114e+00 +1.0023838e+01 
-1.1677330e+01 -1.1550698e+01 -1.1485175e+01 -1.1480193e+01 -1.1471186e+01 -1.1469824e+01 -1.1467181e+01 -1.1445977e+01 -1.1188035e+01 -1.1160552e+01 -9.6290425e+00 -5.2366163e+00 -2.5635975e+00 +6.1165919e+00 +6.6781077e+00 +9.2833634e+00 +9.4788942e+00 +9.9550821e+00 
-1.1673201e+01 -1.1554619e+01 -1.1476872e+01 -1.1475625e+01 -1.1475349e+01 -1.1473592e+01 -1.1464621e+01 -1.1438071e+01 -1.1195547e+01 -1.1158889e+01 -9.5820876e+00 -5.2084202e+00 -2.5079379e+00 +5.7997525e+00 +6.5382267e+00 +9.2702641e+00 +9.4334415e+00 +9.8736893e+00 
-1.1669260e+01 -1.1557853e+01 -1.1480748e+01 -1.1477798e+01 -1.1473500e+01 -1.1467453e+01 -1.1458616e+01 -1.1429084e+01 -1.1203875e+01 -1.1157064e+01 -9.5278007e+00 -5.1757935e+00 -2.4440718e+00 +5.4548210e+00 +6.3875402e+00 +9.2493525e+00 +9.3398910e+00 +9.7795798e+00 
-1.1665927e+01 -1.1560100e+01 -1.1486547e+01 -1.1482392e+01 -1.1473447e+01 -1.1456988e+01 -1.1450343e+01 -1.1419072e+01 -1.1212890e+01 -1.1155108e+01 -9.4661651e+00 -5.1387395e+00 -2.3721406e+00 +5.0867118e+00 +6.2286808e+00 +9.1968465e+00 +9.2198921e+00 +9.6726564e+00 
-1.1663648e+01 -1.1561083e+01 -1.1493015e+01 -1.1487324e+01 -1.1474027e+01 -1.1445555e+01 -1.1440912e+01 -1.1408101e+01 -1.1222454e+01 -1.1153050e+01 -9.3971768e+00 -5.0972862e+00 -2.2922982e+00 +4.7002180e+00 +6.0640142e+00 +9.0056289e+00 +9.1815405e+00 +9.5528077e+00 
-1.1662792e+01 -1.1560645e+01 -1.1500135e+01 -1.1492540e+01 -1.1474801e+01 -1.1433241e+01 -1.1430665e+01 -1.1396241e+01 -1.1232429e+01 -1.1150921e+01 -9.3208481e+00 -5.0514942e+00 -2.2047087e+00 +4.2999732e+00 +5.8956469e+00 +8.7694354e+00 +9.1343073e+00 +9.4199132e+00 
-1.1663553e+01 -1.1558866e+01 -1.1507888e+01 -1.1497987e+01 -1.1475494e+01 -1.1420160e+01 -1.1419710e+01 -1.1383571e+01 -1.1242675e+01 -1.1148748e+01 -9.2372095e+00 -5.0014661e+00 -2.1095443e+00 +3.8904043e+00 +5.7254430e+00 +8.4926286e+00 +9.0785025e+00 +9.2738529e+00 
-1.1665901e+01 -1.1556112e+01 -1.1516242e+01 -1.1503614e+01 -1.1475821e+01 -1.1408188e+01 -1.1406340e+01 -1.1370176e+01 -1.1253058e+01 -1.1146558e+01 -9.1463117e+00 -4.9473591e+00 -2.0069843e+00 +3.4756918e+00 +5.5550453e+00 +8.1801903e+00 +9.0146847e+00 +9.1145212e+00 
-1.1669634e+01 -1.1552983e+01 -1.1525156e+01 -1.1509370e+01 -1.1475448e+01 -1.1396067e+01 -1.1391979e+01 -1.1356148e+01 -1.1263449e+01 -1.1144372e+01 -9.0482263e+00 -4.8894000e+00 -1.8972133e+00 +3.0597430e+00 +5.3858958e+00 +7.8373323e+00 +8.9418442e+00 +8.9436113e+00 
-1.1674469e+01 -1.1550169e+01 -1.1534577e+01 -1.1515205e+01 -1.1474022e+01 -1.1383443e+01 -1.1377156e+01 -1.1341585e+01 -1.1273734e+01 -1.1142212e+01 -8.9430471e+00 -4.8279073e+00 -1.7804210e+00 +2.6461837e+00 +5.2192559e+00 +7.4692356e+00 +8.7558036e+00 +8.8661920e+00 
-1.1680122e+01 -1.1548276e+01 -1.1544441e+01 -1.1521071e+01 -1.1471262e+01 -1.1370382e+01 -1.1361990e+01 -1.1326592e+01 -1.1283811e+01 -1.1140096e+01 -8.8308904e+00 -4.7633190e+00 -1.6568014e+00 +2.2383699e+00 +5.0562253e+00 +7.0808873e+00 +8.5564634e+00 +8.7834488e+00 
-1.1686347e+01 -1.1554669e+01 -1.1547668e+01 -1.1526923e+01 -1.1467069e+01 -1.1356963e+01 -1.1346606e+01 -1.1311280e+01 -1.1293591e+01 -1.1138040e+01 -8.7118957e+00 -4.6962307e+00 -1.5265549e+00 +1.8394209e+00 +4.8977595e+00 +6.6769862e+00 +8.3440017e+00 +8.6964789e+00 
-1.1692937e+01 -1.1565173e+01 -1.1548415e+01 -1.1532716e+01 -1.1461581e+01 -1.1343281e+01 -1.1331129e+01 -1.1303003e+01 -1.1295766e+01 -1.1136057e+01 -8.5862267e+00 -4.6274464e+00 -1.3898901e+00 +1.4522788e+00 +4.7446855e+00 +6.2618953e+00 +8.1187456e+00 +8.6064237e+00 
-1.1699727e+01 -1.1575853e+01 -1.1550357e+01 -1.1538408e+01 -1.1455097e+01 -1.1329446e+01 -1.1315686e+01 -1.1311991e+01 -1.1280172e+01 -1.1134159e+01 -8.4540726e+00 -4.5580460e+00 -1.2470292e+00 +1.0797930e+00 +4.5977174e+00 +5.8396262e+00 +7.8812078e+00 +8.5144416e+00 
-1.1706582e+01 -1.1586603e+01 -1.1553239e+01 -1.1543960e+01 -1.1447967e+01 -1.1320509e+01 -1.1315579e+01 -1.1300403e+01 -1.1264626e+01 -1.1132354e+01 -8.3156512e+00 -4.4894708e+00 -1.0982160e+00 +7.2483327e-01 +4.4574694e+00 +5.4138425e+00 +7.6321237e+00 +8.4216854e+00 
-1.1713393e+01 -1.1597311e+01 -1.1556795e+01 -1.1549334e+01 -1.1440510e+01 -1.1328528e+01 -1.1301810e+01 -1.1285404e+01 -1.1249257e+01 -1.1130651e+01 -8.1712125e+00 -4.4236301e+00 -9.4372804e-01 +3.9042812e-01 +4.3244686e+00 +4.9878771e+00 +7.3724880e+00 +8.3292830e+00 
-1.1720064e+01 -1.1607863e+01 -1.1560793e+01 -1.1554495e+01 -1.1432981e+01 -1.1336026e+01 -1.1288273e+01 -1.1270812e+01 -1.1234200e+01 -1.1129055e+01 -8.0210453e+00 -4.3630187e+00 -7.8389583e-01 +7.9918574e-02 +4.1991664e+00 +4.5647585e+00 +7.1035895e+00 +8.2383223e+00 
-1.1726518e+01 -1.1618144e+01 -1.1565043e+01 -1.1559408e+01 -1.1425576e+01 -1.1342989e+01 -1.1275107e+01 -1.1256748e+01 -1.1219588e+01 -1.1127571e+01 -7.8654875e+00 -4.3108222e+00 -6.1913025e-01 -2.0290076e-01 +4.0819481e+00 +4.1472446e+00 +6.8270442e+00 +8.1498387e+00 
-1.1732684e+01 -1.1628045e+01 -1.1569390e+01 -1.1564045e+01 -1.1418440e+01 -1.1349408e+01 -1.1262446e+01 -1.1243325e+01 -1.1205554e+01 -1.1126202e+01 -7.7049412e+00 -4.2709498e+00 -4.5371421e-01 -4.4996329e-01 +3.7378659e+00 +3.9731425e+00 +6.5448278e+00 +8.0648057e+00 
-1.1738502e+01 -1.1637459e+01 -1.1573704e+01 -1.1568375e+01 -1.1411682e+01 -1.1355278e+01 -1.1250421e+01 -1.1230654e+01 -1.1192229e+01 -1.1124950e+01 -7.5398970e+00 -4.2478913e+00 -6.6779935e-01 -2.7710688e-01 +3.3389799e+00 +3.8730291e+00 +6.2593133e+00 +7.9841278e+00 
-1.1743920e+01 -1.1646286e+01 -1.1577882e+01 -1.1572373e+01 -1.1405384e+01 -1.1360596e+01 -1.1239154e+01 -1.1218841e+01 -1.1179739e+01 -1.1123817e+01 -7.3709711e+00 -4.2462576e+00 -8.4046410e-01 -1.0153775e-01 +2.9528441e+00 +3.7818450e+00 +5.9733187e+00 +7.9086352e+00 
-1.1748889e+01 -1.1654435e+01 -1.1581833e+01 -1.1576015e+01 -1.1399612e+01 -1.1365362e+01 -1.1228759e+01 -1.1207984e+01 -1.1168205e+01 -1.1122804e+01 -7.1989660e+00 -4.2699253e+00 -9.6789221e-01 +7.5380767e-02 +2.5817186e+00 +3.6997910e+00 +5.6901785e+00 +7.8390808e+00 
-1.1753369e+01 -1.1661823e+01 -1.1585483e+01 -1.1579279e+01 -1.1394416e+01 -1.1369572e+01 -1.1219339e+01 -1.1198174e+01 -1.1157740e+01 -1.1121911e+01 -7.0249714e+00 -4.3209161e+00 -1.0482672e+00 +2.5172616e-01 +2.2280188e+00 +3.6270358e+00 +5.4138552e+00 +7.7761378e+00 
-1.1757323e+01 -1.1668376e+01 -1.1588767e+01 -1.1582147e+01 -1.1389838e+01 -1.1373228e+01 -1.1210987e+01 -1.1189494e+01 -1.1148447e+01 -1.1121139e+01 -6.8505374e+00 -4.3984296e+00 -1.0827649e+00 +4.2477821e-01 +1.8945571e+00 +3.5637205e+00 +5.1491066e+00 +7.7203989e+00 
-1.1760721e+01 -1.1674029e+01 -1.1591634e+01 -1.1584602e+01 -1.1385911e+01 -1.1376325e+01 -1.1203783e+01 -1.1182019e+01 -1.1140418e+01 -1.1120486e+01 -6.6779862e+00 -4.4984462e+00 -1.0759984e+00 +5.9070773e-01 +1.5849409e+00 +3.5099619e+00 +4.9017236e+00 +7.6723758e+00 
-1.1763537e+01 -1.1678729e+01 -1.1594038e+01 -1.1586630e+01 -1.1382662e+01 -1.1378863e+01 -1.1197795e+01 -1.1175812e+01 -1.1133735e+01 -1.1119953e+01 -6.5109901e+00 -4.6138473e+00 -1.0359625e+00 +7.4422069e-01 +1.3042480e+00 +3.4658548e+00 +4.6788112e+00 +7.6325001e+00 
-1.1765749e+01 -1.1682430e+01 -1.1595944e+01 -1.1588219e+01 -1.1380840e+01 -1.1380113e+01 -1.1193080e+01 -1.1170927e+01 -1.1128465e+01 -1.1119539e+01 -6.3556555e+00 -4.7344029e+00 -9.7405385e-01 +8.7828357e-01 +1.0601461e+00 +3.4314742e+00 +4.4889929e+00 +7.6011231e+00 
-1.1767340e+01 -1.1685099e+01 -1.1597325e+01 -1.1589360e+01 -1.1382254e+01 -1.1378281e+01 -1.1189680e+01 -1.1167407e+01 -1.1124662e+01 -1.1119243e+01 -6.2223884e+00 -4.8458519e+00 -9.0568465e-01 +8.6447576e-01 +9.8424800e-01 +3.4068769e+00 +4.3422235e+00 +7.5785171e+00 
-1.1768300e+01 -1.1686710e+01 -1.1598161e+01 -1.1590048e+01 -1.1383103e+01 -1.1377177e+01 -1.1187628e+01 -1.1165283e+01 -1.1122364e+01 -1.1119066e+01 -6.1279386e+00 -4.9284499e+00 -8.5063616e-01 +7.3421344e-01 +1.0528993e+00 +3.3921028e+00 +4.2486895e+00 +7.5648762e+00 
-1.1768621e+01 -1.1687248e+01 -1.1598441e+01 -1.1590277e+01 -1.1383386e+01 -1.1376808e+01 -1.1186942e+01 -1.1164572e+01 -1.1121595e+01 -1.1119007e+01 -6.0929191e+00 -4.9597273e+00 -8.2916426e-01 +6.8786688e-01 +1.0767614e+00 +3.3871755e+00 +4.2164658e+00 +7.5603163e+00 
-1.1767930e+01 -1.1687585e+01 -1.1597681e+01 -1.1589770e+01 -1.1383629e+01 -1.1376768e+01 -1.1189809e+01 -1.1162681e+01 -1.1122058e+01 -1.1119213e+01 -6.0902185e+00 -4.9578918e+00 -8.2840876e-01 +6.9093615e-01 +1.0813679e+00 +3.3609465e+00 +4.2153252e+00 +7.5359454e+00 
-1.1765844e+01 -1.1688571e+01 -1.1595420e+01 -1.1588271e+01 -1.1384358e+01 -1.1376639e+01 -1.1196690e+01 -1.1158715e+01 -1.1123437e+01 -1.1119824e+01 -6.0821156e+00 -4.9524257e+00 -8.2624260e-01 +7.0020287e-01 +1.0951851e+00 +3.2840078e+00 +4.2118205e+00 +7.4634583e+00 
-1.1762322e+01 -1.1690136e+01 -1.1591715e+01 -1.1585849e+01 -1.1385580e+01 -1.1376395e+01 -1.1205697e+01 -1.1154535e+01 -1.1125708e+01 -1.1120818e+01 -6.0686066e+00 -4.9434514e+00 -8.2297817e-01 +7.1583605e-01 +1.1182070e+00 +3.1613557e+00 +4.2057036e+00 +7.3446813e+00 
-1.1757307e+01 -1.1692180e+01 -1.1586666e+01 -1.1582599e+01 -1.1387305e+01 -1.1375987e+01 -1.1216090e+01 -1.1150829e+01 -1.1128828e+01 -1.1122161e+01 -6.0496863e+00 -4.9311784e+00 -8.1917365e-01 +7.3809329e-01 +1.1504235e+00 +3.0005699e+00 +4.1965620e+00 +7.1824976e+00 
-1.1750743e+01 -1.1694590e+01 -1.1580423e+01 -1.1578629e+01 -1.1389543e+01 -1.1375343e+01 -1.1227577e+01 -1.1147824e+01 -1.1132739e+01 -1.1123806e+01 -6.0253486e+00 -4.9159110e+00 -8.1568685e-01 +7.6728978e-01 +1.1918212e+00 +2.8109372e+00 +4.1838208e+00 +6.9806390e+00 
-1.1742586e+01 -1.1697255e+01 -1.1574046e+01 -1.1573190e+01 -1.1392307e+01 -1.1374362e+01 -1.1239997e+01 -1.1145593e+01 -1.1137366e+01 -1.1125697e+01 -5.9955880e+00 -4.8980610e+00 -8.1374349e-01 +8.0376318e-01 +1.2423842e+00 +2.6025955e+00 +4.1667471e+00 +6.7434472e+00 
-1.1732821e+01 -1.1700072e+01 -1.1568944e+01 -1.1565235e+01 -1.1395607e+01 -1.1372908e+01 -1.1253230e+01 -1.1144171e+01 -1.1142603e+01 -1.1127770e+01 -5.9604018e+00 -4.8781639e+00 -8.1500611e-01 +8.4783950e-01 +1.3020946e+00 +2.3858638e+00 +4.1444590e+00 +6.4756388e+00 
-1.1721465e+01 -1.1702952e+01 -1.1563406e+01 -1.1556893e+01 -1.1399452e+01 -1.1370808e+01 -1.1267167e+01 -1.1148415e+01 -1.1143478e+01 -1.1129957e+01 -5.9197920e+00 -4.8569010e+00 -8.2161314e-01 +8.9980310e-01 +1.3709333e+00 +2.1708132e+00 +4.1159391e+00 +6.1820982e+00 
-1.1708580e+01 -1.1705819e+01 -1.1557502e+01 -1.1548561e+01 -1.1403843e+01 -1.1367861e+01 -1.1281691e+01 -1.1154594e+01 -1.1143583e+01 -1.1132191e+01 -5.8737685e+00 -4.8351270e+00 -8.3612867e-01 +9.5987144e-01 +1.4488812e+00 +1.9670114e+00 +4.0800563e+00 +5.8677132e+00 
-1.1708613e+01 -1.1694269e+01 -1.1551288e+01 -1.1540679e+01 -1.1408775e+01 -1.1363852e+01 -1.1296681e+01 -1.1161042e+01 -1.1144419e+01 -1.1134402e+01 -5.8223526e+00 -4.8139026e+00 -8.6130924e-01 +1.0281727e+00 +1.5359193e+00 +1.7832895e+00 +4.0355971e+00 +5.5372593e+00 
-1.1711282e+01 -1.1678679e+01 -1.1544811e+01 -1.1533692e+01 -1.1414233e+01 -1.1358595e+01 -1.1311998e+01 -1.1167602e+01 -1.1145958e+01 -1.1136531e+01 -5.7655806e+00 -4.7945309e+00 -8.9958965e-01 +1.1047206e+00 +1.6273576e+00 +1.6320301e+00 +3.9813072e+00 +5.1953310e+00 
-1.1713786e+01 -1.1661999e+01 -1.1538108e+01 -1.1527995e+01 -1.1420192e+01 -1.1351989e+01 -1.1327489e+01 -1.1174096e+01 -1.1148168e+01 -1.1138521e+01 -5.7035097e+00 -4.7785932e+00 -9.5228347e-01 +1.1893770e+00 +1.5051958e+00 +1.7371971e+00 +3.9159449e+00 +4.8463258e+00 
-1.1716091e+01 -1.1644466e+01 -1.1531210e+01 -1.1523875e+01 -1.1426614e+01 -1.1344098e+01 -1.1342968e+01 -1.1180309e+01 -1.1151019e+01 -1.1140328e+01 -5.6362233e+00 -4.7679735e+00 -1.0187212e+00 +1.2817838e+00 +1.4203887e+00 +1.8514054e+00 +3.8383450e+00 +4.4944870e+00 
-1.1718169e+01 -1.1626369e+01 -1.1524144e+01 -1.1521471e+01 -1.1433450e+01 -1.1358241e+01 -1.1335163e+01 -1.1185979e+01 -1.1154477e+01 -1.1141916e+01 -5.5638387e+00 -4.7648586e+00 -1.0957598e+00 +1.3737948e+00 +1.3812245e+00 +1.9746409e+00 +3.7474897e+00 +4.1440404e+00 
-1.1719998e+01 -1.1608067e+01 -1.1520772e+01 -1.1516930e+01 -1.1440640e+01 -1.1373018e+01 -1.1325693e+01 -1.1190768e+01 -1.1158510e+01 -1.1143262e+01 -5.4865157e+00 -4.7716888e+00 -1.1780040e+00 +1.3638623e+00 +1.4863146e+00 +2.1068890e+00 +3.6425830e+00 +3.7995119e+00 
-1.1721553e+01 -1.1590021e+01 -1.1521657e+01 -1.1509588e+01 -1.1448115e+01 -1.1386942e+01 -1.1316384e+01 -1.1194247e+01 -1.1163088e+01 -1.1144352e+01 -5.4044678e+00 -4.7910362e+00 -1.2586650e+00 +1.3874663e+00 +1.5942869e+00 +2.2481331e+00 +3.4664787e+00 +3.5231208e+00 
-1.1722813e+01 -1.1572857e+01 -1.1523934e+01 -1.1502132e+01 -1.1455796e+01 -1.1399496e+01 -1.1308090e+01 -1.1195898e+01 -1.1168179e+01 -1.1145183e+01 -5.3179748e+00 -4.8253909e+00 -1.3306508e+00 +1.4408820e+00 +1.6990850e+00 +2.3983514e+00 +3.1534998e+00 +3.3889494e+00 
-1.1723752e+01 -1.1557456e+01 -1.1527382e+01 -1.1494580e+01 -1.1463600e+01 -1.1409909e+01 -1.1301678e+01 -1.1195222e+01 -1.1173752e+01 -1.1145759e+01 -5.2273994e+00 -4.8768689e+00 -1.3875110e+00 +1.5204975e+00 +1.7860456e+00 +2.5575133e+00 +2.8774807e+00 +3.2403037e+00 
-1.1724340e+01 -1.1545040e+01 -1.1531781e+01 -1.1486946e+01 -1.1471439e+01 -1.1417073e+01 -1.1297772e+01 -1.1191962e+01 -1.1179778e+01 -1.1146093e+01 -5.1332065e+00 -4.9468965e+00 -1.4240777e+00 +1.6231858e+00 +1.8195126e+00 +2.6761055e+00 +2.7255748e+00 +3.0778193e+00 
-1.1724544e+01 -1.1537082e+01 -1.1536847e+01 -1.1479506e+01 -1.1478963e+01 -1.1419700e+01 -1.1296516e+01 -1.1186374e+01 -1.1186174e+01 -1.1146202e+01 -5.0360160e+00 -5.0359382e+00 -1.4367828e+00 +1.7461438e+00 +1.7467010e+00 +2.6042926e+00 +2.9024126e+00 +2.9025735e+00 
-1.1724338e+01 -1.1542591e+01 -1.1534137e+01 -1.1486716e+01 -1.1471652e+01 -1.1417128e+01 -1.1297568e+01 -1.1193040e+01 -1.1178972e+01 -1.1146102e+01 -5.1407502e+00 -4.9389027e+00 -1.4243190e+00 +1.5763435e+00 +1.8845584e+00 +2.6568540e+00 +2.7203635e+00 +3.0835455e+00 
-1.1723685e+01 -1.1548490e+01 -1.1535991e+01 -1.1493980e+01 -1.1464036e+01 -1.1410026e+01 -1.1300347e+01 -1.1200056e+01 -1.1170877e+01 -1.1145833e+01 -5.2618207e+00 -4.8405376e+00 -1.3867688e+00 +1.3627210e+00 +2.0389097e+00 +2.5288611e+00 +2.7781469e+00 +3.2727609e+00 
-1.1722539e+01 -1.1554606e+01 -1.1541097e+01 -1.1500961e+01 -1.1456387e+01 -1.1399831e+01 -1.1304382e+01 -1.1207388e+01 -1.1162608e+01 -1.1145421e+01 -5.3972987e+00 -4.7419235e+00 -1.3245655e+00 +1.1407267e+00 +2.2083949e+00 +2.3296034e+00 +2.9345706e+00 +3.4700244e+00 
-1.1720851e+01 -1.1560811e+01 -1.1548069e+01 -1.1507587e+01 -1.1448719e+01 -1.1388022e+01 -1.1309310e+01 -1.1215006e+01 -1.1154748e+01 -1.1144891e+01 -5.5449500e+00 -4.6443529e+00 -1.2387376e+00 +9.2608970e-01 +2.1243279e+00 +2.3921448e+00 +3.1120408e+00 +3.6751283e+00 
-1.1718573e+01 -1.1566996e+01 -1.1555897e+01 -1.1513797e+01 -1.1441041e+01 -1.1375692e+01 -1.1314877e+01 -1.1222878e+01 -1.1147742e+01 -1.1144270e+01 -5.7024592e+00 -4.5493748e+00 -1.1305991e+00 +7.2661462e-01 +1.9147688e+00 +2.5894497e+00 +3.3044902e+00 +3.8878058e+00 
-1.1715657e+01 -1.1573063e+01 -1.1563937e+01 -1.1519533e+01 -1.1433360e+01 -1.1363568e+01 -1.1320907e+01 -1.1230970e+01 -1.1143584e+01 -1.1141924e+01 -5.8676038e+00 -4.4588062e+00 -1.0015243e+00 +5.4715994e-01 +1.7025867e+00 +2.7996976e+00 +3.5089107e+00 +4.1077210e+00 
-1.1712060e+01 -1.1578931e+01 -1.1571789e+01 -1.1524746e+01 -1.1425683e+01 -1.1352126e+01 -1.1327283e+01 -1.1239240e+01 -1.1142859e+01 -1.1137545e+01 -6.0383570e+00 -4.3747144e+00 -8.5280853e-01 +3.9143698e-01 +1.4893148e+00 +3.0223227e+00 +3.7235440e+00 +4.3344597e+00 
-1.1707744e+01 -1.1584535e+01 -1.1579201e+01 -1.1529395e+01 -1.1418014e+01 -1.1341694e+01 -1.1333923e+01 -1.1247639e+01 -1.1142120e+01 -1.1134788e+01 -6.2129306e+00 -4.2993526e+00 -6.8559932e-01 +2.6266169e-01 +1.2763213e+00 +3.2567609e+00 +3.9471688e+00 +4.5675218e+00 
-1.1702682e+01 -1.1589823e+01 -1.1586015e+01 -1.1533447e+01 -1.1410353e+01 -1.1340770e+01 -1.1332512e+01 -1.1256102e+01 -1.1141390e+01 -1.1133786e+01 -6.3897797e+00 -4.2350322e+00 -5.0087564e-01 +1.6374037e-01 +1.0647908e+00 +3.5024123e+00 +4.1787888e+00 +4.8063142e+00 
-1.1696854e+01 -1.1594755e+01 -1.1592128e+01 -1.1536876e+01 -1.1402699e+01 -1.1347771e+01 -1.1324798e+01 -1.1264528e+01 -1.1140692e+01 -1.1134625e+01 -6.5675849e+00 -4.1839218e+00 -2.9945746e-01 +9.7221870e-02 +8.5571996e-01 +3.7586087e+00 +4.4174798e+00 +5.0501467e+00 
-1.1690255e+01 -1.1599307e+01 -1.1597477e+01 -1.1539663e+01 -1.1395047e+01 -1.1354891e+01 -1.1318785e+01 -1.1272743e+01 -1.1140047e+01 -1.1137357e+01 -6.7452251e+00 -4.1477945e+00 -8.2032218e-02 +6.5123415e-02 +6.4992642e-01 +4.0245864e+00 +4.6623098e+00 +5.2982314e+00 
-1.1682891e+01 -1.1603467e+01 -1.1602027e+01 -1.1541800e+01 -1.1387388e+01 -1.1362095e+01 -1.1314835e+01 -1.1280414e+01 -1.1142000e+01 -1.1139474e+01 -6.9217482e+00 -4.1277705e+00 +6.8717319e-02 +1.5080941e-01 +4.4806521e-01 +4.2994647e+00 +4.9122936e+00 +5.5496843e+00 
-1.1674783e+01 -1.1607235e+01 -1.1605765e+01 -1.1543281e+01 -1.1379710e+01 -1.1369347e+01 -1.1313583e+01 -1.1286904e+01 -1.1148539e+01 -1.1138991e+01 -7.0963428e+00 -4.1241318e+00 +1.0837056e-01 +2.5065079e-01 +3.9853114e-01 +4.5822310e+00 +5.1663693e+00 +5.8035320e+00 
-1.1665966e+01 -1.1610623e+01 -1.1608692e+01 -1.1544110e+01 -1.1376613e+01 -1.1371998e+01 -1.1315761e+01 -1.1291458e+01 -1.1156933e+01 -1.1138614e+01 -7.2683133e+00 -4.1362738e+00 +5.8080945e-02 +1.8350725e-01 +6.6060696e-01 +4.8717324e+00 +5.4233868e+00 +6.0587222e+00 
-1.1656488e+01 -1.1613655e+01 -1.1610821e+01 -1.1544298e+01 -1.1383855e+01 -1.1364235e+01 -1.1321125e+01 -1.1294278e+01 -1.1167112e+01 -1.1138359e+01 -7.4370593e+00 -4.1628120e+00 -1.2933947e-01 +2.9272088e-01 +9.3647134e-01 +5.1666771e+00 +5.6821067e+00 +6.3141375e+00 
-1.1646413e+01 -1.1616368e+01 -1.1612175e+01 -1.1543860e+01 -1.1391035e+01 -1.1356398e+01 -1.1328407e+01 -1.1296572e+01 -1.1178984e+01 -1.1138236e+01 -7.6020581e+00 -4.2018045e+00 -3.1137656e-01 +4.3399536e-01 +1.2254678e+00 +5.4656438e+00 +5.9412073e+00 +6.5686140e+00 
-1.1635818e+01 -1.1618805e+01 -1.1612790e+01 -1.1542817e+01 -1.1398112e+01 -1.1348465e+01 -1.1336601e+01 -1.1299275e+01 -1.1192430e+01 -1.1138258e+01 -7.7628515e+00 -4.2510168e+00 -4.8784804e-01 +6.0496405e-01 +1.5267942e+00 +5.7671004e+00 +6.1992976e+00 +6.8209615e+00 
-1.1624790e+01 -1.1621020e+01 -1.1612703e+01 -1.1541197e+01 -1.1405041e+01 -1.1345207e+01 -1.1340408e+01 -1.1302801e+01 -1.1207310e+01 -1.1138432e+01 -7.9190337e+00 -4.3081607e+00 -6.5860697e-01 +8.0313850e-01 +1.8394468e+00 +6.0694311e+00 +6.4549366e+00 +7.0699864e+00 
-1.1623074e+01 -1.1613431e+01 -1.1611962e+01 -1.1539031e+01 -1.1411776e+01 -1.1353992e+01 -1.1332202e+01 -1.1307292e+01 -1.1223463e+01 -1.1138765e+01 -8.0702439e+00 -4.3710678e+00 -8.2352856e-01 +1.0260691e+00 +2.1621649e+00 +6.3709678e+00 +6.7066563e+00 +7.3145151e+00 
-1.1625034e+01 -1.1610615e+01 -1.1601850e+01 -1.1536354e+01 -1.1418270e+01 -1.1362830e+01 -1.1323821e+01 -1.1312770e+01 -1.1240709e+01 -1.1139261e+01 -8.2161590e+00 -4.4377926e+00 -9.8249992e-01 +1.2714312e+00 +2.4933800e+00 +6.6700242e+00 +6.9529869e+00 +7.5534161e+00 
-1.1626973e+01 -1.1608715e+01 -1.1590163e+01 -1.1533207e+01 -1.1424475e+01 -1.1371650e+01 -1.1319197e+01 -1.1315241e+01 -1.1258851e+01 -1.1139922e+01 -8.3564885e+00 -4.5066558e+00 -1.1354124e+00 +1.5370496e+00 +2.8311743e+00 +6.9649241e+00 +7.1924838e+00 +7.7856214e+00 
-1.1628966e+01 -1.1606314e+01 -1.1578491e+01 -1.1529635e+01 -1.1430344e+01 -1.1380403e+01 -1.1326507e+01 -1.1306445e+01 -1.1277676e+01 -1.1140748e+01 -8.4909715e+00 -4.5762484e+00 -1.2821564e+00 +1.8208807e+00 +3.1732549e+00 +7.2540194e+00 +7.4237526e+00 +8.0101439e+00 
-1.1631090e+01 -1.1603467e+01 -1.1566956e+01 -1.1525683e+01 -1.1435833e+01 -1.1389056e+01 -1.1334611e+01 -1.1297420e+01 -1.1296960e+01 -1.1141736e+01 -8.6193735e+00 -4.6454128e+00 -1.4226172e+00 +2.1209694e+00 +3.5169527e+00 +7.5356863e+00 +7.6454722e+00 +8.2260914e+00 
-1.1633414e+01 -1.1600226e+01 -1.1555675e+01 -1.1521405e+01 -1.1440902e+01 -1.1397583e+01 -1.1343407e+01 -1.1316468e+01 -1.1288167e+01 -1.1142879e+01 -8.7414849e+00 -4.7132126e+00 -1.5566738e+00 +2.4353937e+00 +3.8592525e+00 +7.8082960e+00 +7.8564142e+00 +8.4326759e+00 
-1.1636005e+01 -1.1596642e+01 -1.1544759e+01 -1.1516854e+01 -1.1445517e+01 -1.1405966e+01 -1.1352783e+01 -1.1335960e+01 -1.1278699e+01 -1.1144167e+01 -8.8571200e+00 -4.7789008e+00 -1.6841971e+00 +2.7622049e+00 +4.1968633e+00 +8.0554479e+00 +8.0701595e+00 +8.6292183e+00 
-1.1638915e+01 -1.1592765e+01 -1.1534308e+01 -1.1512087e+01 -1.1449657e+01 -1.1414193e+01 -1.1362620e+01 -1.1355191e+01 -1.1269046e+01 -1.1145590e+01 -8.9661164e+00 -4.8418881e+00 -1.8050506e+00 +3.0993681e+00 +4.5263316e+00 +8.2415814e+00 +8.3194006e+00 +8.8151487e+00 
-1.1642183e+01 -1.1588640e+01 -1.1524409e+01 -1.1507166e+01 -1.1453308e+01 -1.1422253e+01 -1.1374071e+01 -1.1372639e+01 -1.1259255e+01 -1.1147131e+01 -9.0683349e+00 -4.9017153e+00 -1.9190911e+00 +3.4447049e+00 +4.8441958e+00 +8.4139095e+00 +8.5538942e+00 +8.9900027e+00 
-1.1645824e+01 -1.1584312e+01 -1.1515133e+01 -1.1502153e+01 -1.1456472e+01 -1.1430144e+01 -1.1392015e+01 -1.1383055e+01 -1.1249394e+01 -1.1148771e+01 -9.1636591e+00 -4.9580297e+00 -2.0261694e+00 +3.7958386e+00 +5.1471698e+00 +8.5716603e+00 +8.7711027e+00 +9.1534135e+00 
-1.1649830e+01 -1.1579818e+01 -1.1506531e+01 -1.1497113e+01 -1.1459161e+01 -1.1437866e+01 -1.1409123e+01 -1.1393411e+01 -1.1239550e+01 -1.1150488e+01 -9.2519956e+00 -5.0105649e+00 -2.1261327e+00 +4.1501416e+00 +5.4323359e+00 +8.7141730e+00 +8.9680178e+00 +9.3051024e+00 
-1.1654162e+01 -1.1575196e+01 -1.1498641e+01 -1.1492115e+01 -1.1461400e+01 -1.1445420e+01 -1.1425132e+01 -1.1403630e+01 -1.1229826e+01 -1.1152256e+01 -9.3332733e+00 -5.0591246e+00 -2.2188263e+00 +4.5046842e+00 +5.6973161e+00 +8.8409000e+00 +9.1411667e+00 +9.4448672e+00 
-1.1658755e+01 -1.1570478e+01 -1.1491482e+01 -1.1487228e+01 -1.1463226e+01 -1.1452813e+01 -1.1439888e+01 -1.1413552e+01 -1.1220340e+01 -1.1154045e+01 -9.4074430e+00 -5.1035691e+00 -2.3040954e+00 +4.8561825e+00 +5.9403942e+00 +8.9514136e+00 +9.2867646e+00 +9.5725697e+00 
-1.1663510e+01 -1.1565693e+01 -1.1485064e+01 -1.1482522e+01 -1.1464684e+01 -1.1460044e+01 -1.1453273e+01 -1.1423018e+01 -1.1211218e+01 -1.1155823e+01 -9.4744757e+00 -5.1438048e+00 -2.3817883e+00 +5.2009428e+00 +6.1605633e+00 +9.0454267e+00 +9.4010598e+00 +9.6881234e+00 
-1.1668306e+01 -1.1560867e+01 -1.1479382e+01 -1.1478067e+01 -1.1467114e+01 -1.1465971e+01 -1.1465059e+01 -1.1431873e+01 -1.1202595e+01 -1.1157556e+01 -9.5343609e+00 -5.1797750e+00 -2.4517577e+00 +5.5348025e+00 +6.3574893e+00 +9.1228373e+00 +9.4809023e+00 +9.7914815e+00 
-1.1673001e+01 -1.1556025e+01 -1.1475713e+01 -1.1474425e+01 -1.1473995e+01 -1.1473932e+01 -1.1466641e+01 -1.1439980e+01 -1.1194605e+01 -1.1159207e+01 -9.5871038e+00 -5.2114524e+00 -2.5138640e+00 +5.8530638e+00 +6.5313905e+00 +9.1838071e+00 +9.5245264e+00 +9.8826263e+00 
-1.1677446e+01 -1.1551191e+01 -1.1484684e+01 -1.1480661e+01 -1.1470192e+01 -1.1470174e+01 -1.1467277e+01 -1.1447225e+01 -1.1187377e+01 -1.1160737e+01 -9.6327223e+00 -5.2388327e+00 -2.5679772e+00 +6.1504230e+00 +6.6828404e+00 +9.2288868e+00 +9.5324838e+00 +9.9615604e+00 
-1.1681492e+01 -1.1546395e+01 -1.1492188e+01 -1.1487055e+01 -1.1467728e+01 -1.1466892e+01 -1.1466627e+01 -1.1453515e+01 -1.1181033e+01 -1.1162111e+01 -9.6712432e+00 -5.2619288e+00 -2.6139793e+00 +6.4209032e+00 +6.8124991e+00 +9.2591897e+00 +9.5085691e+00 +1.0028298e+01 
-1.1685001e+01 -1.1541681e+01 -1.1498254e+01 -1.1493102e+01 -1.1468040e+01 -1.1464107e+01 -1.1463750e+01 -1.1458776e+01 -1.1175682e+01 -1.1163292e+01 -9.7026984e+00 -5.2807647e+00 -2.6517666e+00 +6.6578217e+00 +6.9207808e+00 +9.2765929e+00 +9.4604652e+00 +1.0082861e+01 
-1.1687856e+01 -1.1537137e+01 -1.1502918e+01 -1.1498690e+01 -1.1468246e+01 -1.1462949e+01 -1.1461883e+01 -1.1461531e+01 -1.1171417e+01 -1.1164247e+01 -9.7271208e+00 -5.2953705e+00 -2.6812511e+00 +6.8538687e+00 +7.0074942e+00 +9.2838873e+00 +9.3997209e+00 +1.0125270e+01 
-1.1689962e+01 -1.1532964e+01 -1.1506219e+01 -1.1503606e+01 -1.1468373e+01 -1.1465978e+01 -1.1460263e+01 -1.1459957e+01 -1.1168316e+01 -1.1164951e+01 -9.7445406e+00 -5.3057764e+00 -2.7023628e+00 +7.0014530e+00 +7.0715912e+00 +9.2847090e+00 +9.3406197e+00 +1.0155546e+01 
-1.1691252e+01 -1.1529665e+01 -1.1508187e+01 -1.1507347e+01 -1.1468442e+01 -1.1467817e+01 -1.1459278e+01 -1.1459017e+01 -1.1166432e+01 -1.1165382e+01 -9.7549820e+00 -5.3120083e+00 -2.7150506e+00 +7.0935142e+00 +7.1112873e+00 +9.2830180e+00 +9.2976638e+00 +1.0173705e+01 
-1.1691687e+01 -1.1528299e+01 -1.1508860e+01 -1.1508840e+01 -1.1468464e+01 -1.1468434e+01 -1.1458947e+01 -1.1458704e+01 -1.1165800e+01 -1.1165527e+01 -9.7584607e+00 -5.3140836e+00 -2.7192833e+00 +7.1247782e+00 +7.1248490e+00 +9.2819474e+00 +9.2820343e+00 +1.0179757e+01 
-1.1691281e+01 -1.1528324e+01 -1.1510538e+01 -1.1510510e+01 -1.1468849e+01 -1.1468819e+01 -1.1456695e+01 -1.1456459e+01 -1.1165979e+01 -1.1165706e+01 -9.7548470e+00 -5.3451079e+00 -2.6755846e+00 +7.1276414e+00 +7.1277120e+00 +9.2772202e+00 +9.2773068e+00 +1.0190394e+01 
-1.1690067e+01 -1.1528407e+01 -1.1514830e+01 -1.1514787e+01 -1.1469996e+01 -1.1469966e+01 -1.1450685e+01 -1.1450463e+01 -1.1166518e+01 -1.1166247e+01 -9.7439942e+00 -5.4327102e+00 -2.5499105e+00 +7.1362239e+00 +7.1362939e+00 +9.2630972e+00 +9.2631828e+00 +1.0217981e+01 
-1.1688058e+01 -1.1528573e+01 -1.1520433e+01 -1.1520376e+01 -1.1471881e+01 -1.1471850e+01 -1.1442231e+01 -1.1442022e+01 -1.1167432e+01 -1.1167161e+01 -9.7258681e+00 -5.5640065e+00 -2.3550016e+00 +7.1505051e+00 +7.1505740e+00 +9.2397525e+00 +9.2398363e+00 +1.0250759e+01 
-1.1685271e+01 -1.1528863e+01 -1.1526427e+01 -1.1526359e+01 -1.1474466e+01 -1.1474434e+01 -1.1432274e+01 -1.1432074e+01 -1.1168739e+01 -1.1168471e+01 -9.7004146e+00 -5.7250638e+00 -2.1045649e+00 +7.1704498e+00 +7.1705171e+00 +9.2074715e+00 +9.2075530e+00 +1.0272610e+01 
-1.1681733e+01 -1.1532305e+01 -1.1532233e+01 -1.1529326e+01 -1.1477700e+01 -1.1477665e+01 -1.1421347e+01 -1.1421153e+01 -1.1170466e+01 -1.1170200e+01 -9.6675647e+00 -5.9046047e+00 -1.8095868e+00 +7.1960080e+00 +7.1960734e+00 +9.1666447e+00 +9.1667232e+00 +1.0266688e+01 
-1.1677480e+01 -1.1537794e+01 -1.1537717e+01 -1.1530036e+01 -1.1481518e+01 -1.1481481e+01 -1.1409759e+01 -1.1409570e+01 -1.1172643e+01 -1.1172381e+01 -9.6272397e+00 -6.0946488e+00 -1.4777190e+00 +7.2271141e+00 +7.2271771e+00 +9.1177586e+00 +9.1178335e+00 +1.0218353e+01 
-1.1672551e+01 -1.1542738e+01 -1.1542658e+01 -1.1531063e+01 -1.1485849e+01 -1.1485809e+01 -1.1397708e+01 -1.1397521e+01 -1.1175304e+01 -1.1175045e+01 -9.5793579e+00 -6.2898567e+00 -1.1139684e+00 +7.2636858e+00 +7.2637460e+00 +9.0613850e+00 +9.0614558e+00 +1.0116844e+01 
-1.1666997e+01 -1.1547045e+01 -1.1546963e+01 -1.1532479e+01 -1.1490613e+01 -1.1490570e+01 -1.1385336e+01 -1.1385150e+01 -1.1178481e+01 -1.1178227e+01 -9.5238413e+00 -6.4867109e+00 -7.2155921e-01 +7.3056225e+00 +7.3056796e+00 +8.9981682e+00 +8.9982344e+00 +9.9557315e+00 
-1.1660872e+01 -1.1550657e+01 -1.1550574e+01 -1.1534355e+01 -1.1495725e+01 -1.1495679e+01 -1.1372755e+01 -1.1372570e+01 -1.1182208e+01 -1.1181957e+01 -9.4606220e+00 -6.6828801e+00 -3.0261871e-01 +7.3528039e+00 +7.3528574e+00 +8.9288121e+00 +8.9288732e+00 +9.7325547e+00 
-1.1654239e+01 -1.1553541e+01 -1.1553457e+01 -1.1536752e+01 -1.1501097e+01 -1.1501048e+01 -1.1360063e+01 -1.1359877e+01 -1.1186513e+01 -1.1186267e+01 -9.3896480e+00 -6.8767911e+00 +1.4133566e-01 +7.4050875e+00 +7.4051371e+00 +8.8540656e+00 +8.8541212e+00 +9.4480863e+00 
-1.1647166e+01 -1.1555677e+01 -1.1555593e+01 -1.1539718e+01 -1.1506639e+01 -1.1506587e+01 -1.1347346e+01 -1.1347159e+01 -1.1191422e+01 -1.1191180e+01 -9.3108878e+00 -7.0673532e+00 +6.0905617e-01 +7.4623066e+00 +7.4623520e+00 +8.7747081e+00 +8.7747581e+00 +9.1055153e+00 
-1.1639726e+01 -1.1557058e+01 -1.1556976e+01 -1.1543285e+01 -1.1512262e+01 -1.1512206e+01 -1.1334685e+01 -1.1334496e+01 -1.1196955e+01 -1.1196717e+01 -9.2243345e+00 -7.2537837e+00 +1.0993202e+00 +7.5242675e+00 +7.5243083e+00 +8.6915362e+00 +8.6915801e+00 +8.7097196e+00 
-1.1631999e+01 -1.1557688e+01 -1.1557607e+01 -1.1547469e+01 -1.1517878e+01 -1.1517818e+01 -1.1322154e+01 -1.1321963e+01 -1.1203124e+01 -1.1202890e+01 -9.1300084e+00 -7.4354969e+00 +1.6107468e+00 +7.5907465e+00 +7.5907823e+00 +8.2666774e+00 +8.6053497e+00 +8.6053873e+00 
-1.1624067e+01 -1.1557579e+01 -1.1557499e+01 -1.1552269e+01 -1.1523399e+01 -1.1523336e+01 -1.1309824e+01 -1.1309632e+01 -1.1209937e+01 -1.1209708e+01 -9.0279575e+00 -7.6120341e+00 +2.1416539e+00 +7.6614864e+00 +7.6615170e+00 +7.7830168e+00 +8.5169394e+00 +8.5169707e+00 
-1.1616016e+01 -1.1557672e+01 -1.1556749e+01 -1.1556667e+01 -1.1528745e+01 -1.1528678e+01 -1.1297763e+01 -1.1297568e+01 -1.1217392e+01 -1.1217168e+01 -8.9182587e+00 -7.7830185e+00 +2.6899448e+00 +7.2656756e+00 +7.7361937e+00 +7.7362188e+00 +8.4270767e+00 +8.4271016e+00 
-1.1607935e+01 -1.1563631e+01 -1.1555225e+01 -1.1555149e+01 -1.1533835e+01 -1.1533765e+01 -1.1286033e+01 -1.1285835e+01 -1.1225483e+01 -1.1225263e+01 -8.8010169e+00 -7.9481273e+00 +3.2530199e+00 +6.7216436e+00 +7.8145349e+00 +7.8145543e+00 +8.3365042e+00 +8.3365225e+00 
-1.1599912e+01 -1.1570112e+01 -1.1553042e+01 -1.1552969e+01 -1.1538596e+01 -1.1538521e+01 -1.1274692e+01 -1.1274491e+01 -1.1234194e+01 -1.1233977e+01 -8.6763630e+00 -8.1070742e+00 +3.8277111e+00 +6.1577641e+00 +7.8961336e+00 +7.8961471e+00 +8.2459278e+00 +8.2459395e+00 
-1.1592037e+01 -1.1577049e+01 -1.1550238e+01 -1.1550173e+01 -1.1542958e+01 -1.1542875e+01 -1.1263794e+01 -1.1263590e+01 -1.1243501e+01 -1.1243288e+01 -8.5444531e+00 -8.2595997e+00 +4.4102404e+00 +5.5805783e+00 +7.9805672e+00 +7.9805745e+00 +8.1560116e+00 +8.1560169e+00 
-1.1584672e+01 -1.1584100e+01 -1.1547089e+01 -1.1546964e+01 -1.1546753e+01 -1.1546480e+01 -1.1253640e+01 -1.1253464e+01 -1.1253123e+01 -1.1252882e+01 -8.4054698e+00 -8.4054613e+00 +4.9960900e+00 +4.9963165e+00 +8.0668065e+00 +8.0668073e+00 +8.0679314e+00 +8.0679328e+00 
-1.1584630e+01 -1.1584059e+01 -1.1546863e+01 -1.1546568e+01 -1.1546493e+01 -1.1545967e+01 -1.1254095e+01 -1.1253570e+01 -1.1253512e+01 -1.1252939e+01 -8.4019056e+00 -8.4018971e+00 +4.9910164e+00 +4.9912396e+00 +8.0474135e+00 +8.0485296e+00 +8.0595602e+00 +8.0606805e+00 
-1.1584551e+01 -1.1583983e+01 -1.1546401e+01 -1.1546091e+01 -1.1544835e+01 -1.1544319e+01 -1.1255537e+01 -1.1255007e+01 -1.1253561e+01 -1.1252992e+01 -8.3912154e+00 -8.3912070e+00 +4.9761518e+00 +4.9763651e+00 +7.9893636e+00 +7.9904522e+00 +8.0379194e+00 +8.0390258e+00 
-1.1584566e+01 -1.1584005e+01 -1.1545527e+01 -1.1545205e+01 -1.1542081e+01 -1.1541568e+01 -1.1257887e+01 -1.1257358e+01 -1.1253624e+01 -1.1253055e+01 -8.3734072e+00 -8.3733990e+00 +4.9525010e+00 +4.9526991e+00 +7.8930830e+00 +7.8941266e+00 +8.0021785e+00 +8.0032618e+00 
-1.1584865e+01 -1.1584313e+01 -1.1544102e+01 -1.1543767e+01 -1.1538265e+01 -1.1537753e+01 -1.1261046e+01 -1.1260519e+01 -1.1253692e+01 -1.1253124e+01 -8.3484944e+00 -8.3484865e+00 +4.9215396e+00 +4.9217187e+00 +7.7593847e+00 +7.7603671e+00 +7.9528184e+00 +7.9538701e+00 
-1.1585642e+01 -1.1585102e+01 -1.1542014e+01 -1.1541662e+01 -1.1533428e+01 -1.1532918e+01 -1.1264880e+01 -1.1264356e+01 -1.1253751e+01 -1.1253181e+01 -8.3164966e+00 -8.3164892e+00 +4.8849490e+00 +4.8851070e+00 +7.5896078e+00 +7.5905141e+00 +7.8904947e+00 +7.8915064e+00 
-1.1587043e+01 -1.1586516e+01 -1.1539234e+01 -1.1538864e+01 -1.1527623e+01 -1.1527114e+01 -1.1269213e+01 -1.1268693e+01 -1.1253777e+01 -1.1253205e+01 -8.2774405e+00 -8.2774336e+00 +4.8442910e+00 +4.8444284e+00 +7.3857911e+00 +7.3866081e+00 +7.8160195e+00 +7.8169836e+00 
-1.1589133e+01 -1.1588619e+01 -1.1535851e+01 -1.1535462e+01 -1.1520917e+01 -1.1520409e+01 -1.1273829e+01 -1.1273314e+01 -1.1253740e+01 -1.1253167e+01 -8.2313601e+00 -8.2313538e+00 +4.8006313e+00 +4.8007510e+00 +7.1508937e+00 +7.1516100e+00 +7.7303418e+00 +7.7312513e+00 
-1.1591906e+01 -1.1591403e+01 -1.1532070e+01 -1.1531662e+01 -1.1513388e+01 -1.1512882e+01 -1.1278470e+01 -1.1277962e+01 -1.1253606e+01 -1.1253031e+01 -8.1782976e+00 -8.1782920e+00 +4.7540674e+00 +4.7541751e+00 +6.8891183e+00 +6.8897238e+00 +7.6345245e+00 +7.6353730e+00 
-1.1595307e+01 -1.1594812e+01 -1.1528187e+01 -1.1527763e+01 -1.1505131e+01 -1.1504625e+01 -1.1282838e+01 -1.1282338e+01 -1.1253332e+01 -1.1252754e+01 -8.1183041e+00 -8.1182992e+00 +4.7030357e+00 +4.7031402e+00 +6.6064703e+00 +6.6069556e+00 +7.5297199e+00 +7.5305020e+00 
-1.1599261e+01 -1.1598771e+01 -1.1524556e+01 -1.1524116e+01 -1.1496252e+01 -1.1495748e+01 -1.1286604e+01 -1.1286113e+01 -1.1252867e+01 -1.1252287e+01 -8.0514398e+00 -8.0514355e+00 +4.6431374e+00 +4.6432511e+00 +6.3118176e+00 +6.3121735e+00 +7.4171456e+00 +7.4178566e+00 
-1.1603686e+01 -1.1603199e+01 -1.1521558e+01 -1.1521105e+01 -1.1486873e+01 -1.1486371e+01 -1.1289420e+01 -1.1288940e+01 -1.1252153e+01 -1.1251570e+01 -7.9777751e+00 -7.9777714e+00 +4.5651306e+00 +4.5652688e+00 +6.0188022e+00 +6.0190195e+00 +7.2980602e+00 +7.2986963e+00 
-1.1608505e+01 -1.1608018e+01 -1.1519564e+01 -1.1519099e+01 -1.1477134e+01 -1.1476633e+01 -1.1290956e+01 -1.1290487e+01 -1.1251123e+01 -1.1250536e+01 -7.8973913e+00 -7.8973879e+00 +4.4524589e+00 +4.4526344e+00 +5.7482310e+00 +5.7483055e+00 +7.1737409e+00 +7.1742991e+00 
-1.1613642e+01 -1.1613154e+01 -1.1518891e+01 -1.1518415e+01 -1.1467184e+01 -1.1466685e+01 -1.1290936e+01 -1.1290479e+01 -1.1249701e+01 -1.1249110e+01 -7.8103814e+00 -7.8103779e+00 +4.2825982e+00 +4.2828065e+00 +5.5266087e+00 +5.5266619e+00 +7.0454630e+00 +7.0459411e+00 
-1.1619028e+01 -1.1618537e+01 -1.1519756e+01 -1.1519273e+01 -1.1457188e+01 -1.1456692e+01 -1.1289185e+01 -1.1288740e+01 -1.1247806e+01 -1.1247211e+01 -7.7168512e+00 -7.7168472e+00 +4.0401750e+00 +4.0403851e+00 +5.3730925e+00 +5.3732307e+00 +6.9144814e+00 +6.9148781e+00 
-1.1624595e+01 -1.1624100e+01 -1.1522250e+01 -1.1521762e+01 -1.1447320e+01 -1.1446826e+01 -1.1285656e+01 -1.1285222e+01 -1.1245352e+01 -1.1244753e+01 -7.6169211e+00 -7.6169161e+00 +3.7313509e+00 +3.7315278e+00 +5.2850456e+00 +5.2852213e+00 +6.7820153e+00 +6.7823300e+00 
-1.1630279e+01 -1.1629778e+01 -1.1526327e+01 -1.1525836e+01 -1.1437755e+01 -1.1437262e+01 -1.1280436e+01 -1.1280012e+01 -1.1242257e+01 -1.1241654e+01 -7.5107280e+00 -7.5107214e+00 +3.3761371e+00 +3.3762636e+00 +5.2455342e+00 +5.2457176e+00 +6.6492354e+00 +6.6494682e+00 
-1.1636020e+01 -1.1635512e+01 -1.1531832e+01 -1.1531341e+01 -1.1428662e+01 -1.1428172e+01 -1.1273720e+01 -1.1273305e+01 -1.1238449e+01 -1.1237841e+01 -7.3984279e+00 -7.3984192e+00 +2.9933308e+00 +2.9934057e+00 +5.2384665e+00 +5.2386439e+00 +6.5172538e+00 +6.5174055e+00 
-1.1641758e+01 -1.1641241e+01 -1.1538541e+01 -1.1538053e+01 -1.1420196e+01 -1.1419708e+01 -1.1265773e+01 -1.1265365e+01 -1.1233875e+01 -1.1233263e+01 -7.2802000e+00 -7.2801884e+00 +2.5959892e+00 +2.5960185e+00 +5.2531140e+00 +5.2532799e+00 +6.3871169e+00 +6.3871889e+00 
-1.1647436e+01 -1.1646910e+01 -1.1546198e+01 -1.1545715e+01 -1.1412481e+01 -1.1411994e+01 -1.1256886e+01 -1.1256485e+01 -1.1228516e+01 -1.1227900e+01 -7.1562520e+00 -7.1562369e+00 +2.1927038e+00 +2.1927116e+00 +5.2828261e+00 +5.2829783e+00 +6.2597948e+00 +6.2598005e+00 
-1.1653000e+01 -1.1652464e+01 -1.1554545e+01 -1.1554069e+01 -1.1405600e+01 -1.1405114e+01 -1.1247350e+01 -1.1246954e+01 -1.1222394e+01 -1.1221776e+01 -7.0268277e+00 -7.0268086e+00 +1.7893353e+00 +1.7893714e+00 +5.3233103e+00 +5.3234482e+00 +6.1361258e+00 +6.1362067e+00 
-1.1658398e+01 -1.1657852e+01 -1.1563342e+01 -1.1562875e+01 -1.1399595e+01 -1.1399110e+01 -1.1237434e+01 -1.1237043e+01 -1.1215578e+01 -1.1214957e+01 -6.8922186e+00 -6.8921950e+00 +1.3901568e+00 +1.3902127e+00 +5.3715599e+00 +5.3716841e+00 +6.0170098e+00 +6.0171630e+00 
-1.1663581e+01 -1.1663023e+01 -1.1572371e+01 -1.1571915e+01 -1.1394460e+01 -1.1393975e+01 -1.1227380e+01 -1.1226993e+01 -1.1208182e+01 -1.1207559e+01 -6.7527797e+00 -6.7527512e+00 +9.9840207e-01 +9.9847014e-01 +5.4252764e+00 +5.4253877e+00 +5.9032010e+00 +5.9034230e+00 
-1.1668502e+01 -1.1667933e+01 -1.1581442e+01 -1.1580998e+01 -1.1390152e+01 -1.1389666e+01 -1.1217399e+01 -1.1217015e+01 -1.1200357e+01 -1.1199733e+01 -6.6089526e+00 -6.6089190e+00 +6.1665592e-01 +6.1672966e-01 +5.4825636e+00 +5.4826633e+00 +5.7953808e+00 +5.7956679e+00 
-1.1673120e+01 -1.1672538e+01 -1.1590388e+01 -1.1589957e+01 -1.1386601e+01 -1.1386115e+01 -1.1207673e+01 -1.1207291e+01 -1.1192281e+01 -1.1191655e+01 -6.4612993e+00 -6.4612604e+00 +2.4708872e-01 +2.4716268e-01 +5.5417659e+00 +5.5418556e+00 +5.6941609e+00 +5.6945089e+00 
-1.1677397e+01 -1.1676801e+01 -1.1599061e+01 -1.1598645e+01 -1.1383720e+01 -1.1383233e+01 -1.1198358e+01 -1.1197978e+01 -1.1184143e+01 -1.1183517e+01 -6.3105495e+00 -6.3105055e+00 -1.0836598e-01 -1.0829621e-01 +5.6000855e+00 +5.6004899e+00 +5.6013839e+00 +5.6014656e+00 
-1.1681299e+01 -1.1680689e+01 -1.1607332e+01 -1.1606931e+01 -1.1381417e+01 -1.1380928e+01 -1.1189586e+01 -1.1189208e+01 -1.1176137e+01 -1.1175511e+01 -6.1576702e+00 -6.1576214e+00 -4.4785138e-01 -4.4778918e-01 +5.5136381e+00 +5.5140946e+00 +5.6600275e+00 +5.6601024e+00 
-1.1684800e+01 -1.1684175e+01 -1.1615087e+01 -1.1614702e+01 -1.1379600e+01 -1.1379110e+01 -1.1181471e+01 -1.1181094e+01 -1.1168448e+01 -1.1167822e+01 -6.0039642e+00 -6.0039111e+00 -7.6942008e-01 -7.6936788e-01 +5.4352391e+00 +5.4357427e+00 +5.7164031e+00 +5.7164731e+00 
-1.1687879e+01 -1.1687240e+01 -1.1622221e+01 -1.1621852e+01 -1.1378188e+01 -1.1377696e+01 -1.1174109e+01 -1.1173733e+01 -1.1161248e+01 -1.1160622e+01 -5.8512096e+00 -5.8511528e+00 -1.0708401e+00 -1.0707995e+00 +5.3652553e+00 +5.3658008e+00 +5.7693039e+00 +5.7693706e+00 
-1.1690525e+01 -1.1689870e+01 -1.1628639e+01 -1.1628287e+01 -1.1377105e+01 -1.1376612e+01 -1.1167578e+01 -1.1167203e+01 -1.1154690e+01 -1.1154065e+01 -5.7018510e+00 -5.7017915e+00 -1.3493590e+00 -1.3493307e+00 +5.3040007e+00 +5.3045828e+00 +5.8176176e+00 +5.8176822e+00 
-1.1692734e+01 -1.1692064e+01 -1.1634253e+01 -1.1633917e+01 -1.1376289e+01 -1.1375795e+01 -1.1161947e+01 -1.1161572e+01 -1.1148912e+01 -1.1148287e+01 -5.5592463e+00 -5.5591848e+00 -1.6014207e+00 -1.6014047e+00 +5.2517401e+00 +5.2523534e+00 +5.8603369e+00 +5.8604005e+00 
-1.1694509e+01 -1.1693825e+01 -1.1638982e+01 -1.1638661e+01 -1.1375690e+01 -1.1375195e+01 -1.1157268e+01 -1.1156894e+01 -1.1144027e+01 -1.1143402e+01 -5.4279385e+00 -5.4278760e+00 -1.8223628e+00 -1.8223584e+00 +5.2086924e+00 +5.2093315e+00 +5.8965736e+00 +5.8966369e+00 
-1.1695863e+01 -1.1695167e+01 -1.1642751e+01 -1.1642444e+01 -1.1375264e+01 -1.1374769e+01 -1.1153586e+01 -1.1153212e+01 -1.1140130e+01 -1.1139506e+01 -5.3138457e+00 -5.3137830e+00 -2.0062078e+00 -2.0062020e+00 +5.1750331e+00 +5.1756924e+00 +5.9255737e+00 +5.9256371e+00 
-1.1696812e+01 -1.1696106e+01 -1.1645497e+01 -1.1645200e+01 -1.1374982e+01 -1.1374486e+01 -1.1150934e+01 -1.1150559e+01 -1.1137295e+01 -1.1136670e+01 -5.2241106e+00 -5.2240481e+00 -2.1457791e+00 -2.1457653e+00 +5.1508964e+00 +5.1515701e+00 +5.9467327e+00 +5.9467964e+00 
-1.1697373e+01 -1.1696660e+01 -1.1647166e+01 -1.1646876e+01 -1.1374821e+01 -1.1374325e+01 -1.1149333e+01 -1.1148959e+01 -1.1135572e+01 -1.1134948e+01 -5.1662129e+00 -5.1661509e+00 -2.2335802e+00 -2.2335612e+00 +5.1363769e+00 +5.1370593e+00 +5.9596080e+00 +5.9596720e+00 
-1.1697558e+01 -1.1696843e+01 -1.1647727e+01 -1.1647439e+01 -1.1374769e+01 -1.1374273e+01 -1.1148798e+01 -1.1148424e+01 -1.1134995e+01 -1.1134371e+01 -5.1461369e+00 -5.1460750e+00 -2.2636242e+00 -2.2636034e+00 +5.1315309e+00 +5.1322161e+00 +5.9639300e+00 +5.9639941e+00 
-1.1697354e+01 -1.1696639e+01 -1.1646854e+01 -1.1646567e+01 -1.1375213e+01 -1.1374716e+01 -1.1149221e+01 -1.1148839e+01 -1.1135376e+01 -1.1134760e+01 -5.1440477e+00 -5.1439855e+00 -2.2594449e+00 -2.2594234e+00 +5.0589869e+00 +5.0596339e+00 +6.0119481e+00 +6.0120403e+00 
-1.1696749e+01 -1.1696032e+01 -1.1644234e+01 -1.1643948e+01 -1.1376530e+01 -1.1376034e+01 -1.1150629e+01 -1.1150222e+01 -1.1136375e+01 -1.1135787e+01 -5.1377863e+00 -5.1377230e+00 -2.2469218e+00 -2.2468981e+00 +4.8760081e+00 +4.8765879e+00 +6.1224068e+00 +6.1225363e+00 
-1.1695758e+01 -1.1695039e+01 -1.1639863e+01 -1.1639579e+01 -1.1378685e+01 -1.1378190e+01 -1.1153379e+01 -1.1152929e+01 -1.1137622e+01 -1.1137078e+01 -5.1273728e+00 -5.1273076e+00 -2.2260996e+00 -2.2260723e+00 +4.6300074e+00 +4.6305253e+00 +6.2509310e+00 +6.2510742e+00 
-1.1694409e+01 -1.1693686e+01 -1.1633745e+01 -1.1633462e+01 -1.1381616e+01 -1.1381121e+01 -1.1157812e+01 -1.1157316e+01 -1.1138748e+01 -1.1138253e+01 -5.1128440e+00 -5.1127767e+00 -2.1970538e+00 -2.1970216e+00 +4.3460037e+00 +4.3464642e+00 +6.3771472e+00 +6.3772840e+00 
-1.1692732e+01 -1.1692006e+01 -1.1625898e+01 -1.1625617e+01 -1.1385239e+01 -1.1384745e+01 -1.1164017e+01 -1.1163484e+01 -1.1139627e+01 -1.1139172e+01 -5.0942599e+00 -5.0941902e+00 -2.1598932e+00 -2.1598548e+00 +4.0366415e+00 +4.0370445e+00 +6.4941511e+00 +6.4942688e+00 
-1.1690763e+01 -1.1690034e+01 -1.1616368e+01 -1.1616088e+01 -1.1389449e+01 -1.1388957e+01 -1.1171871e+01 -1.1171313e+01 -1.1140327e+01 -1.1139901e+01 -5.0717105e+00 -5.0716385e+00 -2.1147634e+00 -2.1147174e+00 +3.7098925e+00 +3.7102358e+00 +6.6002622e+00 +6.6003533e+00 
-1.1688544e+01 -1.1687810e+01 -1.1605238e+01 -1.1604958e+01 -1.1394119e+01 -1.1393630e+01 -1.1181188e+01 -1.1180616e+01 -1.1140965e+01 -1.1140559e+01 -5.0453256e+00 -5.0452516e+00 -2.0618519e+00 -2.0617971e+00 +3.3718407e+00 +3.3721220e+00 +6.6957641e+00 +6.6958249e+00 
-1.1686117e+01 -1.1685380e+01 -1.1592633e+01 -1.1592351e+01 -1.1399101e+01 -1.1398615e+01 -1.1191787e+01 -1.1191206e+01 -1.1141637e+01 -1.1141246e+01 -5.0152859e+00 -5.0152106e+00 -2.0013972e+00 -2.0013325e+00 +3.0276182e+00 +3.0278364e+00 +6.7816190e+00 +6.7816477e+00 
-1.1683532e+01 -1.1682791e+01 -1.1578730e+01 -1.1578445e+01 -1.1404216e+01 -1.1403734e+01 -1.1203499e+01 -1.1202913e+01 -1.1142408e+01 -1.1142028e+01 -4.9818376e+00 -4.9817619e+00 -1.9337029e+00 -1.9336270e+00 +2.6817467e+00 +2.6819021e+00 +6.8589158e+00 +6.8589193e+00 
-1.1680845e+01 -1.1680101e+01 -1.1563774e+01 -1.1563484e+01 -1.1409248e+01 -1.1408771e+01 -1.1216159e+01 -1.1215571e+01 -1.1143320e+01 -1.1142948e+01 -4.9453100e+00 -4.9452349e+00 -1.8591595e+00 -1.8590713e+00 +2.3383030e+00 +2.3383975e+00 +6.9286127e+00 +6.9286474e+00 
-1.1678117e+01 -1.1677369e+01 -1.1548096e+01 -1.1547798e+01 -1.1413920e+01 -1.1413450e+01 -1.1229603e+01 -1.1229014e+01 -1.1144395e+01 -1.1144030e+01 -4.9061383e+00 -4.9060649e+00 -1.7782809e+00 -1.7781791e+00 +2.0010524e+00 +2.0010896e+00 +6.9915121e+00 +6.9915765e+00 
-1.1675415e+01 -1.1674663e+01 -1.1532160e+01 -1.1531851e+01 -1.1417850e+01 -1.1417391e+01 -1.1243665e+01 -1.1243077e+01 -1.1145636e+01 -1.1145278e+01 -4.8648924e+00 -4.8648219e+00 -1.6917637e+00 -1.6916471e+00 +1.6735868e+00 +1.6736019e+00 +7.0481492e+00 +7.0482410e+00 
-1.1672811e+01 -1.1672056e+01 -1.1516639e+01 -1.1516312e+01 -1.1420479e+01 -1.1420036e+01 -1.1258175e+01 -1.1257589e+01 -1.1147031e+01 -1.1146679e+01 -4.8223128e+00 -4.8222465e+00 -1.6005874e+00 -1.6004546e+00 +1.3595385e+00 +1.3595995e+00 +7.0988260e+00 +7.0989426e+00 
-1.1670380e+01 -1.1669621e+01 -1.1502513e+01 -1.1502161e+01 -1.1420971e+01 -1.1420550e+01 -1.1272957e+01 -1.1272374e+01 -1.1148547e+01 -1.1148201e+01 -4.7793554e+00 -4.7792943e+00 -1.5061852e+00 -1.5060345e+00 +1.0629119e+00 +1.0630111e+00 +7.1436344e+00 +7.1437729e+00 
-1.1668196e+01 -1.1667435e+01 -1.1491053e+01 -1.1490666e+01 -1.1418244e+01 -1.1417853e+01 -1.1287825e+01 -1.1287246e+01 -1.1150133e+01 -1.1149792e+01 -4.7372429e+00 -4.7371878e+00 -1.4107366e+00 -1.4105661e+00 +7.8839406e-01 +7.8852248e-01 +7.1824881e+00 +7.1826452e+00 
-1.1666329e+01 -1.1665565e+01 -1.1483259e+01 -1.1482837e+01 -1.1411540e+01 -1.1411178e+01 -1.1302573e+01 -1.1301998e+01 -1.1151714e+01 -1.1151379e+01 -4.6975204e+00 -4.6974717e+00 -1.3176555e+00 -1.3174629e+00 +5.4198766e-01 +5.4213538e-01 +7.2151568e+00 +7.2153292e+00 
-1.1664836e+01 -1.1664071e+01 -1.1478987e+01 -1.1478537e+01 -1.1401343e+01 -1.1400999e+01 -1.1316941e+01 -1.1316374e+01 -1.1153192e+01 -1.1152863e+01 -4.6621068e+00 -4.6620643e+00 -1.2323080e+00 -1.2320908e+00 +3.3182542e-01 +3.3198172e-01 +7.2413037e+00 +7.2414880e+00 
-1.1663761e+01 -1.1662995e+01 -1.1477103e+01 -1.1476635e+01 -1.1389332e+01 -1.1388988e+01 -1.1330517e+01 -1.1329963e+01 -1.1154442e+01 -1.1154119e+01 -4.6333230e+00 -4.6332857e+00 -1.1626219e+00 -1.1623792e+00 +1.6884820e-01 +1.6900308e-01 +7.2605214e+00 +7.2607141e+00 
-1.1663122e+01 -1.1662355e+01 -1.1476458e+01 -1.1475979e+01 -1.1377900e+01 -1.1377527e+01 -1.1342234e+01 -1.1341714e+01 -1.1155314e+01 -1.1154998e+01 -4.6138688e+00 -4.6138352e+00 -1.1179892e+00 -1.1177249e+00 +6.5717197e-02 +6.5864850e-02 +7.2723695e+00 +7.2725672e+00 
-1.1662912e+01 -1.1662146e+01 -1.1476338e+01 -1.1475851e+01 -1.1372167e+01 -1.1371691e+01 -1.1347913e+01 -1.1347498e+01 -1.1155643e+01 -1.1155334e+01 -4.6067096e+00 -4.6066771e+00 -1.1037328e+00 -1.1034589e+00 +3.1194578e-02 +3.1337078e-02 +7.2764105e+00 +7.2766098e+00 
-1.1663102e+01 -1.1662334e+01 -1.1476389e+01 -1.1475916e+01 -1.1376949e+01 -1.1376651e+01 -1.1343323e+01 -1.1342731e+01 -1.1155280e+01 -1.1154955e+01 -4.6144345e+00 -4.6144012e+00 -1.1133355e+00 -1.1130719e+00 +6.1113166e-02 +6.1262610e-02 +7.2724488e+00 +7.2726466e+00 
-1.1663610e+01 -1.1662842e+01 -1.1476561e+01 -1.1476102e+01 -1.1385604e+01 -1.1385351e+01 -1.1335385e+01 -1.1334755e+01 -1.1154125e+01 -1.1153780e+01 -4.6391724e+00 -4.6391354e+00 -1.1310923e+00 -1.1308538e+00 +1.4158746e-01 +1.4174949e-01 +7.2603717e+00 +7.2605651e+00 
-1.1664361e+01 -1.1663594e+01 -1.1476947e+01 -1.1476506e+01 -1.1394088e+01 -1.1393838e+01 -1.1328227e+01 -1.1327599e+01 -1.1152126e+01 -1.1151756e+01 -4.6826848e+00 -4.6826415e+00 -1.1410866e+00 -1.1408839e+00 +2.5874032e-01 +2.5891715e-01 +7.2399686e+00 +7.2401550e+00 
-1.1665266e+01 -1.1664500e+01 -1.1477740e+01 -1.1477319e+01 -1.1401314e+01 -1.1401052e+01 -1.1322834e+01 -1.1322221e+01 -1.1149334e+01 -1.1148936e+01 -4.7457013e+00 -4.7456497e+00 -1.1318504e+00 -1.1316903e+00 +4.0207359e-01 +4.0226512e-01 +7.2111476e+00 +7.2113244e+00 
-1.1666228e+01 -1.1665465e+01 -1.1479145e+01 -1.1478749e+01 -1.1406828e+01 -1.1406545e+01 -1.1319422e+01 -1.1318831e+01 -1.1145915e+01 -1.1145487e+01 -4.8277745e+00 -4.8277141e+00 -1.0969026e+00 -1.0967893e+00 +5.6486176e-01 +5.6506683e-01 +7.1739575e+00 +7.1741225e+00 
-1.1667151e+01 -1.1666391e+01 -1.1481289e+01 -1.1480920e+01 -1.1410445e+01 -1.1410136e+01 -1.1317925e+01 -1.1317357e+01 -1.1142133e+01 -1.1141676e+01 -4.9273849e+00 -4.9273160e+00 -1.0334982e+00 -1.0334334e+00 +7.4299917e-01 +7.4321626e-01 +7.1286049e+00 +7.1287560e+00 
-1.1667942e+01 -1.1667187e+01 -1.1484135e+01 -1.1483792e+01 -1.1412222e+01 -1.1411886e+01 -1.1318128e+01 -1.1317583e+01 -1.1138310e+01 -1.1137825e+01 -5.0422422e+00 -5.0421664e+00 -9.4129142e-01 -9.4127500e-01 +9.3395377e-01 +9.3418125e-01 +7.0754673e+00 +7.0756030e+00 
-1.1668516e+01 -1.1667766e+01 -1.1487484e+01 -1.1487162e+01 -1.1412422e+01 -1.1412061e+01 -1.1319746e+01 -1.1319222e+01 -1.1134782e+01 -1.1134271e+01 -5.1696621e+00 -5.1695815e+00 -8.2133390e-01 -8.2130346e-01 +1.1360929e+00 +1.1363291e+00 +7.0151016e+00 +7.0152203e+00 
-1.1668799e+01 -1.1668054e+01 -1.1491055e+01 -1.1490750e+01 -1.1411428e+01 -1.1411046e+01 -1.1322467e+01 -1.1321961e+01 -1.1131853e+01 -1.1131320e+01 -5.3068993e+00 -5.3068162e+00 -6.7528545e-01 -6.7521077e-01 +1.3482795e+00 +1.3485228e+00 +6.9482481e+00 +6.9483486e+00 
-1.1668727e+01 -1.1667989e+01 -1.1494576e+01 -1.1494282e+01 -1.1409656e+01 -1.1409257e+01 -1.1325971e+01 -1.1325480e+01 -1.1129782e+01 -1.1129229e+01 -5.4513764e+00 -5.4512932e+00 -5.0501829e-01 -5.0490284e-01 +1.5696264e+00 +1.5698751e+00 +6.8758314e+00 +6.8759129e+00 
-1.1668252e+01 -1.1667522e+01 -1.1497828e+01 -1.1497541e+01 -1.1407509e+01 -1.1407097e+01 -1.1329930e+01 -1.1329452e+01 -1.1128769e+01 -1.1128199e+01 -5.6008052e+00 -5.6007240e+00 -3.1239354e-01 -3.1224148e-01 +1.7993352e+00 +1.7995876e+00 +6.7989606e+00 +6.7990227e+00 
-1.1667337e+01 -1.1666616e+01 -1.1500663e+01 -1.1500378e+01 -1.1405383e+01 -1.1404961e+01 -1.1333996e+01 -1.1333528e+01 -1.1128955e+01 -1.1128371e+01 -5.7532258e+00 -5.7531485e+00 -9.9139526e-02 -9.8955583e-02 +2.0365799e+00 +2.0368344e+00 +6.7189303e+00 +6.7189727e+00 
-1.1665961e+01 -1.1665249e+01 -1.1502991e+01 -1.1502705e+01 -1.1403680e+01 -1.1403250e+01 -1.1337787e+01 -1.1337328e+01 -1.1130428e+01 -1.1129831e+01 -5.9069968e+00 -5.9069247e+00 +1.3317133e-01 +1.3338184e-01 +2.2804126e+00 +2.2806675e+00 +6.6372252e+00 +6.6372482e+00 
-1.1664114e+01 -1.1663413e+01 -1.1504775e+01 -1.1504486e+01 -1.1402809e+01 -1.1402372e+01 -1.1340896e+01 -1.1340443e+01 -1.1133224e+01 -1.1132616e+01 -6.0607597e+00 -6.0606938e+00 +3.8310023e-01 +3.8333137e-01 +2.5296776e+00 +2.5299311e+00 +6.5555348e+00 +6.5555393e+00 
-1.1661799e+01 -1.1661111e+01 -1.1506016e+01 -1.1505722e+01 -1.1403134e+01 -1.1402690e+01 -1.1342946e+01 -1.1342499e+01 -1.1137333e+01 -1.1136716e+01 -6.2133968e+00 -6.2133378e+00 +6.4929631e-01 +6.4954152e-01 +2.7829263e+00 +2.7831764e+00 +6.4757691e+00 +6.4757815e+00 
-1.1659034e+01 -1.1658358e+01 -1.1506754e+01 -1.1506454e+01 -1.1404862e+01 -1.1404412e+01 -1.1343705e+01 -1.1343261e+01 -1.1142705e+01 -1.1142080e+01 -6.3639886e+00 -6.3639368e+00 +9.3043864e-01 +9.3069067e-01 +3.0383274e+00 +3.0385718e+00 +6.4001433e+00 +6.4001700e+00 
-1.1655843e+01 -1.1655181e+01 -1.1507055e+01 -1.1506748e+01 -1.1407961e+01 -1.1407505e+01 -1.1343172e+01 -1.1342732e+01 -1.1149246e+01 -1.1148615e+01 -6.5117762e+00 -6.5117316e+00 +1.2251692e+00 +1.2254201e+00 +3.2935694e+00 +3.2938052e+00 +6.3312273e+00 +6.3312645e+00 
-1.1652264e+01 -1.1651617e+01 -1.1507020e+01 -1.1506705e+01 -1.1412190e+01 -1.1411727e+01 -1.1341549e+01 -1.1341111e+01 -1.1156828e+01 -1.1156190e+01 -6.6561306e+00 -6.6560930e+00 +1.5320147e+00 +1.5322557e+00 +3.5457590e+00 +3.5459820e+00 +6.2720556e+00 +6.2720976e+00 
-1.1648343e+01 -1.1647711e+01 -1.1506773e+01 -1.1506452e+01 -1.1417219e+01 -1.1416748e+01 -1.1339118e+01 -1.1338681e+01 -1.1165281e+01 -1.1164638e+01 -6.7965265e+00 -6.7964955e+00 +1.8492881e+00 +1.8495096e+00 +3.7913380e+00 +3.7915424e+00 +6.2262608e+00 +6.2262994e+00 
-1.1644129e+01 -1.1643514e+01 -1.1506467e+01 -1.1506140e+01 -1.1422738e+01 -1.1422257e+01 -1.1336142e+01 -1.1335706e+01 -1.1174401e+01 -1.1173754e+01 -6.9325226e+00 -6.9324976e+00 +2.1749538e+00 +2.1751454e+00 +4.0260900e+00 +4.0262673e+00 +6.1981689e+00 +6.1981928e+00 
-1.1639682e+01 -1.1639083e+01 -1.1506272e+01 -1.1505942e+01 -1.1428500e+01 -1.1428006e+01 -1.1332821e+01 -1.1332387e+01 -1.1183950e+01 -1.1183300e+01 -7.0637455e+00 -7.0637259e+00 +2.5064227e+00 +2.5065734e+00 +4.2454168e+00 +4.2455558e+00 +6.1927086e+00 +6.1927144e+00 
-1.1635061e+01 -1.1634478e+01 -1.1506369e+01 -1.1506036e+01 -1.1434335e+01 -1.1433826e+01 -1.1329292e+01 -1.1328858e+01 -1.1193660e+01 -1.1193008e+01 -7.1898775e+00 -7.1898624e+00 +2.8402147e+00 +2.8403128e+00 +4.4452232e+00 +4.4453104e+00 +6.2148431e+00 +6.2148964e+00 
-1.1630330e+01 -1.1629763e+01 -1.1506920e+01 -1.1506589e+01 -1.1440159e+01 -1.1439634e+01 -1.1325630e+01 -1.1325197e+01 -1.1203242e+01 -1.1202589e+01 -7.3106464e+00 -7.3106350e+00 +3.1713728e+00 +3.1714070e+00 +4.6237987e+00 +4.6238218e+00 +6.2683797e+00 +6.2684984e+00 
-1.1625550e+01 -1.1624999e+01 -1.1508053e+01 -1.1507724e+01 -1.1445976e+01 -1.1445433e+01 -1.1321865e+01 -1.1321432e+01 -1.1212404e+01 -1.1211750e+01 -7.4258185e+00 -7.4258101e+00 +3.4924227e+00 +3.4924618e+00 +4.7845853e+00 +4.7846317e+00 +6.3541053e+00 +6.3543032e+00 
-1.1620785e+01 -1.1620248e+01 -1.1509827e+01 -1.1509502e+01 -1.1451873e+01 -1.1451311e+01 -1.1317988e+01 -1.1317553e+01 -1.1220869e+01 -1.1220216e+01 -7.5351922e+00 -7.5351861e+00 +3.7920318e+00 +3.7921456e+00 +4.9388919e+00 +4.9389979e+00 +6.4686741e+00 +6.4689578e+00 
-1.1616095e+01 -1.1615572e+01 -1.1512224e+01 -1.1511904e+01 -1.1457998e+01 -1.1457419e+01 -1.1313960e+01 -1.1313522e+01 -1.1228406e+01 -1.1227757e+01 -7.6385932e+00 -7.6385886e+00 +4.0544585e+00 +4.0546310e+00 +5.1057536e+00 +5.1058858e+00 +6.6052712e+00 +6.6056405e+00 
-1.1611540e+01 -1.1611028e+01 -1.1515156e+01 -1.1514841e+01 -1.1464516e+01 -1.1463921e+01 -1.1309726e+01 -1.1309283e+01 -1.1234860e+01 -1.1234215e+01 -7.7358706e+00 -7.7358670e+00 +4.2641367e+00 +4.2643305e+00 +5.3052282e+00 +5.3053288e+00 +6.7556530e+00 +6.7561044e+00 
-1.1607175e+01 -1.1606673e+01 -1.1518485e+01 -1.1518176e+01 -1.1471549e+01 -1.1470939e+01 -1.1305236e+01 -1.1304787e+01 -1.1240165e+01 -1.1239526e+01 -7.8268935e+00 -7.8268903e+00 +4.4169432e+00 +4.4171204e+00 +5.5452732e+00 +5.5452843e+00 +6.9120602e+00 +6.9125894e+00 
-1.1603057e+01 -1.1602563e+01 -1.1522056e+01 -1.1521753e+01 -1.1479128e+01 -1.1478507e+01 -1.1300462e+01 -1.1300005e+01 -1.1244348e+01 -1.1243715e+01 -7.9115485e+00 -7.9115452e+00 +4.5239875e+00 +4.5241331e+00 +5.8169135e+00 +5.8170240e+00 +7.0681656e+00 +7.0687685e+00 
-1.1599240e+01 -1.1598750e+01 -1.1525714e+01 -1.1525417e+01 -1.1487179e+01 -1.1486550e+01 -1.1295414e+01 -1.1294949e+01 -1.1247511e+01 -1.1246884e+01 -7.9897368e+00 -7.9897331e+00 +4.6014803e+00 +4.6015992e+00 +6.1045754e+00 +6.1048165e+00 +7.2192192e+00 +7.2198925e+00 
-1.1595777e+01 -1.1595289e+01 -1.1529319e+01 -1.1529030e+01 -1.1495534e+01 -1.1494899e+01 -1.1290147e+01 -1.1289674e+01 -1.1249801e+01 -1.1249181e+01 -8.0613729e+00 -8.0613687e+00 +4.6621594e+00 +4.6622633e+00 +6.3946267e+00 +6.3949973e+00 +7.3618290e+00 +7.3625695e+00 
-1.1592720e+01 -1.1592230e+01 -1.1532752e+01 -1.1532471e+01 -1.1503957e+01 -1.1503318e+01 -1.1284760e+01 -1.1284279e+01 -1.1251383e+01 -1.1250771e+01 -8.1263828e+00 -8.1263779e+00 +4.7139241e+00 +4.7140248e+00 +6.6770945e+00 +6.6775896e+00 +7.4936595e+00 +7.4944641e+00 
-1.1590118e+01 -1.1589623e+01 -1.1535910e+01 -1.1535639e+01 -1.1512180e+01 -1.1511541e+01 -1.1279382e+01 -1.1278892e+01 -1.1252419e+01 -1.1251812e+01 -8.1847027e+00 -8.1846970e+00 +4.7610979e+00 +4.7612049e+00 +6.9446995e+00 +6.9453124e+00 +7.6131616e+00 +7.6140266e+00 
-1.1588013e+01 -1.1587510e+01 -1.1538717e+01 -1.1538456e+01 -1.1519937e+01 -1.1519298e+01 -1.1274160e+01 -1.1273664e+01 -1.1253049e+01 -1.1252448e+01 -8.2362776e+00 -8.2362713e+00 +4.8056655e+00 +4.8057861e+00 +7.1918653e+00 +7.1925877e+00 +7.7193569e+00 +7.7202778e+00 
-1.1586431e+01 -1.1585916e+01 -1.1541114e+01 -1.1540863e+01 -1.1526983e+01 -1.1526347e+01 -1.1269250e+01 -1.1268748e+01 -1.1253393e+01 -1.1252797e+01 -8.2810614e+00 -8.2810544e+00 +4.8480775e+00 +4.8482164e+00 +7.4141370e+00 +7.4149592e+00 +7.8116724e+00 +7.8126441e+00 
-1.1585367e+01 -1.1584840e+01 -1.1543071e+01 -1.1542831e+01 -1.1533114e+01 -1.1532482e+01 -1.1264802e+01 -1.1264295e+01 -1.1253546e+01 -1.1252955e+01 -8.3190155e+00 -8.3190080e+00 +4.8877611e+00 +4.8879205e+00 +7.6078885e+00 +7.6087990e+00 +7.8898147e+00 +7.8908312e+00 
-1.1584773e+01 -1.1584233e+01 -1.1544586e+01 -1.1544356e+01 -1.1538186e+01 -1.1537560e+01 -1.1260956e+01 -1.1260445e+01 -1.1253583e+01 -1.1252995e+01 -8.3501085e+00 -8.3501006e+00 +4.9234863e+00 +4.9236665e+00 +7.7701830e+00 +7.7711685e+00 +7.9536731e+00 +7.9547275e+00 
-1.1584549e+01 -1.1583996e+01 -1.1545687e+01 -1.1545465e+01 -1.1542120e+01 -1.1541501e+01 -1.1257832e+01 -1.1257318e+01 -1.1253559e+01 -1.1252974e+01 -8.3743160e+00 -8.3743078e+00 +4.9536773e+00 +4.9538762e+00 +7.8987022e+00 +7.8997478e+00 +8.0032461e+00 +8.0043309e+00 
-1.1584552e+01 -1.1583989e+01 -1.1546418e+01 -1.1546202e+01 -1.1544899e+01 -1.1544285e+01 -1.1255528e+01 -1.1255012e+01 -1.1253515e+01 -1.1252932e+01 -8.3916196e+00 -8.3916112e+00 +4.9767044e+00 +4.9769181e+00 +7.9917017e+00 +7.9927913e+00 +8.0385855e+00 +8.0396924e+00 
-1.1584631e+01 -1.1584061e+01 -1.1546832e+01 -1.1546619e+01 -1.1546545e+01 -1.1545935e+01 -1.1254116e+01 -1.1253599e+01 -1.1253478e+01 -1.1252896e+01 -8.4020066e+00 -8.4019981e+00 +4.9911594e+00 +4.9913827e+00 +8.0479727e+00 +8.0490891e+00 +8.0597559e+00 +8.0608762e+00 
-1.1584672e+01 -1.1584100e+01 -1.1547089e+01 -1.1546964e+01 -1.1546753e+01 -1.1546480e+01 -1.1253640e+01 -1.1253464e+01 -1.1253123e+01 -1.1252882e+01 -8.4054698e+00 -8.4054613e+00 +4.9960900e+00 +4.9963165e+00 +8.0668065e+00 +8.0668073e+00 +8.0679314e+00 +8.0679328e+00 
-1.1697558e+01 -1.1696843e+01 -1.1647727e+01 -1.1647439e+01 -1.1374769e+01 -1.1374273e+01 -1.1148798e+01 -1.1148424e+01 -1.1134995e+01 -1.1134371e+01 -5.1461369e+00 -5.1460750e+00 -2.2636242e+00 -2.2636034e+00 +5.1315309e+00 +5.1322161e+00 +5.9639300e+00 +5.9639941e+00 
-1.1706877e+01 -1.1687099e+01 -1.1655316e+01 -1.1638863e+01 -1.1393141e+01 -1.1355771e+01 -1.1159976e+01 -1.1138686e+01 -1.1135725e+01 -1.1133612e+01 -5.2220789e+00 -5.0740923e+00 -2.3509717e+00 -2.1572484e+00 +4.9671611e+00 +5.3011025e+00 +5.7716974e+00 +6.1218373e+00 
-1.1715363e+01 -1.1680252e+01 -1.1658339e+01 -1.1629994e+01 -1.1411497e+01 -1.1337030e+01 -1.1172661e+01 -1.1136662e+01 -1.1132608e+01 -1.1130284e+01 -5.3001379e+00 -5.0080873e+00 -2.4173047e+00 -2.0337786e+00 +4.8078390e+00 +5.4738628e+00 +5.5491823e+00 +6.2415158e+00 
-1.1722471e+01 -1.1682986e+01 -1.1650291e+01 -1.1621278e+01 -1.1429467e+01 -1.1318439e+01 -1.1186530e+01 -1.1137552e+01 -1.1131576e+01 -1.1123508e+01 -5.3786564e+00 -4.9501638e+00 -2.4606158e+00 -1.8949474e+00 +4.6546750e+00 +5.3006667e+00 +5.6490536e+00 +6.3198048e+00 
-1.1728143e+01 -1.1690422e+01 -1.1636056e+01 -1.1612899e+01 -1.1446932e+01 -1.1300146e+01 -1.1201422e+01 -1.1138368e+01 -1.1130554e+01 -1.1118396e+01 -5.4562689e+00 -4.9021747e+00 -2.4791593e+00 -1.7423546e+00 +4.5083406e+00 +5.0303570e+00 +5.8254545e+00 +6.3544517e+00 
-1.1732375e+01 -1.1698772e+01 -1.1619453e+01 -1.1605010e+01 -1.1463780e+01 -1.1282306e+01 -1.1217152e+01 -1.1139083e+01 -1.1129551e+01 -1.1114990e+01 -5.5318536e+00 -4.8654542e+00 -2.4717362e+00 -1.5775067e+00 +4.3694191e+00 +4.7423217e+00 +6.0017269e+00 +6.3444683e+00 
-1.1735188e+01 -1.1707182e+01 -1.1601393e+01 -1.1597756e+01 -1.1479906e+01 -1.1265082e+01 -1.1233508e+01 -1.1139664e+01 -1.1128577e+01 -1.1113308e+01 -5.6045023e+00 -4.8405512e+00 -2.4379639e+00 -1.4018839e+00 +4.2384148e+00 +4.4404417e+00 +6.1764191e+00 +6.2903993e+00 
-1.1736611e+01 -1.1715376e+01 -1.1591286e+01 -1.1582236e+01 -1.1495215e+01 -1.1250251e+01 -1.1248643e+01 -1.1140067e+01 -1.1127640e+01 -1.1113346e+01 -5.6734873e+00 -4.8271024e+00 -2.3784155e+00 -1.2170094e+00 +4.1157609e+00 +4.1283968e+00 +6.1944725e+00 +6.3479760e+00 
-1.1736681e+01 -1.1723212e+01 -1.1585756e+01 -1.1562234e+01 -1.1509616e+01 -1.1267108e+01 -1.1233175e+01 -1.1140235e+01 -1.1126749e+01 -1.1115075e+01 -5.7382309e+00 -4.8239080e+00 -2.2945672e+00 -1.0245204e+00 +3.8096767e+00 +4.0018287e+00 +6.0605940e+00 +6.5147534e+00 
-1.1735441e+01 -1.1730599e+01 -1.1581328e+01 -1.1541617e+01 -1.1523029e+01 -1.1283781e+01 -1.1218880e+01 -1.1140087e+01 -1.1125911e+01 -1.1118439e+01 -5.7982786e+00 -4.8291718e+00 -2.1885958e+00 -8.2624129e-01 +3.4876158e+00 +3.8969347e+00 +5.8941798e+00 +6.6750391e+00 
-1.1737470e+01 -1.1732935e+01 -1.1578167e+01 -1.1535380e+01 -1.1520627e+01 -1.1299939e+01 -1.1205987e+01 -1.1139513e+01 -1.1125137e+01 -1.1123346e+01 -5.8532768e+00 -4.8408071e+00 -2.0631331e+00 -6.2426845e-01 +3.1654520e+00 +3.8013477e+00 +5.7018693e+00 +6.8270784e+00 
-1.1743757e+01 -1.1729244e+01 -1.1576424e+01 -1.1546602e+01 -1.1499535e+01 -1.1315236e+01 -1.1194747e+01 -1.1138373e+01 -1.1129678e+01 -1.1124416e+01 -5.9029542e+00 -4.8567061e+00 -1.9210920e+00 -4.2108008e-01 +2.8464228e+00 +3.7152950e+00 +5.4911936e+00 +6.9691059e+00 
-1.1749417e+01 -1.1724459e+01 -1.1576215e+01 -1.1556637e+01 -1.1478648e+01 -1.1329324e+01 -1.1185406e+01 -1.1137239e+01 -1.1136518e+01 -1.1123775e+01 -5.9471057e+00 -4.8749232e+00 -1.7656386e+00 -2.1968567e-01 +2.5339206e+00 +3.6389676e+00 +5.2702914e+00 +7.0993818e+00 
-1.1754406e+01 -1.1718732e+01 -1.1577578e+01 -1.1565435e+01 -1.1458336e+01 -1.1341884e+01 -1.1178119e+01 -1.1145760e+01 -1.1133909e+01 -1.1123209e+01 -5.9855797e+00 -4.8937694e+00 -1.6003561e+00 -2.3829370e-02 +2.2317515e+00 +3.5725247e+00 +5.0477490e+00 +7.2162314e+00 
-1.1758687e+01 -1.1712288e+01 -1.1580420e+01 -1.1572951e+01 -1.1439053e+01 -1.1352657e+01 -1.1172830e+01 -1.1154902e+01 -1.1130669e+01 -1.1122722e+01 -6.0182664e+00 -4.9118432e+00 -1.4296551e+00 +1.6175383e-01 +1.9445759e+00 +3.5160975e+00 +4.8325987e+00 +7.3180877e+00 
-1.1762231e+01 -1.1705465e+01 -1.1584460e+01 -1.1579150e+01 -1.1421375e+01 -1.1361473e+01 -1.1169242e+01 -1.1164166e+01 -1.1127174e+01 -1.1122319e+01 -6.0450885e+00 -4.9280226e+00 -1.2595332e+00 +3.3107077e-01 +1.6786620e+00 +3.4697926e+00 +4.6344427e+00 +7.4035337e+00 
-1.1765012e+01 -1.1698761e+01 -1.1589169e+01 -1.1584001e+01 -1.1406037e+01 -1.1368264e+01 -1.1172892e+01 -1.1166935e+01 -1.1123903e+01 -1.1122002e+01 -6.0659932e+00 -4.9414410e+00 -1.0988271e+00 +4.7672512e-01 +1.4431150e+00 +3.4336939e+00 +4.4635483e+00 +7.4713439e+00 
-1.1767012e+01 -1.1692888e+01 -1.1593744e+01 -1.1587482e+01 -1.1393948e+01 -1.1373045e+01 -1.1180215e+01 -1.1165544e+01 -1.1121786e+01 -1.1121265e+01 -6.0809457e+00 -4.9514590e+00 -9.6089200e-01 +5.9017733e-01 +1.2515299e+00 +3.4078649e+00 +4.3306045e+00 +7.5205214e+00 
-1.1768218e+01 -1.1688756e+01 -1.1597160e+01 -1.1589578e+01 -1.1386113e+01 -1.1375873e+01 -1.1185176e+01 -1.1164804e+01 -1.1121642e+01 -1.1119586e+01 -6.0899248e+00 -4.9576393e+00 -8.6440112e-01 +6.6279911e-01 +1.1227687e+00 +3.3923500e+00 +4.2457162e+00 +7.5503295e+00 
-1.1768621e+01 -1.1687248e+01 -1.1598441e+01 -1.1590277e+01 -1.1383386e+01 -1.1376808e+01 -1.1186942e+01 -1.1164572e+01 -1.1121595e+01 -1.1119007e+01 -6.0929191e+00 -4.9597273e+00 -8.2916426e-01 +6.8786688e-01 +1.0767614e+00 +3.3871755e+00 +4.2164658e+00 +7.5603163e+00 
-1.1724544e+01 -1.1537082e+01 -1.1536847e+01 -1.1479506e+01 -1.1478963e+01 -1.1419700e+01 -1.1296516e+01 -1.1186374e+01 -1.1186174e+01 -1.1146202e+01 -5.0360160e+00 -5.0359382e+00 -1.4367828e+00 +1.7461438e+00 +1.7467010e+00 +2.6042926e+00 +2.9024126e+00 +2.9025735e+00 
-1.1723842e+01 -1.1539751e+01 -1.1539496e+01 -1.1476944e+01 -1.1476440e+01 -1.1419523e+01 -1.1296707e+01 -1.1186181e+01 -1.1185983e+01 -1.1147350e+01 -5.0336944e+00 -5.0336168e+00 -1.4324528e+00 +1.6757844e+00 +1.6763020e+00 +2.5901500e+00 +2.9821793e+00 +2.9823062e+00 
-1.1721731e+01 -1.1546628e+01 -1.1546323e+01 -1.1470399e+01 -1.1469977e+01 -1.1418993e+01 -1.1297280e+01 -1.1185606e+01 -1.1185411e+01 -1.1150782e+01 -5.0267583e+00 -5.0266814e+00 -1.4194732e+00 +1.5045020e+00 +1.5049525e+00 +2.5482452e+00 +3.1814523e+00 +3.1815355e+00 
-1.1718195e+01 -1.1555821e+01 -1.1555453e+01 -1.1461765e+01 -1.1461432e+01 -1.1418119e+01 -1.1298230e+01 -1.1184660e+01 -1.1184471e+01 -1.1156458e+01 -5.0152953e+00 -5.0152196e+00 -1.3978750e+00 +1.2886815e+00 +1.2890798e+00 +2.4800905e+00 +3.4432684e+00 +3.4433477e+00 
-1.1713212e+01 -1.1566060e+01 -1.1565634e+01 -1.1452299e+01 -1.1452050e+01 -1.1416912e+01 -1.1299551e+01 -1.1183361e+01 -1.1183179e+01 -1.1164315e+01 -4.9994546e+00 -4.9993805e+00 -1.3677091e+00 +1.0580151e+00 +1.0583780e+00 +2.3880302e+00 +3.7370488e+00 +3.7371454e+00 
-1.1706758e+01 -1.1576655e+01 -1.1576178e+01 -1.1442675e+01 -1.1442502e+01 -1.1415392e+01 -1.1301231e+01 -1.1181737e+01 -1.1181561e+01 -1.1174263e+01 -4.9794524e+00 -4.9793803e+00 -1.3290455e+00 +8.2556317e-01 +8.2590182e-01 +2.2750117e+00 +4.0484781e+00 +4.0485929e+00 
-1.1698810e+01 -1.1587214e+01 -1.1586690e+01 -1.1433265e+01 -1.1433159e+01 -1.1413585e+01 -1.1303259e+01 -1.1186189e+01 -1.1179824e+01 -1.1179651e+01 -4.9555790e+00 -4.9555092e+00 -1.2819723e+00 +5.9750174e-01 +5.9782332e-01 +2.1443300e+00 +4.3697322e+00 +4.3698624e+00 
-1.1689353e+01 -1.1597486e+01 -1.1596922e+01 -1.1424300e+01 -1.1424232e+01 -1.1411527e+01 -1.1305619e+01 -1.1199950e+01 -1.1177665e+01 -1.1177492e+01 -4.9282079e+00 -4.9281408e+00 -1.2265937e+00 +3.7716923e-01 +3.7747846e-01 +1.9993818e+00 +4.6954317e+00 +4.6955745e+00 
-1.1678384e+01 -1.1607300e+01 -1.1606701e+01 -1.1415937e+01 -1.1415845e+01 -1.1409268e+01 -1.1308290e+01 -1.1215379e+01 -1.1175315e+01 -1.1175136e+01 -4.8978067e+00 -4.8977425e+00 -1.1630290e+00 +1.6666739e-01 +1.6696750e-01 +1.8434619e+00 +5.0210434e+00 +5.0211967e+00 
-1.1665914e+01 -1.1616526e+01 -1.1615895e+01 -1.1408250e+01 -1.1408109e+01 -1.1406876e+01 -1.1311251e+01 -1.1232270e+01 -1.1172833e+01 -1.1172644e+01 -4.8649490e+00 -4.8648879e+00 -1.0914106e+00 -3.2451019e-02 -3.2157767e-02 +1.6796151e+00 +5.3422089e+00 +5.3423710e+00 
-1.1651972e+01 -1.1625064e+01 -1.1624407e+01 -1.1404483e+01 -1.1401278e+01 -1.1401075e+01 -1.1314475e+01 -1.1250372e+01 -1.1170285e+01 -1.1170082e+01 -4.8303262e+00 -4.8302684e+00 -1.0118824e+00 -2.1885677e-01 -2.1856871e-01 +1.5105471e+00 +5.6544536e+00 +5.6546232e+00 
-1.1636609e+01 -1.1632838e+01 -1.1632157e+01 -1.1402236e+01 -1.1395059e+01 -1.1394802e+01 -1.1317932e+01 -1.1269358e+01 -1.1167743e+01 -1.1167524e+01 -4.7947572e+00 -4.7947028e+00 -9.2459873e-01 -3.9127750e-01 -3.9099341e-01 +1.3385867e+00 +5.9530804e+00 +5.9532563e+00 
-1.1639790e+01 -1.1639088e+01 -1.1619888e+01 -1.1400459e+01 -1.1389601e+01 -1.1389295e+01 -1.1321588e+01 -1.1288761e+01 -1.1165280e+01 -1.1165044e+01 -4.7591931e+00 -4.7591422e+00 -8.2972285e-01 -5.4841115e-01 -5.4813008e-01 +1.1656871e+00 +6.2331716e+00 +6.2333531e+00 
-1.1645872e+01 -1.1645153e+01 -1.1601909e+01 -1.1399736e+01 -1.1384907e+01 -1.1384556e+01 -1.1325403e+01 -1.1307834e+01 -1.1162969e+01 -1.1162715e+01 -4.7247115e+00 -4.7246642e+00 -7.2742655e-01 -6.8888803e-01 -6.8860925e-01 +9.9345368e-01 +6.4896692e+00 +6.4898555e+00 
-1.1651054e+01 -1.1650320e+01 -1.1582781e+01 -1.1401208e+01 -1.1380968e+01 -1.1380580e+01 -1.1329332e+01 -1.1325272e+01 -1.1160879e+01 -1.1160609e+01 -4.6924957e+00 -4.6924520e+00 -8.1127066e-01 -8.1099360e-01 -6.1789007e-01 +8.2318591e-01 +6.7175169e+00 +6.7177071e+00 
-1.1655312e+01 -1.1654566e+01 -1.1562643e+01 -1.1406787e+01 -1.1377774e+01 -1.1377354e+01 -1.1339010e+01 -1.1333302e+01 -1.1159073e+01 -1.1158790e+01 -4.6637917e+00 -4.6637514e+00 -9.1408852e-01 -9.1381272e-01 -5.0130307e-01 +6.5592512e-01 +6.9118517e+00 +6.9120452e+00 
-1.1658633e+01 -1.1657879e+01 -1.1541664e+01 -1.1418176e+01 -1.1375309e+01 -1.1374864e+01 -1.1347164e+01 -1.1337260e+01 -1.1157608e+01 -1.1157313e+01 -4.6398389e+00 -4.6398016e+00 -9.9590699e-01 -9.9563209e-01 -3.7786671e-01 +4.9250182e-01 +7.0682304e+00 +7.0684264e+00 
-1.1661009e+01 -1.1660248e+01 -1.1520052e+01 -1.1434831e+01 -1.1373559e+01 -1.1373097e+01 -1.1350129e+01 -1.1341093e+01 -1.1156528e+01 -1.1156225e+01 -4.6217756e+00 -4.6217408e+00 -1.0554260e+00 -1.0551517e+00 -2.4779717e-01 +3.3357889e-01 +7.1828689e+00 +7.1830667e+00 
-1.1662436e+01 -1.1661671e+01 -1.1498072e+01 -1.1454690e+01 -1.1372515e+01 -1.1372042e+01 -1.1349811e+01 -1.1344651e+01 -1.1155866e+01 -1.1155558e+01 -4.6105293e+00 -4.6104962e+00 -1.0915964e+00 -1.0913225e+00 -1.1133123e-01 +1.7968904e-01 +7.2528696e+00 +7.2530685e+00 
-1.1662912e+01 -1.1662146e+01 -1.1476338e+01 -1.1475851e+01 -1.1372167e+01 -1.1371691e+01 -1.1347913e+01 -1.1347498e+01 -1.1155643e+01 -1.1155334e+01 -4.6067096e+00 -4.6066771e+00 -1.1037328e+00 -1.1034589e+00 +3.1194578e-02 +3.1337078e-02 +7.2764105e+00 +7.2766098e+00 
