# num high symmetry points
12
# label high symmetry points
G M K G A L H A L M K H 
# indices high symmetry points
1 52 81 140 152 203 232 291 292 304 305 317 
# nk, nb, ns
317 16 1
# k-points (frac coords)
+0.0000000e+00 +0.0000000e+00 +0.0000000e+00 
+9.8039216e-03 +0.0000000e+00 +0.0000000e+00 
+1.9607843e-02 +0.0000000e+00 +0.0000000e+00 
+2.9411765e-02 +0.0000000e+00 +0.0000000e+00 
+3.9215686e-02 +0.0000000e+00 +0.0000000e+00 
+4.9019608e-02 +0.0000000e+00 +0.0000000e+00 
+5.8823529e-02 +0.0000000e+00 +0.0000000e+00 
+6.8627451e-02 +0.0000000e+00 +0.0000000e+00 
+7.8431373e-02 +0.0000000e+00 +0.0000000e+00 
+8.8235294e-02 +0.0000000e+00 +0.0000000e+00 
+9.8039216e-02 +0.0000000e+00 +0.0000000e+00 
+1.0784314e-01 +0.0000000e+00 +0.0000000e+00 
+1.1764706e-01 +0.0000000e+00 +0.0000000e+00 
+1.2745098e-01 +0.0000000e+00 +0.0000000e+00 
+1.3725490e-01 +0.0000000e+00 +0.0000000e+00 
+1.4705882e-01 +0.0000000e+00 +0.0000000e+00 
+1.5686275e-01 +0.0000000e+00 +0.0000000e+00 
+1.6666667e-01 +0.0000000e+00 +0.0000000e+00 
+1.7647059e-01 +0.0000000e+00 +0.0000000e+00 
+1.8627451e-01 +0.0000000e+00 +0.0000000e+00 
+1.9607843e-01 +0.0000000e+00 +0.0000000e+00 
+2.0588235e-01 +0.0000000e+00 +0.0000000e+00 
+2.1568627e-01 +0.0000000e+00 +0.0000000e+00 
+2.2549020e-01 +0.0000000e+00 +0.0000000e+00 
+2.3529412e-01 +0.0000000e+00 +0.0000000e+00 
+2.4509804e-01 +0.0000000e+00 +0.0000000e+00 
+2.5490196e-01 +0.0000000e+00 +0.0000000e+00 
+2.6470588e-01 +0.0000000e+00 +0.0000000e+00 
+2.7450980e-01 +0.0000000e+00 +0.0000000e+00 
+2.8431373e-01 +0.0000000e+00 +0.0000000e+00 
+2.9411765e-01 +0.0000000e+00 +0.0000000e+00 
+3.0392157e-01 +0.0000000e+00 +0.0000000e+00 
+3.1372549e-01 +0.0000000e+00 +0.0000000e+00 
+3.2352941e-01 +0.0000000e+00 +0.0000000e+00 
+3.3333333e-01 +0.0000000e+00 +0.0000000e+00 
+3.4313725e-01 +0.0000000e+00 +0.0000000e+00 
+3.5294118e-01 +0.0000000e+00 +0.0000000e+00 
+3.6274510e-01 +0.0000000e+00 +0.0000000e+00 
+3.7254902e-01 +0.0000000e+00 +0.0000000e+00 
+3.8235294e-01 +0.0000000e+00 +0.0000000e+00 
+3.9215686e-01 +0.0000000e+00 +0.0000000e+00 
+4.0196078e-01 +0.0000000e+00 +0.0000000e+00 
+4.1176471e-01 +0.0000000e+00 +0.0000000e+00 
+4.2156863e-01 +0.0000000e+00 +0.0000000e+00 
+4.3137255e-01 +0.0000000e+00 +0.0000000e+00 
+4.4117647e-01 +0.0000000e+00 +0.0000000e+00 
+4.5098039e-01 +0.0000000e+00 +0.0000000e+00 
+4.6078431e-01 +0.0000000e+00 +0.0000000e+00 
+4.7058824e-01 +0.0000000e+00 +0.0000000e+00 
+4.8039216e-01 +0.0000000e+00 +0.0000000e+00 
+4.9019608e-01 +0.0000000e+00 +0.0000000e+00 
+5.0000000e-01 +0.0000000e+00 +0.0000000e+00 
+4.9425287e-01 +1.1494253e-02 +0.0000000e+00 
+4.8850575e-01 +2.2988506e-02 +0.0000000e+00 
+4.8275862e-01 +3.4482759e-02 +0.0000000e+00 
+4.7701149e-01 +4.5977011e-02 +0.0000000e+00 
+4.7126437e-01 +5.7471264e-02 +0.0000000e+00 
+4.6551724e-01 +6.8965517e-02 +0.0000000e+00 
+4.5977011e-01 +8.0459770e-02 +0.0000000e+00 
+4.5402299e-01 +9.1954023e-02 +0.0000000e+00 
+4.4827586e-01 +1.0344828e-01 +0.0000000e+00 
+4.4252874e-01 +1.1494253e-01 +0.0000000e+00 
+4.3678161e-01 +1.2643678e-01 +0.0000000e+00 
+4.3103448e-01 +1.3793103e-01 +0.0000000e+00 
+4.2528736e-01 +1.4942529e-01 +0.0000000e+00 
+4.1954023e-01 +1.6091954e-01 +0.0000000e+00 
+4.1379310e-01 +1.7241379e-01 +0.0000000e+00 
+4.0804598e-01 +1.8390805e-01 +0.0000000e+00 
+4.0229885e-01 +1.9540230e-01 +0.0000000e+00 
+3.9655172e-01 +2.0689655e-01 +0.0000000e+00 
+3.9080460e-01 +2.1839080e-01 +0.0000000e+00 
+3.8505747e-01 +2.2988506e-01 +0.0000000e+00 
+3.7931034e-01 +2.4137931e-01 +0.0000000e+00 
+3.7356322e-01 +2.5287356e-01 +0.0000000e+00 
+3.6781609e-01 +2.6436782e-01 +0.0000000e+00 
+3.6206897e-01 +2.7586207e-01 +0.0000000e+00 
+3.5632184e-01 +2.8735632e-01 +0.0000000e+00 
+3.5057471e-01 +2.9885057e-01 +0.0000000e+00 
+3.4482759e-01 +3.1034483e-01 +0.0000000e+00 
+3.3908046e-01 +3.2183908e-01 +0.0000000e+00 
+3.3333333e-01 +3.3333333e-01 +0.0000000e+00 
+3.2768362e-01 +3.2768362e-01 +0.0000000e+00 
+3.2203390e-01 +3.2203390e-01 +0.0000000e+00 
+3.1638418e-01 +3.1638418e-01 +0.0000000e+00 
+3.1073446e-01 +3.1073446e-01 +0.0000000e+00 
+3.0508475e-01 +3.0508475e-01 +0.0000000e+00 
+2.9943503e-01 +2.9943503e-01 +0.0000000e+00 
+2.9378531e-01 +2.9378531e-01 +0.0000000e+00 
+2.8813559e-01 +2.8813559e-01 +0.0000000e+00 
+2.8248588e-01 +2.8248588e-01 +0.0000000e+00 
+2.7683616e-01 +2.7683616e-01 +0.0000000e+00 
+2.7118644e-01 +2.7118644e-01 +0.0000000e+00 
+2.6553672e-01 +2.6553672e-01 +0.0000000e+00 
+2.5988701e-01 +2.5988701e-01 +0.0000000e+00 
+2.5423729e-01 +2.5423729e-01 +0.0000000e+00 
+2.4858757e-01 +2.4858757e-01 +0.0000000e+00 
+2.4293785e-01 +2.4293785e-01 +0.0000000e+00 
+2.3728814e-01 +2.3728814e-01 +0.0000000e+00 
+2.3163842e-01 +2.3163842e-01 +0.0000000e+00 
+2.2598870e-01 +2.2598870e-01 +0.0000000e+00 
+2.2033898e-01 +2.2033898e-01 +0.0000000e+00 
+2.1468927e-01 +2.1468927e-01 +0.0000000e+00 
+2.0903955e-01 +2.0903955e-01 +0.0000000e+00 
+2.0338983e-01 +2.0338983e-01 +0.0000000e+00 
+1.9774011e-01 +1.9774011e-01 +0.0000000e+00 
+1.9209040e-01 +1.9209040e-01 +0.0000000e+00 
+1.8644068e-01 +1.8644068e-01 +0.0000000e+00 
+1.8079096e-01 +1.8079096e-01 +0.0000000e+00 
+1.7514124e-01 +1.7514124e-01 +0.0000000e+00 
+1.6949153e-01 +1.6949153e-01 +0.0000000e+00 
+1.6384181e-01 +1.6384181e-01 +0.0000000e+00 
+1.5819209e-01 +1.5819209e-01 +0.0000000e+00 
+1.5254237e-01 +1.5254237e-01 +0.0000000e+00 
+1.4689266e-01 +1.4689266e-01 +0.0000000e+00 
+1.4124294e-01 +1.4124294e-01 +0.0000000e+00 
+1.3559322e-01 +1.3559322e-01 +0.0000000e+00 
+1.2994350e-01 +1.2994350e-01 +0.0000000e+00 
+1.2429379e-01 +1.2429379e-01 +0.0000000e+00 
+1.1864407e-01 +1.1864407e-01 +0.0000000e+00 
+1.1299435e-01 +1.1299435e-01 +0.0000000e+00 
+1.0734463e-01 +1.0734463e-01 +0.0000000e+00 
+1.0169492e-01 +1.0169492e-01 +0.0000000e+00 
+9.6045198e-02 +9.6045198e-02 +0.0000000e+00 
+9.0395480e-02 +9.0395480e-02 +0.0000000e+00 
+8.4745763e-02 +8.4745763e-02 +0.0000000e+00 
+7.9096045e-02 +7.9096045e-02 +0.0000000e+00 
+7.3446328e-02 +7.3446328e-02 +0.0000000e+00 
+6.7796610e-02 +6.7796610e-02 +0.0000000e+00 
+6.2146893e-02 +6.2146893e-02 +0.0000000e+00 
+5.6497175e-02 +5.6497175e-02 +0.0000000e+00 
+5.0847458e-02 +5.0847458e-02 +0.0000000e+00 
+4.5197740e-02 +4.5197740e-02 +0.0000000e+00 
+3.9548023e-02 +3.9548023e-02 +0.0000000e+00 
+3.3898305e-02 +3.3898305e-02 +0.0000000e+00 
+2.8248588e-02 +2.8248588e-02 +0.0000000e+00 
+2.2598870e-02 +2.2598870e-02 +0.0000000e+00 
+1.6949153e-02 +1.6949153e-02 +0.0000000e+00 
+1.1299435e-02 +1.1299435e-02 +0.0000000e+00 
+5.6497175e-03 +5.6497175e-03 +0.0000000e+00 
+0.0000000e+00 +0.0000000e+00 +0.0000000e+00 
+0.0000000e+00 +0.0000000e+00 +4.1666667e-02 
+0.0000000e+00 +0.0000000e+00 +8.3333333e-02 
+0.0000000e+00 +0.0000000e+00 +1.2500000e-01 
+0.0000000e+00 +0.0000000e+00 +1.6666667e-01 
+0.0000000e+00 +0.0000000e+00 +2.0833333e-01 
+0.0000000e+00 +0.0000000e+00 +2.5000000e-01 
+0.0000000e+00 +0.0000000e+00 +2.9166667e-01 
+0.0000000e+00 +0.0000000e+00 +3.3333333e-01 
+0.0000000e+00 +0.0000000e+00 +3.7500000e-01 
+0.0000000e+00 +0.0000000e+00 +4.1666667e-01 
+0.0000000e+00 +0.0000000e+00 +4.5833333e-01 
+0.0000000e+00 +0.0000000e+00 +5.0000000e-01 
+9.8039216e-03 +0.0000000e+00 +5.0000000e-01 
+1.9607843e-02 +0.0000000e+00 +5.0000000e-01 
+2.9411765e-02 +0.0000000e+00 +5.0000000e-01 
+3.9215686e-02 +0.0000000e+00 +5.0000000e-01 
+4.9019608e-02 +0.0000000e+00 +5.0000000e-01 
+5.8823529e-02 +0.0000000e+00 +5.0000000e-01 
+6.8627451e-02 +0.0000000e+00 +5.0000000e-01 
+7.8431373e-02 +0.0000000e+00 +5.0000000e-01 
+8.8235294e-02 +0.0000000e+00 +5.0000000e-01 
+9.8039216e-02 +0.0000000e+00 +5.0000000e-01 
+1.0784314e-01 +0.0000000e+00 +5.0000000e-01 
+1.1764706e-01 +0.0000000e+00 +5.0000000e-01 
+1.2745098e-01 +0.0000000e+00 +5.0000000e-01 
+1.3725490e-01 +0.0000000e+00 +5.0000000e-01 
+1.4705882e-01 +0.0000000e+00 +5.0000000e-01 
+1.5686275e-01 +0.0000000e+00 +5.0000000e-01 
+1.6666667e-01 +0.0000000e+00 +5.0000000e-01 
+1.7647059e-01 +0.0000000e+00 +5.0000000e-01 
+1.8627451e-01 +0.0000000e+00 +5.0000000e-01 
+1.9607843e-01 +0.0000000e+00 +5.0000000e-01 
+2.0588235e-01 +0.0000000e+00 +5.0000000e-01 
+2.1568627e-01 +0.0000000e+00 +5.0000000e-01 
+2.2549020e-01 +0.0000000e+00 +5.0000000e-01 
+2.3529412e-01 +0.0000000e+00 +5.0000000e-01 
+2.4509804e-01 +0.0000000e+00 +5.0000000e-01 
+2.5490196e-01 +0.0000000e+00 +5.0000000e-01 
+2.6470588e-01 +0.0000000e+00 +5.0000000e-01 
+2.7450980e-01 +0.0000000e+00 +5.0000000e-01 
+2.8431373e-01 +0.0000000e+00 +5.0000000e-01 
+2.9411765e-01 +0.0000000e+00 +5.0000000e-01 
+3.0392157e-01 +0.0000000e+00 +5.0000000e-01 
+3.1372549e-01 +0.0000000e+00 +5.0000000e-01 
+3.2352941e-01 +0.0000000e+00 +5.0000000e-01 
+3.3333333e-01 +0.0000000e+00 +5.0000000e-01 
+3.4313725e-01 +0.0000000e+00 +5.0000000e-01 
+3.5294118e-01 +0.0000000e+00 +5.0000000e-01 
+3.6274510e-01 +0.0000000e+00 +5.0000000e-01 
+3.7254902e-01 +0.0000000e+00 +5.0000000e-01 
+3.8235294e-01 +0.0000000e+00 +5.0000000e-01 
+3.9215686e-01 +0.0000000e+00 +5.0000000e-01 
+4.0196078e-01 +0.0000000e+00 +5.0000000e-01 
+4.1176471e-01 +0.0000000e+00 +5.0000000e-01 
+4.2156863e-01 +0.0000000e+00 +5.0000000e-01 
+4.3137255e-01 +0.0000000e+00 +5.0000000e-01 
+4.4117647e-01 +0.0000000e+00 +5.0000000e-01 
+4.5098039e-01 +0.0000000e+00 +5.0000000e-01 
+4.6078431e-01 +0.0000000e+00 +5.0000000e-01 
+4.7058824e-01 +0.0000000e+00 +5.0000000e-01 
+4.8039216e-01 +0.0000000e+00 +5.0000000e-01 
+4.9019608e-01 +0.0000000e+00 +5.0000000e-01 
+5.0000000e-01 +0.0000000e+00 +5.0000000e-01 
+4.9425287e-01 +1.1494253e-02 +5.0000000e-01 
+4.8850575e-01 +2.2988506e-02 +5.0000000e-01 
+4.8275862e-01 +3.4482759e-02 +5.0000000e-01 
+4.7701149e-01 +4.5977011e-02 +5.0000000e-01 
+4.7126437e-01 +5.7471264e-02 +5.0000000e-01 
+4.6551724e-01 +6.8965517e-02 +5.0000000e-01 
+4.5977011e-01 +8.0459770e-02 +5.0000000e-01 
+4.5402299e-01 +9.1954023e-02 +5.0000000e-01 
+4.4827586e-01 +1.0344828e-01 +5.0000000e-01 
+4.4252874e-01 +1.1494253e-01 +5.0000000e-01 
+4.3678161e-01 +1.2643678e-01 +5.0000000e-01 
+4.3103448e-01 +1.3793103e-01 +5.0000000e-01 
+4.2528736e-01 +1.4942529e-01 +5.0000000e-01 
+4.1954023e-01 +1.6091954e-01 +5.0000000e-01 
+4.1379310e-01 +1.7241379e-01 +5.0000000e-01 
+4.0804598e-01 +1.8390805e-01 +5.0000000e-01 
+4.0229885e-01 +1.9540230e-01 +5.0000000e-01 
+3.9655172e-01 +2.0689655e-01 +5.0000000e-01 
+3.9080460e-01 +2.1839080e-01 +5.0000000e-01 
+3.8505747e-01 +2.2988506e-01 +5.0000000e-01 
+3.7931034e-01 +2.4137931e-01 +5.0000000e-01 
+3.7356322e-01 +2.5287356e-01 +5.0000000e-01 
+3.6781609e-01 +2.6436782e-01 +5.0000000e-01 
+3.6206897e-01 +2.7586207e-01 +5.0000000e-01 
+3.5632184e-01 +2.8735632e-01 +5.0000000e-01 
+3.5057471e-01 +2.9885057e-01 +5.0000000e-01 
+3.4482759e-01 +3.1034483e-01 +5.0000000e-01 
+3.3908046e-01 +3.2183908e-01 +5.0000000e-01 
+3.3333333e-01 +3.3333333e-01 +5.0000000e-01 
+3.2768362e-01 +3.2768362e-01 +5.0000000e-01 
+3.2203390e-01 +3.2203390e-01 +5.0000000e-01 
+3.1638418e-01 +3.1638418e-01 +5.0000000e-01 
+3.1073446e-01 +3.1073446e-01 +5.0000000e-01 
+3.0508475e-01 +3.0508475e-01 +5.0000000e-01 
+2.9943503e-01 +2.9943503e-01 +5.0000000e-01 
+2.9378531e-01 +2.9378531e-01 +5.0000000e-01 
+2.8813559e-01 +2.8813559e-01 +5.0000000e-01 
+2.8248588e-01 +2.8248588e-01 +5.0000000e-01 
+2.7683616e-01 +2.7683616e-01 +5.0000000e-01 
+2.7118644e-01 +2.7118644e-01 +5.0000000e-01 
+2.6553672e-01 +2.6553672e-01 +5.0000000e-01 
+2.5988701e-01 +2.5988701e-01 +5.0000000e-01 
+2.5423729e-01 +2.5423729e-01 +5.0000000e-01 
+2.4858757e-01 +2.4858757e-01 +5.0000000e-01 
+2.4293785e-01 +2.4293785e-01 +5.0000000e-01 
+2.3728814e-01 +2.3728814e-01 +5.0000000e-01 
+2.3163842e-01 +2.3163842e-01 +5.0000000e-01 
+2.2598870e-01 +2.2598870e-01 +5.0000000e-01 
+2.2033898e-01 +2.2033898e-01 +5.0000000e-01 
+2.1468927e-01 +2.1468927e-01 +5.0000000e-01 
+2.0903955e-01 +2.0903955e-01 +5.0000000e-01 
+2.0338983e-01 +2.0338983e-01 +5.0000000e-01 
+1.9774011e-01 +1.9774011e-01 +5.0000000e-01 
+1.9209040e-01 +1.9209040e-01 +5.0000000e-01 
+1.8644068e-01 +1.8644068e-01 +5.0000000e-01 
+1.8079096e-01 +1.8079096e-01 +5.0000000e-01 
+1.7514124e-01 +1.7514124e-01 +5.0000000e-01 
+1.6949153e-01 +1.6949153e-01 +5.0000000e-01 
+1.6384181e-01 +1.6384181e-01 +5.0000000e-01 
+1.5819209e-01 +1.5819209e-01 +5.0000000e-01 
+1.5254237e-01 +1.5254237e-01 +5.0000000e-01 
+1.4689266e-01 +1.4689266e-01 +5.0000000e-01 
+1.4124294e-01 +1.4124294e-01 +5.0000000e-01 
+1.3559322e-01 +1.3559322e-01 +5.0000000e-01 
+1.2994350e-01 +1.2994350e-01 +5.0000000e-01 
+1.2429379e-01 +1.2429379e-01 +5.0000000e-01 
+1.1864407e-01 +1.1864407e-01 +5.0000000e-01 
+1.1299435e-01 +1.1299435e-01 +5.0000000e-01 
+1.0734463e-01 +1.0734463e-01 +5.0000000e-01 
+1.0169492e-01 +1.0169492e-01 +5.0000000e-01 
+9.6045198e-02 +9.6045198e-02 +5.0000000e-01 
+9.0395480e-02 +9.0395480e-02 +5.0000000e-01 
+8.4745763e-02 +8.4745763e-02 +5.0000000e-01 
+7.9096045e-02 +7.9096045e-02 +5.0000000e-01 
+7.3446328e-02 +7.3446328e-02 +5.0000000e-01 
+6.7796610e-02 +6.7796610e-02 +5.0000000e-01 
+6.2146893e-02 +6.2146893e-02 +5.0000000e-01 
+5.6497175e-02 +5.6497175e-02 +5.0000000e-01 
+5.0847458e-02 +5.0847458e-02 +5.0000000e-01 
+4.5197740e-02 +4.5197740e-02 +5.0000000e-01 
+3.9548023e-02 +3.9548023e-02 +5.0000000e-01 
+3.3898305e-02 +3.3898305e-02 +5.0000000e-01 
+2.8248588e-02 +2.8248588e-02 +5.0000000e-01 
+2.2598870e-02 +2.2598870e-02 +5.0000000e-01 
+1.6949153e-02 +1.6949153e-02 +5.0000000e-01 
+1.1299435e-02 +1.1299435e-02 +5.0000000e-01 
+5.6497175e-03 +5.6497175e-03 +5.0000000e-01 
+0.0000000e+00 +0.0000000e+00 +5.0000000e-01 
+5.0000000e-01 +0.0000000e+00 +5.0000000e-01 
+5.0000000e-01 +0.0000000e+00 +4.5833333e-01 
+5.0000000e-01 +0.0000000e+00 +4.1666667e-01 
+5.0000000e-01 +0.0000000e+00 +3.7500000e-01 
+5.0000000e-01 +0.0000000e+00 +3.3333333e-01 
+5.0000000e-01 +0.0000000e+00 +2.9166667e-01 
+5.0000000e-01 +0.0000000e+00 +2.5000000e-01 
+5.0000000e-01 +0.0000000e+00 +2.0833333e-01 
+5.0000000e-01 +0.0000000e+00 +1.6666667e-01 
+5.0000000e-01 +0.0000000e+00 +1.2500000e-01 
+5.0000000e-01 +0.0000000e+00 +8.3333333e-02 
+5.0000000e-01 +0.0000000e+00 +4.1666667e-02 
+5.0000000e-01 +0.0000000e+00 +0.0000000e+00 
+3.3333333e-01 +3.3333333e-01 +0.0000000e+00 
+3.3333333e-01 +3.3333333e-01 +4.1666667e-02 
+3.3333333e-01 +3.3333333e-01 +8.3333333e-02 
+3.3333333e-01 +3.3333333e-01 +1.2500000e-01 
+3.3333333e-01 +3.3333333e-01 +1.6666667e-01 
+3.3333333e-01 +3.3333333e-01 +2.0833333e-01 
+3.3333333e-01 +3.3333333e-01 +2.5000000e-01 
+3.3333333e-01 +3.3333333e-01 +2.9166667e-01 
+3.3333333e-01 +3.3333333e-01 +3.3333333e-01 
+3.3333333e-01 +3.3333333e-01 +3.7500000e-01 
+3.3333333e-01 +3.3333333e-01 +4.1666667e-01 
+3.3333333e-01 +3.3333333e-01 +4.5833333e-01 
+3.3333333e-01 +3.3333333e-01 +5.0000000e-01 
# energies (kpt,band,spin)
# spin = 1
-1.8754003e+01 -1.8705268e+01 -5.8050802e+00 -5.6155984e+00 -3.7719834e+00 -3.7715211e+00 -3.7685834e+00 -3.7681216e+00 +9.4214500e+00 +9.4222683e+00 +9.4235277e+00 +9.4243464e+00 +1.1148907e+01 +1.1159094e+01 +1.4426304e+01 +1.4436061e+01 
-1.8751554e+01 -1.8702835e+01 -5.8029807e+00 -5.6136592e+00 -3.7803641e+00 -3.7769823e+00 -3.7766497e+00 -3.7732451e+00 +9.4270125e+00 +9.4286460e+00 +9.4325084e+00 +9.4345847e+00 +1.1143224e+01 +1.1153423e+01 +1.4430226e+01 +1.4439940e+01 
-1.8744210e+01 -1.8695540e+01 -5.7966826e+00 -5.6078410e+00 -3.8064217e+00 -3.8030909e+00 -3.7909804e+00 -3.7875583e+00 +9.4430178e+00 +9.4434008e+00 +9.4636850e+00 +9.4657627e+00 +1.1126190e+01 +1.1136424e+01 +1.4442029e+01 +1.4451618e+01 
-1.8731974e+01 -1.8683385e+01 -5.7861866e+00 -5.5981429e+00 -3.8495869e+00 -3.8463410e+00 -3.8146589e+00 -3.8112094e+00 +9.4674711e+00 +9.4694414e+00 +9.5154349e+00 +9.5175121e+00 +1.1097844e+01 +1.1108139e+01 +1.4461837e+01 +1.4471218e+01 
-1.8714852e+01 -1.8666378e+01 -5.7714944e+00 -5.5845630e+00 -3.9094499e+00 -3.9063202e+00 -3.8474101e+00 -3.8439230e+00 +9.5005511e+00 +9.5055498e+00 +9.5873997e+00 +9.5894745e+00 +1.1058256e+01 +1.1068641e+01 +1.4489845e+01 +1.4498939e+01 
-1.8692854e+01 -1.8644528e+01 -5.7526080e+00 -5.5670987e+00 -3.9854652e+00 -3.9824790e+00 -3.8888543e+00 -3.8853202e+00 +9.5418748e+00 +9.5506783e+00 +9.6791059e+00 +9.6811750e+00 +1.1007520e+01 +1.1018029e+01 +1.4526327e+01 +1.4535052e+01 
-1.8665989e+01 -1.8617848e+01 -5.7295300e+00 -5.5457467e+00 -4.0769653e+00 -4.0741437e+00 -3.9385254e+00 -3.9349354e+00 +9.5906043e+00 +9.6039074e+00 +9.7899682e+00 +9.7920269e+00 +1.0945756e+01 +1.0956429e+01 +1.4571618e+01 +1.4579893e+01 
-1.8634274e+01 -1.8586354e+01 -5.7022638e+00 -5.5205030e+00 -4.1831810e+00 -4.1805358e+00 -3.9958858e+00 -3.9922319e+00 +9.6457732e+00 +9.6641787e+00 +9.9193027e+00 +9.9213451e+00 +1.0873106e+01 +1.0883995e+01 +1.4626111e+01 +1.4633849e+01 
-1.8597723e+01 -1.8550062e+01 -5.6708129e+00 -5.4913626e+00 -4.3032642e+00 -4.3007937e+00 -4.0603418e+00 -4.0566167e+00 +9.7063215e+00 +9.7303263e+00 +1.0066342e+01 +1.0068361e+01 +1.0789738e+01 +1.0800905e+01 +1.4690244e+01 +1.4697345e+01 
-1.8556357e+01 -1.8508995e+01 -5.6351818e+00 -5.4583197e+00 -4.4363088e+00 -4.4339950e+00 -4.1312595e+00 -4.1274565e+00 +9.7711297e+00 +9.8011117e+00 +1.0230250e+01 +1.0232238e+01 +1.0695839e+01 +1.0707363e+01 +1.4764482e+01 +1.4770829e+01 
-1.8510199e+01 -1.8463178e+01 -5.5953753e+00 -5.4213678e+00 -4.5813721e+00 -4.5791766e+00 -4.2079795e+00 -4.2040925e+00 +9.8390531e+00 +9.8752603e+00 +1.0410137e+01 +1.0412087e+01 +1.0591616e+01 +1.0603594e+01 +1.4849300e+01 +1.4854753e+01 
-1.8459273e+01 -1.8412637e+01 -5.5513986e+00 -5.3804995e+00 -4.7374926e+00 -4.7353543e+00 -4.2898308e+00 -4.2858541e+00 +9.9089566e+00 +9.9514990e+00 +1.0477296e+01 +1.0489846e+01 +1.0605071e+01 +1.0606975e+01 +1.4945161e+01 +1.4949555e+01 
-1.8403608e+01 -1.8357403e+01 -5.5032576e+00 -5.3357064e+00 -4.9037053e+00 -4.9015401e+00 -4.3761425e+00 -4.3720708e+00 +9.9797463e+00 +1.0028591e+01 +1.0353123e+01 +1.0366384e+01 +1.0814091e+01 +1.0815943e+01 +1.5052486e+01 +1.5055643e+01 
-1.8343237e+01 -1.8297512e+01 -5.4509588e+00 -5.2869796e+00 -5.0790545e+00 -5.0767578e+00 -4.4662540e+00 -4.4620821e+00 +1.0050398e+01 +1.0105372e+01 +1.0219358e+01 +1.0233492e+01 +1.1036215e+01 +1.1038013e+01 +1.5171593e+01 +1.5173414e+01 
-1.8278194e+01 -1.8233000e+01 -5.3945090e+00 -5.2626035e+00 -5.2600545e+00 -5.2343091e+00 -4.5595231e+00 -4.5552462e+00 +1.0076279e+01 +1.0091467e+01 +1.0119981e+01 +1.0180774e+01 +1.1270448e+01 +1.1272192e+01 +1.5302280e+01 +1.5303634e+01 
-1.8208517e+01 -1.8163909e+01 -5.4534446e+00 -5.4505095e+00 -5.3339159e+00 -5.1776845e+00 -4.6553327e+00 -4.6509459e+00 +9.9241777e+00 +9.9406206e+00 +1.0187679e+01 +1.0253854e+01 +1.1515790e+01 +1.1517483e+01 +1.5444103e+01 +1.5447112e+01 
-1.8134251e+01 -1.8090286e+01 -5.6507060e+00 -5.6472397e+00 -5.2691879e+00 -5.1170949e+00 -4.7530949e+00 -4.7485934e+00 +9.7633631e+00 +9.7812751e+00 +1.0252799e+01 +1.0323809e+01 +1.1771237e+01 +1.1772888e+01 +1.5597809e+01 +1.5603255e+01 
-1.8055440e+01 -1.8012177e+01 -5.8535573e+00 -5.8494046e+00 -5.2003344e+00 -5.0525290e+00 -4.8522545e+00 -4.8476337e+00 +9.5941568e+00 +9.6137628e+00 +1.0314780e+01 +1.0389986e+01 +1.2035783e+01 +1.2037407e+01 +1.5763519e+01 +1.5771857e+01 
-1.7972135e+01 -1.7929639e+01 -6.0612124e+00 -6.0562098e+00 -5.1273657e+00 -4.9839754e+00 -4.9522909e+00 -4.9475460e+00 +9.4168942e+00 +9.4384255e+00 +1.0373190e+01 +1.0451885e+01 +1.2308427e+01 +1.2310045e+01 +1.5941093e+01 +1.5952728e+01 
-1.7884391e+01 -1.7842727e+01 -6.2729310e+00 -6.2669098e+00 -5.0527187e+00 -5.0502937e+00 -5.0478453e+00 -4.9114233e+00 +9.2319237e+00 +9.2556136e+00 +1.0427724e+01 +1.0509151e+01 +1.2588170e+01 +1.2589807e+01 +1.6130255e+01 +1.6145570e+01 
-1.7792266e+01 -1.7751504e+01 -6.4880190e+00 -6.4808093e+00 -5.1530879e+00 -5.1480816e+00 -4.9691320e+00 -4.8348627e+00 +9.0396062e+00 +9.0656860e+00 +1.0478188e+01 +1.0561567e+01 +1.2874016e+01 +1.2875698e+01 +1.6330615e+01 +1.6349966e+01 
-1.7695826e+01 -1.7656036e+01 -6.7058294e+00 -6.6972644e+00 -5.2529835e+00 -5.2478398e+00 -4.8838964e+00 -4.7542848e+00 +8.8403152e+00 +8.8690103e+00 +1.0524491e+01 +1.0609039e+01 +1.3164970e+01 +1.3166727e+01 +1.6541680e+01 +1.6565382e+01 
-1.7595137e+01 -1.7556396e+01 -6.9257610e+00 -6.9156823e+00 -5.3520237e+00 -5.3467387e+00 -4.7946057e+00 -4.6696833e+00 +8.6344368e+00 +8.6659632e+00 +1.0566627e+01 +1.0651577e+01 +1.3460043e+01 +1.3461899e+01 +1.6762859e+01 +1.6791180e+01 
-1.7490274e+01 -1.7452659e+01 -7.1472586e+00 -7.1355206e+00 -5.4498592e+00 -5.4444291e+00 -4.7012824e+00 -4.5810554e+00 +8.4223709e+00 +8.4569309e+00 +1.0604659e+01 +1.0689277e+01 +1.3758242e+01 +1.3760220e+01 +1.6993475e+01 +1.7026625e+01 
-1.7381317e+01 -1.7344906e+01 -7.3698118e+00 -7.3562860e+00 -5.5461712e+00 -5.5405925e+00 -4.6039536e+00 -4.4884024e+00 +8.2045316e+00 +8.2423110e+00 +1.0638707e+01 +1.0722306e+01 +1.4058576e+01 +1.4060694e+01 +1.7232770e+01 +1.7270894e+01 
-1.7268349e+01 -1.7233226e+01 -7.5929540e+00 -7.5775329e+00 -5.6406695e+00 -5.6349390e+00 -4.5026524e+00 -4.3917320e+00 +7.9813490e+00 +8.0225127e+00 +1.0668933e+01 +1.0750881e+01 +1.4360052e+01 +1.4362320e+01 +1.7479915e+01 +1.7523086e+01 
-1.7151463e+01 -1.7117712e+01 -7.8162607e+00 -7.7988614e+00 -5.7330909e+00 -5.7272059e+00 -4.3974194e+00 -4.2910600e+00 +7.7532709e+00 +7.7979600e+00 +1.0695527e+01 +1.0775258e+01 +1.4661672e+01 +1.4664097e+01 +1.7734009e+01 +1.7782228e+01 
-1.7030756e+01 -1.6998461e+01 -8.0393480e+00 -8.0199148e+00 -5.8231970e+00 -5.8171554e+00 -4.2883049e+00 -4.1864126e+00 +7.5207651e+00 +7.5690931e+00 +1.0718704e+01 +1.0795720e+01 +1.4962436e+01 +1.4965020e+01 +1.7994087e+01 +1.8047279e+01 
-1.6906334e+01 -1.6875581e+01 -8.2618706e+00 -8.2403770e+00 -5.9107726e+00 -5.9045727e+00 -4.1753709e+00 -4.0778291e+00 +7.2843220e+00 +7.3363716e+00 +1.0738688e+01 +1.0812566e+01 +1.5261341e+01 +1.5264080e+01 +1.8259122e+01 +1.8317133e+01 
-1.6778307e+01 -1.6749184e+01 -8.4835193e+00 -8.4599696e+00 -5.9956239e+00 -5.9892647e+00 -4.0586947e+00 -3.9653660e+00 +7.0444583e+00 +7.1002778e+00 +1.0755713e+01 +1.0826103e+01 +1.5557379e+01 +1.5560266e+01 +1.8528025e+01 +1.8590621e+01 
-1.6646799e+01 -1.6619391e+01 -8.7040183e+00 -8.6784481e+00 -6.0775764e+00 -6.0710576e+00 -3.9383721e+00 -3.8491009e+00 +6.8017201e+00 +6.8613211e+00 +1.0770012e+01 +1.0836639e+01 +1.5849542e+01 +1.5852566e+01 +1.8799645e+01 +1.8866517e+01 
-1.6511939e+01 -1.6486333e+01 -8.9231221e+00 -8.8955981e+00 -6.1564738e+00 -6.1497958e+00 -3.8145224e+00 -3.7291378e+00 +6.5566882e+00 +6.6200425e+00 +1.0781820e+01 +1.0844482e+01 +1.6136821e+01 +1.6139966e+01 +1.9072772e+01 +1.9143533e+01 
-1.6373870e+01 -1.6350148e+01 -9.1406115e+00 -9.1112309e+00 -6.2321762e+00 -6.2253401e+00 -3.6872939e+00 -3.6056140e+00 +6.3099831e+00 +6.3770204e+00 +1.0791367e+01 +1.0849934e+01 +1.6418209e+01 +1.6421456e+01 +1.9346138e+01 +1.9420326e+01 
-1.6232746e+01 -1.6210988e+01 -9.3562891e+00 -9.3251784e+00 -6.3045586e+00 -6.2975661e+00 -3.5568710e+00 -3.4787074e+00 +6.0622716e+00 +6.1328778e+00 +1.0798877e+01 +1.0853287e+01 +1.6692702e+01 +1.6696031e+01 +1.9618418e+01 +1.9695497e+01 
-1.6088735e+01 -1.6069019e+01 -9.5699744e+00 -9.5372876e+00 -6.3735095e+00 -6.3663634e+00 -3.4234828e+00 -3.3486464e+00 +5.8142746e+00 +5.8882904e+00 +1.0804566e+01 +1.0854826e+01 +1.6959305e+01 +1.6962691e+01 +1.9888236e+01 +1.9967602e+01 
-1.5942026e+01 -1.5924423e+01 -9.7814974e+00 -9.7474132e+00 -6.4389300e+00 -6.4316337e+00 -3.2874139e+00 -3.2157218e+00 +5.5667769e+00 +5.6439964e+00 +1.0808645e+01 +1.0854823e+01 +1.7217032e+01 +1.7220449e+01 +2.0154168e+01 +2.0235152e+01 
-1.5792830e+01 -1.5777402e+01 -9.9906908e+00 -9.9554104e+00 -6.5007322e+00 -6.4932899e+00 -3.1490174e+00 -3.0803011e+00 +5.3206383e+00 +5.4008091e+00 +1.0811314e+01 +1.0853540e+01 +1.7464914e+01 +1.7468334e+01 +2.0414747e+01 +2.0496622e+01 
-1.5641384e+01 -1.5628188e+01 -1.0197381e+01 -1.0161125e+01 -6.5588386e+00 -6.5512554e+00 -3.0087310e+00 -2.9428459e+00 +5.0768083e+00 +5.1596313e+00 +1.0812765e+01 +1.0851225e+01 +1.7701999e+01 +1.7705393e+01 +2.0668475e+01 +2.0750463e+01 
-1.5487965e+01 -1.5477045e+01 -1.0401375e+01 -1.0364380e+01 -6.6131806e+00 -6.6054623e+00 -2.8670971e+00 -2.8039335e+00 +4.8363438e+00 +4.9214737e+00 +1.0813178e+01 +1.0848113e+01 +1.7927362e+01 +1.7930700e+01 +2.0913834e+01 +2.0995114e+01 
-1.5332902e+01 -1.5324287e+01 -1.0602444e+01 -1.0564961e+01 -6.6636982e+00 -6.6558514e+00 -2.7247866e+00 -2.6642828e+00 +4.6004299e+00 +4.6874770e+00 +1.0812727e+01 +1.0844426e+01 +1.8140106e+01 +1.8143357e+01 +2.1149292e+01 +2.1229013e+01 
-1.5176590e+01 -1.5170291e+01 -1.0800305e+01 -1.0762595e+01 -6.7103388e+00 -6.7023708e+00 -2.5826284e+00 -2.5247849e+00 +4.3704063e+00 +4.4589389e+00 +1.0811572e+01 +1.0840370e+01 +1.8339369e+01 +1.8342503e+01 +2.1373323e+01 +2.1450615e+01 
-1.5019526e+01 -1.5015530e+01 -1.0994582e+01 -1.0956915e+01 -6.7530564e+00 -6.7449752e+00 -2.4416433e+00 -2.3865389e+00 +4.1477976e+00 +4.2373455e+00 +1.0809867e+01 +1.0836135e+01 +1.8524332e+01 +1.8527319e+01 +2.1584422e+01 +2.1658411e+01 
-1.4862347e+01 -1.4860606e+01 -1.1184768e+01 -1.1147419e+01 -6.7918113e+00 -6.7836255e+00 -2.3030831e+00 -2.2508919e+00 +3.9343469e+00 +4.0244084e+00 +1.0807757e+01 +1.0831892e+01 +1.8694219e+01 +1.8697032e+01 +2.1781119e+01 +2.1850942e+01 
-1.4706374e+01 -1.4705851e+01 -1.1370147e+01 -1.1333402e+01 -6.8265692e+00 -6.8182881e+00 -2.1684728e+00 -2.1194806e+00 +3.7320513e+00 +3.8221034e+00 +1.0805383e+01 +1.0827789e+01 +1.8848310e+01 +1.8850922e+01 +2.1961996e+01 +2.2026822e+01 
-1.4553829e+01 -1.4551315e+01 -1.1549690e+01 -1.1513841e+01 -6.8573008e+00 -6.8489343e+00 -2.0396507e+00 -1.9942679e+00 +3.5431920e+00 +3.6327089e+00 +1.0802881e+01 +1.0823951e+01 +1.8985940e+01 +1.8988328e+01 +2.2125709e+01 +2.2184755e+01 
-1.4404640e+01 -1.4400305e+01 -1.1721878e+01 -1.1687231e+01 -6.8839813e+00 -6.8755397e+00 -1.9187977e+00 -1.8775637e+00 +3.3703493e+00 +3.4588308e+00 +1.0800383e+01 +1.0820478e+01 +1.9106507e+01 +1.9108652e+01 +2.2271003e+01 +2.2323559e+01 
-1.4261100e+01 -1.4255274e+01 -1.1884424e+01 -1.1851305e+01 -6.9065901e+00 -6.8980842e+00 -1.8084401e+00 -1.7720119e+00 +3.2163854e+00 +3.3034017e+00 +1.0798017e+01 +1.0817444e+01 +1.9209480e+01 +1.9211367e+01 +2.2396728e+01 +2.2442184e+01 
-1.4126688e+01 -1.4119864e+01 -1.2033841e+01 -1.2002596e+01 -6.9251103e+00 -6.9165511e+00 -1.7114047e+00 -1.6805166e+00 +3.0843711e+00 +3.1696258e+00 +1.0795902e+01 +1.0814904e+01 +1.9294395e+01 +1.9296020e+01 +2.2501849e+01 +2.2539738e+01 
-1.4006652e+01 -1.3999540e+01 -1.2164850e+01 -1.2135814e+01 -6.9395284e+00 -6.9309275e+00 -1.6307007e+00 -1.6060769e+00 +2.9774347e+00 +3.0608405e+00 +1.0794141e+01 +1.0812896e+01 +1.9360867e+01 +1.9362236e+01 +2.2585445e+01 +2.2615516e+01 
-1.3908659e+01 -1.3902161e+01 -1.2269816e+01 -1.2243184e+01 -6.9498341e+00 -6.9412033e+00 -1.5693255e+00 -1.5514999e+00 +2.8985202e+00 +2.9802687e+00 +1.0792820e+01 +1.0811445e+01 +1.9408586e+01 +1.9409727e+01 +2.2646672e+01 +2.2669072e+01 
-1.3842750e+01 -1.3837633e+01 -1.2339056e+01 -1.2314526e+01 -6.9560204e+00 -6.9473716e+00 -1.5300922e+00 -1.5189118e+00 +2.8500765e+00 +2.9306640e+00 +1.0792002e+01 +1.0810568e+01 +1.9437320e+01 +1.9438293e+01 +2.2684581e+01 +2.2700413e+01 
-1.3819150e+01 -1.3814957e+01 -1.2363438e+01 -1.2339796e+01 -6.9580830e+00 -6.9494281e+00 -1.5161098e+00 -1.5085564e+00 +2.8337370e+00 +2.9139057e+00 +1.0791726e+01 +1.0810275e+01 +1.9446917e+01 +1.9447825e+01 +2.2697641e+01 +2.2710500e+01 
-1.3817281e+01 -1.3813071e+01 -1.2362180e+01 -1.2338543e+01 -6.9665549e+00 -6.9578048e+00 -1.5135458e+00 -1.5059531e+00 +2.8317908e+00 +2.9117198e+00 +1.0806208e+01 +1.0824632e+01 +1.9444192e+01 +1.9445057e+01 +2.2698535e+01 +2.2711272e+01 
-1.3811677e+01 -1.3807414e+01 -1.2358411e+01 -1.2334791e+01 -6.9918541e+00 -6.9828195e+00 -1.5058522e+00 -1.4981417e+00 +2.8259390e+00 +2.9051505e+00 +1.0849506e+01 +1.0867555e+01 +1.9436003e+01 +1.9436742e+01 +2.2701222e+01 +2.2713597e+01 
-1.3802338e+01 -1.3797987e+01 -1.2352149e+01 -1.2328557e+01 -7.0336349e+00 -7.0241302e+00 -1.4930247e+00 -1.4851179e+00 +2.8161424e+00 +2.8941634e+00 +1.0921174e+01 +1.0938599e+01 +1.9422307e+01 +1.9422850e+01 +2.2705715e+01 +2.2717505e+01 
-1.3789267e+01 -1.3784794e+01 -1.2343422e+01 -1.2319872e+01 -7.0913365e+00 -7.0811825e+00 -1.4750561e+00 -1.4668745e+00 +2.8023361e+00 +2.8787020e+00 +1.1020480e+01 +1.1037037e+01 +1.9403034e+01 +1.9403331e+01 +2.2712036e+01 +2.2723042e+01 
-1.3772468e+01 -1.3767840e+01 -1.2332273e+01 -1.2308781e+01 -7.1642038e+00 -7.1532305e+00 -1.4519364e+00 -1.4434016e+00 +2.7844309e+00 +2.8586884e+00 +1.1146431e+01 +1.1161879e+01 +1.9378095e+01 +1.9378124e+01 +2.2720209e+01 +2.2730264e+01 
-1.3751947e+01 -1.3747130e+01 -1.2318758e+01 -1.2295342e+01 -7.2513144e+00 -7.2393639e+00 -1.4236528e+00 -1.4146864e+00 +2.7623145e+00 +2.8340249e+00 +1.1297791e+01 +1.1311897e+01 +1.9347156e+01 +1.9347388e+01 +2.2730260e+01 +2.2739234e+01 
-1.3727710e+01 -1.3722671e+01 -1.2302950e+01 -1.2279631e+01 -7.3516081e+00 -7.3385379e+00 -1.3901897e+00 -1.3807137e+00 +2.7358531e+00 +2.8045956e+00 +1.1473112e+01 +1.1485648e+01 +1.9310353e+01 +1.9310805e+01 +2.2742205e+01 +2.2750012e+01 
-1.3699765e+01 -1.3694473e+01 -1.2284941e+01 -1.2261746e+01 -7.4639177e+00 -7.4496042e+00 -1.3515292e+00 -1.3414657e+00 +2.7048943e+00 +2.7702689e+00 +1.1670758e+01 +1.1681509e+01 +1.9267643e+01 +1.9268240e+01 +2.2756054e+01 +2.2762650e+01 
-1.3668122e+01 -1.3662545e+01 -1.2264846e+01 -1.2241806e+01 -7.5869983e+00 -7.5713403e+00 -1.3076508e+00 -1.2969226e+00 +2.6692692e+00 +2.7309000e+00 +1.1888935e+01 +1.1897696e+01 +1.9218963e+01 +1.9219598e+01 +2.2771797e+01 +2.2777181e+01 
-1.3632792e+01 -1.3626901e+01 -1.2242805e+01 -1.2219959e+01 -7.7195526e+00 -7.7024754e+00 -1.2585320e+00 -1.2470621e+00 +2.6287957e+00 +2.6863338e+00 +1.2125715e+01 +1.2132296e+01 +1.9164267e+01 +1.9164804e+01 +2.2789403e+01 +2.2793614e+01 
-1.3593788e+01 -1.3587554e+01 -1.2218993e+01 -1.2196388e+01 -7.8602521e+00 -7.8417112e+00 -1.2041478e+00 -1.1918605e+00 +2.5832820e+00 +2.6364084e+00 +1.2379054e+01 +1.2383282e+01 +1.9103528e+01 +1.9103808e+01 +2.2808815e+01 +2.2811929e+01 
-1.3551123e+01 -1.3544520e+01 -1.2193623e+01 -1.2171318e+01 -8.0077520e+00 -7.9877371e+00 -1.1444719e+00 -1.1312921e+00 +2.5325307e+00 +2.5809587e+00 +1.2646813e+01 +1.2648538e+01 +1.9036593e+01 +1.9036746e+01 +2.2829946e+01 +2.2832066e+01 
-1.3504816e+01 -1.3497817e+01 -1.2166961e+01 -1.2145027e+01 -8.1606987e+00 -8.1392385e+00 -1.0794760e+00 -1.0653304e+00 +2.4763426e+00 +2.5198208e+00 +1.2925868e+01 +1.2926771e+01 +1.8963177e+01 +1.8963947e+01 +2.2852674e+01 +2.2853927e+01 
-1.3454883e+01 -1.3447466e+01 -1.2139335e+01 -1.2117859e+01 -8.3177308e+00 -8.2948973e+00 -1.0091308e+00 -9.9394743e-01 +2.4145219e+00 +2.4528361e+00 +1.3213014e+01 +1.3216639e+01 +1.8883618e+01 +1.8885192e+01 +2.2876844e+01 +2.2877368e+01 
-1.3401344e+01 -1.3393487e+01 -1.2111150e+01 -1.2090243e+01 -8.4774715e+00 -8.4533848e+00 -9.3340599e-01 -9.1711513e-01 +2.3468805e+00 +2.3798561e+00 +1.3507660e+01 +1.3514066e+01 +1.8798013e+01 +1.8800571e+01 +2.2902204e+01 +2.2902261e+01 
-1.3344223e+01 -1.3335905e+01 -1.2082915e+01 -1.2062714e+01 -8.6385127e+00 -8.6133469e+00 -8.5227058e-01 -8.3480512e-01 +2.2732435e+00 +2.3007470e+00 +1.3807447e+01 +1.3816651e+01 +1.8706500e+01 +1.8710208e+01 +2.2928203e+01 +2.2928694e+01 
-1.3283542e+01 -1.3274746e+01 -1.2055267e+01 -1.2035941e+01 -8.7993898e+00 -8.7733791e+00 -7.6569363e-01 -7.4698944e-01 +2.1934543e+00 +2.2153948e+00 +1.4109981e+01 +1.4121954e+01 +1.8609253e+01 +1.8614260e+01 +2.2955087e+01 +2.2955875e+01 
-1.3219328e+01 -1.3210038e+01 -1.2029002e+01 -1.2010761e+01 -8.9585478e+00 -8.9319937e+00 -6.7364452e-01 -6.5364105e-01 +2.1073797e+00 +2.1237099e+00 +1.4412843e+01 +1.4427503e+01 +1.8506482e+01 +1.8512911e+01 +2.2982539e+01 +2.2983496e+01 
-1.3151607e+01 -1.3141810e+01 -1.2005120e+01 -1.1988225e+01 -9.1142991e+00 -9.0875777e+00 -5.7609355e-01 -5.5473438e-01 +2.0149152e+00 +2.0256320e+00 +1.4713598e+01 +1.4730808e+01 +1.8398431e+01 +1.8406379e+01 +2.3010199e+01 +2.3011216e+01 
-1.3080409e+01 -1.3070094e+01 -1.1984865e+01 -1.1969635e+01 -9.2647766e+00 -9.2383449e+00 -4.7301256e-01 -4.5024607e-01 +1.9159899e+00 +1.9211344e+00 +1.5009815e+01 +1.5029376e+01 +1.8285371e+01 +1.8294904e+01 +2.3037670e+01 +2.3038655e+01 
-1.3005764e+01 -1.2994924e+01 -1.1969769e+01 -1.1956588e+01 -9.4078909e+00 -9.3822900e+00 -3.6437568e-01 -3.4015564e-01 +1.8102279e+00 +1.8105715e+00 +1.5299078e+01 +1.5320729e+01 +1.8167601e+01 +1.8178752e+01 +2.3064517e+01 +2.3065402e+01 
-1.2927705e+01 -1.2916334e+01 -1.1961680e+01 -1.1950990e+01 -9.5413089e+00 -9.5171586e+00 -2.5016015e-01 -2.2444646e-01 +1.6929651e+00 +1.6986696e+00 +1.5579011e+01 +1.5602427e+01 +1.8045436e+01 +1.8058210e+01 +2.3090273e+01 +2.3091010e+01 
-1.2846264e+01 -1.2834360e+01 -1.1962735e+01 -1.1955022e+01 -9.6624828e+00 -9.6404587e+00 -1.3034744e-01 -1.0310684e-01 +1.5694423e+00 +1.5803405e+00 +1.5847294e+01 +1.5872086e+01 +1.7919214e+01 +1.7933584e+01 +2.3114440e+01 +2.3115005e+01 
-1.2761477e+01 -1.2749041e+01 -1.1975273e+01 -1.1971019e+01 -9.7687660e+00 -9.7495528e+00 -4.9248818e-03 +2.3868308e-02 +1.4398035e+00 +1.4556903e+00 +1.6101693e+01 +1.6127413e+01 +1.7789285e+01 +1.7805194e+01 +2.3136491e+01 +2.3136879e+01 
-1.2673380e+01 -1.2660416e+01 -1.2001618e+01 -1.2001231e+01 -9.8576450e+00 -9.8418609e+00 +1.2611147e-01 +1.5647448e-01 +1.3042426e+00 +1.3248785e+00 +1.6340086e+01 +1.6366227e+01 +1.7656009e+01 +1.7673377e+01 +2.3155872e+01 +2.3156097e+01 
-1.2582012e+01 -1.2568528e+01 -1.2047480e+01 -1.2043758e+01 -9.9270739e+00 -9.9151768e+00 +2.6274973e-01 +2.9469025e-01 +1.1630100e+00 +1.1881253e+00 +1.6560483e+01 +1.6586489e+01 +1.7519759e+01 +1.7538481e+01 +2.3172007e+01 +2.3172099e+01 
-1.2487421e+01 -1.2473430e+01 -1.2110804e+01 -1.2102972e+01 -9.9758206e+00 -9.9680274e+00 +4.0493654e-01 +4.3845061e-01 +1.0164361e+00 +1.0457375e+00 +1.6761051e+01 +1.6786321e+01 +1.7380924e+01 +1.7400878e+01 +2.3184297e+01 +2.3184301e+01 
-1.2389708e+01 -1.2375230e+01 -1.2191192e+01 -1.2179515e+01 -1.0003684e+01 -9.9999375e+00 +5.5240436e-01 +5.8746710e-01 +8.6510101e-01 +8.9828533e-01 +1.6940073e+01 +1.6963964e+01 +1.7239970e+01 +1.7261034e+01 +2.3192096e+01 +2.3192125e+01 
-1.2295698e+01 -1.2280924e+01 -1.2280920e+01 -1.2265742e+01 -1.0011473e+01 -1.0011470e+01 +6.8908541e-01 +7.2541568e-01 +7.2541807e-01 +7.6241012e-01 +1.7086059e+01 +1.7107354e+01 +1.7107361e+01 +1.7129946e+01 +2.3194861e+01 +2.3194861e+01 
-1.2397871e+01 -1.2380292e+01 -1.2185659e+01 -1.2170219e+01 -1.0004327e+01 -1.0001096e+01 +5.4806828e-01 +5.8782263e-01 +8.6469184e-01 +9.0288756e-01 +1.6954439e+01 +1.6977070e+01 +1.7227279e+01 +1.7246677e+01 +2.3191944e+01 +2.3192038e+01 
-1.2519135e+01 -1.2499630e+01 -1.2080419e+01 -1.2064564e+01 -9.9806560e+00 -9.9747070e+00 +3.8663015e-01 +4.2921066e-01 +1.0259509e+00 +1.0655748e+00 +1.6811443e+01 +1.6834689e+01 +1.7333428e+01 +1.7349572e+01 +2.3182867e+01 +2.3183121e+01 
-1.2650576e+01 -1.2629847e+01 -1.1972115e+01 -1.1955868e+01 -9.9424179e+00 -9.9342693e+00 +2.2147944e-01 +2.6654388e-01 +1.1928714e+00 +1.2338859e+00 +1.6667518e+01 +1.6691192e+01 +1.7415098e+01 +1.7427397e+01 +2.3167008e+01 +2.3167487e+01 
-1.2790227e+01 -1.2768918e+01 -1.1860844e+01 -1.1844235e+01 -9.8915005e+00 -9.8816311e+00 +5.3330980e-02 +1.0055907e-01 +1.3651299e+00 +1.4074748e+00 +1.6523084e+01 +1.6547016e+01 +1.7471853e+01 +1.7479733e+01 +2.3143746e+01 +2.3144512e+01 
-1.2936401e+01 -1.2915079e+01 -1.1746646e+01 -1.1729710e+01 -9.8295930e+00 -9.8184229e+00 -1.1729814e-01 -6.8207436e-02 +1.5426007e+00 +1.5862024e+00 +1.6378469e+01 +1.6402495e+01 +1.7503600e+01 +1.7506525e+01 +2.3112470e+01 +2.3113576e+01 
-1.3087670e+01 -1.3066828e+01 -1.1629552e+01 -1.1612328e+01 -9.7581398e+00 -9.7460274e+00 -2.8991905e-01 -2.3924321e-01 +1.7251796e+00 +1.7699527e+00 +1.6233977e+01 +1.6257936e+01 +1.7507998e+01 +1.7510519e+01 +2.3072577e+01 +2.3074072e+01 
-1.3242854e+01 -1.3222908e+01 -1.1509585e+01 -1.1492116e+01 -9.6783446e+00 -9.6655907e+00 -4.6405166e-01 -4.1203971e-01 +1.9127576e+00 +1.9586055e+00 +1.6089888e+01 +1.6113631e+01 +1.7484640e+01 +1.7493037e+01 +2.3023484e+01 +2.3025406e+01 
-1.3400979e+01 -1.3382279e+01 -1.1386769e+01 -1.1369100e+01 -9.5911967e+00 -9.5780524e+00 -6.3922386e-01 -5.8609183e-01 +2.1052139e+00 +2.1520297e+00 +1.5946466e+01 +1.5969853e+01 +1.7437177e+01 +1.7451820e+01 +2.2964634e+01 +2.2967011e+01 
-1.3561246e+01 -1.3544086e+01 -1.1261123e+01 -1.1243304e+01 -9.4975066e+00 -9.4841810e+00 -8.1497461e-01 -7.6090173e-01 +2.3024132e+00 +2.3500797e+00 +1.5803957e+01 +1.5826858e+01 +1.7366553e+01 +1.7387742e+01 +2.2895500e+01 +2.2898349e+01 
-1.3722996e+01 -1.3707616e+01 -1.1132664e+01 -1.1114746e+01 -9.3979397e+00 -9.3846074e+00 -9.9085767e-01 -9.3598337e-01 +2.5042037e+00 +2.5525950e+00 +1.5662584e+01 +1.5684881e+01 +1.7273903e+01 +1.7301868e+01 +2.2815595e+01 +2.2818920e+01 
-1.3885679e+01 -1.3872275e+01 -1.1001407e+01 -1.0983445e+01 -9.2930470e+00 -9.2798537e+00 -1.1664453e+00 -1.1108672e+00 +2.7104168e+00 +2.7593983e+00 +1.5522549e+01 +1.5544138e+01 +1.7160525e+01 +1.7195424e+01 +2.2724477e+01 +2.2728273e+01 
-1.4048831e+01 -1.4037560e+01 -1.0867363e+01 -1.0849414e+01 -9.1832901e+00 -9.1703577e+00 -1.3413315e+00 -1.2851041e+00 +2.9208655e+00 +2.9702958e+00 +1.5384031e+01 +1.5404820e+01 +1.7027848e+01 +1.7069768e+01 +2.2621761e+01 +2.2626009e+01 
-1.4212054e+01 -1.4203041e+01 -1.0730542e+01 -1.0712666e+01 -9.0690618e+00 -9.0564920e+00 -1.5151343e+00 -1.4582693e+00 +3.1353448e+00 +3.1850765e+00 +1.5247185e+01 +1.5267097e+01 +1.6877406e+01 +1.6926364e+01 +2.2507120e+01 +2.2511792e+01 
-1.4375003e+01 -1.4368341e+01 -1.0590954e+01 -1.0573211e+01 -8.9507027e+00 -8.9385797e+00 -1.6874978e+00 -1.6299648e+00 +3.3536309e+00 +3.4035119e+00 +1.5112139e+01 +1.5131112e+01 +1.6710802e+01 +1.6766750e+01 +2.2380298e+01 +2.2385356e+01 
-1.4537373e+01 -1.4533128e+01 -1.0448604e+01 -1.0431057e+01 -8.8285138e+00 -8.8169064e+00 -1.8580936e+00 -1.7998217e+00 +3.5754813e+00 +3.6253562e+00 +1.4978994e+01 +1.4996978e+01 +1.6529684e+01 +1.6592510e+01 +2.2241115e+01 +2.2246512e+01 
-1.4698890e+01 -1.4697106e+01 -1.0303499e+01 -1.0286210e+01 -8.7027673e+00 -8.6917306e+00 -2.0266209e+00 -1.9675013e+00 +3.8006343e+00 +3.8503462e+00 +1.4847823e+01 +1.4864782e+01 +1.6335715e+01 +1.6405248e+01 +2.2089473e+01 +2.2095156e+01 
-1.4860005e+01 -1.4859306e+01 -1.0155644e+01 -1.0138675e+01 -8.5737142e+00 -8.5632906e+00 -2.1928069e+00 -2.1326965e+00 +4.0288099e+00 +4.0782018e+00 +1.4718671e+01 +1.4734580e+01 +1.6130549e+01 +1.6206566e+01 +2.1925365e+01 +2.1931274e+01 
-1.5021578e+01 -1.5018392e+01 -1.0005045e+01 -9.9884571e+00 -8.4415915e+00 -8.4318116e+00 -2.3564061e+00 -2.2951311e+00 +4.2597093e+00 +4.3086257e+00 +1.4591549e+01 +1.4606397e+01 +1.5915811e+01 +1.5998039e+01 +2.1748877e+01 +2.1754949e+01 
-1.5181595e+01 -1.5175935e+01 -9.8517092e+00 -9.8355629e+00 -8.3066268e+00 -8.2975101e+00 -2.5171996e+00 -2.4545596e+00 +4.4930160e+00 +4.5413048e+00 +1.4466439e+01 +1.4480224e+01 +1.5693076e+01 +1.5781199e+01 +2.1560195e+01 +2.1566364e+01 
-1.5339843e+01 -1.5331735e+01 -9.6956454e+00 -9.6799990e+00 -8.1690424e+00 -8.1605984e+00 -2.6749934e+00 -2.6107665e+00 +4.7283957e+00 +4.7759098e+00 +1.4343286e+01 +1.4356016e+01 +1.5463857e+01 +1.5557517e+01 +2.1359609e+01 +2.1365811e+01 
-1.5496121e+01 -1.5485605e+01 -9.5368666e+00 -9.5217755e+00 -8.0290592e+00 -8.0212873e+00 -2.8296173e+00 -2.7635646e+00 +4.9654979e+00 +5.0120966e+00 +1.4222003e+01 +1.4233694e+01 +1.5229589e+01 +1.5328393e+01 +2.1147515e+01 +2.1153686e+01 
-1.5650238e+01 -1.5637365e+01 -9.3753902e+00 -9.3609062e+00 -7.8868990e+00 -7.8797895e+00 -2.9809229e+00 -2.9127935e+00 +5.2039557e+00 +5.2495066e+00 +1.4102464e+01 +1.4113139e+01 +1.4991625e+01 +1.5095149e+01 +2.0924421e+01 +2.0930499e+01 
-1.5802017e+01 -1.5786845e+01 -9.2112398e+00 -9.1974107e+00 -7.7427863e+00 -7.7363210e+00 -3.1287821e+00 -3.0583177e+00 +5.4433876e+00 +5.4877680e+00 +1.3984506e+01 +1.3994196e+01 +1.4751226e+01 +1.4859014e+01 +2.0690943e+01 +2.0696871e+01 
-1.5951285e+01 -1.5933883e+01 -9.0444472e+00 -9.0313156e+00 -7.5969506e+00 -7.5911035e+00 -3.2730846e+00 -3.2000246e+00 +5.6833981e+00 +5.7264964e+00 +1.3867927e+01 +1.3876663e+01 +1.4509557e+01 +1.4621132e+01 +2.0447809e+01 +2.0453536e+01 
-1.6097881e+01 -1.6078322e+01 -8.8750538e+00 -8.8626567e+00 -7.4496271e+00 -7.4443652e+00 -3.4137367e+00 -3.3378222e+00 +5.9235792e+00 +5.9652957e+00 +1.3752480e+01 +1.3760301e+01 +1.4267689e+01 +1.4382548e+01 +2.0195857e+01 +2.0201337e+01 
-1.6241651e+01 -1.6220013e+01 -8.7031127e+00 -8.6914809e+00 -7.3010581e+00 -7.2963422e+00 -3.5506590e+00 -3.4716372e+00 +6.1635112e+00 +6.2037599e+00 +1.3637877e+01 +1.3644822e+01 +1.4026599e+01 +1.4144219e+01 +1.9936039e+01 +1.9941233e+01 
-1.6382447e+01 -1.6358814e+01 -8.5286912e+00 -8.5178484e+00 -7.1514933e+00 -7.1472793e+00 -3.6837847e+00 -3.6014127e+00 +6.4027646e+00 +6.4414732e+00 +1.3523781e+01 +1.3529891e+01 +1.3787170e+01 +1.3907009e+01 +1.9669410e+01 +1.9674286e+01 
-1.6520131e+01 -1.6494588e+01 -8.3518725e+00 -8.3418352e+00 -7.0011910e+00 -6.9974303e+00 -3.8130580e+00 -3.7271063e+00 +6.6409012e+00 +6.6780123e+00 +1.3409811e+01 +1.3415126e+01 +1.3550195e+01 +1.3671696e+01 +1.9397135e+01 +1.9401668e+01 
-1.6654569e+01 -1.6627205e+01 -8.1727588e+00 -8.1635356e+00 -6.8504175e+00 -6.8470589e+00 -3.9384326e+00 -3.8486880e+00 +6.8774753e+00 +6.9129466e+00 +1.3295533e+01 +1.3300094e+01 +1.3316385e+01 +1.3438976e+01 +1.9120479e+01 +1.9124651e+01 
-1.6785636e+01 -1.6756539e+01 -7.9914736e+00 -7.9830650e+00 -6.6994484e+00 -6.6964386e+00 -4.0598700e+00 -3.9661383e+00 +7.1120357e+00 +7.1458401e+00 +1.3086366e+01 +1.3180466e+01 +1.3184319e+01 +1.3209468e+01 +1.8840806e+01 +1.8844603e+01 
-1.6913212e+01 -1.6882472e+01 -7.8081644e+00 -7.8005626e+00 -6.5485677e+00 -6.5458531e+00 -4.1773387e+00 -4.0794467e+00 +7.3441268e+00 +7.3762526e+00 +1.2860701e+01 +1.2983717e+01 +1.3064084e+01 +1.3067264e+01 +1.8559570e+01 +1.8562983e+01 
-1.7037185e+01 -1.7004891e+01 -7.6230061e+00 -7.6161946e+00 -6.3980689e+00 -6.3955960e+00 -4.2908125e+00 -4.1886101e+00 +7.5732904e+00 +7.6037405e+00 +1.2639878e+01 +1.2762213e+01 +1.2945810e+01 +1.2948359e+01 +1.8278309e+01 +1.8281332e+01 
-1.7157446e+01 -1.7123688e+01 -7.4362032e+00 -7.4301575e+00 -6.2482541e+00 -6.2459713e+00 -4.4002699e+00 -4.2936314e+00 +7.7990669e+00 +7.8278587e+00 +1.2424328e+01 +1.2545380e+01 +1.2825036e+01 +1.2826994e+01 +1.7998627e+01 +1.8001257e+01 
-1.7273896e+01 -1.7238761e+01 -7.2479940e+00 -7.2426812e+00 -6.0994350e+00 -6.0972931e+00 -4.5056933e+00 -4.3945181e+00 +8.0209971e+00 +8.0481616e+00 +1.2214428e+01 +1.2333596e+01 +1.2701129e+01 +1.2702535e+01 +1.7722187e+01 +1.7724418e+01 
-1.7386440e+01 -1.7350013e+01 -7.0586530e+00 -7.0540325e+00 -5.9519321e+00 -5.9498855e+00 -4.6070678e+00 -4.4912816e+00 +8.2386236e+00 +8.2642043e+00 +1.2010507e+01 +1.2127196e+01 +1.2573451e+01 +1.2574347e+01 +1.7450677e+01 +1.7452504e+01 
-1.7494988e+01 -1.7457352e+01 -6.8684950e+00 -6.8645188e+00 -5.8060755e+00 -5.8040826e+00 -4.7043809e+00 -4.5839357e+00 +8.4514922e+00 +8.4755443e+00 +1.1812854e+01 +1.1926479e+01 +1.2441388e+01 +1.2441815e+01 +1.7185787e+01 +1.7187201e+01 
-1.7599456e+01 -1.7560693e+01 -6.6778782e+00 -6.6744916e+00 -5.6622045e+00 -5.6602287e+00 -4.7976220e+00 -4.6724963e+00 +8.6591535e+00 +8.6817421e+00 +1.1621725e+01 +1.1731715e+01 +1.2304383e+01 +1.2304386e+01 +1.6929171e+01 +1.6930156e+01 
-1.7699766e+01 -1.7659955e+01 -6.4872081e+00 -6.4843504e+00 -5.5206682e+00 -5.5186778e+00 -4.8867817e+00 -4.7569806e+00 +8.8611643e+00 +8.8823636e+00 +1.1437346e+01 +1.1543152e+01 +1.2161609e+01 +1.2161982e+01 +1.6682395e+01 +1.6682933e+01 
-1.7795846e+01 -1.7755061e+01 -6.2969406e+00 -6.2945464e+00 -5.3818251e+00 -5.3797938e+00 -4.9718518e+00 -4.8374061e+00 +9.0570891e+00 +9.0769801e+00 +1.1259920e+01 +1.1361020e+01 +1.2013185e+01 +1.2013888e+01 +1.6446892e+01 +1.6446958e+01 
-1.7887625e+01 -1.7845940e+01 -6.1075863e+00 -6.1055861e+00 -5.2460437e+00 -5.2439503e+00 -5.0528248e+00 -4.9137909e+00 +9.2465011e+00 +9.2651709e+00 +1.1089632e+01 +1.1185540e+01 +1.1859024e+01 +1.1860007e+01 +1.6223472e+01 +1.6223907e+01 
-1.7975042e+01 -1.7932526e+01 -5.9197132e+00 -5.9180348e+00 -5.1296937e+00 -5.1137019e+00 -5.1115303e+00 -4.9861525e+00 +9.4289842e+00 +9.4465237e+00 +1.0926655e+01 +1.1016927e+01 +1.1699288e+01 +1.1700503e+01 +1.6013480e+01 +1.6014449e+01 
-1.8058036e+01 -1.8014756e+01 -5.7339504e+00 -5.7325202e+00 -5.2024520e+00 -5.0545082e+00 -4.9851874e+00 -4.9829259e+00 +9.6041337e+00 +9.6206365e+00 +1.0771152e+01 +1.0855394e+01 +1.1534435e+01 +1.1535834e+01 +1.5817715e+01 +1.5819251e+01 
-1.8136554e+01 -1.8092572e+01 -5.5509905e+00 -5.5497349e+00 -5.2710932e+00 -5.1188744e+00 -4.8608964e+00 -4.8585379e+00 +9.7715582e+00 +9.7871187e+00 +1.0623280e+01 +1.0701156e+01 +1.1365234e+01 +1.1366776e+01 +1.5636620e+01 +1.5638756e+01 
-1.8210545e+01 -1.8165922e+01 -5.3715919e+00 -5.3704385e+00 -5.3356114e+00 -5.1792667e+00 -4.7412338e+00 -4.7387743e+00 +9.9308803e+00 +9.9455923e+00 +1.0483197e+01 +1.0554437e+01 +1.1192772e+01 +1.1194417e+01 +1.5470348e+01 +1.5473112e+01 
-1.8279962e+01 -1.8234756e+01 -5.3960005e+00 -5.2356996e+00 -5.1965793e+00 -5.1954587e+00 -4.6266110e+00 -4.6240498e+00 +1.0081738e+01 +1.0095694e+01 +1.0351056e+01 +1.0415464e+01 +1.1018425e+01 +1.1020143e+01 +1.5318785e+01 +1.5322201e+01 
-1.8344764e+01 -1.8299028e+01 -5.4522548e+00 -5.2881866e+00 -5.0268438e+00 -5.0256911e+00 -4.5174449e+00 -4.5147834e+00 +1.0223787e+01 +1.0227016e+01 +1.0237075e+01 +1.0284475e+01 +1.0843827e+01 +1.0845593e+01 +1.5181591e+01 +1.5185673e+01 
-1.8404912e+01 -1.8358697e+01 -5.5043686e+00 -5.3367401e+00 -4.8633400e+00 -4.8620962e+00 -4.4141553e+00 -4.4113967e+00 +1.0111237e+01 +1.0161718e+01 +1.0356699e+01 +1.0369404e+01 +1.0670809e+01 +1.0672607e+01 +1.5058252e+01 +1.5063005e+01 
-1.8460370e+01 -1.8413725e+01 -5.5523365e+00 -5.3813712e+00 -4.7070818e+00 -4.7056950e+00 -4.3171618e+00 -4.3143106e+00 +1.0003881e+01 +1.0047447e+01 +1.0480167e+01 +1.0492368e+01 +1.0501347e+01 +1.0503168e+01 +1.4948132e+01 +1.4953552e+01 
-1.8511106e+01 -1.8464079e+01 -5.5961532e+00 -5.4220901e+00 -4.5591336e+00 -4.5575611e+00 -4.2268803e+00 -4.2239420e+00 +9.9051151e+00 +9.9419235e+00 +1.0337499e+01 +1.0339339e+01 +1.0593903e+01 +1.0605674e+01 +1.4850529e+01 +1.4856599e+01 
-1.8557093e+01 -1.8509726e+01 -5.6358136e+00 -5.4589058e+00 -4.4205995e+00 -4.4188083e+00 -4.1437188e+00 -4.1406994e+00 +9.8151044e+00 +9.8454116e+00 +1.0181353e+01 +1.0183212e+01 +1.0697639e+01 +1.0709048e+01 +1.4764719e+01 +1.4771413e+01 
-1.8598305e+01 -1.8550640e+01 -5.6713131e+00 -5.4918262e+00 -4.2926071e+00 -4.2905751e+00 -4.0680724e+00 -4.0649783e+00 +9.7340146e+00 +9.7581749e+00 +1.0034972e+01 +1.0036854e+01 +1.0791132e+01 +1.0802239e+01 +1.4689994e+01 +1.4697276e+01 
-1.8634720e+01 -1.8586797e+01 -5.7026472e+00 -5.5208582e+00 -4.1762870e+00 -4.1740038e+00 -4.0003173e+00 -3.9971556e+00 +9.6620075e+00 +9.6804716e+00 +9.9003520e+00 +9.9022608e+00 +1.0874159e+01 +1.0885019e+01 +1.4625687e+01 +1.4633512e+01 
-1.8666318e+01 -1.8618174e+01 -5.7298120e+00 -5.5460078e+00 -4.0727480e+00 -4.0702152e+00 -3.9408057e+00 -3.9375837e+00 +9.5992379e+00 +9.6125492e+00 +9.7793774e+00 +9.7813169e+00 +1.0946523e+01 +1.0957184e+01 +1.4571196e+01 +1.4579509e+01 
-1.8693082e+01 -1.8644755e+01 -5.7528039e+00 -5.5672800e+00 -3.9830482e+00 -3.9802793e+00 -3.8898590e+00 -3.8865846e+00 +9.5458505e+00 +9.5546385e+00 +9.6737833e+00 +9.6757557e+00 +1.1008051e+01 +1.1018555e+01 +1.4525989e+01 +1.4534729e+01 
-1.8714998e+01 -1.8666523e+01 -5.7716199e+00 -5.5846790e+00 -3.9081626e+00 -3.9051825e+00 -3.8477621e+00 -3.8444439e+00 +9.5019756e+00 +9.5069476e+00 +9.5851179e+00 +9.5871228e+00 +1.1058596e+01 +1.1068979e+01 +1.4489614e+01 +1.4498713e+01 
-1.8732056e+01 -1.8683467e+01 -5.7862572e+00 -5.5982081e+00 -3.8489498e+00 -3.8457939e+00 -3.8147573e+00 -3.8114044e+00 +9.4677262e+00 +9.4696565e+00 +9.5147069e+00 +9.5167412e+00 +1.1098035e+01 +1.1108330e+01 +1.4461703e+01 +1.4471086e+01 
-1.8744247e+01 -1.8695576e+01 -5.7967139e+00 -5.6078700e+00 -3.8061190e+00 -3.8028318e+00 -3.7910385e+00 -3.7876614e+00 +9.4429114e+00 +9.4431941e+00 +9.4636211e+00 +9.4656787e+00 +1.1126275e+01 +1.1136508e+01 +1.4441970e+01 +1.4451559e+01 
-1.8751563e+01 -1.8702844e+01 -5.8029886e+00 -5.6136664e+00 -3.7802001e+00 -3.7769302e+00 -3.7766516e+00 -3.7733585e+00 +9.4268204e+00 +9.4284468e+00 +9.4326481e+00 +9.4347204e+00 +1.1143245e+01 +1.1153444e+01 +1.4430211e+01 +1.4439926e+01 
-1.8754003e+01 -1.8705268e+01 -5.8050802e+00 -5.6155984e+00 -3.7719834e+00 -3.7715211e+00 -3.7685834e+00 -3.7681216e+00 +9.4214500e+00 +9.4222683e+00 +9.4235277e+00 +9.4243464e+00 +1.1148907e+01 +1.1159094e+01 +1.4426304e+01 +1.4436061e+01 
-1.8753796e+01 -1.8705477e+01 -5.8043349e+00 -5.6164832e+00 -3.7719688e+00 -3.7715066e+00 -3.7685979e+00 -3.7681361e+00 +9.4214588e+00 +9.4222772e+00 +9.4235188e+00 +9.4243375e+00 +1.1148951e+01 +1.1159051e+01 +1.4426346e+01 +1.4436020e+01 
-1.8753178e+01 -1.8706103e+01 -5.8021088e+00 -5.6191180e+00 -3.7719254e+00 -3.7714632e+00 -3.7686413e+00 -3.7681795e+00 +9.4214853e+00 +9.4223037e+00 +9.4234923e+00 +9.4243110e+00 +1.1149080e+01 +1.1158920e+01 +1.4426471e+01 +1.4435895e+01 
-1.8752159e+01 -1.8707133e+01 -5.7984313e+00 -5.6234451e+00 -3.7718538e+00 -3.7713916e+00 -3.7687127e+00 -3.7682509e+00 +9.4215290e+00 +9.4223474e+00 +9.4234486e+00 +9.4242673e+00 +1.1149294e+01 +1.1158706e+01 +1.4426676e+01 +1.4435690e+01 
-1.8750758e+01 -1.8708551e+01 -5.7933516e+00 -5.6293710e+00 -3.7717554e+00 -3.7712932e+00 -3.7688109e+00 -3.7683491e+00 +9.4215891e+00 +9.4224075e+00 +9.4233885e+00 +9.4242071e+00 +1.1149588e+01 +1.1158411e+01 +1.4426959e+01 +1.4435408e+01 
-1.8748996e+01 -1.8710330e+01 -5.7869381e+00 -5.6367688e+00 -3.7716318e+00 -3.7711696e+00 -3.7689344e+00 -3.7684725e+00 +9.4216645e+00 +9.4224829e+00 +9.4233129e+00 +9.4241316e+00 +1.1149958e+01 +1.1158040e+01 +1.4427313e+01 +1.4435054e+01 
-1.8746904e+01 -1.8712442e+01 -5.7792788e+00 -5.6454832e+00 -3.7714850e+00 -3.7710229e+00 -3.7690809e+00 -3.7686190e+00 +9.4217541e+00 +9.4225725e+00 +9.4232233e+00 +9.4240419e+00 +1.1150397e+01 +1.1157600e+01 +1.4427734e+01 +1.4434633e+01 
-1.8744518e+01 -1.8714848e+01 -5.7704807e+00 -5.6553354e+00 -3.7713177e+00 -3.7708556e+00 -3.7692480e+00 -3.7687861e+00 +9.4218563e+00 +9.4226747e+00 +9.4231211e+00 +9.4239397e+00 +1.1150897e+01 +1.1157099e+01 +1.4428214e+01 +1.4434154e+01 
-1.8741877e+01 -1.8717507e+01 -5.7606694e+00 -5.6661279e+00 -3.7711327e+00 -3.7706706e+00 -3.7694328e+00 -3.7689709e+00 +9.4219692e+00 +9.4227877e+00 +9.4230081e+00 +9.4238267e+00 +1.1151451e+01 +1.1156544e+01 +1.4428745e+01 +1.4433623e+01 
-1.8739026e+01 -1.8720374e+01 -5.7499885e+00 -5.6776506e+00 -3.7709332e+00 -3.7704711e+00 -3.7696321e+00 -3.7691702e+00 +9.4220911e+00 +9.4228862e+00 +9.4229095e+00 +9.4237048e+00 +1.1152048e+01 +1.1155946e+01 +1.4429317e+01 +1.4433051e+01 
-1.8736013e+01 -1.8723398e+01 -5.7385988e+00 -5.6896857e+00 -3.7707226e+00 -3.7702605e+00 -3.7698426e+00 -3.7693807e+00 +9.4222197e+00 +9.4227575e+00 +9.4230382e+00 +9.4235761e+00 +1.1152678e+01 +1.1155315e+01 +1.4429922e+01 +1.4432447e+01 
-1.8732890e+01 -1.8726528e+01 -5.7266771e+00 -5.7020129e+00 -3.7705044e+00 -3.7700607e+00 -3.7700424e+00 -3.7695987e+00 +9.4223530e+00 +9.4226242e+00 +9.4231715e+00 +9.4234427e+00 +1.1153332e+01 +1.1154661e+01 +1.4430548e+01 +1.4431821e+01 
-1.8729711e+01 -1.8729711e+01 -5.7144141e+00 -5.7144141e+00 -3.7702825e+00 -3.7702825e+00 -3.7698205e+00 -3.7698205e+00 +9.4224886e+00 +9.4224886e+00 +9.4233071e+00 +9.4233071e+00 +1.1153996e+01 +1.1153996e+01 +1.4431185e+01 +1.4431185e+01 
-1.8727271e+01 -1.8727271e+01 -5.7123894e+00 -5.7123894e+00 -3.7786720e+00 -3.7786720e+00 -3.7749469e+00 -3.7749469e+00 +9.4278449e+00 +9.4278449e+00 +9.4335463e+00 +9.4335463e+00 +1.1148319e+01 +1.1148319e+01 +1.4435085e+01 +1.4435085e+01 
-1.8719951e+01 -1.8719951e+01 -5.7063152e+00 -5.7063152e+00 -3.8047555e+00 -3.8047555e+00 -3.7892685e+00 -3.7892685e+00 +9.4432722e+00 +9.4432722e+00 +9.4647236e+00 +9.4647236e+00 +1.1131302e+01 +1.1131302e+01 +1.4446826e+01 +1.4446826e+01 
-1.8707757e+01 -1.8707757e+01 -5.6961915e+00 -5.6961915e+00 -3.8479632e+00 -3.8479632e+00 -3.8129333e+00 -3.8129333e+00 +9.4685966e+00 +9.4685966e+00 +9.5164733e+00 +9.5164733e+00 +1.1102987e+01 +1.1102987e+01 +1.4466529e+01 +1.4466529e+01 
-1.8690694e+01 -1.8690694e+01 -5.6820184e+00 -5.6820184e+00 -3.9078843e+00 -3.9078843e+00 -3.8456657e+00 -3.8456657e+00 +9.5032965e+00 +9.5032965e+00 +9.5884369e+00 +9.5884369e+00 +1.1063444e+01 +1.1063444e+01 +1.4494393e+01 +1.4494393e+01 
-1.8668772e+01 -1.8668772e+01 -5.6637959e+00 -5.6637959e+00 -3.9839715e+00 -3.9839715e+00 -3.8870864e+00 -3.8870864e+00 +9.5466537e+00 +9.5466537e+00 +9.6801402e+00 +9.6801402e+00 +1.1012770e+01 +1.1012770e+01 +1.4530691e+01 +1.4530691e+01 
-1.8642002e+01 -1.8642002e+01 -5.6415239e+00 -5.6415239e+00 -4.0755539e+00 -4.0755539e+00 -3.9367296e+00 -3.9367295e+00 +9.5977861e+00 +9.5977861e+00 +9.7909973e+00 +9.7909973e+00 +1.0951088e+01 +1.0951088e+01 +1.4575758e+01 +1.4575758e+01 
-1.8610400e+01 -1.8610400e+01 -5.6152025e+00 -5.6152025e+00 -4.1818579e+00 -4.1818579e+00 -3.9940580e+00 -3.9940580e+00 +9.6556774e+00 +9.6556774e+00 +9.9203236e+00 +9.9203237e+00 +1.0878547e+01 +1.0878547e+01 +1.4629984e+01 +1.4629984e+01 
-1.8573982e+01 -1.8573982e+01 -5.5848315e+00 -5.5848315e+00 -4.3020287e+00 -4.3020287e+00 -4.0584783e+00 -4.0584783e+00 +9.7192099e+00 +9.7192100e+00 +1.0067351e+01 +1.0067351e+01 +1.0795319e+01 +1.0795319e+01 +1.4693801e+01 +1.4693801e+01 
-1.8532770e+01 -1.8532770e+01 -5.5504107e+00 -5.5504107e+00 -4.4351520e+00 -4.4351520e+00 -4.1293570e+00 -4.1293570e+00 +9.7871995e+00 +9.7871995e+00 +1.0231244e+01 +1.0231244e+01 +1.0701600e+01 +1.0701600e+01 +1.4767667e+01 +1.4767667e+01 
-1.8486787e+01 -1.8486787e+01 -5.5119400e+00 -5.5119400e+00 -4.5802748e+00 -4.5802748e+00 -4.2060351e+00 -4.2060350e+00 +9.8584310e+00 +9.8584310e+00 +1.0411112e+01 +1.0411112e+01 +1.0597608e+01 +1.0597608e+01 +1.4852046e+01 +1.4852046e+01 
-1.8436058e+01 -1.8436058e+01 -5.4694191e+00 -5.4694191e+00 -4.7364241e+00 -4.7364241e+00 -4.2878415e+00 -4.2878415e+00 +9.9316933e+00 +9.9316933e+00 +1.0483581e+01 +1.0483581e+01 +1.0606023e+01 +1.0606023e+01 +1.4947389e+01 +1.4947389e+01 
-1.8380615e+01 -1.8380615e+01 -5.4228484e+00 -5.4228484e+00 -4.9026228e+00 -4.9026228e+00 -4.3741056e+00 -4.3741056e+00 +1.0005810e+01 +1.0005810e+01 +1.0359780e+01 +1.0359780e+01 +1.0815017e+01 +1.0815017e+01 +1.5054113e+01 +1.5054113e+01 
-1.8320491e+01 -1.8320491e+01 -5.3722307e+00 -5.3722307e+00 -5.0779014e+00 -5.0779013e+00 -4.4641670e+00 -4.4641670e+00 +1.0079636e+01 +1.0079636e+01 +1.0226524e+01 +1.0226524e+01 +1.1037113e+01 +1.1037113e+01 +1.5172575e+01 +1.5172575e+01 
-1.8255720e+01 -1.8255720e+01 -5.3176286e+00 -5.3176286e+00 -5.2612520e+00 -5.2612520e+00 -4.5573836e+00 -4.5573836e+00 +1.0083575e+01 +1.0083575e+01 +1.0152694e+01 +1.0152694e+01 +1.1271320e+01 +1.1271320e+01 +1.5303057e+01 +1.5303057e+01 
-1.8186345e+01 -1.8186345e+01 -5.4520256e+00 -5.4520255e+00 -5.2587764e+00 -5.2587764e+00 -4.6531381e+00 -4.6531381e+00 +9.9323038e+00 +9.9323038e+00 +1.0223030e+01 +1.0223030e+01 +1.1516636e+01 +1.1516636e+01 +1.5445744e+01 +1.5445744e+01 
-1.8112409e+01 -1.8112409e+01 -5.6490108e+00 -5.6490108e+00 -5.1960074e+00 -5.1960074e+00 -4.7508429e+00 -4.7508429e+00 +9.7722489e+00 +9.7722489e+00 +1.0290672e+01 +1.0290672e+01 +1.1772062e+01 +1.1772062e+01 +1.5600713e+01 +1.5600713e+01 
-1.8033959e+01 -1.8033959e+01 -5.8515205e+00 -5.8515205e+00 -5.1291734e+00 -5.1291734e+00 -4.8499428e+00 -4.8499428e+00 +9.6038973e+00 +9.6038973e+00 +1.0354849e+01 +1.0354849e+01 +1.2036595e+01 +1.2036595e+01 +1.5767921e+01 +1.5767921e+01 
-1.7951048e+01 -1.7951048e+01 -6.0587552e+00 -6.0587552e+00 -5.0582838e+00 -5.0582838e+00 -4.9499171e+00 -4.9499171e+00 +9.4275991e+00 +9.4275991e+00 +1.0415083e+01 +1.0415083e+01 +1.2309236e+01 +1.2309236e+01 +1.5947203e+01 +1.5947203e+01 
-1.7863732e+01 -1.7863732e+01 -6.2699704e+00 -6.2699704e+00 -5.0502806e+00 -5.0502805e+00 -4.9833416e+00 -4.9833416e+00 +9.2437066e+00 +9.2437066e+00 +1.0471040e+01 +1.0471040e+01 +1.2588988e+01 +1.2588988e+01 +1.6138271e+01 +1.6138271e+01 
-1.7772071e+01 -1.7772071e+01 -6.4844710e+00 -6.4844710e+00 -5.1505832e+00 -5.1505832e+00 -4.9043498e+00 -4.9043498e+00 +9.0525805e+00 +9.0525805e+00 +1.0522514e+01 +1.0522514e+01 +1.2874856e+01 +1.2874856e+01 +1.6340720e+01 +1.6340720e+01 
-1.7676130e+01 -1.7676130e+01 -6.7016113e+00 -6.7016113e+00 -5.2504101e+00 -5.2504101e+00 -4.8213131e+00 -4.8213131e+00 +8.8545916e+00 +8.8545916e+00 +1.0569411e+01 +1.0569411e+01 +1.3165848e+01 +1.3165848e+01 +1.6554037e+01 +1.6554037e+01 
-1.7575980e+01 -1.7575980e+01 -6.9207941e+00 -6.9207941e+00 -5.3493795e+00 -5.3493795e+00 -4.7342387e+00 -4.7342387e+00 +8.6501211e+00 +8.6501211e+00 +1.0611734e+01 +1.0611734e+01 +1.3460970e+01 +1.3460970e+01 +1.6777605e+01 +1.6777605e+01 
-1.7471695e+01 -1.7471695e+01 -7.1414705e+00 -7.1414705e+00 -5.4471424e+00 -5.4471424e+00 -4.6431373e+00 -4.6431373e+00 +8.4395622e+00 +8.4395622e+00 +1.0649566e+01 +1.0649566e+01 +1.3759231e+01 +1.3759231e+01 +1.7010717e+01 +1.7010717e+01 
-1.7363356e+01 -1.7363356e+01 -7.3631384e+00 -7.3631384e+00 -5.5433800e+00 -5.5433800e+00 -4.5480239e+00 -4.5480239e+00 +8.2233200e+00 +8.2233200e+00 +1.0683049e+01 +1.0683049e+01 +1.4059635e+01 +1.4059635e+01 +1.7252580e+01 +1.7252580e+01 
-1.7251048e+01 -1.7251048e+01 -7.5853419e+00 -7.5853419e+00 -5.6378023e+00 -5.6378023e+00 -4.4489197e+00 -4.4489197e+00 +8.0018143e+00 +8.0018143e+00 +1.0712377e+01 +1.0712377e+01 +1.4361186e+01 +1.4361186e+01 +1.7502328e+01 +1.7502328e+01 
-1.7134865e+01 -1.7134865e+01 -7.8076685e+00 -7.8076685e+00 -5.7301463e+00 -5.7301463e+00 -4.3458537e+00 -4.3458537e+00 +7.7754802e+00 +7.7754802e+00 +1.0737776e+01 +1.0737776e+01 +1.4662884e+01 +1.4662884e+01 +1.7759023e+01 +1.7759023e+01 
-1.7014904e+01 -1.7014904e+01 -8.0297482e+00 -8.0297482e+00 -5.8201740e+00 -5.8201740e+00 -4.2388645e+00 -4.2388645e+00 +7.5447716e+00 +7.5447716e+00 +1.0759494e+01 +1.0759494e+01 +1.4963728e+01 +1.4963728e+01 +1.8021659e+01 +1.8021659e+01 
-1.6891270e+01 -1.6891270e+01 -8.2512503e+00 -8.2512503e+00 -5.9076704e+00 -5.9076704e+00 -4.1280034e+00 -4.1280034e+00 +7.3101629e+00 +7.3101629e+00 +1.0777799e+01 +1.0777799e+01 +1.5262710e+01 +1.5262710e+01 +1.8289168e+01 +1.8289168e+01 
-1.6764076e+01 -1.6764076e+01 -8.4718810e+00 -8.4718810e+00 -5.9924419e+00 -5.9924419e+00 -4.0133376e+00 -4.0133376e+00 +7.0721531e+00 +7.0721531e+00 +1.0792960e+01 +1.0792960e+01 +1.5558822e+01 +1.5558822e+01 +1.8560421e+01 +1.8560421e+01 
-1.6633443e+01 -1.6633443e+01 -8.6913804e+00 -8.6913804e+00 -6.0743145e+00 -6.0743145e+00 -3.8949541e+00 -3.8949541e+00 +6.8312697e+00 +6.8312697e+00 +1.0805254e+01 +1.0805254e+01 +1.5851053e+01 +1.5851053e+01 +1.8834226e+01 +1.8834226e+01 
-1.6499501e+01 -1.6499501e+01 -8.9095187e+00 -8.9095187e+00 -6.1531322e+00 -6.1531322e+00 -3.7729647e+00 -3.7729647e+00 +6.5880730e+00 +6.5880730e+00 +1.0814951e+01 +1.0814951e+01 +1.6138393e+01 +1.6138393e+01 +1.9109334e+01 +1.9109334e+01 
-1.6362391e+01 -1.6362391e+01 -9.1260921e+00 -9.1260921e+00 -6.2287554e+00 -6.2287554e+00 -3.6475119e+00 -3.6475119e+00 +6.3431622e+00 +6.3431622e+00 +1.0822321e+01 +1.0822321e+01 +1.6419832e+01 +1.6419832e+01 +1.9384439e+01 +1.9384439e+01 
-1.6222265e+01 -1.6222265e+01 -9.3409183e+00 -9.3409182e+00 -6.3010595e+00 -6.3010595e+00 -3.5187768e+00 -3.5187768e+00 +6.0971816e+00 +6.0971817e+00 +1.0827624e+01 +1.0827624e+01 +1.6694366e+01 +1.6694366e+01 +1.9658179e+01 +1.9658179e+01 
-1.6079290e+01 -1.6079290e+01 -9.5538305e+00 -9.5538305e+00 -6.3699335e+00 -6.3699335e+00 -3.3869877e+00 -3.3869877e+00 +5.8508294e+00 +5.8508295e+00 +1.0831111e+01 +1.0831111e+01 +1.6960998e+01 +1.6960998e+01 +1.9929143e+01 +1.9929143e+01 
-1.5933651e+01 -1.5933651e+01 -9.7646716e+00 -9.7646716e+00 -6.4352787e+00 -6.4352787e+00 -3.2524316e+00 -3.2524316e+00 +5.6048668e+00 +5.6048668e+00 +1.0833027e+01 +1.0833027e+01 +1.7218740e+01 +1.7218740e+01 +2.0195873e+01 +2.0195873e+01 
-1.5785554e+01 -1.5785554e+01 -9.9732856e+00 -9.9732856e+00 -6.4970079e+00 -6.4970078e+00 -3.1154681e+00 -3.1154681e+00 +5.3601300e+00 +5.3601300e+00 +1.0833602e+01 +1.0833602e+01 +1.7466624e+01 +1.7466624e+01 +2.0456876e+01 +2.0456876e+01 
-1.5635234e+01 -1.5635234e+01 -1.0179509e+01 -1.0179509e+01 -6.5550436e+00 -6.5550436e+00 -2.9765460e+00 -2.9765460e+00 +5.1175453e+00 +5.1175453e+00 +1.0833058e+01 +1.0833058e+01 +1.7703696e+01 +1.7703696e+01 +2.0710628e+01 +2.0710628e+01 
-1.5482960e+01 -1.5482960e+01 -1.0383156e+01 -1.0383156e+01 -6.6093181e+00 -6.6093180e+00 -2.8362238e+00 -2.8362238e+00 +4.8781462e+00 +4.8781462e+00 +1.0831604e+01 +1.0831604e+01 +1.7929031e+01 +1.7929031e+01 +2.0955590e+01 +2.0955590e+01 
-1.5329054e+01 -1.5329054e+01 -1.0584008e+01 -1.0584008e+01 -6.6597713e+00 -6.6597713e+00 -2.6951953e+00 -2.6951953e+00 +4.6430959e+00 +4.6430959e+00 +1.0829437e+01 +1.0829437e+01 +1.8141731e+01 +1.8141731e+01 +2.1190217e+01 +2.1190217e+01 
-1.5173901e+01 -1.5173901e+01 -1.0781784e+01 -1.0781784e+01 -6.7063512e+00 -6.7063512e+00 -2.5543189e+00 -2.5543189e+00 +4.4137131e+00 +4.4137131e+00 +1.0826742e+01 +1.0826742e+01 +1.8340936e+01 +1.8340936e+01 +2.1412976e+01 +2.1412976e+01 
-1.5017984e+01 -1.5017984e+01 -1.0976115e+01 -1.0976115e+01 -6.7490121e+00 -6.7490121e+00 -2.4146533e+00 -2.4146533e+00 +4.1915035e+00 +4.1915035e+00 +1.0823691e+01 +1.0823691e+01 +1.8525826e+01 +1.8525826e+01 +2.1622360e+01 +2.1622360e+01 
-1.4861925e+01 -1.4861925e+01 -1.1166495e+01 -1.1166495e+01 -6.7877146e+00 -6.7877146e+00 -2.2774966e+00 -2.2774966e+00 +3.9781950e+00 +3.9781950e+00 +1.0820441e+01 +1.0820441e+01 +1.8695626e+01 +1.8695626e+01 +2.1816907e+01 +2.1816907e+01 
-1.4706547e+01 -1.4706547e+01 -1.1352215e+01 -1.1352215e+01 -6.8224248e+00 -6.8224248e+00 -2.1444283e+00 -2.1444283e+00 +3.7757750e+00 +3.7757750e+00 +1.0817138e+01 +1.0817138e+01 +1.8849616e+01 +1.8849616e+01 +2.1995218e+01 +2.1995218e+01 
-1.4552988e+01 -1.4552988e+01 -1.1532250e+01 -1.1532250e+01 -6.8531136e+00 -6.8531136e+00 -2.0173486e+00 -2.0173486e+00 +3.5865246e+00 +3.5865246e+00 +1.0813911e+01 +1.0813911e+01 +1.8987134e+01 +1.8987134e+01 +2.2155975e+01 +2.2155975e+01 
-1.4402862e+01 -1.4402862e+01 -1.1705087e+01 -1.1705087e+01 -6.8797565e+00 -6.8797565e+00 -1.8985028e+00 -1.8985028e+00 +3.4130391e+00 +3.4130391e+00 +1.0810878e+01 +1.0810878e+01 +1.9107580e+01 +1.9107580e+01 +2.2297961e+01 +2.2297961e+01 
-1.4258541e+01 -1.4258541e+01 -1.1868451e+01 -1.1868451e+01 -6.9023331e+00 -6.9023331e+00 -1.7904776e+00 -1.7904776e+00 +3.2582192e+00 +3.2582192e+00 +1.0808137e+01 +1.0808137e+01 +1.9210423e+01 +1.9210423e+01 +2.2420078e+01 +2.2420078e+01 
-1.4123586e+01 -1.4123586e+01 -1.2018865e+01 -1.2018865e+01 -6.9208266e+00 -6.9208266e+00 -1.6961413e+00 -1.6961413e+00 +3.1252073e+00 +3.1252073e+00 +1.0805777e+01 +1.0805777e+01 +1.9295207e+01 +1.9295207e+01 +2.2521365e+01 +2.2521365e+01 
-1.4003354e+01 -1.4003354e+01 -1.2151043e+01 -1.2151043e+01 -6.9352238e+00 -6.9352238e+00 -1.6185034e+00 -1.6185034e+00 +3.0172428e+00 +3.0172428e+00 +1.0803868e+01 +1.0803868e+01 +1.9361552e+01 +1.9361552e+01 +2.2601012e+01 +2.2601012e+01 
-1.3905611e+01 -1.3905611e+01 -1.2257277e+01 -1.2257277e+01 -6.9455146e+00 -6.9455145e+00 -1.5604724e+00 -1.5604724e+00 +2.9374171e+00 +2.9374171e+00 +1.0802464e+01 +1.0802464e+01 +1.9409157e+01 +1.9409157e+01 +2.2658373e+01 +2.2658373e+01 
-1.3840344e+01 -1.3840344e+01 -1.2327622e+01 -1.2327622e+01 -6.9516918e+00 -6.9516918e+00 -1.5245250e+00 -1.5245250e+00 +2.8883392e+00 +2.8883392e+00 +1.0801606e+01 +1.0801606e+01 +1.9437806e+01 +1.9437807e+01 +2.2692980e+01 +2.2692980e+01 
-1.3817186e+01 -1.3817186e+01 -1.2352470e+01 -1.2352470e+01 -6.9537513e+00 -6.9537513e+00 -1.5123433e+00 -1.5123433e+00 +2.8717717e+00 +2.8717717e+00 +1.0801317e+01 +1.0801317e+01 +1.9447371e+01 +1.9447371e+01 +2.2704547e+01 +2.2704547e+01 
-1.3815309e+01 -1.3815309e+01 -1.2351214e+01 -1.2351214e+01 -6.9621764e+00 -6.9621763e+00 -1.5097597e+00 -1.5097597e+00 +2.8697104e+00 +2.8697104e+00 +1.0815737e+01 +1.0815737e+01 +1.9444626e+01 +1.9444626e+01 +2.2705377e+01 +2.2705377e+01 
-1.3809677e+01 -1.3809677e+01 -1.2347452e+01 -1.2347452e+01 -6.9873352e+00 -6.9873352e+00 -1.5020076e+00 -1.5020076e+00 +2.8635141e+00 +2.8635141e+00 +1.0858846e+01 +1.0858846e+01 +1.9436379e+01 +1.9436379e+01 +2.2707873e+01 +2.2707873e+01 
-1.3800293e+01 -1.3800293e+01 -1.2341200e+01 -1.2341200e+01 -7.0288843e+00 -7.0288843e+00 -1.4890827e+00 -1.4890827e+00 +2.8531458e+00 +2.8531458e+00 +1.0930199e+01 +1.0930199e+01 +1.9422591e+01 +1.9422591e+01 +2.2712057e+01 +2.2712057e+01 
-1.3787159e+01 -1.3787159e+01 -1.2332489e+01 -1.2332489e+01 -7.0862658e+00 -7.0862658e+00 -1.4709776e+00 -1.4709776e+00 +2.8385445e+00 +2.8385445e+00 +1.1029069e+01 +1.1029069e+01 +1.9403205e+01 +1.9403205e+01 +2.2717964e+01 +2.2717964e+01 
-1.3770281e+01 -1.3770281e+01 -1.2321363e+01 -1.2321363e+01 -7.1587293e+00 -7.1587293e+00 -1.4476825e+00 -1.4476825e+00 +2.8196261e+00 +2.8196261e+00 +1.1154461e+01 +1.1154461e+01 +1.9378143e+01 +1.9378143e+01 +2.2725636e+01 +2.2725636e+01 
-1.3749662e+01 -1.3749662e+01 -1.2307878e+01 -1.2307878e+01 -7.2453584e+00 -7.2453584e+00 -1.4191846e+00 -1.4191846e+00 +2.7962851e+00 +2.7962851e+00 +1.1305146e+01 +1.1305146e+01 +1.9347318e+01 +1.9347318e+01 +2.2735116e+01 +2.2735116e+01 
-1.3725311e+01 -1.3725311e+01 -1.2292110e+01 -1.2292110e+01 -7.3451007e+00 -7.3451007e+00 -1.3854685e+00 -1.3854685e+00 +2.7683960e+00 +2.7683960e+00 +1.1479676e+01 +1.1479676e+01 +1.9310637e+01 +1.9310637e+01 +2.2746445e+01 +2.2746445e+01 
-1.3697235e+01 -1.3697235e+01 -1.2274152e+01 -1.2274152e+01 -7.4567984e+00 -7.4567984e+00 -1.3465164e+00 -1.3465164e+00 +2.7358160e+00 +2.7358160e+00 +1.1676423e+01 +1.1676423e+01 +1.9268011e+01 +1.9268011e+01 +2.2759654e+01 +2.2759654e+01 
-1.3665445e+01 -1.3665445e+01 -1.2254122e+01 -1.2254122e+01 -7.5792179e+00 -7.5792179e+00 -1.3023080e+00 -1.3023080e+00 +2.6983873e+00 +2.6983873e+00 +1.1893597e+01 +1.1893597e+01 +1.9219361e+01 +1.9219361e+01 +2.2774755e+01 +2.2774755e+01 
-1.3629953e+01 -1.3629953e+01 -1.2232163e+01 -1.2232163e+01 -7.7110754e+00 -7.7110754e+00 -1.2528210e+00 -1.2528209e+00 +2.6559404e+00 +2.6559404e+00 +1.2129278e+01 +1.2129278e+01 +1.9164624e+01 +1.9164624e+01 +2.2791741e+01 +2.2791741e+01 
-1.3590771e+01 -1.3590771e+01 -1.2208455e+01 -1.2208455e+01 -7.8510576e+00 -7.8510576e+00 -1.1980308e+00 -1.1980308e+00 +2.6082974e+00 +2.6082974e+00 +1.2381430e+01 +1.2381430e+01 +1.9103764e+01 +1.9103764e+01 +2.2810571e+01 +2.2810571e+01 
-1.3547915e+01 -1.3547915e+01 -1.2183217e+01 -1.2183217e+01 -7.9978371e+00 -7.9978371e+00 -1.1379114e+00 -1.1379114e+00 +2.5552759e+00 +2.5552759e+00 +1.2647927e+01 +1.2647927e+01 +1.9036769e+01 +1.9036769e+01 +2.2831173e+01 +2.2831173e+01 
-1.3501403e+01 -1.3501403e+01 -1.2156719e+01 -1.2156719e+01 -8.1500801e+00 -8.1500801e+00 -1.0724352e+00 -1.0724351e+00 +2.4966933e+00 +2.4966933e+00 +1.2926559e+01 +1.2926559e+01 +1.8963664e+01 +1.8963664e+01 +2.2853438e+01 +2.2853438e+01 
-1.3451252e+01 -1.3451252e+01 -1.2129298e+01 -1.2129298e+01 -8.3064472e+00 -8.3064472e+00 -1.0015735e+00 -1.0015735e+00 +2.4323710e+00 +2.4323710e+00 +1.3215051e+01 +1.3215051e+01 +1.8884506e+01 +1.8884506e+01 +2.2877218e+01 +2.2877218e+01 
-1.3397484e+01 -1.3397484e+01 -1.2101371e+01 -1.2101371e+01 -8.4655864e+00 -8.4655864e+00 -9.2529679e-01 -9.2529679e-01 +2.3621397e+00 +2.3621397e+00 +1.3511073e+01 +1.3511073e+01 +1.8799390e+01 +1.8799390e+01 +2.2902321e+01 +2.2902321e+01 
-1.3340122e+01 -1.3340122e+01 -1.2073459e+01 -1.2073459e+01 -8.6261169e+00 -8.6261169e+00 -8.4357532e-01 -8.4357532e-01 +2.2858436e+00 +2.2858437e+00 +1.3812244e+01 +1.3812244e+01 +1.8708446e+01 +1.8708446e+01 +2.2928517e+01 +2.2928517e+01 
-1.3279192e+01 -1.3279192e+01 -1.2046214e+01 -1.2046214e+01 -8.7866050e+00 -8.7866050e+00 -7.5637928e-01 -7.5637927e-01 +2.2033463e+00 +2.2033463e+00 +1.4116146e+01 +1.4116146e+01 +1.8611840e+01 +1.8611840e+01 +2.2955533e+01 +2.2955533e+01 
-1.3214718e+01 -1.3214718e+01 -1.2020454e+01 -1.2020454e+01 -8.9455301e+00 -8.9455301e+00 -6.6367945e-01 -6.6367945e-01 +2.1145349e+00 +2.1145349e+00 +1.4420333e+01 +1.4420333e+01 +1.8509771e+01 +1.8509771e+01 +2.2983056e+01 +2.2983056e+01 
-1.3146731e+01 -1.3146731e+01 -1.1997202e+01 -1.1997202e+01 -9.1012423e+00 -9.1012423e+00 -5.6544775e-01 -5.6544774e-01 +2.0193258e+00 +2.0193258e+00 +1.4722346e+01 +1.4722346e+01 +1.8402467e+01 +1.8402467e+01 +2.3010734e+01 +2.3010734e+01 
-1.3075259e+01 -1.3075259e+01 -1.1977732e+01 -1.1977732e+01 -9.2519158e+00 -9.2519158e+00 -4.6165775e-01 -4.6165775e-01 +1.9176688e+00 +1.9176688e+00 +1.5019720e+01 +1.5019720e+01 +1.8290187e+01 +1.8290187e+01 +2.3038180e+01 +2.3038180e+01 
-1.3000336e+01 -1.3000336e+01 -1.1963609e+01 -1.1963609e+01 -9.3955034e+00 -9.3955034e+00 -3.5228538e-01 -3.5228538e-01 +1.8095515e+00 +1.8095515e+00 +1.5310012e+01 +1.5310012e+01 +1.8173211e+01 +1.8173211e+01 +2.3064971e+01 +2.3064971e+01 
-1.2921994e+01 -1.2921994e+01 -1.1956709e+01 -1.1956709e+01 -9.5297107e+00 -9.5297107e+00 -2.3730958e-01 -2.3730957e-01 +1.6950032e+00 +1.6950032e+00 +1.5590812e+01 +1.5590812e+01 +1.8051841e+01 +1.8051842e+01 +2.3090649e+01 +2.3090649e+01 
-1.2840268e+01 -1.2840268e+01 -1.1959195e+01 -1.1959195e+01 -9.6520162e+00 -9.6520162e+00 -1.1671302e-01 -1.1671301e-01 +1.5740977e+00 +1.5740977e+00 +1.5859772e+01 +1.5859772e+01 +1.7926399e+01 +1.7926399e+01 +2.3114727e+01 +2.3114727e+01 
-1.2755192e+01 -1.2755192e+01 -1.1973409e+01 -1.1973409e+01 -9.7597742e+00 -9.7597742e+00 +9.5170822e-03 +9.5170859e-03 +1.4469559e+00 +1.4469559e+00 +1.6114629e+01 +1.6114629e+01 +1.7797217e+01 +1.7797217e+01 +2.3136687e+01 +2.3136687e+01 
-1.2666804e+01 -1.2666804e+01 -1.2001643e+01 -1.2001643e+01 -9.8504329e+00 -9.8504329e+00 +1.4138813e-01 +1.4138813e-01 +1.3137467e+00 +1.3137467e+00 +1.6353235e+01 +1.6353235e+01 +1.7664642e+01 +1.7664642e+01 +2.3155985e+01 +2.3155985e+01 
-1.2575140e+01 -1.2575140e+01 -1.2045814e+01 -1.2045814e+01 -9.9218605e+00 -9.9218605e+00 +2.7890131e-01 +2.7890131e-01 +1.1746878e+00 +1.1746878e+00 +1.6573585e+01 +1.6573585e+01 +1.7529028e+01 +1.7529028e+01 +2.3172053e+01 +2.3172053e+01 
-1.2480236e+01 -1.2480236e+01 -1.2107099e+01 -1.2107099e+01 -9.9726996e+00 -9.9726996e+00 +4.2205063e-01 +4.2205063e-01 +1.0300449e+00 +1.0300449e+00 +1.6773844e+01 +1.6773844e+01 +1.7390733e+01 +1.7390733e+01 +2.3184299e+01 +2.3184299e+01 
-1.2382130e+01 -1.2382130e+01 -1.2185689e+01 -1.2185689e+01 -1.0002609e+01 -1.0002609e+01 +5.7082197e-01 +5.7082198e-01 +8.8012991e-01 +8.8012991e-01 +1.6952380e+01 +1.6952380e+01 +1.7250120e+01 +1.7250120e+01 +2.3192111e+01 +2.3192111e+01 
-1.2281056e+01 -1.2281056e+01 -1.2280575e+01 -1.2280575e+01 -1.0012277e+01 -1.0012277e+01 +7.2496217e-01 +7.2496217e-01 +7.2552788e-01 +7.2552789e-01 +1.7107235e+01 +1.7107235e+01 +1.7108101e+01 +1.7108101e+01 +2.3194861e+01 +2.3194861e+01 
-1.2388893e+01 -1.2388893e+01 -1.2178122e+01 -1.2178122e+01 -1.0003512e+01 -1.0003512e+01 +5.6852935e-01 +5.6852936e-01 +8.8252912e-01 +8.8252913e-01 +1.6966211e+01 +1.6966211e+01 +1.7236501e+01 +1.7236501e+01 +2.3191991e+01 +2.3191991e+01 
-1.2509361e+01 -1.2509361e+01 -1.2072523e+01 -1.2072523e+01 -9.9784672e+00 -9.9784672e+00 +4.0795583e-01 +4.0795583e-01 +1.0450450e+00 +1.0450450e+00 +1.6823306e+01 +1.6823306e+01 +1.7341252e+01 +1.7341252e+01 +2.3182994e+01 +2.3182994e+01 
-1.2640271e+01 -1.2640271e+01 -1.1963965e+01 -1.1963965e+01 -9.9391091e+00 -9.9391091e+00 +2.4385460e-01 +2.4385461e-01 +1.2128446e+00 +1.2128446e+00 +1.6679522e+01 +1.6679522e+01 +1.7421095e+01 +1.7421095e+01 +2.3167247e+01 +2.3167247e+01 
-1.2779692e+01 -1.2779692e+01 -1.1852479e+01 -1.1852479e+01 -9.8873079e+00 -9.8873079e+00 +7.6682990e-02 +7.6682993e-02 +1.3858627e+00 +1.3858627e+00 +1.6535179e+01 +1.6535179e+01 +1.7475709e+01 +1.7475709e+01 +2.3144128e+01 +2.3144128e+01 
-1.2925911e+01 -1.2925911e+01 -1.1738094e+01 -1.1738094e+01 -9.8247249e+00 -9.8247249e+00 -9.3085647e-02 -9.3085644e-02 +1.5640210e+00 +1.5640210e+00 +1.6390588e+01 +1.6390588e+01 +1.7505044e+01 +1.7505044e+01 +2.3113021e+01 +2.3113021e+01 
-1.3077467e+01 -1.3077467e+01 -1.1620836e+01 -1.1620836e+01 -9.7527750e+00 -9.7527750e+00 -2.6496794e-01 -2.6496793e-01 +1.7472273e+00 +1.7472273e+00 +1.6246047e+01 +1.6246047e+01 +1.7509308e+01 +1.7509309e+01 +2.3073322e+01 +2.3073322e+01 
-1.3233142e+01 -1.3233142e+01 -1.1500733e+01 -1.1500733e+01 -9.6726334e+00 -9.6726334e+00 -4.3847657e-01 -4.3847657e-01 +1.9353749e+00 +1.9353749e+00 +1.6101839e+01 +1.6101839e+01 +1.7488965e+01 +1.7488965e+01 +2.3024442e+01 +2.3024442e+01 
-1.3391929e+01 -1.3391929e+01 -1.1377805e+01 -1.1377805e+01 -9.5852650e+00 -9.5852650e+00 -6.1312622e-01 -6.1312622e-01 +2.1283415e+00 +2.1283415e+00 +1.5958231e+01 +1.5958231e+01 +1.7444709e+01 +1.7444709e+01 +2.2965819e+01 +2.2965819e+01 
-1.3553001e+01 -1.3553001e+01 -1.1252074e+01 -1.1252074e+01 -9.4914594e+00 -9.4914594e+00 -7.8843908e-01 -7.8843907e-01 +2.3259888e+00 +2.3259888e+00 +1.5815471e+01 +1.5815471e+01 +1.7377453e+01 +1.7377453e+01 +2.2896920e+01 +2.2896920e+01 
-1.3715672e+01 -1.3715672e+01 -1.1123559e+01 -1.1123559e+01 -9.3918648e+00 -9.3918648e+00 -9.6394998e-01 -9.6394998e-01 +2.5281618e+00 +2.5281618e+00 +1.5673791e+01 +1.5673791e+01 +1.7288294e+01 +1.7288294e+01 +2.2817252e+01 +2.2817252e+01 
-1.3879371e+01 -1.3879371e+01 -1.0992274e+01 -1.0992274e+01 -9.2870179e+00 -9.2870179e+00 -1.1392109e+00 -1.1392109e+00 +2.7346883e+00 +2.7346883e+00 +1.5533396e+01 +1.5533396e+01 +1.7178496e+01 +1.7178496e+01 +2.2726369e+01 +2.2726369e+01 
-1.4043613e+01 -1.4043613e+01 -1.0858233e+01 -1.0858233e+01 -9.1773682e+00 -9.1773682e+00 -1.3137949e+00 -1.3137949e+00 +2.9453784e+00 +2.9453784e+00 +1.5394474e+01 +1.5394474e+01 +1.7049452e+01 +1.7049452e+01 +2.2623879e+01 +2.2623879e+01 
-1.4207985e+01 -1.4207985e+01 -1.0721448e+01 -1.0721448e+01 -9.0632986e+00 -9.0632986e+00 -1.4872991e+00 -1.4872991e+00 +3.1600243e+00 +3.1600243e+00 +1.5257186e+01 +1.5257186e+01 +1.6902660e+01 +1.6902660e+01 +2.2509450e+01 +2.2509450e+01 
-1.4372125e+01 -1.4372125e+01 -1.0581926e+01 -1.0581926e+01 -8.9451408e+00 -8.9451408e+00 -1.6593472e+00 -1.6593472e+00 +3.3784000e+00 +3.3784000e+00 +1.5121666e+01 +1.5121666e+01 +1.6739689e+01 +1.6739689e+01 +2.2382821e+01 +2.2382821e+01 
-1.4535716e+01 -1.4535716e+01 -1.0439676e+01 -1.0439676e+01 -8.8231881e+00 -8.8231881e+00 -1.8295911e+00 -1.8295911e+00 +3.6002614e+00 +3.6002614e+00 +1.4988023e+01 +1.4988023e+01 +1.6562155e+01 +1.6562155e+01 +2.2243807e+01 +2.2243807e+01 
-1.4698471e+01 -1.4698471e+01 -1.0294703e+01 -1.0294703e+01 -8.6977057e+00 -8.6977057e+00 -1.9977119e+00 -1.9977119e+00 +3.8253463e+00 +3.8253463e+00 +1.4856337e+01 +1.4856337e+01 +1.6371689e+01 +1.6371690e+01 +2.2092309e+01 +2.2092309e+01 
-1.4860134e+01 -1.4860134e+01 -1.0147013e+01 -1.0147013e+01 -8.5689385e+00 -8.5689385e+00 -2.1634205e+00 -2.1634205e+00 +4.0533743e+00 +4.0533743e+00 +1.4726657e+01 +1.4726657e+01 +1.6169920e+01 +1.6169920e+01 +2.1928314e+01 +2.1928314e+01 
-1.5020464e+01 -1.5020464e+01 -9.9966106e+00 -9.9966106e+00 -8.4371173e+00 -8.4371173e+00 -2.3264568e+00 -2.3264568e+00 +4.2840477e+00 +4.2840477e+00 +1.4599002e+01 +1.4599002e+01 +1.5958444e+01 +1.5958444e+01 +2.1751908e+01 +2.1751908e+01 
-1.5179242e+01 -1.5179242e+01 -9.8435023e+00 -9.8435023e+00 -8.3024643e+00 -8.3024643e+00 -2.4865895e+00 -2.4865895e+00 +4.5170515e+00 +4.5170515e+00 +1.4473358e+01 +1.4473358e+01 +1.5738815e+01 +1.5738815e+01 +2.1563275e+01 +2.1563275e+01 
-1.5336262e+01 -1.5336262e+01 -9.6876961e+00 -9.6876961e+00 -8.1651967e+00 -8.1651967e+00 -2.6436147e+00 -2.6436147e+00 +4.7520540e+00 +4.7520540e+00 +1.4349675e+01 +1.4349675e+01 +1.5512522e+01 +1.5512522e+01 +2.1362706e+01 +2.1362706e+01 
-1.5491329e+01 -1.5491329e+01 -9.5292032e+00 -9.5292032e+00 -8.0255304e+00 -8.0255303e+00 -2.7973545e+00 -2.7973545e+00 +4.9887077e+00 +4.9887077e+00 +1.4227870e+01 +1.4227870e+01 +1.5280983e+01 +1.5280983e+01 +2.1150598e+01 +2.1150598e+01 
-1.5644258e+01 -1.5644258e+01 -9.3680392e+00 -9.3680392e+00 -7.8836824e+00 -7.8836824e+00 -2.9476554e+00 -2.9476554e+00 +5.2266501e+00 +5.2266501e+00 +1.4107821e+01 +1.4107821e+01 +1.5045533e+01 +1.5045533e+01 +2.0927458e+01 +2.0927458e+01 
-1.5794876e+01 -1.5794876e+01 -9.2042253e+00 -9.2042253e+00 -7.7398733e+00 -7.7398733e+00 -3.0943862e+00 -3.0943862e+00 +5.4655043e+00 +5.4655043e+00 +1.3989369e+01 +1.3989369e+01 +1.4807415e+01 +1.4807415e+01 +2.0693906e+01 +2.0693906e+01 
-1.5943015e+01 -1.5943015e+01 -9.0377906e+00 -9.0377906e+00 -7.5943283e+00 -7.5943283e+00 -3.2374361e+00 -3.2374361e+00 +5.7048804e+00 +5.7048804e+00 +1.3872311e+01 +1.3872311e+01 +1.4567783e+01 +1.4567783e+01 +2.0450671e+01 +2.0450671e+01 
-1.6088518e+01 -1.6088518e+01 -8.8687736e+00 -8.8687736e+00 -7.4472794e+00 -7.4472794e+00 -3.3767128e+00 -3.3767128e+00 +5.9443766e+00 +5.9443766e+00 +1.3756405e+01 +1.3756405e+01 +1.4327693e+01 +1.4327693e+01 +2.0198597e+01 +2.0198597e+01 
-1.6231233e+01 -1.6231233e+01 -8.6972241e+00 -8.6972241e+00 -7.2989656e+00 -7.2989656e+00 -3.5121402e+00 -3.5121402e+00 +6.1835798e+00 +6.1835798e+00 +1.3641362e+01 +1.3641362e+01 +1.4088111e+01 +1.4088111e+01 +1.9938637e+01 +1.9938637e+01 
-1.6371015e+01 -1.6371015e+01 -8.5232056e+00 -8.5232056e+00 -7.1496343e+00 -7.1496343e+00 -3.6436568e+00 -3.6436568e+00 +6.4220675e+00 +6.4220675e+00 +1.3526847e+01 +1.3526847e+01 +1.3849908e+01 +1.3849908e+01 +1.9671850e+01 +1.9671850e+01 
-1.6507726e+01 -1.6507726e+01 -8.3467979e+00 -8.3467979e+00 -6.9995415e+00 -6.9995415e+00 -3.7712136e+00 -3.7712136e+00 +6.6594090e+00 +6.6594090e+00 +1.3412479e+01 +1.3412479e+01 +1.3613871e+01 +1.3613871e+01 +1.9399404e+01 +1.9399404e+01 
-1.6641236e+01 -1.6641236e+01 -8.1680988e+00 -8.1680988e+00 -6.8489523e+00 -6.8489523e+00 -3.8947724e+00 -3.8947724e+00 +6.8951662e+00 +6.8951662e+00 +1.3297823e+01 +1.3297823e+01 +1.3380698e+01 +1.3380698e+01 +1.9122568e+01 +1.9122568e+01 
-1.6771418e+01 -1.6771418e+01 -7.9872279e+00 -7.9872279e+00 -6.6981411e+00 -6.6981411e+00 -4.0143042e+00 -4.0143042e+00 +7.1288955e+00 +7.1288955e+00 +1.3151015e+01 +1.3151015e+01 +1.3182400e+01 +1.3182400e+01 +1.8842708e+01 +1.8842708e+01 
-1.6898155e+01 -1.6898155e+01 -7.8043285e+00 -7.8043285e+00 -6.5473921e+00 -6.5473921e+00 -4.1297875e+00 -4.1297875e+00 +7.3601492e+00 +7.3601492e+00 +1.2925373e+01 +1.2925373e+01 +1.3065680e+01 +1.3065680e+01 +1.8561281e+01 +1.8561281e+01 
-1.7021332e+01 -1.7021332e+01 -7.6195711e+00 -7.6195711e+00 -6.3969986e+00 -6.3969986e+00 -4.2412075e+00 -4.2412075e+00 +7.5884763e+00 +7.5884763e+00 +1.2704258e+01 +1.2704258e+01 +1.2947090e+01 +1.2947090e+01 +1.8279825e+01 +1.8279825e+01 
-1.7140844e+01 -1.7140844e+01 -7.4331561e+00 -7.4331561e+00 -6.2472641e+00 -6.2472641e+00 -4.3485542e+00 -4.3485542e+00 +7.8134247e+00 +7.8134247e+00 +1.2488098e+01 +1.2488098e+01 +1.2826019e+01 +1.2826019e+01 +1.7999948e+01 +1.7999948e+01 
-1.7256589e+01 -1.7256589e+01 -7.2453177e+00 -7.2453177e+00 -6.0985014e+00 -6.0985014e+00 -4.4518220e+00 -4.4518220e+00 +8.0345419e+00 +8.0345419e+00 +1.2277269e+01 +1.2277269e+01 +1.2701835e+01 +1.2701835e+01 +1.7723309e+01 +1.7723309e+01 
-1.7368470e+01 -1.7368470e+01 -7.0563266e+00 -7.0563266e+00 -5.9510331e+00 -5.9510331e+00 -4.5510083e+00 -4.5510083e+00 +8.2513769e+00 +8.2513769e+00 +1.2072103e+01 +1.2072103e+01 +1.2573901e+01 +1.2573901e+01 +1.7451597e+01 +1.7451597e+01 
-1.7476398e+01 -1.7476398e+01 -6.8664940e+00 -6.8664940e+00 -5.8051916e+00 -5.8051916e+00 -4.6461130e+00 -4.6461130e+00 +8.4634813e+00 +8.4634813e+00 +1.1872894e+01 +1.1872894e+01 +1.2441603e+01 +1.2441603e+01 +1.7186501e+01 +1.7186501e+01 
-1.7580288e+01 -1.7580288e+01 -6.6761747e+00 -6.6761746e+00 -5.6613190e+00 -5.6613190e+00 -4.7371375e+00 -4.7371375e+00 +8.6704109e+00 +8.6704109e+00 +1.1679903e+01 +1.1679903e+01 +1.2304385e+01 +1.2304385e+01 +1.6929670e+01 +1.6929670e+01 
-1.7680060e+01 -1.7680060e+01 -6.4857712e+00 -6.4857712e+00 -5.5197679e+00 -5.5197679e+00 -4.8240840e+00 -4.8240840e+00 +8.8717267e+00 +8.8717267e+00 +1.1493367e+01 +1.1493367e+01 +1.2161795e+01 +1.2161795e+01 +1.6682671e+01 +1.6682671e+01 
-1.7775639e+01 -1.7775639e+01 -6.2957373e+00 -6.2957373e+00 -5.3809017e+00 -5.3809017e+00 -4.9069542e+00 -4.9069542e+00 +9.0669969e+00 +9.0669969e+00 +1.1313504e+01 +1.1313504e+01 +1.2013536e+01 +1.2013536e+01 +1.6446932e+01 +1.6446932e+01 
-1.7866956e+01 -1.7866956e+01 -6.1065814e+00 -6.1065814e+00 -5.2451008e+00 -5.2451008e+00 -4.9857431e+00 -4.9857431e+00 +9.2557975e+00 +9.2557975e+00 +1.1140517e+01 +1.1140517e+01 +1.1859514e+01 +1.1859514e+01 +1.6223696e+01 +1.6223696e+01 
-1.7953945e+01 -1.7953945e+01 -5.9188705e+00 -5.9188705e+00 -5.1128987e+00 -5.1128987e+00 -5.0603020e+00 -5.0603020e+00 +9.4377141e+00 +9.4377141e+00 +1.0974600e+01 +1.0974600e+01 +1.1699894e+01 +1.1699894e+01 +1.6013970e+01 +1.6013970e+01 
-1.8036546e+01 -1.8036546e+01 -5.7332330e+00 -5.7332330e+00 -5.1313079e+00 -5.1313079e+00 -4.9840128e+00 -4.9840127e+00 +9.6123430e+00 +9.6123430e+00 +1.0815942e+01 +1.0815942e+01 +1.1535133e+01 +1.1535133e+01 +1.5818489e+01 +1.5818489e+01 
-1.8114704e+01 -1.8114704e+01 -5.5503620e+00 -5.5503620e+00 -5.1978921e+00 -5.1978921e+00 -4.8597138e+00 -4.8597138e+00 +9.7792921e+00 +9.7792921e+00 +1.0664734e+01 +1.0664734e+01 +1.1366004e+01 +1.1366004e+01 +1.5637693e+01 +1.5637693e+01 
-1.8188365e+01 -1.8188365e+01 -5.3710203e+00 -5.3710203e+00 -5.2604551e+00 -5.2604551e+00 -4.7400078e+00 -4.7400078e+00 +9.9381809e+00 +9.9381809e+00 +1.0521167e+01 +1.0521168e+01 +1.1193593e+01 +1.1193593e+01 +1.5471734e+01 +1.5471734e+01 
-1.8257482e+01 -1.8257482e+01 -5.3189976e+00 -5.3189976e+00 -5.1960093e+00 -5.1960093e+00 -4.6253354e+00 -4.6253354e+00 +1.0088633e+01 +1.0088633e+01 +1.0385451e+01 +1.0385451e+01 +1.1019283e+01 +1.1019283e+01 +1.5320496e+01 +1.5320496e+01 
-1.8322012e+01 -1.8322012e+01 -5.3734781e+00 -5.3734781e+00 -5.0262624e+00 -5.0262624e+00 -4.5161189e+00 -4.5161189e+00 +1.0229795e+01 +1.0229795e+01 +1.0258294e+01 +1.0258294e+01 +1.0844709e+01 +1.0844709e+01 +1.5183635e+01 +1.5183635e+01 
-1.8381914e+01 -1.8381914e+01 -5.4239212e+00 -5.4239212e+00 -4.8627141e+00 -4.8627140e+00 -4.4127800e+00 -4.4127800e+00 +1.0138132e+01 +1.0138132e+01 +1.0363105e+01 +1.0363105e+01 +1.0671708e+01 +1.0671708e+01 +1.5060631e+01 +1.5060631e+01 
-1.8437151e+01 -1.8437151e+01 -5.4703253e+00 -5.4703253e+00 -4.7063847e+00 -4.7063847e+00 -4.3157395e+00 -4.3157395e+00 +1.0027148e+01 +1.0027148e+01 +1.0486282e+01 +1.0486282e+01 +1.0502258e+01 +1.0502258e+01 +1.4950844e+01 +1.4950844e+01 
-1.8487691e+01 -1.8487691e+01 -5.5126915e+00 -5.5126915e+00 -4.5583437e+00 -4.5583437e+00 -4.2254140e+00 -4.2254140e+00 +9.9248049e+00 +9.9248049e+00 +1.0338419e+01 +1.0338419e+01 +1.0599793e+01 +1.0599793e+01 +1.4853566e+01 +1.4853566e+01 
-1.8533504e+01 -1.8533504e+01 -5.5510210e+00 -5.5510210e+00 -4.4197002e+00 -4.4197002e+00 -4.1422118e+00 -4.1422118e+00 +9.8313422e+00 +9.8313422e+00 +1.0182282e+01 +1.0182282e+01 +1.0703344e+01 +1.0703344e+01 +1.4768068e+01 +1.4768068e+01 
-1.8574563e+01 -1.8574563e+01 -5.5853145e+00 -5.5853145e+00 -4.2915872e+00 -4.2915872e+00 -4.0665280e+00 -4.0665279e+00 +9.7469825e+00 +9.7469825e+00 +1.0035913e+01 +1.0035913e+01 +1.0796683e+01 +1.0796683e+01 +1.4693636e+01 +1.4693636e+01 
-1.8610845e+01 -1.8610845e+01 -5.6155727e+00 -5.6155727e+00 -4.1751412e+00 -4.1751412e+00 -3.9987391e+00 -3.9987391e+00 +9.6719409e+00 +9.6719409e+00 +9.9013061e+00 +9.9013061e+00 +1.0879586e+01 +1.0879586e+01 +1.4629601e+01 +1.4629601e+01 
-1.8642329e+01 -1.8642329e+01 -5.6417961e+00 -5.6417961e+00 -4.0714772e+00 -4.0714772e+00 -3.9391976e+00 -3.9391976e+00 +9.6064232e+00 +9.6064232e+00 +9.7803467e+00 +9.7803467e+00 +1.0951850e+01 +1.0951850e+01 +1.4575354e+01 +1.4575354e+01 
-1.8668999e+01 -1.8668999e+01 -5.6639850e+00 -5.6639850e+00 -3.9816590e+00 -3.9816590e+00 -3.8882250e+00 -3.8882250e+00 +9.5506210e+00 +9.5506210e+00 +9.6747689e+00 +9.6747689e+00 +1.1013299e+01 +1.1013299e+01 +1.4530360e+01 +1.4530360e+01 
-1.8690840e+01 -1.8690840e+01 -5.6821395e+00 -5.6821395e+00 -3.9066676e+00 -3.9066676e+00 -3.8461064e+00 -3.8461064e+00 +9.5047075e+00 +9.5047075e+00 +9.5861195e+00 +9.5861195e+00 +1.1063783e+01 +1.1063783e+01 +1.4494165e+01 +1.4494165e+01 
-1.8707839e+01 -1.8707839e+01 -5.6962596e+00 -5.6962596e+00 -3.8473666e+00 -3.8473666e+00 -3.8130844e+00 -3.8130844e+00 +9.4688321e+00 +9.4688321e+00 +9.5157230e+00 +9.5157230e+00 +1.1103178e+01 +1.1103178e+01 +1.4466396e+01 +1.4466396e+01 
-1.8719988e+01 -1.8719988e+01 -5.7063454e+00 -5.7063454e+00 -3.8044697e+00 -3.8044697e+00 -3.7893540e+00 -3.7893540e+00 +9.4431164e+00 +9.4431164e+00 +9.4646487e+00 +9.4646487e+00 +1.1131387e+01 +1.1131387e+01 +1.4446766e+01 +1.4446766e+01 
-1.8727280e+01 -1.8727280e+01 -5.7123969e+00 -5.7123969e+00 -3.7785108e+00 -3.7785108e+00 -3.7750577e+00 -3.7750577e+00 +9.4276502e+00 +9.4276502e+00 +9.4336830e+00 +9.4336830e+00 +1.1148341e+01 +1.1148341e+01 +1.4435070e+01 +1.4435070e+01 
-1.8729711e+01 -1.8729711e+01 -5.7144141e+00 -5.7144141e+00 -3.7702825e+00 -3.7702825e+00 -3.7698205e+00 -3.7698205e+00 +9.4224886e+00 +9.4224886e+00 +9.4233071e+00 +9.4233071e+00 +1.1153996e+01 +1.1153996e+01 +1.4431185e+01 +1.4431185e+01 
-1.3817186e+01 -1.3817186e+01 -1.2352470e+01 -1.2352470e+01 -6.9537513e+00 -6.9537513e+00 -1.5123433e+00 -1.5123433e+00 +2.8717717e+00 +2.8717717e+00 +1.0801317e+01 +1.0801317e+01 +1.9447371e+01 +1.9447371e+01 +2.2704547e+01 +2.2704547e+01 
-1.3817458e+01 -1.3816910e+01 -1.2354000e+01 -1.2350912e+01 -6.9543163e+00 -6.9531866e+00 -1.5128361e+00 -1.5118501e+00 +2.8665739e+00 +2.8770393e+00 +1.0800101e+01 +1.0802523e+01 +1.9447312e+01 +1.9447430e+01 +2.2703701e+01 +2.2705377e+01 
-1.3817720e+01 -1.3816635e+01 -1.2355475e+01 -1.2349351e+01 -6.9548716e+00 -6.9526316e+00 -1.5133201e+00 -1.5113651e+00 +2.8615331e+00 +2.8822848e+00 +1.0798894e+01 +1.0803698e+01 +1.9447253e+01 +1.9447489e+01 +2.2702854e+01 +2.2706177e+01 
-1.3817969e+01 -1.3816364e+01 -1.2356872e+01 -1.2347818e+01 -6.9554080e+00 -6.9520959e+00 -1.5137871e+00 -1.5108965e+00 +2.8567304e+00 +2.8874130e+00 +1.0797720e+01 +1.0804822e+01 +1.9447197e+01 +1.9447545e+01 +2.2702020e+01 +2.2706934e+01 
-1.3818201e+01 -1.3816105e+01 -1.2358171e+01 -1.2346343e+01 -6.9559161e+00 -6.9515887e+00 -1.5142291e+00 -1.5104524e+00 +2.8522398e+00 +2.8923281e+00 +1.0796598e+01 +1.0805878e+01 +1.9447144e+01 +1.9447598e+01 +2.2701217e+01 +2.2707639e+01 
-1.3818413e+01 -1.3815861e+01 -1.2359354e+01 -1.2344954e+01 -6.9563873e+00 -6.9511185e+00 -1.5146386e+00 -1.5100404e+00 +2.8481273e+00 +2.8969349e+00 +1.0795551e+01 +1.0806848e+01 +1.9447095e+01 +1.9447647e+01 +2.2700461e+01 +2.2708281e+01 
-1.3818602e+01 -1.3815637e+01 -1.2360406e+01 -1.2343681e+01 -6.9568134e+00 -6.9506935e+00 -1.5150087e+00 -1.5096677e+00 +2.8444506e+00 +2.9011421e+00 +1.0794598e+01 +1.0807719e+01 +1.9447050e+01 +1.9447692e+01 +2.2699766e+01 +2.2708851e+01 
-1.3818766e+01 -1.3815439e+01 -1.2361315e+01 -1.2342552e+01 -6.9571872e+00 -6.9503208e+00 -1.5153331e+00 -1.5093406e+00 +2.8412590e+00 +2.9048641e+00 +1.0793758e+01 +1.0808478e+01 +1.9447011e+01 +1.9447731e+01 +2.2699150e+01 +2.2709345e+01 
-1.3818902e+01 -1.3815271e+01 -1.2362070e+01 -1.2341591e+01 -6.9575022e+00 -6.9500068e+00 -1.5156063e+00 -1.5090650e+00 +2.8385936e+00 +2.9080240e+00 +1.0793046e+01 +1.0809113e+01 +1.9446978e+01 +1.9447764e+01 +2.2698624e+01 +2.2709755e+01 
-1.3819010e+01 -1.3815136e+01 -1.2362665e+01 -1.2340819e+01 -6.9577530e+00 -6.9497569e+00 -1.5158238e+00 -1.5088454e+00 +2.8364873e+00 +2.9105549e+00 +1.0792477e+01 +1.0809616e+01 +1.9446951e+01 +1.9447791e+01 +2.2698202e+01 +2.2710079e+01 
-1.3819087e+01 -1.3815037e+01 -1.2363093e+01 -1.2340255e+01 -6.9579352e+00 -6.9495753e+00 -1.5159818e+00 -1.5086858e+00 +2.8349652e+00 +2.9124028e+00 +1.0792062e+01 +1.0809981e+01 +1.9446932e+01 +1.9447810e+01 +2.2697893e+01 +2.2710312e+01 
-1.3819134e+01 -1.3814977e+01 -1.2363352e+01 -1.2339911e+01 -6.9580459e+00 -6.9494651e+00 -1.5160777e+00 -1.5085889e+00 +2.8340449e+00 +2.9135279e+00 +1.0791810e+01 +1.0810201e+01 +1.9446921e+01 +1.9447821e+01 +2.2697704e+01 +2.2710453e+01 
-1.3819150e+01 -1.3814957e+01 -1.2363438e+01 -1.2339796e+01 -6.9580830e+00 -6.9494281e+00 -1.5161098e+00 -1.5085564e+00 +2.8337370e+00 +2.9139057e+00 +1.0791726e+01 +1.0810275e+01 +1.9446917e+01 +1.9447825e+01 +2.2697641e+01 +2.2710500e+01 
-1.2295698e+01 -1.2280924e+01 -1.2280920e+01 -1.2265742e+01 -1.0011473e+01 -1.0011470e+01 +6.8908541e-01 +7.2541568e-01 +7.2541807e-01 +7.6241012e-01 +1.7086059e+01 +1.7107354e+01 +1.7107361e+01 +1.7129946e+01 +2.3194861e+01 +2.3194861e+01 
-1.2295575e+01 -1.2280919e+01 -1.2280914e+01 -1.2265876e+01 -1.0011487e+01 -1.0011483e+01 +6.8938626e-01 +7.2541723e-01 +7.2541961e-01 +7.6208318e-01 +1.7086247e+01 +1.7107353e+01 +1.7107360e+01 +1.7129759e+01 +2.3194861e+01 +2.3194861e+01 
-1.2295209e+01 -1.2280902e+01 -1.2280898e+01 -1.2266274e+01 -1.0011527e+01 -1.0011524e+01 +6.9028428e-01 +7.2542179e-01 +7.2542414e-01 +7.6110866e-01 +1.7086808e+01 +1.7107351e+01 +1.7107358e+01 +1.7129200e+01 +2.3194861e+01 +2.3194861e+01 
-1.2294604e+01 -1.2280876e+01 -1.2280871e+01 -1.2266930e+01 -1.0011591e+01 -1.0011588e+01 +6.9176596e-01 +7.2542903e-01 +7.2543134e-01 +7.5950530e-01 +1.7087733e+01 +1.7107347e+01 +1.7107354e+01 +1.7128280e+01 +2.3194861e+01 +2.3194861e+01 
-1.2293771e+01 -1.2280841e+01 -1.2280837e+01 -1.2267830e+01 -1.0011674e+01 -1.0011671e+01 +6.9380889e-01 +7.2543848e-01 +7.2544072e-01 +7.5730380e-01 +1.7089004e+01 +1.7107341e+01 +1.7107349e+01 +1.7127013e+01 +2.3194861e+01 +2.3194861e+01 
-1.2292720e+01 -1.2280801e+01 -1.2280797e+01 -1.2268957e+01 -1.0011771e+01 -1.0011769e+01 +6.9638197e-01 +7.2544947e-01 +7.2545165e-01 +7.5454607e-01 +1.7090602e+01 +1.7107335e+01 +1.7107343e+01 +1.7125422e+01 +2.3194861e+01 +2.3194861e+01 
-1.2291470e+01 -1.2280758e+01 -1.2280754e+01 -1.2270290e+01 -1.0011876e+01 -1.0011873e+01 +6.9944571e-01 +7.2546127e-01 +7.2546338e-01 +7.5128421e-01 +1.7092497e+01 +1.7107328e+01 +1.7107337e+01 +1.7123534e+01 +2.3194861e+01 +2.3194861e+01 
-1.2290038e+01 -1.2280715e+01 -1.2280712e+01 -1.2271805e+01 -1.0011980e+01 -1.0011978e+01 +7.0295256e-01 +7.2547305e-01 +7.2547512e-01 +7.4757925e-01 +1.7094657e+01 +1.7107321e+01 +1.7107331e+01 +1.7121380e+01 +2.3194861e+01 +2.3194861e+01 
-1.2288448e+01 -1.2280675e+01 -1.2280672e+01 -1.2273472e+01 -1.0012077e+01 -1.0012075e+01 +7.0684745e-01 +7.2548400e-01 +7.2548609e-01 +7.4349976e-01 +1.7097046e+01 +1.7107315e+01 +1.7107326e+01 +1.7118998e+01 +2.3194861e+01 +2.3194861e+01 
-1.2286725e+01 -1.2280641e+01 -1.2280637e+01 -1.2275262e+01 -1.0012160e+01 -1.0012159e+01 +7.1106839e-01 +7.2549332e-01 +7.2549557e-01 +7.3912034e-01 +1.7099620e+01 +1.7107308e+01 +1.7107323e+01 +1.7116427e+01 +2.3194861e+01 +2.3194861e+01 
-1.2284896e+01 -1.2280615e+01 -1.2280611e+01 -1.2277142e+01 -1.0012224e+01 -1.0012223e+01 +7.1554712e-01 +7.2550024e-01 +7.2550303e-01 +7.3452007e-01 +1.7102336e+01 +1.7107302e+01 +1.7107322e+01 +1.7113714e+01 +2.3194861e+01 +2.3194861e+01 
-1.2282992e+01 -1.2280601e+01 -1.2280593e+01 -1.2279076e+01 -1.0012264e+01 -1.0012263e+01 +7.2020976e-01 +7.2550355e-01 +7.2550842e-01 +7.2978137e-01 +1.7105137e+01 +1.7107292e+01 +1.7107335e+01 +1.7110908e+01 +2.3194861e+01 +2.3194861e+01 
-1.2281056e+01 -1.2281056e+01 -1.2280575e+01 -1.2280575e+01 -1.0012277e+01 -1.0012277e+01 +7.2496217e-01 +7.2496217e-01 +7.2552788e-01 +7.2552789e-01 +1.7107235e+01 +1.7107235e+01 +1.7108101e+01 +1.7108101e+01 +2.3194861e+01 +2.3194861e+01 
