# num high symmetry points
12
# label high symmetry points
G M K G A L H A L M K H 
# indices high symmetry points
1 57 89 154 185 241 273 338 339 370 371 402 
# nk, nb, ns
402 12 1
# k-points (frac coords)
+0.0000000e+00 +0.0000000e+00 +0.0000000e+00 
+8.9285714e-03 +0.0000000e+00 +0.0000000e+00 
+1.7857143e-02 +0.0000000e+00 +0.0000000e+00 
+2.6785714e-02 +0.0000000e+00 +0.0000000e+00 
+3.5714286e-02 +0.0000000e+00 +0.0000000e+00 
+4.4642857e-02 +0.0000000e+00 +0.0000000e+00 
+5.3571429e-02 +0.0000000e+00 +0.0000000e+00 
+6.2500000e-02 +0.0000000e+00 +0.0000000e+00 
+7.1428571e-02 +0.0000000e+00 +0.0000000e+00 
+8.0357143e-02 +0.0000000e+00 +0.0000000e+00 
+8.9285714e-02 +0.0000000e+00 +0.0000000e+00 
+9.8214286e-02 +0.0000000e+00 +0.0000000e+00 
+1.0714286e-01 +0.0000000e+00 +0.0000000e+00 
+1.1607143e-01 +0.0000000e+00 +0.0000000e+00 
+1.2500000e-01 +0.0000000e+00 +0.0000000e+00 
+1.3392857e-01 +0.0000000e+00 +0.0000000e+00 
+1.4285714e-01 +0.0000000e+00 +0.0000000e+00 
+1.5178571e-01 +0.0000000e+00 +0.0000000e+00 
+1.6071429e-01 +0.0000000e+00 +0.0000000e+00 
+1.6964286e-01 +0.0000000e+00 +0.0000000e+00 
+1.7857143e-01 +0.0000000e+00 +0.0000000e+00 
+1.8750000e-01 +0.0000000e+00 +0.0000000e+00 
+1.9642857e-01 +0.0000000e+00 +0.0000000e+00 
+2.0535714e-01 +0.0000000e+00 +0.0000000e+00 
+2.1428571e-01 +0.0000000e+00 +0.0000000e+00 
+2.2321429e-01 +0.0000000e+00 +0.0000000e+00 
+2.3214286e-01 +0.0000000e+00 +0.0000000e+00 
+2.4107143e-01 +0.0000000e+00 +0.0000000e+00 
+2.5000000e-01 +0.0000000e+00 +0.0000000e+00 
+2.5892857e-01 +0.0000000e+00 +0.0000000e+00 
+2.6785714e-01 +0.0000000e+00 +0.0000000e+00 
+2.7678571e-01 +0.0000000e+00 +0.0000000e+00 
+2.8571429e-01 +0.0000000e+00 +0.0000000e+00 
+2.9464286e-01 +0.0000000e+00 +0.0000000e+00 
+3.0357143e-01 +0.0000000e+00 +0.0000000e+00 
+3.1250000e-01 +0.0000000e+00 +0.0000000e+00 
+3.2142857e-01 +0.0000000e+00 +0.0000000e+00 
+3.3035714e-01 +0.0000000e+00 +0.0000000e+00 
+3.3928571e-01 +0.0000000e+00 +0.0000000e+00 
+3.4821429e-01 +0.0000000e+00 +0.0000000e+00 
+3.5714286e-01 +0.0000000e+00 +0.0000000e+00 
+3.6607143e-01 +0.0000000e+00 +0.0000000e+00 
+3.7500000e-01 +0.0000000e+00 +0.0000000e+00 
+3.8392857e-01 +0.0000000e+00 +0.0000000e+00 
+3.9285714e-01 +0.0000000e+00 +0.0000000e+00 
+4.0178571e-01 +0.0000000e+00 +0.0000000e+00 
+4.1071429e-01 +0.0000000e+00 +0.0000000e+00 
+4.1964286e-01 +0.0000000e+00 +0.0000000e+00 
+4.2857143e-01 +0.0000000e+00 +0.0000000e+00 
+4.3750000e-01 +0.0000000e+00 +0.0000000e+00 
+4.4642857e-01 +0.0000000e+00 +0.0000000e+00 
+4.5535714e-01 +0.0000000e+00 +0.0000000e+00 
+4.6428571e-01 +0.0000000e+00 +0.0000000e+00 
+4.7321429e-01 +0.0000000e+00 +0.0000000e+00 
+4.8214286e-01 +0.0000000e+00 +0.0000000e+00 
+4.9107143e-01 +0.0000000e+00 +0.0000000e+00 
+5.0000000e-01 +0.0000000e+00 +0.0000000e+00 
+4.9479167e-01 -1.0416667e-02 +0.0000000e+00 
+4.8958333e-01 -2.0833333e-02 +0.0000000e+00 
+4.8437500e-01 -3.1250000e-02 +0.0000000e+00 
+4.7916667e-01 -4.1666667e-02 +0.0000000e+00 
+4.7395833e-01 -5.2083333e-02 +0.0000000e+00 
+4.6875000e-01 -6.2500000e-02 +0.0000000e+00 
+4.6354167e-01 -7.2916667e-02 +0.0000000e+00 
+4.5833333e-01 -8.3333333e-02 +0.0000000e+00 
+4.5312500e-01 -9.3750000e-02 +0.0000000e+00 
+4.4791667e-01 -1.0416667e-01 +0.0000000e+00 
+4.4270833e-01 -1.1458333e-01 +0.0000000e+00 
+4.3750000e-01 -1.2500000e-01 +0.0000000e+00 
+4.3229167e-01 -1.3541667e-01 +0.0000000e+00 
+4.2708333e-01 -1.4583333e-01 +0.0000000e+00 
+4.2187500e-01 -1.5625000e-01 +0.0000000e+00 
+4.1666667e-01 -1.6666667e-01 +0.0000000e+00 
+4.1145833e-01 -1.7708333e-01 +0.0000000e+00 
+4.0625000e-01 -1.8750000e-01 +0.0000000e+00 
+4.0104167e-01 -1.9791667e-01 +0.0000000e+00 
+3.9583333e-01 -2.0833333e-01 +0.0000000e+00 
+3.9062500e-01 -2.1875000e-01 +0.0000000e+00 
+3.8541667e-01 -2.2916667e-01 +0.0000000e+00 
+3.8020833e-01 -2.3958333e-01 +0.0000000e+00 
+3.7500000e-01 -2.5000000e-01 +0.0000000e+00 
+3.6979167e-01 -2.6041667e-01 +0.0000000e+00 
+3.6458333e-01 -2.7083333e-01 +0.0000000e+00 
+3.5937500e-01 -2.8125000e-01 +0.0000000e+00 
+3.5416667e-01 -2.9166667e-01 +0.0000000e+00 
+3.4895833e-01 -3.0208333e-01 +0.0000000e+00 
+3.4375000e-01 -3.1250000e-01 +0.0000000e+00 
+3.3854167e-01 -3.2291667e-01 +0.0000000e+00 
+3.3333333e-01 -3.3333333e-01 +0.0000000e+00 
+3.2820513e-01 -3.2820513e-01 +0.0000000e+00 
+3.2307692e-01 -3.2307692e-01 +0.0000000e+00 
+3.1794872e-01 -3.1794872e-01 +0.0000000e+00 
+3.1282051e-01 -3.1282051e-01 +0.0000000e+00 
+3.0769231e-01 -3.0769231e-01 +0.0000000e+00 
+3.0256410e-01 -3.0256410e-01 +0.0000000e+00 
+2.9743590e-01 -2.9743590e-01 +0.0000000e+00 
+2.9230769e-01 -2.9230769e-01 +0.0000000e+00 
+2.8717949e-01 -2.8717949e-01 +0.0000000e+00 
+2.8205128e-01 -2.8205128e-01 +0.0000000e+00 
+2.7692308e-01 -2.7692308e-01 +0.0000000e+00 
+2.7179487e-01 -2.7179487e-01 +0.0000000e+00 
+2.6666667e-01 -2.6666667e-01 +0.0000000e+00 
+2.6153846e-01 -2.6153846e-01 +0.0000000e+00 
+2.5641026e-01 -2.5641026e-01 +0.0000000e+00 
+2.5128205e-01 -2.5128205e-01 +0.0000000e+00 
+2.4615385e-01 -2.4615385e-01 +0.0000000e+00 
+2.4102564e-01 -2.4102564e-01 +0.0000000e+00 
+2.3589744e-01 -2.3589744e-01 +0.0000000e+00 
+2.3076923e-01 -2.3076923e-01 +0.0000000e+00 
+2.2564103e-01 -2.2564103e-01 +0.0000000e+00 
+2.2051282e-01 -2.2051282e-01 +0.0000000e+00 
+2.1538462e-01 -2.1538462e-01 +0.0000000e+00 
+2.1025641e-01 -2.1025641e-01 +0.0000000e+00 
+2.0512821e-01 -2.0512821e-01 +0.0000000e+00 
+2.0000000e-01 -2.0000000e-01 +0.0000000e+00 
+1.9487179e-01 -1.9487179e-01 +0.0000000e+00 
+1.8974359e-01 -1.8974359e-01 +0.0000000e+00 
+1.8461538e-01 -1.8461538e-01 +0.0000000e+00 
+1.7948718e-01 -1.7948718e-01 +0.0000000e+00 
+1.7435897e-01 -1.7435897e-01 +0.0000000e+00 
+1.6923077e-01 -1.6923077e-01 +0.0000000e+00 
+1.6410256e-01 -1.6410256e-01 +0.0000000e+00 
+1.5897436e-01 -1.5897436e-01 +0.0000000e+00 
+1.5384615e-01 -1.5384615e-01 +0.0000000e+00 
+1.4871795e-01 -1.4871795e-01 +0.0000000e+00 
+1.4358974e-01 -1.4358974e-01 +0.0000000e+00 
+1.3846154e-01 -1.3846154e-01 +0.0000000e+00 
+1.3333333e-01 -1.3333333e-01 +0.0000000e+00 
+1.2820513e-01 -1.2820513e-01 +0.0000000e+00 
+1.2307692e-01 -1.2307692e-01 +0.0000000e+00 
+1.1794872e-01 -1.1794872e-01 +0.0000000e+00 
+1.1282051e-01 -1.1282051e-01 +0.0000000e+00 
+1.0769231e-01 -1.0769231e-01 +0.0000000e+00 
+1.0256410e-01 -1.0256410e-01 +0.0000000e+00 
+9.7435897e-02 -9.7435897e-02 +0.0000000e+00 
+9.2307692e-02 -9.2307692e-02 +0.0000000e+00 
+8.7179487e-02 -8.7179487e-02 +0.0000000e+00 
+8.2051282e-02 -8.2051282e-02 +0.0000000e+00 
+7.6923077e-02 -7.6923077e-02 +0.0000000e+00 
+7.1794872e-02 -7.1794872e-02 +0.0000000e+00 
+6.6666667e-02 -6.6666667e-02 +0.0000000e+00 
+6.1538462e-02 -6.1538462e-02 +0.0000000e+00 
+5.6410256e-02 -5.6410256e-02 +0.0000000e+00 
+5.1282051e-02 -5.1282051e-02 +0.0000000e+00 
+4.6153846e-02 -4.6153846e-02 +0.0000000e+00 
+4.1025641e-02 -4.1025641e-02 +0.0000000e+00 
+3.5897436e-02 -3.5897436e-02 +0.0000000e+00 
+3.0769231e-02 -3.0769231e-02 +0.0000000e+00 
+2.5641026e-02 -2.5641026e-02 +0.0000000e+00 
+2.0512821e-02 -2.0512821e-02 +0.0000000e+00 
+1.5384615e-02 -1.5384615e-02 +0.0000000e+00 
+1.0256410e-02 -1.0256410e-02 +0.0000000e+00 
+5.1282051e-03 -5.1282051e-03 +0.0000000e+00 
+0.0000000e+00 +0.0000000e+00 +0.0000000e+00 
+0.0000000e+00 +0.0000000e+00 -1.6129032e-02 
+0.0000000e+00 +0.0000000e+00 -3.2258065e-02 
+0.0000000e+00 +0.0000000e+00 -4.8387097e-02 
+0.0000000e+00 +0.0000000e+00 -6.4516129e-02 
+0.0000000e+00 +0.0000000e+00 -8.0645161e-02 
+0.0000000e+00 +0.0000000e+00 -9.6774194e-02 
+0.0000000e+00 +0.0000000e+00 -1.1290323e-01 
+0.0000000e+00 +0.0000000e+00 -1.2903226e-01 
+0.0000000e+00 +0.0000000e+00 -1.4516129e-01 
+0.0000000e+00 +0.0000000e+00 -1.6129032e-01 
+0.0000000e+00 +0.0000000e+00 -1.7741935e-01 
+0.0000000e+00 +0.0000000e+00 -1.9354839e-01 
+0.0000000e+00 +0.0000000e+00 -2.0967742e-01 
+0.0000000e+00 +0.0000000e+00 -2.2580645e-01 
+0.0000000e+00 +0.0000000e+00 -2.4193548e-01 
+0.0000000e+00 +0.0000000e+00 -2.5806452e-01 
+0.0000000e+00 +0.0000000e+00 -2.7419355e-01 
+0.0000000e+00 +0.0000000e+00 -2.9032258e-01 
+0.0000000e+00 +0.0000000e+00 -3.0645161e-01 
+0.0000000e+00 +0.0000000e+00 -3.2258065e-01 
+0.0000000e+00 +0.0000000e+00 -3.3870968e-01 
+0.0000000e+00 +0.0000000e+00 -3.5483871e-01 
+0.0000000e+00 +0.0000000e+00 -3.7096774e-01 
+0.0000000e+00 +0.0000000e+00 -3.8709677e-01 
+0.0000000e+00 +0.0000000e+00 -4.0322581e-01 
+0.0000000e+00 +0.0000000e+00 -4.1935484e-01 
+0.0000000e+00 +0.0000000e+00 -4.3548387e-01 
+0.0000000e+00 +0.0000000e+00 -4.5161290e-01 
+0.0000000e+00 +0.0000000e+00 -4.6774194e-01 
+0.0000000e+00 +0.0000000e+00 -4.8387097e-01 
+0.0000000e+00 +0.0000000e+00 -5.0000000e-01 
+8.9285714e-03 +0.0000000e+00 -5.0000000e-01 
+1.7857143e-02 +0.0000000e+00 -5.0000000e-01 
+2.6785714e-02 +0.0000000e+00 -5.0000000e-01 
+3.5714286e-02 +0.0000000e+00 -5.0000000e-01 
+4.4642857e-02 +0.0000000e+00 -5.0000000e-01 
+5.3571429e-02 +0.0000000e+00 -5.0000000e-01 
+6.2500000e-02 +0.0000000e+00 -5.0000000e-01 
+7.1428571e-02 +0.0000000e+00 -5.0000000e-01 
+8.0357143e-02 +0.0000000e+00 -5.0000000e-01 
+8.9285714e-02 +0.0000000e+00 -5.0000000e-01 
+9.8214286e-02 +0.0000000e+00 -5.0000000e-01 
+1.0714286e-01 +0.0000000e+00 -5.0000000e-01 
+1.1607143e-01 +0.0000000e+00 -5.0000000e-01 
+1.2500000e-01 +0.0000000e+00 -5.0000000e-01 
+1.3392857e-01 +0.0000000e+00 -5.0000000e-01 
+1.4285714e-01 +0.0000000e+00 -5.0000000e-01 
+1.5178571e-01 +0.0000000e+00 -5.0000000e-01 
+1.6071429e-01 +0.0000000e+00 -5.0000000e-01 
+1.6964286e-01 +0.0000000e+00 -5.0000000e-01 
+1.7857143e-01 +0.0000000e+00 -5.0000000e-01 
+1.8750000e-01 +0.0000000e+00 -5.0000000e-01 
+1.9642857e-01 +0.0000000e+00 -5.0000000e-01 
+2.0535714e-01 +0.0000000e+00 -5.0000000e-01 
+2.1428571e-01 +0.0000000e+00 -5.0000000e-01 
+2.2321429e-01 +0.0000000e+00 -5.0000000e-01 
+2.3214286e-01 +0.0000000e+00 -5.0000000e-01 
+2.4107143e-01 +0.0000000e+00 -5.0000000e-01 
+2.5000000e-01 +0.0000000e+00 -5.0000000e-01 
+2.5892857e-01 +0.0000000e+00 -5.0000000e-01 
+2.6785714e-01 +0.0000000e+00 -5.0000000e-01 
+2.7678571e-01 +0.0000000e+00 -5.0000000e-01 
+2.8571429e-01 +0.0000000e+00 -5.0000000e-01 
+2.9464286e-01 +0.0000000e+00 -5.0000000e-01 
+3.0357143e-01 +0.0000000e+00 -5.0000000e-01 
+3.1250000e-01 +0.0000000e+00 -5.0000000e-01 
+3.2142857e-01 +0.0000000e+00 -5.0000000e-01 
+3.3035714e-01 +0.0000000e+00 -5.0000000e-01 
+3.3928571e-01 +0.0000000e+00 -5.0000000e-01 
+3.4821429e-01 +0.0000000e+00 -5.0000000e-01 
+3.5714286e-01 +0.0000000e+00 -5.0000000e-01 
+3.6607143e-01 +0.0000000e+00 -5.0000000e-01 
+3.7500000e-01 +0.0000000e+00 -5.0000000e-01 
+3.8392857e-01 +0.0000000e+00 -5.0000000e-01 
+3.9285714e-01 +0.0000000e+00 -5.0000000e-01 
+4.0178571e-01 +0.0000000e+00 -5.0000000e-01 
+4.1071429e-01 +0.0000000e+00 -5.0000000e-01 
+4.1964286e-01 +0.0000000e+00 -5.0000000e-01 
+4.2857143e-01 +0.0000000e+00 -5.0000000e-01 
+4.3750000e-01 +0.0000000e+00 -5.0000000e-01 
+4.4642857e-01 +0.0000000e+00 -5.0000000e-01 
+4.5535714e-01 +0.0000000e+00 -5.0000000e-01 
+4.6428571e-01 +0.0000000e+00 -5.0000000e-01 
+4.7321429e-01 +0.0000000e+00 -5.0000000e-01 
+4.8214286e-01 +0.0000000e+00 -5.0000000e-01 
+4.9107143e-01 +0.0000000e+00 -5.0000000e-01 
+5.0000000e-01 +0.0000000e+00 -5.0000000e-01 
+4.9479167e-01 -1.0416667e-02 -5.0000000e-01 
+4.8958333e-01 -2.0833333e-02 -5.0000000e-01 
+4.8437500e-01 -3.1250000e-02 -5.0000000e-01 
+4.7916667e-01 -4.1666667e-02 -5.0000000e-01 
+4.7395833e-01 -5.2083333e-02 -5.0000000e-01 
+4.6875000e-01 -6.2500000e-02 -5.0000000e-01 
+4.6354167e-01 -7.2916667e-02 -5.0000000e-01 
+4.5833333e-01 -8.3333333e-02 -5.0000000e-01 
+4.5312500e-01 -9.3750000e-02 -5.0000000e-01 
+4.4791667e-01 -1.0416667e-01 -5.0000000e-01 
+4.4270833e-01 -1.1458333e-01 -5.0000000e-01 
+4.3750000e-01 -1.2500000e-01 -5.0000000e-01 
+4.3229167e-01 -1.3541667e-01 -5.0000000e-01 
+4.2708333e-01 -1.4583333e-01 -5.0000000e-01 
+4.2187500e-01 -1.5625000e-01 -5.0000000e-01 
+4.1666667e-01 -1.6666667e-01 -5.0000000e-01 
+4.1145833e-01 -1.7708333e-01 -5.0000000e-01 
+4.0625000e-01 -1.8750000e-01 -5.0000000e-01 
+4.0104167e-01 -1.9791667e-01 -5.0000000e-01 
+3.9583333e-01 -2.0833333e-01 -5.0000000e-01 
+3.9062500e-01 -2.1875000e-01 -5.0000000e-01 
+3.8541667e-01 -2.2916667e-01 -5.0000000e-01 
+3.8020833e-01 -2.3958333e-01 -5.0000000e-01 
+3.7500000e-01 -2.5000000e-01 -5.0000000e-01 
+3.6979167e-01 -2.6041667e-01 -5.0000000e-01 
+3.6458333e-01 -2.7083333e-01 -5.0000000e-01 
+3.5937500e-01 -2.8125000e-01 -5.0000000e-01 
+3.5416667e-01 -2.9166667e-01 -5.0000000e-01 
+3.4895833e-01 -3.0208333e-01 -5.0000000e-01 
+3.4375000e-01 -3.1250000e-01 -5.0000000e-01 
+3.3854167e-01 -3.2291667e-01 -5.0000000e-01 
+3.3333333e-01 -3.3333333e-01 -5.0000000e-01 
+3.2820513e-01 -3.2820513e-01 -5.0000000e-01 
+3.2307692e-01 -3.2307692e-01 -5.0000000e-01 
+3.1794872e-01 -3.1794872e-01 -5.0000000e-01 
+3.1282051e-01 -3.1282051e-01 -5.0000000e-01 
+3.0769231e-01 -3.0769231e-01 -5.0000000e-01 
+3.0256410e-01 -3.0256410e-01 -5.0000000e-01 
+2.9743590e-01 -2.9743590e-01 -5.0000000e-01 
+2.9230769e-01 -2.9230769e-01 -5.0000000e-01 
+2.8717949e-01 -2.8717949e-01 -5.0000000e-01 
+2.8205128e-01 -2.8205128e-01 -5.0000000e-01 
+2.7692308e-01 -2.7692308e-01 -5.0000000e-01 
+2.7179487e-01 -2.7179487e-01 -5.0000000e-01 
+2.6666667e-01 -2.6666667e-01 -5.0000000e-01 
+2.6153846e-01 -2.6153846e-01 -5.0000000e-01 
+2.5641026e-01 -2.5641026e-01 -5.0000000e-01 
+2.5128205e-01 -2.5128205e-01 -5.0000000e-01 
+2.4615385e-01 -2.4615385e-01 -5.0000000e-01 
+2.4102564e-01 -2.4102564e-01 -5.0000000e-01 
+2.3589744e-01 -2.3589744e-01 -5.0000000e-01 
+2.3076923e-01 -2.3076923e-01 -5.0000000e-01 
+2.2564103e-01 -2.2564103e-01 -5.0000000e-01 
+2.2051282e-01 -2.2051282e-01 -5.0000000e-01 
+2.1538462e-01 -2.1538462e-01 -5.0000000e-01 
+2.1025641e-01 -2.1025641e-01 -5.0000000e-01 
+2.0512821e-01 -2.0512821e-01 -5.0000000e-01 
+2.0000000e-01 -2.0000000e-01 -5.0000000e-01 
+1.9487179e-01 -1.9487179e-01 -5.0000000e-01 
+1.8974359e-01 -1.8974359e-01 -5.0000000e-01 
+1.8461538e-01 -1.8461538e-01 -5.0000000e-01 
+1.7948718e-01 -1.7948718e-01 -5.0000000e-01 
+1.7435897e-01 -1.7435897e-01 -5.0000000e-01 
+1.6923077e-01 -1.6923077e-01 -5.0000000e-01 
+1.6410256e-01 -1.6410256e-01 -5.0000000e-01 
+1.5897436e-01 -1.5897436e-01 -5.0000000e-01 
+1.5384615e-01 -1.5384615e-01 -5.0000000e-01 
+1.4871795e-01 -1.4871795e-01 -5.0000000e-01 
+1.4358974e-01 -1.4358974e-01 -5.0000000e-01 
+1.3846154e-01 -1.3846154e-01 -5.0000000e-01 
+1.3333333e-01 -1.3333333e-01 -5.0000000e-01 
+1.2820513e-01 -1.2820513e-01 -5.0000000e-01 
+1.2307692e-01 -1.2307692e-01 -5.0000000e-01 
+1.1794872e-01 -1.1794872e-01 -5.0000000e-01 
+1.1282051e-01 -1.1282051e-01 -5.0000000e-01 
+1.0769231e-01 -1.0769231e-01 -5.0000000e-01 
+1.0256410e-01 -1.0256410e-01 -5.0000000e-01 
+9.7435897e-02 -9.7435897e-02 -5.0000000e-01 
+9.2307692e-02 -9.2307692e-02 -5.0000000e-01 
+8.7179487e-02 -8.7179487e-02 -5.0000000e-01 
+8.2051282e-02 -8.2051282e-02 -5.0000000e-01 
+7.6923077e-02 -7.6923077e-02 -5.0000000e-01 
+7.1794872e-02 -7.1794872e-02 -5.0000000e-01 
+6.6666667e-02 -6.6666667e-02 -5.0000000e-01 
+6.1538462e-02 -6.1538462e-02 -5.0000000e-01 
+5.6410256e-02 -5.6410256e-02 -5.0000000e-01 
+5.1282051e-02 -5.1282051e-02 -5.0000000e-01 
+4.6153846e-02 -4.6153846e-02 -5.0000000e-01 
+4.1025641e-02 -4.1025641e-02 -5.0000000e-01 
+3.5897436e-02 -3.5897436e-02 -5.0000000e-01 
+3.0769231e-02 -3.0769231e-02 -5.0000000e-01 
+2.5641026e-02 -2.5641026e-02 -5.0000000e-01 
+2.0512821e-02 -2.0512821e-02 -5.0000000e-01 
+1.5384615e-02 -1.5384615e-02 -5.0000000e-01 
+1.0256410e-02 -1.0256410e-02 -5.0000000e-01 
+5.1282051e-03 -5.1282051e-03 -5.0000000e-01 
+0.0000000e+00 +0.0000000e+00 -5.0000000e-01 
+5.0000000e-01 +0.0000000e+00 -5.0000000e-01 
+5.0000000e-01 +0.0000000e+00 -4.8387097e-01 
+5.0000000e-01 +0.0000000e+00 -4.6774194e-01 
+5.0000000e-01 +0.0000000e+00 -4.5161290e-01 
+5.0000000e-01 +0.0000000e+00 -4.3548387e-01 
+5.0000000e-01 +0.0000000e+00 -4.1935484e-01 
+5.0000000e-01 +0.0000000e+00 -4.0322581e-01 
+5.0000000e-01 +0.0000000e+00 -3.8709677e-01 
+5.0000000e-01 +0.0000000e+00 -3.7096774e-01 
+5.0000000e-01 +0.0000000e+00 -3.5483871e-01 
+5.0000000e-01 +0.0000000e+00 -3.3870968e-01 
+5.0000000e-01 +0.0000000e+00 -3.2258065e-01 
+5.0000000e-01 +0.0000000e+00 -3.0645161e-01 
+5.0000000e-01 +0.0000000e+00 -2.9032258e-01 
+5.0000000e-01 +0.0000000e+00 -2.7419355e-01 
+5.0000000e-01 +0.0000000e+00 -2.5806452e-01 
+5.0000000e-01 +0.0000000e+00 -2.4193548e-01 
+5.0000000e-01 +0.0000000e+00 -2.2580645e-01 
+5.0000000e-01 +0.0000000e+00 -2.0967742e-01 
+5.0000000e-01 +0.0000000e+00 -1.9354839e-01 
+5.0000000e-01 +0.0000000e+00 -1.7741935e-01 
+5.0000000e-01 +0.0000000e+00 -1.6129032e-01 
+5.0000000e-01 +0.0000000e+00 -1.4516129e-01 
+5.0000000e-01 +0.0000000e+00 -1.2903226e-01 
+5.0000000e-01 +0.0000000e+00 -1.1290323e-01 
+5.0000000e-01 +0.0000000e+00 -9.6774194e-02 
+5.0000000e-01 +0.0000000e+00 -8.0645161e-02 
+5.0000000e-01 +0.0000000e+00 -6.4516129e-02 
+5.0000000e-01 +0.0000000e+00 -4.8387097e-02 
+5.0000000e-01 +0.0000000e+00 -3.2258065e-02 
+5.0000000e-01 +0.0000000e+00 -1.6129032e-02 
+5.0000000e-01 +0.0000000e+00 +0.0000000e+00 
+3.3333333e-01 -3.3333333e-01 +0.0000000e+00 
+3.3333333e-01 -3.3333333e-01 -1.6129032e-02 
+3.3333333e-01 -3.3333333e-01 -3.2258065e-02 
+3.3333333e-01 -3.3333333e-01 -4.8387097e-02 
+3.3333333e-01 -3.3333333e-01 -6.4516129e-02 
+3.3333333e-01 -3.3333333e-01 -8.0645161e-02 
+3.3333333e-01 -3.3333333e-01 -9.6774194e-02 
+3.3333333e-01 -3.3333333e-01 -1.1290323e-01 
+3.3333333e-01 -3.3333333e-01 -1.2903226e-01 
+3.3333333e-01 -3.3333333e-01 -1.4516129e-01 
+3.3333333e-01 -3.3333333e-01 -1.6129032e-01 
+3.3333333e-01 -3.3333333e-01 -1.7741935e-01 
+3.3333333e-01 -3.3333333e-01 -1.9354839e-01 
+3.3333333e-01 -3.3333333e-01 -2.0967742e-01 
+3.3333333e-01 -3.3333333e-01 -2.2580645e-01 
+3.3333333e-01 -3.3333333e-01 -2.4193548e-01 
+3.3333333e-01 -3.3333333e-01 -2.5806452e-01 
+3.3333333e-01 -3.3333333e-01 -2.7419355e-01 
+3.3333333e-01 -3.3333333e-01 -2.9032258e-01 
+3.3333333e-01 -3.3333333e-01 -3.0645161e-01 
+3.3333333e-01 -3.3333333e-01 -3.2258065e-01 
+3.3333333e-01 -3.3333333e-01 -3.3870968e-01 
+3.3333333e-01 -3.3333333e-01 -3.5483871e-01 
+3.3333333e-01 -3.3333333e-01 -3.7096774e-01 
+3.3333333e-01 -3.3333333e-01 -3.8709677e-01 
+3.3333333e-01 -3.3333333e-01 -4.0322581e-01 
+3.3333333e-01 -3.3333333e-01 -4.1935484e-01 
+3.3333333e-01 -3.3333333e-01 -4.3548387e-01 
+3.3333333e-01 -3.3333333e-01 -4.5161290e-01 
+3.3333333e-01 -3.3333333e-01 -4.6774194e-01 
+3.3333333e-01 -3.3333333e-01 -4.8387097e-01 
+3.3333333e-01 -3.3333333e-01 -5.0000000e-01 
# energies (kpt,band,spin)
# spin = 1
-9.8238737e+01 -9.8208756e+01 -1.0838560e+01 -4.0179174e+00 +1.6325450e+00 +1.6643808e+01 +1.6643913e+01 +1.9419898e+01 +1.9420023e+01 +2.1046396e+01 +4.1514152e+01 +4.1515368e+01 
-9.8238720e+01 -9.8208750e+01 -1.0836267e+01 -4.0184344e+00 +1.6329525e+00 +1.6618993e+01 +1.6622971e+01 +1.9422080e+01 +1.9430749e+01 +2.1043683e+01 +4.0796026e+01 +4.1664844e+01 
-9.8238669e+01 -9.8208731e+01 -1.0829392e+01 -4.0189091e+00 +1.6341700e+00 +1.6546939e+01 +1.6562678e+01 +1.9427158e+01 +1.9460703e+01 +2.1035559e+01 +3.9185009e+01 +4.2098911e+01 
-9.8238583e+01 -9.8208699e+01 -1.0817944e+01 -4.0167969e+00 +1.6362002e+00 +1.6433991e+01 +1.6468821e+01 +1.9432042e+01 +1.9503996e+01 +2.1022053e+01 +3.7462839e+01 +4.2767428e+01 
-9.8238463e+01 -9.8208654e+01 -1.0801937e+01 -4.0094496e+00 +1.6390841e+00 +1.6286890e+01 +1.6348583e+01 +1.9433778e+01 +1.9553573e+01 +2.1003202e+01 +3.5970033e+01 +4.3595494e+01 
-9.8238310e+01 -9.8208597e+01 -1.0781382e+01 -3.9950430e+00 +1.6429069e+00 +1.6110811e+01 +1.6208532e+01 +1.9430746e+01 +1.9603214e+01 +2.0979007e+01 +3.4757636e+01 +4.4493683e+01 
-9.8238122e+01 -9.8208528e+01 -1.0756285e+01 -3.9727301e+00 +1.6477743e+00 +1.5909134e+01 +1.6053714e+01 +1.9422687e+01 +1.9648449e+01 +2.0949381e+01 +3.3777893e+01 +4.5372613e+01 
-9.8237902e+01 -9.8208446e+01 -1.0726654e+01 -3.9423526e+00 +1.6537790e+00 +1.5684141e+01 +1.5887626e+01 +1.9410194e+01 +1.9686577e+01 +2.0914073e+01 +3.2963799e+01 +4.4567905e+01 
-9.8237649e+01 -9.8208352e+01 -1.0692492e+01 -3.9040860e+00 +1.6609725e+00 +1.5437764e+01 +1.5712586e+01 +1.9394172e+01 +1.9716265e+01 +2.0872582e+01 +3.2253257e+01 +4.3675936e+01 
-9.8237364e+01 -9.8208246e+01 -1.0653802e+01 -3.8581911e+00 +1.6693498e+00 +1.5172008e+01 +1.5530195e+01 +1.9375493e+01 +1.9737081e+01 +2.0824077e+01 +3.1594437e+01 +4.2922939e+01 
-9.8237047e+01 -9.8208130e+01 -1.0610586e+01 -3.8048973e+00 +1.6788402e+00 +1.4889076e+01 +1.5341704e+01 +1.9354824e+01 +1.9749119e+01 +2.0767343e+01 +3.0946648e+01 +4.2333685e+01 
-9.8236700e+01 -9.8208002e+01 -1.0562842e+01 -3.7443847e+00 +1.6893028e+00 +1.4591298e+01 +1.5148254e+01 +1.9332550e+01 +1.9752744e+01 +2.0700766e+01 +3.0281045e+01 +4.1921613e+01 
-9.8236323e+01 -9.8207865e+01 -1.0510562e+01 -3.6768192e+00 +1.7005259e+00 +1.4280982e+01 +1.4950992e+01 +1.9308729e+01 +1.9748432e+01 +2.0622371e+01 +2.9581472e+01 +4.1688914e+01 
-9.8235917e+01 -9.8207718e+01 -1.0453731e+01 -3.6023908e+00 +1.7122330e+00 +1.3960273e+01 +1.4751088e+01 +1.9283022e+01 +1.9736685e+01 +2.0529899e+01 +2.8844407e+01 +4.1627510e+01 
-9.8235484e+01 -9.8207563e+01 -1.0392324e+01 -3.5213284e+00 +1.7240995e+00 +1.3631062e+01 +1.4549696e+01 +1.9254599e+01 +1.9717983e+01 +2.0420916e+01 +2.8077391e+01 +4.1721511e+01 
-9.8235024e+01 -9.8207400e+01 -1.0326304e+01 -3.4338819e+00 +1.7357809e+00 +1.3294966e+01 +1.4347895e+01 +1.9222012e+01 +1.9692771e+01 +2.0292938e+01 +2.7296156e+01 +4.1950686e+01 
-9.8234539e+01 -9.8207230e+01 -1.0255629e+01 -3.3402917e+00 +1.7469454e+00 +1.2953400e+01 +1.4146632e+01 +1.9183084e+01 +1.9661462e+01 +2.0143570e+01 +2.6521137e+01 +4.2294061e+01 
-9.8234030e+01 -9.8207054e+01 -1.0180258e+01 -3.2407613e+00 +1.7572982e+00 +1.2607687e+01 +1.3946694e+01 +1.9134840e+01 +1.9624446e+01 +1.9970666e+01 +2.5773949e+01 +4.0817895e+01 
-9.8233497e+01 -9.8206874e+01 -1.0100153e+01 -3.1354447e+00 +1.7665857e+00 +1.2259193e+01 +1.3748705e+01 +1.9073549e+01 +1.9582108e+01 +1.9772503e+01 +2.5074306e+01 +3.8271149e+01 
-9.8232943e+01 -9.8206689e+01 -1.0015293e+01 -3.0244462e+00 +1.7745747e+00 +1.1909415e+01 +1.3553147e+01 +1.8994924e+01 +1.9534843e+01 +1.9547977e+01 +2.4437806e+01 +3.6118185e+01 
-9.8232368e+01 -9.8206502e+01 -9.9256767e+00 -2.9078291e+00 +1.7810153e+00 +1.1560018e+01 +1.3360385e+01 +1.8894509e+01 +1.9296781e+01 +1.9483065e+01 +2.3874855e+01 +3.4337093e+01 
-9.8231775e+01 -9.8206312e+01 -9.8313312e+00 -2.7856263e+00 +1.7855977e+00 +1.1212796e+01 +1.3170707e+01 +1.8768292e+01 +1.9019529e+01 +1.9427214e+01 +2.3390581e+01 +3.2881023e+01 
-9.8231164e+01 -9.8206121e+01 -9.7323199e+00 -2.6578507e+00 +1.7879161e+00 +1.0869610e+01 +1.2984351e+01 +1.8613443e+01 +1.8717774e+01 +1.9367748e+01 +2.2985343e+01 +3.1698312e+01 
-9.8230538e+01 -9.8205930e+01 -9.6287528e+00 -2.5245036e+00 +1.7874418e+00 +1.0532300e+01 +1.2801527e+01 +1.8393901e+01 +1.8428988e+01 +1.9305133e+01 +2.2655433e+01 +3.0741305e+01 
-9.8229897e+01 -9.8205740e+01 -9.5207930e+00 -2.3855800e+00 +1.7835071e+00 +1.0202596e+01 +1.2622436e+01 +1.8050904e+01 +1.8216107e+01 +1.9239819e+01 +2.2393858e+01 +2.9969177e+01 
-9.8229245e+01 -9.8205551e+01 -9.4086506e+00 -2.2410729e+00 +1.7752932e+00 +9.8820342e+00 +1.2447283e+01 +1.7692097e+01 +1.7977861e+01 +1.9172200e+01 +2.2191233e+01 +2.9348192e+01 
-9.8228582e+01 -9.8205365e+01 -9.2925507e+00 -2.0909748e+00 +1.7618227e+00 +9.5718888e+00 +1.2276281e+01 +1.7320831e+01 +1.7718461e+01 +1.9102576e+01 +2.2036774e+01 +2.8851012e+01 
-9.8227911e+01 -9.8205182e+01 -9.1726739e+00 -1.9352783e+00 +1.7419569e+00 +9.2731680e+00 +1.2109659e+01 +1.6940260e+01 +1.7442421e+01 +1.9031113e+01 +2.1919322e+01 +2.8455787e+01 
-9.8227234e+01 -9.8205005e+01 -9.0490854e+00 -1.7739751e+00 +1.7144036e+00 +8.9867101e+00 +1.1947660e+01 +1.6553196e+01 +1.7153929e+01 +1.8957819e+01 +2.1828298e+01 +2.8145248e+01 
-9.8226551e+01 -9.8204833e+01 -8.9216942e+00 -1.6070535e+00 +1.6777427e+00 +8.7133678e+00 +1.1790535e+01 +1.6162043e+01 +1.6856551e+01 +1.8882562e+01 +2.1754536e+01 +2.7905905e+01 
-9.8225866e+01 -9.8204667e+01 -8.7902737e+00 -1.4344958e+00 +1.6304759e+00 +8.4541994e+00 +1.1638537e+01 +1.5768793e+01 +1.6553207e+01 +1.8805141e+01 +2.1690879e+01 +2.7727368e+01 
-9.8225178e+01 -9.8204508e+01 -8.6545359e+00 -1.2562739e+00 +1.5710973e+00 +8.2105589e+00 +1.1491903e+01 +1.5375066e+01 +1.6246293e+01 +1.8725398e+01 +2.1632406e+01 +2.7601767e+01 
-9.8224491e+01 -9.8204358e+01 -8.5142149e+00 -1.0723456e+00 +1.4981836e+00 +7.9840360e+00 +1.1350837e+01 +1.4982163e+01 +1.5937826e+01 +1.8643352e+01 +2.1576261e+01 +2.7523296e+01 
-9.8223804e+01 -9.8204216e+01 -8.3691216e+00 -8.8265064e-01 +1.4104954e+00 +7.7762780e+00 +1.1215499e+01 +1.4591134e+01 +1.5629554e+01 +1.8559311e+01 +2.1521213e+01 +2.7487824e+01 
-9.8223121e+01 -9.8204084e+01 -8.2191609e+00 -6.8710869e-01 +1.3070842e+00 +7.5887732e+00 +1.1086001e+01 +1.4202835e+01 +1.5323031e+01 +1.8473900e+01 +2.1467150e+01 +2.7492591e+01 
-9.8222443e+01 -9.8203962e+01 -8.0643259e+00 -4.8562049e-01 +1.1873927e+00 +7.4226627e+00 +1.0962410e+01 +1.3817979e+01 +1.5019661e+01 +1.8388014e+01 +2.1414645e+01 +2.7535969e+01 
-9.8221772e+01 -9.8203851e+01 -7.9046870e+00 -2.7807275e-01 +1.0513333e+00 +7.2786201e+00 +1.0844762e+01 +1.3437175e+01 +1.4720731e+01 +1.8302704e+01 +2.1364660e+01 +2.7617273e+01 
-9.8221110e+01 -9.8203751e+01 -7.7403850e+00 -6.4348826e-02 +8.9932734e-01 +7.1568109e+00 +1.0733075e+01 +1.3060966e+01 +1.4427436e+01 +1.8219044e+01 +2.1318377e+01 +2.7736626e+01 
-9.8220459e+01 -9.8203664e+01 -7.5716271e+00 +1.5565414e-01 +7.3229345e-01 +7.0569258e+00 +1.0627358e+01 +1.2689846e+01 +1.4140895e+01 +1.8138016e+01 +2.1277087e+01 +2.7894872e+01 
-9.8219821e+01 -9.8203588e+01 -7.3986813e+00 +3.8200137e-01 +5.5158019e-01 +6.9782666e+00 +1.0527621e+01 +1.2324287e+01 +1.3862160e+01 +1.8060421e+01 +2.1242093e+01 +2.8093539e+01 
-9.8219199e+01 -9.8203525e+01 -7.2218624e+00 +3.5884987e-01 +6.1468969e-01 +6.9198475e+00 +1.0433878e+01 +1.1964747e+01 +1.3592197e+01 +1.7986853e+01 +2.1214561e+01 +2.8334836e+01 
-9.8218595e+01 -9.8203474e+01 -7.0415082e+00 +1.5593408e-01 +8.5361047e-01 +6.8804729e+00 +1.0346146e+01 +1.1611696e+01 +1.3331852e+01 +1.7917687e+01 +2.1195305e+01 +2.8621681e+01 
-9.8218010e+01 -9.8203435e+01 -6.8579553e+00 -5.5306406e-02 +1.0985061e+00 +6.8587650e+00 +1.0264449e+01 +1.1265630e+01 +1.3081821e+01 +1.7853106e+01 +2.1184571e+01 +2.8957747e+01 
-9.8217448e+01 -9.8203407e+01 -6.6715297e+00 -2.7308168e-01 +1.3489200e+00 +6.8531489e+00 +1.0188811e+01 +1.0927102e+01 +1.2842656e+01 +1.7793136e+01 +2.1181895e+01 +2.9347501e+01 
-9.8216911e+01 -9.8203391e+01 -6.4825639e+00 -4.9571054e-01 +1.6041376e+00 +6.8618292e+00 +1.0119256e+01 +1.0596758e+01 +1.2614817e+01 +1.7737692e+01 +2.1186143e+01 +2.9796193e+01 
-9.8216401e+01 -9.8203386e+01 -6.2914434e+00 -7.2159819e-01 +1.8631173e+00 +6.8827930e+00 +1.0055802e+01 +1.0275383e+01 +1.2398764e+01 +1.7686616e+01 +2.1195736e+01 +3.0309764e+01 
-9.8215921e+01 -9.8203390e+01 -6.0986730e+00 -9.4917262e-01 +2.1244043e+00 +6.9138480e+00 +9.9639720e+00 +9.9984590e+00 +1.2195058e+01 +1.7639725e+01 +2.1208956e+01 +3.0894532e+01 
-9.8215474e+01 -9.8203401e+01 -5.9049590e+00 -1.1767968e+00 +2.3860252e+00 +6.9526791e+00 +9.6638128e+00 +9.9472193e+00 +1.2004435e+01 +1.7596845e+01 +2.1224221e+01 +3.1556536e+01 
-9.8215062e+01 -9.8203420e+01 -5.7113122e+00 -1.4026582e+00 +2.6453550e+00 +6.9968998e+00 +9.3766060e+00 +9.9020491e+00 +1.1827852e+01 +1.7557848e+01 +2.1240226e+01 +3.2300233e+01 
-9.8214689e+01 -9.8203443e+01 -5.5191907e+00 -1.6246167e+00 +2.8989538e+00 +7.0440869e+00 +9.1046138e+00 +9.8628802e+00 +1.1666489e+01 +1.7522678e+01 +2.1255981e+01 +3.3126180e+01 
-9.8214357e+01 -9.8203470e+01 -5.3307203e+00 -1.8399766e+00 +3.1423767e+00 +7.0918049e+00 +8.8508478e+00 +9.8296005e+00 +1.1521738e+01 +1.7491373e+01 +2.1270758e+01 +3.4027215e+01 
-9.8214070e+01 -9.8203497e+01 -5.1490414e+00 -2.0451288e+00 +3.3699765e+00 +7.1376319e+00 +8.6192838e+00 +9.8020489e+00 +1.1395157e+01 +1.7464078e+01 +2.1284026e+01 +3.4982841e+01 
-9.8213831e+01 -9.8203523e+01 -4.9788484e+00 -2.2350028e+00 +3.5747626e+00 +7.1792067e+00 +8.4150557e+00 +9.7800168e+00 +1.1288413e+01 +1.7441038e+01 +2.1295385e+01 +3.5952262e+01 
-9.8213641e+01 -9.8203545e+01 -4.8271319e+00 -2.4023143e+00 +3.7484496e+00 +7.2143090e+00 +8.2445101e+00 +9.7632604e+00 +1.1203175e+01 +1.7422577e+01 +2.1304531e+01 +3.6868480e+01 
-9.8213504e+01 -9.8203563e+01 -4.7038757e+00 -2.5368604e+00 +3.8819336e+00 +7.2409773e+00 +8.1148935e+00 +9.7515273e+00 +1.1140987e+01 +1.7409048e+01 +2.1311233e+01 +3.7638871e+01 
-9.8213421e+01 -9.8203574e+01 -4.6216975e+00 -2.6258717e+00 +3.9664549e+00 +7.2576537e+00 +8.0333998e+00 +9.7445925e+00 +1.1103115e+01 +1.7400776e+01 +2.1315322e+01 +3.8159322e+01 
-9.8213393e+01 -9.8203578e+01 -4.5925780e+00 -2.6572787e+00 +3.9954505e+00 +7.2633291e+00 +8.0055377e+00 +9.7422996e+00 +1.1090394e+01 +1.7397991e+01 +2.1316696e+01 +3.8344040e+01 
-9.8213384e+01 -9.8203579e+01 -4.5895705e+00 -2.6551389e+00 +3.9984188e+00 +7.2628810e+00 +8.0066499e+00 +9.6605509e+00 +1.1162317e+01 +1.7392945e+01 +2.1343907e+01 +3.7788052e+01 
-9.8213356e+01 -9.8203582e+01 -4.5805546e+00 -2.6487252e+00 +4.0073348e+00 +7.2615629e+00 +8.0101559e+00 +9.4529456e+00 +1.1340429e+01 +1.7377782e+01 +2.1426184e+01 +3.6273769e+01 
-9.8213310e+01 -9.8203588e+01 -4.5655505e+00 -2.6380530e+00 +4.0222300e+00 +7.2594495e+00 +8.0164508e+00 +9.1762609e+00 +1.1567917e+01 +1.7352447e+01 +2.1565510e+01 +3.4207413e+01 
-9.8213246e+01 -9.8203596e+01 -4.5445921e+00 -2.6231407e+00 +4.0431497e+00 +7.2566537e+00 +8.0259180e+00 +8.8631111e+00 +1.1812160e+01 +1.7316880e+01 +2.1765344e+01 +3.2036744e+01 
-9.8213164e+01 -9.8203607e+01 -4.5177269e+00 -2.6040018e+00 +4.0701454e+00 +7.2533088e+00 +8.0387499e+00 +8.5289330e+00 +1.2057811e+01 +1.7271060e+01 +2.2030902e+01 +3.0041779e+01 
-9.8213065e+01 -9.8203621e+01 -4.4850155e+00 -2.5806378e+00 +4.1032675e+00 +7.2495455e+00 +8.0548944e+00 +8.1814522e+00 +1.2297408e+01 +1.7215062e+01 +2.2369599e+01 +2.8316576e+01 
-9.8212948e+01 -9.8203638e+01 -4.4465285e+00 -2.5530344e+00 +4.1425604e+00 +7.2454683e+00 +7.8249989e+00 +8.0740888e+00 +1.2527118e+01 +1.7149095e+01 +2.2791743e+01 +2.6851874e+01 
-9.8212815e+01 -9.8203658e+01 -4.4023420e+00 -2.5211638e+00 +4.1880593e+00 +7.2411353e+00 +7.4622885e+00 +8.0959172e+00 +1.2744980e+01 +1.7073545e+01 +2.3311523e+01 +2.5603126e+01 
-9.8212666e+01 -9.8203682e+01 -4.3525310e+00 -2.4849918e+00 +4.2397903e+00 +7.0951935e+00 +7.2365494e+00 +8.1198589e+00 +1.2950115e+01 +1.6988985e+01 +2.3948357e+01 +2.4522947e+01 
-9.8212501e+01 -9.8203710e+01 -4.2971611e+00 -2.4444867e+00 +4.2977707e+00 +6.7251038e+00 +7.2316591e+00 +8.1453182e+00 +1.3142279e+01 +1.6896170e+01 +2.3571971e+01 +2.4728561e+01 
-9.8212321e+01 -9.8203743e+01 -4.2362812e+00 -2.3996285e+00 +4.3620104e+00 +6.3531029e+00 +7.2263708e+00 +8.1716386e+00 +1.3321561e+01 +1.6796014e+01 +2.2720548e+01 +2.5687134e+01 
-9.8212127e+01 -9.8203780e+01 -4.1699192e+00 -2.3504155e+00 +4.4325136e+00 +5.9800574e+00 +7.2205650e+00 +8.1981065e+00 +1.3488136e+01 +1.6689566e+01 +2.1947409e+01 +2.6868867e+01 
-9.8211919e+01 -9.8203823e+01 -4.0980820e+00 -2.2968663e+00 +4.5092795e+00 +5.6066620e+00 +7.2141131e+00 +8.2239478e+00 +1.3642080e+01 +1.6577975e+01 +2.1237738e+01 +2.8326627e+01 
-9.8211699e+01 -9.8203872e+01 -4.0207610e+00 -2.2390203e+00 +4.5923037e+00 +5.2334641e+00 +7.2068919e+00 +8.2483209e+00 +1.3783255e+01 +1.6462466e+01 +2.0581432e+01 +3.0111104e+01 
-9.8211467e+01 -9.8203927e+01 -3.9379414e+00 -2.1769359e+00 +4.6815783e+00 +4.8608805e+00 +7.1987942e+00 +8.2703074e+00 +1.3911310e+01 +1.6344313e+01 +1.9971752e+01 +3.2238198e+01 
-9.8211224e+01 -9.8203990e+01 -3.8496123e+00 -2.1106876e+00 +4.4892211e+00 +4.7770925e+00 +7.1897387e+00 +8.2889033e+00 +1.4025789e+01 +1.6224818e+01 +1.9404317e+01 +3.4608014e+01 
-9.8210972e+01 -9.8204061e+01 -3.7557778e+00 -2.0403639e+00 +4.1187275e+00 +4.8788318e+00 +7.1796807e+00 +8.3030111e+00 +1.4126358e+01 +1.6105281e+01 +1.8876389e+01 +3.6882487e+01 
-9.8210711e+01 -9.8204141e+01 -3.6564666e+00 -1.9660645e+00 +3.7496403e+00 +4.9867787e+00 +7.1686255e+00 +8.3114354e+00 +1.4213089e+01 +1.5986964e+01 +1.8386360e+01 +3.8578006e+01 
-9.8210442e+01 -9.8204230e+01 -3.5517427e+00 -1.8878987e+00 +3.3822937e+00 +5.1009120e+00 +7.1566434e+00 +8.3128859e+00 +1.4286688e+01 +1.5871040e+01 +1.7933384e+01 +3.9558529e+01 
-9.8210167e+01 -9.8204329e+01 -3.4417183e+00 -1.8059826e+00 +3.0172217e+00 +5.2212068e+00 +7.1438812e+00 +8.3059877e+00 +1.4348586e+01 +1.5758535e+01 +1.7517119e+01 +4.0060108e+01 
-9.8209886e+01 -9.8204438e+01 -3.3265672e+00 -1.7204386e+00 +2.6552366e+00 +5.3476347e+00 +7.1305648e+00 +8.2893042e+00 +1.4400811e+01 +1.5650273e+01 +1.7137516e+01 +4.0309241e+01 
-9.8209601e+01 -9.8204558e+01 -3.2065434e+00 -1.6313952e+00 +2.2974424e+00 +5.4801643e+00 +7.1169861e+00 +8.2613737e+00 +1.4445696e+01 +1.5546851e+01 +1.6794666e+01 +4.0428002e+01 
-9.8209313e+01 -9.8204688e+01 -3.0820055e+00 -1.5389875e+00 +1.9451701e+00 +5.6187621e+00 +7.1034765e+00 +8.2207594e+00 +1.4485535e+01 +1.5448644e+01 +1.6488660e+01 +4.0474849e+01 
-9.8209024e+01 -9.8204828e+01 -2.9534599e+00 -1.4433601e+00 +1.5998687e+00 +5.7633938e+00 +7.0903737e+00 +8.1661122e+00 +1.4522312e+01 +1.5355857e+01 +1.6219469e+01 +4.0477672e+01 
-9.8208735e+01 -9.8204979e+01 -2.8216345e+00 -1.3446688e+00 +1.2630250e+00 +5.9140266e+00 +7.0779926e+00 +8.0962385e+00 +1.4557573e+01 +1.5268587e+01 +1.5986837e+01 +4.0450167e+01 
-9.8208448e+01 -9.8205141e+01 -2.6876111e+00 -1.2430832e+00 +9.3619771e-01 +6.0706319e+00 +7.0666091e+00 +8.0101662e+00 +1.4592421e+01 +1.5186897e+01 +1.5790202e+01 +4.0399881e+01 
-9.8208165e+01 -9.8205313e+01 -2.5530640e+00 -1.1387879e+00 +6.2124362e-01 +6.2331882e+00 +7.0564569e+00 +7.9071970e+00 +1.4627598e+01 +1.5110862e+01 +1.5628634e+01 +4.0332632e+01 
-9.8207891e+01 -9.8205493e+01 -2.4206997e+00 -1.0319826e+00 +3.2081734e-01 +6.4016846e+00 +7.0477372e+00 +7.7869374e+00 +1.4663585e+01 +1.5040592e+01 +1.5500821e+01 +4.0255106e+01 
-9.8207632e+01 -9.8205675e+01 -2.2950863e+00 -9.2288262e-01 +3.9292669e-02 +6.5761225e+00 +7.0406316e+00 +7.6493023e+00 +1.4700692e+01 +1.4976234e+01 +1.5405088e+01 +4.0176119e+01 
-9.8207401e+01 -9.8205850e+01 -2.1841825e+00 -8.1171723e-01 -2.1562191e-01 +6.7565163e+00 +7.0353177e+00 +7.4944933e+00 +1.4739124e+01 +1.4917963e+01 +1.5339461e+01 +4.0106447e+01 
-9.8207225e+01 -9.8205991e+01 -2.1017429e+00 -6.9872973e-01 -4.3041792e-01 +6.9428903e+00 +7.0319802e+00 +7.3229590e+00 +1.4779019e+01 +1.4865962e+01 +1.5301758e+01 +4.0057448e+01 
-9.8207154e+01 -9.8206050e+01 -2.0688741e+00 -5.8441977e-01 -5.8395551e-01 +7.0308208e+00 +7.1340918e+00 +7.1365267e+00 +1.4820115e+01 +1.4820776e+01 +1.5289699e+01 +4.0039256e+01 
-9.8207226e+01 -9.8205991e+01 -2.1063611e+00 -6.5470790e-01 -4.7014815e-01 +6.9355861e+00 +7.0320184e+00 +7.3306921e+00 +1.4782131e+01 +1.4862795e+01 +1.5300676e+01 +4.0058902e+01 
-9.8207411e+01 -9.8205842e+01 -2.2183346e+00 -6.3994277e-01 -3.5509703e-01 +6.7219767e+00 +7.0357820e+00 +7.5318675e+00 +1.4750301e+01 +1.4906842e+01 +1.5332269e+01 +4.0120624e+01 
-9.8207666e+01 -9.8205650e+01 -2.3887086e+00 -5.5603335e-01 -2.3933882e-01 +6.4953721e+00 +7.0423747e+00 +7.7388780e+00 +1.4725146e+01 +1.4952535e+01 +1.5382625e+01 +4.0227361e+01 
-9.8207964e+01 -9.8205443e+01 -2.5956037e+00 -4.2490759e-01 -1.2316939e-01 +6.2568032e+00 +7.0520867e+00 +7.9516664e+00 +1.4706770e+01 +1.4999874e+01 +1.5450146e+01 +4.0381368e+01 
-9.8208294e+01 -9.8205232e+01 -2.8228084e+00 -2.6279936e-01 -6.9009860e-03 +6.0073720e+00 +7.0652352e+00 +8.1701398e+00 +1.4695268e+01 +1.5048837e+01 +1.5533528e+01 +4.0585535e+01 
-9.8208649e+01 -9.8205025e+01 -3.0605426e+00 -7.9482921e-02 +1.0913471e-01 +5.7482526e+00 +7.0821659e+00 +8.3941718e+00 +1.4690734e+01 +1.5099383e+01 +1.5631776e+01 +4.0844738e+01 
-9.8209028e+01 -9.8204826e+01 -3.3031705e+00 +1.1944664e-01 +2.2458303e-01 +5.4806890e+00 +7.1032524e+00 +8.6236094e+00 +1.4693271e+01 +1.5151469e+01 +1.5744200e+01 +4.1167131e+01 
-9.8209427e+01 -9.8204635e+01 -3.5473913e+00 +3.3076772e-01 +3.3907471e-01 +5.2059891e+00 +7.1288955e+00 +8.8582809e+00 +1.4703002e+01 +1.5205059e+01 +1.5870382e+01 +4.1009522e+01 
-9.8209848e+01 -9.8204456e+01 -3.7912051e+00 +4.5215629e-01 +5.5268435e-01 +4.9255091e+00 +7.1595186e+00 +9.0980037e+00 +1.4720085e+01 +1.5260165e+01 +1.6010129e+01 +4.0754422e+01 
-9.8210289e+01 -9.8204290e+01 -4.0333581e+00 +5.6343134e-01 +7.8415203e-01 +4.6406310e+00 +7.1955595e+00 +9.3425893e+00 +1.4744724e+01 +1.5316881e+01 +1.6163401e+01 +4.0510804e+01 
-9.8210749e+01 -9.8204136e+01 -4.2730452e+00 +6.7241374e-01 +1.0247417e+00 +4.3527325e+00 +7.2374565e+00 +9.5918466e+00 +1.4777180e+01 +1.5375438e+01 +1.6330234e+01 +4.0275715e+01 
-9.8211228e+01 -9.8203996e+01 -4.5097444e+00 +7.7861481e-01 +1.2743806e+00 +4.0631538e+00 +7.2856315e+00 +9.8455835e+00 +1.4817756e+01 +1.5436241e+01 +1.6510662e+01 +4.0046664e+01 
-9.8211726e+01 -9.8203870e+01 -4.7431192e+00 +8.8153847e-01 +1.5332111e+00 +3.7731651e+00 +7.3404712e+00 +1.0103607e+01 +1.4866763e+01 +1.5499872e+01 +1.6704659e+01 +3.9821612e+01 
-9.8212243e+01 -9.8203759e+01 -4.9729545e+00 +9.8069803e-01 +1.8014106e+00 +3.4839402e+00 +7.4023119e+00 +1.0365724e+01 +1.4924443e+01 +1.5567034e+01 +1.6912104e+01 +3.9598955e+01 
-9.8212777e+01 -9.8203662e+01 -5.1991092e+00 +1.0756341e+00 +2.0789942e+00 +3.1965369e+00 +7.4714307e+00 +1.0631743e+01 +1.4990878e+01 +1.5638418e+01 +1.7132785e+01 +3.9377510e+01 
-9.8213328e+01 -9.8203579e+01 -5.4214773e+00 +1.1659304e+00 +2.3656490e+00 +2.9118882e+00 +7.5480447e+00 +1.0901476e+01 +1.5065918e+01 +1.5714551e+01 +1.7366425e+01 +3.9156518e+01 
-9.8213895e+01 -9.8203510e+01 -5.6399607e+00 +1.2512253e+00 +2.6307995e+00 +2.6606677e+00 +7.6323172e+00 +1.1174742e+01 +1.5149179e+01 +1.5795671e+01 +1.7612732e+01 +3.8935667e+01 
-9.8214478e+01 -9.8203456e+01 -5.8544548e+00 +1.3312186e+00 +2.3539530e+00 +2.9630107e+00 +7.7243659e+00 +1.1451376e+01 +1.5240098e+01 +1.5881701e+01 +1.7871454e+01 +3.8715131e+01 
-9.8215077e+01 -9.8203417e+01 -6.0648470e+00 +1.4056749e+00 +2.0819140e+00 +3.2714608e+00 +7.8242724e+00 +1.1731235e+01 +1.5338031e+01 +1.5972310e+01 +1.8142428e+01 +3.8495620e+01 
-9.8215689e+01 -9.8203393e+01 -6.2710245e+00 +1.4744236e+00 +1.8151398e+00 +3.5847905e+00 +7.9320910e+00 +1.2014204e+01 +1.5442330e+01 +1.6067036e+01 +1.8425619e+01 +3.8278439e+01 
-9.8216315e+01 -9.8203384e+01 -6.4728822e+00 +1.5373586e+00 +1.5539887e+00 +3.9018791e+00 +8.0478555e+00 +1.2300208e+01 +1.5552405e+01 +1.6165398e+01 +1.8721156e+01 +3.8065543e+01 
-9.8216953e+01 -9.8203390e+01 -6.6703293e+00 +1.2987302e+00 +1.5944359e+00 +4.2217591e+00 +8.1715828e+00 +1.2589216e+01 +1.5667762e+01 +1.6266985e+01 +1.9029354e+01 +3.7859574e+01 
-9.8217603e+01 -9.8203411e+01 -6.8632904e+00 +1.0495544e+00 +1.6456710e+00 +4.5436123e+00 +8.3032715e+00 +1.2881238e+01 +1.5788028e+01 +1.6371500e+01 +1.9350742e+01 +3.7663879e+01 
-9.8218263e+01 -9.8203447e+01 -7.0517039e+00 +8.0658278e-01 +1.6911365e+00 +4.8667439e+00 +8.4428951e+00 +1.3176330e+01 +1.5912984e+01 +1.6478775e+01 +1.9686088e+01 +3.7482492e+01 
-9.8218933e+01 -9.8203497e+01 -7.2355195e+00 +5.6987881e-01 +1.7309596e+00 +5.1905608e+00 +8.5903905e+00 +1.3474575e+01 +1.6042588e+01 +1.6588768e+01 +2.0036428e+01 +3.7320094e+01 
-9.8219611e+01 -9.8203561e+01 -7.4146943e+00 +3.3945822e-01 +1.7653196e+00 +5.5145643e+00 +8.7456450e+00 +1.3776066e+01 +1.6176984e+01 +1.6701548e+01 +2.0403116e+01 +3.7181946e+01 
-9.8220297e+01 -9.8203638e+01 -7.5891916e+00 +1.1529941e-01 +1.7944450e+00 +5.8383609e+00 +8.9084859e+00 +1.4080882e+01 +1.6316480e+01 +1.6817283e+01 +2.0787870e+01 +3.7073820e+01 
-9.8220989e+01 -9.8203728e+01 -7.7589800e+00 -1.0264690e-01 +1.8186088e+00 +6.1616885e+00 +9.0786762e+00 +1.4389056e+01 +1.6461492e+01 +1.6936205e+01 +2.1192848e+01 +3.7001956e+01 
-9.8221686e+01 -9.8203830e+01 -7.9240347e+00 -3.1444887e-01 +1.8381223e+00 +6.4844516e+00 +9.2559206e+00 +1.4700545e+01 +1.6612436e+01 +1.7058584e+01 +2.1620724e+01 +3.6973058e+01 
-9.8222386e+01 -9.8203945e+01 -8.0843414e+00 -5.2018573e-01 +1.8533262e+00 +6.8067596e+00 +9.4398797e+00 +1.5015195e+01 +1.6769623e+01 +1.7184679e+01 +2.2074799e+01 +3.6994367e+01 
-9.8223090e+01 -9.8204070e+01 -8.2399004e+00 -7.1994127e-01 +1.8645815e+00 +7.1289564e+00 +9.6301898e+00 +1.5332717e+01 +1.6933140e+01 +1.7314684e+01 +2.2559118e+01 +3.7073828e+01 
-9.8223794e+01 -9.8204205e+01 -8.3907320e+00 -9.1379870e-01 +1.8722601e+00 +7.4516289e+00 +9.8264840e+00 +1.5652667e+01 +1.7102793e+01 +1.7448663e+01 +2.3078615e+01 +3.6411057e+01 
-9.8224498e+01 -9.8204350e+01 -8.5368795e+00 -1.1018368e+00 +1.8767362e+00 +7.7755788e+00 +1.0028407e+01 +1.5974422e+01 +1.7278096e+01 +1.7586470e+01 +2.3639281e+01 +3.4866649e+01 
-9.8225200e+01 -9.8204504e+01 -8.6784075e+00 -1.2841277e+00 +1.8783782e+00 +8.1017467e+00 +1.0235621e+01 +1.6297175e+01 +1.7458315e+01 +1.7727675e+01 +2.4248339e+01 +3.3509271e+01 
-9.8225900e+01 -9.8204666e+01 -8.8153947e+00 -1.4607354e+00 +1.8775418e+00 +8.4310883e+00 +1.0447808e+01 +1.6619919e+01 +1.7642542e+01 +1.7871487e+01 +2.4914444e+01 +3.2344200e+01 
-9.8226595e+01 -9.8204834e+01 -8.9479196e+00 -1.6317154e+00 +1.8745631e+00 +8.7644233e+00 +1.0664658e+01 +1.6941438e+01 +1.7829743e+01 +1.8016701e+01 +2.5647859e+01 +3.1369162e+01 
-9.8227285e+01 -9.8205009e+01 -9.0760439e+00 -1.7971154e+00 +1.8697523e+00 +9.1022925e+00 +1.0885860e+01 +1.7260307e+01 +1.8018755e+01 +1.8161681e+01 +2.6460588e+01 +3.0576416e+01 
-9.8227968e+01 -9.8205189e+01 -9.1997997e+00 -1.9569761e+00 +1.8633876e+00 +9.4448623e+00 +1.1111095e+01 +1.7574882e+01 +1.8208191e+01 +1.8304400e+01 +2.7366391e+01 +2.9954612e+01 
-9.8228642e+01 -9.8205373e+01 -9.3191849e+00 -2.1113313e+00 +1.8557101e+00 +9.7918965e+00 +1.1340023e+01 +1.7883317e+01 +1.8396277e+01 +1.8442563e+01 +2.8380575e+01 +2.9490305e+01 
-9.8229306e+01 -9.8205561e+01 -9.4341680e+00 -2.2602086e+00 +1.8469214e+00 +1.0142789e+01 +1.1572282e+01 +1.8183586e+01 +1.8573548e+01 +1.8580917e+01 +2.9169029e+01 +2.9519389e+01 
-9.8229959e+01 -9.8205750e+01 -9.5447001e+00 -2.4036282e+00 +1.8371839e+00 +1.0496631e+01 +1.1807489e+01 +1.8473534e+01 +1.8695704e+01 +1.8758587e+01 +2.8975886e+01 +3.0798826e+01 
-9.8230598e+01 -9.8205942e+01 -9.6507278e+00 -2.5416010e+00 +1.8266257e+00 +1.0852293e+01 +1.2045239e+01 +1.8750958e+01 +1.8806722e+01 +1.8926387e+01 +2.8895743e+01 +3.2232631e+01 
-9.8231222e+01 -9.8206134e+01 -9.7522051e+00 -2.6741249e+00 +1.8153512e+00 +1.1208502e+01 +1.2285112e+01 +1.8905574e+01 +1.9013713e+01 +1.9080753e+01 +2.8913204e+01 +3.3829486e+01 
-9.8231830e+01 -9.8206325e+01 -9.8490992e+00 -2.8011793e+00 +1.8034563e+00 +1.1563914e+01 +1.2526677e+01 +1.8991839e+01 +1.9218860e+01 +1.9259849e+01 +2.9012553e+01 +3.5589801e+01 
-9.8232421e+01 -9.8206516e+01 -9.9413927e+00 -2.9227199e+00 +1.7910463e+00 +1.1917181e+01 +1.2769486e+01 +1.9065798e+01 +1.9339023e+01 +1.9487750e+01 +2.9177830e+01 +3.6823485e+01 
-9.8232992e+01 -9.8206704e+01 -1.0029082e+01 -3.0386731e+00 +1.7782493e+00 +1.2267022e+01 +1.3013070e+01 +1.9128306e+01 +1.9440901e+01 +1.9696266e+01 +2.9393106e+01 +3.7228681e+01 
-9.8233543e+01 -9.8206889e+01 -1.0112176e+01 -3.1489344e+00 +1.7652219e+00 +1.2612268e+01 +1.3256927e+01 +1.9180594e+01 +1.9525308e+01 +1.9884807e+01 +2.9642967e+01 +3.7654712e+01 
-9.8234071e+01 -9.8207070e+01 -1.0190688e+01 -3.2533709e+00 +1.7521439e+00 +1.2951900e+01 +1.3500509e+01 +1.9224075e+01 +1.9593771e+01 +2.0053384e+01 +2.9913184e+01 +3.8098680e+01 
-9.8234577e+01 -9.8207246e+01 -1.0264637e+01 -3.3518307e+00 +1.7392054e+00 +1.3285043e+01 +1.3743219e+01 +1.9260189e+01 +1.9648062e+01 +2.0202592e+01 +3.0191557e+01 +3.8561145e+01 
-9.8235059e+01 -9.8207415e+01 -1.0334044e+01 -3.4441552e+00 +1.7265913e+00 +1.3610923e+01 +1.3984404e+01 +1.9290296e+01 +1.9689851e+01 +2.0333527e+01 +3.0468936e+01 +3.9045185e+01 
-9.8235515e+01 -9.8207578e+01 -1.0398929e+01 -3.5301921e+00 +1.7144689e+00 +1.3928775e+01 +1.4223365e+01 +1.9315624e+01 +1.9720522e+01 +2.0447662e+01 +3.0740316e+01 +3.9555562e+01 
-9.8235945e+01 -9.8207732e+01 -1.0459312e+01 -3.6098027e+00 +1.7029814e+00 +1.4237713e+01 +1.4459363e+01 +1.9337243e+01 +1.9741116e+01 +2.0546699e+01 +3.1005858e+01 +4.0098082e+01 
-9.8236347e+01 -9.8207877e+01 -1.0515214e+01 -3.6828586e+00 +1.6922448e+00 +1.4536587e+01 +1.4691627e+01 +1.9356053e+01 +1.9752369e+01 +2.0632413e+01 +3.1271546e+01 +4.0679037e+01 
-9.8236720e+01 -9.8208013e+01 -1.0566651e+01 -3.7492288e+00 +1.6823485e+00 +1.4823877e+01 +1.4919365e+01 +1.9372771e+01 +1.9754763e+01 +2.0706528e+01 +3.1549297e+01 +4.1304504e+01 
-9.8237064e+01 -9.8208139e+01 -1.0613638e+01 -3.8087603e+00 +1.6733560e+00 +1.5097674e+01 +1.5141762e+01 +1.9387894e+01 +1.9748602e+01 +2.0770617e+01 +3.1856588e+01 +4.1979090e+01 
-9.8237378e+01 -9.8208254e+01 -1.0656186e+01 -3.8612583e+00 +1.6653056e+00 +1.5355792e+01 +1.5357969e+01 +1.9401655e+01 +1.9734083e+01 +2.0826037e+01 +3.2215995e+01 +4.2703131e+01 
-9.8237660e+01 -9.8208358e+01 -1.0694300e+01 -3.9064758e+00 +1.6582102e+00 +1.5567025e+01 +1.5596015e+01 +1.9413955e+01 +1.9711372e+01 +2.0873901e+01 +3.2655253e+01 +4.3464992e+01 
-9.8237911e+01 -9.8208450e+01 -1.0727979e+01 -3.9441244e+00 +1.6520590e+00 +1.5767770e+01 +1.5816318e+01 +1.9424344e+01 +1.9680731e+01 +2.0915073e+01 +3.3208293e+01 +4.4212243e+01 
-9.8238129e+01 -9.8208531e+01 -1.0757219e+01 -3.9739262e+00 +1.6468200e+00 +1.5958560e+01 +1.6015089e+01 +1.9432078e+01 +1.9642716e+01 +2.0950173e+01 +3.3917127e+01 +4.4710078e+01 
-9.8238314e+01 -9.8208599e+01 -1.0782006e+01 -3.9957362e+00 +1.6424484e+00 +1.6136891e+01 +1.6191020e+01 +1.9436325e+01 +1.9598509e+01 +2.0979610e+01 +3.4832994e+01 +4.4408694e+01 
-9.8238466e+01 -9.8208656e+01 -1.0802326e+01 -4.0097647e+00 +1.6388985e+00 +1.6298862e+01 +1.6342694e+01 +1.9436550e+01 +1.9550404e+01 +2.1003618e+01 +3.6011755e+01 +4.3591982e+01 
-9.8238585e+01 -9.8208699e+01 -1.0818160e+01 -4.0168896e+00 +1.6361366e+00 +1.6438648e+01 +1.6467892e+01 +1.9433040e+01 +1.9502336e+01 +2.1022299e+01 +3.7489419e+01 +4.2764139e+01 
-9.8238669e+01 -9.8208731e+01 -1.0829486e+01 -4.0189156e+00 +1.6341506e+00 +1.6548411e+01 +1.6562986e+01 +1.9427324e+01 +1.9460102e+01 +2.1035670e+01 +3.9202714e+01 +4.2094767e+01 
-9.8238720e+01 -9.8208750e+01 -1.0836290e+01 -4.0184301e+00 +1.6329482e+00 +1.6619302e+01 +1.6623130e+01 +1.9422046e+01 +1.9430653e+01 +2.1043711e+01 +4.0803027e+01 +4.1663123e+01 
-9.8238737e+01 -9.8208756e+01 -1.0838560e+01 -4.0179174e+00 +1.6325450e+00 +1.6643808e+01 +1.6643913e+01 +1.9419898e+01 +1.9420023e+01 +2.1046396e+01 +4.1514152e+01 +4.1515368e+01 
-9.8238718e+01 -9.8208775e+01 -1.0836344e+01 -4.0319856e+00 +1.6541009e+00 +1.6645400e+01 +1.6645505e+01 +1.9419208e+01 +1.9419332e+01 +2.1040178e+01 +4.1538237e+01 +4.1539453e+01 
-9.8238660e+01 -9.8208833e+01 -1.0829694e+01 -4.0736688e+00 +1.7181720e+00 +1.6650177e+01 +1.6650281e+01 +1.9417146e+01 +1.9417270e+01 +2.1021295e+01 +4.1611477e+01 +4.1612695e+01 
-9.8238564e+01 -9.8208929e+01 -1.0818599e+01 -4.1414774e+00 +1.8230508e+00 +1.6658138e+01 +1.6658243e+01 +1.9413744e+01 +1.9413867e+01 +2.0988913e+01 +4.1736741e+01 +4.1737960e+01 
-9.8238429e+01 -9.8209063e+01 -1.0803041e+01 -4.2331540e+00 +1.9661401e+00 +1.6669289e+01 +1.6669393e+01 +1.9409043e+01 +1.9409165e+01 +2.0941169e+01 +4.1918532e+01 +4.1919754e+01 
-9.8238256e+01 -9.8209234e+01 -1.0782987e+01 -4.3459399e+00 +2.1442499e+00 +1.6683638e+01 +1.6683742e+01 +1.9403090e+01 +1.9403211e+01 +2.0874536e+01 +4.2162575e+01 +4.2163800e+01 
-9.8238046e+01 -9.8209443e+01 -1.0758392e+01 -4.4768435e+00 +2.3538995e+00 +1.6701207e+01 +1.6701309e+01 +1.9395924e+01 +1.9396043e+01 +2.0783240e+01 +4.2475262e+01 +4.2476489e+01 
-9.8237798e+01 -9.8209688e+01 -1.0729211e+01 -4.6228640e+00 +2.5915741e+00 +1.6722026e+01 +1.6722127e+01 +1.9387563e+01 +1.9387679e+01 +2.0659267e+01 +4.2863014e+01 +4.2864241e+01 
-9.8237514e+01 -9.8209970e+01 -1.0695413e+01 -4.7811525e+00 +2.8539128e+00 +1.6746143e+01 +1.6746243e+01 +1.9377987e+01 +1.9378101e+01 +2.0493704e+01 +4.3331660e+01 +4.3332886e+01 
-9.8237195e+01 -9.8210287e+01 -1.0657001e+01 -4.9491096e+00 +3.1378253e+00 +1.6773618e+01 +1.6773717e+01 +1.9367126e+01 +1.9367236e+01 +2.0279660e+01 +4.3885954e+01 +4.3887175e+01 
-9.8236842e+01 -9.8210638e+01 -1.0614009e+01 -5.1244325e+00 +3.4405502e+00 +1.6804525e+01 +1.6804623e+01 +1.9354836e+01 +1.9354943e+01 +2.0015583e+01 +4.4529302e+01 +4.4530515e+01 
-9.8236456e+01 -9.8211023e+01 -1.0566481e+01 -5.3051250e+00 +3.7596688e+00 +1.6838944e+01 +1.6839039e+01 +1.9340882e+01 +1.9340985e+01 +1.9706638e+01 +4.5263708e+01 +4.5264911e+01 
-9.8236038e+01 -9.8211440e+01 -1.0514448e+01 -5.4894843e+00 +4.0930901e+00 +1.6876956e+01 +1.6877050e+01 +1.9324915e+01 +1.9325013e+01 +1.9362808e+01 +4.6089804e+01 +4.6090991e+01 
-9.8235588e+01 -9.8211889e+01 -1.0457921e+01 -5.6760741e+00 +4.4390176e+00 +1.6918639e+01 +1.6918731e+01 +1.8995098e+01 +1.9306468e+01 +1.9306562e+01 +4.6584124e+01 +4.7006747e+01 
-9.8235109e+01 -9.8212369e+01 -1.0396898e+01 -5.8636923e+00 +4.7959069e+00 +1.6964059e+01 +1.6964149e+01 +1.8612461e+01 +1.9284973e+01 +1.9285061e+01 +4.5326974e+01 +4.8011824e+01 
-9.8234600e+01 -9.8212877e+01 -1.0331363e+01 -6.0513368e+00 +5.1624197e+00 +1.7013265e+01 +1.7013353e+01 +1.8220728e+01 +1.9259796e+01 +1.9259878e+01 +4.4631969e+01 +4.9099642e+01 
-9.8234064e+01 -9.8213413e+01 -1.0261302e+01 -6.2381734e+00 +5.5373783e+00 +1.7066279e+01 +1.7066365e+01 +1.7823045e+01 +1.9230303e+01 +1.9230379e+01 +4.4367059e+01 +5.0260953e+01 
-9.8233502e+01 -9.8213976e+01 -1.0186697e+01 -6.4235073e+00 +5.9197213e+00 +1.7123094e+01 +1.7123177e+01 +1.7420833e+01 +1.9195926e+01 +1.9195996e+01 +4.4442960e+01 +5.1481216e+01 
-9.8232914e+01 -9.8214563e+01 -1.0107531e+01 -6.6067578e+00 +6.3084634e+00 +1.7014627e+01 +1.7183663e+01 +1.7183743e+01 +1.9156224e+01 +1.9156287e+01 +4.4803971e+01 +5.2739027e+01 
-9.8232303e+01 -9.8215174e+01 -1.0023794e+01 -6.7874384e+00 +6.7026602e+00 +1.6604641e+01 +1.7247899e+01 +1.7247977e+01 +1.9110925e+01 +1.9110980e+01 +4.5419506e+01 +5.4004574e+01 
-9.8231671e+01 -9.8215806e+01 -9.9354758e+00 -6.9651417e+00 +7.1013804e+00 +1.6191064e+01 +1.7315671e+01 +1.7315747e+01 +1.9059938e+01 +1.9059987e+01 +4.6277808e+01 +5.5238368e+01 
-9.8231018e+01 -9.8216458e+01 -9.8425769e+00 -7.1395290e+00 +7.5036886e+00 +1.5774199e+01 +1.7386808e+01 +1.7386880e+01 +1.9003357e+01 +1.9003397e+01 +4.7381610e+01 +5.6390988e+01 
-9.8230347e+01 -9.8217128e+01 -9.7451061e+00 -7.3103254e+00 +7.9086442e+00 +1.5354513e+01 +1.7461094e+01 +1.7461163e+01 +1.8941427e+01 +1.8941461e+01 +4.8745053e+01 +5.7405616e+01 
-9.8229660e+01 -9.8217814e+01 -9.6430874e+00 -7.4773210e+00 +8.3153221e+00 +1.4932630e+01 +1.7538281e+01 +1.7538346e+01 +1.8874523e+01 +1.8874549e+01 +5.0391016e+01 +5.8226316e+01 
-9.8228958e+01 -9.8218515e+01 -9.5365652e+00 -7.6403760e+00 +8.7228601e+00 +1.4509312e+01 +1.7618087e+01 +1.7618149e+01 +1.8803106e+01 +1.8803124e+01 +5.2347836e+01 +5.8813798e+01 
-9.8228245e+01 -9.8219227e+01 -9.4256117e+00 -7.7994291e+00 +9.1305342e+00 +1.4085418e+01 +1.7700204e+01 +1.7700262e+01 +1.8727693e+01 +1.8727704e+01 +5.4644064e+01 +5.9162977e+01 
-9.8227521e+01 -9.8219948e+01 -9.3103339e+00 -7.9545041e+00 +9.5378513e+00 +1.3661856e+01 +1.7784302e+01 +1.7784356e+01 +1.8648832e+01 +1.8648836e+01 +5.7299488e+01 +5.9308445e+01 
-9.8226792e+01 -9.8220676e+01 -9.1908785e+00 -8.1057074e+00 +9.9446377e+00 +1.3239515e+01 +1.7870033e+01 +1.7870082e+01 +1.8567073e+01 +1.8567076e+01 +5.9310836e+01 +5.9310911e+01 
-9.8226062e+01 -9.8221405e+01 -9.0674315e+00 -8.2532087e+00 +1.0351087e+01 +1.2819187e+01 +1.7957030e+01 +1.7957074e+01 +1.8482963e+01 +1.8482973e+01 +5.9235354e+01 +5.9235465e+01 
-9.8225341e+01 -9.8222124e+01 -8.9402074e+00 -8.3972034e+00 +1.0757737e+01 +1.2401472e+01 +1.8044911e+01 +1.8044950e+01 +1.8397036e+01 +1.8397052e+01 +5.9136598e+01 +5.9136726e+01 
-9.8224667e+01 -9.8222797e+01 -8.8094252e+00 -8.5378602e+00 +1.1165358e+01 +1.1986682e+01 +1.8133274e+01 +1.8133308e+01 +1.8309801e+01 +1.8309823e+01 +5.9054053e+01 +5.9054187e+01 
-9.8224281e+01 -9.8223182e+01 -8.6752743e+00 -8.6752686e+00 +1.1574282e+01 +1.1575273e+01 +1.8220340e+01 +1.8220368e+01 +1.8223103e+01 +1.8223131e+01 +5.9020531e+01 +5.9020666e+01 
-9.8224270e+01 -9.8223170e+01 -8.6735055e+00 -8.6734879e+00 +1.1572418e+01 +1.1573369e+01 +1.8209850e+01 +1.8211968e+01 +1.8212582e+01 +1.8214702e+01 +5.8705633e+01 +5.8749465e+01 
-9.8224234e+01 -9.8223134e+01 -8.6680330e+00 -8.6679824e+00 +1.1567065e+01 +1.1567902e+01 +1.8178215e+01 +1.8180859e+01 +1.8186947e+01 +1.8189593e+01 +5.7589419e+01 +5.7632408e+01 
-9.8224175e+01 -9.8223075e+01 -8.6584795e+00 -8.6583824e+00 +1.1558823e+01 +1.1559488e+01 +1.8125165e+01 +1.8127673e+01 +1.8145632e+01 +1.8148135e+01 +5.4698476e+01 +5.4738533e+01 
-9.8224092e+01 -9.8222992e+01 -8.6444823e+00 -8.6443319e+00 +1.1548413e+01 +1.1548864e+01 +1.8050257e+01 +1.8052593e+01 +1.8088593e+01 +1.8090901e+01 +4.9459719e+01 +4.9489660e+01 
-9.8223986e+01 -9.8222886e+01 -8.6258201e+00 -8.6256142e+00 +1.1536452e+01 +1.1536665e+01 +1.7952979e+01 +1.7955124e+01 +1.8016615e+01 +1.8018681e+01 +4.4377196e+01 +4.4401117e+01 
-9.8223856e+01 -9.8222756e+01 -8.6024128e+00 -8.6021516e+00 +1.1523317e+01 +1.1523352e+01 +1.7832886e+01 +1.7834829e+01 +1.7930671e+01 +1.7932454e+01 +4.0394642e+01 +4.0415338e+01 
-9.8223704e+01 -9.8222604e+01 -8.5742705e+00 -8.5739549e+00 +1.1509026e+01 +1.1509309e+01 +1.7689756e+01 +1.7691499e+01 +1.7831897e+01 +1.7833365e+01 +3.7384272e+01 +3.7402869e+01 
-9.8223530e+01 -9.8222430e+01 -8.5414448e+00 -8.5410758e+00 +1.1493815e+01 +1.1494339e+01 +1.7523755e+01 +1.7525304e+01 +1.7721551e+01 +1.7722679e+01 +3.5099073e+01 +3.5116101e+01 
-9.8223334e+01 -9.8222234e+01 -8.5039979e+00 -8.5035766e+00 +1.1477550e+01 +1.1478298e+01 +1.7335563e+01 +1.7336923e+01 +1.7600964e+01 +1.7601737e+01 +3.3337664e+01 +3.3353411e+01 
-9.8223118e+01 -9.8222018e+01 -8.4619862e+00 -8.4615142e+00 +1.1459939e+01 +1.1460889e+01 +1.7126448e+01 +1.7127623e+01 +1.7471485e+01 +1.7471897e+01 +3.1955418e+01 +3.1970062e+01 
-9.8222881e+01 -9.8221781e+01 -8.4154521e+00 -8.4149315e+00 +1.1440515e+01 +1.1441639e+01 +1.6898300e+01 +1.6899290e+01 +1.7334430e+01 +1.7334485e+01 +3.0851484e+01 +3.0865153e+01 
-9.8222625e+01 -9.8221524e+01 -8.3644190e+00 -8.3638531e+00 +1.1418585e+01 +1.1419850e+01 +1.6653633e+01 +1.6654432e+01 +1.7190741e+01 +1.7191033e+01 +2.9955703e+01 +2.9968503e+01 
-9.8222350e+01 -9.8221250e+01 -8.3088909e+00 -8.3082839e+00 +1.1393173e+01 +1.1394542e+01 +1.6395578e+01 +1.6396178e+01 +1.7041785e+01 +1.7042405e+01 +2.9219056e+01 +2.9231082e+01 
-9.8222058e+01 -9.8220957e+01 -8.2488525e+00 -8.2482102e+00 +1.1362960e+01 +1.1364393e+01 +1.6127891e+01 +1.6128286e+01 +1.6888592e+01 +1.6889517e+01 +2.8607193e+01 +2.8618538e+01 
-9.8221749e+01 -9.8220647e+01 -8.1842735e+00 -8.1836027e+00 +1.1326233e+01 +1.1327690e+01 +1.5854959e+01 +1.5855147e+01 +1.6731988e+01 +1.6733193e+01 +2.8096032e+01 +2.8106780e+01 
-9.8221423e+01 -9.8220322e+01 -8.1151142e+00 -8.1144226e+00 +1.1280860e+01 +1.1282304e+01 +1.5581758e+01 +1.5581771e+01 +1.6572661e+01 +1.6574116e+01 +2.7668616e+01 +2.7678843e+01 
-9.8221083e+01 -9.8219981e+01 -8.0413325e+00 -8.0406284e+00 +1.1224320e+01 +1.1225716e+01 +1.5313614e+01 +1.5313812e+01 +1.6411180e+01 +1.6412856e+01 +2.7312755e+01 +2.7322524e+01 
-9.8220729e+01 -9.8219627e+01 -7.9628919e+00 -7.9621837e+00 +1.1153790e+01 +1.1155111e+01 +1.5056486e+01 +1.5056844e+01 +1.6248024e+01 +1.6249892e+01 +2.7019208e+01 +2.7028562e+01 
-9.8220361e+01 -9.8219259e+01 -7.8797676e+00 -7.8790631e+00 +1.1066342e+01 +1.1067564e+01 +1.4816071e+01 +1.4816557e+01 +1.6083613e+01 +1.6085647e+01 +2.6780297e+01 +2.6789262e+01 
-9.8219983e+01 -9.8218880e+01 -7.7919500e+00 -7.7912564e+00 +1.0959224e+01 +1.0960330e+01 +1.4597538e+01 +1.4598114e+01 +1.5918339e+01 +1.5920515e+01 +2.6588959e+01 +2.6597539e+01 
-9.8219593e+01 -9.8218491e+01 -7.6994468e+00 -7.6987703e+00 +1.0830214e+01 +1.0831194e+01 +1.4405035e+01 +1.4405662e+01 +1.5752590e+01 +1.5754885e+01 +2.6438159e+01 +2.6446340e+01 
-9.8219194e+01 -9.8218092e+01 -7.6022824e+00 -7.6016279e+00 +1.0677961e+01 +1.0678809e+01 +1.4241272e+01 +1.4241915e+01 +1.5586764e+01 +1.5589157e+01 +2.6320652e+01 +2.6328403e+01 
-9.8218787e+01 -9.8217685e+01 -7.5004957e+00 -7.4998671e+00 +1.0502173e+01 +1.0502887e+01 +1.4107319e+01 +1.4107945e+01 +1.5421282e+01 +1.5423757e+01 +2.6228983e+01 +2.6236262e+01 
-9.8218373e+01 -9.8217271e+01 -7.3941381e+00 -7.3935381e+00 +1.0303595e+01 +1.0304177e+01 +1.4002682e+01 +1.4003265e+01 +1.5256594e+01 +1.5259134e+01 +2.6155681e+01 +2.6162436e+01 
-9.8217954e+01 -9.8216852e+01 -7.2832708e+00 -7.2827012e+00 +1.0083768e+01 +1.0084221e+01 +1.3925640e+01 +1.3926158e+01 +1.5093175e+01 +1.5095766e+01 +2.6093537e+01 +2.6099711e+01 
-9.8217530e+01 -9.8216428e+01 -7.1679634e+00 -7.1674253e+00 +9.8446912e+00 +9.8450219e+00 +1.3873704e+01 +1.3874141e+01 +1.4931522e+01 +1.4934151e+01 +2.6035908e+01 +2.6041447e+01 
-9.8217103e+01 -9.8216002e+01 -7.0482929e+00 -7.0477865e+00 +9.5885088e+00 +9.5887231e+00 +1.3844071e+01 +1.3844415e+01 +1.4772146e+01 +1.4774801e+01 +2.5976979e+01 +2.5981832e+01 
-9.8216675e+01 -9.8215574e+01 -6.9243430e+00 -6.9238680e+00 +9.3172948e+00 +9.3173991e+00 +1.3833952e+01 +1.3834194e+01 +1.4615562e+01 +1.4618232e+01 +2.5911921e+01 +2.5916047e+01 
-9.8216247e+01 -9.8215145e+01 -6.7962050e+00 -6.7957608e+00 +9.0329552e+00 +9.0329553e+00 +1.3840778e+01 +1.3840914e+01 +1.4462282e+01 +1.4464957e+01 +2.5836944e+01 +2.5840314e+01 
-9.8215820e+01 -9.8214719e+01 -6.6639787e+00 -6.6635641e+00 +8.7371122e+00 +8.7372115e+00 +1.3862295e+01 +1.3862321e+01 +1.4312802e+01 +1.4315471e+01 +2.5749245e+01 +2.5751841e+01 
-9.8215395e+01 -9.8214294e+01 -6.5277746e+00 -6.5273881e+00 +8.4314342e+00 +8.4316299e+00 +1.3896498e+01 +1.3896581e+01 +1.4167598e+01 +1.4170249e+01 +2.5646888e+01 +2.5648705e+01 
-9.8214974e+01 -9.8213874e+01 -6.3877158e+00 -6.3873554e+00 +8.1173736e+00 +8.1176644e+00 +1.3941839e+01 +1.3942031e+01 +1.4027113e+01 +1.4029736e+01 +2.5528670e+01 +2.5529712e+01 
-9.8214559e+01 -9.8213458e+01 -6.2439412e+00 -6.2436046e+00 +7.7963122e+00 +7.7966992e+00 +1.3891756e+01 +1.3894340e+01 +1.3997019e+01 +1.3997318e+01 +2.5393994e+01 +2.5394272e+01 
-9.8214150e+01 -9.8213050e+01 -6.0966094e+00 -6.0962938e+00 +7.4695979e+00 +7.4700840e+00 +1.3761892e+01 +1.3764424e+01 +1.4060943e+01 +1.4061347e+01 +2.5242336e+01 +2.5242805e+01 
-9.8213749e+01 -9.8212649e+01 -5.9459028e+00 -5.9456048e+00 +7.1385743e+00 +7.1391647e+00 +1.3637839e+01 +1.3640305e+01 +1.4132710e+01 +1.4133217e+01 +2.5074390e+01 +2.5075589e+01 
-9.8213357e+01 -9.8212257e+01 -5.7920333e+00 -5.7917488e+00 +6.8046117e+00 +6.8053128e+00 +1.3519860e+01 +1.3522247e+01 +1.4211567e+01 +1.4212173e+01 +2.4891542e+01 +2.4893452e+01 
-9.8212975e+01 -9.8211876e+01 -5.6352492e+00 -5.6349734e+00 +6.4691391e+00 +6.4699583e+00 +1.3408158e+01 +1.3410453e+01 +1.4296873e+01 +1.4297577e+01 +2.4695661e+01 +2.4698267e+01 
-9.8212605e+01 -9.8211506e+01 -5.4758452e+00 -5.4755725e+00 +6.1336790e+00 +6.1346232e+00 +1.3302873e+01 +1.3305063e+01 +1.4388066e+01 +1.4388864e+01 +2.4489560e+01 +2.4492849e+01 
-9.8212248e+01 -9.8211149e+01 -5.3141763e+00 -5.3139003e+00 +5.7998776e+00 +5.8009519e+00 +1.3204079e+01 +1.3206152e+01 +1.4484623e+01 +1.4485513e+01 +2.4277114e+01 +2.4281074e+01 
-9.8211905e+01 -9.8210806e+01 -5.1506772e+00 -5.1503908e+00 +5.4695153e+00 +5.4707205e+00 +1.3111783e+01 +1.3113728e+01 +1.4586022e+01 +1.4587000e+01 +2.4063186e+01 +2.4067807e+01 
-9.8211577e+01 -9.8210478e+01 -4.9858876e+00 -4.9855836e+00 +5.1444772e+00 +5.1458087e+00 +1.3025933e+01 +1.3027744e+01 +1.4691697e+01 +1.4692759e+01 +2.3853210e+01 +2.3858481e+01 
-9.8211265e+01 -9.8210167e+01 -4.8204813e+00 -4.8201530e+00 +4.8266738e+00 +4.8281193e+00 +1.2946429e+01 +1.2948102e+01 +1.4800982e+01 +1.4802127e+01 +2.3652357e+01 +2.3658260e+01 
-9.8210971e+01 -9.8209873e+01 -4.6552941e+00 -4.6549358e+00 +4.5179238e+00 +4.5194640e+00 +1.2873140e+01 +1.2874674e+01 +1.4913064e+01 +1.4914291e+01 +2.3464435e+01 +2.3470949e+01 
-9.8210694e+01 -9.8209597e+01 -4.4913415e+00 -4.4909496e+00 +4.2198534e+00 +4.2214632e+00 +1.2805913e+01 +1.2807311e+01 +1.5026948e+01 +1.5028260e+01 +2.3290972e+01 +2.3298073e+01 
-9.8210437e+01 -9.8209340e+01 -4.3298240e+00 -4.3293967e+00 +3.9338786e+00 +3.9355310e+00 +1.2744594e+01 +1.2745861e+01 +1.5141450e+01 +1.5142853e+01 +2.3130986e+01 +2.3138653e+01 
-9.8210200e+01 -9.8209102e+01 -4.1721220e+00 -4.1716600e+00 +3.6613050e+00 +3.6629747e+00 +1.2689035e+01 +1.2690180e+01 +1.5255212e+01 +1.5256718e+01 +2.2981646e+01 +2.2989863e+01 
-9.8209982e+01 -9.8208885e+01 -4.0197915e+00 -4.0192967e+00 +3.4035131e+00 +3.4051798e+00 +1.2639104e+01 +1.2640136e+01 +1.5366733e+01 +1.5368359e+01 +2.2839543e+01 +2.2848302e+01 
-9.8209787e+01 -9.8208690e+01 -3.8745660e+00 -3.8740416e+00 +3.1621478e+00 +3.1637976e+00 +1.2594684e+01 +1.2595614e+01 +1.5474383e+01 +1.5476150e+01 +2.2701987e+01 +2.2711289e+01 
-9.8209612e+01 -9.8208515e+01 -3.7383647e+00 -3.7378143e+00 +2.9392415e+00 +2.9408670e+00 +1.2555680e+01 +1.2556520e+01 +1.5576412e+01 +1.5578343e+01 +2.2567899e+01 +2.2577748e+01 
-9.8209460e+01 -9.8208363e+01 -3.6132946e+00 -3.6127219e+00 +2.7372400e+00 +2.7388393e+00 +1.2522011e+01 +1.2522773e+01 +1.5670947e+01 +1.5673059e+01 +2.2438155e+01 +2.2448552e+01 
-9.8209330e+01 -9.8208234e+01 -3.5016296e+00 -3.5010382e+00 +2.5589381e+00 +2.5605126e+00 +1.2493614e+01 +1.2494310e+01 +1.5756000e+01 +1.5758306e+01 +2.2315506e+01 +2.2326442e+01 
-9.8209224e+01 -9.8208127e+01 -3.4057499e+00 -3.4051435e+00 +2.4073398e+00 +2.4088934e+00 +1.2470441e+01 +1.2471083e+01 +1.5829508e+01 +1.5832011e+01 +2.2204225e+01 +2.2215666e+01 
-9.8209141e+01 -9.8208044e+01 -3.3280277e+00 -3.3274096e+00 +2.2854597e+00 +2.2869972e+00 +1.2452452e+01 +1.2453054e+01 +1.5889422e+01 +1.5892106e+01 +2.2109535e+01 +2.2121423e+01 
-9.8209081e+01 -9.8207984e+01 -3.2706555e+00 -3.2700293e+00 +2.1960743e+00 +2.1976006e+00 +1.2439622e+01 +1.2440194e+01 +1.5933840e+01 +1.5936671e+01 +2.2036882e+01 +2.2049122e+01 
-9.8209045e+01 -9.8207948e+01 -3.2354338e+00 -3.2348027e+00 +2.1414467e+00 +2.1429664e+00 +1.2431931e+01 +1.2432486e+01 +1.5961191e+01 +1.5964120e+01 +2.1991067e+01 +2.2003534e+01 
-9.8209033e+01 -9.8207936e+01 -3.2235540e+00 -3.2229213e+00 +2.1230643e+00 +2.1245818e+00 +1.2429369e+01 +1.2429917e+01 +1.5970431e+01 +1.5973394e+01 +2.1975401e+01 +2.1987946e+01 
-9.8209029e+01 -9.8207932e+01 -3.2207972e+00 -3.2201653e+00 +2.1230685e+00 +2.1245856e+00 +1.2407468e+01 +1.2408049e+01 +1.5973710e+01 +1.5976689e+01 +2.2019745e+01 +2.2032326e+01 
-9.8209017e+01 -9.8207920e+01 -3.2125149e+00 -3.2118854e+00 +2.1230632e+00 +2.1245789e+00 +1.2342808e+01 +1.2343480e+01 +1.5983197e+01 +1.5986221e+01 +2.2152726e+01 +2.2165412e+01 
-9.8208997e+01 -9.8207900e+01 -3.1986726e+00 -3.1980476e+00 +2.1229942e+00 +2.1245071e+00 +1.2238298e+01 +1.2239110e+01 +1.5997966e+01 +1.6001053e+01 +2.2374257e+01 +2.2387114e+01 
-9.8208968e+01 -9.8207872e+01 -3.1792180e+00 -3.1785996e+00 +2.1227695e+00 +2.1242770e+00 +1.2098177e+01 +1.2099160e+01 +1.6016799e+01 +1.6019953e+01 +2.2684403e+01 +2.2697488e+01 
-9.8208933e+01 -9.8207836e+01 -3.1540865e+00 -3.1534775e+00 +2.1222560e+00 +2.1237548e+00 +1.1927361e+01 +1.1928530e+01 +1.6038501e+01 +1.6041711e+01 +2.3083566e+01 +2.3096925e+01 
-9.8208889e+01 -9.8207793e+01 -3.1232083e+00 -3.1226115e+00 +2.1212769e+00 +2.1227625e+00 +1.1730891e+01 +1.1732248e+01 +1.6062104e+01 +1.6065354e+01 +2.3572529e+01 +2.3586186e+01 
-9.8208839e+01 -9.8207742e+01 -3.0865143e+00 -3.0859325e+00 +2.1196088e+00 +2.1210755e+00 +1.1513575e+01 +1.1515111e+01 +1.6086953e+01 +1.6090223e+01 +2.4152141e+01 +2.4166082e+01 
-9.8208782e+01 -9.8207685e+01 -3.0439416e+00 -3.0433772e+00 +2.1169788e+00 +2.1184201e+00 +1.1279819e+01 +1.1281518e+01 +1.6112687e+01 +1.6115958e+01 +2.4822205e+01 +2.4836346e+01 
-9.8208718e+01 -9.8207622e+01 -2.9954377e+00 -2.9948924e+00 +2.1130633e+00 +2.1144721e+00 +1.1033594e+01 +1.1035436e+01 +1.6139165e+01 +1.6142423e+01 +2.5578653e+01 +2.5592779e+01 
-9.8208649e+01 -9.8207552e+01 -2.9409632e+00 -2.9404377e+00 +2.1074862e+00 +2.1088555e+00 +1.0778478e+01 +1.0780441e+01 +1.6166394e+01 +1.6169632e+01 +2.6406715e+01 +2.6420357e+01 
-9.8208575e+01 -9.8207478e+01 -2.8804948e+00 -2.8799886e+00 +2.0998174e+00 +2.1011403e+00 +1.0517711e+01 +1.0519775e+01 +1.6194455e+01 +1.6197671e+01 +2.7265653e+01 +2.7277897e+01 
-9.8208495e+01 -9.8207399e+01 -2.8140271e+00 -2.8135384e+00 +2.0895703e+00 +2.0908405e+00 +1.0254242e+01 +1.0256390e+01 +1.6223454e+01 +1.6226653e+01 +2.8065686e+01 +2.8075136e+01 
-9.8208412e+01 -9.8207315e+01 -2.7415736e+00 -2.7410997e+00 +2.0761972e+00 +2.0774089e+00 +9.9907526e+00 +9.9929669e+00 +1.6253493e+01 +1.6256679e+01 +2.8683613e+01 +2.8689357e+01 
-9.8208326e+01 -9.8207228e+01 -2.6631687e+00 -2.6627061e+00 +2.0590842e+00 +2.0602324e+00 +9.7296527e+00 +9.7319199e+00 +1.6284641e+01 +1.6287822e+01 +2.9073725e+01 +2.9076377e+01 
-9.8208237e+01 -9.8207139e+01 -2.5788679e+00 -2.5784128e+00 +2.0375464e+00 +2.0386266e+00 +9.4730752e+00 +9.4753819e+00 +1.6316931e+01 +1.6320109e+01 +2.9300324e+01 +2.9300946e+01 
-9.8208146e+01 -9.8207048e+01 -2.4887506e+00 -2.4882989e+00 +2.0108269e+00 +2.0118353e+00 +9.2228692e+00 +9.2252020e+00 +1.6350345e+01 +1.6353518e+01 +2.9439003e+01 +2.9439783e+01 
-9.8208054e+01 -9.8206956e+01 -2.3929222e+00 -2.3924698e+00 +1.9781049e+00 +1.9790385e+00 +8.9806097e+00 +8.9829542e+00 +1.6384810e+01 +1.6387969e+01 +2.9537322e+01 +2.9539236e+01 
-9.8207963e+01 -9.8206864e+01 -2.2915197e+00 -2.2910630e+00 +1.9385171e+00 +1.9393746e+00 +8.7476267e+00 +8.7499673e+00 +1.6420194e+01 +1.6423321e+01 +2.9621715e+01 +2.9624676e+01 
-9.8207873e+01 -9.8206772e+01 -2.1847199e+00 -2.1842553e+00 +1.8911973e+00 +1.8919795e+00 +8.5250543e+00 +8.5273749e+00 +1.6456305e+01 +1.6459374e+01 +2.9707342e+01 +2.9711359e+01 
-9.8207784e+01 -9.8206682e+01 -2.0727514e+00 -2.0722760e+00 +1.8353339e+00 +1.8360446e+00 +8.3138940e+00 +8.3161789e+00 +1.6492900e+01 +1.6495875e+01 +2.9804164e+01 +2.9809296e+01 
-9.8207698e+01 -9.8206595e+01 -1.9559135e+00 -1.9554247e+00 +1.7702424e+00 +1.7708881e+00 +8.1150787e+00 +8.1173134e+00 +1.6529688e+01 +1.6532526e+01 +2.9919493e+01 +2.9925837e+01 
-9.8207615e+01 -9.8206511e+01 -1.8346031e+00 -1.8340992e+00 +1.6954475e+00 +1.6960374e+00 +7.9295228e+00 +7.9316948e+00 +1.6566346e+01 +1.6569000e+01 +3.0059195e+01 +3.0066885e+01 
-9.8207536e+01 -9.8206431e+01 -1.7093562e+00 -1.7088366e+00 +1.6107746e+00 +1.6113197e+00 +7.7581504e+00 +7.7602492e+00 +1.6602515e+01 +1.6604937e+01 +3.0228214e+01 +3.0237416e+01 
-9.8207461e+01 -9.8206356e+01 -1.5809114e+00 -1.5803767e+00 +1.5164598e+00 +1.5169719e+00 +7.6019034e+00 +7.6039199e+00 +1.6637790e+01 +1.6639932e+01 +3.0430679e+01 +3.0441598e+01 
-9.8207391e+01 -9.8206286e+01 -1.4503113e+00 -1.4497641e+00 +1.4132963e+00 +1.4137872e+00 +7.4617344e+00 +7.4636608e+00 +1.6671692e+01 +1.6673515e+01 +3.0669601e+01 +3.0682490e+01 
-9.8207328e+01 -9.8206222e+01 -1.3190684e+00 -1.3185130e+00 +1.3028442e+00 +1.3033253e+00 +7.3385895e+00 +7.3404200e+00 +1.6703638e+01 +1.6705113e+01 +3.0946006e+01 +3.0961170e+01 
-9.8207272e+01 -9.8206166e+01 -1.1894387e+00 -1.1888812e+00 +1.1877430e+00 +1.1882250e+00 +7.2333743e+00 +7.2351061e+00 +1.6732920e+01 +1.6734035e+01 +3.1257148e+01 +3.1274946e+01 
-9.8207224e+01 -9.8206118e+01 -1.0648691e+00 -1.0643167e+00 +1.0721754e+00 +1.0726680e+00 +7.1468892e+00 +7.1485249e+00 +1.6758704e+01 +1.6759468e+01 +3.1593277e+01 +3.1614103e+01 
-9.8207185e+01 -9.8206079e+01 -9.5068181e-01 -9.5014147e-01 +9.6252965e-01 +9.6304049e-01 +7.0797334e+00 +7.0812827e+00 +1.6780079e+01 +1.6780529e+01 +3.1932553e+01 +3.1956757e+01 
-9.8207157e+01 -9.8206050e+01 -8.5491775e-01 -8.5439404e-01 +8.6817298e-01 +8.6870608e-01 +7.0321902e+00 +7.0336707e+00 +1.6796143e+01 +1.6796343e+01 +3.2235519e+01 +3.2263174e+01 
-9.8207139e+01 -9.8206033e+01 -7.8869398e-01 -7.8818589e-01 +8.0169832e-01 +8.0225104e-01 +7.0041324e+00 +7.0055686e+00 +1.6806125e+01 +1.6806163e+01 +3.2446929e+01 +3.2477393e+01 
-9.8207133e+01 -9.8206027e+01 -7.6434562e-01 -7.6384429e-01 +7.7694317e-01 +7.7750413e-01 +6.9949810e+00 +6.9964020e+00 +1.6809492e+01 +1.6809510e+01 +3.2520318e+01 +3.2551902e+01 
-9.8207139e+01 -9.8206033e+01 -7.8929206e-01 -7.8878352e-01 +8.0272057e-01 +8.0327270e-01 +7.0034720e+00 +7.0049074e+00 +1.6806233e+01 +1.6806269e+01 +3.2460953e+01 +3.2491445e+01 
-9.8207158e+01 -9.8206051e+01 -8.6197996e-01 -8.6145234e-01 +8.7869712e-01 +8.7922500e-01 +7.0280474e+00 +7.0295241e+00 +1.6796561e+01 +1.6796751e+01 +3.2327225e+01 +3.2354893e+01 
-9.8207190e+01 -9.8206084e+01 -9.7420361e-01 -9.7365190e-01 +9.9773927e-01 +9.9823415e-01 +7.0672216e+00 +7.0687611e+00 +1.6780936e+01 +1.6781360e+01 +3.2186338e+01 +3.2210276e+01 
-9.8207235e+01 -9.8206129e+01 -1.1156787e+00 -1.1151043e+00 +1.1504828e+00 +1.1509424e+00 +7.1194028e+00 +7.1210200e+00 +1.6759953e+01 +1.6760668e+01 +3.2083249e+01 +3.2103153e+01 
-9.8207295e+01 -9.8206189e+01 -1.2776756e+00 -1.2770835e+00 +1.3289780e+00 +1.3294038e+00 +7.1829840e+00 +7.1846867e+00 +1.6734232e+01 +1.6735264e+01 +3.2036596e+01 +3.2052477e+01 
-9.8207369e+01 -9.8206264e+01 -1.4538513e+00 -1.4532480e+00 +1.5275331e+00 +1.5279286e+00 +7.2564166e+00 +7.2582062e+00 +1.6704303e+01 +1.6705651e+01 +3.2047383e+01 +3.2059397e+01 
-9.8207459e+01 -9.8206354e+01 -1.6398253e+00 -1.6392174e+00 +1.7422959e+00 +1.7426654e+00 +7.3382700e+00 +7.3401427e+00 +1.6670555e+01 +1.6672195e+01 +3.2107625e+01 +3.2115999e+01 
-9.8207564e+01 -9.8206459e+01 -1.8325724e+00 -1.8319660e+00 +1.9706507e+00 +1.9709985e+00 +7.4272765e+00 +7.4292252e+00 +1.6633221e+01 +1.6635114e+01 +3.2205960e+01 +3.2210954e+01 
-9.8207684e+01 -9.8206581e+01 -2.0299546e+00 -2.0293549e+00 +2.2107535e+00 +2.2110837e+00 +7.5223620e+00 +7.5243777e+00 +1.6592426e+01 +1.6594519e+01 +3.2330721e+01 +3.2332611e+01 
-9.8207821e+01 -9.8206718e+01 -2.2304116e+00 -2.2298227e+00 +2.4612294e+00 +2.4615462e+00 +7.6226574e+00 +7.6247311e+00 +1.6548234e+01 +1.6550474e+01 +3.2470462e+01 +3.2471399e+01 
-9.8207974e+01 -9.8206872e+01 -2.4327653e+00 -2.4321902e+00 +2.7209879e+00 +2.7212955e+00 +7.7274920e+00 +7.7296150e+00 +1.6500718e+01 +1.6503052e+01 +3.2615655e+01 +3.2619146e+01 
-9.8208143e+01 -9.8207042e+01 -2.6360956e+00 -2.6355362e+00 +2.9891125e+00 +2.9894153e+00 +7.8363693e+00 +7.8385343e+00 +1.6450002e+01 +1.6452383e+01 +3.2760972e+01 +3.2766756e+01 
-9.8208329e+01 -9.8207230e+01 -2.8396620e+00 -2.8391192e+00 +3.2647951e+00 +3.2650979e+00 +7.9489328e+00 +7.9511339e+00 +1.6396287e+01 +1.6398677e+01 +3.2900554e+01 +3.2908385e+01 
-9.8208532e+01 -9.8207434e+01 -3.0428518e+00 -3.0423253e+00 +3.5472948e+00 +3.5476030e+00 +8.0649274e+00 +8.0671596e+00 +1.6339854e+01 +1.6342223e+01 +3.3029519e+01 +3.3039167e+01 
-9.8208751e+01 -9.8207654e+01 -3.2451461e+00 -3.2446352e+00 +3.8359109e+00 +3.8362304e+00 +8.1841630e+00 +8.1864222e+00 +1.6281045e+01 +1.6283374e+01 +3.3143582e+01 +3.3154831e+01 
-9.8208987e+01 -9.8207891e+01 -3.4460984e+00 -3.4456018e+00 +4.1299641e+00 +4.1303007e+00 +8.3064852e+00 +8.3087677e+00 +1.6220246e+01 +1.6222520e+01 +3.3238724e+01 +3.3251371e+01 
-9.8209239e+01 -9.8208144e+01 -3.6453201e+00 -3.6448358e+00 +4.4287852e+00 +4.4291449e+00 +8.4317534e+00 +8.4340551e+00 +1.6157865e+01 +1.6160076e+01 +3.3310962e+01 +3.3324812e+01 
-9.8209507e+01 -9.8208412e+01 -3.8424708e+00 -3.8419969e+00 +4.7317121e+00 +4.7321003e+00 +8.5598251e+00 +8.5621417e+00 +1.6094321e+01 +1.6096463e+01 +3.3356206e+01 +3.3371073e+01 
-9.8209790e+01 -9.8208696e+01 -4.0372525e+00 -4.0367867e+00 +5.0380937e+00 +5.0385150e+00 +8.6905471e+00 +8.6928738e+00 +1.6030037e+01 +1.6032104e+01 +3.3370246e+01 +3.3385944e+01 
-9.8210088e+01 -9.8208994e+01 -4.2294039e+00 -4.2289441e+00 +5.3472991e+00 +5.3477573e+00 +8.8237495e+00 +8.8260808e+00 +1.5965445e+01 +1.5967431e+01 +3.3348839e+01 +3.3365184e+01 
-9.8210400e+01 -9.8209306e+01 -4.4186965e+00 -4.4182406e+00 +5.6587301e+00 +5.6592279e+00 +8.9592425e+00 +8.9615723e+00 +1.5900987e+01 +1.5902882e+01 +3.3287921e+01 +3.3304722e+01 
-9.8210726e+01 -9.8209632e+01 -4.6049301e+00 -4.6044765e+00 +5.9718317e+00 +5.9723705e+00 +9.0968160e+00 +9.0991377e+00 +1.5837124e+01 +1.5838918e+01 +3.3183905e+01 +3.3200965e+01 
-9.8211064e+01 -9.8209970e+01 -4.7879293e+00 -4.7874764e+00 +6.2860985e+00 +6.2866784e+00 +9.2362416e+00 +9.2385477e+00 +1.5774343e+01 +1.5776024e+01 +3.3034063e+01 +3.3051175e+01 
-9.8211415e+01 -9.8210321e+01 -4.9675398e+00 -4.9670862e+00 +6.6010746e+00 +6.6016942e+00 +9.3772771e+00 +9.3795601e+00 +1.5713167e+01 +1.5714722e+01 +3.2836936e+01 +3.2853882e+01 
-9.8211777e+01 -9.8210683e+01 -5.1436253e+00 -5.1431701e+00 +6.9163426e+00 +6.9169990e+00 +9.5196778e+00 +9.5219299e+00 +1.5654164e+01 +1.5655578e+01 +3.2592720e+01 +3.2609275e+01 
-9.8212150e+01 -9.8211055e+01 -5.3160652e+00 -5.3156075e+00 +7.2315037e+00 +7.2321922e+00 +9.6632142e+00 +9.6654271e+00 +1.5597949e+01 +1.5599209e+01 +3.2303550e+01 +3.2319487e+01 
-9.8212533e+01 -9.8211438e+01 -5.4847524e+00 -5.4842914e+00 +7.5461424e+00 +7.5468564e+00 +9.8077009e+00 +9.8098667e+00 +1.5545196e+01 +1.5546287e+01 +3.1973607e+01 +3.1988704e+01 
-9.8212925e+01 -9.8211830e+01 -5.6495919e+00 -5.6491268e+00 +7.8597755e+00 +7.8605066e+00 +9.9530444e+00 +9.9551548e+00 +1.5496635e+01 +1.5497544e+01 +3.1608986e+01 +3.1623038e+01 
-9.8213326e+01 -9.8212230e+01 -5.8104992e+00 -5.8100291e+00 +8.1717769e+00 +8.1725140e+00 +1.0099316e+01 +1.0101362e+01 +1.5453047e+01 +1.5453764e+01 +3.1217329e+01 +3.1230160e+01 
-9.8213734e+01 -9.8212638e+01 -5.9673990e+00 -5.9669229e+00 +8.4812671e+00 +8.4819961e+00 +1.0246866e+01 +1.0248839e+01 +1.5415262e+01 +1.5415775e+01 +3.0807271e+01 +3.0818741e+01 
-9.8214149e+01 -9.8213052e+01 -6.1202241e+00 -6.1197408e+00 +8.7869488e+00 +8.7876516e+00 +1.0396499e+01 +1.0398388e+01 +1.5384136e+01 +1.5384437e+01 +3.0387807e+01 +3.0397816e+01 
-9.8214569e+01 -9.8213472e+01 -6.2689145e+00 -6.2684225e+00 +9.0868654e+00 +9.0875184e+00 +1.0549735e+01 +1.0551525e+01 +1.5360531e+01 +1.5360613e+01 +2.9967698e+01 +2.9976191e+01 
-9.8214994e+01 -9.8213896e+01 -6.4134155e+00 -6.4129129e+00 +9.3780738e+00 +9.3786457e+00 +1.0709156e+01 +1.0710827e+01 +1.5345144e+01 +1.5345286e+01 +2.9555012e+01 +2.9561972e+01 
-9.8215423e+01 -9.8214324e+01 -6.5536768e+00 -6.5531614e+00 +9.6562974e+00 +9.6567472e+00 +1.0878783e+01 +1.0880307e+01 +1.5338816e+01 +1.5339184e+01 +2.9156842e+01 +2.9162287e+01 
-9.8215853e+01 -9.8214754e+01 -6.6896509e+00 -6.6891206e+00 +9.9158484e+00 +9.9161273e+00 +1.1064171e+01 +1.1065512e+01 +1.5342324e+01 +1.5342917e+01 +2.8779204e+01 +2.8783179e+01 
-9.8216285e+01 -9.8215185e+01 -6.8212925e+00 -6.8207447e+00 +1.0150422e+01 +1.0150483e+01 +1.1271616e+01 +1.1272743e+01 +1.5356242e+01 +1.5357055e+01 +2.8427080e+01 +2.8429650e+01 
-9.8216717e+01 -9.8215616e+01 -6.9485570e+00 -6.9479891e+00 +1.0354965e+01 +1.0355147e+01 +1.1506097e+01 +1.1506998e+01 +1.5380999e+01 +1.5382023e+01 +2.8104558e+01 +2.8105802e+01 
-9.8217147e+01 -9.8216046e+01 -7.0714000e+00 -7.0708098e+00 +1.0528354e+01 +1.0528773e+01 +1.1769064e+01 +1.1769757e+01 +1.5416865e+01 +1.5418088e+01 +2.7815024e+01 +2.7815027e+01 
-9.8217575e+01 -9.8216474e+01 -7.1897778e+00 -7.1891634e+00 +1.0673247e+01 +1.0673873e+01 +1.2058199e+01 +1.2058725e+01 +1.5463953e+01 +1.5465358e+01 +2.7560221e+01 +2.7561371e+01 
-9.8218000e+01 -9.8216898e+01 -7.3036478e+00 -7.3030079e+00 +1.0794210e+01 +1.0795009e+01 +1.2369185e+01 +1.2369584e+01 +1.5522229e+01 +1.5523793e+01 +2.7343987e+01 +2.7346205e+01 
-9.8218419e+01 -9.8217317e+01 -7.4129701e+00 -7.4123045e+00 +1.0895875e+01 +1.0896817e+01 +1.2697501e+01 +1.2697803e+01 +1.5591529e+01 +1.5593226e+01 +2.7168819e+01 +2.7172026e+01 
-9.8218832e+01 -9.8217729e+01 -7.5177099e+00 -7.5170196e+00 +1.0982070e+01 +1.0983137e+01 +1.3039180e+01 +1.3039400e+01 +1.5671586e+01 +1.5673385e+01 +2.7037270e+01 +2.7041397e+01 
-9.8219237e+01 -9.8218135e+01 -7.6178406e+00 -7.6171280e+00 +1.1055721e+01 +1.1056900e+01 +1.3390799e+01 +1.3390939e+01 +1.5762048e+01 +1.5763916e+01 +2.6952106e+01 +2.6957097e+01 
-9.8219634e+01 -9.8218532e+01 -7.7133467e+00 -7.7126156e+00 +1.1119038e+01 +1.1120318e+01 +1.3749211e+01 +1.3749262e+01 +1.5862499e+01 +1.5864400e+01 +2.6916464e+01 +2.6922273e+01 
-9.8220021e+01 -9.8218919e+01 -7.8042258e+00 -7.8034820e+00 +1.1173719e+01 +1.1175090e+01 +1.4111230e+01 +1.4111282e+01 +1.5972462e+01 +1.5974359e+01 +2.6934017e+01 +2.6940616e+01 
-9.8220398e+01 -9.8219295e+01 -7.8904901e+00 -7.8897404e+00 +1.1221118e+01 +1.1222568e+01 +1.4473557e+01 +1.4473731e+01 +1.6091399e+01 +1.6093254e+01 +2.7009174e+01 +2.7016550e+01 
-9.8220762e+01 -9.8219660e+01 -7.9721650e+00 -7.9714174e+00 +1.1262357e+01 +1.1263869e+01 +1.4832757e+01 +1.4833071e+01 +1.6218696e+01 +1.6220473e+01 +2.7147325e+01 +2.7155480e+01 
-9.8221113e+01 -9.8220011e+01 -8.0492857e+00 -8.0485485e+00 +1.1298392e+01 +1.1299944e+01 +1.5185177e+01 +1.5185648e+01 +1.6353645e+01 +1.6355308e+01 +2.7355143e+01 +2.7364092e+01 
-9.8221451e+01 -9.8220349e+01 -8.1218923e+00 -8.1211741e+00 +1.1330056e+01 +1.1331620e+01 +1.5527107e+01 +1.5527744e+01 +1.6495412e+01 +1.6496924e+01 +2.7640980e+01 +2.7650747e+01 
-9.8221773e+01 -9.8220672e+01 -8.1900245e+00 -8.1893333e+00 +1.1358077e+01 +1.1359623e+01 +1.5854941e+01 +1.5855749e+01 +1.6642996e+01 +1.6644322e+01 +2.8015410e+01 +2.8026029e+01 
-9.8222080e+01 -9.8220978e+01 -8.2537156e+00 -8.2530585e+00 +1.1383090e+01 +1.1384585e+01 +1.6165373e+01 +1.6166349e+01 +1.6795179e+01 +1.6796283e+01 +2.8492031e+01 +2.8503542e+01 
-9.8222369e+01 -9.8221268e+01 -8.3129887e+00 -8.3123715e+00 +1.1405642e+01 +1.1407050e+01 +1.6455606e+01 +1.6456739e+01 +1.6950464e+01 +1.6951304e+01 +2.9088679e+01 +2.9101127e+01 
-9.8222642e+01 -9.8221541e+01 -8.3678535e+00 -8.3672810e+00 +1.1426194e+01 +1.1427481e+01 +1.6723547e+01 +1.6724820e+01 +1.7107000e+01 +1.7107532e+01 +2.9829333e+01 +2.9842765e+01 
-9.8222895e+01 -9.8221795e+01 -8.4183053e+00 -8.4177810e+00 +1.1445127e+01 +1.1446261e+01 +1.6967967e+01 +1.6969358e+01 +1.7262507e+01 +1.7262687e+01 +3.0747078e+01 +3.0761551e+01 
-9.8223130e+01 -9.8222029e+01 -8.4643245e+00 -8.4638507e+00 +1.1462746e+01 +1.1463698e+01 +1.7188562e+01 +1.7190053e+01 +1.7414041e+01 +1.7414251e+01 +3.1888693e+01 +3.1904277e+01 
-9.8223344e+01 -9.8222244e+01 -8.5058770e+00 -8.5054553e+00 +1.1479290e+01 +1.1480034e+01 +1.7385863e+01 +1.7387446e+01 +1.7558516e+01 +1.7559142e+01 +3.3321600e+01 +3.3338398e+01 
-9.8223538e+01 -9.8222438e+01 -8.5429155e+00 -8.5425470e+00 +1.1494930e+01 +1.1495447e+01 +1.7560905e+01 +1.7562591e+01 +1.7692991e+01 +1.7694030e+01 +3.5144083e+01 +3.5162264e+01 
-9.8223710e+01 -9.8222610e+01 -8.5753821e+00 -8.5750675e+00 +1.1509770e+01 +1.1510046e+01 +1.7714763e+01 +1.7716579e+01 +1.7814733e+01 +1.7816159e+01 +3.7499069e+01 +3.7518935e+01 
-9.8223861e+01 -9.8222761e+01 -8.6032149e+00 -8.6029550e+00 +1.1523832e+01 +1.1523860e+01 +1.7848166e+01 +1.7850142e+01 +1.7921751e+01 +1.7923522e+01 +4.0587750e+01 +4.0609899e+01 
-9.8223989e+01 -9.8222889e+01 -8.6263636e+00 -8.6261589e+00 +1.1536807e+01 +1.1537027e+01 +1.7961385e+01 +1.7963542e+01 +1.8012870e+01 +1.8014938e+01 +4.4659195e+01 +4.4684968e+01 
-9.8224094e+01 -9.8222994e+01 -8.6448189e+00 -8.6446695e+00 +1.1548654e+01 +1.1549111e+01 +1.8054360e+01 +1.8056701e+01 +1.8087556e+01 +1.8089869e+01 +4.9842213e+01 +4.9875198e+01 
-9.8224176e+01 -9.8223076e+01 -8.6586610e+00 -8.6585646e+00 +1.1558971e+01 +1.1559639e+01 +1.8126894e+01 +1.8129404e+01 +1.8145650e+01 +1.8148156e+01 +5.5068835e+01 +5.5113710e+01 
-9.8224235e+01 -9.8223135e+01 -8.6681099e+00 -8.6680598e+00 +1.1567136e+01 +1.1567976e+01 +1.8178802e+01 +1.8181447e+01 +1.8187141e+01 +1.8189788e+01 +5.7682768e+01 +5.7726715e+01 
-9.8224270e+01 -9.8223170e+01 -8.6735240e+00 -8.6735064e+00 +1.1572437e+01 +1.1573389e+01 +1.8209974e+01 +1.8212039e+01 +1.8212707e+01 +1.8214772e+01 +5.8713114e+01 +5.8756993e+01 
-9.8224281e+01 -9.8223182e+01 -8.6752743e+00 -8.6752686e+00 +1.1574282e+01 +1.1575273e+01 +1.8220340e+01 +1.8220368e+01 +1.8223103e+01 +1.8223131e+01 +5.9020531e+01 +5.9020666e+01 
-9.8209033e+01 -9.8207936e+01 -3.2235540e+00 -3.2229213e+00 +2.1230643e+00 +2.1245818e+00 +1.2429369e+01 +1.2429917e+01 +1.5970431e+01 +1.5973394e+01 +2.1975401e+01 +2.1987946e+01 
-9.8209086e+01 -9.8207883e+01 -3.2777209e+00 -3.1711990e+00 +2.1197431e+00 +2.1390100e+00 +1.2255626e+01 +1.2609148e+01 +1.5822522e+01 +1.6073776e+01 +2.1601783e+01 +2.2435265e+01 
-9.8209221e+01 -9.8207747e+01 -3.3344717e+00 -3.1217437e+00 +2.1264032e+00 +2.1655611e+00 +1.2087366e+01 +1.2793759e+01 +1.5633847e+01 +1.6121189e+01 +2.1295070e+01 +2.2962862e+01 
-9.8209403e+01 -9.8207565e+01 -3.3932723e+00 -3.0749758e+00 +2.1432382e+00 +2.2037265e+00 +1.1925026e+01 +1.2982982e+01 +1.5414216e+01 +1.6110054e+01 +2.1059511e+01 +2.3565335e+01 
-9.8209607e+01 -9.8207361e+01 -3.4538555e+00 -3.0309753e+00 +2.1696699e+00 +2.2536028e+00 +1.1768677e+01 +1.3176227e+01 +1.5171302e+01 +1.6040329e+01 +2.0890628e+01 +2.4243974e+01 
-9.8209822e+01 -9.8207145e+01 -3.5159069e+00 -2.9897999e+00 +2.2050668e+00 +2.3152275e+00 +1.1618324e+01 +1.3372829e+01 +1.4911652e+01 +1.5916409e+01 +2.0780873e+01 +2.5000453e+01 
-9.8210041e+01 -9.8206925e+01 -3.5790704e+00 -2.9514866e+00 +2.2487764e+00 +2.3886049e+00 +1.1473924e+01 +1.3572077e+01 +1.4640500e+01 +1.5746199e+01 +2.0720267e+01 +2.5836632e+01 
-9.8210261e+01 -9.8206704e+01 -3.6429580e+00 -2.9160520e+00 +2.3001487e+00 +2.4737315e+00 +1.1335409e+01 +1.3773238e+01 +1.4361775e+01 +1.5539356e+01 +2.0697853e+01 +2.6754464e+01 
-9.8210480e+01 -9.8206484e+01 -3.7071634e+00 -2.8834913e+00 +2.3585500e+00 +2.5706152e+00 +1.1202705e+01 +1.3975589e+01 +1.4078246e+01 +1.5305546e+01 +2.0703179e+01 +2.7755938e+01 
-9.8210697e+01 -9.8206267e+01 -3.7712767e+00 -2.8537760e+00 +2.4233677e+00 +2.6792820e+00 +1.1075742e+01 +1.3791743e+01 +1.4178428e+01 +1.5053315e+01 +2.0727256e+01 +2.8684850e+01 
-9.8210909e+01 -9.8206053e+01 -3.8348974e+00 -2.8268537e+00 +2.4940082e+00 +2.7997731e+00 +1.0954466e+01 +1.3503409e+01 +1.4381095e+01 +1.4789636e+01 +2.0762923e+01 +2.8636128e+01 
-9.8211117e+01 -9.8205845e+01 -3.8976450e+00 -2.8026475e+00 +2.5698887e+00 +2.9321338e+00 +1.0838839e+01 +1.3213938e+01 +1.4519928e+01 +1.4582976e+01 +2.0804794e+01 +2.8613839e+01 
-9.8211319e+01 -9.8205643e+01 -3.9591645e+00 -2.7810574e+00 +2.6504272e+00 +3.0763982e+00 +1.0728844e+01 +1.2923775e+01 +1.4248298e+01 +1.4783503e+01 +2.0849029e+01 +2.8624002e+01 
-9.8211514e+01 -9.8205447e+01 -4.0191292e+00 -2.7619624e+00 +2.7350314e+00 +3.2325723e+00 +1.0624483e+01 +1.2633259e+01 +1.3977849e+01 +1.4982150e+01 +2.0893042e+01 +2.8670634e+01 
-9.8211703e+01 -9.8205258e+01 -4.0772393e+00 -2.7452232e+00 +2.8230875e+00 +3.4006180e+00 +1.0525776e+01 +1.2342725e+01 +1.3710963e+01 +1.5178429e+01 +2.0935221e+01 +2.8758236e+01 
-9.8211884e+01 -9.8205077e+01 -4.1332200e+00 -2.7306853e+00 +2.9139493e+00 +3.5804383e+00 +1.0432755e+01 +1.2052550e+01 +1.3449542e+01 +1.5371871e+01 +2.0974688e+01 +2.8891711e+01 
-9.8212057e+01 -9.8204905e+01 -4.1868186e+00 -2.7181813e+00 +3.0069269e+00 +3.7718637e+00 +1.0345467e+01 +1.1763175e+01 +1.3195183e+01 +1.5562010e+01 +2.1011102e+01 +2.9076329e+01 
-9.8212221e+01 -9.8204741e+01 -4.2378011e+00 -2.7075337e+00 +3.1012753e+00 +3.9746378e+00 +1.0263966e+01 +1.1475099e+01 +1.2949309e+01 +1.5748366e+01 +2.1044493e+01 +2.9317764e+01 
-9.8212376e+01 -9.8204587e+01 -4.2859507e+00 -2.6985565e+00 +3.1961825e+00 +4.1884023e+00 +1.0188314e+01 +1.1188855e+01 +1.2713259e+01 +1.5930407e+01 +2.1075129e+01 +2.9622166e+01 
-9.8212521e+01 -9.8204442e+01 -4.3310660e+00 -2.6910562e+00 +3.2907584e+00 +4.4126789e+00 +1.0118578e+01 +1.0904982e+01 +1.2488347e+01 +1.6107525e+01 +2.1103410e+01 +2.9996208e+01 
-9.8212656e+01 -9.8204308e+01 -4.3729613e+00 -2.6848342e+00 +3.3840255e+00 +4.6468482e+00 +1.0054823e+01 +1.0623992e+01 +1.2275900e+01 +1.6278992e+01 +2.1129781e+01 +3.0447024e+01 
-9.8212781e+01 -9.8204184e+01 -4.4114670e+00 -2.6796886e+00 +3.4749133e+00 +4.8901237e+00 +9.9971122e+00 +1.0346337e+01 +1.2077267e+01 +1.6443924e+01 +2.1154661e+01 +3.0981883e+01 
-9.8212895e+01 -9.8204071e+01 -4.4464327e+00 -2.6754194e+00 +3.5622616e+00 +5.1415219e+00 +9.9454983e+00 +1.0072374e+01 +1.1893821e+01 +1.6601235e+01 +2.1178390e+01 +3.1607389e+01 
-9.8212998e+01 -9.8203969e+01 -4.4777306e+00 -2.6718361e+00 +3.6448335e+00 +5.3998277e+00 +9.8023458e+00 +9.9000125e+00 +1.1726922e+01 +1.6749612e+01 +2.1201177e+01 +3.2327887e+01 
-9.8213089e+01 -9.8203878e+01 -4.5052613e+00 -2.6687693e+00 +3.7213456e+00 +5.6635505e+00 +9.5363773e+00 +9.8606516e+00 +1.1577858e+01 +1.6887495e+01 +2.1223069e+01 +3.3142705e+01 
-9.8213169e+01 -9.8203799e+01 -4.5289613e+00 -2.6660861e+00 +3.7905152e+00 +5.9308592e+00 +9.2745221e+00 +9.8273597e+00 +1.1447765e+01 +1.7013086e+01 +2.1243920e+01 +3.4041904e+01 
-9.8213237e+01 -9.8203732e+01 -4.5488103e+00 -2.6637049e+00 +3.8511242e+00 +6.1994526e+00 +9.0169146e+00 +9.8000071e+00 +1.1337521e+01 +1.7124400e+01 +2.1263376e+01 +3.5000574e+01 
-9.8213293e+01 -9.8203677e+01 -4.5648368e+00 -2.6616055e+00 +3.9020913e+00 +6.4662393e+00 +8.7641808e+00 +9.7783743e+00 +1.1247654e+01 +1.7219343e+01 +2.1280877e+01 +3.5972664e+01 
-9.8213337e+01 -9.8203633e+01 -4.5771162e+00 -2.6598277e+00 +3.9425364e+00 +6.7264126e+00 +8.5185314e+00 +9.7621509e+00 +1.1178298e+01 +1.7295850e+01 +2.1295706e+01 +3.6887057e+01 
-9.8213368e+01 -9.8203603e+01 -4.5857585e+00 -2.6584540e+00 +3.9718174e+00 +6.9704206e+00 +8.2870383e+00 +9.7509633e+00 +1.1129239e+01 +1.7352046e+01 +2.1307072e+01 +3.7650565e+01 
-9.8213387e+01 -9.8203584e+01 -4.5908818e+00 -2.6575795e+00 +3.9895262e+00 +7.1729141e+00 +8.0929794e+00 +9.7444394e+00 +1.1100066e+01 +1.7386420e+01 +2.1314243e+01 +3.8162928e+01 
-9.8213393e+01 -9.8203578e+01 -4.5925780e+00 -2.6572787e+00 +3.9954505e+00 +7.2633291e+00 +8.0055377e+00 +9.7422996e+00 +1.1090394e+01 +1.7397991e+01 +2.1316696e+01 +3.8344040e+01 
-9.8207154e+01 -9.8206050e+01 -2.0688741e+00 -5.8441977e-01 -5.8395551e-01 +7.0308208e+00 +7.1340918e+00 +7.1365267e+00 +1.4820115e+01 +1.4820776e+01 +1.5289699e+01 +4.0039256e+01 
-9.8207154e+01 -9.8206050e+01 -2.0658948e+00 -5.8492424e-01 -5.8446406e-01 +7.0139208e+00 +7.1354977e+00 +7.1379165e+00 +1.4823506e+01 +1.4824164e+01 +1.5321341e+01 +4.0034149e+01 
-9.8207154e+01 -9.8206050e+01 -2.0569559e+00 -5.8643213e-01 -5.8598404e-01 +6.9638745e+00 +7.1396276e+00 +7.1419996e+00 +1.4833700e+01 +1.4834345e+01 +1.5415132e+01 +4.0019450e+01 
-9.8207154e+01 -9.8206050e+01 -2.0420548e+00 -5.8892691e-01 -5.8849844e-01 +6.8825211e+00 +7.1462185e+00 +7.1485161e+00 +1.4850749e+01 +1.4851374e+01 +1.5567805e+01 +3.9996844e+01 
-9.8207154e+01 -9.8206049e+01 -2.0211880e+00 -5.9238124e-01 -5.9197913e-01 +6.7725627e+00 +7.1548355e+00 +7.1570360e+00 +1.4874732e+01 +1.4875331e+01 +1.5774353e+01 +3.9968615e+01 
-9.8207153e+01 -9.8206049e+01 -1.9943518e+00 -5.9675720e-01 -5.9638716e-01 +6.6371586e+00 +7.1648889e+00 +7.1669750e+00 +1.4905742e+01 +1.4906308e+01 +1.6028546e+01 +3.9937130e+01 
-9.8207153e+01 -9.8206049e+01 -1.9615442e+00 -6.0200672e-01 -6.0167309e-01 +6.4795535e+00 +7.1756728e+00 +7.1776325e+00 +1.4943853e+01 +1.4944380e+01 +1.6323496e+01 +3.9904450e+01 
-9.8207152e+01 -9.8206048e+01 -1.9227651e+00 -6.0807197e-01 -6.0777754e-01 +6.3028140e+00 +7.1864292e+00 +7.1882549e+00 +1.4989085e+01 +1.4989569e+01 +1.6652173e+01 +3.9872138e+01 
-9.8207151e+01 -9.8206047e+01 -1.8780171e+00 -6.1488589e-01 -6.1463178e-01 +6.1096939e+00 +7.1964268e+00 +7.1981141e+00 +1.5041363e+01 +1.5041798e+01 +1.7007855e+01 +3.9841256e+01 
-9.8207150e+01 -9.8206047e+01 -1.8273053e+00 -6.2237277e-01 -6.2215842e-01 +5.9026047e+00 +7.2050394e+00 +7.2065862e+00 +1.5100485e+01 +1.5100866e+01 +1.7384487e+01 +3.9812460e+01 
-9.8207150e+01 -9.8206046e+01 -1.7706377e+00 -6.3044901e-01 -6.3027220e-01 +5.6836546e+00 +7.2118030e+00 +7.2132089e+00 +1.5166104e+01 +1.5166428e+01 +1.7776940e+01 +3.9786144e+01 
-9.8207149e+01 -9.8206045e+01 -1.7080237e+00 -6.3902381e-01 -6.3888090e-01 +5.4547180e+00 +7.2164410e+00 +7.2177071e+00 +1.5237733e+01 +1.5238000e+01 +1.8181171e+01 +3.9762576e+01 
-9.8207148e+01 -9.8206044e+01 -1.6394744e+00 -6.4800001e-01 -6.4788625e-01 +5.2175048e+00 +7.2188555e+00 +7.2199845e+00 +1.5314770e+01 +1.5314983e+01 +1.8594273e+01 +3.9742010e+01 
-9.8207147e+01 -9.8206043e+01 -1.5650017e+00 -6.5727493e-01 -6.5718485e-01 +4.9736161e+00 +7.2190926e+00 +7.2200892e+00 +1.5396532e+01 +1.5396698e+01 +1.9014442e+01 +3.9724751e+01 
-9.8207146e+01 -9.8206042e+01 -1.4846183e+00 -6.6674116e-01 -6.6666918e-01 +4.7245770e+00 +7.2172944e+00 +7.2181662e+00 +1.5482292e+01 +1.5482422e+01 +1.9440883e+01 +3.9711171e+01 
-9.8207145e+01 -9.8206041e+01 -1.3983378e+00 -6.7628743e-01 -6.7622851e-01 +4.4718506e+00 +7.2136492e+00 +7.2144066e+00 +1.5571316e+01 +1.5571427e+01 +1.9873699e+01 +3.9701669e+01 
-9.8207145e+01 -9.8206040e+01 -1.3061751e+00 -6.8579960e-01 -6.8574995e-01 +4.2168367e+00 +7.2083450e+00 +7.2090024e+00 +1.5662899e+01 +1.5663002e+01 +2.0313802e+01 +3.9696540e+01 
-9.8207144e+01 -9.8206039e+01 -1.2081468e+00 -6.9516199e-01 -6.9511949e-01 +3.9608636e+00 +7.2015322e+00 +7.2021079e+00 +1.5756380e+01 +1.5756480e+01 +2.0762870e+01 +3.9695746e+01 
-9.8207143e+01 -9.8206038e+01 -1.1042724e+00 -7.0425916e-01 -7.0422353e-01 +3.7051759e+00 +7.1932926e+00 +7.1938094e+00 +1.5851158e+01 +1.5851253e+01 +2.1223387e+01 +3.9698530e+01 
-9.8207142e+01 -9.8206037e+01 -9.9457458e-01 -7.1297854e-01 -7.1295044e-01 +3.4509235e+00 +7.1836188e+00 +7.1841044e+00 +1.5946683e+01 +1.5946772e+01 +2.1698759e+01 +3.9702844e+01 
-9.8207141e+01 -9.8206036e+01 -8.7907995e-01 -7.2121563e-01 -7.2119115e-01 +3.1991526e+00 +7.1724072e+00 +7.1728935e+00 +1.6042445e+01 +1.6042538e+01 +2.2193542e+01 +3.9704502e+01 
-9.8207141e+01 -9.8206035e+01 -7.5781806e-01 -7.2887933e-01 -7.2884067e-01 +2.9507983e+00 +7.1594722e+00 +7.1599939e+00 +1.6137941e+01 +1.6138058e+01 +2.2713765e+01 +3.9695997e+01 
-9.8207140e+01 -9.8206033e+01 -7.3588436e-01 -7.3581316e-01 -6.3081845e-01 +2.7066794e+00 +7.1445944e+00 +7.1451862e+00 +1.6232624e+01 +1.6232782e+01 +2.3267388e+01 +3.9664860e+01 
-9.8207139e+01 -9.8206032e+01 -7.4215868e-01 -7.4204182e-01 -4.9810351e-01 +2.4674942e+00 +7.1276092e+00 +7.1283023e+00 +1.6325818e+01 +1.6326020e+01 +2.3864885e+01 +3.9591469e+01 
-9.8207138e+01 -9.8206031e+01 -7.4765057e-01 -7.4747801e-01 -3.5967631e-01 +2.2338181e+00 +7.1085329e+00 +7.1093497e+00 +1.6416595e+01 +1.6416832e+01 +2.4519963e+01 +3.9446236e+01 
-9.8207137e+01 -9.8206030e+01 -7.5232999e-01 -7.5209505e-01 -2.1550422e-01 +2.0061043e+00 +7.0877024e+00 +7.0886539e+00 +1.6503636e+01 +1.6503889e+01 +2.5250358e+01 +3.9186441e+01 
-9.8207136e+01 -9.8206029e+01 -7.5619015e-01 -7.5589025e-01 -6.5504572e-02 +1.7846884e+00 +7.0658908e+00 +7.0669748e+00 +1.6585100e+01 +1.6585342e+01 +2.6078508e+01 +3.8754095e+01 
-9.8207135e+01 -9.8206028e+01 -7.5924794e-01 -7.5888515e-01 +9.0457395e-02 +1.5697986e+00 +7.0443499e+00 +7.0455523e+00 +1.6658527e+01 +1.6658732e+01 +2.7031551e+01 +3.8079106e+01 
-9.8207134e+01 -9.8206027e+01 -7.6154136e-01 -7.6112261e-01 +2.5255120e-01 +1.3615704e+00 +7.0247363e+00 +7.0260344e+00 +1.6720879e+01 +1.6721027e+01 +2.8139374e+01 +3.7096641e+01 
-9.8207133e+01 -9.8206027e+01 -7.6312212e-01 -7.6265910e-01 +4.2095003e-01 +1.1600658e+00 +7.0089025e+00 +7.0102694e+00 +1.6768797e+01 +1.6768883e+01 +2.9428163e+01 +3.5786467e+01 
-9.8207133e+01 -9.8206027e+01 -7.6404349e-01 -7.6355199e-01 +5.9580288e-01 +9.6529309e-01 +6.9985734e+00 +6.9999809e+00 +1.6799105e+01 +1.6799143e+01 +3.0905605e+01 +3.4216421e+01 
-9.8207133e+01 -9.8206027e+01 -7.6434562e-01 -7.6384429e-01 +7.7694317e-01 +7.7750413e-01 +6.9949810e+00 +6.9964020e+00 +1.6809492e+01 +1.6809510e+01 +3.2520318e+01 +3.2551902e+01 
