# num high symmetry points
8
# label high symmetry points
G X M G R X M R 
# indices high symmetry points
1 23 45 76 114 145 146 168 
# nk, nb, ns
168 36 1
# k-points (frac coords)
+0.0000000e+00 +0.0000000e+00 +0.0000000e+00 
+0.0000000e+00 +2.2727273e-02 +0.0000000e+00 
+0.0000000e+00 +4.5454545e-02 +0.0000000e+00 
+0.0000000e+00 +6.8181818e-02 +0.0000000e+00 
+0.0000000e+00 +9.0909091e-02 +0.0000000e+00 
+0.0000000e+00 +1.1363636e-01 +0.0000000e+00 
+0.0000000e+00 +1.3636364e-01 +0.0000000e+00 
+0.0000000e+00 +1.5909091e-01 +0.0000000e+00 
+0.0000000e+00 +1.8181818e-01 +0.0000000e+00 
+0.0000000e+00 +2.0454545e-01 +0.0000000e+00 
+0.0000000e+00 +2.2727273e-01 +0.0000000e+00 
+0.0000000e+00 +2.5000000e-01 +0.0000000e+00 
+0.0000000e+00 +2.7272727e-01 +0.0000000e+00 
+0.0000000e+00 +2.9545455e-01 +0.0000000e+00 
+0.0000000e+00 +3.1818182e-01 +0.0000000e+00 
+0.0000000e+00 +3.4090909e-01 +0.0000000e+00 
+0.0000000e+00 +3.6363636e-01 +0.0000000e+00 
+0.0000000e+00 +3.8636364e-01 +0.0000000e+00 
+0.0000000e+00 +4.0909091e-01 +0.0000000e+00 
+0.0000000e+00 +4.3181818e-01 +0.0000000e+00 
+0.0000000e+00 +4.5454545e-01 +0.0000000e+00 
+0.0000000e+00 +4.7727273e-01 +0.0000000e+00 
+0.0000000e+00 +5.0000000e-01 +0.0000000e+00 
+2.2727273e-02 +5.0000000e-01 +0.0000000e+00 
+4.5454545e-02 +5.0000000e-01 +0.0000000e+00 
+6.8181818e-02 +5.0000000e-01 +0.0000000e+00 
+9.0909091e-02 +5.0000000e-01 +0.0000000e+00 
+1.1363636e-01 +5.0000000e-01 +0.0000000e+00 
+1.3636364e-01 +5.0000000e-01 +0.0000000e+00 
+1.5909091e-01 +5.0000000e-01 +0.0000000e+00 
+1.8181818e-01 +5.0000000e-01 +0.0000000e+00 
+2.0454545e-01 +5.0000000e-01 +0.0000000e+00 
+2.2727273e-01 +5.0000000e-01 +0.0000000e+00 
+2.5000000e-01 +5.0000000e-01 +0.0000000e+00 
+2.7272727e-01 +5.0000000e-01 +0.0000000e+00 
+2.9545455e-01 +5.0000000e-01 +0.0000000e+00 
+3.1818182e-01 +5.0000000e-01 +0.0000000e+00 
+3.4090909e-01 +5.0000000e-01 +0.0000000e+00 
+3.6363636e-01 +5.0000000e-01 +0.0000000e+00 
+3.8636364e-01 +5.0000000e-01 +0.0000000e+00 
+4.0909091e-01 +5.0000000e-01 +0.0000000e+00 
+4.3181818e-01 +5.0000000e-01 +0.0000000e+00 
+4.5454545e-01 +5.0000000e-01 +0.0000000e+00 
+4.7727273e-01 +5.0000000e-01 +0.0000000e+00 
+5.0000000e-01 +5.0000000e-01 +0.0000000e+00 
+4.8387097e-01 +4.8387097e-01 +0.0000000e+00 
+4.6774194e-01 +4.6774194e-01 +0.0000000e+00 
+4.5161290e-01 +4.5161290e-01 +0.0000000e+00 
+4.3548387e-01 +4.3548387e-01 +0.0000000e+00 
+4.1935484e-01 +4.1935484e-01 +0.0000000e+00 
+4.0322581e-01 +4.0322581e-01 +0.0000000e+00 
+3.8709677e-01 +3.8709677e-01 +0.0000000e+00 
+3.7096774e-01 +3.7096774e-01 +0.0000000e+00 
+3.5483871e-01 +3.5483871e-01 +0.0000000e+00 
+3.3870968e-01 +3.3870968e-01 +0.0000000e+00 
+3.2258065e-01 +3.2258065e-01 +0.0000000e+00 
+3.0645161e-01 +3.0645161e-01 +0.0000000e+00 
+2.9032258e-01 +2.9032258e-01 +0.0000000e+00 
+2.7419355e-01 +2.7419355e-01 +0.0000000e+00 
+2.5806452e-01 +2.5806452e-01 +0.0000000e+00 
+2.4193548e-01 +2.4193548e-01 +0.0000000e+00 
+2.2580645e-01 +2.2580645e-01 +0.0000000e+00 
+2.0967742e-01 +2.0967742e-01 +0.0000000e+00 
+1.9354839e-01 +1.9354839e-01 +0.0000000e+00 
+1.7741935e-01 +1.7741935e-01 +0.0000000e+00 
+1.6129032e-01 +1.6129032e-01 +0.0000000e+00 
+1.4516129e-01 +1.4516129e-01 +0.0000000e+00 
+1.2903226e-01 +1.2903226e-01 +0.0000000e+00 
+1.1290323e-01 +1.1290323e-01 +0.0000000e+00 
+9.6774194e-02 +9.6774194e-02 +0.0000000e+00 
+8.0645161e-02 +8.0645161e-02 +0.0000000e+00 
+6.4516129e-02 +6.4516129e-02 +0.0000000e+00 
+4.8387097e-02 +4.8387097e-02 +0.0000000e+00 
+3.2258065e-02 +3.2258065e-02 +0.0000000e+00 
+1.6129032e-02 +1.6129032e-02 +0.0000000e+00 
+0.0000000e+00 +0.0000000e+00 +0.0000000e+00 
+1.3157895e-02 +1.3157895e-02 +1.3157895e-02 
+2.6315789e-02 +2.6315789e-02 +2.6315789e-02 
+3.9473684e-02 +3.9473684e-02 +3.9473684e-02 
+5.2631579e-02 +5.2631579e-02 +5.2631579e-02 
+6.5789474e-02 +6.5789474e-02 +6.5789474e-02 
+7.8947368e-02 +7.8947368e-02 +7.8947368e-02 
+9.2105263e-02 +9.2105263e-02 +9.2105263e-02 
+1.0526316e-01 +1.0526316e-01 +1.0526316e-01 
+1.1842105e-01 +1.1842105e-01 +1.1842105e-01 
+1.3157895e-01 +1.3157895e-01 +1.3157895e-01 
+1.4473684e-01 +1.4473684e-01 +1.4473684e-01 
+1.5789474e-01 +1.5789474e-01 +1.5789474e-01 
+1.7105263e-01 +1.7105263e-01 +1.7105263e-01 
+1.8421053e-01 +1.8421053e-01 +1.8421053e-01 
+1.9736842e-01 +1.9736842e-01 +1.9736842e-01 
+2.1052632e-01 +2.1052632e-01 +2.1052632e-01 
+2.2368421e-01 +2.2368421e-01 +2.2368421e-01 
+2.3684211e-01 +2.3684211e-01 +2.3684211e-01 
+2.5000000e-01 +2.5000000e-01 +2.5000000e-01 
+2.6315789e-01 +2.6315789e-01 +2.6315789e-01 
+2.7631579e-01 +2.7631579e-01 +2.7631579e-01 
+2.8947368e-01 +2.8947368e-01 +2.8947368e-01 
+3.0263158e-01 +3.0263158e-01 +3.0263158e-01 
+3.1578947e-01 +3.1578947e-01 +3.1578947e-01 
+3.2894737e-01 +3.2894737e-01 +3.2894737e-01 
+3.4210526e-01 +3.4210526e-01 +3.4210526e-01 
+3.5526316e-01 +3.5526316e-01 +3.5526316e-01 
+3.6842105e-01 +3.6842105e-01 +3.6842105e-01 
+3.8157895e-01 +3.8157895e-01 +3.8157895e-01 
+3.9473684e-01 +3.9473684e-01 +3.9473684e-01 
+4.0789474e-01 +4.0789474e-01 +4.0789474e-01 
+4.2105263e-01 +4.2105263e-01 +4.2105263e-01 
+4.3421053e-01 +4.3421053e-01 +4.3421053e-01 
+4.4736842e-01 +4.4736842e-01 +4.4736842e-01 
+4.6052632e-01 +4.6052632e-01 +4.6052632e-01 
+4.7368421e-01 +4.7368421e-01 +4.7368421e-01 
+4.8684211e-01 +4.8684211e-01 +4.8684211e-01 
+5.0000000e-01 +5.0000000e-01 +5.0000000e-01 
+4.8387097e-01 +5.0000000e-01 +4.8387097e-01 
+4.6774194e-01 +5.0000000e-01 +4.6774194e-01 
+4.5161290e-01 +5.0000000e-01 +4.5161290e-01 
+4.3548387e-01 +5.0000000e-01 +4.3548387e-01 
+4.1935484e-01 +5.0000000e-01 +4.1935484e-01 
+4.0322581e-01 +5.0000000e-01 +4.0322581e-01 
+3.8709677e-01 +5.0000000e-01 +3.8709677e-01 
+3.7096774e-01 +5.0000000e-01 +3.7096774e-01 
+3.5483871e-01 +5.0000000e-01 +3.5483871e-01 
+3.3870968e-01 +5.0000000e-01 +3.3870968e-01 
+3.2258065e-01 +5.0000000e-01 +3.2258065e-01 
+3.0645161e-01 +5.0000000e-01 +3.0645161e-01 
+2.9032258e-01 +5.0000000e-01 +2.9032258e-01 
+2.7419355e-01 +5.0000000e-01 +2.7419355e-01 
+2.5806452e-01 +5.0000000e-01 +2.5806452e-01 
+2.4193548e-01 +5.0000000e-01 +2.4193548e-01 
+2.2580645e-01 +5.0000000e-01 +2.2580645e-01 
+2.0967742e-01 +5.0000000e-01 +2.0967742e-01 
+1.9354839e-01 +5.0000000e-01 +1.9354839e-01 
+1.7741935e-01 +5.0000000e-01 +1.7741935e-01 
+1.6129032e-01 +5.0000000e-01 +1.6129032e-01 
+1.4516129e-01 +5.0000000e-01 +1.4516129e-01 
+1.2903226e-01 +5.0000000e-01 +1.2903226e-01 
+1.1290323e-01 +5.0000000e-01 +1.1290323e-01 
+9.6774194e-02 +5.0000000e-01 +9.6774194e-02 
+8.0645161e-02 +5.0000000e-01 +8.0645161e-02 
+6.4516129e-02 +5.0000000e-01 +6.4516129e-02 
+4.8387097e-02 +5.0000000e-01 +4.8387097e-02 
+3.2258065e-02 +5.0000000e-01 +3.2258065e-02 
+1.6129032e-02 +5.0000000e-01 +1.6129032e-02 
+0.0000000e+00 +5.0000000e-01 +0.0000000e+00 
+5.0000000e-01 +5.0000000e-01 +0.0000000e+00 
+5.0000000e-01 +5.0000000e-01 +2.2727273e-02 
+5.0000000e-01 +5.0000000e-01 +4.5454545e-02 
+5.0000000e-01 +5.0000000e-01 +6.8181818e-02 
+5.0000000e-01 +5.0000000e-01 +9.0909091e-02 
+5.0000000e-01 +5.0000000e-01 +1.1363636e-01 
+5.0000000e-01 +5.0000000e-01 +1.3636364e-01 
+5.0000000e-01 +5.0000000e-01 +1.5909091e-01 
+5.0000000e-01 +5.0000000e-01 +1.8181818e-01 
+5.0000000e-01 +5.0000000e-01 +2.0454545e-01 
+5.0000000e-01 +5.0000000e-01 +2.2727273e-01 
+5.0000000e-01 +5.0000000e-01 +2.5000000e-01 
+5.0000000e-01 +5.0000000e-01 +2.7272727e-01 
+5.0000000e-01 +5.0000000e-01 +2.9545455e-01 
+5.0000000e-01 +5.0000000e-01 +3.1818182e-01 
+5.0000000e-01 +5.0000000e-01 +3.4090909e-01 
+5.0000000e-01 +5.0000000e-01 +3.6363636e-01 
+5.0000000e-01 +5.0000000e-01 +3.8636364e-01 
+5.0000000e-01 +5.0000000e-01 +4.0909091e-01 
+5.0000000e-01 +5.0000000e-01 +4.3181818e-01 
+5.0000000e-01 +5.0000000e-01 +4.5454545e-01 
+5.0000000e-01 +5.0000000e-01 +4.7727273e-01 
+5.0000000e-01 +5.0000000e-01 +5.0000000e-01 
# energies (kpt,band,spin)
# spin = 1
-1.6947983e+01 -1.6947983e+01 -1.6947983e+01 -1.6864726e+01 -1.6864726e+01 -1.6864726e+01 -1.6831579e+01 -1.6831579e+01 -1.6831579e+01 -1.6710837e+01 -1.6710837e+01 -1.6601943e+01 -1.6601943e+01 -1.6601943e+01 -1.6566171e+01 -1.6566171e+01 -1.6566171e+01 -1.6566171e+01 -1.6566171e+01 -1.6566171e+01 -1.1534284e+01 -6.9193516e+00 -6.9193516e+00 -6.9193516e+00 -3.1627814e+00 -3.1627814e+00 -3.1627814e+00 +2.0425790e+00 +2.0425790e+00 +2.0425790e+00 +2.0425790e+00 +2.0425791e+00 +2.0425791e+00 +7.0979552e+00 +7.0979552e+00 +7.0979552e+00 
-1.6947836e+01 -1.6947653e+01 -1.6947653e+01 -1.6864573e+01 -1.6864573e+01 -1.6864515e+01 -1.6831728e+01 -1.6831275e+01 -1.6831275e+01 -1.6711005e+01 -1.6710699e+01 -1.6602196e+01 -1.6602196e+01 -1.6602082e+01 -1.6566754e+01 -1.6566754e+01 -1.6566541e+01 -1.6566541e+01 -1.6566171e+01 -1.6566171e+01 -1.1531282e+01 -6.9374299e+00 -6.9190829e+00 -6.9190829e+00 -3.1588565e+00 -3.1588565e+00 -3.1386440e+00 +2.0282314e+00 +2.0282314e+00 +2.0328683e+00 +2.0328684e+00 +2.0470348e+00 +2.0470348e+00 +7.0804397e+00 +7.0885141e+00 +7.0885141e+00 
-1.6947393e+01 -1.6946661e+01 -1.6946661e+01 -1.6864109e+01 -1.6864109e+01 -1.6863881e+01 -1.6832174e+01 -1.6830363e+01 -1.6830363e+01 -1.6711511e+01 -1.6710285e+01 -1.6602952e+01 -1.6602952e+01 -1.6602500e+01 -1.6568500e+01 -1.6568500e+01 -1.6567648e+01 -1.6567648e+01 -1.6566171e+01 -1.6566171e+01 -1.1522261e+01 -6.9902835e+00 -6.9182780e+00 -6.9182780e+00 -3.1470863e+00 -3.1470863e+00 -3.0676545e+00 +1.9856077e+00 +1.9856077e+00 +2.0041244e+00 +2.0041244e+00 +2.0603992e+00 +2.0603992e+00 +7.0284966e+00 +7.0603074e+00 +7.0603074e+00 
-1.6946658e+01 -1.6944995e+01 -1.6944995e+01 -1.6863329e+01 -1.6863329e+01 -1.6862829e+01 -1.6832914e+01 -1.6828847e+01 -1.6828847e+01 -1.6712352e+01 -1.6709599e+01 -1.6604204e+01 -1.6604204e+01 -1.6603194e+01 -1.6571395e+01 -1.6571395e+01 -1.6569485e+01 -1.6569485e+01 -1.6566171e+01 -1.6566171e+01 -1.1507186e+01 -7.0741835e+00 -6.9169412e+00 -6.9169412e+00 -3.1274845e+00 -3.1274844e+00 -2.9536652e+00 +1.9159304e+00 +1.9159304e+00 +1.9574766e+00 +1.9574767e+00 +2.0826631e+00 +2.0826631e+00 +6.9438422e+00 +7.0136810e+00 +7.0136810e+00 
-1.6945635e+01 -1.6942643e+01 -1.6942643e+01 -1.6862221e+01 -1.6862221e+01 -1.6861364e+01 -1.6833946e+01 -1.6826732e+01 -1.6826732e+01 -1.6713529e+01 -1.6708643e+01 -1.6605939e+01 -1.6605939e+01 -1.6604161e+01 -1.6575419e+01 -1.6575419e+01 -1.6572041e+01 -1.6572041e+01 -1.6566171e+01 -1.6566171e+01 -1.1486004e+01 -7.1840376e+00 -6.9150808e+00 -6.9150808e+00 -3.1000735e+00 -3.1000735e+00 -2.8019712e+00 +1.8211256e+00 +1.8211257e+00 +1.8946978e+00 +1.8946978e+00 +2.1138111e+00 +2.1138111e+00 +6.8290535e+00 +6.9492010e+00 +6.9492010e+00 
-1.6944327e+01 -1.6939585e+01 -1.6939585e+01 -1.6860774e+01 -1.6860774e+01 -1.6859494e+01 -1.6835262e+01 -1.6824024e+01 -1.6824024e+01 -1.6715037e+01 -1.6707422e+01 -1.6608139e+01 -1.6608139e+01 -1.6605394e+01 -1.6580544e+01 -1.6580543e+01 -1.6575300e+01 -1.6575300e+01 -1.6566171e+01 -1.6566171e+01 -1.1458654e+01 -7.3144235e+00 -6.9127112e+00 -6.9127112e+00 -3.0648845e+00 -3.0648845e+00 -2.6182728e+00 +1.7036743e+00 +1.7036743e+00 +1.8180588e+00 +1.8180588e+00 +2.1538207e+00 +2.1538208e+00 +6.6872295e+00 +6.8676385e+00 +6.8676385e+00 
-1.6942743e+01 -1.6935802e+01 -1.6935802e+01 -1.6858977e+01 -1.6858977e+01 -1.6857229e+01 -1.6836858e+01 -1.6820733e+01 -1.6820733e+01 -1.6716875e+01 -1.6705942e+01 -1.6610783e+01 -1.6610783e+01 -1.6606889e+01 -1.6586732e+01 -1.6586732e+01 -1.6579240e+01 -1.6579240e+01 -1.6566171e+01 -1.6566171e+01 -1.1425073e+01 -7.4603085e+00 -6.9098547e+00 -6.9098547e+00 -3.0219568e+00 -3.0219568e+00 -2.4079498e+00 +1.5664355e+00 +1.5664356e+00 +1.7301602e+00 +1.7301602e+00 +2.2026617e+00 +2.2026618e+00 +6.5216491e+00 +6.7699488e+00 +6.7699489e+00 
-1.6940890e+01 -1.6931275e+01 -1.6931275e+01 -1.6856825e+01 -1.6856825e+01 -1.6854582e+01 -1.6838724e+01 -1.6816870e+01 -1.6816870e+01 -1.6719038e+01 -1.6704211e+01 -1.6613841e+01 -1.6613841e+01 -1.6608638e+01 -1.6593940e+01 -1.6593940e+01 -1.6583838e+01 -1.6583838e+01 -1.6566171e+01 -1.6566171e+01 -1.1385207e+01 -7.6173915e+00 -6.9065438e+00 -6.9065438e+00 -2.9713375e+00 -2.9713375e+00 -2.1757122e+00 +1.4124659e+00 +1.4124660e+00 +1.6337636e+00 +1.6337636e+00 +2.2602949e+00 +2.2602950e+00 +6.3354920e+00 +6.6572476e+00 +6.6572477e+00 
-1.6938777e+01 -1.6925988e+01 -1.6925988e+01 -1.6854319e+01 -1.6854319e+01 -1.6851568e+01 -1.6840851e+01 -1.6812449e+01 -1.6812449e+01 -1.6721521e+01 -1.6702237e+01 -1.6617280e+01 -1.6617280e+01 -1.6610631e+01 -1.6602118e+01 -1.6602118e+01 -1.6589065e+01 -1.6589065e+01 -1.6566171e+01 -1.6566171e+01 -1.1339013e+01 -7.7821730e+00 -6.9028224e+00 -6.9028224e+00 -2.9130808e+00 -2.9130808e+00 -1.9255220e+00 +1.2448531e+00 +1.2448531e+00 +1.5316412e+00 +1.5316412e+00 +2.3266707e+00 +2.3266708e+00 +6.1316530e+00 +6.5307833e+00 +6.5307833e+00 
-1.6936415e+01 -1.6919930e+01 -1.6919930e+01 -1.6851468e+01 -1.6851468e+01 -1.6848203e+01 -1.6843229e+01 -1.6807485e+01 -1.6807485e+01 -1.6724320e+01 -1.6700031e+01 -1.6621060e+01 -1.6621060e+01 -1.6612857e+01 -1.6611209e+01 -1.6611209e+01 -1.6594888e+01 -1.6594888e+01 -1.6566171e+01 -1.6566171e+01 -1.1286463e+01 -7.9518825e+00 -6.8987471e+00 -6.8987471e+00 -2.8472476e+00 -2.8472476e+00 -1.6606554e+00 +1.0665781e+00 +1.0665782e+00 +1.4264564e+00 +1.4264564e+00 +2.4017274e+00 +2.4017274e+00 +5.9126494e+00 +6.3919079e+00 +6.3919079e+00 
-1.6933816e+01 -1.6913095e+01 -1.6913095e+01 -1.6848295e+01 -1.6848295e+01 -1.6845843e+01 -1.6844506e+01 -1.6801996e+01 -1.6801996e+01 -1.6727427e+01 -1.6697603e+01 -1.6625136e+01 -1.6625136e+01 -1.6621150e+01 -1.6621150e+01 -1.6615307e+01 -1.6601272e+01 -1.6601272e+01 -1.6566171e+01 -1.6566171e+01 -1.1227546e+01 -8.1243553e+00 -6.8943873e+00 -6.8943873e+00 -2.7739047e+00 -2.7739046e+00 -1.3838164e+00 +8.8041430e-01 +8.8041432e-01 +1.3206796e+00 +1.3206796e+00 +2.4853892e+00 +2.4853892e+00 +5.6806025e+00 +6.2420478e+00 +6.2420478e+00 
-1.6930993e+01 -1.6905485e+01 -1.6905485e+01 -1.6848683e+01 -1.6844832e+01 -1.6844832e+01 -1.6840499e+01 -1.6796004e+01 -1.6796004e+01 -1.6730832e+01 -1.6694965e+01 -1.6631874e+01 -1.6631874e+01 -1.6629451e+01 -1.6629451e+01 -1.6617966e+01 -1.6608177e+01 -1.6608177e+01 -1.6566171e+01 -1.6566171e+01 -1.1162263e+01 -8.2979063e+00 -6.8898249e+00 -6.8898249e+00 -2.6931242e+00 -2.6931242e+00 -1.0972514e+00 +6.8886141e-01 +6.8886143e-01 +1.2165377e+00 +1.2165377e+00 +2.5775635e+00 +2.5775635e+00 +5.4372658e+00 +6.0826742e+00 +6.0826742e+00 
-1.6927960e+01 -1.6897111e+01 -1.6897111e+01 -1.6851732e+01 -1.6841129e+01 -1.6841129e+01 -1.6836204e+01 -1.6789532e+01 -1.6789532e+01 -1.6734525e+01 -1.6692131e+01 -1.6643308e+01 -1.6643308e+01 -1.6633944e+01 -1.6633944e+01 -1.6620821e+01 -1.6615562e+01 -1.6615562e+01 -1.6566171e+01 -1.6566171e+01 -1.1090634e+01 -8.4712198e+00 -6.8851523e+00 -6.8851523e+00 -2.6049834e+00 -2.6049833e+00 -8.0284905e-01 +4.9411356e-01 +4.9411358e-01 +1.1159920e+00 +1.1159920e+00 +2.6781384e+00 +2.6781385e+00 +5.1840768e+00 +5.9152762e+00 +5.9152762e+00 
-1.6924733e+01 -1.6887989e+01 -1.6887989e+01 -1.6854975e+01 -1.6837248e+01 -1.6837248e+01 -1.6831646e+01 -1.6782605e+01 -1.6782605e+01 -1.6738494e+01 -1.6689115e+01 -1.6655377e+01 -1.6655377e+01 -1.6638541e+01 -1.6638541e+01 -1.6623858e+01 -1.6623383e+01 -1.6623383e+01 -1.6566171e+01 -1.6566171e+01 -1.1012687e+01 -8.6432615e+00 -6.8804706e+00 -6.8804706e+00 -2.5095635e+00 -2.5095634e+00 -5.0221841e-01 +2.9805303e-01 +2.9805306e-01 +1.0207373e+00 +1.0207373e+00 +2.7869790e+00 +2.7869791e+00 +4.9222164e+00 +5.7413350e+00 +5.7413351e+00 
-1.6921328e+01 -1.6878146e+01 -1.6878146e+01 -1.6858395e+01 -1.6833268e+01 -1.6833268e+01 -1.6826852e+01 -1.6775251e+01 -1.6775251e+01 -1.6742725e+01 -1.6685933e+01 -1.6668000e+01 -1.6668000e+01 -1.6643156e+01 -1.6643156e+01 -1.6631592e+01 -1.6631592e+01 -1.6627061e+01 -1.6566171e+01 -1.6566171e+01 -1.0928466e+01 -8.8132096e+00 -6.8758871e+00 -6.8758871e+00 -2.4069501e+00 -2.4069500e+00 -1.9674779e-01 +1.0226354e-01 +1.0226356e-01 +9.3221553e-01 +9.3221554e-01 +2.9039238e+00 +2.9039238e+00 +4.6526641e+00 +5.5623024e+00 +5.5623024e+00 
-1.6917762e+01 -1.6867616e+01 -1.6867616e+01 -1.6861975e+01 -1.6829285e+01 -1.6829285e+01 -1.6821849e+01 -1.6767502e+01 -1.6767502e+01 -1.6747201e+01 -1.6682600e+01 -1.6681097e+01 -1.6681097e+01 -1.6647691e+01 -1.6647691e+01 -1.6640143e+01 -1.6640143e+01 -1.6630413e+01 -1.6566171e+01 -1.6566171e+01 -1.0838026e+01 -8.9804029e+00 -6.8715114e+00 -6.8715114e+00 -2.2972327e+00 -2.2972327e+00 -9.1944082e-02 -9.1944059e-02 +1.1235125e-01 +8.5163615e-01 +8.5163615e-01 +3.0287803e+00 +3.0287803e+00 +4.3762460e+00 +5.3795808e+00 +5.3795809e+00 
-1.6914053e+01 -1.6865697e+01 -1.6856440e+01 -1.6856440e+01 -1.6825412e+01 -1.6825412e+01 -1.6816667e+01 -1.6759391e+01 -1.6759391e+01 -1.6751903e+01 -1.6694584e+01 -1.6694584e+01 -1.6679133e+01 -1.6652035e+01 -1.6652035e+01 -1.6648985e+01 -1.6648985e+01 -1.6633897e+01 -1.6566171e+01 -1.6566171e+01 -1.0741432e+01 -9.1443023e+00 -6.8674523e+00 -6.8674523e+00 -2.1805053e+00 -2.1805053e+00 -2.8349943e-01 -2.8349940e-01 +4.2401155e-01 +7.8000090e-01 +7.8000091e-01 +3.1613203e+00 +3.1613204e+00 +4.0936740e+00 +5.1945089e+00 +5.1945090e+00 
-1.6910220e+01 -1.6869541e+01 -1.6844666e+01 -1.6844666e+01 -1.6821775e+01 -1.6821775e+01 -1.6811336e+01 -1.6756810e+01 -1.6750953e+01 -1.6750953e+01 -1.6708375e+01 -1.6708375e+01 -1.6675550e+01 -1.6658067e+01 -1.6658067e+01 -1.6656061e+01 -1.6656061e+01 -1.6637496e+01 -1.6566171e+01 -1.6566171e+01 -1.0638760e+01 -9.3044616e+00 -6.8638138e+00 -6.8638138e+00 -2.0568668e+00 -2.0568668e+00 -4.7153775e-01 -4.7153773e-01 +7.1812764e-01 +7.1812764e-01 +7.3728613e-01 +3.3012751e+00 +3.3012751e+00 +3.8055760e+00 +5.0083490e+00 +5.0083491e+00 
-1.6906283e+01 -1.6873488e+01 -1.6832348e+01 -1.6832348e+01 -1.6818514e+01 -1.6818514e+01 -1.6805888e+01 -1.6761900e+01 -1.6742228e+01 -1.6742228e+01 -1.6722385e+01 -1.6722385e+01 -1.6671869e+01 -1.6667339e+01 -1.6667339e+01 -1.6659633e+01 -1.6659633e+01 -1.6641190e+01 -1.6566171e+01 -1.6566171e+01 -1.0530099e+01 -9.4605065e+00 -6.8606917e+00 -6.8606917e+00 -1.9264225e+00 -1.9264224e+00 -6.5536589e-01 -6.5536587e-01 +6.6667215e-01 +6.6667216e-01 +1.0513294e+00 +3.4483289e+00 +3.4483290e+00 +3.5125204e+00 +4.8222788e+00 +4.8222788e+00 
-1.6902261e+01 -1.6877518e+01 -1.6819547e+01 -1.6819547e+01 -1.6815775e+01 -1.6815775e+01 -1.6800354e+01 -1.6767147e+01 -1.6736529e+01 -1.6736529e+01 -1.6733255e+01 -1.6733255e+01 -1.6676749e+01 -1.6676749e+01 -1.6668108e+01 -1.6662610e+01 -1.6662610e+01 -1.6644961e+01 -1.6566171e+01 -1.6566171e+01 -1.0415551e+01 -9.6121186e+00 -6.8581697e+00 -6.8581697e+00 -1.7892860e+00 -1.7892860e+00 -8.3443079e-01 -8.3443077e-01 +6.2614677e-01 +6.2614677e-01 +1.3653817e+00 +3.2150359e+00 +3.6021140e+00 +3.6021140e+00 +4.6373858e+00 +4.6373859e+00 
-1.6898175e+01 -1.6881609e+01 -1.6813696e+01 -1.6813696e+01 -1.6806328e+01 -1.6806328e+01 -1.6794767e+01 -1.6772526e+01 -1.6750722e+01 -1.6750722e+01 -1.6724078e+01 -1.6724077e+01 -1.6686245e+01 -1.6686245e+01 -1.6664856e+01 -1.6664856e+01 -1.6664287e+01 -1.6648790e+01 -1.6566171e+01 -1.6566171e+01 -1.0295228e+01 -9.7590239e+00 -6.8563168e+00 -6.8563168e+00 -1.6455826e+00 -1.6455826e+00 -1.0082917e+00 -1.0082916e+00 +5.9693520e-01 +5.9693520e-01 +1.6787563e+00 +2.9136269e+00 +3.7622035e+00 +3.7622036e+00 +4.4546651e+00 +4.4546651e+00 
-1.6894046e+01 -1.6885742e+01 -1.6812395e+01 -1.6812395e+01 -1.6792760e+01 -1.6792760e+01 -1.6789159e+01 -1.6778007e+01 -1.6764879e+01 -1.6764879e+01 -1.6714740e+01 -1.6714740e+01 -1.6695775e+01 -1.6695775e+01 -1.6666255e+01 -1.6666255e+01 -1.6660425e+01 -1.6652656e+01 -1.6566171e+01 -1.6566171e+01 -1.0169260e+01 -9.9009844e+00 -6.8551840e+00 -6.8551840e+00 -1.4954533e+00 -1.4954533e+00 -1.1765962e+00 -1.1765961e+00 +5.7930382e-01 +5.7930382e-01 +1.9908272e+00 +2.6087882e+00 +3.9281059e+00 +3.9281059e+00 +4.2750187e+00 +4.2750188e+00 
-1.6889894e+01 -1.6889894e+01 -1.6811952e+01 -1.6811952e+01 -1.6783562e+01 -1.6783562e+01 -1.6778918e+01 -1.6778918e+01 -1.6778918e+01 -1.6778918e+01 -1.6705290e+01 -1.6705290e+01 -1.6705290e+01 -1.6705290e+01 -1.6666731e+01 -1.6666731e+01 -1.6656541e+01 -1.6656541e+01 -1.6566171e+01 -1.6566171e+01 -1.0037791e+01 -1.0037791e+01 -6.8548028e+00 -6.8548028e+00 -1.3390605e+00 -1.3390605e+00 -1.3390605e+00 -1.3390605e+00 +5.7340944e-01 +5.7340944e-01 +2.3010175e+00 +2.3010175e+00 +4.0992578e+00 +4.0992578e+00 +4.0992578e+00 +4.0992578e+00 
-1.6889621e+01 -1.6889621e+01 -1.6812443e+01 -1.6812443e+01 -1.6783527e+01 -1.6783527e+01 -1.6778881e+01 -1.6778881e+01 -1.6778201e+01 -1.6778201e+01 -1.6705975e+01 -1.6705975e+01 -1.6705327e+01 -1.6705327e+01 -1.6666774e+01 -1.6666774e+01 -1.6656035e+01 -1.6656035e+01 -1.6566585e+01 -1.6566585e+01 -1.0034842e+01 -1.0034842e+01 -6.8604821e+00 -6.8604821e+00 -1.3522129e+00 -1.3522129e+00 -1.3350434e+00 -1.3350434e+00 +6.0364952e-01 +6.0364952e-01 +2.2764760e+00 +2.2764760e+00 +4.0853715e+00 +4.0853715e+00 +4.1201748e+00 +4.1201748e+00 
-1.6888802e+01 -1.6888802e+01 -1.6813791e+01 -1.6813791e+01 -1.6783428e+01 -1.6783428e+01 -1.6778769e+01 -1.6778769e+01 -1.6776177e+01 -1.6776177e+01 -1.6707921e+01 -1.6707921e+01 -1.6705438e+01 -1.6705438e+01 -1.6666902e+01 -1.6666902e+01 -1.6654617e+01 -1.6654617e+01 -1.6567823e+01 -1.6567823e+01 -1.0025998e+01 -1.0025998e+01 -6.8774639e+00 -6.8774639e+00 -1.3887870e+00 -1.3887870e+00 -1.3229934e+00 -1.3229934e+00 +6.9132826e-01 +6.9132826e-01 +2.2063590e+00 +2.2063590e+00 +4.0440393e+00 +4.0440393e+00 +4.1794127e+00 +4.1794127e+00 
-1.6887436e+01 -1.6887436e+01 -1.6815716e+01 -1.6815716e+01 -1.6783282e+01 -1.6783282e+01 -1.6778585e+01 -1.6778585e+01 -1.6773134e+01 -1.6773134e+01 -1.6710860e+01 -1.6710860e+01 -1.6705619e+01 -1.6705619e+01 -1.6667111e+01 -1.6667111e+01 -1.6652532e+01 -1.6652532e+01 -1.6569876e+01 -1.6569876e+01 -1.0011273e+01 -1.0011273e+01 -6.9055799e+00 -6.9055799e+00 -1.4417165e+00 -1.4417165e+00 -1.3029150e+00 -1.3029150e+00 +8.2890066e-01 +8.2890066e-01 +2.0991382e+00 +2.0991382e+00 +3.9762205e+00 +3.9762205e+00 +4.2684835e+00 +4.2684835e+00 
-1.6885525e+01 -1.6885525e+01 -1.6817940e+01 -1.6817940e+01 -1.6783122e+01 -1.6783122e+01 -1.6778335e+01 -1.6778335e+01 -1.6769365e+01 -1.6769365e+01 -1.6714477e+01 -1.6714477e+01 -1.6705867e+01 -1.6705867e+01 -1.6667398e+01 -1.6667398e+01 -1.6650058e+01 -1.6650058e+01 -1.6572726e+01 -1.6572726e+01 -9.9906873e+00 -9.9906873e+00 -6.9445482e+00 -6.9445482e+00 -1.5028467e+00 -1.5028467e+00 -1.2748154e+00 -1.2748154e+00 +1.0073990e+00 +1.0073990e+00 +1.9644051e+00 +1.9644051e+00 +3.8834479e+00 +3.8834479e+00 +4.3777671e+00 +4.3777671e+00 
-1.6883069e+01 -1.6883069e+01 -1.6820255e+01 -1.6820255e+01 -1.6782995e+01 -1.6782995e+01 -1.6778023e+01 -1.6778023e+01 -1.6765099e+01 -1.6765099e+01 -1.6718473e+01 -1.6718473e+01 -1.6706175e+01 -1.6706175e+01 -1.6667754e+01 -1.6667754e+01 -1.6647435e+01 -1.6647435e+01 -1.6576347e+01 -1.6576347e+01 -9.9642707e+00 -9.9642707e+00 -6.9939723e+00 -6.9939723e+00 -1.5650993e+00 -1.5650993e+00 -1.2387047e+00 -1.2387047e+00 +1.2185795e+00 +1.2185795e+00 +1.8104071e+00 +1.8104071e+00 +3.7677360e+00 +3.7677360e+00 +4.4989738e+00 +4.4989738e+00 
-1.6880073e+01 -1.6880073e+01 -1.6822522e+01 -1.6822522e+01 -1.6782971e+01 -1.6782971e+01 -1.6777659e+01 -1.6777659e+01 -1.6760502e+01 -1.6760502e+01 -1.6722585e+01 -1.6722585e+01 -1.6706534e+01 -1.6706534e+01 -1.6668169e+01 -1.6668169e+01 -1.6644847e+01 -1.6644847e+01 -1.6580709e+01 -1.6580709e+01 -9.9320629e+00 -9.9320629e+00 -7.0533431e+00 -7.0533431e+00 -1.6231698e+00 -1.6231698e+00 -1.1945952e+00 -1.1945952e+00 +1.4555994e+00 +1.4555994e+00 +1.6434160e+00 +1.6434160e+00 +3.6314686e+00 +3.6314686e+00 +4.6257715e+00 +4.6257715e+00 
-1.6876543e+01 -1.6876543e+01 -1.6824651e+01 -1.6824651e+01 -1.6783138e+01 -1.6783138e+01 -1.6777253e+01 -1.6777253e+01 -1.6755700e+01 -1.6755700e+01 -1.6726575e+01 -1.6726575e+01 -1.6706934e+01 -1.6706934e+01 -1.6668626e+01 -1.6668626e+01 -1.6642426e+01 -1.6642426e+01 -1.6585773e+01 -1.6585773e+01 -9.8941134e+00 -9.8941134e+00 -7.1220445e+00 -7.1220445e+00 -1.6733984e+00 -1.6733984e+00 -1.1425022e+00 -1.1425022e+00 +1.4679898e+00 +1.4679898e+00 +1.7128690e+00 +1.7128690e+00 +3.4772757e+00 +3.4772757e+00 +4.7535168e+00 +4.7535168e+00 
-1.6872489e+01 -1.6872489e+01 -1.6826581e+01 -1.6826581e+01 -1.6783607e+01 -1.6783607e+01 -1.6776819e+01 -1.6776819e+01 -1.6750798e+01 -1.6750798e+01 -1.6730224e+01 -1.6730224e+01 -1.6707361e+01 -1.6707361e+01 -1.6669104e+01 -1.6669104e+01 -1.6640270e+01 -1.6640270e+01 -1.6591493e+01 -1.6591493e+01 -9.8504823e+00 -9.8504823e+00 -7.1993641e+00 -7.1993641e+00 -1.7133999e+00 -1.7133999e+00 -1.0824427e+00 -1.0824427e+00 +1.2874268e+00 +1.2874268e+00 +1.9856718e+00 +1.9856718e+00 +3.3079116e+00 +3.3079116e+00 +4.8787914e+00 +4.8787914e+00 
-1.6867929e+01 -1.6867929e+01 -1.6828275e+01 -1.6828275e+01 -1.6784498e+01 -1.6784498e+01 -1.6776373e+01 -1.6776373e+01 -1.6745890e+01 -1.6745890e+01 -1.6733330e+01 -1.6733330e+01 -1.6707798e+01 -1.6707798e+01 -1.6669571e+01 -1.6669571e+01 -1.6638444e+01 -1.6638444e+01 -1.6597817e+01 -1.6597817e+01 -9.8012412e+00 -9.8012412e+00 -7.2845085e+00 -7.2845085e+00 -1.7417100e+00 -1.7417100e+00 -1.0144363e+00 -1.0144363e+00 +1.1041512e+00 +1.1041512e+00 +2.2698121e+00 +2.2698121e+00 +3.1261444e+00 +3.1261444e+00 +4.9990016e+00 +4.9990016e+00 
-1.6862884e+01 -1.6862884e+01 -1.6829705e+01 -1.6829705e+01 -1.6785912e+01 -1.6785912e+01 -1.6775937e+01 -1.6775937e+01 -1.6741071e+01 -1.6741071e+01 -1.6735727e+01 -1.6735727e+01 -1.6708224e+01 -1.6708224e+01 -1.6669987e+01 -1.6669987e+01 -1.6636997e+01 -1.6636997e+01 -1.6604685e+01 -1.6604685e+01 -9.7464740e+00 -9.7464740e+00 -7.3766223e+00 -7.3766223e+00 -1.7575115e+00 -1.7575115e+00 -9.3850472e-01 -9.3850472e-01 +9.1999111e-01 +9.1999111e-01 +2.5613587e+00 +2.5613587e+00 +2.9346622e+00 +2.9346622e+00 +5.1120848e+00 +5.1120848e+00 
-1.6857385e+01 -1.6857385e+01 -1.6830854e+01 -1.6830854e+01 -1.6787903e+01 -1.6787903e+01 -1.6775534e+01 -1.6775534e+01 -1.6737313e+01 -1.6737313e+01 -1.6736440e+01 -1.6736440e+01 -1.6708615e+01 -1.6708615e+01 -1.6670296e+01 -1.6670296e+01 -1.6635962e+01 -1.6635962e+01 -1.6612027e+01 -1.6612027e+01 -9.6862778e+00 -9.6862778e+00 -7.4748096e+00 -7.4748096e+00 -1.7604369e+00 -1.7604369e+00 -8.5467189e-01 -8.5467189e-01 +7.3636557e-01 +7.3636557e-01 +2.7359997e+00 +2.7359997e+00 +2.8564848e+00 +2.8564848e+00 +5.2163025e+00 +5.2163025e+00 
-1.6851473e+01 -1.6851473e+01 -1.6831709e+01 -1.6831709e+01 -1.6790452e+01 -1.6790452e+01 -1.6775196e+01 -1.6775196e+01 -1.6738072e+01 -1.6738072e+01 -1.6732109e+01 -1.6732109e+01 -1.6708937e+01 -1.6708937e+01 -1.6670430e+01 -1.6670430e+01 -1.6635358e+01 -1.6635358e+01 -1.6619767e+01 -1.6619767e+01 -9.6207641e+00 -9.6207641e+00 -7.5781551e+00 -7.5781551e+00 -1.7504273e+00 -1.7504273e+00 -7.6296454e-01 -7.6296454e-01 +5.5441087e-01 +5.5441087e-01 +2.5324879e+00 +2.5324879e+00 +3.1513863e+00 +3.1513863e+00 +5.3100960e+00 +5.3100960e+00 
-1.6845199e+01 -1.6845199e+01 -1.6832263e+01 -1.6832263e+01 -1.6793472e+01 -1.6793472e+01 -1.6774961e+01 -1.6774961e+01 -1.6738066e+01 -1.6738066e+01 -1.6728198e+01 -1.6728198e+01 -1.6709153e+01 -1.6709153e+01 -1.6670304e+01 -1.6670304e+01 -1.6635196e+01 -1.6635196e+01 -1.6627818e+01 -1.6627818e+01 -9.5500603e+00 -9.5500603e+00 -7.6857450e+00 -7.6857450e+00 -1.7276333e+00 -1.7276333e+00 -6.6341268e-01 -6.6341268e-01 +3.7506522e-01 +3.7506522e-01 +2.3262223e+00 +2.3262223e+00 +3.4422649e+00 +3.4422649e+00 +5.3919851e+00 +5.3919851e+00 
-1.6838628e+01 -1.6838628e+01 -1.6832508e+01 -1.6832508e+01 -1.6796833e+01 -1.6796833e+01 -1.6774873e+01 -1.6774873e+01 -1.6737407e+01 -1.6737407e+01 -1.6724834e+01 -1.6724834e+01 -1.6709214e+01 -1.6709214e+01 -1.6669826e+01 -1.6669826e+01 -1.6636084e+01 -1.6636084e+01 -1.6635477e+01 -1.6635477e+01 -9.4743107e+00 -9.4743107e+00 -7.7966832e+00 -7.7966832e+00 -1.6923441e+00 -1.6923441e+00 -5.5605064e-01 -5.5605064e-01 +1.9912692e-01 +1.9912692e-01 +2.1190506e+00 +2.1190506e+00 +3.7253608e+00 +3.7253608e+00 +5.4604988e+00 +5.4604988e+00 
-1.6832442e+01 -1.6832442e+01 -1.6831842e+01 -1.6831842e+01 -1.6800400e+01 -1.6800400e+01 -1.6774991e+01 -1.6774991e+01 -1.6736227e+01 -1.6736227e+01 -1.6722133e+01 -1.6722133e+01 -1.6709062e+01 -1.6709062e+01 -1.6668911e+01 -1.6668911e+01 -1.6644455e+01 -1.6644455e+01 -1.6636196e+01 -1.6636196e+01 -9.3936785e+00 -9.3936785e+00 -7.9101063e+00 -7.9101063e+00 -1.6449384e+00 -1.6449384e+00 -4.4091850e-01 -4.4091850e-01 +2.7294846e-02 +2.7294846e-02 +1.9125726e+00 +1.9125726e+00 +3.9970252e+00 +3.9970252e+00 +5.5141326e+00 +5.5141326e+00 
-1.6832060e+01 -1.6832060e+01 -1.6824937e+01 -1.6824937e+01 -1.6804046e+01 -1.6804046e+01 -1.6775382e+01 -1.6775382e+01 -1.6734653e+01 -1.6734653e+01 -1.6720179e+01 -1.6720179e+01 -1.6708625e+01 -1.6708625e+01 -1.6667502e+01 -1.6667502e+01 -1.6652809e+01 -1.6652809e+01 -1.6637340e+01 -1.6637340e+01 -9.3083477e+00 -9.3083477e+00 -8.0251930e+00 -8.0251930e+00 -1.5858489e+00 -1.5858489e+00 -3.1806421e-01 -3.1806421e-01 -1.3980298e-01 -1.3980298e-01 +1.7081521e+00 +1.7081521e+00 +4.2538173e+00 +4.2538173e+00 +5.5513295e+00 +5.5513295e+00 
-1.6831360e+01 -1.6831360e+01 -1.6818032e+01 -1.6818032e+01 -1.6807666e+01 -1.6807666e+01 -1.6776130e+01 -1.6776130e+01 -1.6732798e+01 -1.6732798e+01 -1.6719006e+01 -1.6719006e+01 -1.6707814e+01 -1.6707814e+01 -1.6665591e+01 -1.6665591e+01 -1.6661008e+01 -1.6661008e+01 -1.6638887e+01 -1.6638887e+01 -9.2185257e+00 -9.2185257e+00 -8.1411721e+00 -8.1411721e+00 -1.5155395e+00 -1.5155395e+00 -3.0158894e-01 -3.0158894e-01 -1.8754640e-01 -1.8754640e-01 +1.5069346e+00 +1.5069346e+00 +4.4926142e+00 +4.4926142e+00 +5.5704843e+00 +5.5704843e+00 
-1.6830341e+01 -1.6830341e+01 -1.6811262e+01 -1.6811262e+01 -1.6811178e+01 -1.6811178e+01 -1.6777328e+01 -1.6777328e+01 -1.6730765e+01 -1.6730765e+01 -1.6718586e+01 -1.6718586e+01 -1.6706528e+01 -1.6706528e+01 -1.6668902e+01 -1.6668902e+01 -1.6663230e+01 -1.6663230e+01 -1.6640811e+01 -1.6640811e+01 -9.1244451e+00 -9.1244451e+00 -8.2573257e+00 -8.2573257e+00 -1.4344896e+00 -1.4344896e+00 -4.5752107e-01 -4.5752107e-01 -4.9438114e-02 -4.9438114e-02 +1.3098699e+00 +1.3098699e+00 +4.7107179e+00 +4.7107179e+00 +5.5699715e+00 +5.5699715e+00 
-1.6829001e+01 -1.6829001e+01 -1.6814517e+01 -1.6814517e+01 -1.6804780e+01 -1.6804780e+01 -1.6779080e+01 -1.6779080e+01 -1.6728643e+01 -1.6728643e+01 -1.6718841e+01 -1.6718841e+01 -1.6704651e+01 -1.6704651e+01 -1.6676333e+01 -1.6676333e+01 -1.6660513e+01 -1.6660513e+01 -1.6643076e+01 -1.6643076e+01 -9.0263673e+00 -9.0263673e+00 -8.3729913e+00 -8.3729913e+00 -1.3431846e+00 -1.3431846e+00 -6.0708228e-01 -6.0708228e-01 +9.6168273e-02 +9.6168273e-02 +1.1177360e+00 +1.1177360e+00 +4.9059463e+00 +4.9059463e+00 +5.5481954e+00 +5.5481954e+00 
-1.6827342e+01 -1.6827342e+01 -1.6817636e+01 -1.6817636e+01 -1.6798745e+01 -1.6798745e+01 -1.6781489e+01 -1.6781489e+01 -1.6726518e+01 -1.6726518e+01 -1.6719667e+01 -1.6719667e+01 -1.6702066e+01 -1.6702066e+01 -1.6683143e+01 -1.6683143e+01 -1.6657558e+01 -1.6657558e+01 -1.6645637e+01 -1.6645637e+01 -8.9245852e+00 -8.9245852e+00 -8.4875619e+00 -8.4875619e+00 -1.2421104e+00 -1.2421104e+00 -7.4977237e-01 -7.4977237e-01 +2.4915488e-01 +2.4915488e-01 +9.3116343e-01 +9.3116343e-01 +5.0766966e+00 +5.0766966e+00 +5.5036609e+00 +5.5036609e+00 
-1.6825366e+01 -1.6825366e+01 -1.6820499e+01 -1.6820499e+01 -1.6793306e+01 -1.6793306e+01 -1.6784641e+01 -1.6784641e+01 -1.6724470e+01 -1.6724470e+01 -1.6720950e+01 -1.6720950e+01 -1.6698667e+01 -1.6698667e+01 -1.6689193e+01 -1.6689193e+01 -1.6654489e+01 -1.6654489e+01 -1.6648440e+01 -1.6648440e+01 -8.8194264e+00 -8.8194264e+00 -8.6004843e+00 -8.6004843e+00 -1.1317511e+00 -1.1317511e+00 -8.8510203e-01 -8.8510203e-01 +4.0937050e-01 +4.0937050e-01 +7.5065773e-01 +7.5065773e-01 +5.2219727e+00 +5.2219727e+00 +5.4350612e+00 +5.4350612e+00 
-1.6823082e+01 -1.6823082e+01 -1.6823082e+01 -1.6823082e+01 -1.6788582e+01 -1.6788582e+01 -1.6788582e+01 -1.6788582e+01 -1.6722584e+01 -1.6722584e+01 -1.6722584e+01 -1.6722584e+01 -1.6694382e+01 -1.6694382e+01 -1.6694382e+01 -1.6694382e+01 -1.6651418e+01 -1.6651418e+01 -1.6651418e+01 -1.6651418e+01 -8.7112568e+00 -8.7112568e+00 -8.7112568e+00 -8.7112568e+00 -1.0125883e+00 -1.0125883e+00 -1.0125883e+00 -1.0125883e+00 +5.7662102e-01 +5.7662102e-01 +5.7662102e-01 +5.7662102e-01 +5.3413762e+00 +5.3413762e+00 +5.3413762e+00 +5.3413762e+00 
-1.6826591e+01 -1.6822728e+01 -1.6822728e+01 -1.6819680e+01 -1.6794506e+01 -1.6789599e+01 -1.6789599e+01 -1.6782191e+01 -1.6724938e+01 -1.6722999e+01 -1.6722999e+01 -1.6719899e+01 -1.6701117e+01 -1.6693465e+01 -1.6693465e+01 -1.6687670e+01 -1.6656226e+01 -1.6651020e+01 -1.6651020e+01 -1.6647603e+01 -8.8667893e+00 -8.7084280e+00 -8.7084280e+00 -8.5561394e+00 -1.1792372e+00 -1.0125620e+00 -1.0125620e+00 -8.2922748e-01 +3.3832502e-01 +5.7951092e-01 +5.7951092e-01 +8.2281164e-01 +5.1884078e+00 +5.3174915e+00 +5.3174915e+00 +5.4903927e+00 
-1.6830197e+01 -1.6821685e+01 -1.6821685e+01 -1.6816401e+01 -1.6799956e+01 -1.6792528e+01 -1.6792528e+01 -1.6775344e+01 -1.6726959e+01 -1.6724187e+01 -1.6724187e+01 -1.6716886e+01 -1.6707858e+01 -1.6690833e+01 -1.6690833e+01 -1.6680998e+01 -1.6662009e+01 -1.6649863e+01 -1.6649863e+01 -1.6644787e+01 -9.0218564e+00 -8.6999441e+00 -8.6999441e+00 -8.4024168e+00 -1.3282410e+00 -1.0125385e+00 -1.0125385e+00 -6.3002292e-01 +1.0804859e-01 +5.8816997e-01 +5.8816997e-01 +1.0766939e+00 +5.0323102e+00 +5.2468326e+00 +5.2468326e+00 +5.6346716e+00 
-1.6833888e+01 -1.6820004e+01 -1.6820004e+01 -1.6813259e+01 -1.6804932e+01 -1.6797065e+01 -1.6797065e+01 -1.6768055e+01 -1.6728650e+01 -1.6725995e+01 -1.6725995e+01 -1.6714587e+01 -1.6713553e+01 -1.6686785e+01 -1.6686785e+01 -1.6674383e+01 -1.6668734e+01 -1.6648046e+01 -1.6648046e+01 -1.6642965e+01 -9.1756739e+00 -8.6858130e+00 -8.6858130e+00 -8.2511675e+00 -1.4585983e+00 -1.0126881e+00 -1.0126881e+00 -4.1578716e-01 -1.1414498e-01 +6.0256592e-01 +6.0256592e-01 +1.3379690e+00 +4.8739284e+00 +5.1322864e+00 +5.1322864e+00 +5.7734799e+00 
-1.6837655e+01 -1.6817783e+01 -1.6817783e+01 -1.6810270e+01 -1.6809438e+01 -1.6802846e+01 -1.6802846e+01 -1.6760347e+01 -1.6730015e+01 -1.6728194e+01 -1.6728194e+01 -1.6721286e+01 -1.6709910e+01 -1.6681680e+01 -1.6681680e+01 -1.6676355e+01 -1.6667842e+01 -1.6645702e+01 -1.6645702e+01 -1.6642116e+01 -9.3275466e+00 -8.6660491e+00 -8.6660491e+00 -8.1035603e+00 -1.5692430e+00 -1.0133073e+00 -1.0133073e+00 -3.2823929e-01 -1.8728927e-01 +6.2264417e-01 +6.2264417e-01 +1.6062243e+00 +4.7141145e+00 +4.9783570e+00 +4.9783570e+00 +5.9061521e+00 
-1.6841489e+01 -1.6815176e+01 -1.6815176e+01 -1.6813482e+01 -1.6809532e+01 -1.6809532e+01 -1.6807453e+01 -1.6752244e+01 -1.6731063e+01 -1.6730495e+01 -1.6730495e+01 -1.6727938e+01 -1.6705972e+01 -1.6684813e+01 -1.6675845e+01 -1.6675845e+01 -1.6661391e+01 -1.6642967e+01 -1.6642967e+01 -1.6642206e+01 -9.4768610e+00 -8.6406737e+00 -8.6406737e+00 -7.9608361e+00 -1.6590594e+00 -1.0148377e+00 -1.0148377e+00 -5.3425197e-01 +5.4731072e-02 +6.4832650e-01 +6.4832650e-01 +1.8809152e+00 +4.5537144e+00 +4.7907737e+00 +4.7907737e+00 +6.0321033e+00 
-1.6845387e+01 -1.6817077e+01 -1.6816849e+01 -1.6816849e+01 -1.6812411e+01 -1.6812411e+01 -1.6804828e+01 -1.6743778e+01 -1.6734524e+01 -1.6732553e+01 -1.6732553e+01 -1.6731803e+01 -1.6701755e+01 -1.6694039e+01 -1.6669543e+01 -1.6669543e+01 -1.6655046e+01 -1.6643190e+01 -1.6639964e+01 -1.6639964e+01 -9.6230769e+00 -8.6097173e+00 -8.6097173e+00 -7.8242764e+00 -1.7269097e+00 -1.0178907e+00 -1.0178907e+00 -7.3222370e-01 +3.0954866e-01 +6.7950930e-01 +6.7950930e-01 +2.1613489e+00 +4.3935562e+00 +4.5760542e+00 +4.5760542e+00 +6.1508414e+00 
-1.6849342e+01 -1.6824586e+01 -1.6824586e+01 -1.6820239e+01 -1.6809800e+01 -1.6809800e+01 -1.6802419e+01 -1.6741027e+01 -1.6734985e+01 -1.6733965e+01 -1.6733965e+01 -1.6732249e+01 -1.6703947e+01 -1.6697281e+01 -1.6662970e+01 -1.6662970e+01 -1.6648821e+01 -1.6645008e+01 -1.6636795e+01 -1.6636795e+01 -9.7657193e+00 -8.5732210e+00 -8.5732210e+00 -7.6951580e+00 -1.7716781e+00 -1.0232752e+00 -1.0232752e+00 -9.2220925e-01 +5.7643771e-01 +7.1606114e-01 +7.1606114e-01 +2.4466712e+00 +4.2344395e+00 +4.3410951e+00 +4.3410951e+00 +6.2619758e+00 
-1.6853355e+01 -1.6832579e+01 -1.6832579e+01 -1.6822988e+01 -1.6807725e+01 -1.6807725e+01 -1.6800250e+01 -1.6747429e+01 -1.6734291e+01 -1.6734291e+01 -1.6732416e+01 -1.6725904e+01 -1.6714442e+01 -1.6692572e+01 -1.6656272e+01 -1.6656272e+01 -1.6647589e+01 -1.6642733e+01 -1.6633539e+01 -1.6633539e+01 -9.9043707e+00 -8.5312392e+00 -8.5312392e+00 -7.5746920e+00 -1.7923295e+00 -1.1042702e+00 -1.0320279e+00 -1.0320279e+00 +7.5781994e-01 +7.5781994e-01 +8.5465715e-01 +2.7358567e+00 +4.0771276e+00 +4.0928373e+00 +4.0928373e+00 +6.3652240e+00 
-1.6857429e+01 -1.6840703e+01 -1.6840703e+01 -1.6825347e+01 -1.6806569e+01 -1.6806569e+01 -1.6798349e+01 -1.6753712e+01 -1.6733115e+01 -1.6733115e+01 -1.6732320e+01 -1.6725415e+01 -1.6716581e+01 -1.6687657e+01 -1.6650848e+01 -1.6649555e+01 -1.6649555e+01 -1.6636795e+01 -1.6630257e+01 -1.6630257e+01 -1.0038665e+01 -8.4838417e+00 -8.4838417e+00 -7.4639524e+00 -1.7879802e+00 -1.2784694e+00 -1.0454375e+00 -1.0454375e+00 +8.0458943e-01 +8.0458943e-01 +1.1434365e+00 +3.0277069e+00 +3.8380295e+00 +3.8380295e+00 +3.9223410e+00 +6.4604145e+00 
-1.6861568e+01 -1.6848859e+01 -1.6848859e+01 -1.6827341e+01 -1.6806598e+01 -1.6806598e+01 -1.6796750e+01 -1.6759859e+01 -1.6736746e+01 -1.6731981e+01 -1.6730162e+01 -1.6730162e+01 -1.6707063e+01 -1.6682565e+01 -1.6654688e+01 -1.6642901e+01 -1.6642901e+01 -1.6631022e+01 -1.6626992e+01 -1.6626992e+01 -1.0168280e+01 -8.4311172e+00 -8.4311172e+00 -7.3638007e+00 -1.7579741e+00 -1.4448666e+00 -1.0650571e+00 -1.0650571e+00 +8.5613514e-01 +8.5613514e-01 +1.4419625e+00 +3.3208536e+00 +3.5830802e+00 +3.5830802e+00 +3.7707533e+00 +6.5474869e+00 
-1.6865784e+01 -1.6856966e+01 -1.6856966e+01 -1.6828997e+01 -1.6807867e+01 -1.6807867e+01 -1.6795487e+01 -1.6765852e+01 -1.6748302e+01 -1.6731419e+01 -1.6725394e+01 -1.6725394e+01 -1.6697403e+01 -1.6677329e+01 -1.6659001e+01 -1.6636368e+01 -1.6636368e+01 -1.6625426e+01 -1.6623777e+01 -1.6623777e+01 -1.0292935e+01 -8.3731767e+00 -8.3731767e+00 -7.2748182e+00 -1.7019527e+00 -1.6035155e+00 -1.0926889e+00 -1.0926889e+00 +9.1217981e-01 +9.1217981e-01 +1.7493665e+00 +3.3339745e+00 +3.3339745e+00 +3.6137725e+00 +3.6229880e+00 +6.6264886e+00 
-1.6870093e+01 -1.6864954e+01 -1.6864954e+01 -1.6830343e+01 -1.6810231e+01 -1.6810231e+01 -1.6794599e+01 -1.6771676e+01 -1.6759938e+01 -1.6730658e+01 -1.6718987e+01 -1.6718987e+01 -1.6687657e+01 -1.6671984e+01 -1.6663667e+01 -1.6630004e+01 -1.6630004e+01 -1.6620633e+01 -1.6620633e+01 -1.6620021e+01 -1.0412381e+01 -8.3101582e+00 -8.3101582e+00 -7.1972576e+00 -1.7544619e+00 -1.6199088e+00 -1.1303257e+00 -1.1303257e+00 +9.7239840e-01 +9.7239840e-01 +2.0647130e+00 +3.0962118e+00 +3.0962118e+00 +3.4796181e+00 +3.9048052e+00 +6.6975682e+00 
-1.6874518e+01 -1.6872765e+01 -1.6872765e+01 -1.6831410e+01 -1.6813443e+01 -1.6813443e+01 -1.6794127e+01 -1.6777312e+01 -1.6771501e+01 -1.6729720e+01 -1.6711242e+01 -1.6711242e+01 -1.6677883e+01 -1.6668560e+01 -1.6666567e+01 -1.6623845e+01 -1.6623845e+01 -1.6617574e+01 -1.6617574e+01 -1.6614819e+01 -1.0526403e+01 -8.2422323e+00 -8.2422323e+00 -7.1310239e+00 -1.8977422e+00 -1.5122138e+00 -1.1800267e+00 -1.1800267e+00 +1.0364127e+00 +1.0364127e+00 +2.3869880e+00 +2.8747253e+00 +2.8747253e+00 +3.3411655e+00 +4.1921894e+00 +6.7609671e+00 
-1.6880348e+01 -1.6880348e+01 -1.6879085e+01 -1.6832227e+01 -1.6817242e+01 -1.6817242e+01 -1.6794110e+01 -1.6782828e+01 -1.6782745e+01 -1.6728631e+01 -1.6702481e+01 -1.6702481e+01 -1.6673545e+01 -1.6668142e+01 -1.6661118e+01 -1.6617921e+01 -1.6617921e+01 -1.6614605e+01 -1.6614605e+01 -1.6609832e+01 -1.0634813e+01 -8.1696090e+00 -8.1696090e+00 -7.0756897e+00 -2.0333832e+00 -1.3796165e+00 -1.2437156e+00 -1.2437156e+00 +1.1037861e+00 +1.1037861e+00 +2.6737463e+00 +2.6737463e+00 +2.7150881e+00 +3.2081027e+00 +4.4740978e+00 +6.8170083e+00 
-1.6887659e+01 -1.6887659e+01 -1.6883824e+01 -1.6832823e+01 -1.6821406e+01 -1.6821406e+01 -1.6794585e+01 -1.6793750e+01 -1.6787960e+01 -1.6727415e+01 -1.6693007e+01 -1.6693007e+01 -1.6678488e+01 -1.6658496e+01 -1.6655677e+01 -1.6612256e+01 -1.6612256e+01 -1.6611727e+01 -1.6611727e+01 -1.6605070e+01 -1.0737446e+01 -8.0925464e+00 -8.0925464e+00 -7.0305410e+00 -2.1614019e+00 -1.3229090e+00 -1.3229090e+00 -1.2232186e+00 +1.1740178e+00 +1.1740178e+00 +2.4966110e+00 +2.4966110e+00 +3.0478082e+00 +3.0808545e+00 +4.7486823e+00 +6.8660845e+00 
-1.6894659e+01 -1.6894659e+01 -1.6888763e+01 -1.6833227e+01 -1.6825754e+01 -1.6825754e+01 -1.6804103e+01 -1.6795580e+01 -1.6792941e+01 -1.6726099e+01 -1.6683262e+01 -1.6683091e+01 -1.6683091e+01 -1.6650286e+01 -1.6649010e+01 -1.6608930e+01 -1.6608930e+01 -1.6606868e+01 -1.6606868e+01 -1.6600544e+01 -1.0834161e+01 -8.0113618e+00 -8.0113618e+00 -6.9946446e+00 -2.2818063e+00 -1.4184193e+00 -1.4184193e+00 -1.0444386e+00 +1.2465385e+00 +1.2465385e+00 +2.3455411e+00 +2.3455411e+00 +2.9598009e+00 +3.3838273e+00 +5.0141213e+00 +6.9086440e+00 
-1.6901312e+01 -1.6901312e+01 -1.6893919e+01 -1.6833468e+01 -1.6830149e+01 -1.6830149e+01 -1.6813731e+01 -1.6797674e+01 -1.6797106e+01 -1.6724709e+01 -1.6687752e+01 -1.6672974e+01 -1.6672974e+01 -1.6644987e+01 -1.6639748e+01 -1.6606200e+01 -1.6606200e+01 -1.6601774e+01 -1.6601774e+01 -1.6596264e+01 -1.0924836e+01 -7.9264452e+00 -7.9264452e+00 -6.9669259e+00 -2.3945955e+00 -1.5301077e+00 -1.5301077e+00 -8.4498018e-01 +1.3207064e+00 +1.3207064e+00 +2.2214719e+00 +2.2214719e+00 +2.8452796e+00 +3.7216892e+00 +5.2686671e+00 +6.9451773e+00 
-1.6907589e+01 -1.6907589e+01 -1.6899291e+01 -1.6834484e+01 -1.6834484e+01 -1.6833572e+01 -1.6822508e+01 -1.6802144e+01 -1.6799150e+01 -1.6723273e+01 -1.6691864e+01 -1.6662882e+01 -1.6662882e+01 -1.6639823e+01 -1.6630775e+01 -1.6603509e+01 -1.6603509e+01 -1.6596987e+01 -1.6596987e+01 -1.6592239e+01 -1.1009371e+01 -7.8382762e+00 -7.8382762e+00 -6.9462441e+00 -2.4997614e+00 -1.6567713e+00 -1.6567713e+00 -6.2682185e-01 +1.3958050e+00 +1.3958050e+00 +2.1240089e+00 +2.1240089e+00 +2.7375897e+00 +4.0597763e+00 +5.5106900e+00 +6.9762037e+00 
-1.6913464e+01 -1.6913464e+01 -1.6904841e+01 -1.6838675e+01 -1.6838675e+01 -1.6833565e+01 -1.6830345e+01 -1.6806340e+01 -1.6801673e+01 -1.6721816e+01 -1.6695533e+01 -1.6653032e+01 -1.6653032e+01 -1.6634837e+01 -1.6622156e+01 -1.6600817e+01 -1.6600817e+01 -1.6592518e+01 -1.6592518e+01 -1.6588478e+01 -1.1087680e+01 -7.7474445e+00 -7.7474445e+00 -6.9314570e+00 -2.5972891e+00 -1.7962026e+00 -1.7962026e+00 -3.9223987e-01 +1.4710433e+00 +1.4710433e+00 +2.0515517e+00 +2.0515517e+00 +2.6369942e+00 +4.3962718e+00 +5.7387152e+00 +7.0022576e+00 
-1.6918915e+01 -1.6918915e+01 -1.6910495e+01 -1.6842658e+01 -1.6842658e+01 -1.6837202e+01 -1.6833470e+01 -1.6810247e+01 -1.6804604e+01 -1.6720364e+01 -1.6698727e+01 -1.6643644e+01 -1.6643644e+01 -1.6630070e+01 -1.6613954e+01 -1.6598066e+01 -1.6598066e+01 -1.6588378e+01 -1.6588378e+01 -1.6584988e+01 -1.1159697e+01 -7.6546748e+00 -7.6546748e+00 -6.9214721e+00 -2.6871585e+00 -1.9453937e+00 -1.9453937e+00 -1.4387470e-01 +1.5455589e+00 +1.5455589e+00 +2.0015609e+00 +2.0015609e+00 +2.5437239e+00 +4.7291072e+00 +5.9514514e+00 +7.0238763e+00 
-1.6923924e+01 -1.6923924e+01 -1.6916141e+01 -1.6846383e+01 -1.6846383e+01 -1.6843090e+01 -1.6833310e+01 -1.6813856e+01 -1.6807845e+01 -1.6718942e+01 -1.6701442e+01 -1.6634944e+01 -1.6634944e+01 -1.6625563e+01 -1.6606230e+01 -1.6595175e+01 -1.6595175e+01 -1.6584575e+01 -1.6584575e+01 -1.6581778e+01 -1.1225372e+01 -7.5608559e+00 -7.5608559e+00 -6.9152815e+00 -2.7693454e+00 -2.1008064e+00 -2.1008064e+00 +1.1515699e-01 +1.6184246e+00 +1.6184246e+00 +1.9708907e+00 +1.9708907e+00 +2.4579802e+00 +5.0558907e+00 +6.1478082e+00 +7.0415888e+00 
-1.6928478e+01 -1.6928478e+01 -1.6921643e+01 -1.6849813e+01 -1.6849813e+01 -1.6848061e+01 -1.6833104e+01 -1.6817154e+01 -1.6811277e+01 -1.6717575e+01 -1.6703702e+01 -1.6627163e+01 -1.6627163e+01 -1.6621354e+01 -1.6599042e+01 -1.6592050e+01 -1.6592050e+01 -1.6581114e+01 -1.6581114e+01 -1.6578853e+01 -1.1284672e+01 -7.4670735e+00 -7.4670735e+00 -6.9119836e+00 -2.8438229e+00 -2.2586234e+00 -2.2586234e+00 +3.8110958e-01 +1.6886600e+00 +1.6886600e+00 +1.9561048e+00 +1.9561048e+00 +2.3799375e+00 +5.3738163e+00 +6.3269015e+00 +7.0559058e+00 
-1.6932565e+01 -1.6932565e+01 -1.6926859e+01 -1.6852917e+01 -1.6852917e+01 -1.6852192e+01 -1.6832871e+01 -1.6820132e+01 -1.6814769e+01 -1.6716285e+01 -1.6705547e+01 -1.6620502e+01 -1.6620502e+01 -1.6617480e+01 -1.6592448e+01 -1.6588610e+01 -1.6588610e+01 -1.6578003e+01 -1.6578003e+01 -1.6576220e+01 -1.1337582e+01 -7.3746444e+00 -7.3746444e+00 -6.9107937e+00 -2.9105624e+00 -2.4149287e+00 -2.4149287e+00 +6.4943120e-01 +1.7552475e+00 +1.7552475e+00 +1.9537261e+00 +1.9537261e+00 +2.3097465e+00 +5.6795581e+00 +6.4880482e+00 +7.0673109e+00 
-1.6936178e+01 -1.6936178e+01 -1.6931658e+01 -1.6855677e+01 -1.6855677e+01 -1.6855573e+01 -1.6832627e+01 -1.6822782e+01 -1.6818190e+01 -1.6715093e+01 -1.6707026e+01 -1.6615079e+01 -1.6615079e+01 -1.6613976e+01 -1.6586498e+01 -1.6584848e+01 -1.6584848e+01 -1.6575247e+01 -1.6575247e+01 -1.6573884e+01 -1.1384105e+01 -7.2851476e+00 -7.2851476e+00 -6.9110468e+00 -2.9695347e+00 -2.5658087e+00 -2.5658087e+00 +9.1459379e-01 +1.8171533e+00 +1.8171533e+00 +1.9604076e+00 +1.9604076e+00 +2.2475358e+00 +5.9691652e+00 +6.6307506e+00 +7.0762531e+00 
-1.6939312e+01 -1.6939312e+01 -1.6935932e+01 -1.6858293e+01 -1.6858078e+01 -1.6858078e+01 -1.6832386e+01 -1.6825094e+01 -1.6821415e+01 -1.6714018e+01 -1.6708190e+01 -1.6610872e+01 -1.6610870e+01 -1.6610870e+01 -1.6581239e+01 -1.6580889e+01 -1.6580889e+01 -1.6572850e+01 -1.6572850e+01 -1.6571850e+01 -1.1424263e+01 -7.2004435e+00 -7.2004435e+00 -6.9121932e+00 -3.0207114e+00 -2.7073938e+00 -2.7073938e+00 +1.1699823e+00 +1.8733538e+00 +1.8733538e+00 +1.9730381e+00 +1.9730381e+00 +2.1934145e+00 +6.2379857e+00 +6.7546732e+00 +7.0831405e+00 
-1.6941964e+01 -1.6941964e+01 -1.6939605e+01 -1.6860436e+01 -1.6860112e+01 -1.6860112e+01 -1.6832162e+01 -1.6827063e+01 -1.6824331e+01 -1.6713078e+01 -1.6709089e+01 -1.6608196e+01 -1.6607723e+01 -1.6607723e+01 -1.6576972e+01 -1.6576972e+01 -1.6576715e+01 -1.6570815e+01 -1.6570815e+01 -1.6570122e+01 -1.1458093e+01 -7.1226675e+00 -7.1226675e+00 -6.9137923e+00 -3.0640658e+00 -2.8358775e+00 -2.8358775e+00 +1.4079134e+00 +1.9228652e+00 +1.9228652e+00 +1.9888083e+00 +1.9888083e+00 +2.1474738e+00 +6.4806677e+00 +6.8596139e+00 +7.0883354e+00 
-1.6944133e+01 -1.6944133e+01 -1.6942629e+01 -1.6862076e+01 -1.6861776e+01 -1.6861776e+01 -1.6831963e+01 -1.6828682e+01 -1.6826843e+01 -1.6712288e+01 -1.6709765e+01 -1.6605973e+01 -1.6605435e+01 -1.6605435e+01 -1.6573376e+01 -1.6573376e+01 -1.6572961e+01 -1.6569147e+01 -1.6569147e+01 -1.6568703e+01 -1.1485648e+01 -7.0541784e+00 -7.0541784e+00 -6.9155011e+00 -3.0995736e+00 -2.9475537e+00 -2.9475537e+00 +1.6198627e+00 +1.9647765e+00 +1.9647765e+00 +2.0052541e+00 +2.0052541e+00 +2.1097882e+00 +6.6912919e+00 +6.9454725e+00 +7.0921503e+00 
-1.6945818e+01 -1.6945818e+01 -1.6944979e+01 -1.6863279e+01 -1.6863069e+01 -1.6863069e+01 -1.6831800e+01 -1.6829947e+01 -1.6828873e+01 -1.6711661e+01 -1.6710254e+01 -1.6604222e+01 -1.6603823e+01 -1.6603823e+01 -1.6570345e+01 -1.6570345e+01 -1.6570009e+01 -1.6567846e+01 -1.6567846e+01 -1.6567597e+01 -1.1506987e+01 -6.9974401e+00 -6.9974401e+00 -6.9170636e+00 -3.1272137e+00 -3.0389074e+00 -3.0389074e+00 +1.7969607e+00 +1.9982834e+00 +1.9982834e+00 +2.0202937e+00 +2.0202937e+00 +2.0804174e+00 +6.8636907e+00 +7.0122189e+00 +7.0948445e+00 
-1.6947021e+01 -1.6947021e+01 -1.6946652e+01 -1.6864097e+01 -1.6863990e+01 -1.6863990e+01 -1.6831679e+01 -1.6830853e+01 -1.6830363e+01 -1.6711205e+01 -1.6710584e+01 -1.6602960e+01 -1.6602753e+01 -1.6602753e+01 -1.6568063e+01 -1.6568063e+01 -1.6567883e+01 -1.6566916e+01 -1.6566916e+01 -1.6566805e+01 -1.1522173e+01 -6.9548238e+00 -6.9548238e+00 -6.9182974e+00 -3.1469693e+00 -3.1067849e+00 -3.1067849e+00 +1.9307634e+00 +2.0227201e+00 +2.0227201e+00 +2.0322608e+00 +2.0322608e+00 +2.0594066e+00 +6.9919671e+00 +7.0598640e+00 +7.0966218e+00 
-1.6947743e+01 -1.6947743e+01 -1.6947651e+01 -1.6864571e+01 -1.6864542e+01 -1.6864542e+01 -1.6831604e+01 -1.6831397e+01 -1.6831273e+01 -1.6710929e+01 -1.6710774e+01 -1.6602198e+01 -1.6602142e+01 -1.6602142e+01 -1.6566649e+01 -1.6566649e+01 -1.6566600e+01 -1.6566357e+01 -1.6566357e+01 -1.6566329e+01 -1.1531260e+01 -6.9283405e+00 -6.9283405e+00 -6.9190826e+00 -3.1588277e+00 -3.1486355e+00 -3.1486355e+00 +2.0142096e+00 +2.0375882e+00 +2.0375882e+00 +2.0399370e+00 +2.0399370e+00 +2.0467875e+00 +7.0711645e+00 +7.0884347e+00 +7.0976293e+00 
-1.6947983e+01 -1.6947983e+01 -1.6947983e+01 -1.6864726e+01 -1.6864726e+01 -1.6864726e+01 -1.6831579e+01 -1.6831579e+01 -1.6831579e+01 -1.6710837e+01 -1.6710837e+01 -1.6601943e+01 -1.6601943e+01 -1.6601943e+01 -1.6566171e+01 -1.6566171e+01 -1.6566171e+01 -1.6566171e+01 -1.6566171e+01 -1.6566171e+01 -1.1534284e+01 -6.9193516e+00 -6.9193516e+00 -6.9193516e+00 -3.1627814e+00 -3.1627814e+00 -3.1627814e+00 +2.0425790e+00 +2.0425790e+00 +2.0425790e+00 +2.0425790e+00 +2.0425791e+00 +2.0425791e+00 +7.0979552e+00 +7.0979552e+00 +7.0979552e+00 
-1.6947713e+01 -1.6947713e+01 -1.6947713e+01 -1.6864552e+01 -1.6864552e+01 -1.6864552e+01 -1.6831563e+01 -1.6831356e+01 -1.6831356e+01 -1.6710852e+01 -1.6710852e+01 -1.6602160e+01 -1.6602160e+01 -1.6602160e+01 -1.6566580e+01 -1.6566580e+01 -1.6566580e+01 -1.6566399e+01 -1.6566399e+01 -1.6566399e+01 -1.1531265e+01 -6.9252489e+00 -6.9252489e+00 -6.9252489e+00 -3.1520485e+00 -3.1520485e+00 -3.1520485e+00 +2.0251726e+00 +2.0251726e+00 +2.0251726e+00 +2.0468729e+00 +2.0468729e+00 +2.0468729e+00 +7.0681498e+00 +7.0945752e+00 +7.0945752e+00 
-1.6946900e+01 -1.6946900e+01 -1.6946900e+01 -1.6864026e+01 -1.6864026e+01 -1.6864026e+01 -1.6831514e+01 -1.6830693e+01 -1.6830693e+01 -1.6710893e+01 -1.6710893e+01 -1.6602825e+01 -1.6602825e+01 -1.6602825e+01 -1.6567804e+01 -1.6567804e+01 -1.6567804e+01 -1.6567069e+01 -1.6567069e+01 -1.6567069e+01 -1.1522194e+01 -6.9426783e+00 -6.9426783e+00 -6.9426783e+00 -3.1202100e+00 -3.1202100e+00 -3.1202100e+00 +1.9738345e+00 +1.9738345e+00 +1.9738345e+00 +2.0597447e+00 +2.0597447e+00 +2.0597447e+00 +6.9798954e+00 +7.0844707e+00 +7.0844707e+00 
-1.6945545e+01 -1.6945545e+01 -1.6945545e+01 -1.6863137e+01 -1.6863137e+01 -1.6863137e+01 -1.6831432e+01 -1.6829604e+01 -1.6829604e+01 -1.6710951e+01 -1.6710951e+01 -1.6603971e+01 -1.6603971e+01 -1.6603971e+01 -1.6569833e+01 -1.6569833e+01 -1.6569833e+01 -1.6568134e+01 -1.6568134e+01 -1.6568134e+01 -1.1507034e+01 -6.9708890e+00 -6.9708890e+00 -6.9708890e+00 -3.0683191e+00 -3.0683191e+00 -3.0683191e+00 +1.8911230e+00 +1.8911230e+00 +1.8911230e+00 +2.0811647e+00 +2.0811647e+00 +2.0811647e+00 +6.8364887e+00 +7.0677479e+00 +7.0677479e+00 
-1.6943645e+01 -1.6943645e+01 -1.6943645e+01 -1.6861869e+01 -1.6861869e+01 -1.6861869e+01 -1.6831318e+01 -1.6828113e+01 -1.6828113e+01 -1.6711006e+01 -1.6711006e+01 -1.6605656e+01 -1.6605656e+01 -1.6605656e+01 -1.6572647e+01 -1.6572647e+01 -1.6572647e+01 -1.6569520e+01 -1.6569520e+01 -1.6569520e+01 -1.1485730e+01 -7.0087393e+00 -7.0087393e+00 -7.0087393e+00 -2.9980521e+00 -2.9980521e+00 -2.9980521e+00 +1.7810379e+00 +1.7810379e+00 +1.7810379e+00 +2.1110830e+00 +2.1110830e+00 +2.1110830e+00 +6.6428553e+00 +7.0445810e+00 +7.0445811e+00 
-1.6941204e+01 -1.6941204e+01 -1.6941204e+01 -1.6860198e+01 -1.6860198e+01 -1.6860198e+01 -1.6831173e+01 -1.6826254e+01 -1.6826254e+01 -1.6711031e+01 -1.6711031e+01 -1.6607949e+01 -1.6607949e+01 -1.6607949e+01 -1.6576221e+01 -1.6576221e+01 -1.6576221e+01 -1.6571132e+01 -1.6571132e+01 -1.6571132e+01 -1.1458222e+01 -7.0548298e+00 -7.0548298e+00 -7.0548298e+00 -2.9116277e+00 -2.9116277e+00 -2.9116277e+00 +1.6486976e+00 +1.6486976e+00 +1.6486976e+00 +2.1494291e+00 +2.1494291e+00 +2.1494291e+00 +6.4048854e+00 +7.0152093e+00 +7.0152094e+00 
-1.6938234e+01 -1.6938234e+01 -1.6938234e+01 -1.6858101e+01 -1.6858101e+01 -1.6858101e+01 -1.6831003e+01 -1.6824073e+01 -1.6824073e+01 -1.6710993e+01 -1.6710993e+01 -1.6610928e+01 -1.6610928e+01 -1.6610928e+01 -1.6580521e+01 -1.6580521e+01 -1.6580521e+01 -1.6572864e+01 -1.6572864e+01 -1.6572864e+01 -1.1424447e+01 -7.1076386e+00 -7.1076386e+00 -7.1076386e+00 -2.8117502e+00 -2.8117501e+00 -2.8117501e+00 +1.5000079e+00 +1.5000079e+00 +1.5000079e+00 +2.1961105e+00 +2.1961105e+00 +2.1961106e+00 +6.1287836e+00 +6.9799320e+00 +6.9799320e+00 
-1.6934754e+01 -1.6934754e+01 -1.6934754e+01 -1.6855551e+01 -1.6855551e+01 -1.6855551e+01 -1.6830813e+01 -1.6821625e+01 -1.6821625e+01 -1.6710847e+01 -1.6710847e+01 -1.6614655e+01 -1.6614655e+01 -1.6614655e+01 -1.6585507e+01 -1.6585507e+01 -1.6585507e+01 -1.6574613e+01 -1.6574613e+01 -1.6574613e+01 -1.1384353e+01 -7.1656378e+00 -7.1656378e+00 -7.1656378e+00 -2.7016112e+00 -2.7016112e+00 -2.7016112e+00 +1.3413985e+00 +1.3413985e+00 +1.3413985e+00 +2.2510120e+00 +2.2510120e+00 +2.2510120e+00 +5.8205620e+00 +6.9391024e+00 +6.9391024e+00 
-1.6930800e+01 -1.6930800e+01 -1.6930800e+01 -1.6852521e+01 -1.6852521e+01 -1.6852521e+01 -1.6830613e+01 -1.6818978e+01 -1.6818978e+01 -1.6710541e+01 -1.6710541e+01 -1.6619170e+01 -1.6619170e+01 -1.6619170e+01 -1.6591129e+01 -1.6591129e+01 -1.6591129e+01 -1.6576300e+01 -1.6576300e+01 -1.6576300e+01 -1.1337902e+01 -7.2273772e+00 -7.2273772e+00 -7.2273772e+00 -2.5849688e+00 -2.5849687e+00 -2.5849687e+00 +1.1796850e+00 +1.1796850e+00 +1.1796850e+00 +2.3139937e+00 +2.3139937e+00 +2.3139937e+00 +5.4857268e+00 +6.8931219e+00 +6.8931219e+00 
-1.6926419e+01 -1.6926419e+01 -1.6926419e+01 -1.6848989e+01 -1.6848989e+01 -1.6848989e+01 -1.6830416e+01 -1.6816211e+01 -1.6816211e+01 -1.6710013e+01 -1.6710013e+01 -1.6624473e+01 -1.6624473e+01 -1.6624473e+01 -1.6597327e+01 -1.6597327e+01 -1.6597327e+01 -1.6577873e+01 -1.6577873e+01 -1.6577873e+01 -1.1285072e+01 -7.2915365e+00 -7.2915365e+00 -7.2915365e+00 -2.4663076e+00 -2.4663075e+00 -2.4663075e+00 +1.0220760e+00 +1.0220760e+00 +1.0220760e+00 +2.3848896e+00 +2.3848896e+00 +2.3848896e+00 +5.1291434e+00 +6.8424324e+00 +6.8424324e+00 
-1.6921674e+01 -1.6921674e+01 -1.6921674e+01 -1.6844936e+01 -1.6844936e+01 -1.6844936e+01 -1.6830235e+01 -1.6813412e+01 -1.6813412e+01 -1.6709193e+01 -1.6709193e+01 -1.6630535e+01 -1.6630535e+01 -1.6630535e+01 -1.6604033e+01 -1.6604033e+01 -1.6604033e+01 -1.6579309e+01 -1.6579309e+01 -1.6579309e+01 -1.1225863e+01 -7.3569498e+00 -7.3569498e+00 -7.3569497e+00 -2.3510534e+00 -2.3510534e+00 -2.3510534e+00 +8.7630394e-01 +8.7630394e-01 +8.7630394e-01 +2.4635049e+00 +2.4635049e+00 +2.4635049e+00 +4.7550310e+00 +6.7875091e+00 +6.7875092e+00 
-1.6916639e+01 -1.6916639e+01 -1.6916639e+01 -1.6840354e+01 -1.6840354e+01 -1.6840354e+01 -1.6830085e+01 -1.6810677e+01 -1.6810677e+01 -1.6708009e+01 -1.6708009e+01 -1.6637297e+01 -1.6637297e+01 -1.6637297e+01 -1.6611167e+01 -1.6611167e+01 -1.6611167e+01 -1.6580609e+01 -1.6580609e+01 -1.6580609e+01 -1.1160289e+01 -7.4226115e+00 -7.4226115e+00 -7.4226115e+00 -2.2457465e+00 -2.2457465e+00 -2.2457465e+00 +7.5077305e-01 +7.5077305e-01 +7.5077305e-01 +2.5496133e+00 +2.5496133e+00 +2.5496133e+00 +4.3670312e+00 +6.7288530e+00 +6.7288530e+00 
-1.6911395e+01 -1.6911395e+01 -1.6911395e+01 -1.6835252e+01 -1.6835252e+01 -1.6835252e+01 -1.6829981e+01 -1.6808101e+01 -1.6808101e+01 -1.6706385e+01 -1.6706385e+01 -1.6644685e+01 -1.6644685e+01 -1.6644685e+01 -1.6618635e+01 -1.6618635e+01 -1.6618635e+01 -1.6581786e+01 -1.6581786e+01 -1.6581786e+01 -1.1088386e+01 -7.4876700e+00 -7.4876700e+00 -7.4876700e+00 -2.1579559e+00 -2.1579559e+00 -2.1579559e+00 +6.5449119e-01 +6.5449119e-01 +6.5449120e-01 +2.6429540e+00 +2.6429540e+00 +2.6429540e+00 +3.9683049e+00 +6.6669832e+00 +6.6669833e+00 
-1.6906026e+01 -1.6906026e+01 -1.6906026e+01 -1.6829937e+01 -1.6829662e+01 -1.6829662e+01 -1.6829662e+01 -1.6805780e+01 -1.6805780e+01 -1.6704256e+01 -1.6704256e+01 -1.6652616e+01 -1.6652616e+01 -1.6652616e+01 -1.6626325e+01 -1.6626325e+01 -1.6626325e+01 -1.6582856e+01 -1.6582856e+01 -1.6582856e+01 -1.1010206e+01 -7.5514147e+00 -7.5514147e+00 -7.5514147e+00 -2.0955879e+00 -2.0955878e+00 -2.0955878e+00 +5.9642163e-01 +5.9642163e-01 +5.9642164e-01 +2.7432279e+00 +2.7432279e+00 +2.7432279e+00 +3.5616286e+00 +6.6024306e+00 +6.6024306e+00 
-1.6900613e+01 -1.6900613e+01 -1.6900613e+01 -1.6829965e+01 -1.6823648e+01 -1.6823648e+01 -1.6823648e+01 -1.6803792e+01 -1.6803792e+01 -1.6701567e+01 -1.6701567e+01 -1.6661005e+01 -1.6661005e+01 -1.6661005e+01 -1.6634106e+01 -1.6634106e+01 -1.6634106e+01 -1.6583838e+01 -1.6583838e+01 -1.6583838e+01 -1.0925821e+01 -7.6132606e+00 -7.6132606e+00 -7.6132606e+00 -2.0653443e+00 -2.0653443e+00 -2.0653443e+00 +5.8399709e-01 +5.8399709e-01 +5.8399709e-01 +2.8500933e+00 +2.8500933e+00 +2.8500933e+00 +3.1494759e+00 +6.5357303e+00 +6.5357303e+00 
-1.6895227e+01 -1.6895227e+01 -1.6895227e+01 -1.6830077e+01 -1.6817321e+01 -1.6817321e+01 -1.6817321e+01 -1.6802198e+01 -1.6802198e+01 -1.6698288e+01 -1.6698288e+01 -1.6669768e+01 -1.6669768e+01 -1.6669768e+01 -1.6641815e+01 -1.6641815e+01 -1.6641815e+01 -1.6584747e+01 -1.6584747e+01 -1.6584747e+01 -1.0835320e+01 -7.6727329e+00 -7.6727329e+00 -7.6727329e+00 -2.0707434e+00 -2.0707433e+00 -2.0707433e+00 +6.2119591e-01 +6.2119591e-01 +6.2119591e-01 +2.7340790e+00 +2.9631613e+00 +2.9631613e+00 +2.9631613e+00 +6.4674165e+00 +6.4674165e+00 
-1.6889928e+01 -1.6889928e+01 -1.6889928e+01 -1.6830281e+01 -1.6810847e+01 -1.6810847e+01 -1.6810847e+01 -1.6801034e+01 -1.6801034e+01 -1.6694414e+01 -1.6694414e+01 -1.6678819e+01 -1.6678819e+01 -1.6678819e+01 -1.6649255e+01 -1.6649255e+01 -1.6649255e+01 -1.6585597e+01 -1.6585597e+01 -1.6585597e+01 -1.0738815e+01 -7.7294520e+00 -7.7294520e+00 -7.7294520e+00 -2.1109363e+00 -2.1109363e+00 -2.1109363e+00 +7.0741027e-01 +7.0741027e-01 +7.0741027e-01 +2.3174719e+00 +3.0819906e+00 +3.0819906e+00 +3.0819906e+00 +6.3980165e+00 +6.3980165e+00 
-1.6884761e+01 -1.6884761e+01 -1.6884761e+01 -1.6830582e+01 -1.6804457e+01 -1.6804457e+01 -1.6804457e+01 -1.6800308e+01 -1.6800308e+01 -1.6689970e+01 -1.6689970e+01 -1.6688078e+01 -1.6688078e+01 -1.6688078e+01 -1.6656180e+01 -1.6656180e+01 -1.6656180e+01 -1.6586397e+01 -1.6586397e+01 -1.6586397e+01 -1.0636436e+01 -7.7831213e+00 -7.7831213e+00 -7.7831213e+00 -2.1812889e+00 -2.1812889e+00 -2.1812889e+00 +8.3806820e-01 +8.3806820e-01 +8.3806820e-01 +1.9015195e+00 +3.2060822e+00 +3.2060822e+00 +3.2060822e+00 +6.3280464e+00 +6.3280464e+00 
-1.6879759e+01 -1.6879759e+01 -1.6879759e+01 -1.6830983e+01 -1.6800005e+01 -1.6800005e+01 -1.6798458e+01 -1.6798458e+01 -1.6798458e+01 -1.6697464e+01 -1.6697464e+01 -1.6697464e+01 -1.6685005e+01 -1.6685005e+01 -1.6662285e+01 -1.6662285e+01 -1.6662285e+01 -1.6587154e+01 -1.6587154e+01 -1.6587154e+01 -1.0528343e+01 -7.8335156e+00 -7.8335156e+00 -7.8335156e+00 -2.2752262e+00 -2.2752262e+00 -2.2752262e+00 +1.0065091e+00 +1.0065091e+00 +1.0065091e+00 +1.4879365e+00 +3.3348736e+00 +3.3348736e+00 +3.3348736e+00 +6.2580070e+00 +6.2580070e+00 
-1.6874945e+01 -1.6874945e+01 -1.6874945e+01 -1.6831483e+01 -1.6800090e+01 -1.6800090e+01 -1.6793227e+01 -1.6793227e+01 -1.6793227e+01 -1.6706902e+01 -1.6706902e+01 -1.6706902e+01 -1.6679589e+01 -1.6679589e+01 -1.6667210e+01 -1.6667210e+01 -1.6667210e+01 -1.6587874e+01 -1.6587874e+01 -1.6587874e+01 -1.0414721e+01 -7.8804728e+00 -7.8804728e+00 -7.8804728e+00 -2.3860306e+00 -2.3860306e+00 -2.3860306e+00 +1.0783025e+00 +1.2058011e+00 +1.2058011e+00 +1.2058011e+00 +3.4677328e+00 +3.4677328e+00 +3.4677328e+00 +6.1883806e+00 +6.1883807e+00 
-1.6870335e+01 -1.6870335e+01 -1.6870335e+01 -1.6832079e+01 -1.6800517e+01 -1.6800517e+01 -1.6789178e+01 -1.6789178e+01 -1.6789178e+01 -1.6716316e+01 -1.6716316e+01 -1.6716316e+01 -1.6673804e+01 -1.6673804e+01 -1.6670565e+01 -1.6670565e+01 -1.6670565e+01 -1.6588560e+01 -1.6588560e+01 -1.6588560e+01 -1.0295795e+01 -7.9238860e+00 -7.9238860e+00 -7.9238860e+00 -2.5078545e+00 -2.5078544e+00 -2.5078544e+00 +6.7407380e-01 +1.4297619e+00 +1.4297619e+00 +1.4297619e+00 +3.6039532e+00 +3.6039532e+00 +3.6039532e+00 +6.1196285e+00 +6.1196285e+00 
-1.6865941e+01 -1.6865941e+01 -1.6865941e+01 -1.6832765e+01 -1.6801234e+01 -1.6801234e+01 -1.6786681e+01 -1.6786681e+01 -1.6786681e+01 -1.6725637e+01 -1.6725637e+01 -1.6725637e+01 -1.6672011e+01 -1.6672011e+01 -1.6672011e+01 -1.6667739e+01 -1.6667739e+01 -1.6589214e+01 -1.6589214e+01 -1.6589214e+01 -1.0171829e+01 -7.9636979e+00 -7.9636979e+00 -7.9636979e+00 -2.6360121e+00 -2.6360121e+00 -2.6360121e+00 +2.7659711e-01 +1.6732481e+00 +1.6732481e+00 +1.6732481e+00 +3.7427487e+00 +3.7427487e+00 +3.7427487e+00 +6.0521886e+00 +6.0521887e+00 
-1.6861776e+01 -1.6861776e+01 -1.6861776e+01 -1.6833530e+01 -1.6802185e+01 -1.6802185e+01 -1.6785950e+01 -1.6785950e+01 -1.6785950e+01 -1.6734794e+01 -1.6734794e+01 -1.6734794e+01 -1.6671366e+01 -1.6671366e+01 -1.6671366e+01 -1.6661488e+01 -1.6661488e+01 -1.6589838e+01 -1.6589838e+01 -1.6589838e+01 -1.0043139e+01 -7.9998958e+00 -7.9998958e+00 -7.9998958e+00 -2.7668900e+00 -2.7668900e+00 -2.7668900e+00 -1.1287395e-01 +1.9320532e+00 +1.9320532e+00 +1.9320532e+00 +3.8832491e+00 +3.8832491e+00 +3.8832491e+00 +5.9864748e+00 +5.9864749e+00 
-1.6857853e+01 -1.6857853e+01 -1.6857853e+01 -1.6834365e+01 -1.6803317e+01 -1.6803317e+01 -1.6786949e+01 -1.6786949e+01 -1.6786949e+01 -1.6743724e+01 -1.6743724e+01 -1.6743724e+01 -1.6668698e+01 -1.6668698e+01 -1.6668698e+01 -1.6655140e+01 -1.6655140e+01 -1.6590431e+01 -1.6590431e+01 -1.6590431e+01 -9.9101084e+00 -8.0325083e+00 -8.0325083e+00 -8.0325083e+00 -2.8977324e+00 -2.8977324e+00 -2.8977324e+00 -4.9315841e-01 +2.2026697e+00 +2.2026697e+00 +2.2026697e+00 +4.0244984e+00 +4.0244984e+00 +4.0244984e+00 +5.9228753e+00 +5.9228753e+00 
-1.6854190e+01 -1.6854190e+01 -1.6854190e+01 -1.6835255e+01 -1.6804581e+01 -1.6804581e+01 -1.6789410e+01 -1.6789410e+01 -1.6789410e+01 -1.6752365e+01 -1.6752365e+01 -1.6752365e+01 -1.6664303e+01 -1.6664303e+01 -1.6664303e+01 -1.6648783e+01 -1.6648783e+01 -1.6590994e+01 -1.6590994e+01 -1.6590994e+01 -9.7731992e+00 -8.0616021e+00 -8.0616021e+00 -8.0616021e+00 -3.0264261e+00 -3.0264261e+00 -3.0264261e+00 -8.6312209e-01 +2.4820404e+00 +2.4820404e+00 +2.4820404e+00 +4.1654537e+00 +4.1654537e+00 +4.1654537e+00 +5.8617522e+00 +5.8617522e+00 
-1.6850811e+01 -1.6850811e+01 -1.6850811e+01 -1.6836186e+01 -1.6805932e+01 -1.6805932e+01 -1.6792934e+01 -1.6792934e+01 -1.6792934e+01 -1.6760659e+01 -1.6760659e+01 -1.6760659e+01 -1.6658606e+01 -1.6658606e+01 -1.6658606e+01 -1.6642498e+01 -1.6642498e+01 -1.6591526e+01 -1.6591526e+01 -1.6591526e+01 -9.6329769e+00 -8.0872794e+00 -8.0872794e+00 -8.0872794e+00 -3.1513243e+00 -3.1513243e+00 -3.1513243e+00 -1.2216456e+00 +2.7673389e+00 +2.7673389e+00 +2.7673389e+00 +4.3049880e+00 +4.3049880e+00 +4.3049880e+00 +5.8034417e+00 +5.8034417e+00 
-1.6847749e+01 -1.6847749e+01 -1.6847749e+01 -1.6837142e+01 -1.6807328e+01 -1.6807328e+01 -1.6797098e+01 -1.6797098e+01 -1.6797098e+01 -1.6768551e+01 -1.6768551e+01 -1.6768551e+01 -1.6652044e+01 -1.6652044e+01 -1.6652044e+01 -1.6636364e+01 -1.6636364e+01 -1.6592025e+01 -1.6592025e+01 -1.6592025e+01 -9.4901370e+00 -8.1096760e+00 -8.1096760e+00 -8.1096760e+00 -3.2711155e+00 -3.2711155e+00 -3.2711155e+00 -1.5675849e+00 +3.0557847e+00 +3.0557847e+00 +3.0557847e+00 +4.4418951e+00 +4.4418951e+00 +4.4418951e+00 +5.7482535e+00 +5.7482535e+00 
-1.6845053e+01 -1.6845053e+01 -1.6845053e+01 -1.6838105e+01 -1.6808733e+01 -1.6808733e+01 -1.6801515e+01 -1.6801515e+01 -1.6801515e+01 -1.6775993e+01 -1.6775993e+01 -1.6775993e+01 -1.6645006e+01 -1.6645006e+01 -1.6645006e+01 -1.6630452e+01 -1.6630452e+01 -1.6592491e+01 -1.6592491e+01 -1.6592491e+01 -9.3455398e+00 -8.1289591e+00 -8.1289591e+00 -8.1289591e+00 -3.3847279e+00 -3.3847279e+00 -3.3847279e+00 -1.8997240e+00 +3.3444883e+00 +3.3444883e+00 +3.3444883e+00 +4.5748996e+00 +4.5748996e+00 +4.5748996e+00 +5.6964716e+00 +5.6964716e+00 
-1.6842789e+01 -1.6842789e+01 -1.6842789e+01 -1.6839057e+01 -1.6810115e+01 -1.6810115e+01 -1.6805849e+01 -1.6805849e+01 -1.6805849e+01 -1.6782937e+01 -1.6782937e+01 -1.6782937e+01 -1.6637815e+01 -1.6637815e+01 -1.6637815e+01 -1.6624828e+01 -1.6624828e+01 -1.6592923e+01 -1.6592923e+01 -1.6592923e+01 -9.2002559e+00 -8.1453244e+00 -8.1453244e+00 -8.1453244e+00 -3.4912634e+00 -3.4912634e+00 -3.4912634e+00 -2.2167170e+00 +3.6303220e+00 +3.6303220e+00 +3.6303220e+00 +4.7026698e+00 +4.7026698e+00 +4.7026698e+00 +5.6483546e+00 +5.6483546e+00 
-1.6841049e+01 -1.6841049e+01 -1.6841049e+01 -1.6839983e+01 -1.6811445e+01 -1.6811445e+01 -1.6809803e+01 -1.6809803e+01 -1.6809803e+01 -1.6789342e+01 -1.6789342e+01 -1.6789342e+01 -1.6630727e+01 -1.6630727e+01 -1.6630727e+01 -1.6619553e+01 -1.6619553e+01 -1.6593318e+01 -1.6593318e+01 -1.6593318e+01 -9.0556220e+00 -8.1589934e+00 -8.1589934e+00 -8.1589934e+00 -3.5899513e+00 -3.5899513e+00 -3.5899513e+00 -2.5170205e+00 +3.9098174e+00 +3.9098174e+00 +3.9098174e+00 +4.8238369e+00 +4.8238369e+00 +4.8238369e+00 +5.6041358e+00 +5.6041358e+00 
-1.6840864e+01 -1.6839946e+01 -1.6839946e+01 -1.6839946e+01 -1.6813115e+01 -1.6813115e+01 -1.6813115e+01 -1.6812697e+01 -1.6812697e+01 -1.6795171e+01 -1.6795171e+01 -1.6795171e+01 -1.6623947e+01 -1.6623947e+01 -1.6623947e+01 -1.6614684e+01 -1.6614684e+01 -1.6593676e+01 -1.6593676e+01 -1.6593676e+01 -8.9133073e+00 -8.1702089e+00 -8.1702089e+00 -8.1702089e+00 -3.6801169e+00 -3.6801169e+00 -3.6801169e+00 -2.7988148e+00 +4.1790946e+00 +4.1790946e+00 +4.1790946e+00 +4.9370174e+00 +4.9370174e+00 +4.9370175e+00 +5.5640242e+00 +5.5640242e+00 
-1.6841685e+01 -1.6839567e+01 -1.6839567e+01 -1.6839567e+01 -1.6815588e+01 -1.6815588e+01 -1.6815588e+01 -1.6813851e+01 -1.6813851e+01 -1.6800390e+01 -1.6800390e+01 -1.6800390e+01 -1.6617640e+01 -1.6617640e+01 -1.6617640e+01 -1.6610268e+01 -1.6610268e+01 -1.6593995e+01 -1.6593995e+01 -1.6593995e+01 -8.7753890e+00 -8.1792295e+00 -8.1792295e+00 -8.1792295e+00 -3.7611623e+00 -3.7611623e+00 -3.7611623e+00 -3.0599177e+00 +4.4338374e+00 +4.4338374e+00 +4.4338374e+00 +5.0408412e+00 +5.0408412e+00 +5.0408412e+00 +5.5282050e+00 +5.5282051e+00 
-1.6842429e+01 -1.6839898e+01 -1.6839898e+01 -1.6839897e+01 -1.6817160e+01 -1.6817160e+01 -1.6817160e+01 -1.6814887e+01 -1.6814887e+01 -1.6804971e+01 -1.6804971e+01 -1.6804971e+01 -1.6611938e+01 -1.6611938e+01 -1.6611938e+01 -1.6606350e+01 -1.6606350e+01 -1.6594275e+01 -1.6594275e+01 -1.6594275e+01 -8.6444259e+00 -8.1863228e+00 -8.1863228e+00 -8.1863228e+00 -3.8325545e+00 -3.8325545e+00 -3.8325545e+00 -3.2977012e+00 +4.6693276e+00 +4.6693276e+00 +4.6693276e+00 +5.1339820e+00 +5.1339820e+00 +5.1339820e+00 +5.4968401e+00 +5.4968401e+00 
-1.6843084e+01 -1.6840760e+01 -1.6840760e+01 -1.6840760e+01 -1.6817956e+01 -1.6817956e+01 -1.6817956e+01 -1.6815790e+01 -1.6815790e+01 -1.6808888e+01 -1.6808888e+01 -1.6808888e+01 -1.6606948e+01 -1.6606948e+01 -1.6606948e+01 -1.6602970e+01 -1.6602970e+01 -1.6594513e+01 -1.6594513e+01 -1.6594513e+01 -8.5235095e+00 -8.1917561e+00 -8.1917561e+00 -8.1917561e+00 -3.8938203e+00 -3.8938203e+00 -3.8938203e+00 -3.5090315e+00 +4.8805577e+00 +4.8805577e+00 +4.8805577e+00 +5.2151925e+00 +5.2151925e+00 +5.2151925e+00 +5.4700683e+00 +5.4700683e+00 
-1.6843638e+01 -1.6841876e+01 -1.6841876e+01 -1.6841876e+01 -1.6818223e+01 -1.6818223e+01 -1.6818223e+01 -1.6816547e+01 -1.6816547e+01 -1.6812121e+01 -1.6812121e+01 -1.6812121e+01 -1.6602755e+01 -1.6602755e+01 -1.6602755e+01 -1.6600159e+01 -1.6600159e+01 -1.6594709e+01 -1.6594709e+01 -1.6594709e+01 -8.4162539e+00 -8.1957857e+00 -8.1957857e+00 -8.1957857e+00 -3.9445461e+00 -3.9445461e+00 -3.9445461e+00 -3.6902714e+00 +5.0624292e+00 +5.0624292e+00 +5.0624292e+00 +5.2833387e+00 +5.2833387e+00 +5.2833387e+00 +5.4480065e+00 +5.4480066e+00 
-1.6844079e+01 -1.6842980e+01 -1.6842980e+01 -1.6842980e+01 -1.6818205e+01 -1.6818205e+01 -1.6818205e+01 -1.6817146e+01 -1.6817146e+01 -1.6814653e+01 -1.6814653e+01 -1.6814653e+01 -1.6599426e+01 -1.6599426e+01 -1.6599426e+01 -1.6597945e+01 -1.6597945e+01 -1.6594863e+01 -1.6594863e+01 -1.6594863e+01 -8.3266656e+00 -8.1986455e+00 -8.1986455e+00 -8.1986455e+00 -3.9843814e+00 -3.9843814e+00 -3.9843814e+00 -3.8374040e+00 +5.2100359e+00 +5.2100360e+00 +5.2100360e+00 +5.3374349e+00 +5.3374349e+00 +5.3374349e+00 +5.4307497e+00 +5.4307497e+00 
-1.6844400e+01 -1.6843881e+01 -1.6843881e+01 -1.6843881e+01 -1.6818085e+01 -1.6818085e+01 -1.6818085e+01 -1.6817580e+01 -1.6817580e+01 -1.6816471e+01 -1.6816471e+01 -1.6816471e+01 -1.6597013e+01 -1.6597013e+01 -1.6597013e+01 -1.6596348e+01 -1.6596348e+01 -1.6594973e+01 -1.6594973e+01 -1.6594973e+01 -8.2588318e+00 -8.2005342e+00 -8.2005342e+00 -8.2005342e+00 -4.0130440e+00 -4.0130440e+00 -4.0130440e+00 -3.9463395e+00 +5.3190099e+00 +5.3190099e+00 +5.3190099e+00 +5.3766761e+00 +5.3766761e+00 +5.3766761e+00 +5.4183711e+00 +5.4183712e+00 
-1.6844596e+01 -1.6844461e+01 -1.6844461e+01 -1.6844461e+01 -1.6817973e+01 -1.6817973e+01 -1.6817973e+01 -1.6817842e+01 -1.6817842e+01 -1.6817565e+01 -1.6817565e+01 -1.6817565e+01 -1.6595551e+01 -1.6595551e+01 -1.6595551e+01 -1.6595384e+01 -1.6595384e+01 -1.6595039e+01 -1.6595039e+01 -1.6595039e+01 -8.2164028e+00 -8.2016036e+00 -8.2016036e+00 -8.2016036e+00 -4.0303264e+00 -4.0303264e+00 -4.0303264e+00 -4.0134283e+00 +5.3858875e+00 +5.3858875e+00 +5.3858875e+00 +5.4004659e+00 +5.4004659e+00 +5.4004659e+00 +5.4109232e+00 +5.4109232e+00 
-1.6844661e+01 -1.6844661e+01 -1.6844661e+01 -1.6844661e+01 -1.6817930e+01 -1.6817930e+01 -1.6817930e+01 -1.6817930e+01 -1.6817930e+01 -1.6817930e+01 -1.6817930e+01 -1.6817930e+01 -1.6595061e+01 -1.6595061e+01 -1.6595061e+01 -1.6595061e+01 -1.6595061e+01 -1.6595061e+01 -1.6595061e+01 -1.6595061e+01 -8.2019492e+00 -8.2019492e+00 -8.2019492e+00 -8.2019492e+00 -4.0361015e+00 -4.0361015e+00 -4.0361015e+00 -4.0361015e+00 +5.4084371e+00 +5.4084371e+00 +5.4084371e+00 +5.4084371e+00 +5.4084371e+00 +5.4084371e+00 +5.4084371e+00 +5.4084371e+00 
-1.6844545e+01 -1.6844545e+01 -1.6844444e+01 -1.6844444e+01 -1.6817979e+01 -1.6817979e+01 -1.6817904e+01 -1.6817904e+01 -1.6817725e+01 -1.6817725e+01 -1.6817541e+01 -1.6817541e+01 -1.6595561e+01 -1.6595561e+01 -1.6595459e+01 -1.6595459e+01 -1.6595141e+01 -1.6595141e+01 -1.6595110e+01 -1.6595110e+01 -8.2108811e+00 -8.2108811e+00 -8.1997425e+00 -8.1997425e+00 -4.0324387e+00 -4.0324387e+00 -4.0197254e+00 -4.0197254e+00 +5.3802265e+00 +5.3802265e+00 +5.4016383e+00 +5.4016383e+00 +5.4040190e+00 +5.4040190e+00 +5.4044892e+00 +5.4044892e+00 
-1.6844207e+01 -1.6844207e+01 -1.6843803e+01 -1.6843803e+01 -1.6818123e+01 -1.6818123e+01 -1.6817820e+01 -1.6817820e+01 -1.6817111e+01 -1.6817111e+01 -1.6816364e+01 -1.6816364e+01 -1.6597051e+01 -1.6597051e+01 -1.6596650e+01 -1.6596650e+01 -1.6595381e+01 -1.6595381e+01 -1.6595254e+01 -1.6595254e+01 -8.2372214e+00 -8.2372214e+00 -8.1931181e+00 -8.1931181e+00 -4.0214549e+00 -4.0214549e+00 -3.9710694e+00 -3.9710694e+00 +5.2967563e+00 +5.2967563e+00 +5.3811895e+00 +5.3811895e+00 +5.3908633e+00 +5.3908633e+00 +5.3927079e+00 +5.3927079e+00 
-1.6843673e+01 -1.6843673e+01 -1.6842773e+01 -1.6842773e+01 -1.6818362e+01 -1.6818362e+01 -1.6817658e+01 -1.6817658e+01 -1.6816091e+01 -1.6816091e+01 -1.6814370e+01 -1.6814370e+01 -1.6599509e+01 -1.6599509e+01 -1.6598622e+01 -1.6598622e+01 -1.6595781e+01 -1.6595781e+01 -1.6595492e+01 -1.6595492e+01 -8.2796833e+00 -8.2796833e+00 -8.1820639e+00 -8.1820639e+00 -4.0031636e+00 -4.0031636e+00 -3.8914724e+00 -3.8914724e+00 +5.1613624e+00 +5.1613624e+00 +5.3469386e+00 +5.3469386e+00 +5.3692610e+00 +5.3692610e+00 +5.3732780e+00 +5.3732780e+00 
-1.6842993e+01 -1.6842993e+01 -1.6841403e+01 -1.6841403e+01 -1.6818689e+01 -1.6818689e+01 -1.6817386e+01 -1.6817386e+01 -1.6814670e+01 -1.6814670e+01 -1.6811520e+01 -1.6811520e+01 -1.6602898e+01 -1.6602898e+01 -1.6601359e+01 -1.6601359e+01 -1.6596340e+01 -1.6596340e+01 -1.6595818e+01 -1.6595818e+01 -8.3363535e+00 -8.3363535e+00 -8.1665637e+00 -8.1665637e+00 -3.9775874e+00 -3.9775874e+00 -3.7829344e+00 -3.7829344e+00 +4.9791496e+00 +4.9791496e+00 +5.2986472e+00 +5.2986472e+00 +5.3396813e+00 +5.3396813e+00 +5.3465014e+00 +5.3465014e+00 
-1.6842235e+01 -1.6842235e+01 -1.6839748e+01 -1.6839748e+01 -1.6819100e+01 -1.6819100e+01 -1.6816955e+01 -1.6816955e+01 -1.6812855e+01 -1.6812855e+01 -1.6807779e+01 -1.6807779e+01 -1.6607165e+01 -1.6607165e+01 -1.6604836e+01 -1.6604836e+01 -1.6597060e+01 -1.6597060e+01 -1.6596228e+01 -1.6596228e+01 -8.4049560e+00 -8.4049560e+00 -8.1466023e+00 -8.1466023e+00 -3.9447574e+00 -3.9447574e+00 -3.6478534e+00 -3.6478534e+00 +4.7564221e+00 +4.7564221e+00 +5.2360132e+00 +5.2360132e+00 +5.3027499e+00 +5.3027499e+00 +5.3127887e+00 +5.3127887e+00 
-1.6841488e+01 -1.6841488e+01 -1.6837859e+01 -1.6837859e+01 -1.6819586e+01 -1.6819586e+01 -1.6816303e+01 -1.6816303e+01 -1.6810657e+01 -1.6810657e+01 -1.6803126e+01 -1.6803126e+01 -1.6612242e+01 -1.6612242e+01 -1.6609023e+01 -1.6609023e+01 -1.6597940e+01 -1.6597940e+01 -1.6596713e+01 -1.6596713e+01 -8.4831016e+00 -8.4831016e+00 -8.1221715e+00 -8.1221715e+00 -3.9047134e+00 -3.9047134e+00 -3.4887772e+00 -3.4887772e+00 +4.5000736e+00 +4.5000736e+00 +5.1587014e+00 +5.1587014e+00 +5.2592209e+00 +5.2592209e+00 +5.2726469e+00 +5.2726469e+00 
-1.6840855e+01 -1.6840855e+01 -1.6835778e+01 -1.6835778e+01 -1.6820138e+01 -1.6820138e+01 -1.6815363e+01 -1.6815363e+01 -1.6808087e+01 -1.6808087e+01 -1.6797565e+01 -1.6797565e+01 -1.6618046e+01 -1.6618046e+01 -1.6613884e+01 -1.6613884e+01 -1.6598980e+01 -1.6598980e+01 -1.6597262e+01 -1.6597262e+01 -8.5684776e+00 -8.5684776e+00 -8.0932761e+00 -8.0932761e+00 -3.8575038e+00 -3.8575038e+00 -3.3082148e+00 -3.3082148e+00 +4.2170398e+00 +4.2170398e+00 +5.0663814e+00 +5.0663814e+00 +5.2099455e+00 +5.2099455e+00 +5.2266662e+00 +5.2266662e+00 
-1.6840442e+01 -1.6840442e+01 -1.6833534e+01 -1.6833534e+01 -1.6820745e+01 -1.6820745e+01 -1.6814071e+01 -1.6814071e+01 -1.6805159e+01 -1.6805159e+01 -1.6791129e+01 -1.6791129e+01 -1.6624483e+01 -1.6624483e+01 -1.6619376e+01 -1.6619376e+01 -1.6600181e+01 -1.6600181e+01 -1.6597862e+01 -1.6597862e+01 -8.6589671e+00 -8.6589671e+00 -8.0599402e+00 -8.0599402e+00 -3.8031848e+00 -3.8031848e+00 -3.1085202e+00 -3.1085202e+00 +3.9138835e+00 +3.9138835e+00 +4.9587694e+00 +4.9587694e+00 +5.1558391e+00 +5.1558391e+00 +5.1755045e+00 +5.1755045e+00 
-1.6840336e+01 -1.6840336e+01 -1.6831145e+01 -1.6831145e+01 -1.6821394e+01 -1.6821394e+01 -1.6812389e+01 -1.6812389e+01 -1.6801888e+01 -1.6801888e+01 -1.6783878e+01 -1.6783878e+01 -1.6631441e+01 -1.6631441e+01 -1.6625453e+01 -1.6625453e+01 -1.6601542e+01 -1.6601542e+01 -1.6598496e+01 -1.6598496e+01 -8.7527053e+00 -8.7527053e+00 -8.0222125e+00 -8.0222125e+00 -3.7418210e+00 -3.7418210e+00 -2.8918392e+00 -2.8918392e+00 +3.5965303e+00 +3.5965303e+00 +4.8356746e+00 +4.8356746e+00 +5.0978488e+00 +5.0978488e+00 +5.1198718e+00 +5.1198718e+00 
-1.6840596e+01 -1.6840596e+01 -1.6828625e+01 -1.6828625e+01 -1.6822071e+01 -1.6822071e+01 -1.6810317e+01 -1.6810317e+01 -1.6798292e+01 -1.6798292e+01 -1.6775900e+01 -1.6775900e+01 -1.6638798e+01 -1.6638798e+01 -1.6632063e+01 -1.6632063e+01 -1.6603063e+01 -1.6603063e+01 -1.6599143e+01 -1.6599143e+01 -8.8480923e+00 -8.8480923e+00 -7.9801712e+00 -7.9801712e+00 -3.6734851e+00 -3.6734851e+00 -2.6601021e+00 -2.6601021e+00 +3.2701465e+00 +3.2701465e+00 +4.6970453e+00 +4.6970453e+00 +5.0369244e+00 +5.0369244e+00 +5.0605138e+00 +5.0605138e+00 
-1.6841251e+01 -1.6841251e+01 -1.6825982e+01 -1.6825982e+01 -1.6822758e+01 -1.6822758e+01 -1.6807894e+01 -1.6807894e+01 -1.6794392e+01 -1.6794392e+01 -1.6767305e+01 -1.6767305e+01 -1.6646418e+01 -1.6646418e+01 -1.6639151e+01 -1.6639151e+01 -1.6604745e+01 -1.6604745e+01 -1.6599777e+01 -1.6599777e+01 -8.9437800e+00 -8.9437800e+00 -7.9339286e+00 -7.9339286e+00 -3.5982585e+00 -3.5982585e+00 -2.4150446e+00 -2.4150446e+00 +2.9391234e+00 +2.9391234e+00 +4.5430117e+00 +4.5430117e+00 +4.9739914e+00 +4.9739914e+00 +4.9981965e+00 +4.9981965e+00 
-1.6842306e+01 -1.6842306e+01 -1.6823439e+01 -1.6823439e+01 -1.6823226e+01 -1.6823226e+01 -1.6805188e+01 -1.6805188e+01 -1.6790208e+01 -1.6790208e+01 -1.6758219e+01 -1.6758219e+01 -1.6654154e+01 -1.6654154e+01 -1.6646659e+01 -1.6646659e+01 -1.6606586e+01 -1.6606586e+01 -1.6600366e+01 -1.6600366e+01 -9.0386449e+00 -9.0386449e+00 -7.8836361e+00 -7.8836361e+00 -3.5162323e+00 -3.5162323e+00 -2.1582439e+00 -2.1582439e+00 +2.6071336e+00 +2.6071336e+00 +4.3739234e+00 +4.3739234e+00 +4.9099299e+00 +4.9099299e+00 +4.9336922e+00 +4.9336922e+00 
-1.6843752e+01 -1.6843752e+01 -1.6824093e+01 -1.6824093e+01 -1.6820367e+01 -1.6820367e+01 -1.6802291e+01 -1.6802291e+01 -1.6785765e+01 -1.6785765e+01 -1.6748787e+01 -1.6748787e+01 -1.6661850e+01 -1.6661850e+01 -1.6654526e+01 -1.6654526e+01 -1.6608587e+01 -1.6608587e+01 -1.6600869e+01 -1.6600869e+01 -9.1317575e+00 -9.1317575e+00 -7.8294886e+00 -7.8294886e+00 -3.4275084e+00 -3.4275084e+00 -1.8911630e+00 -1.8911630e+00 +2.2772256e+00 +2.2772256e+00 +4.1903771e+00 +4.1903771e+00 +4.8455567e+00 +4.8455567e+00 +4.8677665e+00 +4.8677665e+00 
-1.6845576e+01 -1.6845576e+01 -1.6824698e+01 -1.6824698e+01 -1.6817420e+01 -1.6817420e+01 -1.6799302e+01 -1.6799302e+01 -1.6781087e+01 -1.6781087e+01 -1.6739172e+01 -1.6739172e+01 -1.6669345e+01 -1.6669345e+01 -1.6662689e+01 -1.6662689e+01 -1.6610745e+01 -1.6610745e+01 -1.6601236e+01 -1.6601236e+01 -9.2223516e+00 -9.2223516e+00 -7.7717307e+00 -7.7717307e+00 -3.3322017e+00 -3.3322017e+00 -1.6151982e+00 -1.6151982e+00 +1.9519330e+00 +1.9519330e+00 +3.9932328e+00 +3.9932328e+00 +4.7816116e+00 +4.7816116e+00 +4.8011670e+00 +4.8011670e+00 
-1.6847765e+01 -1.6847765e+01 -1.6825230e+01 -1.6825230e+01 -1.6814401e+01 -1.6814401e+01 -1.6796325e+01 -1.6796325e+01 -1.6776202e+01 -1.6776202e+01 -1.6729548e+01 -1.6729548e+01 -1.6676473e+01 -1.6676473e+01 -1.6671083e+01 -1.6671083e+01 -1.6613060e+01 -1.6613060e+01 -1.6601404e+01 -1.6601404e+01 -9.3097964e+00 -9.3097964e+00 -7.7106631e+00 -7.7106631e+00 -3.2304444e+00 -3.2304444e+00 -1.3317286e+00 -1.3317286e+00 +1.6333817e+00 +1.6333817e+00 +3.7836167e+00 +3.7836167e+00 +4.7187479e+00 +4.7187479e+00 +4.7346142e+00 +4.7346142e+00 
-1.6850299e+01 -1.6850299e+01 -1.6825667e+01 -1.6825667e+01 -1.6811328e+01 -1.6811328e+01 -1.6793463e+01 -1.6793463e+01 -1.6771139e+01 -1.6771139e+01 -1.6720105e+01 -1.6720105e+01 -1.6683076e+01 -1.6683076e+01 -1.6679643e+01 -1.6679643e+01 -1.6615529e+01 -1.6615529e+01 -1.6601301e+01 -1.6601301e+01 -9.3935726e+00 -9.3935726e+00 -7.6466498e+00 -7.6466498e+00 -3.1223905e+00 -3.1223905e+00 -1.0421675e+00 -1.0421675e+00 +1.3233891e+00 +1.3233891e+00 +3.5629106e+00 +3.5629106e+00 +4.6575251e+00 +4.6575251e+00 +4.6687941e+00 +4.6687941e+00 
-1.6853154e+01 -1.6853154e+01 -1.6825980e+01 -1.6825980e+01 -1.6808224e+01 -1.6808224e+01 -1.6790818e+01 -1.6790818e+01 -1.6765927e+01 -1.6765927e+01 -1.6711046e+01 -1.6711046e+01 -1.6689007e+01 -1.6689007e+01 -1.6688305e+01 -1.6688305e+01 -1.6618149e+01 -1.6618149e+01 -1.6600840e+01 -1.6600840e+01 -9.4732523e+00 -9.4732523e+00 -7.5801272e+00 -7.5801272e+00 -3.0082242e+00 -3.0082242e+00 -7.4801772e-01 -7.4801772e-01 +1.0235486e+00 +1.0235486e+00 +3.3327301e+00 +3.3327301e+00 +4.5984050e+00 +4.5984050e+00 +4.6043525e+00 +4.6043525e+00 
-1.6856294e+01 -1.6856294e+01 -1.6826143e+01 -1.6826143e+01 -1.6805114e+01 -1.6805114e+01 -1.6788480e+01 -1.6788480e+01 -1.6760598e+01 -1.6760598e+01 -1.6702574e+01 -1.6702574e+01 -1.6697002e+01 -1.6697002e+01 -1.6694141e+01 -1.6694141e+01 -1.6620914e+01 -1.6620914e+01 -1.6599932e+01 -1.6599932e+01 -9.5484823e+00 -9.5484823e+00 -7.5116139e+00 -7.5116139e+00 -2.8881712e+00 -2.8881712e+00 -4.5092976e-01 -4.5092976e-01 +7.3530243e-01 +7.3530243e-01 +3.0948942e+00 +3.0948942e+00 +4.5417490e+00 +4.5417490e+00 +4.5418911e+00 +4.5418911e+00 
-1.6859670e+01 -1.6859670e+01 -1.6826129e+01 -1.6826129e+01 -1.6802025e+01 -1.6802025e+01 -1.6786519e+01 -1.6786519e+01 -1.6755187e+01 -1.6755187e+01 -1.6705669e+01 -1.6705669e+01 -1.6698393e+01 -1.6698393e+01 -1.6694887e+01 -1.6694887e+01 -1.6623819e+01 -1.6623819e+01 -1.6598490e+01 -1.6598490e+01 -9.6189703e+00 -9.6189703e+00 -7.4417204e+00 -7.4417204e+00 -2.7625157e+00 -2.7625157e+00 -1.5276601e-01 -1.5276601e-01 +4.6000146e-01 +4.6000146e-01 +2.8513919e+00 +2.8513919e+00 +4.4819651e+00 +4.4819651e+00 +4.4878189e+00 +4.4878189e+00 
-1.6863218e+01 -1.6863218e+01 -1.6825913e+01 -1.6825913e+01 -1.6798986e+01 -1.6798986e+01 -1.6784980e+01 -1.6784980e+01 -1.6749729e+01 -1.6749729e+01 -1.6714243e+01 -1.6714243e+01 -1.6701726e+01 -1.6701726e+01 -1.6688148e+01 -1.6688148e+01 -1.6626853e+01 -1.6626853e+01 -1.6596453e+01 -1.6596453e+01 -9.6844745e+00 -9.6844745e+00 -7.3711601e+00 -7.3711601e+00 -2.6316254e+00 -2.6316254e+00 +1.4433094e-01 +1.4433094e-01 +1.9895413e-01 +1.9895413e-01 +2.6043526e+00 +2.6043526e+00 +4.4250815e+00 +4.4250815e+00 +4.4367792e+00 +4.4367792e+00 
-1.6866859e+01 -1.6866859e+01 -1.6825469e+01 -1.6825469e+01 -1.6796031e+01 -1.6796031e+01 -1.6783868e+01 -1.6783868e+01 -1.6744263e+01 -1.6744263e+01 -1.6722660e+01 -1.6722660e+01 -1.6704161e+01 -1.6704161e+01 -1.6682467e+01 -1.6682467e+01 -1.6630005e+01 -1.6630005e+01 -1.6593811e+01 -1.6593811e+01 -9.7447945e+00 -9.7447945e+00 -7.3007585e+00 -7.3007585e+00 -2.4959888e+00 -2.4959888e+00 -4.6534002e-02 -4.6534002e-02 +4.3786680e-01 +4.3786680e-01 +2.3560286e+00 +2.3560286e+00 +4.3716995e+00 +4.3716995e+00 +4.3887051e+00 +4.3887051e+00 
-1.6870504e+01 -1.6870504e+01 -1.6824777e+01 -1.6824777e+01 -1.6793193e+01 -1.6793193e+01 -1.6783155e+01 -1.6783155e+01 -1.6738834e+01 -1.6738834e+01 -1.6730854e+01 -1.6730854e+01 -1.6705774e+01 -1.6705774e+01 -1.6677876e+01 -1.6677876e+01 -1.6633255e+01 -1.6633255e+01 -1.6590623e+01 -1.6590623e+01 -9.7997643e+00 -9.7997643e+00 -7.2314598e+00 -7.2314598e+00 -2.3562719e+00 -2.3562719e+00 -2.7513051e-01 -2.7513051e-01 +7.2492528e-01 +7.2492528e-01 +2.1088002e+00 +2.1088002e+00 +4.3222305e+00 +4.3222305e+00 +4.3435964e+00 +4.3435964e+00 
-1.6874059e+01 -1.6874059e+01 -1.6823821e+01 -1.6823821e+01 -1.6790510e+01 -1.6790510e+01 -1.6782777e+01 -1.6782777e+01 -1.6738762e+01 -1.6738762e+01 -1.6733489e+01 -1.6733489e+01 -1.6706689e+01 -1.6706689e+01 -1.6674324e+01 -1.6674324e+01 -1.6636579e+01 -1.6636579e+01 -1.6587019e+01 -1.6587019e+01 -9.8492468e+00 -9.8492468e+00 -7.1643292e+00 -7.1643292e+00 -2.2134039e+00 -2.2134039e+00 -4.8545644e-01 -4.8545644e-01 +1.0021054e+00 +1.0021054e+00 +1.8652180e+00 +1.8652180e+00 +4.2770393e+00 +4.2770393e+00 +4.3014032e+00 +4.3014032e+00 
-1.6877428e+01 -1.6877428e+01 -1.6822594e+01 -1.6822594e+01 -1.6788017e+01 -1.6788017e+01 -1.6782658e+01 -1.6782658e+01 -1.6746315e+01 -1.6746315e+01 -1.6728287e+01 -1.6728287e+01 -1.6707054e+01 -1.6707054e+01 -1.6671691e+01 -1.6671691e+01 -1.6639941e+01 -1.6639941e+01 -1.6583191e+01 -1.6583191e+01 -9.8931294e+00 -9.8931294e+00 -7.1005458e+00 -7.1005458e+00 -2.0687113e+00 -2.0687113e+00 -6.7607886e-01 -6.7607886e-01 +1.2654760e+00 +1.2654760e+00 +1.6281002e+00 +1.6281002e+00 +4.2364459e+00 +4.2364459e+00 +4.2620693e+00 +4.2620693e+00 
-1.6880524e+01 -1.6880524e+01 -1.6821103e+01 -1.6821103e+01 -1.6785755e+01 -1.6785755e+01 -1.6782714e+01 -1.6782714e+01 -1.6753436e+01 -1.6753436e+01 -1.6723299e+01 -1.6723299e+01 -1.6707025e+01 -1.6707025e+01 -1.6669821e+01 -1.6669821e+01 -1.6643290e+01 -1.6643290e+01 -1.6579353e+01 -1.6579353e+01 -9.9313204e+00 -9.9313204e+00 -7.0413851e+00 -7.0413851e+00 -1.9241257e+00 -1.9241257e+00 -8.4551826e-01 -8.4551826e-01 +1.4007151e+00 +1.4007151e+00 +1.5105581e+00 +1.5105581e+00 +4.2007271e+00 +4.2007271e+00 +4.2256004e+00 +4.2256004e+00 
-1.6883267e+01 -1.6883267e+01 -1.6819378e+01 -1.6819378e+01 -1.6783759e+01 -1.6783759e+01 -1.6782871e+01 -1.6782871e+01 -1.6760035e+01 -1.6760035e+01 -1.6718617e+01 -1.6718617e+01 -1.6706750e+01 -1.6706750e+01 -1.6668550e+01 -1.6668550e+01 -1.6646553e+01 -1.6646553e+01 -1.6575722e+01 -1.6575722e+01 -9.9637459e+00 -9.9637459e+00 -6.9881850e+00 -6.9881850e+00 -1.7825037e+00 -1.7825037e+00 -9.9227396e-01 -9.9227396e-01 +1.1870834e+00 +1.1870834e+00 +1.7323490e+00 +1.7323490e+00 +4.1701178e+00 +4.1701178e+00 +4.1921632e+00 +4.1921632e+00 
-1.6885593e+01 -1.6885593e+01 -1.6817482e+01 -1.6817482e+01 -1.6783070e+01 -1.6783070e+01 -1.6782068e+01 -1.6782068e+01 -1.6765994e+01 -1.6765994e+01 -1.6714360e+01 -1.6714360e+01 -1.6706356e+01 -1.6706356e+01 -1.6667724e+01 -1.6667724e+01 -1.6649627e+01 -1.6649627e+01 -1.6572490e+01 -1.6572490e+01 -9.9903477e+00 -9.9903477e+00 -6.9422933e+00 -6.9422933e+00 -1.6480978e+00 -1.6480978e+00 -1.1148699e+00 -1.1148699e+00 +9.9244012e-01 +9.9244012e-01 +1.9254062e+00 +1.9254062e+00 +4.1448138e+00 +4.1448138e+00 +4.1622100e+00 +4.1622100e+00 
-1.6887449e+01 -1.6887449e+01 -1.6815537e+01 -1.6815537e+01 -1.6783265e+01 -1.6783265e+01 -1.6780713e+01 -1.6780713e+01 -1.6771147e+01 -1.6771147e+01 -1.6710688e+01 -1.6710688e+01 -1.6705947e+01 -1.6705947e+01 -1.6667215e+01 -1.6667215e+01 -1.6652364e+01 -1.6652364e+01 -1.6569814e+01 -1.6569814e+01 -1.0011081e+01 -1.0011081e+01 -6.9049971e+00 -6.9049971e+00 -1.5271555e+00 -1.5271555e+00 -1.2119205e+00 -1.2119205e+00 +8.2383073e-01 +8.2383073e-01 +2.0840255e+00 +2.0840255e+00 +4.1249725e+00 +4.1249725e+00 +4.1365944e+00 +4.1365944e+00 
-1.6888800e+01 -1.6888800e+01 -1.6813753e+01 -1.6813753e+01 -1.6783424e+01 -1.6783424e+01 -1.6779724e+01 -1.6779724e+01 -1.6775249e+01 -1.6775249e+01 -1.6707805e+01 -1.6707805e+01 -1.6705600e+01 -1.6705600e+01 -1.6666923e+01 -1.6666923e+01 -1.6654572e+01 -1.6654572e+01 -1.6567818e+01 -1.6567818e+01 -1.0025913e+01 -1.0025913e+01 -6.8774359e+00 -6.8774359e+00 -1.4283828e+00 -1.4283828e+00 -1.2822130e+00 -1.2822130e+00 +6.9057613e-01 +6.9057613e-01 +2.2025784e+00 +2.2025784e+00 +4.1107149e+00 +4.1107149e+00 +4.1165943e+00 +4.1165943e+00 
-1.6889620e+01 -1.6889620e+01 -1.6812443e+01 -1.6812443e+01 -1.6783526e+01 -1.6783526e+01 -1.6779121e+01 -1.6779121e+01 -1.6777959e+01 -1.6777959e+01 -1.6705939e+01 -1.6705939e+01 -1.6705370e+01 -1.6705370e+01 -1.6666776e+01 -1.6666776e+01 -1.6656029e+01 -1.6656029e+01 -1.6566587e+01 -1.6566587e+01 -1.0034820e+01 -1.0034820e+01 -6.8605112e+00 -6.8605112e+00 -1.3624255e+00 -1.3624255e+00 -1.3247961e+00 -1.3247961e+00 +6.0375703e-01 +6.0375703e-01 +2.2760853e+00 +2.2760853e+00 +4.1021263e+00 +4.1021263e+00 +4.1037202e+00 +4.1037202e+00 
-1.6889894e+01 -1.6889894e+01 -1.6811952e+01 -1.6811952e+01 -1.6783562e+01 -1.6783562e+01 -1.6778918e+01 -1.6778918e+01 -1.6778918e+01 -1.6778918e+01 -1.6705290e+01 -1.6705290e+01 -1.6705290e+01 -1.6705290e+01 -1.6666731e+01 -1.6666731e+01 -1.6656541e+01 -1.6656541e+01 -1.6566171e+01 -1.6566171e+01 -1.0037791e+01 -1.0037791e+01 -6.8548028e+00 -6.8548028e+00 -1.3390605e+00 -1.3390605e+00 -1.3390605e+00 -1.3390605e+00 +5.7340944e-01 +5.7340944e-01 +2.3010175e+00 +2.3010175e+00 +4.0992578e+00 +4.0992578e+00 +4.0992578e+00 +4.0992578e+00 
-1.6823082e+01 -1.6823082e+01 -1.6823082e+01 -1.6823082e+01 -1.6788582e+01 -1.6788582e+01 -1.6788582e+01 -1.6788582e+01 -1.6722584e+01 -1.6722584e+01 -1.6722584e+01 -1.6722584e+01 -1.6694382e+01 -1.6694382e+01 -1.6694382e+01 -1.6694382e+01 -1.6651418e+01 -1.6651418e+01 -1.6651418e+01 -1.6651418e+01 -8.7112568e+00 -8.7112568e+00 -8.7112568e+00 -8.7112568e+00 -1.0125883e+00 -1.0125883e+00 -1.0125883e+00 -1.0125883e+00 +5.7662102e-01 +5.7662102e-01 +5.7662102e-01 +5.7662102e-01 +5.3413762e+00 +5.3413762e+00 +5.3413762e+00 +5.3413762e+00 
-1.6823098e+01 -1.6823098e+01 -1.6823098e+01 -1.6823098e+01 -1.6788954e+01 -1.6788954e+01 -1.6788954e+01 -1.6788954e+01 -1.6724631e+01 -1.6724631e+01 -1.6724631e+01 -1.6724631e+01 -1.6692316e+01 -1.6692316e+01 -1.6692316e+01 -1.6692316e+01 -1.6651011e+01 -1.6651011e+01 -1.6651011e+01 -1.6651011e+01 -8.7091812e+00 -8.7091812e+00 -8.7091812e+00 -8.7091812e+00 -1.0599235e+00 -1.0599235e+00 -1.0599235e+00 -1.0599235e+00 +6.3155092e-01 +6.3155092e-01 +6.3155092e-01 +6.3155092e-01 +5.3417120e+00 +5.3417120e+00 +5.3417120e+00 +5.3417120e+00 
-1.6823150e+01 -1.6823150e+01 -1.6823150e+01 -1.6823150e+01 -1.6790046e+01 -1.6790046e+01 -1.6790046e+01 -1.6790046e+01 -1.6729573e+01 -1.6729573e+01 -1.6729573e+01 -1.6729573e+01 -1.6687314e+01 -1.6687314e+01 -1.6687314e+01 -1.6687314e+01 -1.6649812e+01 -1.6649812e+01 -1.6649812e+01 -1.6649812e+01 -8.7029745e+00 -8.7029745e+00 -8.7029745e+00 -8.7029745e+00 -1.1858686e+00 -1.1858686e+00 -1.1858686e+00 -1.1858686e+00 +7.8020239e-01 +7.8020239e-01 +7.8020239e-01 +7.8020239e-01 +5.3427130e+00 +5.3427130e+00 +5.3427130e+00 +5.3427130e+00 
-1.6823243e+01 -1.6823243e+01 -1.6823243e+01 -1.6823243e+01 -1.6791787e+01 -1.6791787e+01 -1.6791787e+01 -1.6791787e+01 -1.6735803e+01 -1.6735803e+01 -1.6735803e+01 -1.6735803e+01 -1.6680986e+01 -1.6680986e+01 -1.6680986e+01 -1.6680986e+01 -1.6647884e+01 -1.6647884e+01 -1.6647884e+01 -1.6647884e+01 -8.6926977e+00 -8.6926977e+00 -8.6926977e+00 -8.6926977e+00 -1.3600560e+00 -1.3600560e+00 -1.3600560e+00 -1.3600560e+00 +9.9197236e-01 +9.9197236e-01 +9.9197236e-01 +9.9197236e-01 +5.3443596e+00 +5.3443596e+00 +5.3443596e+00 +5.3443596e+00 
-1.6823388e+01 -1.6823388e+01 -1.6823388e+01 -1.6823388e+01 -1.6794075e+01 -1.6794075e+01 -1.6794075e+01 -1.6794075e+01 -1.6742521e+01 -1.6742521e+01 -1.6742521e+01 -1.6742521e+01 -1.6674134e+01 -1.6674134e+01 -1.6674134e+01 -1.6674134e+01 -1.6645322e+01 -1.6645322e+01 -1.6645322e+01 -1.6645322e+01 -8.6784540e+00 -8.6784540e+00 -8.6784540e+00 -8.6784540e+00 -1.5588509e+00 -1.5588509e+00 -1.5588509e+00 -1.5588509e+00 +1.2428264e+00 +1.2428264e+00 +1.2428264e+00 +1.2428264e+00 +5.3466199e+00 +5.3466199e+00 +5.3466199e+00 +5.3466199e+00 
-1.6823600e+01 -1.6823600e+01 -1.6823600e+01 -1.6823600e+01 -1.6796778e+01 -1.6796778e+01 -1.6796778e+01 -1.6796778e+01 -1.6749375e+01 -1.6749375e+01 -1.6749375e+01 -1.6749375e+01 -1.6667112e+01 -1.6667112e+01 -1.6667112e+01 -1.6667112e+01 -1.6642239e+01 -1.6642239e+01 -1.6642239e+01 -1.6642239e+01 -8.6603909e+00 -8.6603909e+00 -8.6603909e+00 -8.6603909e+00 -1.7682269e+00 -1.7682269e+00 -1.7682269e+00 -1.7682269e+00 +1.5181636e+00 +1.5181636e+00 +1.5181636e+00 +1.5181636e+00 +5.3494499e+00 +5.3494499e+00 +5.3494499e+00 +5.3494499e+00 
-1.6823907e+01 -1.6823907e+01 -1.6823907e+01 -1.6823907e+01 -1.6799752e+01 -1.6799752e+01 -1.6799752e+01 -1.6799752e+01 -1.6756190e+01 -1.6756190e+01 -1.6756190e+01 -1.6756190e+01 -1.6660098e+01 -1.6660098e+01 -1.6660098e+01 -1.6660098e+01 -1.6638754e+01 -1.6638754e+01 -1.6638754e+01 -1.6638754e+01 -8.6387039e+00 -8.6387039e+00 -8.6387039e+00 -8.6387039e+00 -1.9802832e+00 -1.9802832e+00 -1.9802832e+00 -1.9802832e+00 +1.8093197e+00 +1.8093197e+00 +1.8093197e+00 +1.8093197e+00 +5.3527940e+00 +5.3527940e+00 +5.3527940e+00 +5.3527940e+00 
-1.6824347e+01 -1.6824347e+01 -1.6824347e+01 -1.6824347e+01 -1.6802842e+01 -1.6802842e+01 -1.6802842e+01 -1.6802842e+01 -1.6762862e+01 -1.6762862e+01 -1.6762862e+01 -1.6762862e+01 -1.6653200e+01 -1.6653200e+01 -1.6653200e+01 -1.6653200e+01 -1.6634983e+01 -1.6634983e+01 -1.6634983e+01 -1.6634983e+01 -8.6136402e+00 -8.6136402e+00 -8.6136402e+00 -8.6136402e+00 -2.1904114e+00 -2.1904114e+00 -2.1904114e+00 -2.1904114e+00 +2.1107162e+00 +2.1107162e+00 +2.1107162e+00 +2.1107162e+00 +5.3565865e+00 +5.3565865e+00 +5.3565865e+00 +5.3565865e+00 
-1.6824976e+01 -1.6824976e+01 -1.6824976e+01 -1.6824976e+01 -1.6805883e+01 -1.6805883e+01 -1.6805883e+01 -1.6805883e+01 -1.6769322e+01 -1.6769322e+01 -1.6769322e+01 -1.6769322e+01 -1.6646493e+01 -1.6646493e+01 -1.6646493e+01 -1.6646493e+01 -1.6631037e+01 -1.6631037e+01 -1.6631037e+01 -1.6631037e+01 -8.5855038e+00 -8.5855038e+00 -8.5855038e+00 -8.5855038e+00 -2.3957323e+00 -2.3957323e+00 -2.3957323e+00 -2.3957323e+00 +2.4182774e+00 +2.4182774e+00 +2.4182774e+00 +2.4182774e+00 +5.3607526e+00 +5.3607526e+00 +5.3607526e+00 +5.3607526e+00 
-1.6825866e+01 -1.6825866e+01 -1.6825866e+01 -1.6825866e+01 -1.6808706e+01 -1.6808706e+01 -1.6808706e+01 -1.6808706e+01 -1.6775514e+01 -1.6775514e+01 -1.6775514e+01 -1.6775514e+01 -1.6640036e+01 -1.6640036e+01 -1.6640036e+01 -1.6640036e+01 -1.6627014e+01 -1.6627014e+01 -1.6627014e+01 -1.6627014e+01 -8.5546615e+00 -8.5546615e+00 -8.5546615e+00 -8.5546615e+00 -2.5942879e+00 -2.5942879e+00 -2.5942879e+00 -2.5942879e+00 +2.7286019e+00 +2.7286019e+00 +2.7286019e+00 +2.7286019e+00 +5.3652093e+00 +5.3652093e+00 +5.3652093e+00 +5.3652093e+00 
-1.6827089e+01 -1.6827089e+01 -1.6827089e+01 -1.6827089e+01 -1.6811155e+01 -1.6811155e+01 -1.6811155e+01 -1.6811155e+01 -1.6781396e+01 -1.6781396e+01 -1.6781396e+01 -1.6781396e+01 -1.6633878e+01 -1.6633878e+01 -1.6633878e+01 -1.6633878e+01 -1.6623001e+01 -1.6623001e+01 -1.6623001e+01 -1.6623001e+01 -8.5215488e+00 -8.5215488e+00 -8.5215488e+00 -8.5215488e+00 -2.7846160e+00 -2.7846160e+00 -2.7846160e+00 -2.7846160e+00 +3.0385184e+00 +3.0385184e+00 +3.0385184e+00 +3.0385184e+00 +5.3698675e+00 +5.3698675e+00 +5.3698675e+00 +5.3698675e+00 
-1.6828680e+01 -1.6828680e+01 -1.6828680e+01 -1.6828680e+01 -1.6813124e+01 -1.6813124e+01 -1.6813124e+01 -1.6813124e+01 -1.6786931e+01 -1.6786931e+01 -1.6786931e+01 -1.6786931e+01 -1.6628061e+01 -1.6628061e+01 -1.6628061e+01 -1.6628061e+01 -1.6619075e+01 -1.6619075e+01 -1.6619075e+01 -1.6619075e+01 -8.4866763e+00 -8.4866763e+00 -8.4866763e+00 -8.4866763e+00 -2.9655161e+00 -2.9655161e+00 -2.9655161e+00 -2.9655161e+00 +3.3448369e+00 +3.3448369e+00 +3.3448369e+00 +3.3448369e+00 +5.3746334e+00 +5.3746334e+00 +5.3746334e+00 +5.3746334e+00 
-1.6830590e+01 -1.6830590e+01 -1.6830590e+01 -1.6830590e+01 -1.6814600e+01 -1.6814600e+01 -1.6814600e+01 -1.6814600e+01 -1.6792085e+01 -1.6792085e+01 -1.6792085e+01 -1.6792085e+01 -1.6622623e+01 -1.6622623e+01 -1.6622623e+01 -1.6622623e+01 -1.6615302e+01 -1.6615302e+01 -1.6615302e+01 -1.6615302e+01 -8.4506349e+00 -8.4506349e+00 -8.4506349e+00 -8.4506349e+00 -3.1359147e+00 -3.1359147e+00 -3.1359147e+00 -3.1359147e+00 +3.6442094e+00 +3.6442094e+00 +3.6442094e+00 +3.6442094e+00 +5.3794104e+00 +5.3794104e+00 +5.3794104e+00 +5.3794104e+00 
-1.6832701e+01 -1.6832701e+01 -1.6832701e+01 -1.6832701e+01 -1.6815652e+01 -1.6815652e+01 -1.6815652e+01 -1.6815652e+01 -1.6796831e+01 -1.6796831e+01 -1.6796831e+01 -1.6796831e+01 -1.6617599e+01 -1.6617599e+01 -1.6617599e+01 -1.6617599e+01 -1.6611739e+01 -1.6611739e+01 -1.6611739e+01 -1.6611739e+01 -8.4140992e+00 -8.4140992e+00 -8.4140992e+00 -8.4140992e+00 -3.2947858e+00 -3.2947858e+00 -3.2947858e+00 -3.2947858e+00 +3.9330576e+00 +3.9330576e+00 +3.9330576e+00 +3.9330576e+00 +5.3841009e+00 +5.3841009e+00 +5.3841009e+00 +5.3841009e+00 
-1.6834867e+01 -1.6834867e+01 -1.6834867e+01 -1.6834867e+01 -1.6816386e+01 -1.6816386e+01 -1.6816386e+01 -1.6816386e+01 -1.6801143e+01 -1.6801143e+01 -1.6801143e+01 -1.6801143e+01 -1.6613020e+01 -1.6613020e+01 -1.6613020e+01 -1.6613020e+01 -1.6608435e+01 -1.6608435e+01 -1.6608435e+01 -1.6608435e+01 -8.3778273e+00 -8.3778273e+00 -8.3778273e+00 -8.3778273e+00 -3.4411046e+00 -3.4411046e+00 -3.4411046e+00 -3.4411046e+00 +4.2075544e+00 +4.2075544e+00 +4.2075544e+00 +4.2075544e+00 +5.3886085e+00 +5.3886085e+00 +5.3886085e+00 +5.3886085e+00 
-1.6836964e+01 -1.6836964e+01 -1.6836964e+01 -1.6836964e+01 -1.6816896e+01 -1.6816896e+01 -1.6816896e+01 -1.6816896e+01 -1.6805000e+01 -1.6805000e+01 -1.6805000e+01 -1.6805000e+01 -1.6608914e+01 -1.6608914e+01 -1.6608914e+01 -1.6608914e+01 -1.6605430e+01 -1.6605430e+01 -1.6605430e+01 -1.6605430e+01 -8.3426545e+00 -8.3426545e+00 -8.3426545e+00 -8.3426545e+00 -3.5738253e+00 -3.5738253e+00 -3.5738253e+00 -3.5738253e+00 +4.4636526e+00 +4.4636526e+00 +4.4636526e+00 +4.4636526e+00 +5.3928400e+00 +5.3928400e+00 +5.3928400e+00 +5.3928400e+00 
-1.6838897e+01 -1.6838897e+01 -1.6838897e+01 -1.6838897e+01 -1.6817252e+01 -1.6817252e+01 -1.6817252e+01 -1.6817252e+01 -1.6808381e+01 -1.6808381e+01 -1.6808381e+01 -1.6808381e+01 -1.6605304e+01 -1.6605304e+01 -1.6605304e+01 -1.6605304e+01 -1.6602761e+01 -1.6602761e+01 -1.6602761e+01 -1.6602761e+01 -8.3094793e+00 -8.3094793e+00 -8.3094793e+00 -8.3094793e+00 -3.6918776e+00 -3.6918776e+00 -3.6918776e+00 -3.6918776e+00 +4.6971596e+00 +4.6971596e+00 +4.6971596e+00 +4.6971596e+00 +5.3967071e+00 +5.3967071e+00 +5.3967071e+00 +5.3967071e+00 
-1.6840603e+01 -1.6840603e+01 -1.6840603e+01 -1.6840603e+01 -1.6817501e+01 -1.6817501e+01 -1.6817501e+01 -1.6817501e+01 -1.6811269e+01 -1.6811269e+01 -1.6811269e+01 -1.6811269e+01 -1.6602213e+01 -1.6602213e+01 -1.6602213e+01 -1.6602213e+01 -1.6600455e+01 -1.6600455e+01 -1.6600455e+01 -1.6600455e+01 -8.2792383e+00 -8.2792383e+00 -8.2792383e+00 -8.2792383e+00 -3.7941819e+00 -3.7941819e+00 -3.7941819e+00 -3.7941819e+00 +4.9038591e+00 +4.9038591e+00 +4.9038591e+00 +4.9038591e+00 +5.4001290e+00 +5.4001290e+00 +5.4001290e+00 +5.4001290e+00 
-1.6842038e+01 -1.6842038e+01 -1.6842038e+01 -1.6842038e+01 -1.6817676e+01 -1.6817676e+01 -1.6817676e+01 -1.6817676e+01 -1.6813652e+01 -1.6813652e+01 -1.6813652e+01 -1.6813652e+01 -1.6599659e+01 -1.6599659e+01 -1.6599659e+01 -1.6599659e+01 -1.6598538e+01 -1.6598538e+01 -1.6598538e+01 -1.6598538e+01 -8.2528691e+00 -8.2528691e+00 -8.2528691e+00 -8.2528691e+00 -3.8796804e+00 -3.8796804e+00 -3.8796804e+00 -3.8796804e+00 +5.0796727e+00 +5.0796727e+00 +5.0796727e+00 +5.0796727e+00 +5.4030336e+00 +5.4030336e+00 +5.4030336e+00 +5.4030336e+00 
-1.6843176e+01 -1.6843176e+01 -1.6843176e+01 -1.6843176e+01 -1.6817795e+01 -1.6817795e+01 -1.6817795e+01 -1.6817795e+01 -1.6815517e+01 -1.6815517e+01 -1.6815517e+01 -1.6815517e+01 -1.6597656e+01 -1.6597656e+01 -1.6597656e+01 -1.6597656e+01 -1.6597028e+01 -1.6597028e+01 -1.6597028e+01 -1.6597028e+01 -8.2312612e+00 -8.2312612e+00 -8.2312612e+00 -8.2312612e+00 -3.9473841e+00 -3.9473841e+00 -3.9473841e+00 -3.9473841e+00 +5.2208547e+00 +5.2208547e+00 +5.2208547e+00 +5.2208547e+00 +5.4053593e+00 +5.4053593e+00 +5.4053593e+00 +5.4053593e+00 
-1.6843998e+01 -1.6843998e+01 -1.6843998e+01 -1.6843998e+01 -1.6817873e+01 -1.6817873e+01 -1.6817873e+01 -1.6817873e+01 -1.6816856e+01 -1.6816856e+01 -1.6816856e+01 -1.6816856e+01 -1.6596218e+01 -1.6596218e+01 -1.6596218e+01 -1.6596218e+01 -1.6595939e+01 -1.6595939e+01 -1.6595939e+01 -1.6595939e+01 -8.2151978e+00 -8.2151978e+00 -8.2151978e+00 -8.2151978e+00 -3.9964309e+00 -3.9964309e+00 -3.9964309e+00 -3.9964309e+00 +5.3241999e+00 +5.3241999e+00 +5.3241999e+00 +5.3241999e+00 +5.4070569e+00 +5.4070569e+00 +5.4070569e+00 +5.4070569e+00 
-1.6844495e+01 -1.6844495e+01 -1.6844495e+01 -1.6844495e+01 -1.6817916e+01 -1.6817916e+01 -1.6817916e+01 -1.6817916e+01 -1.6817661e+01 -1.6817661e+01 -1.6817661e+01 -1.6817661e+01 -1.6595351e+01 -1.6595351e+01 -1.6595351e+01 -1.6595351e+01 -1.6595281e+01 -1.6595281e+01 -1.6595281e+01 -1.6595281e+01 -8.2052954e+00 -8.2052954e+00 -8.2052954e+00 -8.2052954e+00 -4.0261468e+00 -4.0261468e+00 -4.0261468e+00 -4.0261468e+00 +5.3872451e+00 +5.3872451e+00 +5.3872451e+00 +5.3872451e+00 +5.4080902e+00 +5.4080902e+00 +5.4080902e+00 +5.4080902e+00 
-1.6844661e+01 -1.6844661e+01 -1.6844661e+01 -1.6844661e+01 -1.6817930e+01 -1.6817930e+01 -1.6817930e+01 -1.6817930e+01 -1.6817930e+01 -1.6817930e+01 -1.6817930e+01 -1.6817930e+01 -1.6595061e+01 -1.6595061e+01 -1.6595061e+01 -1.6595061e+01 -1.6595061e+01 -1.6595061e+01 -1.6595061e+01 -1.6595061e+01 -8.2019492e+00 -8.2019492e+00 -8.2019492e+00 -8.2019492e+00 -4.0361015e+00 -4.0361015e+00 -4.0361015e+00 -4.0361015e+00 +5.4084371e+00 +5.4084371e+00 +5.4084371e+00 +5.4084371e+00 +5.4084371e+00 +5.4084371e+00 +5.4084371e+00 +5.4084371e+00 
