# num high symmetry points
8
# label high symmetry points
G X M G R X M R 
# indices high symmetry points
1 21 41 69 103 131 132 152 
# nk, nb, ns
152 28 1
# k-points (frac coords)
+0.0000000e+00 +0.0000000e+00 +0.0000000e+00 
+0.0000000e+00 +2.5000000e-02 +0.0000000e+00 
+0.0000000e+00 +5.0000000e-02 +0.0000000e+00 
+0.0000000e+00 +7.5000000e-02 +0.0000000e+00 
+0.0000000e+00 +1.0000000e-01 +0.0000000e+00 
+0.0000000e+00 +1.2500000e-01 +0.0000000e+00 
+0.0000000e+00 +1.5000000e-01 +0.0000000e+00 
+0.0000000e+00 +1.7500000e-01 +0.0000000e+00 
+0.0000000e+00 +2.0000000e-01 +0.0000000e+00 
+0.0000000e+00 +2.2500000e-01 +0.0000000e+00 
+0.0000000e+00 +2.5000000e-01 +0.0000000e+00 
+0.0000000e+00 +2.7500000e-01 +0.0000000e+00 
+0.0000000e+00 +3.0000000e-01 +0.0000000e+00 
+0.0000000e+00 +3.2500000e-01 +0.0000000e+00 
+0.0000000e+00 +3.5000000e-01 +0.0000000e+00 
+0.0000000e+00 +3.7500000e-01 +0.0000000e+00 
+0.0000000e+00 +4.0000000e-01 +0.0000000e+00 
+0.0000000e+00 +4.2500000e-01 +0.0000000e+00 
+0.0000000e+00 +4.5000000e-01 +0.0000000e+00 
+0.0000000e+00 +4.7500000e-01 +0.0000000e+00 
+0.0000000e+00 +5.0000000e-01 +0.0000000e+00 
+2.5000000e-02 +5.0000000e-01 +0.0000000e+00 
+5.0000000e-02 +5.0000000e-01 +0.0000000e+00 
+7.5000000e-02 +5.0000000e-01 +0.0000000e+00 
+1.0000000e-01 +5.0000000e-01 +0.0000000e+00 
+1.2500000e-01 +5.0000000e-01 +0.0000000e+00 
+1.5000000e-01 +5.0000000e-01 +0.0000000e+00 
+1.7500000e-01 +5.0000000e-01 +0.0000000e+00 
+2.0000000e-01 +5.0000000e-01 +0.0000000e+00 
+2.2500000e-01 +5.0000000e-01 +0.0000000e+00 
+2.5000000e-01 +5.0000000e-01 +0.0000000e+00 
+2.7500000e-01 +5.0000000e-01 +0.0000000e+00 
+3.0000000e-01 +5.0000000e-01 +0.0000000e+00 
+3.2500000e-01 +5.0000000e-01 +0.0000000e+00 
+3.5000000e-01 +5.0000000e-01 +0.0000000e+00 
+3.7500000e-01 +5.0000000e-01 +0.0000000e+00 
+4.0000000e-01 +5.0000000e-01 +0.0000000e+00 
+4.2500000e-01 +5.0000000e-01 +0.0000000e+00 
+4.5000000e-01 +5.0000000e-01 +0.0000000e+00 
+4.7500000e-01 +5.0000000e-01 +0.0000000e+00 
+5.0000000e-01 +5.0000000e-01 +0.0000000e+00 
+4.8214286e-01 +4.8214286e-01 +0.0000000e+00 
+4.6428571e-01 +4.6428571e-01 +0.0000000e+00 
+4.4642857e-01 +4.4642857e-01 +0.0000000e+00 
+4.2857143e-01 +4.2857143e-01 +0.0000000e+00 
+4.1071429e-01 +4.1071429e-01 +0.0000000e+00 
+3.9285714e-01 +3.9285714e-01 +0.0000000e+00 
+3.7500000e-01 +3.7500000e-01 +0.0000000e+00 
+3.5714286e-01 +3.5714286e-01 +0.0000000e+00 
+3.3928571e-01 +3.3928571e-01 +0.0000000e+00 
+3.2142857e-01 +3.2142857e-01 +0.0000000e+00 
+3.0357143e-01 +3.0357143e-01 +0.0000000e+00 
+2.8571429e-01 +2.8571429e-01 +0.0000000e+00 
+2.6785714e-01 +2.6785714e-01 +0.0000000e+00 
+2.5000000e-01 +2.5000000e-01 +0.0000000e+00 
+2.3214286e-01 +2.3214286e-01 +0.0000000e+00 
+2.1428571e-01 +2.1428571e-01 +0.0000000e+00 
+1.9642857e-01 +1.9642857e-01 +0.0000000e+00 
+1.7857143e-01 +1.7857143e-01 +0.0000000e+00 
+1.6071429e-01 +1.6071429e-01 +0.0000000e+00 
+1.4285714e-01 +1.4285714e-01 +0.0000000e+00 
+1.2500000e-01 +1.2500000e-01 +0.0000000e+00 
+1.0714286e-01 +1.0714286e-01 +0.0000000e+00 
+8.9285714e-02 +8.9285714e-02 +0.0000000e+00 
+7.1428571e-02 +7.1428571e-02 +0.0000000e+00 
+5.3571429e-02 +5.3571429e-02 +0.0000000e+00 
+3.5714286e-02 +3.5714286e-02 +0.0000000e+00 
+1.7857143e-02 +1.7857143e-02 +0.0000000e+00 
+0.0000000e+00 +0.0000000e+00 +0.0000000e+00 
+1.4705882e-02 +1.4705882e-02 +1.4705882e-02 
+2.9411765e-02 +2.9411765e-02 +2.9411765e-02 
+4.4117647e-02 +4.4117647e-02 +4.4117647e-02 
+5.8823529e-02 +5.8823529e-02 +5.8823529e-02 
+7.3529412e-02 +7.3529412e-02 +7.3529412e-02 
+8.8235294e-02 +8.8235294e-02 +8.8235294e-02 
+1.0294118e-01 +1.0294118e-01 +1.0294118e-01 
+1.1764706e-01 +1.1764706e-01 +1.1764706e-01 
+1.3235294e-01 +1.3235294e-01 +1.3235294e-01 
+1.4705882e-01 +1.4705882e-01 +1.4705882e-01 
+1.6176471e-01 +1.6176471e-01 +1.6176471e-01 
+1.7647059e-01 +1.7647059e-01 +1.7647059e-01 
+1.9117647e-01 +1.9117647e-01 +1.9117647e-01 
+2.0588235e-01 +2.0588235e-01 +2.0588235e-01 
+2.2058824e-01 +2.2058824e-01 +2.2058824e-01 
+2.3529412e-01 +2.3529412e-01 +2.3529412e-01 
+2.5000000e-01 +2.5000000e-01 +2.5000000e-01 
+2.6470588e-01 +2.6470588e-01 +2.6470588e-01 
+2.7941176e-01 +2.7941176e-01 +2.7941176e-01 
+2.9411765e-01 +2.9411765e-01 +2.9411765e-01 
+3.0882353e-01 +3.0882353e-01 +3.0882353e-01 
+3.2352941e-01 +3.2352941e-01 +3.2352941e-01 
+3.3823529e-01 +3.3823529e-01 +3.3823529e-01 
+3.5294118e-01 +3.5294118e-01 +3.5294118e-01 
+3.6764706e-01 +3.6764706e-01 +3.6764706e-01 
+3.8235294e-01 +3.8235294e-01 +3.8235294e-01 
+3.9705882e-01 +3.9705882e-01 +3.9705882e-01 
+4.1176471e-01 +4.1176471e-01 +4.1176471e-01 
+4.2647059e-01 +4.2647059e-01 +4.2647059e-01 
+4.4117647e-01 +4.4117647e-01 +4.4117647e-01 
+4.5588235e-01 +4.5588235e-01 +4.5588235e-01 
+4.7058824e-01 +4.7058824e-01 +4.7058824e-01 
+4.8529412e-01 +4.8529412e-01 +4.8529412e-01 
+5.0000000e-01 +5.0000000e-01 +5.0000000e-01 
+4.8214286e-01 +5.0000000e-01 +4.8214286e-01 
+4.6428571e-01 +5.0000000e-01 +4.6428571e-01 
+4.4642857e-01 +5.0000000e-01 +4.4642857e-01 
+4.2857143e-01 +5.0000000e-01 +4.2857143e-01 
+4.1071429e-01 +5.0000000e-01 +4.1071429e-01 
+3.9285714e-01 +5.0000000e-01 +3.9285714e-01 
+3.7500000e-01 +5.0000000e-01 +3.7500000e-01 
+3.5714286e-01 +5.0000000e-01 +3.5714286e-01 
+3.3928571e-01 +5.0000000e-01 +3.3928571e-01 
+3.2142857e-01 +5.0000000e-01 +3.2142857e-01 
+3.0357143e-01 +5.0000000e-01 +3.0357143e-01 
+2.8571429e-01 +5.0000000e-01 +2.8571429e-01 
+2.6785714e-01 +5.0000000e-01 +2.6785714e-01 
+2.5000000e-01 +5.0000000e-01 +2.5000000e-01 
+2.3214286e-01 +5.0000000e-01 +2.3214286e-01 
+2.1428571e-01 +5.0000000e-01 +2.1428571e-01 
+1.9642857e-01 +5.0000000e-01 +1.9642857e-01 
+1.7857143e-01 +5.0000000e-01 +1.7857143e-01 
+1.6071429e-01 +5.0000000e-01 +1.6071429e-01 
+1.4285714e-01 +5.0000000e-01 +1.4285714e-01 
+1.2500000e-01 +5.0000000e-01 +1.2500000e-01 
+1.0714286e-01 +5.0000000e-01 +1.0714286e-01 
+8.9285714e-02 +5.0000000e-01 +8.9285714e-02 
+7.1428571e-02 +5.0000000e-01 +7.1428571e-02 
+5.3571429e-02 +5.0000000e-01 +5.3571429e-02 
+3.5714286e-02 +5.0000000e-01 +3.5714286e-02 
+1.7857143e-02 +5.0000000e-01 +1.7857143e-02 
+0.0000000e+00 +5.0000000e-01 +0.0000000e+00 
+5.0000000e-01 +5.0000000e-01 +0.0000000e+00 
+5.0000000e-01 +5.0000000e-01 +2.5000000e-02 
+5.0000000e-01 +5.0000000e-01 +5.0000000e-02 
+5.0000000e-01 +5.0000000e-01 +7.5000000e-02 
+5.0000000e-01 +5.0000000e-01 +1.0000000e-01 
+5.0000000e-01 +5.0000000e-01 +1.2500000e-01 
+5.0000000e-01 +5.0000000e-01 +1.5000000e-01 
+5.0000000e-01 +5.0000000e-01 +1.7500000e-01 
+5.0000000e-01 +5.0000000e-01 +2.0000000e-01 
+5.0000000e-01 +5.0000000e-01 +2.2500000e-01 
+5.0000000e-01 +5.0000000e-01 +2.5000000e-01 
+5.0000000e-01 +5.0000000e-01 +2.7500000e-01 
+5.0000000e-01 +5.0000000e-01 +3.0000000e-01 
+5.0000000e-01 +5.0000000e-01 +3.2500000e-01 
+5.0000000e-01 +5.0000000e-01 +3.5000000e-01 
+5.0000000e-01 +5.0000000e-01 +3.7500000e-01 
+5.0000000e-01 +5.0000000e-01 +4.0000000e-01 
+5.0000000e-01 +5.0000000e-01 +4.2500000e-01 
+5.0000000e-01 +5.0000000e-01 +4.5000000e-01 
+5.0000000e-01 +5.0000000e-01 +4.7500000e-01 
+5.0000000e-01 +5.0000000e-01 +5.0000000e-01 
# energies (kpt,band,spin)
# spin = 1
-4.1981807e+01 -4.1963634e+01 -4.1963612e+01 -4.1963612e+01 -2.3031108e+01 -2.3031108e+01 -2.3031108e+01 -2.2950427e+01 -2.2950427e+01 -2.2950427e+01 -2.2950208e+01 -2.2950208e+01 -2.2950208e+01 -2.2899475e+01 -2.2899475e+01 -2.2899475e+01 -4.0219989e+00 -4.1411366e-01 -4.1337261e-01 -4.1337261e-01 +6.5799225e-01 +6.5799226e-01 +6.5799226e-01 +9.5815856e-01 +9.5815856e-01 +9.5815856e-01 +2.3803118e+00 +2.3803118e+00 
-4.1981779e+01 -4.1963652e+01 -4.1963623e+01 -4.1963612e+01 -2.3030985e+01 -2.3030985e+01 -2.3030914e+01 -2.2950492e+01 -2.2950491e+01 -2.2950437e+01 -2.2950218e+01 -2.2950191e+01 -2.2950191e+01 -2.2899689e+01 -2.2899552e+01 -2.2899552e+01 -4.0183896e+00 -4.2676626e-01 -4.1093335e-01 -4.1045672e-01 +6.5784470e-01 +6.5784472e-01 +6.6018221e-01 +9.5702305e-01 +9.5702305e-01 +9.6726806e-01 +2.3771437e+00 +2.3816819e+00 
-4.1981695e+01 -4.1963732e+01 -4.1963626e+01 -4.1963610e+01 -2.3030616e+01 -2.3030616e+01 -2.3030331e+01 -2.2950836e+01 -2.2950836e+01 -2.2950464e+01 -2.2950250e+01 -2.2949990e+01 -2.2949990e+01 -2.2900332e+01 -2.2899784e+01 -2.2899784e+01 -4.0075680e+00 -4.6511926e-01 -4.0218866e-01 -4.0173507e-01 +6.5741846e-01 +6.5741847e-01 +6.6674613e-01 +9.5364176e-01 +9.5364176e-01 +9.9364456e-01 +2.3676692e+00 +2.3857947e+00 
-4.1981556e+01 -4.1963871e+01 -4.1963627e+01 -4.1963608e+01 -2.3030003e+01 -2.3030003e+01 -2.3029363e+01 -2.2951455e+01 -2.2951455e+01 -2.2950510e+01 -2.2950303e+01 -2.2949608e+01 -2.2949608e+01 -2.2901397e+01 -2.2900169e+01 -2.2900169e+01 -3.9895536e+00 -5.2593351e-01 -3.8769486e-01 -3.8728663e-01 +6.5676156e-01 +6.5676157e-01 +6.7766625e-01 +9.4808928e-01 +9.4808928e-01 +1.0348344e+00 +2.3519771e+00 +2.3926572e+00 
-4.1981362e+01 -4.1964065e+01 -4.1963627e+01 -4.1963605e+01 -2.3029150e+01 -2.3029150e+01 -2.3028016e+01 -2.2952325e+01 -2.2952325e+01 -2.2950573e+01 -2.2950375e+01 -2.2949068e+01 -2.2949068e+01 -2.2902877e+01 -2.2900704e+01 -2.2900704e+01 -3.9643787e+00 -6.0563610e-01 -3.6759317e-01 -3.6724628e-01 +6.5595035e-01 +6.5595036e-01 +6.9291254e-01 +9.4048603e-01 +9.4048603e-01 +1.0877567e+00 +2.3302140e+00 +2.4022809e+00 
-4.1981114e+01 -4.1964312e+01 -4.1963627e+01 -4.1963602e+01 -2.3028063e+01 -2.3028063e+01 -2.3026297e+01 -2.2953435e+01 -2.2953435e+01 -2.2950652e+01 -2.2950465e+01 -2.2948378e+01 -2.2948378e+01 -2.2904763e+01 -2.2901388e+01 -2.2901388e+01 -3.9320893e+00 -7.0065155e-01 -3.4208300e-01 -3.4180984e-01 +6.5508453e-01 +6.5508454e-01 +7.1244227e-01 +9.3099283e-01 +9.3099283e-01 +1.1494665e+00 +2.3025818e+00 +2.4146822e+00 
-4.1980815e+01 -4.1964612e+01 -4.1963627e+01 -4.1963597e+01 -2.3026747e+01 -2.3026747e+01 -2.3024216e+01 -2.2954779e+01 -2.2954779e+01 -2.2950745e+01 -2.2950570e+01 -2.2947541e+01 -2.2947541e+01 -2.2907039e+01 -2.2902215e+01 -2.2902215e+01 -3.8927452e+00 -8.0782397e-01 -3.1143230e-01 -3.1124146e-01 +6.5428109e-01 +6.5428110e-01 +7.3619925e-01 +9.1980405e-01 +9.1980406e-01 +1.2175406e+00 +2.2693348e+00 +2.4298820e+00 
-4.1980466e+01 -4.1964961e+01 -4.1963626e+01 -4.1963592e+01 -2.3025211e+01 -2.3025211e+01 -2.3021785e+01 -2.2956346e+01 -2.2956346e+01 -2.2950850e+01 -2.2950688e+01 -2.2946565e+01 -2.2946565e+01 -2.2909689e+01 -2.2903181e+01 -2.2903181e+01 -3.8464199e+00 -9.2452945e-01 -2.7598779e-01 -2.7588365e-01 +6.5366797e-01 +6.5366798e-01 +7.6411297e-01 +9.0713989e-01 +9.0713989e-01 +1.2901516e+00 +2.2307758e+00 +2.4479059e+00 
-4.1980069e+01 -4.1965358e+01 -4.1963625e+01 -4.1963585e+01 -2.3023464e+01 -2.3023464e+01 -2.3019017e+01 -2.2958126e+01 -2.2958126e+01 -2.2950965e+01 -2.2950816e+01 -2.2945454e+01 -2.2945454e+01 -2.2912695e+01 -2.2904280e+01 -2.2904280e+01 -3.7932018e+00 -1.0486302e+00 -2.3618785e-01 -2.3617030e-01 +6.5337797e-01 +6.5337798e-01 +7.9609753e-01 +8.9323828e-01 +8.9323828e-01 +1.3659922e+00 +2.1872517e+00 +2.4687838e+00 
-4.1979627e+01 -4.1965801e+01 -4.1963624e+01 -4.1963579e+01 -2.3021516e+01 -2.3021516e+01 -2.3015930e+01 -2.2960109e+01 -2.2960109e+01 -2.2951087e+01 -2.2950951e+01 -2.2944215e+01 -2.2944215e+01 -2.2916035e+01 -2.2905507e+01 -2.2905507e+01 -3.7331937e+00 -1.1783794e+00 -1.9264303e-01 -1.9257863e-01 +6.5354333e-01 +6.5354334e-01 +8.3205044e-01 +8.7834716e-01 +8.7834716e-01 +1.4441575e+00 +2.1391482e+00 +2.4925499e+00 
-4.1979143e+01 -4.1966286e+01 -4.1963623e+01 -4.1963572e+01 -2.3019380e+01 -2.3019380e+01 -2.3012541e+01 -2.2962281e+01 -2.2962281e+01 -2.2951213e+01 -2.2951090e+01 -2.2942857e+01 -2.2942857e+01 -2.2919686e+01 -2.2906853e+01 -2.2906853e+01 -3.6665137e+00 -1.3123279e+00 -1.4597090e-01 -1.4583370e-01 +6.5429126e-01 +6.5429127e-01 +8.6271724e-01 +8.6271724e-01 +8.7185128e-01 +1.5240366e+00 +2.0868843e+00 +2.5192419e+00 
-4.1978618e+01 -4.1966811e+01 -4.1963622e+01 -4.1963565e+01 -2.3017067e+01 -2.3017067e+01 -2.3008869e+01 -2.2964628e+01 -2.2964628e+01 -2.2951340e+01 -2.2951229e+01 -2.2941387e+01 -2.2941387e+01 -2.2923621e+01 -2.2908311e+01 -2.2908311e+01 -3.5932956e+00 -1.4492477e+00 -9.6973317e-02 -9.6776543e-02 +6.5574045e-01 +6.5574047e-01 +8.4659568e-01 +8.4659568e-01 +9.1536035e-01 +1.6052271e+00 +2.0309063e+00 +2.5489011e+00 
-4.1978058e+01 -4.1967373e+01 -4.1963620e+01 -4.1963558e+01 -2.3014593e+01 -2.3014593e+01 -2.3004935e+01 -2.2967136e+01 -2.2967136e+01 -2.2951465e+01 -2.2951364e+01 -2.2939814e+01 -2.2939814e+01 -2.2927814e+01 -2.2909871e+01 -2.2909871e+01 -3.5136900e+00 -1.5880757e+00 -4.6644613e-02 -4.6404926e-02 +6.5799841e-01 +6.5799842e-01 +8.3022081e-01 +8.3022081e-01 +9.6241721e-01 +1.6874684e+00 +1.9716822e+00 +2.5815707e+00 
-4.1977465e+01 -4.1967967e+01 -4.1963618e+01 -4.1963551e+01 -2.3011972e+01 -2.3011972e+01 -2.3000763e+01 -2.2969789e+01 -2.2969789e+01 -2.2951584e+01 -2.2951493e+01 -2.2938149e+01 -2.2938149e+01 -2.2932236e+01 -2.2911526e+01 -2.2911526e+01 -3.4278648e+00 -1.7278728e+00 +3.8226427e-03 +4.0862616e-03 +6.6115955e-01 +6.6115956e-01 +8.1381785e-01 +8.1381786e-01 +1.0128392e+00 +1.7705911e+00 +1.9096946e+00 +2.6172954e+00 
-4.1976842e+01 -4.1968590e+01 -4.1963616e+01 -4.1963544e+01 -2.3009221e+01 -2.3009221e+01 -2.2996376e+01 -2.2972570e+01 -2.2972570e+01 -2.2951695e+01 -2.2951611e+01 -2.2936855e+01 -2.2936401e+01 -2.2936401e+01 -2.2913264e+01 -2.2913264e+01 -3.3360072e+00 -1.8677966e+00 +5.3021850e-02 +5.3289702e-02 +6.6530384e-01 +6.6530385e-01 +7.9759569e-01 +7.9759569e-01 +1.0664203e+00 +1.8454355e+00 +1.8544758e+00 +2.6561192e+00 
-4.1976195e+01 -4.1969239e+01 -4.1963614e+01 -4.1963538e+01 -2.3006355e+01 -2.3006355e+01 -2.2991799e+01 -2.2975462e+01 -2.2975462e+01 -2.2951794e+01 -2.2951718e+01 -2.2941643e+01 -2.2934582e+01 -2.2934582e+01 -2.2915074e+01 -2.2915074e+01 -3.2383249e+00 -2.0070830e+00 +9.9334439e-02 +9.9588251e-02 +6.7049579e-01 +6.7049580e-01 +7.8174449e-01 +7.8174450e-01 +1.1229293e+00 +1.7794001e+00 +1.9390196e+00 +2.6980841e+00 
-4.1975526e+01 -4.1969909e+01 -4.1963613e+01 -4.1963533e+01 -2.3003392e+01 -2.3003392e+01 -2.2987057e+01 -2.2978447e+01 -2.2978447e+01 -2.2951879e+01 -2.2951810e+01 -2.2946564e+01 -2.2932702e+01 -2.2932702e+01 -2.2916947e+01 -2.2916947e+01 -3.1350488e+00 -2.1450349e+00 +1.4096501e-01 +1.4119050e-01 +6.7678366e-01 +6.7678367e-01 +7.6643419e-01 +7.6643419e-01 +1.1821096e+00 +1.7120809e+00 +2.0241096e+00 +2.6975037e+00 
-4.1974839e+01 -4.1970597e+01 -4.1963611e+01 -4.1963529e+01 -2.3000350e+01 -2.3000350e+01 -2.2982177e+01 -2.2981506e+01 -2.2981506e+01 -2.2951947e+01 -2.2951947e+01 -2.2951528e+01 -2.2930774e+01 -2.2930774e+01 -2.2918869e+01 -2.2918869e+01 -3.0264348e+00 -2.2810154e+00 +1.7602737e-01 +1.7621686e-01 +6.8419874e-01 +6.8419875e-01 +7.5181351e-01 +7.5181351e-01 +1.2436776e+00 +1.6439633e+00 +2.1096023e+00 +2.6170856e+00 
-4.1974140e+01 -4.1971297e+01 -4.1963610e+01 -4.1963526e+01 -2.2997249e+01 -2.2997249e+01 -2.2984620e+01 -2.2984620e+01 -2.2977186e+01 -2.2956702e+01 -2.2951998e+01 -2.2951926e+01 -2.2928810e+01 -2.2928810e+01 -2.2920829e+01 -2.2920829e+01 -2.9127676e+00 -2.4144431e+00 +2.0269450e-01 +2.0284878e-01 +6.9275472e-01 +6.9275473e-01 +7.3800961e-01 +7.3800961e-01 +1.3073227e+00 +1.5755202e+00 +2.1953108e+00 +2.5348097e+00 
-4.1973432e+01 -4.1972005e+01 -4.1963610e+01 -4.1963524e+01 -2.2994106e+01 -2.2994106e+01 -2.2987770e+01 -2.2987770e+01 -2.2972113e+01 -2.2961840e+01 -2.2952028e+01 -2.2951961e+01 -2.2926822e+01 -2.2926822e+01 -2.2922814e+01 -2.2922814e+01 -2.7943633e+00 -2.5447890e+00 +2.1940707e-01 +2.1953569e-01 +7.0244699e-01 +7.0244699e-01 +7.2512810e-01 +7.2512810e-01 +1.3727070e+00 +1.5072086e+00 +2.2809975e+00 +2.4511034e+00 
-4.1972751e+01 -4.1972686e+01 -4.1963610e+01 -4.1963523e+01 -2.2991043e+01 -2.2991043e+01 -2.2990836e+01 -2.2990836e+01 -2.2967015e+01 -2.2966960e+01 -2.2952039e+01 -2.2951972e+01 -2.2924935e+01 -2.2924935e+01 -2.2924701e+01 -2.2924701e+01 -2.6716773e+00 -2.6714697e+00 +2.2510381e-01 +2.2522304e-01 +7.1316940e-01 +7.1316941e-01 +7.1333584e-01 +7.1333585e-01 +1.4394620e+00 +1.4394698e+00 +2.3663062e+00 +2.3664415e+00 
-4.1972737e+01 -4.1972672e+01 -4.1963624e+01 -4.1963537e+01 -2.2991203e+01 -2.2990997e+01 -2.2990942e+01 -2.2990735e+01 -2.2967227e+01 -2.2967171e+01 -2.2951804e+01 -2.2951737e+01 -2.2925037e+01 -2.2924808e+01 -2.2924803e+01 -2.2924575e+01 -2.6685120e+00 -2.6683045e+00 +2.1922477e-01 +2.1933927e-01 +7.1265388e-01 +7.1282124e-01 +7.1397413e-01 +7.1414047e-01 +1.4378253e+00 +1.4378321e+00 +2.3619650e+00 +2.3620887e+00 
-4.1972694e+01 -4.1972629e+01 -4.1963665e+01 -4.1963579e+01 -2.2991668e+01 -2.2991464e+01 -2.2990638e+01 -2.2990431e+01 -2.2967851e+01 -2.2967792e+01 -2.2951117e+01 -2.2951049e+01 -2.2925342e+01 -2.2925109e+01 -2.2924438e+01 -2.2924208e+01 -2.6590240e+00 -2.6588166e+00 +2.0115728e-01 +2.0125746e-01 +7.1196950e-01 +7.1213870e-01 +7.1638658e-01 +7.1655261e-01 +1.4329406e+00 +1.4329446e+00 +2.3493526e+00 +2.3494438e+00 
-4.1972623e+01 -4.1972557e+01 -4.1963735e+01 -4.1963649e+01 -2.2992393e+01 -2.2992192e+01 -2.2990135e+01 -2.2989927e+01 -2.2968853e+01 -2.2968789e+01 -2.2950022e+01 -2.2949952e+01 -2.2925849e+01 -2.2925616e+01 -2.2923858e+01 -2.2923633e+01 -2.6432373e+00 -2.6430301e+00 +1.6991435e-01 +1.6999089e-01 +7.1330509e-01 +7.1347522e-01 +7.2040156e-01 +7.2056709e-01 +1.4248828e+00 +1.4248832e+00 +2.3295510e+00 +2.3295940e+00 
-4.1972524e+01 -4.1972458e+01 -4.1963831e+01 -4.1963745e+01 -2.2993318e+01 -2.2993121e+01 -2.2989434e+01 -2.2989226e+01 -2.2970184e+01 -2.2970114e+01 -2.2948583e+01 -2.2948509e+01 -2.2926555e+01 -2.2926322e+01 -2.2923113e+01 -2.2922894e+01 -2.6211916e+00 -2.6209847e+00 +1.2468138e-01 +1.2472666e-01 +7.1920947e-01 +7.1937861e-01 +7.2601049e-01 +7.2617532e-01 +1.4137692e+00 +1.4137756e+00 +2.3039503e+00 +2.3039650e+00 
-4.1972398e+01 -4.1972331e+01 -4.1963954e+01 -4.1963869e+01 -2.2994377e+01 -2.2994184e+01 -2.2988540e+01 -2.2988332e+01 -2.2971789e+01 -2.2971712e+01 -2.2946868e+01 -2.2946791e+01 -2.2927455e+01 -2.2927222e+01 -2.2922257e+01 -2.2922043e+01 -2.5929426e+00 -2.5927360e+00 +6.5483176e-02 +6.5492809e-02 +7.3163959e-01 +7.3180659e-01 +7.3320141e-01 +7.3336534e-01 +1.3997685e+00 +1.3997822e+00 +2.2739106e+00 +2.2739877e+00 
-4.1972246e+01 -4.1972178e+01 -4.1964103e+01 -4.1964018e+01 -2.2995507e+01 -2.2995318e+01 -2.2987458e+01 -2.2987250e+01 -2.2973609e+01 -2.2973526e+01 -2.2944944e+01 -2.2944863e+01 -2.2928544e+01 -2.2928312e+01 -2.2921340e+01 -2.2921132e+01 -2.5585616e+00 -2.5583554e+00 -6.6756737e-03 -6.6489952e-03 +7.4195906e-01 +7.4212191e-01 +7.5154900e-01 +7.5171451e-01 +1.3830823e+00 +1.3831041e+00 +2.2406521e+00 +2.2407925e+00 
-4.1972068e+01 -4.1972000e+01 -4.1964277e+01 -4.1964193e+01 -2.2996651e+01 -2.2996466e+01 -2.2986195e+01 -2.2985987e+01 -2.2975591e+01 -2.2975502e+01 -2.2942872e+01 -2.2942788e+01 -2.2929814e+01 -2.2929583e+01 -2.2920410e+01 -2.2920209e+01 -2.5181358e+00 -2.5179299e+00 -9.0048932e-02 -8.9988161e-02 +7.5226492e-01 +7.5242651e-01 +7.7903537e-01 +7.7920171e-01 +1.3639416e+00 +1.3639724e+00 +2.2050505e+00 +2.2052530e+00 
-4.1971866e+01 -4.1971797e+01 -4.1964475e+01 -4.1964391e+01 -2.2997763e+01 -2.2997582e+01 -2.2984759e+01 -2.2984551e+01 -2.2977686e+01 -2.2977592e+01 -2.2940705e+01 -2.2940618e+01 -2.2931259e+01 -2.2931028e+01 -2.2919509e+01 -2.2919313e+01 -2.4717675e+00 -2.4715619e+00 -1.8264357e-01 -1.8255254e-01 +7.6409725e-01 +7.6425739e-01 +8.1369788e-01 +8.1386845e-01 +1.3426004e+00 +1.3426406e+00 +2.1676759e+00 +2.1679376e+00 
-4.1971641e+01 -4.1971572e+01 -4.1964696e+01 -4.1964612e+01 -2.2998802e+01 -2.2998624e+01 -2.2983159e+01 -2.2982949e+01 -2.2979851e+01 -2.2979750e+01 -2.2938489e+01 -2.2938398e+01 -2.2932870e+01 -2.2932639e+01 -2.2918672e+01 -2.2918482e+01 -2.4195747e+00 -2.4193692e+00 -2.8253714e-01 -2.8242028e-01 +7.7743101e-01 +7.7758954e-01 +8.5492673e-01 +8.5510533e-01 +1.3193286e+00 +1.3193782e+00 +2.1288225e+00 +2.1291396e+00 
-4.1971395e+01 -4.1971325e+01 -4.1964937e+01 -4.1964855e+01 -2.2999736e+01 -2.2999562e+01 -2.2982045e+01 -2.2981939e+01 -2.2981403e+01 -2.2981193e+01 -2.2936263e+01 -2.2936168e+01 -2.2934636e+01 -2.2934406e+01 -2.2917927e+01 -2.2917742e+01 -2.3616903e+00 -2.3614849e+00 -3.8801391e-01 -3.8787557e-01 +7.9223783e-01 +7.9239457e-01 +9.0205796e-01 +9.0224846e-01 +1.2944047e+00 +1.2944638e+00 +2.0885481e+00 +2.0889159e+00 
-4.1971129e+01 -4.1971058e+01 -4.1965199e+01 -4.1965117e+01 -2.3000539e+01 -2.3000369e+01 -2.2984234e+01 -2.2984124e+01 -2.2979503e+01 -2.2979292e+01 -2.2936546e+01 -2.2936317e+01 -2.2934060e+01 -2.2933962e+01 -2.2917299e+01 -2.2917119e+01 -2.2982630e+00 -2.2980576e+00 -4.9759921e-01 -4.9744339e-01 +8.0848572e-01 +8.0864050e-01 +9.5443213e-01 +9.5463823e-01 +1.2681104e+00 +1.2681787e+00 +2.0467179e+00 +2.0471306e+00 
-4.1970845e+01 -4.1970773e+01 -4.1965479e+01 -4.1965398e+01 -2.3001190e+01 -2.3001023e+01 -2.2986388e+01 -2.2986274e+01 -2.2977470e+01 -2.2977259e+01 -2.2938589e+01 -2.2938361e+01 -2.2931910e+01 -2.2931808e+01 -2.2916806e+01 -2.2916630e+01 -2.2294569e+00 -2.2292514e+00 -6.1004167e-01 -6.0987186e-01 +8.2613880e-01 +8.2629146e-01 +1.0114041e+00 +1.0116292e+00 +1.2407244e+00 +1.2408015e+00 +2.0030496e+00 +2.0035005e+00 
-4.1970545e+01 -4.1970472e+01 -4.1965776e+01 -4.1965695e+01 -2.3001671e+01 -2.3001508e+01 -2.2988479e+01 -2.2988360e+01 -2.2975317e+01 -2.2975105e+01 -2.2940753e+01 -2.2940525e+01 -2.2929837e+01 -2.2929732e+01 -2.2916464e+01 -2.2916292e+01 -2.1554520e+00 -2.1552462e+00 -7.2427859e-01 -7.2409778e-01 +8.4515677e-01 +8.4530713e-01 +1.0723332e+00 +1.0725805e+00 +1.2125178e+00 +1.2126032e+00 +1.9571665e+00 +1.9576479e+00 
-4.1970230e+01 -4.1970157e+01 -4.1966087e+01 -4.1966007e+01 -2.3001971e+01 -2.3001812e+01 -2.2990482e+01 -2.2990360e+01 -2.2973057e+01 -2.2972844e+01 -2.2943023e+01 -2.2942796e+01 -2.2927863e+01 -2.2927754e+01 -2.2916284e+01 -2.2916117e+01 -2.0764450e+00 -2.0762388e+00 -8.3940071e-01 -8.3921144e-01 +8.6549424e-01 +8.6564212e-01 +1.1365687e+00 +1.1368410e+00 +1.1837501e+00 +1.1838432e+00 +1.9086589e+00 +1.9091621e+00 
-4.1969903e+01 -4.1969829e+01 -4.1966411e+01 -4.1966332e+01 -2.3002078e+01 -2.3001923e+01 -2.2992376e+01 -2.2992249e+01 -2.2970703e+01 -2.2970490e+01 -2.2945385e+01 -2.2945159e+01 -2.2926006e+01 -2.2925893e+01 -2.2916275e+01 -2.2916112e+01 -1.9926500e+00 -1.9924434e+00 -9.5462215e-01 -9.5442652e-01 +8.8709985e-01 +8.8724506e-01 +1.1546657e+00 +1.1547659e+00 +1.2034359e+00 +1.2037355e+00 +1.8571522e+00 +1.8576680e+00 
-4.1969566e+01 -4.1969491e+01 -4.1966746e+01 -4.1966667e+01 -2.3001986e+01 -2.3001836e+01 -2.2994140e+01 -2.2994009e+01 -2.2968270e+01 -2.2968057e+01 -2.2947825e+01 -2.2947599e+01 -2.2924282e+01 -2.2924166e+01 -2.2916444e+01 -2.2916284e+01 -1.9042998e+00 -1.9040928e+00 -1.0692564e+00 -1.0690561e+00 +9.0991517e-01 +9.1005749e-01 +1.1254919e+00 +1.1255987e+00 +1.2722268e+00 +1.2725556e+00 +1.8023761e+00 +1.8028950e+00 
-4.1969220e+01 -4.1969144e+01 -4.1967090e+01 -4.1967011e+01 -2.3001692e+01 -2.3001546e+01 -2.2995757e+01 -2.2995622e+01 -2.2965774e+01 -2.2965560e+01 -2.2950328e+01 -2.2950102e+01 -2.2922705e+01 -2.2922585e+01 -2.2916795e+01 -2.2916638e+01 -1.8116475e+00 -1.8114400e+00 -1.1826980e+00 -1.1824945e+00 +9.3387340e-01 +9.3401262e-01 +1.0964372e+00 +1.0965500e+00 +1.3421973e+00 +1.3425565e+00 +1.7442222e+00 +1.7447353e+00 
-4.1968869e+01 -4.1968792e+01 -4.1967440e+01 -4.1967362e+01 -2.3001193e+01 -2.3001053e+01 -2.2997213e+01 -2.2997071e+01 -2.2963228e+01 -2.2963015e+01 -2.2952878e+01 -2.2952652e+01 -2.2921284e+01 -2.2921163e+01 -2.2917329e+01 -2.2917174e+01 -1.7149682e+00 -1.7147603e+00 -1.2944085e+00 -1.2942029e+00 +9.5889791e-01 +9.5903379e-01 +1.0676908e+00 +1.0678089e+00 +1.4125729e+00 +1.4129627e+00 +1.6827801e+00 +1.6832798e+00 
-4.1968514e+01 -4.1968436e+01 -4.1967793e+01 -4.1967717e+01 -2.3000492e+01 -2.3000362e+01 -2.2998493e+01 -2.2998341e+01 -2.2960650e+01 -2.2960440e+01 -2.2955459e+01 -2.2955229e+01 -2.2920031e+01 -2.2919913e+01 -2.2918048e+01 -2.2917889e+01 -1.6145617e+00 -1.6143535e+00 -1.4039053e+00 -1.4036986e+00 +9.8490048e-01 +9.8503289e-01 +1.0394221e+00 +1.0395449e+00 +1.4825644e+00 +1.4829829e+00 +1.6183455e+00 +1.6188265e+00 
-4.1968199e+01 -4.1968108e+01 -4.1968108e+01 -4.1968045e+01 -2.2999624e+01 -2.2999624e+01 -2.2999554e+01 -2.2999272e+01 -2.2958059e+01 -2.2958051e+01 -2.2958051e+01 -2.2957620e+01 -2.2918993e+01 -2.2918993e+01 -2.2918907e+01 -2.2918630e+01 -1.5110360e+00 -1.5106207e+00 -1.5104729e+00 -1.5104729e+00 +1.0116071e+00 +1.0118627e+00 +1.0119546e+00 +1.0119546e+00 +1.5510228e+00 +1.5510228e+00 +1.5517721e+00 +1.5526748e+00 
-4.1968647e+01 -4.1968108e+01 -4.1968094e+01 -4.1967612e+01 -2.3000723e+01 -2.2999659e+01 -2.2999447e+01 -2.2997851e+01 -2.2961686e+01 -2.2958028e+01 -2.2957817e+01 -2.2954248e+01 -2.2920329e+01 -2.2919156e+01 -2.2918933e+01 -2.2917469e+01 -1.6607261e+00 -1.5080948e+00 -1.5077393e+00 -1.3598393e+00 +9.7484475e-01 +1.0105558e+00 +1.0107741e+00 +1.0527587e+00 +1.4535844e+00 +1.5500741e+00 +1.5512671e+00 +1.6477008e+00 
-4.1969197e+01 -4.1968066e+01 -4.1968052e+01 -4.1967148e+01 -2.3001445e+01 -2.2999765e+01 -2.2999553e+01 -2.2995741e+01 -2.2965448e+01 -2.2957957e+01 -2.2957746e+01 -2.2950622e+01 -2.2921796e+01 -2.2919642e+01 -2.2919418e+01 -2.2916118e+01 -1.8094193e+00 -1.4999154e+00 -1.4995598e+00 -1.2090222e+00 +9.4181593e-01 +1.0070356e+00 +1.0072499e+00 +1.0974841e+00 +1.3542714e+00 +1.5472244e+00 +1.5483955e+00 +1.7411448e+00 
-4.1969774e+01 -4.1967997e+01 -4.1967982e+01 -4.1966713e+01 -2.3001708e+01 -2.2999947e+01 -2.2999734e+01 -2.2993182e+01 -2.2969233e+01 -2.2957841e+01 -2.2957629e+01 -2.2947060e+01 -2.2923295e+01 -2.2920438e+01 -2.2920216e+01 -2.2914809e+01 -1.9561563e+00 -1.4863537e+00 -1.4859979e+00 -1.0590280e+00 +9.1277237e-01 +1.0012258e+00 +1.0014336e+00 +1.1458711e+00 +1.2543737e+00 +1.5424630e+00 +1.5435984e+00 +1.8313125e+00 
-4.1970373e+01 -4.1967901e+01 -4.1967886e+01 -4.1966310e+01 -2.3001522e+01 -2.3000210e+01 -2.2999998e+01 -2.2990196e+01 -2.2973026e+01 -2.2957680e+01 -2.2957468e+01 -2.2943576e+01 -2.2924818e+01 -2.2921525e+01 -2.2921306e+01 -2.2913548e+01 -2.1004230e+00 -1.4675153e+00 -1.4671593e+00 -9.1080283e-01 +8.8769074e-01 +9.9321110e-01 +9.9341016e-01 +1.1546002e+00 +1.1977190e+00 +1.5357710e+00 +1.5368586e+00 +1.9175804e+00 
-4.1970993e+01 -4.1967779e+01 -4.1967765e+01 -4.1965939e+01 -2.3000910e+01 -2.3000565e+01 -2.3000342e+01 -2.2986806e+01 -2.2976812e+01 -2.2957476e+01 -2.2957264e+01 -2.2940181e+01 -2.2926359e+01 -2.2922878e+01 -2.2922663e+01 -2.2912337e+01 -2.2417567e+00 -1.4435479e+00 -1.4431915e+00 -7.6543249e-01 +8.6651296e-01 +9.8310791e-01 +9.8329625e-01 +1.0556834e+00 +1.2527764e+00 +1.5271211e+00 +1.5281504e+00 +1.9993545e+00 
-4.1971629e+01 -4.1967634e+01 -4.1967619e+01 -4.1965601e+01 -2.3001023e+01 -2.3000838e+01 -2.2999835e+01 -2.2983041e+01 -2.2980578e+01 -2.2957233e+01 -2.2957020e+01 -2.2936884e+01 -2.2927911e+01 -2.2924464e+01 -2.2924253e+01 -2.2911180e+01 -2.3797380e+00 -1.4146398e+00 -1.4142830e+00 -6.2417411e-01 +8.4914949e-01 +9.5840432e-01 +9.7106178e-01 +9.7123781e-01 +1.3107415e+00 +1.5164778e+00 +1.5174404e+00 +2.0760728e+00 
-4.1972278e+01 -4.1967466e+01 -4.1967452e+01 -4.1965295e+01 -2.3001598e+01 -2.3001410e+01 -2.2998410e+01 -2.2984310e+01 -2.2978937e+01 -2.2956952e+01 -2.2956739e+01 -2.2933693e+01 -2.2929467e+01 -2.2926243e+01 -2.2926038e+01 -2.2910079e+01 -2.5139843e+00 -1.3810199e+00 -1.3806625e+00 -4.8850474e-01 +8.3548200e-01 +8.6364412e-01 +9.5724494e-01 +9.5740743e-01 +1.3712658e+00 +1.5037992e+00 +1.5046888e+00 +2.1472055e+00 
-4.1972936e+01 -4.1967278e+01 -4.1967264e+01 -4.1965021e+01 -2.3002304e+01 -2.3002121e+01 -2.2996617e+01 -2.2987993e+01 -2.2974531e+01 -2.2956637e+01 -2.2956424e+01 -2.2931020e+01 -2.2930617e+01 -2.2928171e+01 -2.2927973e+01 -2.2909033e+01 -2.6441445e+00 -1.3429559e+00 -1.3425977e+00 -3.6020844e-01 +7.7248591e-01 +8.2536554e-01 +9.4185299e-01 +9.4200113e-01 +1.4339573e+00 +1.4890400e+00 +1.4898527e+00 +2.2122549e+00 
-4.1973600e+01 -4.1967073e+01 -4.1967059e+01 -4.1964777e+01 -2.3003155e+01 -2.3002980e+01 -2.2994496e+01 -2.2991612e+01 -2.2969866e+01 -2.2956292e+01 -2.2956079e+01 -2.2932564e+01 -2.2930200e+01 -2.2930010e+01 -2.2927663e+01 -2.2908045e+01 -2.7698939e+00 -1.3007530e+00 -1.3003938e+00 -2.4154938e-01 +6.8641802e-01 +8.1863017e-01 +9.2510144e-01 +9.2523481e-01 +1.4721563e+00 +1.4728899e+00 +1.4983864e+00 +2.2707569e+00 
-4.1974266e+01 -4.1966853e+01 -4.1966839e+01 -4.1964563e+01 -2.3004167e+01 -2.3004000e+01 -2.2995154e+01 -2.2992085e+01 -2.2964988e+01 -2.2955921e+01 -2.2955707e+01 -2.2934089e+01 -2.2932280e+01 -2.2932099e+01 -2.2924837e+01 -2.2907114e+01 -2.8909313e+00 -1.2547524e+00 -1.2543919e+00 -1.3563531e-01 +6.0774567e-01 +8.1508201e-01 +9.0722196e-01 +9.0734049e-01 +1.4531104e+00 +1.4537646e+00 +1.5640918e+00 +2.3222869e+00 
-4.1974928e+01 -4.1966620e+01 -4.1966606e+01 -4.1964377e+01 -2.3005348e+01 -2.3005191e+01 -2.2998603e+01 -2.2989426e+01 -2.2959947e+01 -2.2955528e+01 -2.2955315e+01 -2.2935590e+01 -2.2934362e+01 -2.2934190e+01 -2.2922144e+01 -2.2906241e+01 -3.0069757e+00 -1.2053301e+00 -1.2049678e+00 -4.7141767e-02 +5.4038169e-01 +8.1450398e-01 +8.8845842e-01 +8.8856238e-01 +1.4318762e+00 +1.4324524e+00 +1.6305864e+00 +2.3664753e+00 
-4.1975584e+01 -4.1966378e+01 -4.1966364e+01 -4.1964217e+01 -2.3006704e+01 -2.3006559e+01 -2.3001946e+01 -2.2986561e+01 -2.2955120e+01 -2.2954905e+01 -2.2954794e+01 -2.2937060e+01 -2.2936397e+01 -2.2936234e+01 -2.2919591e+01 -2.2905426e+01 -3.1177643e+00 -1.1528951e+00 -1.1525306e+00 +1.6716575e-02 +4.9089916e-01 +8.1665622e-01 +8.6906298e-01 +8.6915292e-01 +1.4084453e+00 +1.4089460e+00 +1.6973631e+00 +2.4030358e+00 
-4.1976228e+01 -4.1966130e+01 -4.1966116e+01 -4.1964082e+01 -2.3008235e+01 -2.3008102e+01 -2.3005168e+01 -2.2983538e+01 -2.2954699e+01 -2.2954485e+01 -2.2949584e+01 -2.2938501e+01 -2.2938343e+01 -2.2938178e+01 -2.2917180e+01 -2.2904667e+01 -3.2230512e+00 -1.0978894e+00 -1.0975220e+00 +4.7269450e-02 +4.6753514e-01 +8.2127622e-01 +8.4929220e-01 +8.4936881e-01 +1.3828320e+00 +1.3832609e+00 +1.7638995e+00 +2.4318107e+00 
-4.1976855e+01 -4.1965878e+01 -4.1965865e+01 -4.1963970e+01 -2.3009932e+01 -2.3009812e+01 -2.3008256e+01 -2.2980404e+01 -2.2954273e+01 -2.2954058e+01 -2.2944373e+01 -2.2940166e+01 -2.2940077e+01 -2.2939816e+01 -2.2914916e+01 -2.2903966e+01 -3.3226065e+00 -1.0407882e+00 -1.0404171e+00 +4.2095328e-02 +4.7256571e-01 +8.2807360e-01 +8.2940871e-01 +8.2946722e-01 +1.3550803e+00 +1.3554421e+00 +1.8296624e+00 +2.4528276e+00 
-4.1977463e+01 -4.1965627e+01 -4.1965613e+01 -4.1963878e+01 -2.3011775e+01 -2.3011670e+01 -2.3011196e+01 -2.2977208e+01 -2.2953846e+01 -2.2953630e+01 -2.2941845e+01 -2.2941745e+01 -2.2941155e+01 -2.2939208e+01 -2.2912801e+01 -2.2903319e+01 -3.4162155e+00 -9.8210132e-01 -9.8172567e-01 +1.0641519e-02 +4.9674117e-01 +8.0964823e-01 +8.0970211e-01 +8.3675983e-01 +1.3252727e+00 +1.3255723e+00 +1.8941112e+00 +2.4663580e+00 
-4.1978046e+01 -4.1965378e+01 -4.1965365e+01 -4.1963805e+01 -2.3013976e+01 -2.3013739e+01 -2.3013647e+01 -2.2973999e+01 -2.2953423e+01 -2.2953207e+01 -2.2943350e+01 -2.2943263e+01 -2.2942414e+01 -2.2934160e+01 -2.2910837e+01 -2.2902728e+01 -3.5036785e+00 -9.2237731e-01 -9.2199605e-01 -3.4441917e-02 +5.2796990e-01 +7.9027704e-01 +7.9032083e-01 +8.4698815e-01 +1.2935410e+00 +1.2937842e+00 +1.9567014e+00 +2.4729553e+00 
-4.1978599e+01 -4.1965136e+01 -4.1965122e+01 -4.1963747e+01 -2.3016583e+01 -2.3015786e+01 -2.3015708e+01 -2.2970826e+01 -2.2953010e+01 -2.2952794e+01 -2.2944684e+01 -2.2944610e+01 -2.2943599e+01 -2.2929274e+01 -2.2909027e+01 -2.2902190e+01 -3.5848112e+00 -8.6220885e-01 -8.6182084e-01 -8.4683169e-02 +5.5867406e-01 +7.7152595e-01 +7.7156095e-01 +8.5841786e-01 +1.2600829e+00 +1.2602757e+00 +2.0168878e+00 +2.4734534e+00 
-4.1979120e+01 -4.1964903e+01 -4.1964889e+01 -4.1963704e+01 -2.3019005e+01 -2.3017874e+01 -2.3017809e+01 -2.2967737e+01 -2.2952612e+01 -2.2952396e+01 -2.2945844e+01 -2.2945783e+01 -2.2944705e+01 -2.2924606e+01 -2.2907373e+01 -2.2901704e+01 -3.6594443e+00 -8.0224167e-01 -8.0184568e-01 -1.3550517e-01 +5.8544243e-01 +7.5362011e-01 +7.5364755e-01 +8.7068405e-01 +1.2251822e+00 +1.2253307e+00 +2.0741286e+00 +2.4689160e+00 
-4.1979604e+01 -4.1964682e+01 -4.1964668e+01 -4.1963672e+01 -2.3021231e+01 -2.3019956e+01 -2.3019903e+01 -2.2964780e+01 -2.2952235e+01 -2.2952018e+01 -2.2946836e+01 -2.2946790e+01 -2.2945726e+01 -2.2920206e+01 -2.2905874e+01 -2.2901269e+01 -3.7274239e+00 -7.4318644e-01 -7.4278118e-01 -1.8445246e-01 +6.0716859e-01 +7.3676970e-01 +7.3679074e-01 +8.8340794e-01 +1.1892335e+00 +1.1893439e+00 +2.1278902e+00 +2.4605473e+00 
-4.1980047e+01 -4.1964476e+01 -4.1964462e+01 -4.1963649e+01 -2.3023252e+01 -2.3021983e+01 -2.3021941e+01 -2.2961999e+01 -2.2951883e+01 -2.2951665e+01 -2.2947673e+01 -2.2947639e+01 -2.2946655e+01 -2.2916125e+01 -2.2904531e+01 -2.2900885e+01 -3.7886114e+00 -6.8583361e-01 -6.8541784e-01 -2.3011940e-01 +6.2388189e-01 +7.2116793e-01 +7.2118364e-01 +8.9620172e-01 +1.1527690e+00 +1.1528477e+00 +2.1776535e+00 +2.4495878e+00 
-4.1980447e+01 -4.1964288e+01 -4.1964273e+01 -4.1963635e+01 -2.3025058e+01 -2.3023905e+01 -2.3023873e+01 -2.2959436e+01 -2.2951560e+01 -2.2951342e+01 -2.2948367e+01 -2.2948346e+01 -2.2947488e+01 -2.2912407e+01 -2.2903347e+01 -2.2900548e+01 -3.8428837e+00 -6.3106994e-01 -6.3064252e-01 -2.7163556e-01 +6.3614196e-01 +7.0698948e-01 +7.0700085e-01 +9.0867507e-01 +1.1164847e+00 +1.1165379e+00 +2.2229200e+00 +2.4372221e+00 
-4.1980799e+01 -4.1964119e+01 -4.1964105e+01 -4.1963625e+01 -2.3026640e+01 -2.3025676e+01 -2.3025652e+01 -2.2957130e+01 -2.2951272e+01 -2.2951053e+01 -2.2948932e+01 -2.2948924e+01 -2.2948218e+01 -2.2909096e+01 -2.2902320e+01 -2.2900260e+01 -3.8901332e+00 -5.7989305e-01 -5.7945308e-01 -3.0842300e-01 +6.4472102e-01 +6.9438928e-01 +6.9439719e-01 +9.2044342e-01 +1.0812591e+00 +1.0812927e+00 +2.2632207e+00 +2.4245129e+00 
-4.1981102e+01 -4.1963973e+01 -4.1963958e+01 -4.1963621e+01 -2.3027992e+01 -2.3027252e+01 -2.3027236e+01 -2.2955117e+01 -2.2951021e+01 -2.2950802e+01 -2.2949390e+01 -2.2949384e+01 -2.2948841e+01 -2.2906227e+01 -2.2901450e+01 -2.2900018e+01 -3.9302671e+00 -5.3341728e-01 -5.3296429e-01 -3.4007757e-01 +6.5042991e-01 +6.8350174e-01 +6.8350695e-01 +9.3113790e-01 +1.0481564e+00 +1.0481758e+00 +2.2981241e+00 +2.4123651e+00 
-4.1981354e+01 -4.1963851e+01 -4.1963836e+01 -4.1963618e+01 -2.3029107e+01 -2.3028596e+01 -2.3028586e+01 -2.2953426e+01 -2.2950811e+01 -2.2950592e+01 -2.2949756e+01 -2.2949734e+01 -2.2949352e+01 -2.2903833e+01 -2.2900739e+01 -2.2899821e+01 -3.9632081e+00 -4.9285999e-01 -4.9239411e-01 -3.6630798e-01 +6.5402148e-01 +6.7444034e-01 +6.7444353e-01 +9.4041670e-01 +1.0184028e+00 +1.0184128e+00 +2.3272453e+00 +2.4015139e+00 
-4.1981551e+01 -4.1963754e+01 -4.1963739e+01 -4.1963618e+01 -2.3029979e+01 -2.3029676e+01 -2.3029670e+01 -2.2952086e+01 -2.2950645e+01 -2.2950425e+01 -2.2950038e+01 -2.2949992e+01 -2.2949742e+01 -2.2901943e+01 -2.2900186e+01 -2.2899669e+01 -3.9888931e+00 -4.5949444e-01 -4.5901645e-01 -3.8690276e-01 +6.5613854e-01 +6.6729753e-01 +6.6729925e-01 +9.4797721e-01 +9.9332298e-01 +9.9332733e-01 +2.3502547e+00 +2.3925301e+00 
-4.1981693e+01 -4.1963685e+01 -4.1963669e+01 -4.1963617e+01 -2.3030606e+01 -2.3030465e+01 -2.3030463e+01 -2.2951118e+01 -2.2950524e+01 -2.2950305e+01 -2.2950247e+01 -2.2950165e+01 -2.2950010e+01 -2.2900577e+01 -2.2899791e+01 -2.2899561e+01 -4.0072738e+00 -4.3455755e-01 -4.3406830e-01 -4.0171084e-01 +6.5728859e-01 +6.6214479e-01 +6.6214553e-01 +9.5356822e-01 +9.7422596e-01 +9.7422745e-01 +2.3668866e+00 +2.3858326e+00 
-4.1981779e+01 -4.1963645e+01 -4.1963626e+01 -4.1963615e+01 -2.3030982e+01 -2.3030947e+01 -2.3030946e+01 -2.2950559e+01 -2.2950452e+01 -2.2950381e+01 -2.2950239e+01 -2.2950232e+01 -2.2950160e+01 -2.2899751e+01 -2.2899554e+01 -2.2899496e+01 -4.0183159e+00 -4.1911739e-01 -4.1861142e-01 -4.1062454e-01 +6.5783431e-01 +6.5903292e-01 +6.5903310e-01 +9.5700105e-01 +9.6224500e-01 +9.6224530e-01 +2.3769454e+00 +2.3817053e+00 
-4.1981807e+01 -4.1963634e+01 -4.1963612e+01 -4.1963612e+01 -2.3031108e+01 -2.3031108e+01 -2.3031108e+01 -2.2950427e+01 -2.2950427e+01 -2.2950427e+01 -2.2950208e+01 -2.2950208e+01 -2.2950208e+01 -2.2899475e+01 -2.2899475e+01 -2.2899475e+01 -4.0219989e+00 -4.1411366e-01 -4.1337261e-01 -4.1337261e-01 +6.5799225e-01 +6.5799226e-01 +6.5799226e-01 +9.5815856e-01 +9.5815856e-01 +9.5815856e-01 +2.3803118e+00 +2.3803118e+00 
-4.1981778e+01 -4.1963644e+01 -4.1963622e+01 -4.1963622e+01 -2.3030956e+01 -2.3030956e+01 -2.3030955e+01 -2.2950508e+01 -2.2950508e+01 -2.2950360e+01 -2.2950315e+01 -2.2950167e+01 -2.2950167e+01 -2.2899775e+01 -2.2899516e+01 -2.2899516e+01 -4.0182522e+00 -4.1665580e-01 -4.1592195e-01 -4.1592194e-01 +6.5864315e-01 +6.5864332e-01 +6.5864333e-01 +9.6054187e-01 +9.6054187e-01 +9.6054219e-01 +2.3768416e+00 +2.3818219e+00 
-4.1981691e+01 -4.1963673e+01 -4.1963650e+01 -4.1963650e+01 -2.3030503e+01 -2.3030503e+01 -2.3030500e+01 -2.2950807e+01 -2.2950807e+01 -2.2950635e+01 -2.2950159e+01 -2.2949984e+01 -2.2949984e+01 -2.2900675e+01 -2.2899640e+01 -2.2899640e+01 -4.0070193e+00 -4.2417665e-01 -4.2346367e-01 -4.2346367e-01 +6.6054642e-01 +6.6054696e-01 +6.6054697e-01 +9.6757019e-01 +9.6757019e-01 +9.6757190e-01 +2.3664712e+00 +2.3863137e+00 
-4.1981547e+01 -4.1963721e+01 -4.1963697e+01 -4.1963697e+01 -2.3029759e+01 -2.3029759e+01 -2.3029753e+01 -2.2951318e+01 -2.2951318e+01 -2.2951158e+01 -2.2949825e+01 -2.2949658e+01 -2.2949658e+01 -2.2902165e+01 -2.2899845e+01 -2.2899845e+01 -3.9883215e+00 -4.3637355e-01 -4.3569317e-01 -4.3569317e-01 +6.6353243e-01 +6.6353308e-01 +6.6353309e-01 +9.7892265e-01 +9.7892265e-01 +9.7892792e-01 +2.3493171e+00 +2.3936702e+00 
-4.1981346e+01 -4.1963788e+01 -4.1963762e+01 -4.1963762e+01 -2.3028742e+01 -2.3028742e+01 -2.3028731e+01 -2.2952016e+01 -2.2952016e+01 -2.2951867e+01 -2.2949361e+01 -2.2949199e+01 -2.2949199e+01 -2.2904233e+01 -2.2900129e+01 -2.2900129e+01 -3.9621948e+00 -4.5278476e-01 -4.5214590e-01 -4.5214590e-01 +6.6725963e-01 +6.6725964e-01 +6.6726001e-01 +9.9419266e-01 +9.9419266e-01 +9.9420480e-01 +2.3255591e+00 +2.4036917e+00 
-4.1981091e+01 -4.1963873e+01 -4.1963845e+01 -4.1963845e+01 -2.3027478e+01 -2.3027478e+01 -2.3027461e+01 -2.2952876e+01 -2.2952876e+01 -2.2952738e+01 -2.2948772e+01 -2.2948614e+01 -2.2948614e+01 -2.2906861e+01 -2.2900491e+01 -2.2900491e+01 -3.9286902e+00 -4.7284105e-01 -4.7224960e-01 -4.7224960e-01 +6.7116120e-01 +6.7116120e-01 +6.7116496e-01 +1.0130265e+00 +1.0130265e+00 +1.0130494e+00 +2.2954237e+00 +2.4160881e+00 
-4.1980784e+01 -4.1963975e+01 -4.1963945e+01 -4.1963945e+01 -2.3026001e+01 -2.3026001e+01 -2.3025975e+01 -2.2953864e+01 -2.2953864e+01 -2.2953739e+01 -2.2948062e+01 -2.2947908e+01 -2.2947908e+01 -2.2910026e+01 -2.2900926e+01 -2.2900926e+01 -3.8878744e+00 -4.9591896e-01 -4.9537801e-01 -4.9537801e-01 +6.7442917e-01 +6.7442918e-01 +6.7444015e-01 +1.0352378e+00 +1.0352378e+00 +1.0352751e+00 +2.2591650e+00 +2.4304700e+00 
-4.1980427e+01 -4.1964093e+01 -4.1964061e+01 -4.1964061e+01 -2.3024356e+01 -2.3024356e+01 -2.3024319e+01 -2.2954939e+01 -2.2954939e+01 -2.2954830e+01 -2.2947237e+01 -2.2947088e+01 -2.2947088e+01 -2.2913701e+01 -2.2901431e+01 -2.2901431e+01 -3.8398311e+00 -5.2138637e-01 -5.2089676e-01 -5.2089676e-01 +6.7604598e-01 +6.7604599e-01 +6.7606938e-01 +1.0608606e+00 +1.0608606e+00 +1.0609145e+00 +2.2170479e+00 +2.4463378e+00 
-4.1980023e+01 -4.1964227e+01 -4.1964192e+01 -4.1964192e+01 -2.3022598e+01 -2.3022598e+01 -2.3022548e+01 -2.2956048e+01 -2.2956048e+01 -2.2955957e+01 -2.2946304e+01 -2.2946161e+01 -2.2946161e+01 -2.2917852e+01 -2.2902002e+01 -2.2902002e+01 -3.7846618e+00 -5.4863565e-01 -5.4819667e-01 -5.4819667e-01 +6.7488106e-01 +6.7488107e-01 +6.7492298e-01 +1.0901225e+00 +1.0901225e+00 +1.0901935e+00 +2.1693340e+00 +2.4630729e+00 
-4.1979576e+01 -4.1964375e+01 -4.1964336e+01 -4.1964336e+01 -2.3020796e+01 -2.3020796e+01 -2.3020730e+01 -2.2957127e+01 -2.2957127e+01 -2.2957058e+01 -2.2945271e+01 -2.2945133e+01 -2.2945133e+01 -2.2922446e+01 -2.2902634e+01 -2.2902634e+01 -3.7224871e+00 -5.7710403e-01 -5.7671410e-01 -5.7671410e-01 +6.6983446e-01 +6.6983447e-01 +6.6990099e-01 +1.1233491e+00 +1.1233491e+00 +1.1234358e+00 +2.1162724e+00 +2.4799348e+00 
-4.1979089e+01 -4.1964536e+01 -4.1964494e+01 -4.1964494e+01 -2.3019030e+01 -2.3019030e+01 -2.3018947e+01 -2.2958100e+01 -2.2958100e+01 -2.2958056e+01 -2.2944147e+01 -2.2944015e+01 -2.2944015e+01 -2.2927441e+01 -2.2903321e+01 -2.2903321e+01 -3.6534485e+00 -6.0628349e-01 -6.0594068e-01 -6.0594068e-01 +6.5998969e-01 +6.5998969e-01 +6.6008585e-01 +1.1608368e+00 +1.1608368e+00 +1.1609368e+00 +2.0580935e+00 +2.4960718e+00 
-4.1978567e+01 -4.1964708e+01 -4.1964663e+01 -4.1964663e+01 -2.3017396e+01 -2.3017396e+01 -2.3017291e+01 -2.2958879e+01 -2.2958879e+01 -2.2958862e+01 -2.2942941e+01 -2.2942815e+01 -2.2942815e+01 -2.2932795e+01 -2.2904058e+01 -2.2904058e+01 -3.5777098e+00 -6.3572313e-01 -6.3542565e-01 -6.3542565e-01 +6.4472796e-01 +6.4472797e-01 +6.4485682e-01 +1.2027453e+00 +1.2027453e+00 +1.2028557e+00 +1.9950068e+00 +2.5105550e+00 
-4.1978014e+01 -4.1964891e+01 -4.1964841e+01 -4.1964841e+01 -2.3015995e+01 -2.3015995e+01 -2.3015866e+01 -2.2959380e+01 -2.2959366e+01 -2.2959366e+01 -2.2941663e+01 -2.2941544e+01 -2.2941544e+01 -2.2938463e+01 -2.2904837e+01 -2.2904837e+01 -3.4954582e+00 -6.6502730e-01 -6.6477371e-01 -6.6477371e-01 +6.2377399e-01 +6.2377400e-01 +6.2393628e-01 +1.2490426e+00 +1.2490426e+00 +1.2491606e+00 +1.9272013e+00 +2.5224437e+00 
-4.1977435e+01 -4.1965082e+01 -4.1965029e+01 -4.1965029e+01 -2.3014929e+01 -2.3014929e+01 -2.3014775e+01 -2.2959514e+01 -2.2959469e+01 -2.2959469e+01 -2.2944394e+01 -2.2940325e+01 -2.2940213e+01 -2.2940213e+01 -2.2905653e+01 -2.2905653e+01 -3.4069054e+00 -6.9385130e-01 -6.9364069e-01 -6.9364069e-01 +5.9717596e-01 +5.9717597e-01 +5.9737014e-01 +1.2995048e+00 +1.2995048e+00 +1.2996279e+00 +1.8548489e+00 +2.5308823e+00 
-4.1976834e+01 -4.1965281e+01 -4.1965223e+01 -4.1965223e+01 -2.3014284e+01 -2.3014284e+01 -2.3014105e+01 -2.2959184e+01 -2.2959108e+01 -2.2959108e+01 -2.2950539e+01 -2.2938938e+01 -2.2938832e+01 -2.2938832e+01 -2.2906499e+01 -2.2906499e+01 -3.3122882e+00 -7.2189653e-01 -7.2172859e-01 -7.2172859e-01 +5.6524545e-01 +5.6524546e-01 +5.6546819e-01 +1.3537487e+00 +1.3537487e+00 +1.3538747e+00 +1.7781096e+00 +2.5352136e+00 
-4.1976218e+01 -4.1965484e+01 -4.1965422e+01 -4.1965422e+01 -2.3014115e+01 -2.3014115e+01 -2.3013914e+01 -2.2958346e+01 -2.2958235e+01 -2.2958235e+01 -2.2956839e+01 -2.2937513e+01 -2.2937415e+01 -2.2937415e+01 -2.2907366e+01 -2.2907366e+01 -3.2118680e+00 -7.4890569e-01 -7.4878069e-01 -7.4878069e-01 +5.2848525e-01 +5.2848526e-01 +5.2873202e-01 +1.4112746e+00 +1.4112746e+00 +1.4114014e+00 +1.6971380e+00 +2.5350748e+00 
-4.1975590e+01 -4.1965692e+01 -4.1965625e+01 -4.1965625e+01 -2.3014438e+01 -2.3014438e+01 -2.3014218e+01 -2.2963260e+01 -2.2956972e+01 -2.2956845e+01 -2.2956845e+01 -2.2936064e+01 -2.2935973e+01 -2.2935973e+01 -2.2908249e+01 -2.2908249e+01 -3.1059306e+00 -7.7465864e-01 -7.7457741e-01 -7.7457741e-01 +4.8752319e-01 +4.8752319e-01 +4.8778883e-01 +1.4715032e+00 +1.4715032e+00 +1.4716288e+00 +1.6120910e+00 +2.5304428e+00 
-4.1974958e+01 -4.1965901e+01 -4.1965831e+01 -4.1965831e+01 -2.3015226e+01 -2.3015226e+01 -2.3014991e+01 -2.2969722e+01 -2.2955122e+01 -2.2954974e+01 -2.2954974e+01 -2.2934602e+01 -2.2934518e+01 -2.2934518e+01 -2.2909138e+01 -2.2909138e+01 -2.9947850e+00 -7.9896907e-01 -7.9893289e-01 -7.9893289e-01 +4.4305926e-01 +4.4305926e-01 +4.4333846e-01 +1.5231299e+00 +1.5338036e+00 +1.5338036e+00 +1.5339284e+00 +2.5216112e+00 
-4.1974325e+01 -4.1966111e+01 -4.1966036e+01 -4.1966036e+01 -2.3016420e+01 -2.3016420e+01 -2.3016173e+01 -2.2976179e+01 -2.2952855e+01 -2.2952690e+01 -2.2952690e+01 -2.2933141e+01 -2.2933063e+01 -2.2933063e+01 -2.2910028e+01 -2.2910028e+01 -2.8787633e+00 -8.2169256e-01 -8.2169256e-01 -8.2168201e-01 +3.9582704e-01 +3.9582704e-01 +3.9611461e-01 +1.4304355e+00 +1.5975126e+00 +1.5975126e+00 +1.5976298e+00 +2.5091145e+00 
-4.1973698e+01 -4.1966318e+01 -4.1966240e+01 -4.1966240e+01 -2.3017941e+01 -2.3017941e+01 -2.3017688e+01 -2.2982576e+01 -2.2950258e+01 -2.2950080e+01 -2.2950080e+01 -2.2931692e+01 -2.2931620e+01 -2.2931620e+01 -2.2910910e+01 -2.2910910e+01 -2.7582207e+00 -8.4273151e-01 -8.4273151e-01 -8.4267229e-01 +3.4656747e-01 +3.4656747e-01 +3.4685853e-01 +1.3341857e+00 +1.6619474e+00 +1.6619474e+00 +1.6620566e+00 +2.4936296e+00 
-4.1973082e+01 -4.1966523e+01 -4.1966440e+01 -4.1966440e+01 -2.3019709e+01 -2.3019709e+01 -2.3019452e+01 -2.2988857e+01 -2.2947424e+01 -2.2947237e+01 -2.2947237e+01 -2.2930269e+01 -2.2930203e+01 -2.2930203e+01 -2.2911776e+01 -2.2911776e+01 -2.6335375e+00 -8.6195374e-01 -8.6195374e-01 -8.6184376e-01 +2.9601265e-01 +2.9601265e-01 +2.9630271e-01 +1.2345731e+00 +1.7264154e+00 +1.7264154e+00 +1.7265142e+00 +2.4758869e+00 
-4.1972481e+01 -4.1966722e+01 -4.1966636e+01 -4.1966636e+01 -2.3021643e+01 -2.3021643e+01 -2.3021384e+01 -2.2994968e+01 -2.2944445e+01 -2.2944250e+01 -2.2944250e+01 -2.2928883e+01 -2.2928822e+01 -2.2928822e+01 -2.2912620e+01 -2.2912620e+01 -2.5051219e+00 -8.7929217e-01 -8.7929217e-01 -8.7912933e-01 +2.4487717e-01 +2.4487717e-01 +2.4516213e-01 +1.1317915e+00 +1.7902219e+00 +1.7902219e+00 +1.7903078e+00 +2.4566058e+00 
-4.1971902e+01 -4.1966914e+01 -4.1966824e+01 -4.1966824e+01 -2.3023671e+01 -2.3023671e+01 -2.3023412e+01 -2.3000857e+01 -2.2941401e+01 -2.2941200e+01 -2.2941200e+01 -2.2927546e+01 -2.2927491e+01 -2.2927491e+01 -2.2913434e+01 -2.2913434e+01 -2.3734169e+00 -8.9470930e-01 -8.9470930e-01 -8.9449158e-01 +1.9385495e-01 +1.9385495e-01 +1.9413107e-01 +1.0260351e+00 +1.8526767e+00 +1.8526767e+00 +1.8527474e+00 +2.4364558e+00 
-4.1971349e+01 -4.1967097e+01 -4.1967005e+01 -4.1967005e+01 -2.3025731e+01 -2.3025731e+01 -2.3025473e+01 -2.3006474e+01 -2.2938366e+01 -2.2938161e+01 -2.2938161e+01 -2.2926271e+01 -2.2926220e+01 -2.2926220e+01 -2.2914212e+01 -2.2914212e+01 -2.2389088e+00 -9.0819837e-01 -9.0819837e-01 -9.0792406e-01 +1.4361960e-01 +1.4361960e-01 +1.4388347e-01 +9.1750126e-01 +1.9131011e+00 +1.9131011e+00 +1.9131548e+00 +2.4160383e+00 
-4.1970827e+01 -4.1967271e+01 -4.1967175e+01 -4.1967175e+01 -2.3027768e+01 -2.3027768e+01 -2.3027512e+01 -2.3011772e+01 -2.2935404e+01 -2.2935196e+01 -2.2935196e+01 -2.2925067e+01 -2.2925020e+01 -2.2925020e+01 -2.2914946e+01 -2.2914946e+01 -2.1021417e+00 -9.1978490e-01 -9.1978490e-01 -9.1945271e-01 +9.4826603e-02 +9.4826605e-02 +9.5075146e-02 +8.0640224e-01 +1.9708343e+00 +1.9708343e+00 +1.9708695e+00 +2.3958820e+00 
-4.1970340e+01 -4.1967432e+01 -4.1967334e+01 -4.1967334e+01 -2.3029735e+01 -2.3029735e+01 -2.3029481e+01 -2.3016706e+01 -2.2932572e+01 -2.2932361e+01 -2.2932361e+01 -2.2923945e+01 -2.2923901e+01 -2.2923901e+01 -2.2915631e+01 -2.2915631e+01 -1.9637399e+00 -9.2952814e-01 -9.2952814e-01 -9.2913740e-01 +4.8115915e-02 +4.8115916e-02 +4.8346398e-02 +6.9299012e-01 +2.0252407e+00 +2.0252407e+00 +2.0252563e+00 +2.3764445e+00 
-4.1969893e+01 -4.1967581e+01 -4.1967481e+01 -4.1967481e+01 -2.3031592e+01 -2.3031592e+01 -2.3031340e+01 -2.3021236e+01 -2.2929917e+01 -2.2929704e+01 -2.2929704e+01 -2.2922914e+01 -2.2922874e+01 -2.2922874e+01 -2.2916260e+01 -2.2916260e+01 -1.8244428e+00 -9.3752212e-01 -9.3752212e-01 -9.3707302e-01 +4.1135568e-03 +4.1135577e-03 +4.3236973e-03 +5.7760034e-01 +2.0757122e+00 +2.0757165e+00 +2.0757165e+00 +2.3581185e+00 
-4.1969489e+01 -4.1967715e+01 -4.1967613e+01 -4.1967613e+01 -2.3033305e+01 -2.3033305e+01 -2.3033055e+01 -2.3025324e+01 -2.2927481e+01 -2.2927267e+01 -2.2927267e+01 -2.2921983e+01 -2.2921946e+01 -2.2921946e+01 -2.2916828e+01 -2.2916828e+01 -1.6851653e+00 -9.4389554e-01 -9.4389554e-01 -9.4338932e-01 -3.6568770e-02 -3.6568769e-02 -3.6380665e-02 +4.6072464e-01 +2.1216735e+00 +2.1216974e+00 +2.1216974e+00 +2.3412375e+00 
-4.1969132e+01 -4.1967833e+01 -4.1967730e+01 -4.1967730e+01 -2.3034844e+01 -2.3034844e+01 -2.3034598e+01 -2.3028936e+01 -2.2925300e+01 -2.2925086e+01 -2.2925086e+01 -2.2921160e+01 -2.2921125e+01 -2.2921125e+01 -2.2917329e+01 -2.2917329e+01 -1.5471045e+00 -9.4880963e-01 -9.4880963e-01 -9.4824879e-01 -7.3337062e-02 -7.3337061e-02 -7.3171895e-02 +3.4313407e-01 +2.1626231e+00 +2.1626658e+00 +2.1626658e+00 +2.3260826e+00 
-4.1968826e+01 -4.1967934e+01 -4.1967831e+01 -4.1967831e+01 -2.3036186e+01 -2.3036186e+01 -2.3035943e+01 -2.3032043e+01 -2.2923405e+01 -2.2923192e+01 -2.2923192e+01 -2.2920451e+01 -2.2920420e+01 -2.2920420e+01 -2.2917760e+01 -2.2917760e+01 -1.4119406e+00 -9.5245286e-01 -9.5245286e-01 -9.5184144e-01 -1.0562217e-01 -1.0562217e-01 -1.0547983e-01 +2.2609714e-01 +2.1980974e+00 +2.1981573e+00 +2.1981573e+00 +2.3128874e+00 
-4.1968573e+01 -4.1968016e+01 -4.1967914e+01 -4.1967914e+01 -2.3037311e+01 -2.3037311e+01 -2.3037073e+01 -2.3034618e+01 -2.2921820e+01 -2.2921609e+01 -2.2921609e+01 -2.2919864e+01 -2.2919835e+01 -2.2919835e+01 -2.2918115e+01 -2.2918115e+01 -1.2822294e+00 -9.5503166e-01 -9.5503166e-01 -9.5437530e-01 -1.3289137e-01 -1.3289137e-01 -1.3277051e-01 +1.1179013e-01 +2.2276927e+00 +2.2277678e+00 +2.2277678e+00 +2.3018425e+00 
-4.1968378e+01 -4.1968076e+01 -4.1967980e+01 -4.1967980e+01 -2.3038202e+01 -2.3038202e+01 -2.3037972e+01 -2.3036638e+01 -2.2920566e+01 -2.2920363e+01 -2.2920363e+01 -2.2919401e+01 -2.2919377e+01 -2.2919377e+01 -2.2918388e+01 -2.2918388e+01 -1.1621897e+00 -9.5675632e-01 -9.5675632e-01 -9.5606234e-01 -1.5466458e-01 -1.5466458e-01 -1.5456248e-01 +4.0996325e-03 +2.2510709e+00 +2.2511584e+00 +2.2511584e+00 +2.2930997e+00 
-4.1968254e+01 -4.1968103e+01 -4.1968028e+01 -4.1968028e+01 -2.3038848e+01 -2.3038848e+01 -2.3038640e+01 -2.3038075e+01 -2.2919660e+01 -2.2919475e+01 -2.2919475e+01 -2.2919068e+01 -2.2919055e+01 -2.2919055e+01 -2.2918561e+01 -2.2918561e+01 -1.0591938e+00 -9.5782268e-01 -9.5782268e-01 -9.5709969e-01 -1.7053443e-01 -1.7053443e-01 -1.7044700e-01 -8.9873984e-02 +2.2679641e+00 +2.2680607e+00 +2.2680607e+00 +2.2867743e+00 
-4.1968215e+01 -4.1968083e+01 -4.1968056e+01 -4.1968056e+01 -2.3039238e+01 -2.3039238e+01 -2.3039134e+01 -2.3038853e+01 -2.2919112e+01 -2.2919001e+01 -2.2919001e+01 -2.2918880e+01 -2.2918880e+01 -2.2918867e+01 -2.2918584e+01 -2.2918584e+01 -9.8576047e-01 -9.5839147e-01 -9.5839147e-01 -9.5764621e-01 -1.8018832e-01 -1.8018832e-01 -1.8011030e-01 -1.5781582e-01 +2.2781784e+00 +2.2782798e+00 +2.2782798e+00 +2.2829470e+00 
-4.1968213e+01 -4.1968066e+01 -4.1968066e+01 -4.1968066e+01 -2.3039369e+01 -2.3039369e+01 -2.3039369e+01 -2.3039044e+01 -2.2918928e+01 -2.2918928e+01 -2.2918928e+01 -2.2918800e+01 -2.2918800e+01 -2.2918800e+01 -2.2918528e+01 -2.2918528e+01 -9.5856871e-01 -9.5856871e-01 -9.5856871e-01 -9.5757539e-01 -1.8342882e-01 -1.8342882e-01 -1.8342882e-01 -1.8332900e-01 +2.2815962e+00 +2.2815962e+00 +2.2815962e+00 +2.2816207e+00 
-4.1968214e+01 -4.1968080e+01 -4.1968065e+01 -4.1968052e+01 -2.3039260e+01 -2.3039211e+01 -2.3039140e+01 -2.3038864e+01 -2.2919134e+01 -2.2918970e+01 -2.2918960e+01 -2.2918959e+01 -2.2918847e+01 -2.2918844e+01 -2.2918616e+01 -2.2918569e+01 -9.7553251e-01 -9.7506179e-01 -9.5489443e-01 -9.5438654e-01 -1.8309520e-01 -1.8304560e-01 -1.6632653e-01 -1.6629161e-01 +2.2777205e+00 +2.2777757e+00 +2.2811120e+00 +2.2812275e+00 
-4.1968233e+01 -4.1968123e+01 -4.1968047e+01 -4.1968009e+01 -2.3038935e+01 -2.3038823e+01 -2.3038456e+01 -2.3038243e+01 -2.2919806e+01 -2.2919593e+01 -2.2919107e+01 -2.2919096e+01 -2.2918947e+01 -2.2918921e+01 -2.2918717e+01 -2.2918680e+01 -1.0224034e+00 -1.0219586e+00 -9.4389076e-01 -9.4339246e-01 -1.8208617e-01 -1.8203698e-01 -1.1905751e-01 -1.1905566e-01 +2.2660075e+00 +2.2660624e+00 +2.2796185e+00 +2.2797299e+00 
-4.1968287e+01 -4.1968195e+01 -4.1967994e+01 -4.1967939e+01 -2.3038396e+01 -2.3038257e+01 -2.3037325e+01 -2.3037138e+01 -2.2920927e+01 -2.2920704e+01 -2.2919380e+01 -2.2919361e+01 -2.2919054e+01 -2.2919037e+01 -2.2918839e+01 -2.2918822e+01 -1.0906176e+00 -1.0902112e+00 -9.2561527e-01 -9.2511996e-01 -1.8037741e-01 -1.8032903e-01 -5.0259758e-02 -5.0214627e-02 +2.2466024e+00 +2.2466573e+00 +2.2771173e+00 +2.2772237e+00 
-4.1968378e+01 -4.1968293e+01 -4.1967905e+01 -4.1967842e+01 -2.3037645e+01 -2.3037495e+01 -2.3035761e+01 -2.3035585e+01 -2.2922479e+01 -2.2922253e+01 -2.2919794e+01 -2.2919748e+01 -2.2919195e+01 -2.2919187e+01 -2.2919028e+01 -2.2918954e+01 -1.1722136e+00 -1.1718436e+00 -9.0016385e-01 -8.9967110e-01 -1.7792881e-01 -1.7788155e-01 +3.2108635e-02 +3.2194839e-02 +2.2196821e+00 +2.2197372e+00 +2.2735980e+00 +2.2736976e+00 
-4.1968498e+01 -4.1968418e+01 -4.1967786e+01 -4.1967719e+01 -2.3036687e+01 -2.3036532e+01 -2.3033783e+01 -2.3033614e+01 -2.2924440e+01 -2.2924213e+01 -2.2920331e+01 -2.2920267e+01 -2.2919393e+01 -2.2919352e+01 -2.2919245e+01 -2.2919118e+01 -1.2615937e+00 -1.2612549e+00 -8.6767064e-01 -8.6718081e-01 -1.7468520e-01 -1.7463932e-01 +1.2240902e-01 +1.2253124e-01 +2.1854912e+00 +2.1855464e+00 +2.2690597e+00 +2.2691504e+00 
-4.1968644e+01 -4.1968566e+01 -4.1967642e+01 -4.1967572e+01 -2.3035528e+01 -2.3035370e+01 -2.3031417e+01 -2.3031251e+01 -2.2926787e+01 -2.2926560e+01 -2.2920988e+01 -2.2920913e+01 -2.2919630e+01 -2.2919547e+01 -2.2919491e+01 -2.2919314e+01 -1.3551497e+00 -1.3548367e+00 -8.2830773e-01 -8.2782141e-01 -1.7057730e-01 -1.7053302e-01 +2.1698448e-01 +2.1713730e-01 +2.1443392e+00 +2.1443944e+00 +2.2635230e+00 +2.2636029e+00 
-4.1968815e+01 -4.1968738e+01 -4.1967474e+01 -4.1967402e+01 -2.3034176e+01 -2.3034015e+01 -2.3028691e+01 -2.3028528e+01 -2.2929490e+01 -2.2929263e+01 -2.2921763e+01 -2.2921683e+01 -2.2919901e+01 -2.2919771e+01 -2.2919768e+01 -2.2919538e+01 -1.4505509e+00 -1.4502592e+00 -7.8228472e-01 -7.8180261e-01 -1.6552293e-01 -1.6548040e-01 +3.1345027e-01 +3.1362858e-01 +2.0965968e+00 +2.0966518e+00 +2.2570441e+00 +2.2571111e+00 
-4.1969006e+01 -4.1968930e+01 -4.1967286e+01 -4.1967212e+01 -2.3032637e+01 -2.3032475e+01 -2.3025640e+01 -2.3025479e+01 -2.2932514e+01 -2.2932288e+01 -2.2922658e+01 -2.2922574e+01 -2.2920203e+01 -2.2920072e+01 -2.2920022e+01 -2.2919789e+01 -1.5462314e+00 -1.5459570e+00 -7.2984813e-01 -7.2937099e-01 -1.5942845e-01 -1.5938777e-01 +4.1018112e-01 +4.1038007e-01 +2.0426907e+00 +2.0427454e+00 +2.2497269e+00 +2.2497793e+00 
-4.1969215e+01 -4.1969140e+01 -4.1967079e+01 -4.1967005e+01 -2.3030923e+01 -2.3030758e+01 -2.3022302e+01 -2.3022144e+01 -2.2935822e+01 -2.2935597e+01 -2.2923669e+01 -2.2923583e+01 -2.2920530e+01 -2.2920400e+01 -2.2920296e+01 -2.2920063e+01 -1.6410813e+00 -1.6408212e+00 -6.7128106e-01 -6.7080963e-01 -1.5219053e-01 -1.5215173e-01 +5.0600229e-01 +5.0621711e-01 +1.9830979e+00 +1.9831522e+00 +2.2417364e+00 +2.2417723e+00 
-4.1969440e+01 -4.1969366e+01 -4.1966858e+01 -4.1966782e+01 -2.3029043e+01 -2.3028877e+01 -2.3018718e+01 -2.3018563e+01 -2.2939372e+01 -2.2939147e+01 -2.2924797e+01 -2.2924709e+01 -2.2920879e+01 -2.2920748e+01 -2.2920591e+01 -2.2920358e+01 -1.7342702e+00 -1.7340219e+00 -6.0690332e-01 -6.0643834e-01 -1.4369809e-01 -1.4366114e-01 +6.0000940e-01 +6.0023525e-01 +1.9183401e+00 +1.9183938e+00 +2.2333074e+00 +2.2333254e+00 
-4.1969678e+01 -4.1969604e+01 -4.1966623e+01 -4.1966546e+01 -2.3027009e+01 -2.3026842e+01 -2.3014935e+01 -2.3014783e+01 -2.2943117e+01 -2.2942894e+01 -2.2926038e+01 -2.2925950e+01 -2.2921243e+01 -2.2921110e+01 -2.2920903e+01 -2.2920670e+01 -1.8251452e+00 -1.8249066e+00 -5.3707280e-01 -5.3661501e-01 -1.3383465e-01 -1.3379943e-01 +6.9146069e-01 +6.9169258e-01 +1.8489785e+00 +1.8490317e+00 +2.2247511e+00 +2.2247521e+00 
-4.1969926e+01 -4.1969853e+01 -4.1966379e+01 -4.1966302e+01 -2.3024836e+01 -2.3024667e+01 -2.3011001e+01 -2.3010852e+01 -2.2947012e+01 -2.2946790e+01 -2.2927390e+01 -2.2927302e+01 -2.2921616e+01 -2.2921481e+01 -2.2921227e+01 -2.2920994e+01 -1.9131700e+00 -1.9129393e+00 -4.6218864e-01 -4.6173873e-01 -1.2248095e-01 -1.2244726e-01 +7.7970928e-01 +7.7994201e-01 +1.7756101e+00 +1.7756628e+00 +2.2164423e+00 +2.2164633e+00 
-4.1970180e+01 -4.1970107e+01 -4.1966129e+01 -4.1966050e+01 -2.3022536e+01 -2.3022366e+01 -2.3006966e+01 -2.3006821e+01 -2.2951006e+01 -2.2950786e+01 -2.2928850e+01 -2.2928762e+01 -2.2921993e+01 -2.2921854e+01 -2.2921560e+01 -2.2921327e+01 -1.9978887e+00 -1.9976645e+00 -3.8269685e-01 -3.8225552e-01 -1.0951813e-01 -1.0948567e-01 +8.6415866e-01 +8.6438690e-01 +1.6988647e+00 +1.6989172e+00 +2.2088718e+00 +2.2089132e+00 
-4.1970438e+01 -4.1970366e+01 -4.1965875e+01 -4.1965796e+01 -2.3020127e+01 -2.3019955e+01 -2.3002883e+01 -2.3002741e+01 -2.2955050e+01 -2.2954831e+01 -2.2930411e+01 -2.2930324e+01 -2.2922367e+01 -2.2922224e+01 -2.2921898e+01 -2.2921664e+01 -2.0789028e+00 -2.0786837e+00 -2.9909908e-01 -2.9866710e-01 -9.4831441e-02 -9.4799849e-02 +9.4423399e-01 +9.4445241e-01 +1.6194039e+00 +1.6194565e+00 +2.2025847e+00 +2.2026461e+00 
-4.1970696e+01 -4.1970624e+01 -4.1965621e+01 -4.1965541e+01 -2.3017625e+01 -2.3017451e+01 -2.2998804e+01 -2.2998667e+01 -2.2959091e+01 -2.2958873e+01 -2.2932068e+01 -2.2931981e+01 -2.2922732e+01 -2.2922583e+01 -2.2922236e+01 -2.2922002e+01 -2.1558561e+00 -2.1556410e+00 -2.1196512e-01 -2.1154337e-01 -7.8314960e-02 -7.8283752e-02 +1.0193674e+00 +1.0195709e+00 +1.5379196e+00 +1.5379729e+00 +2.1981836e+00 +2.1982640e+00 
-4.1970951e+01 -4.1970880e+01 -4.1965371e+01 -4.1965290e+01 -2.3015050e+01 -2.3014874e+01 -2.2994783e+01 -2.2994651e+01 -2.2963079e+01 -2.2962862e+01 -2.2933811e+01 -2.2933725e+01 -2.2923082e+01 -2.2922927e+01 -2.2922570e+01 -2.2922337e+01 -2.2284257e+00 -2.2282136e+00 -1.2194962e-01 -1.2153918e-01 -5.9877529e-02 -5.9846117e-02 +1.0889987e+00 +1.0891826e+00 +1.4551340e+00 +1.4551888e+00 +2.1963013e+00 +2.1963987e+00 
-4.1971200e+01 -4.1971130e+01 -4.1965126e+01 -4.1965045e+01 -2.3012423e+01 -2.3012246e+01 -2.2990872e+01 -2.2990746e+01 -2.2966963e+01 -2.2966748e+01 -2.2935630e+01 -2.2935545e+01 -2.2923410e+01 -2.2923248e+01 -2.2922896e+01 -2.2922663e+01 -2.2963155e+00 -2.2961057e+00 -3.9450733e-02 -3.9418400e-02 -2.9813667e-02 -2.9415917e-02 +1.1525942e+00 +1.1527549e+00 +1.3717985e+00 +1.3718557e+00 +2.1975575e+00 +2.1976688e+00 
-4.1971440e+01 -4.1971370e+01 -4.1964892e+01 -4.1964809e+01 -2.3009769e+01 -2.3009589e+01 -2.2987123e+01 -2.2987003e+01 -2.2970695e+01 -2.2970482e+01 -2.2937511e+01 -2.2937427e+01 -2.2923711e+01 -2.2923542e+01 -2.2923210e+01 -2.2922977e+01 -2.3592526e+00 -2.3590444e+00 -1.6999954e-02 -1.6965833e-02 +6.3548303e-02 +6.3931601e-02 +1.2096857e+00 +1.2098213e+00 +1.2886945e+00 +1.2887548e+00 +2.2024956e+00 +2.2026157e+00 
-4.1971667e+01 -4.1971597e+01 -4.1964669e+01 -4.1964586e+01 -2.3007114e+01 -2.3006931e+01 -2.2983583e+01 -2.2983471e+01 -2.2974229e+01 -2.2974016e+01 -2.2939434e+01 -2.2939352e+01 -2.2923981e+01 -2.2923805e+01 -2.2923508e+01 -2.2923275e+01 -2.4169857e+00 -2.4167784e+00 +7.4596733e-03 +7.4966236e-03 +1.5707569e-01 +1.5744232e-01 +1.2066319e+00 +1.2066994e+00 +1.2599303e+00 +1.2600369e+00 +2.2114991e+00 +2.2116215e+00 
-4.1971878e+01 -4.1971810e+01 -4.1964462e+01 -4.1964378e+01 -2.3004490e+01 -2.3004305e+01 -2.2980299e+01 -2.2980195e+01 -2.2977519e+01 -2.2977308e+01 -2.2941378e+01 -2.2941297e+01 -2.2924216e+01 -2.2924032e+01 -2.2923786e+01 -2.2923553e+01 -2.4692836e+00 -2.4690769e+00 +3.3839376e-02 +3.3880412e-02 +2.4950337e-01 +2.4985069e-01 +1.1264708e+00 +1.1265440e+00 +1.3031583e+00 +1.3032400e+00 +2.2246981e+00 +2.2248146e+00 
-4.1972072e+01 -4.1972004e+01 -4.1964273e+01 -4.1964188e+01 -2.3001935e+01 -2.3001748e+01 -2.2980526e+01 -2.2980315e+01 -2.2977312e+01 -2.2977216e+01 -2.2943312e+01 -2.2943232e+01 -2.2924414e+01 -2.2924222e+01 -2.2924041e+01 -2.2923807e+01 -2.5159364e+00 -2.5157299e+00 +6.1939945e-02 +6.1986577e-02 +3.3931969e-01 +3.3964470e-01 +1.0491242e+00 +1.0492055e+00 +1.3394391e+00 +1.3394974e+00 +2.2418788e+00 +2.2419798e+00 
-4.1972245e+01 -4.1972178e+01 -4.1964103e+01 -4.1964019e+01 -2.2999496e+01 -2.2999306e+01 -2.2983211e+01 -2.2983002e+01 -2.2974657e+01 -2.2974569e+01 -2.2945198e+01 -2.2945120e+01 -2.2924576e+01 -2.2924375e+01 -2.2924268e+01 -2.2924035e+01 -2.5567559e+00 -2.5565494e+00 +9.1393842e-02 +9.1447869e-02 +4.2472639e-01 +4.2502601e-01 +9.7561579e-01 +9.7570718e-01 +1.3690763e+00 +1.3691146e+00 +2.2624137e+00 +2.2624890e+00 
-4.1972396e+01 -4.1972329e+01 -4.1963956e+01 -4.1963871e+01 -2.2997226e+01 -2.2997033e+01 -2.2985542e+01 -2.2985333e+01 -2.2972365e+01 -2.2972285e+01 -2.2946987e+01 -2.2946912e+01 -2.2924702e+01 -2.2924492e+01 -2.2924466e+01 -2.2924233e+01 -2.5915773e+00 -2.5913706e+00 +1.2157374e-01 +1.2163725e-01 +5.0361283e-01 +5.0388442e-01 +9.0715464e-01 +9.0725810e-01 +1.3925767e+00 +1.3925990e+00 +2.2852203e+00 +2.2852604e+00 
-4.1972521e+01 -4.1972455e+01 -4.1963834e+01 -4.1963748e+01 -2.2995194e+01 -2.2994997e+01 -2.2987489e+01 -2.2987282e+01 -2.2970460e+01 -2.2970388e+01 -2.2948619e+01 -2.2948546e+01 -2.2924796e+01 -2.2924632e+01 -2.2924578e+01 -2.2924399e+01 -2.6202598e+00 -2.6200529e+00 +1.5145218e-01 +1.5152740e-01 +5.7356752e-01 +5.7380968e-01 +8.4526712e-01 +8.4538469e-01 +1.4105725e+00 +1.4105827e+00 +2.3087434e+00 +2.3087461e+00 
-4.1972621e+01 -4.1972555e+01 -4.1963737e+01 -4.1963650e+01 -2.2993476e+01 -2.2993276e+01 -2.2989030e+01 -2.2988822e+01 -2.2968961e+01 -2.2968897e+01 -2.2950020e+01 -2.2949949e+01 -2.2924862e+01 -2.2924763e+01 -2.2924638e+01 -2.2924530e+01 -2.6426879e+00 -2.6424807e+00 +1.7940824e-01 +1.7949712e-01 +6.3196181e-01 +6.3217541e-01 +7.9198514e-01 +7.9211840e-01 +1.4237260e+00 +1.4237278e+00 +2.3309339e+00 +2.3309828e+00 
-4.1972693e+01 -4.1972628e+01 -4.1963666e+01 -4.1963580e+01 -2.2992160e+01 -2.2991956e+01 -2.2990144e+01 -2.2989937e+01 -2.2967882e+01 -2.2967823e+01 -2.2951107e+01 -2.2951038e+01 -2.2924904e+01 -2.2924858e+01 -2.2924675e+01 -2.2924625e+01 -2.6587719e+00 -2.6585645e+00 +2.0304408e-01 +2.0314717e-01 +6.7614451e-01 +6.7633363e-01 +7.5002748e-01 +7.5017648e-01 +1.4326362e+00 +1.4326399e+00 +2.3494681e+00 +2.3495602e+00 
-4.1972737e+01 -4.1972671e+01 -4.1963624e+01 -4.1963537e+01 -2.2991328e+01 -2.2991122e+01 -2.2990818e+01 -2.2990611e+01 -2.2967232e+01 -2.2967176e+01 -2.2951800e+01 -2.2951733e+01 -2.2924927e+01 -2.2924915e+01 -2.2924695e+01 -2.2924682e+01 -2.6684478e+00 -2.6682402e+00 +2.1926617e-01 +2.1938081e-01 +7.0376383e-01 +7.0393624e-01 +7.2271851e-01 +7.2288003e-01 +1.4377811e+00 +1.4377879e+00 +2.3619070e+00 +2.3620307e+00 
-4.1972751e+01 -4.1972686e+01 -4.1963610e+01 -4.1963523e+01 -2.2991043e+01 -2.2991043e+01 -2.2990836e+01 -2.2990836e+01 -2.2967015e+01 -2.2966960e+01 -2.2952039e+01 -2.2951972e+01 -2.2924935e+01 -2.2924935e+01 -2.2924701e+01 -2.2924701e+01 -2.6716773e+00 -2.6714697e+00 +2.2510381e-01 +2.2522304e-01 +7.1316940e-01 +7.1316941e-01 +7.1333584e-01 +7.1333585e-01 +1.4394620e+00 +1.4394698e+00 +2.3663062e+00 +2.3664415e+00 
-4.1968199e+01 -4.1968108e+01 -4.1968108e+01 -4.1968045e+01 -2.2999624e+01 -2.2999624e+01 -2.2999554e+01 -2.2999272e+01 -2.2958059e+01 -2.2958051e+01 -2.2958051e+01 -2.2957620e+01 -2.2918993e+01 -2.2918993e+01 -2.2918907e+01 -2.2918630e+01 -1.5110360e+00 -1.5106207e+00 -1.5104729e+00 -1.5104729e+00 +1.0116071e+00 +1.0118627e+00 +1.0119546e+00 +1.0119546e+00 +1.5510228e+00 +1.5510228e+00 +1.5517721e+00 +1.5526748e+00 
-4.1968199e+01 -4.1968108e+01 -4.1968108e+01 -4.1968045e+01 -2.3000095e+01 -2.3000095e+01 -2.3000026e+01 -2.2999743e+01 -2.2957590e+01 -2.2957582e+01 -2.2957582e+01 -2.2957152e+01 -2.2918993e+01 -2.2918993e+01 -2.2918906e+01 -2.2918629e+01 -1.5088286e+00 -1.5084121e+00 -1.5082687e+00 -1.5082687e+00 +9.9727754e-01 +9.9755031e-01 +9.9758419e-01 +9.9758419e-01 +1.5641287e+00 +1.5641287e+00 +1.5648235e+00 +1.5657040e+00 
-4.1968199e+01 -4.1968107e+01 -4.1968107e+01 -4.1968045e+01 -2.3001439e+01 -2.3001439e+01 -2.3001372e+01 -2.3001085e+01 -2.2956253e+01 -2.2956245e+01 -2.2956245e+01 -2.2955820e+01 -2.2918991e+01 -2.2918991e+01 -2.2918904e+01 -2.2918627e+01 -1.5022198e+00 -1.5017997e+00 -1.5016697e+00 -1.5016697e+00 +9.5800184e-01 +9.5821513e-01 +9.5821513e-01 +9.5831321e-01 +1.5996667e+00 +1.5996667e+00 +1.6002284e+00 +1.6010550e+00 
-4.1968200e+01 -4.1968106e+01 -4.1968106e+01 -4.1968046e+01 -2.3003484e+01 -2.3003484e+01 -2.3003422e+01 -2.3003128e+01 -2.2954221e+01 -2.2954211e+01 -2.2954211e+01 -2.2953793e+01 -2.2918988e+01 -2.2918988e+01 -2.2918901e+01 -2.2918624e+01 -1.4912512e+00 -1.4908251e+00 -1.4907172e+00 -1.4907172e+00 +9.0136078e-01 +9.0147479e-01 +9.0147479e-01 +9.0171186e-01 +1.6499021e+00 +1.6499021e+00 +1.6503014e+00 +1.6510632e+00 
-4.1968201e+01 -4.1968104e+01 -4.1968104e+01 -4.1968047e+01 -2.3006030e+01 -2.3006030e+01 -2.3005972e+01 -2.3005673e+01 -2.2951693e+01 -2.2951680e+01 -2.2951680e+01 -2.2951271e+01 -2.2918984e+01 -2.2918984e+01 -2.2918896e+01 -2.2918620e+01 -1.4759930e+00 -1.4755585e+00 -1.4754811e+00 -1.4754811e+00 +8.3397099e-01 +8.3400368e-01 +8.3400368e-01 +8.3435277e-01 +1.7080287e+00 +1.7080287e+00 +1.7082654e+00 +1.7089618e+00 
-4.1968202e+01 -4.1968102e+01 -4.1968102e+01 -4.1968049e+01 -2.3008896e+01 -2.3008896e+01 -2.3008844e+01 -2.3008540e+01 -2.2948850e+01 -2.2948833e+01 -2.2948833e+01 -2.2948433e+01 -2.2918979e+01 -2.2918979e+01 -2.2918891e+01 -2.2918615e+01 -1.4565466e+00 -1.4561009e+00 -1.4560623e+00 -1.4560623e+00 +7.6018922e-01 +7.6018922e-01 +7.6021479e-01 +7.6061614e-01 +1.7694556e+00 +1.7694556e+00 +1.7695405e+00 +1.7701737e+00 
-4.1968203e+01 -4.1968099e+01 -4.1968099e+01 -4.1968050e+01 -2.3011940e+01 -2.3011940e+01 -2.3011894e+01 -2.3011585e+01 -2.2945835e+01 -2.2945813e+01 -2.2945813e+01 -2.2945423e+01 -2.2918973e+01 -2.2918973e+01 -2.2918884e+01 -2.2918608e+01 -1.4330473e+00 -1.4325957e+00 -1.4325957e+00 -1.4325877e+00 +6.8272700e-01 +6.8272700e-01 +6.8279006e-01 +6.8320060e-01 +1.8312192e+00 +1.8312702e+00 +1.8312702e+00 +1.8317912e+00 
-4.1968204e+01 -4.1968096e+01 -4.1968096e+01 -4.1968052e+01 -2.3015052e+01 -2.3015052e+01 -2.3015011e+01 -2.3014698e+01 -2.2942758e+01 -2.2942729e+01 -2.2942729e+01 -2.2942350e+01 -2.2918966e+01 -2.2918966e+01 -2.2918877e+01 -2.2918602e+01 -1.4056690e+00 -1.4052544e+00 -1.4052544e+00 -1.4051926e+00 +6.0330213e-01 +6.0330213e-01 +6.0338615e-01 +6.0379668e-01 +1.8914189e+00 +1.8915865e+00 +1.8915865e+00 +1.8919311e+00 
-4.1968205e+01 -4.1968093e+01 -4.1968093e+01 -4.1968054e+01 -2.3018148e+01 -2.3018148e+01 -2.3018113e+01 -2.3017797e+01 -2.2939702e+01 -2.2939666e+01 -2.2939666e+01 -2.2939296e+01 -2.2918959e+01 -2.2918959e+01 -2.2918869e+01 -2.2918594e+01 -1.3746311e+00 -1.3742569e+00 -1.3742569e+00 -1.3741346e+00 +5.2303315e-01 +5.2303315e-01 +5.2312605e-01 +5.2352833e-01 +1.9488705e+00 +1.9491330e+00 +1.9491330e+00 +1.9493241e+00 
-4.1968206e+01 -4.1968090e+01 -4.1968090e+01 -4.1968055e+01 -2.3021165e+01 -2.3021165e+01 -2.3021136e+01 -2.3020817e+01 -2.2936729e+01 -2.2936685e+01 -2.2936685e+01 -2.2936325e+01 -2.2918951e+01 -2.2918951e+01 -2.2918861e+01 -2.2918586e+01 -1.3402075e+00 -1.3398763e+00 -1.3398763e+00 -1.3396872e+00 +4.4273193e-01 +4.4273193e-01 +4.4282569e-01 +4.4321210e-01 +2.0026925e+00 +2.0030259e+00 +2.0030259e+00 +2.0030889e+00 
-4.1968207e+01 -4.1968087e+01 -4.1968087e+01 -4.1968057e+01 -2.3024052e+01 -2.3024052e+01 -2.3024027e+01 -2.3023707e+01 -2.2933891e+01 -2.2933838e+01 -2.2933838e+01 -2.2933488e+01 -2.2918944e+01 -2.2918944e+01 -2.2918853e+01 -2.2918578e+01 -1.3027403e+00 -1.3024535e+00 -1.3024535e+00 -1.3021922e+00 +3.6306014e-01 +3.6306014e-01 +3.6315029e-01 +3.6351356e-01 +2.0522691e+00 +2.0526100e+00 +2.0526482e+00 +2.0526482e+00 
-4.1968209e+01 -4.1968084e+01 -4.1968084e+01 -4.1968059e+01 -2.3026767e+01 -2.3026767e+01 -2.3026747e+01 -2.3026425e+01 -2.2931226e+01 -2.2931166e+01 -2.2931166e+01 -2.2930824e+01 -2.2918936e+01 -2.2918936e+01 -2.2918844e+01 -2.2918570e+01 -1.2626598e+00 -1.2624179e+00 -1.2624179e+00 -1.2620795e+00 +2.8463354e-01 +2.8463354e-01 +2.8471847e-01 +2.8505146e-01 +2.0971831e+00 +2.0974708e+00 +2.0975830e+00 +2.0975830e+00 
-4.1968210e+01 -4.1968080e+01 -4.1968080e+01 -4.1968060e+01 -2.3029276e+01 -2.3029276e+01 -2.3029260e+01 -2.3028938e+01 -2.2928767e+01 -2.2928700e+01 -2.2928700e+01 -2.2928366e+01 -2.2918929e+01 -2.2918929e+01 -2.2918836e+01 -2.2918563e+01 -1.2205134e+00 -1.2203155e+00 -1.2203155e+00 -1.2198959e+00 +2.0810276e-01 +2.0810276e-01 +2.0818303e-01 +2.0847862e-01 +2.1371764e+00 +2.1374139e+00 +2.1375740e+00 +2.1375740e+00 
-4.1968210e+01 -4.1968077e+01 -4.1968077e+01 -4.1968062e+01 -2.3031551e+01 -2.3031551e+01 -2.3031539e+01 -2.3031216e+01 -2.2926542e+01 -2.2926469e+01 -2.2926469e+01 -2.2926142e+01 -2.2918922e+01 -2.2918922e+01 -2.2918829e+01 -2.2918555e+01 -1.1770079e+00 -1.1768519e+00 -1.1768519e+00 -1.1763475e+00 +1.3422841e-01 +1.3422841e-01 +1.3430599e-01 +1.3455706e-01 +2.1721228e+00 +2.1723138e+00 +2.1724983e+00 +2.1724983e+00 
-4.1968211e+01 -4.1968075e+01 -4.1968075e+01 -4.1968063e+01 -2.3033568e+01 -2.3033568e+01 -2.3033560e+01 -2.3033235e+01 -2.2924573e+01 -2.2924494e+01 -2.2924494e+01 -2.2924173e+01 -2.2918915e+01 -2.2918915e+01 -2.2918822e+01 -2.2918549e+01 -1.1330701e+00 -1.1329529e+00 -1.1329529e+00 -1.1323610e+00 +6.3962785e-02 +6.3962785e-02 +6.4040256e-02 +6.4239831e-02 +2.2020058e+00 +2.2021548e+00 +2.2023441e+00 +2.2023441e+00 
-4.1968212e+01 -4.1968072e+01 -4.1968072e+01 -4.1968064e+01 -2.3035307e+01 -2.3035307e+01 -2.3035301e+01 -2.3034977e+01 -2.2922877e+01 -2.2922793e+01 -2.2922793e+01 -2.2922477e+01 -2.2918909e+01 -2.2918909e+01 -2.2918815e+01 -2.2918543e+01 -1.0899306e+00 -1.0898479e+00 -1.0898479e+00 -1.0891671e+00 -1.4537085e-03 -1.4537085e-03 -1.3737846e-03 -1.2320990e-03 +2.2268954e+00 +2.2270076e+00 +2.2271874e+00 +2.2271874e+00 
-4.1968212e+01 -4.1968070e+01 -4.1968070e+01 -4.1968065e+01 -2.3036752e+01 -2.3036752e+01 -2.3036748e+01 -2.3036424e+01 -2.2921471e+01 -2.2921383e+01 -2.2921383e+01 -2.2921071e+01 -2.2918904e+01 -2.2918904e+01 -2.2918810e+01 -2.2918537e+01 -1.0492259e+00 -1.0491724e+00 -1.0491724e+00 -1.0484033e+00 -6.0382395e-02 -6.0382395e-02 -6.0298068e-02 -6.0219012e-02 +2.2469229e+00 +2.2470042e+00 +2.2471657e+00 +2.2471657e+00 
-4.1968213e+01 -4.1968068e+01 -4.1968068e+01 -4.1968065e+01 -2.3037890e+01 -2.3037890e+01 -2.3037887e+01 -2.3037562e+01 -2.2920365e+01 -2.2920275e+01 -2.2920275e+01 -2.2919965e+01 -2.2918899e+01 -2.2918899e+01 -2.2918806e+01 -2.2918533e+01 -1.0130889e+00 -1.0130587e+00 -1.0130587e+00 -1.0122059e+00 -1.1069114e-01 -1.1069114e-01 -1.1060146e-01 -1.1058608e-01 +2.2622528e+00 +2.2623096e+00 +2.2624496e+00 +2.2624496e+00 
-4.1968213e+01 -4.1968067e+01 -4.1968067e+01 -4.1968066e+01 -2.3038709e+01 -2.3038709e+01 -2.3038708e+01 -2.3038383e+01 -2.2919569e+01 -2.2919480e+01 -2.2919480e+01 -2.2919169e+01 -2.2918893e+01 -2.2918893e+01 -2.2918803e+01 -2.2918530e+01 -9.8413778e-01 -9.8412435e-01 -9.8412435e-01 -9.8319954e-01 -1.4976353e-01 -1.4976353e-01 -1.4971121e-01 -1.4966873e-01 +2.2730535e+00 +2.2730924e+00 +2.2732129e+00 +2.2732129e+00 
-4.1968213e+01 -4.1968066e+01 -4.1968066e+01 -4.1968066e+01 -2.3039204e+01 -2.3039204e+01 -2.3039203e+01 -2.3038878e+01 -2.2919089e+01 -2.2919018e+01 -2.2919018e+01 -2.2918871e+01 -2.2918871e+01 -2.2918801e+01 -2.2918688e+01 -2.2918529e+01 -9.6519102e-01 -9.6518767e-01 -9.6518767e-01 -9.6421261e-01 -1.7478252e-01 -1.7478252e-01 -1.7476838e-01 -1.7468404e-01 +2.2794691e+00 +2.2794972e+00 +2.2796033e+00 +2.2796033e+00 
-4.1968213e+01 -4.1968066e+01 -4.1968066e+01 -4.1968066e+01 -2.3039369e+01 -2.3039369e+01 -2.3039369e+01 -2.3039044e+01 -2.2918928e+01 -2.2918928e+01 -2.2918928e+01 -2.2918800e+01 -2.2918800e+01 -2.2918800e+01 -2.2918528e+01 -2.2918528e+01 -9.5856871e-01 -9.5856871e-01 -9.5856871e-01 -9.5757539e-01 -1.8342882e-01 -1.8342882e-01 -1.8342882e-01 -1.8332900e-01 +2.2815962e+00 +2.2815962e+00 +2.2815962e+00 +2.2816207e+00 
