# num high symmetry points
8
# label high symmetry points
G X M G R X M R 
# indices high symmetry points
1 25 49 83 124 158 159 183 
# nk, nb, ns
183 16 1
# k-points (frac coords)
+0.0000000e+00 +0.0000000e+00 +0.0000000e+00 
+0.0000000e+00 +2.0833333e-02 +0.0000000e+00 
+0.0000000e+00 +4.1666667e-02 +0.0000000e+00 
+0.0000000e+00 +6.2500000e-02 +0.0000000e+00 
+0.0000000e+00 +8.3333333e-02 +0.0000000e+00 
+0.0000000e+00 +1.0416667e-01 +0.0000000e+00 
+0.0000000e+00 +1.2500000e-01 +0.0000000e+00 
+0.0000000e+00 +1.4583333e-01 +0.0000000e+00 
+0.0000000e+00 +1.6666667e-01 +0.0000000e+00 
+0.0000000e+00 +1.8750000e-01 +0.0000000e+00 
+0.0000000e+00 +2.0833333e-01 +0.0000000e+00 
+0.0000000e+00 +2.2916667e-01 +0.0000000e+00 
+0.0000000e+00 +2.5000000e-01 +0.0000000e+00 
+0.0000000e+00 +2.7083333e-01 +0.0000000e+00 
+0.0000000e+00 +2.9166667e-01 +0.0000000e+00 
+0.0000000e+00 +3.1250000e-01 +0.0000000e+00 
+0.0000000e+00 +3.3333333e-01 +0.0000000e+00 
+0.0000000e+00 +3.5416667e-01 +0.0000000e+00 
+0.0000000e+00 +3.7500000e-01 +0.0000000e+00 
+0.0000000e+00 +3.9583333e-01 +0.0000000e+00 
+0.0000000e+00 +4.1666667e-01 +0.0000000e+00 
+0.0000000e+00 +4.3750000e-01 +0.0000000e+00 
+0.0000000e+00 +4.5833333e-01 +0.0000000e+00 
+0.0000000e+00 +4.7916667e-01 +0.0000000e+00 
+0.0000000e+00 +5.0000000e-01 +0.0000000e+00 
+2.0833333e-02 +5.0000000e-01 +0.0000000e+00 
+4.1666667e-02 +5.0000000e-01 +0.0000000e+00 
+6.2500000e-02 +5.0000000e-01 +0.0000000e+00 
+8.3333333e-02 +5.0000000e-01 +0.0000000e+00 
+1.0416667e-01 +5.0000000e-01 +0.0000000e+00 
+1.2500000e-01 +5.0000000e-01 +0.0000000e+00 
+1.4583333e-01 +5.0000000e-01 +0.0000000e+00 
+1.6666667e-01 +5.0000000e-01 +0.0000000e+00 
+1.8750000e-01 +5.0000000e-01 +0.0000000e+00 
+2.0833333e-01 +5.0000000e-01 +0.0000000e+00 
+2.2916667e-01 +5.0000000e-01 +0.0000000e+00 
+2.5000000e-01 +5.0000000e-01 +0.0000000e+00 
+2.7083333e-01 +5.0000000e-01 +0.0000000e+00 
+2.9166667e-01 +5.0000000e-01 +0.0000000e+00 
+3.1250000e-01 +5.0000000e-01 +0.0000000e+00 
+3.3333333e-01 +5.0000000e-01 +0.0000000e+00 
+3.5416667e-01 +5.0000000e-01 +0.0000000e+00 
+3.7500000e-01 +5.0000000e-01 +0.0000000e+00 
+3.9583333e-01 +5.0000000e-01 +0.0000000e+00 
+4.1666667e-01 +5.0000000e-01 +0.0000000e+00 
+4.3750000e-01 +5.0000000e-01 +0.0000000e+00 
+4.5833333e-01 +5.0000000e-01 +0.0000000e+00 
+4.7916667e-01 +5.0000000e-01 +0.0000000e+00 
+5.0000000e-01 +5.0000000e-01 +0.0000000e+00 
+4.8529412e-01 +4.8529412e-01 +0.0000000e+00 
+4.7058824e-01 +4.7058824e-01 +0.0000000e+00 
+4.5588235e-01 +4.5588235e-01 +0.0000000e+00 
+4.4117647e-01 +4.4117647e-01 +0.0000000e+00 
+4.2647059e-01 +4.2647059e-01 +0.0000000e+00 
+4.1176471e-01 +4.1176471e-01 +0.0000000e+00 
+3.9705882e-01 +3.9705882e-01 +0.0000000e+00 
+3.8235294e-01 +3.8235294e-01 +0.0000000e+00 
+3.6764706e-01 +3.6764706e-01 +0.0000000e+00 
+3.5294118e-01 +3.5294118e-01 +0.0000000e+00 
+3.3823529e-01 +3.3823529e-01 +0.0000000e+00 
+3.2352941e-01 +3.2352941e-01 +0.0000000e+00 
+3.0882353e-01 +3.0882353e-01 +0.0000000e+00 
+2.9411765e-01 +2.9411765e-01 +0.0000000e+00 
+2.7941176e-01 +2.7941176e-01 +0.0000000e+00 
+2.6470588e-01 +2.6470588e-01 +0.0000000e+00 
+2.5000000e-01 +2.5000000e-01 +0.0000000e+00 
+2.3529412e-01 +2.3529412e-01 +0.0000000e+00 
+2.2058824e-01 +2.2058824e-01 +0.0000000e+00 
+2.0588235e-01 +2.0588235e-01 +0.0000000e+00 
+1.9117647e-01 +1.9117647e-01 +0.0000000e+00 
+1.7647059e-01 +1.7647059e-01 +0.0000000e+00 
+1.6176471e-01 +1.6176471e-01 +0.0000000e+00 
+1.4705882e-01 +1.4705882e-01 +0.0000000e+00 
+1.3235294e-01 +1.3235294e-01 +0.0000000e+00 
+1.1764706e-01 +1.1764706e-01 +0.0000000e+00 
+1.0294118e-01 +1.0294118e-01 +0.0000000e+00 
+8.8235294e-02 +8.8235294e-02 +0.0000000e+00 
+7.3529412e-02 +7.3529412e-02 +0.0000000e+00 
+5.8823529e-02 +5.8823529e-02 +0.0000000e+00 
+4.4117647e-02 +4.4117647e-02 +0.0000000e+00 
+2.9411765e-02 +2.9411765e-02 +0.0000000e+00 
+1.4705882e-02 +1.4705882e-02 +0.0000000e+00 
+0.0000000e+00 +0.0000000e+00 +0.0000000e+00 
+1.2195122e-02 +1.2195122e-02 +1.2195122e-02 
+2.4390244e-02 +2.4390244e-02 +2.4390244e-02 
+3.6585366e-02 +3.6585366e-02 +3.6585366e-02 
+4.8780488e-02 +4.8780488e-02 +4.8780488e-02 
+6.0975610e-02 +6.0975610e-02 +6.0975610e-02 
+7.3170732e-02 +7.3170732e-02 +7.3170732e-02 
+8.5365854e-02 +8.5365854e-02 +8.5365854e-02 
+9.7560976e-02 +9.7560976e-02 +9.7560976e-02 
+1.0975610e-01 +1.0975610e-01 +1.0975610e-01 
+1.2195122e-01 +1.2195122e-01 +1.2195122e-01 
+1.3414634e-01 +1.3414634e-01 +1.3414634e-01 
+1.4634146e-01 +1.4634146e-01 +1.4634146e-01 
+1.5853659e-01 +1.5853659e-01 +1.5853659e-01 
+1.7073171e-01 +1.7073171e-01 +1.7073171e-01 
+1.8292683e-01 +1.8292683e-01 +1.8292683e-01 
+1.9512195e-01 +1.9512195e-01 +1.9512195e-01 
+2.0731707e-01 +2.0731707e-01 +2.0731707e-01 
+2.1951220e-01 +2.1951220e-01 +2.1951220e-01 
+2.3170732e-01 +2.3170732e-01 +2.3170732e-01 
+2.4390244e-01 +2.4390244e-01 +2.4390244e-01 
+2.5609756e-01 +2.5609756e-01 +2.5609756e-01 
+2.6829268e-01 +2.6829268e-01 +2.6829268e-01 
+2.8048780e-01 +2.8048780e-01 +2.8048780e-01 
+2.9268293e-01 +2.9268293e-01 +2.9268293e-01 
+3.0487805e-01 +3.0487805e-01 +3.0487805e-01 
+3.1707317e-01 +3.1707317e-01 +3.1707317e-01 
+3.2926829e-01 +3.2926829e-01 +3.2926829e-01 
+3.4146341e-01 +3.4146341e-01 +3.4146341e-01 
+3.5365854e-01 +3.5365854e-01 +3.5365854e-01 
+3.6585366e-01 +3.6585366e-01 +3.6585366e-01 
+3.7804878e-01 +3.7804878e-01 +3.7804878e-01 
+3.9024390e-01 +3.9024390e-01 +3.9024390e-01 
+4.0243902e-01 +4.0243902e-01 +4.0243902e-01 
+4.1463415e-01 +4.1463415e-01 +4.1463415e-01 
+4.2682927e-01 +4.2682927e-01 +4.2682927e-01 
+4.3902439e-01 +4.3902439e-01 +4.3902439e-01 
+4.5121951e-01 +4.5121951e-01 +4.5121951e-01 
+4.6341463e-01 +4.6341463e-01 +4.6341463e-01 
+4.7560976e-01 +4.7560976e-01 +4.7560976e-01 
+4.8780488e-01 +4.8780488e-01 +4.8780488e-01 
+5.0000000e-01 +5.0000000e-01 +5.0000000e-01 
+4.8529412e-01 +5.0000000e-01 +4.8529412e-01 
+4.7058824e-01 +5.0000000e-01 +4.7058824e-01 
+4.5588235e-01 +5.0000000e-01 +4.5588235e-01 
+4.4117647e-01 +5.0000000e-01 +4.4117647e-01 
+4.2647059e-01 +5.0000000e-01 +4.2647059e-01 
+4.1176471e-01 +5.0000000e-01 +4.1176471e-01 
+3.9705882e-01 +5.0000000e-01 +3.9705882e-01 
+3.8235294e-01 +5.0000000e-01 +3.8235294e-01 
+3.6764706e-01 +5.0000000e-01 +3.6764706e-01 
+3.5294118e-01 +5.0000000e-01 +3.5294118e-01 
+3.3823529e-01 +5.0000000e-01 +3.3823529e-01 
+3.2352941e-01 +5.0000000e-01 +3.2352941e-01 
+3.0882353e-01 +5.0000000e-01 +3.0882353e-01 
+2.9411765e-01 +5.0000000e-01 +2.9411765e-01 
+2.7941176e-01 +5.0000000e-01 +2.7941176e-01 
+2.6470588e-01 +5.0000000e-01 +2.6470588e-01 
+2.5000000e-01 +5.0000000e-01 +2.5000000e-01 
+2.3529412e-01 +5.0000000e-01 +2.3529412e-01 
+2.2058824e-01 +5.0000000e-01 +2.2058824e-01 
+2.0588235e-01 +5.0000000e-01 +2.0588235e-01 
+1.9117647e-01 +5.0000000e-01 +1.9117647e-01 
+1.7647059e-01 +5.0000000e-01 +1.7647059e-01 
+1.6176471e-01 +5.0000000e-01 +1.6176471e-01 
+1.4705882e-01 +5.0000000e-01 +1.4705882e-01 
+1.3235294e-01 +5.0000000e-01 +1.3235294e-01 
+1.1764706e-01 +5.0000000e-01 +1.1764706e-01 
+1.0294118e-01 +5.0000000e-01 +1.0294118e-01 
+8.8235294e-02 +5.0000000e-01 +8.8235294e-02 
+7.3529412e-02 +5.0000000e-01 +7.3529412e-02 
+5.8823529e-02 +5.0000000e-01 +5.8823529e-02 
+4.4117647e-02 +5.0000000e-01 +4.4117647e-02 
+2.9411765e-02 +5.0000000e-01 +2.9411765e-02 
+1.4705882e-02 +5.0000000e-01 +1.4705882e-02 
+0.0000000e+00 +5.0000000e-01 +0.0000000e+00 
+5.0000000e-01 +5.0000000e-01 +0.0000000e+00 
+5.0000000e-01 +5.0000000e-01 +2.0833333e-02 
+5.0000000e-01 +5.0000000e-01 +4.1666667e-02 
+5.0000000e-01 +5.0000000e-01 +6.2500000e-02 
+5.0000000e-01 +5.0000000e-01 +8.3333333e-02 
+5.0000000e-01 +5.0000000e-01 +1.0416667e-01 
+5.0000000e-01 +5.0000000e-01 +1.2500000e-01 
+5.0000000e-01 +5.0000000e-01 +1.4583333e-01 
+5.0000000e-01 +5.0000000e-01 +1.6666667e-01 
+5.0000000e-01 +5.0000000e-01 +1.8750000e-01 
+5.0000000e-01 +5.0000000e-01 +2.0833333e-01 
+5.0000000e-01 +5.0000000e-01 +2.2916667e-01 
+5.0000000e-01 +5.0000000e-01 +2.5000000e-01 
+5.0000000e-01 +5.0000000e-01 +2.7083333e-01 
+5.0000000e-01 +5.0000000e-01 +2.9166667e-01 
+5.0000000e-01 +5.0000000e-01 +3.1250000e-01 
+5.0000000e-01 +5.0000000e-01 +3.3333333e-01 
+5.0000000e-01 +5.0000000e-01 +3.5416667e-01 
+5.0000000e-01 +5.0000000e-01 +3.7500000e-01 
+5.0000000e-01 +5.0000000e-01 +3.9583333e-01 
+5.0000000e-01 +5.0000000e-01 +4.1666667e-01 
+5.0000000e-01 +5.0000000e-01 +4.3750000e-01 
+5.0000000e-01 +5.0000000e-01 +4.5833333e-01 
+5.0000000e-01 +5.0000000e-01 +4.7916667e-01 
+5.0000000e-01 +5.0000000e-01 +5.0000000e-01 
# energies (kpt,band,spin)
# spin = 1
-2.3312578e+01 -2.3248217e+01 -2.3245053e+01 -2.3245053e+01 -4.9591944e-01 -4.9591944e-01 -4.9591944e-01 -1.7851142e-01 -1.7851142e-01 -1.7851142e-01 -1.7636520e-01 -1.7636520e-01 -1.7636520e-01 -1.0012219e-06 -9.9999128e-07 -9.9999127e-07 
-2.3312508e+01 -2.3248241e+01 -2.3245101e+01 -2.3245053e+01 -4.9558439e-01 -4.9558439e-01 -4.9543605e-01 -1.7862347e-01 -1.7862347e-01 -1.7854856e-01 -1.7641141e-01 -1.7641141e-01 -1.7640233e-01 -5.8126342e-04 -1.9222217e-04 -1.9222093e-04 
-2.3312300e+01 -2.3248319e+01 -2.3245240e+01 -2.3245053e+01 -4.9458058e-01 -4.9458058e-01 -4.9398735e-01 -1.7926995e-01 -1.7926995e-01 -1.7865932e-01 -1.7651310e-01 -1.7623895e-01 -1.7623895e-01 -2.3189103e-03 -7.6504957e-04 -7.6504834e-04 
-2.3311953e+01 -2.3248464e+01 -2.3245455e+01 -2.3245053e+01 -4.9291211e-01 -4.9291211e-01 -4.9157780e-01 -1.8078024e-01 -1.8078024e-01 -1.7884182e-01 -1.7669560e-01 -1.7551611e-01 -1.7551611e-01 -5.2045361e-03 -1.7169810e-03 -1.7169798e-03 
-2.3311469e+01 -2.3248702e+01 -2.3245719e+01 -2.3245053e+01 -4.9058574e-01 -4.9058574e-01 -4.8821484e-01 -1.8309143e-01 -1.8309143e-01 -1.7909294e-01 -1.7694671e-01 -1.7430198e-01 -1.7430198e-01 -9.2225511e-03 -3.0438586e-03 -3.0438574e-03 
-2.3310851e+01 -2.3249067e+01 -2.3245996e+01 -2.3245053e+01 -4.8761095e-01 -4.8761095e-01 -4.8390889e-01 -1.8612049e-01 -1.8612049e-01 -1.7940837e-01 -1.7726214e-01 -1.7267424e-01 -1.7267424e-01 -1.4351307e-02 -4.7398885e-03 -4.7398873e-03 
-2.3310101e+01 -2.3249593e+01 -2.3246248e+01 -2.3245053e+01 -4.8399983e-01 -4.8399983e-01 -4.7867339e-01 -1.8982569e-01 -1.8982569e-01 -1.7978272e-01 -1.7763648e-01 -1.7066783e-01 -1.7066782e-01 -2.0563271e-02 -6.7976671e-03 -6.7976658e-03 
-2.3309221e+01 -2.3250299e+01 -2.3246453e+01 -2.3245053e+01 -4.7976712e-01 -4.7976712e-01 -4.7252482e-01 -1.9417951e-01 -1.9417950e-01 -1.8020958e-01 -1.7806334e-01 -1.6830203e-01 -1.6830203e-01 -2.7825243e-02 -9.2082157e-03 -9.2082145e-03 
-2.3308216e+01 -2.3251183e+01 -2.3246609e+01 -2.3245053e+01 -4.7493007e-01 -4.7493007e-01 -4.6548272e-01 -1.9915763e-01 -1.9915763e-01 -1.8068164e-01 -1.7853540e-01 -1.6559157e-01 -1.6559157e-01 -3.6098624e-02 -1.1961022e-02 -1.1961021e-02 
-2.3307090e+01 -2.3252234e+01 -2.3246723e+01 -2.3245053e+01 -4.6950846e-01 -4.6950846e-01 -4.5756970e-01 -2.0473542e-01 -2.0473542e-01 -1.8119084e-01 -1.7904460e-01 -1.6255016e-01 -1.6255016e-01 -4.5339709e-02 -1.5044087e-02 -1.5044086e-02 
-2.3305846e+01 -2.3253434e+01 -2.3246806e+01 -2.3245053e+01 -4.6352449e-01 -4.6352449e-01 -4.4881149e-01 -2.1088669e-01 -2.1088669e-01 -1.8172845e-01 -1.7958221e-01 -1.5919185e-01 -1.5919185e-01 -5.5500030e-02 -1.8443983e-02 -1.8443982e-02 
-2.3304491e+01 -2.3254769e+01 -2.3246867e+01 -2.3245053e+01 -4.5700269e-01 -4.5700269e-01 -4.3923696e-01 -2.1758326e-01 -2.1758326e-01 -1.8228527e-01 -1.8013904e-01 -1.5553150e-01 -1.5553150e-01 -6.6526724e-02 -2.2145911e-02 -2.2145910e-02 
-2.3303029e+01 -2.3256227e+01 -2.3246913e+01 -2.3245053e+01 -4.4996987e-01 -4.4996987e-01 -4.2887813e-01 -2.2479485e-01 -2.2479485e-01 -1.8285179e-01 -1.8070557e-01 -1.5158498e-01 -1.5158498e-01 -7.8362919e-02 -2.6133772e-02 -2.6133771e-02 
-2.3301468e+01 -2.3257795e+01 -2.3246948e+01 -2.3245053e+01 -4.4245500e-01 -4.4245500e-01 -4.1777016e-01 -2.3248912e-01 -2.3248912e-01 -1.8341830e-01 -1.8127211e-01 -1.4736922e-01 -1.4736922e-01 -9.0948157e-02 -3.0390238e-02 -3.0390236e-02 
-2.3299813e+01 -2.3259464e+01 -2.3246975e+01 -2.3245053e+01 -4.3448912e-01 -4.3448912e-01 -4.0595141e-01 -2.4063176e-01 -2.4063176e-01 -1.8397511e-01 -1.8182896e-01 -1.4290220e-01 -1.4290220e-01 -1.0421882e-01 -3.4896829e-02 -3.4896828e-02 
-2.3298072e+01 -2.3261224e+01 -2.3246996e+01 -2.3245053e+01 -4.2610521e-01 -4.2610521e-01 -3.9346335e-01 -2.4918662e-01 -2.4918662e-01 -1.8451269e-01 -1.8236661e-01 -1.3820295e-01 -1.3820295e-01 -1.1810856e-01 -3.9634002e-02 -3.9634001e-02 
-2.3296251e+01 -2.3263066e+01 -2.3247013e+01 -2.3245053e+01 -4.1733807e-01 -4.1733807e-01 -3.8035061e-01 -2.5811587e-01 -2.5811587e-01 -1.8502186e-01 -1.8287590e-01 -1.3329144e-01 -1.3329143e-01 -1.3254876e-01 -4.4581233e-02 -4.4581231e-02 
-2.3294359e+01 -2.3264979e+01 -2.3247026e+01 -2.3245053e+01 -4.0822421e-01 -4.0822420e-01 -3.6666092e-01 -2.6738015e-01 -2.6738015e-01 -1.8549389e-01 -1.8334818e-01 -1.4746892e-01 -1.2818853e-01 -1.2818853e-01 -4.9717108e-02 -4.9717107e-02 
-2.3292405e+01 -2.3266955e+01 -2.3247037e+01 -2.3245053e+01 -3.9880167e-01 -3.9880167e-01 -3.5244505e-01 -2.7693879e-01 -2.7693879e-01 -1.8592071e-01 -1.8377565e-01 -1.6279694e-01 -1.2291594e-01 -1.2291594e-01 -5.5019425e-02 -5.5019424e-02 
-2.3290398e+01 -2.3268981e+01 -2.3247045e+01 -2.3245053e+01 -3.8910994e-01 -3.8910994e-01 -3.3775677e-01 -2.8674995e-01 -2.8674994e-01 -1.8629502e-01 -1.8415431e-01 -1.7845674e-01 -1.1749609e-01 -1.1749609e-01 -6.0465283e-02 -6.0465282e-02 
-2.3288348e+01 -2.3271049e+01 -2.3247051e+01 -2.3245053e+01 -3.7918973e-01 -3.7918973e-01 -3.2265281e-01 -2.9677081e-01 -2.9677081e-01 -1.9439244e-01 -1.8661041e-01 -1.8446022e-01 -1.1195207e-01 -1.1195207e-01 -6.6031185e-02 -6.6031184e-02 
-2.3286269e+01 -2.3273142e+01 -2.3247056e+01 -2.3245053e+01 -3.6908289e-01 -3.6908289e-01 -3.0719294e-01 -3.0695781e-01 -3.0695781e-01 -2.1050479e-01 -1.8686149e-01 -1.8471338e-01 -1.0630752e-01 -1.0630752e-01 -7.1693126e-02 -7.1693124e-02 
-2.3284183e+01 -2.3275237e+01 -2.3247059e+01 -2.3245053e+01 -3.5883219e-01 -3.5883218e-01 -3.1726678e-01 -3.1726678e-01 -2.9144070e-01 -2.2673229e-01 -1.8704397e-01 -1.8489632e-01 -1.0058662e-01 -1.0058662e-01 -7.7426658e-02 -7.7426656e-02 
-2.3282164e+01 -2.3277264e+01 -2.3247061e+01 -2.3245053e+01 -3.4848129e-01 -3.4848128e-01 -3.2765305e-01 -3.2765304e-01 -2.7546905e-01 -2.4299249e-01 -1.8715472e-01 -1.8500724e-01 -9.4814252e-02 -9.4814251e-02 -8.3206692e-02 -8.3206691e-02 
-2.3280858e+01 -2.3278571e+01 -2.3247061e+01 -2.3245053e+01 -3.3818863e-01 -3.3818863e-01 -3.3795756e-01 -3.3795756e-01 -2.6035334e-01 -2.5820494e-01 -1.8719185e-01 -1.8504441e-01 -8.9157085e-02 -8.9157084e-02 -8.8866427e-02 -8.8866425e-02 
-2.3280822e+01 -2.3278535e+01 -2.3247097e+01 -2.3245089e+01 -3.3868538e-01 -3.3844554e-01 -3.3792538e-01 -3.3769426e-01 -2.6092372e-01 -2.5878266e-01 -1.8653203e-01 -1.8439348e-01 -8.9427065e-02 -8.9136462e-02 -8.8800651e-02 -8.8502617e-02 
-2.3280716e+01 -2.3278428e+01 -2.3247204e+01 -2.3245197e+01 -3.4014019e-01 -3.3987522e-01 -3.3713673e-01 -3.3690546e-01 -2.6261194e-01 -2.6049221e-01 -1.8458840e-01 -1.8247530e-01 -9.0235804e-02 -8.9945366e-02 -8.7753018e-02 -8.7433584e-02 
-2.3280539e+01 -2.3278250e+01 -2.3247381e+01 -2.3245375e+01 -3.4245429e-01 -3.4215094e-01 -3.3582593e-01 -3.3559439e-01 -2.6535276e-01 -2.6326643e-01 -1.8146085e-01 -1.7938658e-01 -9.1579707e-02 -9.1289542e-02 -8.6075698e-02 -8.5722821e-02 
-2.3280292e+01 -2.3278001e+01 -2.3247628e+01 -2.3245625e+01 -3.4548484e-01 -3.4513392e-01 -3.3399839e-01 -3.3376648e-01 -2.6904781e-01 -2.6700430e-01 -1.7729413e-01 -1.7526794e-01 -9.3452799e-02 -9.3163014e-02 -8.3860870e-02 -8.3465245e-02 
-2.3279977e+01 -2.3277683e+01 -2.3247944e+01 -2.3245943e+01 -3.4906765e-01 -3.4866391e-01 -3.3166164e-01 -3.3142926e-01 -2.7357751e-01 -2.7158336e-01 -1.7225516e-01 -1.7028228e-01 -9.5846758e-02 -9.5557457e-02 -8.1219515e-02 -8.0774755e-02 
-2.3279594e+01 -2.3277296e+01 -2.3248327e+01 -2.3246330e+01 -3.5303631e-01 -3.5257769e-01 -3.2882534e-01 -3.2859239e-01 -2.7881253e-01 -2.7687167e-01 -1.6651387e-01 -1.6459630e-01 -9.8750955e-02 -9.8462240e-02 -7.8270021e-02 -7.7772388e-02 
-2.3279146e+01 -2.3276844e+01 -2.3248775e+01 -2.3246782e+01 -3.5723470e-01 -3.5672143e-01 -3.2550121e-01 -3.2526761e-01 -2.8462284e-01 -2.8273704e-01 -1.6023081e-01 -1.5836825e-01 -1.0215251e-01 -1.0186447e-01 -7.5129245e-02 -7.4577151e-02 
-2.3278635e+01 -2.3276328e+01 -2.3249287e+01 -2.3247300e+01 -3.6152317e-01 -3.6095690e-01 -3.2170301e-01 -3.2146865e-01 -2.9088367e-01 -2.8905311e-01 -1.5355087e-01 -1.5174161e-01 -1.0603633e-01 -1.0574907e-01 -7.1906674e-02 -7.1300108e-02 
-2.3278062e+01 -2.3275749e+01 -2.3249860e+01 -2.3247879e+01 -3.6578042e-01 -3.6516355e-01 -3.1744646e-01 -3.1721127e-01 -2.9747872e-01 -2.9570251e-01 -1.4660160e-01 -1.4484317e-01 -1.1038524e-01 -1.1009883e-01 -6.8701313e-02 -6.8041331e-02 
-2.3277432e+01 -2.3275110e+01 -2.3250491e+01 -2.3248518e+01 -3.6990279e-01 -3.6923802e-01 -3.1274922e-01 -3.1251312e-01 -3.0430149e-01 -3.0257803e-01 -1.3949383e-01 -1.3778346e-01 -1.1517999e-01 -1.1489451e-01 -6.5600556e-02 -6.4888866e-02 
-2.3276746e+01 -2.3274415e+01 -2.3251178e+01 -2.3249214e+01 -3.7380249e-01 -3.7309256e-01 -3.1125532e-01 -3.0958264e-01 -3.0763079e-01 -3.0739372e-01 -1.3232350e-01 -1.3065843e-01 -1.2039941e-01 -1.2011493e-01 -6.2680287e-02 -6.1918944e-02 
-2.3276008e+01 -2.3273666e+01 -2.3251917e+01 -2.3249964e+01 -3.7740561e-01 -3.7665312e-01 -3.1825279e-01 -3.1662873e-01 -3.0211248e-01 -3.0187438e-01 -1.2602048e-01 -1.2573706e-01 -1.2517377e-01 -1.2355139e-01 -6.0005638e-02 -5.9196830e-02 
-2.3275221e+01 -2.3272866e+01 -2.3252704e+01 -2.3250765e+01 -3.8065015e-01 -3.7985744e-01 -3.2521490e-01 -3.2363728e-01 -2.9621726e-01 -2.9597809e-01 -1.3201844e-01 -1.3173613e-01 -1.1811695e-01 -1.1653491e-01 -5.7632018e-02 -5.6777921e-02 
-2.3274390e+01 -2.3272018e+01 -2.3253536e+01 -2.3251613e+01 -3.8348434e-01 -3.8265353e-01 -3.3207015e-01 -3.3053684e-01 -2.8996976e-01 -2.8972949e-01 -1.3836693e-01 -1.3808574e-01 -1.1121626e-01 -1.0967250e-01 -5.5606185e-02 -5.4708868e-02 
-2.3273520e+01 -2.3271127e+01 -2.3254407e+01 -2.3252505e+01 -3.8586535e-01 -3.8499826e-01 -3.3875378e-01 -3.3726273e-01 -2.8339612e-01 -2.8315475e-01 -1.4503808e-01 -1.4475802e-01 -1.0452715e-01 -1.0301995e-01 -5.3967244e-02 -5.3028608e-02 
-2.3272615e+01 -2.3270196e+01 -2.3255312e+01 -2.3253437e+01 -3.8775813e-01 -3.8685635e-01 -3.4520703e-01 -3.4375631e-01 -2.7652390e-01 -2.7628146e-01 -1.5200265e-01 -1.5172368e-01 -9.8098466e-02 -9.6626419e-02 -5.2747529e-02 -5.1769261e-02 
-2.3271682e+01 -2.3269229e+01 -2.3256246e+01 -2.3254404e+01 -3.8913467e-01 -3.8819955e-01 -3.5137660e-01 -3.4996440e-01 -2.6938201e-01 -2.6913858e-01 -1.5923016e-01 -1.5895220e-01 -9.1973306e-02 -9.0535355e-02 -5.1973340e-02 -5.0956871e-02 
-2.3270729e+01 -2.3268231e+01 -2.3257200e+01 -2.3255403e+01 -3.8997328e-01 -3.8900601e-01 -3.5721423e-01 -3.5583880e-01 -2.6200060e-01 -2.6175632e-01 -1.6668898e-01 -1.6641189e-01 -8.6189683e-02 -8.4785146e-02 -5.1665548e-02 -5.0612002e-02 
-2.3269765e+01 -2.3267204e+01 -2.3258164e+01 -2.3256430e+01 -3.9025817e-01 -3.8925985e-01 -3.6267630e-01 -3.6133593e-01 -2.5441097e-01 -2.5416613e-01 -1.7434650e-01 -1.7406999e-01 -8.0781068e-02 -7.9409730e-02 -5.1840071e-02 -5.0750159e-02 
-2.3268805e+01 -2.3266155e+01 -2.3259124e+01 -2.3257480e+01 -3.8997913e-01 -3.8895093e-01 -3.6772358e-01 -3.6641644e-01 -2.4664557e-01 -2.4640071e-01 -1.8216910e-01 -1.8189263e-01 -7.5776847e-02 -7.4439164e-02 -5.2508203e-02 -5.1381999e-02 
-2.3267877e+01 -2.3265087e+01 -2.3260053e+01 -2.3258548e+01 -3.8913144e-01 -3.8807501e-01 -3.7232081e-01 -3.7104455e-01 -2.3873822e-01 -2.3849444e-01 -1.9012199e-01 -1.8984446e-01 -7.1202820e-02 -6.9900514e-02 -5.3676712e-02 -5.2513054e-02 
-2.3267031e+01 -2.3264005e+01 -2.3260899e+01 -2.3259630e+01 -3.8771667e-01 -3.8663544e-01 -3.7643566e-01 -3.7518611e-01 -2.3072520e-01 -2.3048531e-01 -1.9816811e-01 -1.9788669e-01 -6.7082277e-02 -6.5820410e-02 -5.5347212e-02 -5.4141618e-02 
-2.3266376e+01 -2.3262914e+01 -2.3261554e+01 -2.3260722e+01 -3.8574910e-01 -3.8465582e-01 -3.8003197e-01 -3.7879562e-01 -2.2265416e-01 -2.2242935e-01 -2.0625923e-01 -2.0596274e-01 -6.3442176e-02 -6.2241087e-02 -5.7510317e-02 -5.6243043e-02 
-2.3266112e+01 -2.3261818e+01 -2.3261818e+01 -2.3261818e+01 -3.8364489e-01 -3.8268055e-01 -3.8268055e-01 -3.8131565e-01 -2.1540316e-01 -2.1540316e-01 -2.1351697e-01 -2.1299567e-01 -6.0695692e-02 -5.9763312e-02 -5.9763312e-02 -5.8227027e-02 
-2.3266397e+01 -2.3262752e+01 -2.3261782e+01 -2.3260634e+01 -3.8614933e-01 -3.8275422e-01 -3.8252753e-01 -3.7780575e-01 -2.2595526e-01 -2.1532462e-01 -2.1317902e-01 -2.0284663e-01 -6.3981901e-02 -6.0192483e-02 -5.9873879e-02 -5.5384232e-02 
-2.3267256e+01 -2.3263261e+01 -2.3261676e+01 -2.3259372e+01 -3.8823363e-01 -3.8297786e-01 -3.8273346e-01 -3.7205274e-01 -2.3762023e-01 -2.1508967e-01 -2.1294324e-01 -1.9161218e-01 -6.8196809e-02 -6.1472815e-02 -6.1133643e-02 -5.1563259e-02 
-2.3268558e+01 -2.3263391e+01 -2.3261501e+01 -2.3258115e+01 -3.8914377e-01 -3.8335930e-01 -3.8310329e-01 -3.6504340e-01 -2.4939339e-01 -2.1470029e-01 -2.1255371e-01 -1.8055127e-01 -7.2567434e-02 -6.3582840e-02 -6.3239884e-02 -4.7815164e-02 
-2.3270114e+01 -2.3263295e+01 -2.3261257e+01 -2.3256898e+01 -3.8886959e-01 -3.8391149e-01 -3.8363317e-01 -3.5685429e-01 -2.6123377e-01 -2.1415980e-01 -2.1201317e-01 -1.6969932e-01 -7.7045360e-02 -6.6487047e-02 -6.6142988e-02 -4.4197205e-02 
-2.3271812e+01 -2.3263064e+01 -2.3260947e+01 -2.3255739e+01 -3.8747177e-01 -3.8465229e-01 -3.8429864e-01 -3.4753605e-01 -2.7310973e-01 -2.1347278e-01 -2.1132614e-01 -1.5907957e-01 -8.1610143e-02 -7.0136306e-02 -6.9791759e-02 -4.0724585e-02 
-2.3273602e+01 -2.3262738e+01 -2.3260573e+01 -2.3254647e+01 -3.8586168e-01 -3.8560419e-01 -3.8424450e-01 -3.3714287e-01 -2.8499051e-01 -2.1264505e-01 -2.1049841e-01 -1.4871206e-01 -8.6245886e-02 -7.4468503e-02 -7.4123314e-02 -3.7404684e-02 
-2.3275456e+01 -2.3262334e+01 -2.3260139e+01 -2.3253626e+01 -3.8679384e-01 -3.8670274e-01 -3.8087845e-01 -3.2573643e-01 -2.9684504e-01 -2.1168366e-01 -2.0953702e-01 -1.3861490e-01 -9.0937629e-02 -7.9409411e-02 -7.9062781e-02 -3.4241922e-02 
-2.3277358e+01 -2.3261865e+01 -2.3259647e+01 -2.3252679e+01 -3.8825137e-01 -3.8811555e-01 -3.7616387e-01 -3.1338658e-01 -3.0864180e-01 -2.1059676e-01 -2.0845013e-01 -1.2880459e-01 -9.5670586e-02 -8.4873865e-02 -8.4524119e-02 -3.1238976e-02 
-2.3279294e+01 -2.3261339e+01 -2.3259103e+01 -2.3251806e+01 -3.9000942e-01 -3.8986008e-01 -3.7043585e-01 -3.2034879e-01 -3.0017127e-01 -2.0939359e-01 -2.0724697e-01 -1.1929611e-01 -1.0043017e-01 -9.0767290e-02 -9.0411282e-02 -2.8397213e-02 
-2.3281254e+01 -2.3260761e+01 -2.3258511e+01 -2.3251006e+01 -3.9210186e-01 -3.9194858e-01 -3.6378636e-01 -3.3193367e-01 -2.8617612e-01 -2.0808437e-01 -2.0593777e-01 -1.1010301e-01 -1.0520259e-01 -9.6987621e-02 -9.6619494e-02 -2.5716886e-02 
-2.3283227e+01 -2.3260139e+01 -2.3257876e+01 -2.3250278e+01 -3.9456209e-01 -3.9440942e-01 -3.5629812e-01 -3.4336385e-01 -2.7149396e-01 -2.0668023e-01 -2.0453365e-01 -1.0997646e-01 -1.0342768e-01 -1.0303599e-01 -1.0123742e-01 -2.3197256e-02 
-2.3285205e+01 -2.3259478e+01 -2.3257202e+01 -2.3249620e+01 -3.9742095e-01 -3.9727167e-01 -3.5460660e-01 -3.4805723e-01 -2.5622422e-01 -2.0519311e-01 -2.0304655e-01 -1.1474766e-01 -1.0997802e-01 -1.0953811e-01 -9.2710138e-02 -2.0836687e-02 
-2.3287176e+01 -2.3258785e+01 -2.3256497e+01 -2.3249030e+01 -4.0070423e-01 -4.0056032e-01 -3.6562922e-01 -3.3915474e-01 -2.4047221e-01 -2.0363567e-01 -2.0148913e-01 -1.1953636e-01 -1.1653011e-01 -1.1597946e-01 -8.4530660e-02 -1.8632730e-02 
-2.3289133e+01 -2.3258067e+01 -2.3255765e+01 -2.3248503e+01 -4.0442998e-01 -4.0429300e-01 -3.7639916e-01 -3.2968658e-01 -2.2434840e-01 -2.0202117e-01 -1.9987464e-01 -1.2445636e-01 -1.2297994e-01 -1.2212430e-01 -7.6707235e-02 -1.6582199e-02 
-2.3291066e+01 -2.3257329e+01 -2.3255013e+01 -2.3248037e+01 -4.0860569e-01 -4.0847688e-01 -3.8688419e-01 -3.1975291e-01 -2.0796759e-01 -2.0036334e-01 -1.9821684e-01 -1.2979771e-01 -1.2923151e-01 -1.2756857e-01 -6.9246937e-02 -1.4681259e-02 
-2.3292966e+01 -2.3256579e+01 -2.3254247e+01 -2.3247627e+01 -4.1322574e-01 -4.1310608e-01 -3.9705250e-01 -3.0945741e-01 -1.9867633e-01 -1.9652985e-01 -1.9144807e-01 -1.3544448e-01 -1.3520032e-01 -1.3232557e-01 -6.2155736e-02 -1.2925507e-02 
-2.3294823e+01 -2.3255823e+01 -2.3253474e+01 -2.3247269e+01 -4.1826933e-01 -4.1815956e-01 -4.0687288e-01 -2.9890647e-01 -1.9697451e-01 -1.9482805e-01 -1.7491071e-01 -1.4095093e-01 -1.4081604e-01 -1.3675279e-01 -5.5438570e-02 -1.1310058e-02 
-2.3296629e+01 -2.3255069e+01 -2.3252700e+01 -2.3246958e+01 -4.2369933e-01 -4.2359994e-01 -4.1631487e-01 -2.8820824e-01 -1.9527239e-01 -1.9312595e-01 -1.5847858e-01 -1.4611903e-01 -1.4602408e-01 -1.4097648e-01 -4.9099429e-02 -9.8296316e-03 
-2.3298375e+01 -2.3254324e+01 -2.3251932e+01 -2.3246690e+01 -4.2946216e-01 -4.2937337e-01 -4.2534888e-01 -2.7747174e-01 -1.9358451e-01 -1.9143809e-01 -1.5087194e-01 -1.5079351e-01 -1.4501914e-01 -1.4226877e-01 -4.3141440e-02 -8.4786418e-03 
-2.3300053e+01 -2.3253595e+01 -2.3251177e+01 -2.3246460e+01 -4.3548876e-01 -4.3541056e-01 -4.3394632e-01 -2.6680591e-01 -1.9192527e-01 -1.8977887e-01 -1.5517608e-01 -1.5509363e-01 -1.4887734e-01 -1.2641460e-01 -3.7566953e-02 -7.2512861e-03 
-2.3301655e+01 -2.3252890e+01 -2.3250441e+01 -2.3246263e+01 -4.4207976e-01 -4.4169672e-01 -4.4162886e-01 -2.5631862e-01 -1.9030885e-01 -1.8816247e-01 -1.5902154e-01 -1.5892717e-01 -1.5254005e-01 -1.1103001e-01 -3.2377630e-02 -6.1416338e-03 
-2.3303172e+01 -2.3252214e+01 -2.3249730e+01 -2.3246093e+01 -4.4972306e-01 -4.4799307e-01 -4.4793513e-01 -2.4611573e-01 -1.8874906e-01 -1.8660271e-01 -1.6241501e-01 -1.6230185e-01 -1.5599371e-01 -9.6234758e-02 -2.7574536e-02 -5.1437141e-03 
-2.3304597e+01 -2.3251577e+01 -2.3249050e+01 -2.3245946e+01 -4.5685145e-01 -4.5427771e-01 -4.5422907e-01 -2.3630008e-01 -1.8725924e-01 -1.8511291e-01 -1.6537542e-01 -1.6523712e-01 -1.5922389e-01 -8.2143888e-02 -2.3158228e-02 -4.2516017e-03 
-2.3305923e+01 -2.3250983e+01 -2.3248408e+01 -2.3245817e+01 -4.6344171e-01 -4.6044685e-01 -4.6040680e-01 -2.2697063e-01 -1.8585214e-01 -1.8370582e-01 -1.6793060e-01 -1.6776020e-01 -1.6221594e-01 -6.8867750e-02 -1.9128841e-02 -3.4595004e-03 
-2.3307144e+01 -2.3250439e+01 -2.3247809e+01 -2.3245701e+01 -4.6947225e-01 -4.6639643e-01 -4.6636417e-01 -2.1822149e-01 -1.8453980e-01 -1.8239350e-01 -1.7011439e-01 -1.6990317e-01 -1.6495509e-01 -5.6511039e-02 -1.5486175e-02 -2.7618227e-03 
-2.3308254e+01 -2.3249952e+01 -2.3247258e+01 -2.3245594e+01 -4.7492318e-01 -4.7202515e-01 -4.7199983e-01 -2.1014120e-01 -1.8333345e-01 -1.8118716e-01 -1.7196426e-01 -1.7170030e-01 -1.6742642e-01 -4.5171828e-02 -1.2229775e-02 -2.1532653e-03 
-2.3309246e+01 -2.3249524e+01 -2.3246760e+01 -2.3245493e+01 -4.7977647e-01 -4.7723708e-01 -4.7721785e-01 -2.0281203e-01 -1.8224343e-01 -1.8009716e-01 -1.7351950e-01 -1.7318573e-01 -1.6961459e-01 -3.4940647e-02 -9.3590108e-03 -1.6288801e-03 
-2.3310117e+01 -2.3249160e+01 -2.3246319e+01 -2.3245398e+01 -4.8401599e-01 -4.8194383e-01 -4.8192980e-01 -1.9630971e-01 -1.8127907e-01 -1.7913281e-01 -1.7481967e-01 -1.7439129e-01 -1.7150381e-01 -2.5899606e-02 -6.8731440e-03 -1.1841391e-03 
-2.3310861e+01 -2.3248858e+01 -2.3245940e+01 -2.3245308e+01 -4.8762761e-01 -4.8606616e-01 -4.8605649e-01 -1.9070384e-01 -1.8044865e-01 -1.7830240e-01 -1.7590219e-01 -1.7534396e-01 -1.7307892e-01 -1.8121603e-02 -4.7713965e-03 -8.1499357e-04 
-2.3311475e+01 -2.3248619e+01 -2.3245624e+01 -2.3245226e+01 -4.9059925e-01 -4.8953534e-01 -4.8952920e-01 -1.8606058e-01 -1.7975928e-01 -1.7761304e-01 -1.7679716e-01 -1.7606166e-01 -1.7432972e-01 -1.1669601e-02 -3.0530073e-03 -5.1792612e-04 
-2.3311955e+01 -2.3248439e+01 -2.3245376e+01 -2.3245155e+01 -4.9292095e-01 -4.9229410e-01 -4.9229066e-01 -1.8245251e-01 -1.7921687e-01 -1.7751857e-01 -1.7707064e-01 -1.7654204e-01 -1.7525913e-01 -6.5960021e-03 -1.7172831e-03 -2.8999597e-04 
-2.3312301e+01 -2.3248314e+01 -2.3245197e+01 -2.3245100e+01 -4.9458491e-01 -4.9429725e-01 -4.9429573e-01 -1.7998926e-01 -1.7882608e-01 -1.7805882e-01 -1.7673103e-01 -1.7667985e-01 -1.7588824e-01 -2.9421256e-03 -7.6364028e-04 -1.2887631e-04 
-2.3312508e+01 -2.3248241e+01 -2.3245089e+01 -2.3245065e+01 -4.9558553e-01 -4.9551225e-01 -4.9551187e-01 -1.7878577e-01 -1.7859026e-01 -1.7839638e-01 -1.7655380e-01 -1.7644403e-01 -1.7624835e-01 -7.3778751e-04 -1.9163773e-04 -3.2883835e-05 
-2.3312578e+01 -2.3248217e+01 -2.3245053e+01 -2.3245053e+01 -4.9591944e-01 -4.9591944e-01 -4.9591944e-01 -1.7851142e-01 -1.7851142e-01 -1.7851142e-01 -1.7636520e-01 -1.7636520e-01 -1.7636520e-01 -1.0012219e-06 -9.9999128e-07 -9.9999127e-07 
-2.3312506e+01 -2.3248242e+01 -2.3245078e+01 -2.3245078e+01 -4.9552472e-01 -4.9552472e-01 -4.9552433e-01 -1.7871523e-01 -1.7871523e-01 -1.7833963e-01 -1.7667100e-01 -1.7629473e-01 -1.7629473e-01 -8.1569627e-04 -8.8410142e-05 -8.8409321e-05 
-2.3312292e+01 -2.3248316e+01 -2.3245152e+01 -2.3245152e+01 -4.9434686e-01 -4.9434686e-01 -4.9434525e-01 -1.7945629e-01 -1.7945629e-01 -1.7782522e-01 -1.7758232e-01 -1.7594857e-01 -1.7594857e-01 -3.2545888e-03 -3.5011653e-04 -3.5011571e-04 
-2.3311936e+01 -2.3248439e+01 -2.3245276e+01 -2.3245276e+01 -4.9240488e-01 -4.9240487e-01 -4.9240114e-01 -1.8084259e-01 -1.8084259e-01 -1.7908081e-01 -1.7697114e-01 -1.7520320e-01 -1.7520320e-01 -7.3021340e-03 -7.8455846e-04 -7.8455764e-04 
-2.3311441e+01 -2.3248610e+01 -2.3245447e+01 -2.3245447e+01 -4.8973098e-01 -4.8973098e-01 -4.8972403e-01 -1.8283439e-01 -1.8283439e-01 -1.8113537e-01 -1.7578227e-01 -1.7407200e-01 -1.7407200e-01 -1.2932560e-02 -1.3891442e-03 -1.3891434e-03 
-2.3310809e+01 -2.3248828e+01 -2.3245666e+01 -2.3245666e+01 -4.8637132e-01 -4.8637131e-01 -4.8635981e-01 -1.8536203e-01 -1.8536203e-01 -1.8370151e-01 -1.7426540e-01 -1.7258668e-01 -1.7258668e-01 -2.0110071e-02 -2.1602681e-03 -2.1602673e-03 
-2.3310043e+01 -2.3249092e+01 -2.3245931e+01 -2.3245931e+01 -4.8238709e-01 -4.8238709e-01 -4.8236934e-01 -1.8835311e-01 -1.8835310e-01 -1.8672023e-01 -1.7242919e-01 -1.7076898e-01 -1.7076898e-01 -2.8789124e-02 -3.0933331e-03 -3.0933323e-03 
-2.3309149e+01 -2.3249399e+01 -2.3246240e+01 -2.3246240e+01 -4.7785605e-01 -4.7785604e-01 -4.7782988e-01 -1.9172619e-01 -1.9172619e-01 -1.9011667e-01 -1.7028417e-01 -1.6863552e-01 -1.6863552e-01 -3.8914782e-02 -4.1827791e-03 -4.1827783e-03 
-2.3308130e+01 -2.3249749e+01 -2.3246591e+01 -2.3246591e+01 -4.7287425e-01 -4.7287425e-01 -4.7283688e-01 -1.9538524e-01 -1.9538524e-01 -1.9379837e-01 -1.6784260e-01 -1.6620155e-01 -1.6620155e-01 -5.0423136e-02 -5.4221181e-03 -5.4221172e-03 
-2.3306993e+01 -2.3250139e+01 -2.3246982e+01 -2.3246982e+01 -4.6755826e-01 -4.6755826e-01 -4.6750607e-01 -1.9921581e-01 -1.9921581e-01 -1.9765322e-01 -1.6511850e-01 -1.6348262e-01 -1.6348262e-01 -6.3241790e-02 -6.8039737e-03 -6.8039729e-03 
-2.3305745e+01 -2.3250567e+01 -2.3247411e+01 -2.3247411e+01 -4.6204723e-01 -4.6204723e-01 -4.6197563e-01 -2.0308229e-01 -2.0308229e-01 -2.0154744e-01 -1.6212750e-01 -1.6049522e-01 -1.6049522e-01 -7.7290405e-02 -8.3201278e-03 -8.3201270e-03 
-2.3304391e+01 -2.3251029e+01 -2.3247876e+01 -2.3247876e+01 -4.5650469e-01 -4.5650469e-01 -4.5640790e-01 -2.0682584e-01 -2.0682584e-01 -2.0532387e-01 -1.5888680e-01 -1.5725707e-01 -1.5725707e-01 -9.2481298e-02 -9.9615702e-03 -9.9615694e-03 
-2.3302941e+01 -2.3251523e+01 -2.3248372e+01 -2.3248372e+01 -4.5111902e-01 -4.5111902e-01 -4.5098990e-01 -2.1026387e-01 -2.1026387e-01 -2.0880157e-01 -1.5541504e-01 -1.5378713e-01 -1.5378713e-01 -1.0872007e-01 -1.1718555e-02 -1.1718554e-02 
-2.3301401e+01 -2.3252046e+01 -2.3248898e+01 -2.3248898e+01 -4.4610118e-01 -4.4610118e-01 -4.4593123e-01 -2.1319226e-01 -2.1319226e-01 -2.1177795e-01 -1.5173225e-01 -1.5010563e-01 -1.5010563e-01 -1.2590631e-01 -1.3580659e-02 -1.3580659e-02 
-2.3299781e+01 -2.3252595e+01 -2.3249450e+01 -2.3249450e+01 -4.4167792e-01 -4.4167792e-01 -4.4145755e-01 -2.1539215e-01 -2.1539215e-01 -2.1403543e-01 -1.4785970e-01 -1.4623396e-01 -1.4623396e-01 -1.4393424e-01 -1.5536849e-02 -1.5536848e-02 
-2.3298090e+01 -2.3253167e+01 -2.3250025e+01 -2.3250025e+01 -4.3807870e-01 -4.3807870e-01 -4.3779778e-01 -2.1664313e-01 -2.1664313e-01 -2.1535427e-01 -1.6269347e-01 -1.4381979e-01 -1.4219463e-01 -1.4219463e-01 -1.7575542e-02 -1.7575541e-02 
-2.3296339e+01 -2.3253757e+01 -2.3250620e+01 -2.3250620e+01 -4.3551564e-01 -4.3551564e-01 -4.3516452e-01 -2.1674321e-01 -2.1674321e-01 -2.1553245e-01 -1.8206946e-01 -1.3963594e-01 -1.3801112e-01 -1.3801112e-01 -1.9684683e-02 -1.9684683e-02 
-2.3294536e+01 -2.3254362e+01 -2.3251230e+01 -2.3251230e+01 -4.3415897e-01 -4.3415897e-01 -4.3372979e-01 -2.1553346e-01 -2.1553346e-01 -2.1441263e-01 -2.0194168e-01 -1.3533246e-01 -1.3370777e-01 -1.3370777e-01 -2.1851814e-02 -2.1851813e-02 
-2.3292693e+01 -2.3254979e+01 -2.3251852e+01 -2.3251852e+01 -4.3411388e-01 -4.3411388e-01 -4.3360175e-01 -2.2221760e-01 -2.1292111e-01 -2.1292111e-01 -2.1187213e-01 -1.3093437e-01 -1.2930967e-01 -1.2930967e-01 -2.4064147e-02 -2.4064146e-02 
-2.3290821e+01 -2.3255603e+01 -2.3252483e+01 -2.3252483e+01 -4.3540641e-01 -4.3540641e-01 -4.3481011e-01 -2.4272853e-01 -2.0889369e-01 -2.0889369e-01 -2.0794246e-01 -1.2646734e-01 -1.2484247e-01 -1.2484247e-01 -2.6308643e-02 -2.6308642e-02 
-2.3288930e+01 -2.3256231e+01 -2.3253118e+01 -2.3253118e+01 -4.3798355e-01 -4.3798355e-01 -4.3730553e-01 -2.6338305e-01 -2.0351888e-01 -2.0351888e-01 -2.0265724e-01 -1.2195745e-01 -1.2033230e-01 -1.2033230e-01 -2.8572089e-02 -2.8572088e-02 
-2.3287032e+01 -2.3256859e+01 -2.3253755e+01 -2.3253755e+01 -4.4172701e-01 -4.4172701e-01 -4.4097268e-01 -2.8405445e-01 -1.9693066e-01 -1.9693066e-01 -1.9615236e-01 -1.1743112e-01 -1.1580558e-01 -1.1580558e-01 -3.0841176e-02 -3.0841175e-02 
-2.3285139e+01 -2.3257482e+01 -2.3254388e+01 -2.3254388e+01 -4.4647476e-01 -4.4647476e-01 -4.4565144e-01 -3.0462110e-01 -1.8930772e-01 -1.8930772e-01 -1.8860509e-01 -1.1291491e-01 -1.1128888e-01 -1.1128888e-01 -3.3102575e-02 -3.3102574e-02 
-2.3283261e+01 -2.3258097e+01 -2.3255015e+01 -2.3255015e+01 -4.5204309e-01 -4.5204309e-01 -4.5115895e-01 -3.2496314e-01 -1.8085132e-01 -1.8085132e-01 -1.8021588e-01 -1.0843537e-01 -1.0680874e-01 -1.0680874e-01 -3.5343015e-02 -3.5343014e-02 
-2.3281412e+01 -2.3258699e+01 -2.3255632e+01 -2.3255632e+01 -4.5824428e-01 -4.5824428e-01 -4.5730753e-01 -3.4496284e-01 -1.7176748e-01 -1.7176748e-01 -1.7119073e-01 -1.0401890e-01 -1.0239156e-01 -1.0239156e-01 -3.7549361e-02 -3.7549360e-02 
-2.3279601e+01 -2.3259284e+01 -2.3256236e+01 -2.3256236e+01 -4.6489823e-01 -4.6489823e-01 -4.6391660e-01 -3.6450520e-01 -1.6225520e-01 -1.6225520e-01 -1.6172909e-01 -9.9691563e-02 -9.8063405e-02 -9.8063405e-02 -3.9708686e-02 -3.9708685e-02 
-2.3277843e+01 -2.3259848e+01 -2.3256822e+01 -2.3256822e+01 -4.7183870e-01 -4.7183870e-01 -4.7081918e-01 -3.8347854e-01 -1.5250014e-01 -1.5250014e-01 -1.5201729e-01 -9.5478976e-02 -9.3849863e-02 -9.3849863e-02 -4.1808344e-02 -4.1808343e-02 
-2.3276148e+01 -2.3260385e+01 -2.3257388e+01 -2.3257388e+01 -4.7891573e-01 -4.7891573e-01 -4.7786448e-01 -4.0177511e-01 -1.4267192e-01 -1.4267191e-01 -1.4222572e-01 -9.1406104e-02 -8.9775879e-02 -8.9775879e-02 -4.3836041e-02 -4.3836040e-02 
-2.3274529e+01 -2.3260891e+01 -2.3257930e+01 -2.3257930e+01 -4.8599586e-01 -4.8599586e-01 -4.8491825e-01 -4.1929157e-01 -1.3292384e-01 -1.3292384e-01 -1.3250838e-01 -8.7497140e-02 -8.5865603e-02 -8.5865602e-02 -4.5779892e-02 -4.5779892e-02 
-2.3272999e+01 -2.3261360e+01 -2.3258445e+01 -2.3258445e+01 -4.9296107e-01 -4.9296107e-01 -4.9186179e-01 -4.3592951e-01 -1.2339366e-01 -1.2339365e-01 -1.2300361e-01 -8.3775342e-02 -8.2142235e-02 -8.2142234e-02 -4.7628488e-02 -4.7628487e-02 
-2.3271572e+01 -2.3261783e+01 -2.3258930e+01 -2.3258930e+01 -4.9970745e-01 -4.9970745e-01 -4.9859059e-01 -4.5159595e-01 -1.1420482e-01 -1.1420482e-01 -1.1383528e-01 -8.0262895e-02 -7.8627873e-02 -7.8627872e-02 -4.9370935e-02 -4.9370934e-02 
-2.3270264e+01 -2.3262152e+01 -2.3259383e+01 -2.3259383e+01 -5.0614367e-01 -5.0614367e-01 -5.0501292e-01 -4.6620369e-01 -1.0546779e-01 -1.0546779e-01 -1.0511403e-01 -7.6980771e-02 -7.5343357e-02 -7.5343357e-02 -5.0996891e-02 -5.0996890e-02 
-2.3269095e+01 -2.3262452e+01 -2.3259800e+01 -2.3259800e+01 -5.1218963e-01 -5.1218963e-01 -5.1104847e-01 -4.7967173e-01 -9.7281212e-02 -9.7281212e-02 -9.6938439e-02 -7.3948596e-02 -7.2308116e-02 -7.2308115e-02 -5.2496567e-02 -5.2496567e-02 
-2.3268090e+01 -2.3262664e+01 -2.3260181e+01 -2.3260181e+01 -5.1777538e-01 -5.1777538e-01 -5.1662731e-01 -4.9192549e-01 -8.9733020e-02 -8.9733020e-02 -8.9395921e-02 -7.1184528e-02 -6.9539996e-02 -6.9539996e-02 -5.3860677e-02 -5.3860677e-02 
-2.3267278e+01 -2.3262764e+01 -2.3260521e+01 -2.3260521e+01 -5.2284014e-01 -5.2284014e-01 -5.2168912e-01 -5.0289699e-01 -8.2901435e-02 -8.2901435e-02 -8.2563489e-02 -6.8705143e-02 -6.7055083e-02 -6.7055082e-02 -5.5080265e-02 -5.5080264e-02 
-2.3266683e+01 -2.3262732e+01 -2.3260820e+01 -2.3260820e+01 -5.2733157e-01 -5.2733157e-01 -5.2618286e-01 -5.1252473e-01 -7.6856119e-02 -7.6856119e-02 -7.6508292e-02 -6.6525326e-02 -6.4867497e-02 -6.4867496e-02 -5.6146231e-02 -5.6146230e-02 
-2.3266304e+01 -2.3262573e+01 -2.3261076e+01 -2.3261076e+01 -5.3120524e-01 -5.3120524e-01 -5.3006731e-01 -5.2075282e-01 -7.1659936e-02 -7.1659936e-02 -7.1288015e-02 -6.4658178e-02 -6.2989301e-02 -6.2989301e-02 -5.7048001e-02 -5.7048000e-02 
-2.3266099e+01 -2.3262333e+01 -2.3261288e+01 -2.3261288e+01 -5.3442411e-01 -5.3442411e-01 -5.3331421e-01 -5.2752757e-01 -6.7372501e-02 -6.7372501e-02 -6.6951163e-02 -6.3114932e-02 -6.1431531e-02 -6.1431531e-02 -5.7769170e-02 -5.7769169e-02 
-2.3266006e+01 -2.3262077e+01 -2.3261453e+01 -2.3261453e+01 -5.3695830e-01 -5.3695830e-01 -5.3592274e-01 -5.3278290e-01 -6.4057990e-02 -6.4057989e-02 -6.3537244e-02 -6.1904878e-02 -6.0214666e-02 -6.0214666e-02 -5.8269354e-02 -5.8269353e-02 
-2.3265973e+01 -2.3261860e+01 -2.3261572e+01 -2.3261572e+01 -5.3878475e-01 -5.3878475e-01 -5.3798498e-01 -5.3637478e-01 -6.1795713e-02 -6.1795713e-02 -6.1076896e-02 -6.1035306e-02 -5.9439616e-02 -5.9439616e-02 -5.8402719e-02 -5.8402718e-02 
-2.3265964e+01 -2.3261717e+01 -2.3261644e+01 -2.3261644e+01 -5.3988713e-01 -5.3988713e-01 -5.3960776e-01 -5.3815930e-01 -6.0631921e-02 -6.0631921e-02 -6.0511457e-02 -5.9591962e-02 -5.9177817e-02 -5.9177816e-02 -5.8076121e-02 -5.8076120e-02 
-2.3265963e+01 -2.3261668e+01 -2.3261668e+01 -2.3261668e+01 -5.4025568e-01 -5.4025568e-01 -5.4025568e-01 -5.3864962e-01 -6.0336489e-02 -6.0336489e-02 -6.0336488e-02 -5.9095530e-02 -5.9095530e-02 -5.9095530e-02 -5.7868142e-02 -5.7868141e-02 
-2.3265964e+01 -2.3261704e+01 -2.3261668e+01 -2.3261633e+01 -5.3994701e-01 -5.3981408e-01 -5.3965578e-01 -5.3818170e-01 -6.0699973e-02 -6.0595776e-02 -6.0465217e-02 -5.9516386e-02 -5.9209367e-02 -5.9179522e-02 -5.8173112e-02 -5.7979578e-02 
-2.3265970e+01 -2.3261813e+01 -2.3261666e+01 -2.3261528e+01 -5.3902227e-01 -5.3862903e-01 -5.3786105e-01 -5.3664447e-01 -6.2076056e-02 -6.1993460e-02 -6.0862532e-02 -6.0152949e-02 -5.9563253e-02 -5.9419903e-02 -5.8796426e-02 -5.8300843e-02 
-2.3265992e+01 -2.3261994e+01 -2.3261650e+01 -2.3261354e+01 -5.3748527e-01 -5.3691081e-01 -5.3488640e-01 -5.3384632e-01 -6.4885430e-02 -6.4809592e-02 -6.1551471e-02 -6.0630841e-02 -6.0190829e-02 -5.9792244e-02 -5.9375381e-02 -5.8796267e-02 
-2.3266046e+01 -2.3262244e+01 -2.3261605e+01 -2.3261112e+01 -5.3534238e-01 -5.3467785e-01 -5.3075653e-01 -5.2979988e-01 -6.9010734e-02 -6.8845843e-02 -6.2548394e-02 -6.1180399e-02 -6.1129030e-02 -6.0277852e-02 -5.9935177e-02 -5.9425536e-02 
-2.3266151e+01 -2.3262562e+01 -2.3261510e+01 -2.3260805e+01 -5.3260244e-01 -5.3189288e-01 -5.2550581e-01 -5.2458561e-01 -7.4277972e-02 -7.4067544e-02 -6.3857556e-02 -6.2394522e-02 -6.1850590e-02 -6.0869182e-02 -6.0552138e-02 -6.0167227e-02 
-2.3266324e+01 -2.3262945e+01 -2.3261350e+01 -2.3260434e+01 -5.2927682e-01 -5.2854314e-01 -5.1917803e-01 -5.1827141e-01 -8.0628375e-02 -8.0393076e-02 -6.5477212e-02 -6.3984692e-02 -6.2646343e-02 -6.1563708e-02 -6.1255951e-02 -6.1017809e-02 
-2.3266578e+01 -2.3263389e+01 -2.3261110e+01 -2.3260004e+01 -5.2537937e-01 -5.2463220e-01 -5.1182612e-01 -5.1092041e-01 -8.8001683e-02 -8.7752030e-02 -6.7404680e-02 -6.5891926e-02 -6.3563196e-02 -6.2358822e-02 -6.2054626e-02 -6.1977337e-02 
-2.3266917e+01 -2.3263891e+01 -2.3260787e+01 -2.3259517e+01 -5.2092635e-01 -5.2017175e-01 -5.0351175e-01 -5.0259884e-01 -9.6330897e-02 -9.6072756e-02 -6.9637847e-02 -6.8110189e-02 -6.4593176e-02 -6.3250289e-02 -6.3042837e-02 -6.2947555e-02 
-2.3267337e+01 -2.3264447e+01 -2.3260383e+01 -2.3258978e+01 -5.1593647e-01 -5.1517825e-01 -4.9430493e-01 -4.9337888e-01 -1.0554151e-01 -1.0527843e-01 -7.2175150e-02 -7.0635506e-02 -6.5726285e-02 -6.4232211e-02 -6.4207787e-02 -6.3930165e-02 
-2.3267831e+01 -2.3265051e+01 -2.3259906e+01 -2.3258392e+01 -5.1043082e-01 -5.0967164e-01 -4.8428354e-01 -4.8333950e-01 -1.1555179e-01 -1.1528604e-01 -7.5015216e-02 -7.3465089e-02 -6.6951034e-02 -6.5462934e-02 -6.5297319e-02 -6.4995698e-02 
-2.3268390e+01 -2.3265699e+01 -2.3259365e+01 -2.3257762e+01 -5.0443287e-01 -5.0367474e-01 -4.7353269e-01 -4.7256638e-01 -1.2627339e-01 -1.2600653e-01 -7.8156506e-02 -7.6596546e-02 -6.8254707e-02 -6.6797026e-02 -6.6437243e-02 -6.6135987e-02 
-2.3269004e+01 -2.3266384e+01 -2.3258769e+01 -2.3257094e+01 -4.9796845e-01 -4.9721305e-01 -4.6214418e-01 -4.6115160e-01 -1.3761213e-01 -1.3734526e-01 -8.1597003e-02 -8.0027309e-02 -6.9623536e-02 -6.8197303e-02 -6.7642730e-02 -6.7341860e-02 
-2.3269663e+01 -2.3267100e+01 -2.3258127e+01 -2.3256395e+01 -4.9106575e-01 -4.9031460e-01 -4.5021577e-01 -4.4919299e-01 -1.4946885e-01 -1.4920276e-01 -8.5333908e-02 -8.3754201e-02 -7.1042855e-02 -6.9649834e-02 -6.8903811e-02 -6.8603375e-02 
-2.3270359e+01 -2.3267843e+01 -2.3257449e+01 -2.3255670e+01 -4.8375537e-01 -4.8300990e-01 -4.3785041e-01 -4.3679350e-01 -1.6174032e-01 -1.6147561e-01 -8.9363348e-02 -8.7773059e-02 -7.2497253e-02 -7.1139781e-02 -7.0209944e-02 -6.9909997e-02 
-2.3271082e+01 -2.3268604e+01 -2.3256742e+01 -2.3254924e+01 -4.7607036e-01 -4.7533202e-01 -4.2515543e-01 -4.2406041e-01 -1.7432016e-01 -1.7405729e-01 -9.3680055e-02 -9.2078370e-02 -7.3970730e-02 -7.2651611e-02 -7.1550139e-02 -7.1250731e-02 
-2.3271824e+01 -2.3269378e+01 -2.3256014e+01 -2.3254165e+01 -4.6804633e-01 -4.6731663e-01 -4.1224168e-01 -4.1110445e-01 -1.8709984e-01 -1.8683914e-01 -9.8277004e-02 -9.6662886e-02 -7.5446880e-02 -7.4169312e-02 -7.2913073e-02 -7.2614247e-02 
-2.3272578e+01 -2.3270159e+01 -2.3255275e+01 -2.3253399e+01 -4.5972160e-01 -4.5900217e-01 -3.9922252e-01 -3.9803886e-01 -1.9996960e-01 -1.9971132e-01 -1.0314499e-01 -1.0151718e-01 -7.6909093e-02 -7.5676605e-02 -7.4287204e-02 -7.3988992e-02 
-2.3273335e+01 -2.3270938e+01 -2.3254530e+01 -2.3252632e+01 -4.5113747e-01 -4.5043010e-01 -3.8621284e-01 -3.8497842e-01 -2.1281941e-01 -2.1256375e-01 -1.0827213e-01 -1.0662915e-01 -7.8340791e-02 -7.7157181e-02 -7.5660875e-02 -7.5363301e-02 
-2.3274089e+01 -2.3271710e+01 -2.3253788e+01 -2.3251871e+01 -4.4233857e-01 -4.4164522e-01 -3.7332790e-01 -3.7203834e-01 -2.2553992e-01 -2.2528703e-01 -1.1364325e-01 -1.1198337e-01 -7.9725706e-02 -7.8594967e-02 -7.7022424e-02 -7.6725501e-02 
-2.3274831e+01 -2.3272469e+01 -2.3253055e+01 -2.3251123e+01 -4.3337333e-01 -4.3269621e-01 -3.6068226e-01 -3.5933315e-01 -2.3802338e-01 -2.3777337e-01 -1.1923913e-01 -1.1756035e-01 -8.1048204e-02 -7.9974426e-02 -7.8360286e-02 -7.8064018e-02 
-2.3275556e+01 -2.3273207e+01 -2.3252339e+01 -2.3250393e+01 -4.2429472e-01 -4.2363630e-01 -3.4838842e-01 -3.4697545e-01 -2.5016450e-01 -2.4991750e-01 -1.2503555e-01 -1.2333558e-01 -8.2293667e-02 -8.1280912e-02 -7.9663095e-02 -7.9367477e-02 
-2.3276256e+01 -2.3273918e+01 -2.3251645e+01 -2.3249688e+01 -4.1516115e-01 -4.1452419e-01 -3.3655566e-01 -3.3507469e-01 -2.6186127e-01 -2.6161747e-01 -1.3100210e-01 -1.2927832e-01 -8.3448934e-02 -8.2501062e-02 -8.0919781e-02 -8.0624799e-02 
-2.3276925e+01 -2.3274597e+01 -2.3250982e+01 -2.3249015e+01 -4.0603781e-01 -4.0542541e-01 -3.2528868e-01 -3.2373581e-01 -2.7301569e-01 -2.7277549e-01 -1.3710066e-01 -1.3535012e-01 -8.4502786e-02 -8.3623245e-02 -8.2119668e-02 -8.1825301e-02 
-2.3277558e+01 -2.3275238e+01 -2.3250354e+01 -2.3248379e+01 -3.9699834e-01 -3.9641393e-01 -3.1468675e-01 -3.1305791e-01 -2.8353405e-01 -2.8329872e-01 -1.4328342e-01 -1.4150281e-01 -8.5446469e-02 -8.4638030e-02 -8.3252562e-02 -8.2958781e-02 
-2.3278148e+01 -2.3275835e+01 -2.3249767e+01 -2.3247785e+01 -3.8812709e-01 -3.8757438e-01 -3.0484737e-01 -3.0313298e-01 -2.9332257e-01 -2.9309991e-01 -1.4949045e-01 -1.4767618e-01 -8.6274206e-02 -8.5538660e-02 -8.4308843e-02 -8.4015613e-02 
-2.3278690e+01 -2.3276383e+01 -2.3249227e+01 -2.3247239e+01 -3.7952190e-01 -3.7900482e-01 -3.0236426e-01 -3.0209812e-01 -2.9578883e-01 -2.9404461e-01 -1.5564670e-01 -1.5379494e-01 -8.6983631e-02 -8.6321459e-02 -8.5279540e-02 -8.4986820e-02 
-2.3279180e+01 -2.3276878e+01 -2.3248738e+01 -2.3246745e+01 -3.7129749e-01 -3.7081995e-01 -3.1046285e-01 -3.1021930e-01 -2.8770584e-01 -2.8586696e-01 -1.6165838e-01 -1.5976532e-01 -8.7576070e-02 -8.6986102e-02 -8.6156413e-02 -8.5864156e-02 
-2.3279614e+01 -2.3277316e+01 -2.3248305e+01 -2.3246308e+01 -3.6358901e-01 -3.6315451e-01 -3.1763545e-01 -3.1739682e-01 -2.8057667e-01 -2.7866400e-01 -1.6740929e-01 -1.6547154e-01 -8.8056536e-02 -8.7535658e-02 -8.6932021e-02 -8.6640175e-02 
-2.3279987e+01 -2.3277693e+01 -2.3247932e+01 -2.3245932e+01 -3.5655501e-01 -3.5616597e-01 -3.2380786e-01 -3.2357196e-01 -2.7446801e-01 -2.7248911e-01 -1.7275764e-01 -1.7077285e-01 -8.8433377e-02 -8.7976306e-02 -8.7599781e-02 -8.7308290e-02 
-2.3280297e+01 -2.3278006e+01 -2.3247623e+01 -2.3245619e+01 -3.5037797e-01 -3.5003483e-01 -3.2892835e-01 -3.2869433e-01 -2.6942174e-01 -2.6738512e-01 -1.7753538e-01 -1.7550324e-01 -8.8717471e-02 -8.8316659e-02 -8.8154028e-02 -8.7862832e-02 
-2.3280541e+01 -2.3278252e+01 -2.3247379e+01 -2.3245373e+01 -3.4525950e-01 -3.4495951e-01 -3.3295489e-01 -3.3272221e-01 -2.6546886e-01 -2.6338485e-01 -1.8155288e-01 -1.7947631e-01 -8.8921007e-02 -8.8590060e-02 -8.8566706e-02 -8.8299098e-02 
-2.3280717e+01 -2.3278429e+01 -2.3247203e+01 -2.3245196e+01 -3.4140637e-01 -3.4114246e-01 -3.3585462e-01 -3.3562285e-01 -2.6263132e-01 -2.6051203e-01 -1.8461278e-01 -1.8249911e-01 -8.9055950e-02 -8.8904180e-02 -8.8736451e-02 -8.8613386e-02 
-2.3280823e+01 -2.3278536e+01 -2.3247097e+01 -2.3245089e+01 -3.3900517e-01 -3.3876552e-01 -3.3760394e-01 -3.3737270e-01 -2.6092348e-01 -2.5878243e-01 -1.8653532e-01 -1.8439671e-01 -8.9132394e-02 -8.9093724e-02 -8.8834440e-02 -8.8803032e-02 
-2.3280858e+01 -2.3278571e+01 -2.3247061e+01 -2.3245053e+01 -3.3818863e-01 -3.3818863e-01 -3.3795756e-01 -3.3795756e-01 -2.6035334e-01 -2.5820494e-01 -1.8719185e-01 -1.8504441e-01 -8.9157085e-02 -8.9157084e-02 -8.8866427e-02 -8.8866425e-02 
-2.3266112e+01 -2.3261818e+01 -2.3261818e+01 -2.3261818e+01 -3.8364489e-01 -3.8268055e-01 -3.8268055e-01 -3.8131565e-01 -2.1540316e-01 -2.1540316e-01 -2.1351697e-01 -2.1299567e-01 -6.0695692e-02 -5.9763312e-02 -5.9763312e-02 -5.8227027e-02 
-2.3266112e+01 -2.3261817e+01 -2.3261817e+01 -2.3261817e+01 -3.8491337e-01 -3.8397068e-01 -3.8397068e-01 -3.8259909e-01 -2.1412245e-01 -2.1412245e-01 -2.1225784e-01 -2.1172166e-01 -6.0694155e-02 -5.9761764e-02 -5.9761764e-02 -5.8225492e-02 
-2.3266110e+01 -2.3261815e+01 -2.3261815e+01 -2.3261815e+01 -3.8859177e-01 -3.8770836e-01 -3.8770836e-01 -3.8631858e-01 -2.1041287e-01 -2.1041287e-01 -2.0860738e-01 -2.0803031e-01 -6.0689572e-02 -5.9757147e-02 -5.9757147e-02 -5.8220913e-02 
-2.3266107e+01 -2.3261812e+01 -2.3261812e+01 -2.3261812e+01 -3.9434700e-01 -3.9354712e-01 -3.9354712e-01 -3.9213207e-01 -2.0462041e-01 -2.0462041e-01 -2.0289817e-01 -2.0226321e-01 -6.0682021e-02 -5.9749537e-02 -5.9749537e-02 -5.8213368e-02 
-2.3266102e+01 -2.3261808e+01 -2.3261808e+01 -2.3261808e+01 -4.0174632e-01 -4.0104010e-01 -4.0104010e-01 -3.9959726e-01 -1.9719114e-01 -1.9719114e-01 -1.9556217e-01 -1.9486183e-01 -6.0671630e-02 -5.9739062e-02 -5.9739062e-02 -5.8202986e-02 
-2.3266097e+01 -2.3261802e+01 -2.3261802e+01 -2.3261802e+01 -4.1035411e-01 -4.0974125e-01 -4.0974125e-01 -4.0827143e-01 -1.8857002e-01 -1.8857002e-01 -1.8703391e-01 -1.8626782e-01 -6.0658578e-02 -5.9725896e-02 -5.9725896e-02 -5.8189946e-02 
-2.3266090e+01 -2.3261796e+01 -2.3261796e+01 -2.3261796e+01 -4.1978539e-01 -4.1925969e-01 -4.1925969e-01 -4.1776546e-01 -1.7914658e-01 -1.7914658e-01 -1.7769703e-01 -1.7686892e-01 -6.0643088e-02 -5.9710257e-02 -5.9710257e-02 -5.8174470e-02 
-2.3266083e+01 -2.3261788e+01 -2.3261788e+01 -2.3261788e+01 -4.2972161e-01 -4.2927432e-01 -4.2927432e-01 -4.2775895e-01 -1.6924030e-01 -1.6924030e-01 -1.6786845e-01 -1.6698392e-01 -6.0625425e-02 -5.9692405e-02 -5.9692405e-02 -5.8156822e-02 
-2.3266075e+01 -2.3261780e+01 -2.3261780e+01 -2.3261780e+01 -4.3990634e-01 -4.3952818e-01 -4.3952818e-01 -4.3799496e-01 -1.5910630e-01 -1.5910630e-01 -1.5780277e-01 -1.5686788e-01 -6.0605891e-02 -5.9672632e-02 -5.9672632e-02 -5.8137306e-02 
-2.3266066e+01 -2.3261771e+01 -2.3261771e+01 -2.3261771e+01 -4.5013415e-01 -4.4981627e-01 -4.4981627e-01 -4.4826823e-01 -1.4894753e-01 -1.4894753e-01 -1.4770337e-01 -1.4672403e-01 -6.0584821e-02 -5.9651260e-02 -5.9651260e-02 -5.8116254e-02 
-2.3266057e+01 -2.3261762e+01 -2.3261762e+01 -2.3261762e+01 -4.6023919e-01 -4.5997360e-01 -4.5997360e-01 -4.5841339e-01 -1.3892682e-01 -1.3892682e-01 -1.3773391e-01 -1.3671551e-01 -6.0562575e-02 -5.9628633e-02 -5.9628633e-02 -5.8094027e-02 
-2.3266047e+01 -2.3261753e+01 -2.3261753e+01 -2.3261753e+01 -4.7008574e-01 -4.6986538e-01 -4.6986538e-01 -4.6829525e-01 -1.2917664e-01 -1.2917664e-01 -1.2802780e-01 -1.2697518e-01 -6.0539533e-02 -5.9605108e-02 -5.9605108e-02 -5.8071006e-02 
-2.3266038e+01 -2.3261743e+01 -2.3261743e+01 -2.3261743e+01 -4.7956102e-01 -4.7937973e-01 -4.7937973e-01 -4.7780157e-01 -1.1980648e-01 -1.1980648e-01 -1.1869540e-01 -1.1761286e-01 -6.0516090e-02 -5.9581046e-02 -5.9581046e-02 -5.8047584e-02 
-2.3266028e+01 -2.3261733e+01 -2.3261733e+01 -2.3261733e+01 -4.8857001e-01 -4.8842243e-01 -4.8842243e-01 -4.8683781e-01 -1.1090815e-01 -1.1090815e-01 -1.0982930e-01 -1.0872062e-01 -6.0492648e-02 -5.9556798e-02 -5.9556798e-02 -5.8024162e-02 
-2.3266018e+01 -2.3261723e+01 -2.3261723e+01 -2.3261723e+01 -4.9703175e-01 -4.9691320e-01 -4.9691320e-01 -4.9532340e-01 -1.0255957e-01 -1.0255957e-01 -1.0150800e-01 -1.0037657e-01 -6.0469606e-02 -5.9532689e-02 -5.9532689e-02 -5.8001141e-02 
-2.3266009e+01 -2.3261714e+01 -2.3261714e+01 -2.3261714e+01 -5.0487670e-01 -5.0478306e-01 -5.0478306e-01 -5.0318915e-01 -9.4827409e-02 -9.4827409e-02 -9.3798652e-02 -9.2647481e-02 -6.0447360e-02 -5.9508995e-02 -5.9508995e-02 -5.7978914e-02 
-2.3266000e+01 -2.3261705e+01 -2.3261705e+01 -2.3261705e+01 -5.1204491e-01 -5.1197254e-01 -5.1197254e-01 -5.1037538e-01 -8.7768998e-02 -8.7768998e-02 -8.6758876e-02 -8.5590686e-02 -6.0426289e-02 -5.9485906e-02 -5.9485906e-02 -5.7957863e-02 
-2.3265992e+01 -2.3261697e+01 -2.3261697e+01 -2.3261697e+01 -5.1848474e-01 -5.1843038e-01 -5.1843038e-01 -5.1683068e-01 -8.1433726e-02 -8.1433726e-02 -8.0438121e-02 -7.9255390e-02 -6.0406756e-02 -5.9463447e-02 -5.9463447e-02 -5.7938346e-02 
-2.3265985e+01 -2.3261690e+01 -2.3261690e+01 -2.3261690e+01 -5.2415192e-01 -5.2411264e-01 -5.2411264e-01 -5.2251096e-01 -7.5864102e-02 -7.5864102e-02 -7.4878607e-02 -7.3683618e-02 -6.0389093e-02 -5.9441343e-02 -5.9441343e-02 -5.7920699e-02 
-2.3265978e+01 -2.3261683e+01 -2.3261683e+01 -2.3261683e+01 -5.2900896e-01 -5.2898205e-01 -5.2898205e-01 -5.2737887e-01 -7.1096747e-02 -7.1096747e-02 -7.0115997e-02 -6.8910874e-02 -6.0373603e-02 -5.9418678e-02 -5.9418678e-02 -5.7905222e-02 
-2.3265973e+01 -2.3261678e+01 -2.3261678e+01 -2.3261678e+01 -5.3302464e-01 -5.3300761e-01 -5.3300761e-01 -5.3140331e-01 -6.7163698e-02 -6.7163698e-02 -6.6179876e-02 -6.4966618e-02 -6.0360551e-02 -5.9393060e-02 -5.9393060e-02 -5.7892182e-02 
-2.3265969e+01 -2.3261674e+01 -2.3261674e+01 -2.3261674e+01 -5.3617377e-01 -5.3616427e-01 -5.3616427e-01 -5.3455917e-01 -6.4095131e-02 -6.4095131e-02 -6.3094090e-02 -6.1874598e-02 -6.0350160e-02 -5.9358219e-02 -5.9358219e-02 -5.7881800e-02 
-2.3265965e+01 -2.3261671e+01 -2.3261671e+01 -2.3261671e+01 -5.3843692e-01 -5.3843272e-01 -5.3843272e-01 -5.3682708e-01 -6.1926113e-02 -6.1926113e-02 -6.0876977e-02 -6.0342608e-02 -5.9653082e-02 -5.9297490e-02 -5.9297490e-02 -5.7874255e-02 
-2.3265964e+01 -2.3261669e+01 -2.3261669e+01 -2.3261669e+01 -5.3980030e-01 -5.3979926e-01 -5.3979926e-01 -5.3819330e-01 -6.0696936e-02 -6.0696936e-02 -6.0338025e-02 -5.9541537e-02 -5.9183626e-02 -5.9183626e-02 -5.8315019e-02 -5.7869676e-02 
-2.3265963e+01 -2.3261668e+01 -2.3261668e+01 -2.3261668e+01 -5.4025568e-01 -5.4025568e-01 -5.4025568e-01 -5.3864962e-01 -6.0336489e-02 -6.0336489e-02 -6.0336488e-02 -5.9095530e-02 -5.9095530e-02 -5.9095530e-02 -5.7868142e-02 -5.7868141e-02 
