# num high symmetry points
8
# label high symmetry points
G X M G R X M R 
# indices high symmetry points
1 23 45 76 114 145 146 168 
# nk, nb, ns
168 18 1
# k-points (frac coords)
+0.0000000e+00 +0.0000000e+00 +0.0000000e+00 
+0.0000000e+00 +2.2727273e-02 +0.0000000e+00 
+0.0000000e+00 +4.5454545e-02 +0.0000000e+00 
+0.0000000e+00 +6.8181818e-02 +0.0000000e+00 
+0.0000000e+00 +9.0909091e-02 +0.0000000e+00 
+0.0000000e+00 +1.1363636e-01 +0.0000000e+00 
+0.0000000e+00 +1.3636364e-01 +0.0000000e+00 
+0.0000000e+00 +1.5909091e-01 +0.0000000e+00 
+0.0000000e+00 +1.8181818e-01 +0.0000000e+00 
+0.0000000e+00 +2.0454545e-01 +0.0000000e+00 
+0.0000000e+00 +2.2727273e-01 +0.0000000e+00 
+0.0000000e+00 +2.5000000e-01 +0.0000000e+00 
+0.0000000e+00 +2.7272727e-01 +0.0000000e+00 
+0.0000000e+00 +2.9545455e-01 +0.0000000e+00 
+0.0000000e+00 +3.1818182e-01 +0.0000000e+00 
+0.0000000e+00 +3.4090909e-01 +0.0000000e+00 
+0.0000000e+00 +3.6363636e-01 +0.0000000e+00 
+0.0000000e+00 +3.8636364e-01 +0.0000000e+00 
+0.0000000e+00 +4.0909091e-01 +0.0000000e+00 
+0.0000000e+00 +4.3181818e-01 +0.0000000e+00 
+0.0000000e+00 +4.5454545e-01 +0.0000000e+00 
+0.0000000e+00 +4.7727273e-01 +0.0000000e+00 
+0.0000000e+00 +5.0000000e-01 +0.0000000e+00 
+2.2727273e-02 +5.0000000e-01 +0.0000000e+00 
+4.5454545e-02 +5.0000000e-01 +0.0000000e+00 
+6.8181818e-02 +5.0000000e-01 +0.0000000e+00 
+9.0909091e-02 +5.0000000e-01 +0.0000000e+00 
+1.1363636e-01 +5.0000000e-01 +0.0000000e+00 
+1.3636364e-01 +5.0000000e-01 +0.0000000e+00 
+1.5909091e-01 +5.0000000e-01 +0.0000000e+00 
+1.8181818e-01 +5.0000000e-01 +0.0000000e+00 
+2.0454545e-01 +5.0000000e-01 +0.0000000e+00 
+2.2727273e-01 +5.0000000e-01 +0.0000000e+00 
+2.5000000e-01 +5.0000000e-01 +0.0000000e+00 
+2.7272727e-01 +5.0000000e-01 +0.0000000e+00 
+2.9545455e-01 +5.0000000e-01 +0.0000000e+00 
+3.1818182e-01 +5.0000000e-01 +0.0000000e+00 
+3.4090909e-01 +5.0000000e-01 +0.0000000e+00 
+3.6363636e-01 +5.0000000e-01 +0.0000000e+00 
+3.8636364e-01 +5.0000000e-01 +0.0000000e+00 
+4.0909091e-01 +5.0000000e-01 +0.0000000e+00 
+4.3181818e-01 +5.0000000e-01 +0.0000000e+00 
+4.5454545e-01 +5.0000000e-01 +0.0000000e+00 
+4.7727273e-01 +5.0000000e-01 +0.0000000e+00 
+5.0000000e-01 +5.0000000e-01 +0.0000000e+00 
+4.8387097e-01 +4.8387097e-01 +0.0000000e+00 
+4.6774194e-01 +4.6774194e-01 +0.0000000e+00 
+4.5161290e-01 +4.5161290e-01 +0.0000000e+00 
+4.3548387e-01 +4.3548387e-01 +0.0000000e+00 
+4.1935484e-01 +4.1935484e-01 +0.0000000e+00 
+4.0322581e-01 +4.0322581e-01 +0.0000000e+00 
+3.8709677e-01 +3.8709677e-01 +0.0000000e+00 
+3.7096774e-01 +3.7096774e-01 +0.0000000e+00 
+3.5483871e-01 +3.5483871e-01 +0.0000000e+00 
+3.3870968e-01 +3.3870968e-01 +0.0000000e+00 
+3.2258065e-01 +3.2258065e-01 +0.0000000e+00 
+3.0645161e-01 +3.0645161e-01 +0.0000000e+00 
+2.9032258e-01 +2.9032258e-01 +0.0000000e+00 
+2.7419355e-01 +2.7419355e-01 +0.0000000e+00 
+2.5806452e-01 +2.5806452e-01 +0.0000000e+00 
+2.4193548e-01 +2.4193548e-01 +0.0000000e+00 
+2.2580645e-01 +2.2580645e-01 +0.0000000e+00 
+2.0967742e-01 +2.0967742e-01 +0.0000000e+00 
+1.9354839e-01 +1.9354839e-01 +0.0000000e+00 
+1.7741935e-01 +1.7741935e-01 +0.0000000e+00 
+1.6129032e-01 +1.6129032e-01 +0.0000000e+00 
+1.4516129e-01 +1.4516129e-01 +0.0000000e+00 
+1.2903226e-01 +1.2903226e-01 +0.0000000e+00 
+1.1290323e-01 +1.1290323e-01 +0.0000000e+00 
+9.6774194e-02 +9.6774194e-02 +0.0000000e+00 
+8.0645161e-02 +8.0645161e-02 +0.0000000e+00 
+6.4516129e-02 +6.4516129e-02 +0.0000000e+00 
+4.8387097e-02 +4.8387097e-02 +0.0000000e+00 
+3.2258065e-02 +3.2258065e-02 +0.0000000e+00 
+1.6129032e-02 +1.6129032e-02 +0.0000000e+00 
+0.0000000e+00 +0.0000000e+00 +0.0000000e+00 
+1.3157895e-02 +1.3157895e-02 +1.3157895e-02 
+2.6315789e-02 +2.6315789e-02 +2.6315789e-02 
+3.9473684e-02 +3.9473684e-02 +3.9473684e-02 
+5.2631579e-02 +5.2631579e-02 +5.2631579e-02 
+6.5789474e-02 +6.5789474e-02 +6.5789474e-02 
+7.8947368e-02 +7.8947368e-02 +7.8947368e-02 
+9.2105263e-02 +9.2105263e-02 +9.2105263e-02 
+1.0526316e-01 +1.0526316e-01 +1.0526316e-01 
+1.1842105e-01 +1.1842105e-01 +1.1842105e-01 
+1.3157895e-01 +1.3157895e-01 +1.3157895e-01 
+1.4473684e-01 +1.4473684e-01 +1.4473684e-01 
+1.5789474e-01 +1.5789474e-01 +1.5789474e-01 
+1.7105263e-01 +1.7105263e-01 +1.7105263e-01 
+1.8421053e-01 +1.8421053e-01 +1.8421053e-01 
+1.9736842e-01 +1.9736842e-01 +1.9736842e-01 
+2.1052632e-01 +2.1052632e-01 +2.1052632e-01 
+2.2368421e-01 +2.2368421e-01 +2.2368421e-01 
+2.3684211e-01 +2.3684211e-01 +2.3684211e-01 
+2.5000000e-01 +2.5000000e-01 +2.5000000e-01 
+2.6315789e-01 +2.6315789e-01 +2.6315789e-01 
+2.7631579e-01 +2.7631579e-01 +2.7631579e-01 
+2.8947368e-01 +2.8947368e-01 +2.8947368e-01 
+3.0263158e-01 +3.0263158e-01 +3.0263158e-01 
+3.1578947e-01 +3.1578947e-01 +3.1578947e-01 
+3.2894737e-01 +3.2894737e-01 +3.2894737e-01 
+3.4210526e-01 +3.4210526e-01 +3.4210526e-01 
+3.5526316e-01 +3.5526316e-01 +3.5526316e-01 
+3.6842105e-01 +3.6842105e-01 +3.6842105e-01 
+3.8157895e-01 +3.8157895e-01 +3.8157895e-01 
+3.9473684e-01 +3.9473684e-01 +3.9473684e-01 
+4.0789474e-01 +4.0789474e-01 +4.0789474e-01 
+4.2105263e-01 +4.2105263e-01 +4.2105263e-01 
+4.3421053e-01 +4.3421053e-01 +4.3421053e-01 
+4.4736842e-01 +4.4736842e-01 +4.4736842e-01 
+4.6052632e-01 +4.6052632e-01 +4.6052632e-01 
+4.7368421e-01 +4.7368421e-01 +4.7368421e-01 
+4.8684211e-01 +4.8684211e-01 +4.8684211e-01 
+5.0000000e-01 +5.0000000e-01 +5.0000000e-01 
+4.8387097e-01 +5.0000000e-01 +4.8387097e-01 
+4.6774194e-01 +5.0000000e-01 +4.6774194e-01 
+4.5161290e-01 +5.0000000e-01 +4.5161290e-01 
+4.3548387e-01 +5.0000000e-01 +4.3548387e-01 
+4.1935484e-01 +5.0000000e-01 +4.1935484e-01 
+4.0322581e-01 +5.0000000e-01 +4.0322581e-01 
+3.8709677e-01 +5.0000000e-01 +3.8709677e-01 
+3.7096774e-01 +5.0000000e-01 +3.7096774e-01 
+3.5483871e-01 +5.0000000e-01 +3.5483871e-01 
+3.3870968e-01 +5.0000000e-01 +3.3870968e-01 
+3.2258065e-01 +5.0000000e-01 +3.2258065e-01 
+3.0645161e-01 +5.0000000e-01 +3.0645161e-01 
+2.9032258e-01 +5.0000000e-01 +2.9032258e-01 
+2.7419355e-01 +5.0000000e-01 +2.7419355e-01 
+2.5806452e-01 +5.0000000e-01 +2.5806452e-01 
+2.4193548e-01 +5.0000000e-01 +2.4193548e-01 
+2.2580645e-01 +5.0000000e-01 +2.2580645e-01 
+2.0967742e-01 +5.0000000e-01 +2.0967742e-01 
+1.9354839e-01 +5.0000000e-01 +1.9354839e-01 
+1.7741935e-01 +5.0000000e-01 +1.7741935e-01 
+1.6129032e-01 +5.0000000e-01 +1.6129032e-01 
+1.4516129e-01 +5.0000000e-01 +1.4516129e-01 
+1.2903226e-01 +5.0000000e-01 +1.2903226e-01 
+1.1290323e-01 +5.0000000e-01 +1.1290323e-01 
+9.6774194e-02 +5.0000000e-01 +9.6774194e-02 
+8.0645161e-02 +5.0000000e-01 +8.0645161e-02 
+6.4516129e-02 +5.0000000e-01 +6.4516129e-02 
+4.8387097e-02 +5.0000000e-01 +4.8387097e-02 
+3.2258065e-02 +5.0000000e-01 +3.2258065e-02 
+1.6129032e-02 +5.0000000e-01 +1.6129032e-02 
+0.0000000e+00 +5.0000000e-01 +0.0000000e+00 
+5.0000000e-01 +5.0000000e-01 +0.0000000e+00 
+5.0000000e-01 +5.0000000e-01 +2.2727273e-02 
+5.0000000e-01 +5.0000000e-01 +4.5454545e-02 
+5.0000000e-01 +5.0000000e-01 +6.8181818e-02 
+5.0000000e-01 +5.0000000e-01 +9.0909091e-02 
+5.0000000e-01 +5.0000000e-01 +1.1363636e-01 
+5.0000000e-01 +5.0000000e-01 +1.3636364e-01 
+5.0000000e-01 +5.0000000e-01 +1.5909091e-01 
+5.0000000e-01 +5.0000000e-01 +1.8181818e-01 
+5.0000000e-01 +5.0000000e-01 +2.0454545e-01 
+5.0000000e-01 +5.0000000e-01 +2.2727273e-01 
+5.0000000e-01 +5.0000000e-01 +2.5000000e-01 
+5.0000000e-01 +5.0000000e-01 +2.7272727e-01 
+5.0000000e-01 +5.0000000e-01 +2.9545455e-01 
+5.0000000e-01 +5.0000000e-01 +3.1818182e-01 
+5.0000000e-01 +5.0000000e-01 +3.4090909e-01 
+5.0000000e-01 +5.0000000e-01 +3.6363636e-01 
+5.0000000e-01 +5.0000000e-01 +3.8636364e-01 
+5.0000000e-01 +5.0000000e-01 +4.0909091e-01 
+5.0000000e-01 +5.0000000e-01 +4.3181818e-01 
+5.0000000e-01 +5.0000000e-01 +4.5454545e-01 
+5.0000000e-01 +5.0000000e-01 +4.7727273e-01 
+5.0000000e-01 +5.0000000e-01 +5.0000000e-01 
# energies (kpt,band,spin)
# spin = 1
-2.9631057e+01 -2.9558175e+01 -1.4896560e+01 -1.4896560e+01 -1.4896560e+01 -1.4586020e+01 -1.4586020e+01 -1.4586020e+01 -3.4188834e+00 +1.2261648e+00 +1.2261648e+00 +1.2261648e+00 +2.9579650e+00 +2.9579650e+00 +3.7344665e+00 +3.7344665e+00 +3.7344665e+00 +4.5407783e+00 
-2.9630952e+01 -2.9558255e+01 -1.4896579e+01 -1.4896148e+01 -1.4896148e+01 -1.4586872e+01 -1.4586399e+01 -1.4586399e+01 -3.4147838e+00 +1.2236919e+00 +1.2236919e+00 +1.2284081e+00 +2.9459185e+00 +2.9576342e+00 +3.6155235e+00 +3.6994351e+00 +3.6994351e+00 +4.5381539e+00 
-2.9630638e+01 -2.9558493e+01 -1.4896628e+01 -1.4894916e+01 -1.4894916e+01 -1.4589416e+01 -1.4587536e+01 -1.4587536e+01 -3.4023858e+00 +1.2164942e+00 +1.2164942e+00 +1.2351706e+00 +2.9103513e+00 +2.9576744e+00 +3.3009123e+00 +3.6119052e+00 +3.6119052e+00 +4.5301683e+00 
-2.9630116e+01 -2.9558890e+01 -1.4896690e+01 -1.4892868e+01 -1.4892868e+01 -1.4593616e+01 -1.4589424e+01 -1.4589424e+01 -3.3814442e+00 +1.2052183e+00 +1.2052183e+00 +1.2465494e+00 +2.8529037e+00 +2.8626040e+00 +2.9607545e+00 +3.4998864e+00 +3.4998864e+00 +4.5164929e+00 
-2.9629391e+01 -2.9559442e+01 -1.4896744e+01 -1.4890017e+01 -1.4890017e+01 -1.4599413e+01 -1.4592056e+01 -1.4592056e+01 -3.3516870e+00 +1.1908923e+00 +1.1908923e+00 +1.2627045e+00 +2.3430682e+00 +2.7760727e+00 +2.9702835e+00 +3.3803979e+00 +3.3803979e+00 +4.4966084e+00 
-2.9628467e+01 -2.9560149e+01 -1.4896765e+01 -1.4886378e+01 -1.4886378e+01 -1.4606726e+01 -1.4595419e+01 -1.4595419e+01 -3.3129293e+00 +1.1748571e+00 +1.1748571e+00 +1.2838554e+00 +1.7625758e+00 +2.6829251e+00 +2.9897124e+00 +3.2613370e+00 +3.2613370e+00 +4.4698445e+00 
-2.9627351e+01 -2.9561009e+01 -1.4896720e+01 -1.4881970e+01 -1.4881970e+01 -1.4615451e+01 -1.4599497e+01 -1.4599497e+01 -3.2651373e+00 +1.1552338e+00 +1.1586819e+00 +1.1586819e+00 +1.3102768e+00 +2.5768007e+00 +3.0222762e+00 +3.1460547e+00 +3.1460547e+00 +4.4354330e+00 
-2.9626048e+01 -2.9562022e+01 -1.4896552e+01 -1.4876816e+01 -1.4876816e+01 -1.4625467e+01 -1.4604272e+01 -1.4604272e+01 -3.2084405e+00 +5.8730693e-01 +1.1440687e+00 +1.1440687e+00 +1.3422921e+00 +2.4610640e+00 +3.0357514e+00 +3.0357514e+00 +3.0709746e+00 +4.3925697e+00 
-2.9624569e+01 -2.9563185e+01 -1.4896183e+01 -1.4870946e+01 -1.4870946e+01 -1.4636638e+01 -1.4609721e+01 -1.4609721e+01 -3.1431152e+00 +1.2310937e-01 +1.1327527e+00 +1.1327527e+00 +1.3802649e+00 +2.3389350e+00 +2.9305718e+00 +2.9305718e+00 +3.1385044e+00 +4.3404814e+00 
-2.9622922e+01 -2.9564494e+01 -1.4895525e+01 -1.4864392e+01 -1.4864392e+01 -1.4648815e+01 -1.4615820e+01 -1.4615820e+01 -3.0695566e+00 -2.1676863e-01 +1.1264006e+00 +1.1264006e+00 +1.4245884e+00 +2.2134053e+00 +2.8301347e+00 +2.8301347e+00 +3.2269570e+00 +4.2784945e+00 
-2.9621118e+01 -2.9565947e+01 -1.4894490e+01 -1.4857190e+01 -1.4857190e+01 -1.4661839e+01 -1.4622539e+01 -1.4622539e+01 -2.9882470e+00 -4.5003728e-01 +1.1265082e+00 +1.1265082e+00 +1.4756718e+00 +2.0872302e+00 +2.7338121e+00 +2.7338121e+00 +3.3372295e+00 +4.1581162e+00 
-2.9619170e+01 -2.9567536e+01 -1.4892992e+01 -1.4849380e+01 -1.4849380e+01 -1.4675546e+01 -1.4629847e+01 -1.4629847e+01 -2.8997242e+00 -6.0691314e-01 +1.1343025e+00 +1.1343025e+00 +1.5339243e+00 +1.9629761e+00 +2.6408896e+00 +2.6408896e+00 +3.4682181e+00 +3.8109624e+00 
-2.9617088e+01 -2.9569258e+01 -1.4890945e+01 -1.4841007e+01 -1.4841007e+01 -1.4689769e+01 -1.4637710e+01 -1.4637710e+01 -2.8045490e+00 -7.1502442e-01 +1.1506547e+00 +1.1506547e+00 +1.5997351e+00 +1.8431060e+00 +2.5506641e+00 +2.5506641e+00 +3.5587708e+00 +3.6159877e+00 
-2.9614887e+01 -2.9571107e+01 -1.4888271e+01 -1.4832117e+01 -1.4832117e+01 -1.4704343e+01 -1.4646091e+01 -1.4646091e+01 -2.7032791e+00 -7.9551510e-01 +1.1760156e+00 +1.1760156e+00 +1.6734519e+00 +1.7300904e+00 +2.4625035e+00 +2.4625035e+00 +3.3822464e+00 +3.7732253e+00 
-2.9612581e+01 -2.9573074e+01 -1.4884892e+01 -1.4822760e+01 -1.4822760e+01 -1.4719103e+01 -1.4654951e+01 -1.4654951e+01 -2.5964560e+00 -8.6356423e-01 +1.2103889e+00 +1.2103889e+00 +1.6265349e+00 +1.7553550e+00 +2.3758839e+00 +2.3758839e+00 +3.2708831e+00 +3.8108266e+00 
-2.9610182e+01 -2.9575154e+01 -1.4880742e+01 -1.4812989e+01 -1.4812989e+01 -1.4733890e+01 -1.4664247e+01 -1.4664247e+01 -2.4846116e+00 -9.2967994e-01 +1.2533532e+00 +1.2533532e+00 +1.5353250e+00 +1.8456308e+00 +2.2904086e+00 +2.2904086e+00 +3.2184295e+00 +3.6877398e+00 
-2.9607707e+01 -2.9577338e+01 -1.4875762e+01 -1.4802857e+01 -1.4802857e+01 -1.4748552e+01 -1.4673938e+01 -1.4673938e+01 -2.3682940e+00 -1.0007168e+00 +1.3041376e+00 +1.3041376e+00 +1.4597906e+00 +1.9443426e+00 +2.2058139e+00 +2.2058139e+00 +3.2199991e+00 +3.5568473e+00 
-2.9605169e+01 -2.9579617e+01 -1.4869903e+01 -1.4792422e+01 -1.4792422e+01 -1.4762947e+01 -1.4683977e+01 -1.4683977e+01 -2.2481081e+00 -1.0805887e+00 +1.3617393e+00 +1.3617393e+00 +1.4038966e+00 +2.0514025e+00 +2.1219640e+00 +2.1219640e+00 +3.2702461e+00 +3.4195533e+00 
-2.9602585e+01 -2.9581982e+01 -1.4863130e+01 -1.4781739e+01 -1.4781739e+01 -1.4776942e+01 -1.4694317e+01 -1.4694317e+01 -2.1247621e+00 -1.1708767e+00 +1.3724675e+00 +1.4250601e+00 +1.4250601e+00 +2.0388380e+00 +2.0388380e+00 +2.1665447e+00 +3.0823471e+00 +3.2774449e+00 
-2.9599969e+01 -2.9584422e+01 -1.4855423e+01 -1.4790417e+01 -1.4770868e+01 -1.4770868e+01 -1.4704912e+01 -1.4704912e+01 -1.9991135e+00 -1.2714463e+00 +1.3714532e+00 +1.4930321e+00 +1.4930321e+00 +1.9565116e+00 +1.9565116e+00 +2.2893027e+00 +2.5545739e+00 +3.1322274e+00 
-2.9597336e+01 -2.9586926e+01 -1.4846777e+01 -1.4803265e+01 -1.4759866e+01 -1.4759866e+01 -1.4715709e+01 -1.4715709e+01 -1.8722103e+00 -1.3810589e+00 +1.4082350e+00 +1.5647082e+00 +1.5647082e+00 +1.8751395e+00 +1.8751395e+00 +2.1486380e+00 +2.4189927e+00 +2.9856555e+00 
-2.9594701e+01 -2.9589482e+01 -1.4837202e+01 -1.4815394e+01 -1.4748792e+01 -1.4748792e+01 -1.4726658e+01 -1.4726658e+01 -1.7453237e+00 -1.4979001e+00 +1.4919614e+00 +1.6393061e+00 +1.6393061e+00 +1.7949429e+00 +1.7949429e+00 +1.8475054e+00 +2.5547055e+00 +2.8394649e+00 
-2.9592078e+01 -2.9592078e+01 -1.4826727e+01 -1.4826727e+01 -1.4737704e+01 -1.4737704e+01 -1.4737704e+01 -1.4737704e+01 -1.6199690e+00 -1.6199690e+00 +1.6338703e+00 +1.6338703e+00 +1.7162093e+00 +1.7162093e+00 +1.7162093e+00 +1.7162093e+00 +2.6953092e+00 +2.6953092e+00 
-2.9592065e+01 -2.9592065e+01 -1.4829431e+01 -1.4829431e+01 -1.4737664e+01 -1.4737664e+01 -1.4735277e+01 -1.4735277e+01 -1.6183038e+00 -1.6183038e+00 +1.6122545e+00 +1.6122545e+00 +1.6815966e+00 +1.6815966e+00 +1.7401865e+00 +1.7401865e+00 +2.7321368e+00 +2.7321368e+00 
-2.9592024e+01 -2.9592024e+01 -1.4836778e+01 -1.4836778e+01 -1.4737545e+01 -1.4737545e+01 -1.4728760e+01 -1.4728760e+01 -1.6129303e+00 -1.6129303e+00 +1.5530788e+00 +1.5530788e+00 +1.5913295e+00 +1.5913295e+00 +1.8084633e+00 +1.8084633e+00 +2.8289207e+00 +2.8289207e+00 
-2.9591957e+01 -2.9591957e+01 -1.4847259e+01 -1.4847259e+01 -1.4737348e+01 -1.4737348e+01 -1.4719654e+01 -1.4719654e+01 -1.6029137e+00 -1.6029137e+00 +1.4699635e+00 +1.4699635e+00 +1.4710039e+00 +1.4710039e+00 +1.9107194e+00 +1.9107194e+00 +2.9607405e+00 +2.9607405e+00 
-2.9591865e+01 -2.9591865e+01 -1.4859619e+01 -1.4859619e+01 -1.4737079e+01 -1.4737079e+01 -1.4709198e+01 -1.4709198e+01 -1.5871763e+00 -1.5871763e+00 +1.3356009e+00 +1.3356009e+00 +1.3840950e+00 +1.3840950e+00 +2.0316970e+00 +2.0316970e+00 +3.1089460e+00 +3.1089460e+00 
-2.9591750e+01 -2.9591750e+01 -1.4873047e+01 -1.4873047e+01 -1.4736740e+01 -1.4736740e+01 -1.4698171e+01 -1.4698171e+01 -1.5648112e+00 -1.5648112e+00 +1.1986253e+00 +1.1986253e+00 +1.3081141e+00 +1.3081141e+00 +2.1540440e+00 +2.1540440e+00 +3.2624993e+00 +3.2624993e+00 
-2.9591613e+01 -2.9591613e+01 -1.4887040e+01 -1.4887040e+01 -1.4736339e+01 -1.4736339e+01 -1.4687036e+01 -1.4687036e+01 -1.5351765e+00 -1.5351765e+00 +1.0647611e+00 +1.0647611e+00 +1.2531473e+00 +1.2531473e+00 +2.2622551e+00 +2.2622551e+00 +3.4149995e+00 +3.4149995e+00 
-2.9591457e+01 -2.9591457e+01 -1.4901259e+01 -1.4901259e+01 -1.4735883e+01 -1.4735883e+01 -1.4676074e+01 -1.4676074e+01 -1.4978483e+00 -1.4978483e+00 +9.3719704e-01 +9.3719704e-01 +1.2229097e+00 +1.2229097e+00 +2.3464895e+00 +2.3464895e+00 +3.5626387e+00 +3.5626387e+00 
-2.9591286e+01 -2.9591286e+01 -1.4915460e+01 -1.4915460e+01 -1.4735381e+01 -1.4735381e+01 -1.4665462e+01 -1.4665462e+01 -1.4525467e+00 -1.4525467e+00 +8.1769299e-01 +8.1769299e-01 +1.2156787e+00 +1.2156787e+00 +2.4041130e+00 +2.4041130e+00 +3.7031542e+00 +3.7031542e+00 
-2.9591102e+01 -2.9591102e+01 -1.4929447e+01 -1.4929447e+01 -1.4734843e+01 -1.4734843e+01 -1.4655321e+01 -1.4655321e+01 -1.3990838e+00 -1.3990838e+00 +7.0715624e-01 +7.0715624e-01 +1.2257009e+00 +1.2257009e+00 +2.4385349e+00 +2.4385349e+00 +3.8352858e+00 +3.8352858e+00 
-2.9590910e+01 -2.9590910e+01 -1.4943053e+01 -1.4943053e+01 -1.4734280e+01 -1.4734280e+01 -1.4645735e+01 -1.4645735e+01 -1.3373375e+00 -1.3373375e+00 +6.0596463e-01 +6.0596463e-01 +1.2444056e+00 +1.2444056e+00 +2.4571709e+00 +2.4571709e+00 +3.9584588e+00 +3.9584588e+00 
-2.9590713e+01 -2.9590713e+01 -1.4956129e+01 -1.4956129e+01 -1.4733703e+01 -1.4733703e+01 -1.4636765e+01 -1.4636765e+01 -1.2672417e+00 -1.2672417e+00 +5.1416444e-01 +5.1416444e-01 +1.2613796e+00 +1.2613796e+00 +2.4699457e+00 +2.4699457e+00 +4.0725631e+00 +4.0725631e+00 
-2.9590515e+01 -2.9590515e+01 -1.4968540e+01 -1.4968540e+01 -1.4733124e+01 -1.4733124e+01 -1.4628459e+01 -1.4628459e+01 -1.1887939e+00 -1.1887939e+00 +4.3160101e-01 +4.3160101e-01 +1.2656688e+00 +1.2656688e+00 +2.4879023e+00 +2.4879023e+00 +4.0350876e+00 +4.0350876e+00 
-2.9590320e+01 -2.9590320e+01 -1.4980161e+01 -1.4980161e+01 -1.4732555e+01 -1.4732555e+01 -1.4620853e+01 -1.4620853e+01 -1.1020904e+00 -1.1020904e+00 +3.5800897e-01 +3.5800897e-01 +1.2480758e+00 +1.2480758e+00 +2.5207918e+00 +2.5207918e+00 +3.9275381e+00 +3.9275381e+00 
-2.9590132e+01 -2.9590132e+01 -1.4990880e+01 -1.4990880e+01 -1.4732008e+01 -1.4732008e+01 -1.4613978e+01 -1.4613978e+01 -1.0073980e+00 -1.0073980e+00 +2.9307594e-01 +2.9307594e-01 +1.2038924e+00 +1.2038924e+00 +2.5739284e+00 +2.5739284e+00 +3.8337533e+00 +3.8337533e+00 
-2.9589955e+01 -2.9589955e+01 -1.5000593e+01 -1.5000593e+01 -1.4731494e+01 -1.4731494e+01 -1.4607858e+01 -1.4607858e+01 -9.0526888e-01 -9.0526888e-01 +2.3648688e-01 +2.3648688e-01 +1.1339675e+00 +1.1339675e+00 +2.6465038e+00 +2.6465038e+00 +3.7564405e+00 +3.7564405e+00 
-2.9589792e+01 -2.9589792e+01 -1.5009205e+01 -1.5009205e+01 -1.4731025e+01 -1.4731025e+01 -1.4602513e+01 -1.4602513e+01 -7.9671310e-01 -7.9671310e-01 +1.8795351e-01 +1.8795351e-01 +1.0431899e+00 +1.0431899e+00 +2.7325895e+00 +2.7325895e+00 +3.6960956e+00 +3.6960956e+00 
-2.9589647e+01 -2.9589647e+01 -1.5016637e+01 -1.5016637e+01 -1.4730609e+01 -1.4730609e+01 -1.4597962e+01 -1.4597962e+01 -6.8345737e-01 -6.8345737e-01 +1.4723157e-01 +1.4723157e-01 +9.3813908e-01 +9.3813908e-01 +2.8234175e+00 +2.8234175e+00 +3.6523619e+00 +3.6523619e+00 
-2.9589523e+01 -2.9589523e+01 -1.5022815e+01 -1.5022815e+01 -1.4730257e+01 -1.4730257e+01 -1.4594217e+01 -1.4594217e+01 -5.6837948e-01 -5.6837948e-01 +1.1412814e-01 +1.1412814e-01 +8.2581570e-01 +8.2581570e-01 +2.9094018e+00 +2.9094018e+00 +3.6244533e+00 +3.6244533e+00 
-2.9589424e+01 -2.9589424e+01 -1.5027683e+01 -1.5027683e+01 -1.4729974e+01 -1.4729974e+01 -1.4591292e+01 -1.4591292e+01 -4.5633761e-01 -4.5633761e-01 +8.8501300e-02 +8.8501300e-02 +7.1393573e-01 +7.1393573e-01 +2.9818922e+00 +2.9818922e+00 +3.6106940e+00 +3.6106940e+00 
-2.9589350e+01 -2.9589350e+01 -1.5031193e+01 -1.5031193e+01 -1.4729768e+01 -1.4729768e+01 -1.4589195e+01 -1.4589195e+01 -3.5580995e-01 -3.5580995e-01 +7.0254320e-02 +7.0254320e-02 +6.1269156e-01 +6.1269156e-01 +3.0349791e+00 +3.0349791e+00 +3.6075448e+00 +3.6075448e+00 
-2.9589306e+01 -2.9589306e+01 -1.5033312e+01 -1.5033312e+01 -1.4729643e+01 -1.4729643e+01 -1.4587934e+01 -1.4587934e+01 -2.8137431e-01 -2.8137431e-01 +5.9327195e-02 +5.9327195e-02 +5.3756245e-01 +5.3756245e-01 +3.0664813e+00 +3.0664813e+00 +3.6094489e+00 +3.6094489e+00 
-2.9589291e+01 -2.9589291e+01 -1.5034021e+01 -1.5034021e+01 -1.4729600e+01 -1.4729600e+01 -1.4587514e+01 -1.4587514e+01 -2.5287976e-01 -2.5287976e-01 +5.5688104e-02 +5.5688104e-02 +5.0879992e-01 +5.0879992e-01 +3.0768011e+00 +3.0768011e+00 +3.6108669e+00 +3.6108669e+00 
-2.9589400e+01 -2.9589212e+01 -1.5033679e+01 -1.5032935e+01 -1.4730045e+01 -1.4729241e+01 -1.4588364e+01 -1.4587510e+01 -3.0541315e-01 -2.5587460e-01 +5.7790522e-02 +6.0928810e-02 +5.0261028e-01 +5.7119573e-01 +3.0589926e+00 +3.0740888e+00 +3.6085856e+00 +3.6098969e+00 
-2.9589725e+01 -2.9588978e+01 -1.5032655e+01 -1.5029687e+01 -1.4731374e+01 -1.4728164e+01 -1.4590905e+01 -1.4587499e+01 -4.3078694e-01 -2.6395247e-01 +6.4092750e-02 +7.6815980e-02 +4.8409769e-01 +7.2661514e-01 +3.0071999e+00 +3.0660254e+00 +3.6016973e+00 +3.6074836e+00 
-2.9590262e+01 -2.9588588e+01 -1.5030960e+01 -1.5024303e+01 -1.4733572e+01 -1.4726382e+01 -1.4595103e+01 -1.4587481e+01 -5.8670501e-01 -2.7467209e-01 +7.4579258e-02 +1.0382797e-01 +4.5346625e-01 +9.3415777e-01 +2.9260167e+00 +3.0528422e+00 +3.5900597e+00 +3.6050116e+00 
-2.9591007e+01 -2.9588047e+01 -1.5028608e+01 -1.5016828e+01 -1.4736614e+01 -1.4723910e+01 -1.4600906e+01 -1.4587455e+01 -7.5327673e-01 -2.8476304e-01 +8.9222743e-02 +1.4270640e-01 +4.1115736e-01 +1.1763226e+00 +2.8222092e+00 +3.0349675e+00 +3.5734111e+00 +3.6044678e+00 
-2.9591952e+01 -2.9587360e+01 -1.5025621e+01 -1.5007324e+01 -1.4740465e+01 -1.4720773e+01 -1.4608241e+01 -1.4587421e+01 -9.2267060e-01 -2.9095500e-01 +1.0798221e-01 +1.9437385e-01 +3.5795253e-01 +1.4487211e+00 +2.7037427e+00 +3.0131341e+00 +3.5513556e+00 +3.6080540e+00 
-2.9593085e+01 -2.9586532e+01 -1.5022027e+01 -1.4995871e+01 -1.4745080e+01 -1.4717000e+01 -1.4617018e+01 -1.4587379e+01 -1.0915745e+00 -2.9063914e-01 +1.3080069e-01 +2.5982112e-01 +2.9503889e-01 +1.7524555e+00 +2.5789245e+00 +2.9887095e+00 +3.5233797e+00 +3.6178073e+00 
-2.9594397e+01 -2.9585573e+01 -1.5017860e+01 -1.4982568e+01 -1.4750408e+01 -1.4712629e+01 -1.4627129e+01 -1.4587328e+01 -1.2583873e+00 -2.8221087e-01 +1.5760282e-01 +2.2400082e-01 +3.3996735e-01 +2.0903151e+00 +2.4558414e+00 +2.9650223e+00 +3.4889194e+00 +3.6353216e+00 
-2.9595872e+01 -2.9584490e+01 -1.5013157e+01 -1.4967532e+01 -1.4756388e+01 -1.4707702e+01 -1.4638453e+01 -1.4587269e+01 -1.4221798e+00 -2.6508866e-01 +1.4673269e-01 +1.8829270e-01 +4.3549961e-01 +2.3421156e+00 +2.4574961e+00 +2.9559991e+00 +3.4474862e+00 +3.6616277e+00 
-2.9597495e+01 -2.9583297e+01 -1.5007964e+01 -1.4950898e+01 -1.4762953e+01 -1.4702269e+01 -1.4650857e+01 -1.4587202e+01 -1.5822650e+00 -2.3947359e-01 +6.5302411e-02 +2.2275206e-01 +5.4670466e-01 +2.2448932e+00 +2.7477201e+00 +3.0799697e+00 +3.3988414e+00 +3.6972332e+00 
-2.9599250e+01 -2.9582004e+01 -1.5002330e+01 -1.4932825e+01 -1.4770031e+01 -1.4696385e+01 -1.4664196e+01 -1.4587128e+01 -1.7379922e+00 -2.0591125e-01 -1.8185096e-02 +2.6083887e-01 +6.7331284e-01 +2.1709250e+00 +2.7863954e+00 +3.3431885e+00 +3.5262300e+00 +3.7422840e+00 
-2.9601117e+01 -2.9580625e+01 -1.4996310e+01 -1.4913490e+01 -1.4777545e+01 -1.4690109e+01 -1.4678317e+01 -1.4587048e+01 -1.8886254e+00 -1.6469200e-01 -1.0167710e-01 +3.0238640e-01 +8.1438193e-01 +2.1266169e+00 +2.7625261e+00 +3.2813380e+00 +3.6582993e+00 +3.7967925e+00 
-2.9603077e+01 -2.9579175e+01 -1.4989963e+01 -1.4893092e+01 -1.4785413e+01 -1.4693061e+01 -1.4683505e+01 -1.4586963e+01 -2.0332660e+00 -1.8318271e-01 -1.1513882e-01 +3.4720221e-01 +9.6825117e-01 +2.1179964e+00 +2.7286465e+00 +3.2147957e+00 +3.4922831e+00 +3.8608884e+00 
-2.9605109e+01 -2.9577669e+01 -1.4983352e+01 -1.4871849e+01 -1.4793552e+01 -1.4708267e+01 -1.4676639e+01 -1.4586875e+01 -2.1708311e+00 -2.6068684e-01 -5.4914753e-02 +3.9506705e-01 +1.1325907e+00 +2.1506700e+00 +2.6924725e+00 +3.1457358e+00 +3.3146029e+00 +3.9350700e+00 
-2.9607191e+01 -2.9576122e+01 -1.4976543e+01 -1.4849989e+01 -1.4801878e+01 -1.4723769e+01 -1.4669582e+01 -1.4586785e+01 -2.3001512e+00 -3.3195849e-01 +2.0399182e-02 +4.4573286e-01 +1.3045559e+00 +2.2299600e+00 +2.6563029e+00 +3.0768491e+00 +3.1261734e+00 +4.0204580e+00 
-2.9609301e+01 -2.9574550e+01 -1.4969605e+01 -1.4827739e+01 -1.4810303e+01 -1.4739404e+01 -1.4662403e+01 -1.4586696e+01 -2.4202773e+00 -3.9423617e-01 +1.1714466e-01 +4.9891946e-01 +1.4810317e+00 +2.3614038e+00 +2.6204505e+00 +2.9292986e+00 +3.0110861e+00 +4.1190827e+00 
-2.9611415e+01 -2.9572970e+01 -1.4962609e+01 -1.4818742e+01 -1.4805312e+01 -1.4755010e+01 -1.4655172e+01 -1.4586608e+01 -2.5309927e+00 -4.4375332e-01 +2.4259623e-01 +5.5430945e-01 +1.6589313e+00 +2.5515276e+00 +2.5807290e+00 +2.7277191e+00 +2.9513419e+00 +3.6935264e+00 
-2.9613514e+01 -2.9571398e+01 -1.4955628e+01 -1.4827110e+01 -1.4782901e+01 -1.4770426e+01 -1.4647961e+01 -1.4586524e+01 -2.6332345e+00 -4.7503882e-01 +4.0305744e-01 +6.1154087e-01 +1.8354936e+00 +2.4862574e+00 +2.5263272e+00 +2.8081482e+00 +2.8569025e+00 +2.9001432e+00 
-2.9615575e+01 -2.9569850e+01 -1.4948733e+01 -1.4835323e+01 -1.4785501e+01 -1.4760693e+01 -1.4640838e+01 -1.4586445e+01 -2.7289013e+00 -4.7990358e-01 +6.0128491e-01 +6.7019743e-01 +2.0085267e+00 +2.0544442e+00 +2.3305718e+00 +2.6187850e+00 +2.8593919e+00 +3.1380196e+00 
-2.9617579e+01 -2.9568343e+01 -1.4942000e+01 -1.4843299e+01 -1.4800086e+01 -1.4738883e+01 -1.4633876e+01 -1.4586372e+01 -2.8199207e+00 -4.4604865e-01 +7.2979673e-01 +8.3420014e-01 +1.6403279e+00 +2.1456969e+00 +2.1765584e+00 +2.5877294e+00 +2.8302011e+00 +3.5370566e+00 
-2.9619506e+01 -2.9566891e+01 -1.4935499e+01 -1.4850959e+01 -1.4814044e+01 -1.4717686e+01 -1.4627143e+01 -1.4586305e+01 -2.9072724e+00 -3.5543974e-01 +7.8977691e-01 +1.0927193e+00 +1.3759952e+00 +1.9760315e+00 +2.3388771e+00 +2.5816493e+00 +2.8128360e+00 +3.9687314e+00 
-2.9621338e+01 -2.9565512e+01 -1.4929304e+01 -1.4858227e+01 -1.4827245e+01 -1.4697329e+01 -1.4620709e+01 -1.4586246e+01 -2.9907306e+00 -1.8335597e-01 +8.4948349e-01 +1.2257398e+00 +1.3649205e+00 +1.8245254e+00 +2.4954723e+00 +2.5889195e+00 +2.8067519e+00 +4.3513881e+00 
-2.9623056e+01 -2.9564217e+01 -1.4923485e+01 -1.4865033e+01 -1.4839570e+01 -1.4678051e+01 -1.4614645e+01 -1.4586195e+01 -3.0692807e+00 +9.8989755e-02 +9.0815840e-01 +1.1524879e+00 +1.6407558e+00 +1.6926195e+00 +2.6078380e+00 +2.6468959e+00 +2.8107053e+00 +4.6133532e+00 
-2.9624643e+01 -2.9563021e+01 -1.4918111e+01 -1.4871310e+01 -1.4850915e+01 -1.4660084e+01 -1.4609016e+01 -1.4586152e+01 -3.1416731e+00 +5.1233401e-01 +9.6493426e-01 +1.1274005e+00 +1.5804102e+00 +1.9147330e+00 +2.6377836e+00 +2.7940717e+00 +2.8229120e+00 +4.6543449e+00 
-2.9626084e+01 -2.9561935e+01 -1.4913247e+01 -1.4876997e+01 -1.4861181e+01 -1.4643651e+01 -1.4603886e+01 -1.4586116e+01 -3.2067769e+00 +1.0188376e+00 +1.0445851e+00 +1.1298385e+00 +1.4869918e+00 +2.1854345e+00 +2.6777548e+00 +2.8412247e+00 +2.9380649e+00 +4.6332019e+00 
-2.9627363e+01 -2.9560971e+01 -1.4908946e+01 -1.4882039e+01 -1.4870283e+01 -1.4628960e+01 -1.4599313e+01 -1.4586087e+01 -3.2637200e+00 +1.0688048e+00 +1.1458511e+00 +1.4108496e+00 +1.6342341e+00 +2.4535220e+00 +2.7258156e+00 +2.8633103e+00 +3.0798062e+00 +4.6124169e+00 
-2.9628468e+01 -2.9560136e+01 -1.4905245e+01 -1.4886389e+01 -1.4878140e+01 -1.4616195e+01 -1.4595350e+01 -1.4586064e+01 -3.3119178e+00 +1.1137133e+00 +1.1665624e+00 +1.3502100e+00 +2.2009464e+00 +2.7197483e+00 +2.7788636e+00 +2.8868146e+00 +3.2197228e+00 +4.5928577e+00 
-2.9629387e+01 -2.9559441e+01 -1.4902170e+01 -1.4890005e+01 -1.4884680e+01 -1.4605520e+01 -1.4592044e+01 -1.4586047e+01 -3.3510664e+00 +1.1524305e+00 +1.1867564e+00 +1.3033079e+00 +2.6968292e+00 +2.8326844e+00 +2.9095066e+00 +2.9831837e+00 +3.3571503e+00 +4.5753922e+00 
-2.9630112e+01 -2.9558892e+01 -1.4899741e+01 -1.4892853e+01 -1.4889836e+01 -1.4597072e+01 -1.4589431e+01 -1.4586035e+01 -3.3811219e+00 +1.1838773e+00 +1.2036894e+00 +1.2685644e+00 +2.8822949e+00 +2.9293990e+00 +3.1104554e+00 +3.2389815e+00 +3.4892180e+00 +4.5608331e+00 
-2.9630635e+01 -2.9558495e+01 -1.4897983e+01 -1.4894906e+01 -1.4893559e+01 -1.4590959e+01 -1.4587543e+01 -1.4586026e+01 -3.4022547e+00 +1.2071024e+00 +1.2161319e+00 +1.2446918e+00 +2.9225332e+00 +2.9448467e+00 +3.4368180e+00 +3.4742168e+00 +3.6085316e+00 +4.5498829e+00 
-2.9630951e+01 -2.9558255e+01 -1.4896917e+01 -1.4896145e+01 -1.4895808e+01 -1.4587259e+01 -1.4586402e+01 -1.4586022e+01 -3.4147532e+00 +1.2213579e+00 +1.2236549e+00 +1.2307488e+00 +2.9488199e+00 +2.9546214e+00 +3.6557000e+00 +3.6587556e+00 +3.6989699e+00 +4.5430838e+00 
-2.9631057e+01 -2.9558175e+01 -1.4896560e+01 -1.4896560e+01 -1.4896560e+01 -1.4586020e+01 -1.4586020e+01 -1.4586020e+01 -3.4188834e+00 +1.2261648e+00 +1.2261648e+00 +1.2261648e+00 +2.9579650e+00 +2.9579650e+00 +3.7344665e+00 +3.7344665e+00 +3.7344665e+00 +4.5407783e+00 
-2.9630951e+01 -2.9558255e+01 -1.4896660e+01 -1.4896659e+01 -1.4895552e+01 -1.4587383e+01 -1.4586148e+01 -1.4586148e+01 -3.4147601e+00 +1.2221199e+00 +1.2221199e+00 +1.2315229e+00 +2.9517276e+00 +2.9517276e+00 +3.6708125e+00 +3.6708125e+00 +3.6723296e+00 +4.5561441e+00 
-2.9630636e+01 -2.9558494e+01 -1.4896955e+01 -1.4896955e+01 -1.4892546e+01 -1.4591446e+01 -1.4586534e+01 -1.4586534e+01 -3.4022804e+00 +1.2099698e+00 +1.2099699e+00 +1.2479457e+00 +2.9336749e+00 +2.9336749e+00 +3.5008563e+00 +3.5008563e+00 +3.5212736e+00 +4.5877223e+00 
-2.9630114e+01 -2.9558890e+01 -1.4897438e+01 -1.4897438e+01 -1.4887587e+01 -1.4598140e+01 -1.4587182e+01 -1.4587182e+01 -3.3811725e+00 +1.1896886e+00 +1.1896886e+00 +1.2764921e+00 +2.9056796e+00 +2.9056796e+00 +3.2589175e+00 +3.2589175e+00 +3.3294096e+00 +4.6140876e+00 
-2.9629392e+01 -2.9559435e+01 -1.4898093e+01 -1.4898093e+01 -1.4880750e+01 -1.4607346e+01 -1.4588095e+01 -1.4588095e+01 -3.3511386e+00 +1.1612991e+00 +1.1612991e+00 +1.3189722e+00 +2.8705392e+00 +2.8705392e+00 +2.9643059e+00 +2.9643059e+00 +3.1214085e+00 +4.6231613e+00 
-2.9628478e+01 -2.9560125e+01 -1.4898904e+01 -1.4898904e+01 -1.4872142e+01 -1.4618906e+01 -1.4589282e+01 -1.4589282e+01 -3.3119924e+00 +1.1249679e+00 +1.1249679e+00 +1.3780036e+00 +2.6199494e+00 +2.6199494e+00 +2.8315787e+00 +2.8315787e+00 +2.9086380e+00 +4.6067997e+00 
-2.9627381e+01 -2.9560949e+01 -1.4899853e+01 -1.4899853e+01 -1.4861891e+01 -1.4632620e+01 -1.4590752e+01 -1.4590752e+01 -3.2637424e+00 +1.0811249e+00 +1.0811249e+00 +1.4570660e+00 +2.2199190e+00 +2.2199190e+00 +2.6972392e+00 +2.7922340e+00 +2.7922340e+00 +4.5556011e+00 
-2.9626114e+01 -2.9561898e+01 -1.4900924e+01 -1.4900924e+01 -1.4850152e+01 -1.4648254e+01 -1.4592515e+01 -1.4592515e+01 -3.2066130e+00 +1.0305876e+00 +1.0305876e+00 +1.5605151e+00 +1.7636189e+00 +1.7636189e+00 +2.4912466e+00 +2.7556951e+00 +2.7556951e+00 +4.4591945e+00 
-2.9624689e+01 -2.9562958e+01 -1.4902094e+01 -1.4902094e+01 -1.4837101e+01 -1.4665547e+01 -1.4594582e+01 -1.4594582e+01 -3.1410208e+00 +9.7466823e-01 +9.7466823e-01 +1.2752725e+00 +1.2752725e+00 +1.6935021e+00 +2.2937349e+00 +2.7246567e+00 +2.7246567e+00 +4.3131005e+00 
-2.9623123e+01 -2.9564117e+01 -1.4903332e+01 -1.4903332e+01 -1.4822934e+01 -1.4684214e+01 -1.4596965e+01 -1.4596965e+01 -3.0675261e+00 +8.0762217e-01 +8.0762218e-01 +9.1523892e-01 +9.1523892e-01 +1.8617272e+00 +2.1072555e+00 +2.7011933e+00 +2.7011933e+00 +4.1286632e+00 
-2.9621432e+01 -2.9565361e+01 -1.4904598e+01 -1.4904598e+01 -1.4807865e+01 -1.4703955e+01 -1.4599677e+01 -1.4599677e+01 -2.9867703e+00 +4.1341963e-01 +4.1341963e-01 +8.5473978e-01 +8.5473978e-01 +1.9340295e+00 +2.0709531e+00 +2.6867416e+00 +2.6867416e+00 +3.9312325e+00 
-2.9619634e+01 -2.9566674e+01 -1.4905848e+01 -1.4905848e+01 -1.4792123e+01 -1.4724463e+01 -1.4602731e+01 -1.4602731e+01 -2.8994044e+00 +1.1680656e-01 +1.1680657e-01 +7.9612366e-01 +7.9612366e-01 +1.7760713e+00 +2.3262291e+00 +2.6821556e+00 +2.6821556e+00 +3.7439946e+00 
-2.9617745e+01 -2.9568040e+01 -1.4907035e+01 -1.4907035e+01 -1.4775952e+01 -1.4745433e+01 -1.4606137e+01 -1.4606137e+01 -2.8060177e+00 -8.6272363e-02 -8.6272358e-02 +7.4272827e-01 +7.4272827e-01 +1.6352972e+00 +2.6308513e+00 +2.6877924e+00 +2.6877925e+00 +3.5783414e+00 
-2.9615787e+01 -2.9569444e+01 -1.4908114e+01 -1.4908114e+01 -1.4766560e+01 -1.4759607e+01 -1.4609906e+01 -1.4609906e+01 -2.7070822e+00 -2.1312884e-01 -2.1312883e-01 +6.9805407e-01 +6.9805407e-01 +1.5136212e+00 +2.7035928e+00 +2.7035928e+00 +2.9851914e+00 +3.4365949e+00 
-2.9613777e+01 -2.9570869e+01 -1.4909037e+01 -1.4909037e+01 -1.4787554e+01 -1.4743352e+01 -1.4614050e+01 -1.4614050e+01 -2.6029296e+00 -2.8296822e-01 -2.8296821e-01 +6.6540941e-01 +6.6540941e-01 +1.4130132e+00 +2.7291380e+00 +2.7291380e+00 +3.3172224e+00 +3.3172225e+00 
-2.9611737e+01 -2.9572298e+01 -1.4909760e+01 -1.4909760e+01 -1.4808133e+01 -1.4727458e+01 -1.4618576e+01 -1.4618576e+01 -2.4937698e+00 -3.1213889e-01 -3.1213888e-01 +6.4738578e-01 +6.4738578e-01 +1.3354848e+00 +2.7636816e+00 +2.7636816e+00 +3.2178230e+00 +3.2178230e+00 
-2.9609684e+01 -2.9573716e+01 -1.4910239e+01 -1.4910239e+01 -1.4828026e+01 -1.4712194e+01 -1.4623494e+01 -1.4623494e+01 -2.3797439e+00 -3.1319154e-01 -3.1319154e-01 +6.4517186e-01 +6.4517186e-01 +1.2829477e+00 +2.8061710e+00 +2.8061710e+00 +3.1362629e+00 +3.1362629e+00 
-2.9607640e+01 -2.9575107e+01 -1.4910432e+01 -1.4910432e+01 -1.4846976e+01 -1.4697826e+01 -1.4628810e+01 -1.4628810e+01 -2.2609898e+00 -2.9537264e-01 -2.9537264e-01 +6.5782379e-01 +6.5782379e-01 +1.2568727e+00 +2.8552882e+00 +2.8552883e+00 +3.0709682e+00 +3.0709682e+00 
-2.9605623e+01 -2.9576456e+01 -1.4910299e+01 -1.4910299e+01 -1.4864739e+01 -1.4684607e+01 -1.4634532e+01 -1.4634532e+01 -2.1377000e+00 -2.6542780e-01 -2.6542779e-01 +6.8175824e-01 +6.8175824e-01 +1.2576609e+00 +2.9095460e+00 +2.9095460e+00 +3.0209136e+00 +3.0209136e+00 
-2.9603652e+01 -2.9577750e+01 -1.4909801e+01 -1.4909801e+01 -1.4881086e+01 -1.4672778e+01 -1.4640664e+01 -1.4640664e+01 -2.0101583e+00 -2.2831939e-01 -2.2831938e-01 +7.1083010e-01 +7.1083010e-01 +1.2836825e+00 +2.9674632e+00 +2.9674632e+00 +2.9855209e+00 +2.9855209e+00 
-2.9601744e+01 -2.9578977e+01 -1.4908905e+01 -1.4908905e+01 -1.4895808e+01 -1.4662558e+01 -1.4647208e+01 -1.4647208e+01 -1.8787547e+00 -1.8776635e-01 -1.8776635e-01 +7.3725815e-01 +7.3725815e-01 +1.3301042e+00 +2.9645356e+00 +2.9645356e+00 +3.0277921e+00 +3.0277922e+00 
-2.9599915e+01 -2.9580125e+01 -1.4908718e+01 -1.4907579e+01 -1.4907579e+01 -1.4654160e+01 -1.4654160e+01 -1.4654140e+01 -1.7439871e+00 -1.4661577e-01 -1.4661577e-01 +7.5330442e-01 +7.5330442e-01 +1.3879755e+00 +2.9578983e+00 +2.9578983e+00 +3.0896895e+00 +3.0896895e+00 
-2.9598178e+01 -2.9581186e+01 -1.4919652e+01 -1.4905796e+01 -1.4905796e+01 -1.4661515e+01 -1.4661515e+01 -1.4647691e+01 -1.6064560e+00 -1.0708035e-01 -1.0708035e-01 +7.5314684e-01 +7.5314684e-01 +1.4443678e+00 +2.9656090e+00 +2.9656090e+00 +3.1526938e+00 +3.1526938e+00 
-2.9596547e+01 -2.9582153e+01 -1.4928479e+01 -1.4903533e+01 -1.4903533e+01 -1.4669257e+01 -1.4669257e+01 -1.4643348e+01 -1.4668621e+00 -7.0876099e-02 -7.0876098e-02 +7.3415410e-01 +7.3415411e-01 +1.4841447e+00 +2.9875853e+00 +2.9875853e+00 +3.2164817e+00 +3.2164817e+00 
-2.9595032e+01 -2.9583022e+01 -1.4935092e+01 -1.4900771e+01 -1.4900771e+01 -1.4677369e+01 -1.4677369e+01 -1.4641217e+01 -1.3260077e+00 -3.9290332e-02 -3.9290331e-02 +6.9704353e-01 +6.9704353e-01 +1.4929650e+00 +3.0235117e+00 +3.0235118e+00 +3.2805657e+00 +3.2805657e+00 
-2.9593641e+01 -2.9583789e+01 -1.4939420e+01 -1.4897496e+01 -1.4897496e+01 -1.4685826e+01 -1.4685826e+01 -1.4641371e+01 -1.1848074e+00 -1.3206358e-02 -1.3206357e-02 +6.4502759e-01 +6.4502759e-01 +1.4603053e+00 +3.0726931e+00 +3.0726931e+00 +3.3441478e+00 +3.3441478e+00 
-2.9592379e+01 -2.9584455e+01 -1.4941422e+01 -1.4893699e+01 -1.4893699e+01 -1.4694600e+01 -1.4694600e+01 -1.4643843e+01 -1.0443066e+00 +6.8913826e-03 +6.8913827e-03 +5.8253504e-01 +5.8253504e-01 +1.3816958e+00 +3.1339237e+00 +3.1339237e+00 +3.4062007e+00 +3.4062007e+00 
-2.9591251e+01 -2.9585021e+01 -1.4941087e+01 -1.4889375e+01 -1.4889375e+01 -1.4703660e+01 -1.4703660e+01 -1.4648623e+01 -9.0570918e-01 +2.0912009e-02 +2.0912009e-02 +5.1409764e-01 +5.1409764e-01 +1.2600639e+00 +3.2053941e+00 +3.2053941e+00 +3.4656751e+00 +3.4656751e+00 
-2.9590258e+01 -2.9585489e+01 -1.4938438e+01 -1.4884525e+01 -1.4884525e+01 -1.4712971e+01 -1.4712971e+01 -1.4655653e+01 -7.7041305e-01 +2.9139029e-02 +2.9139030e-02 +4.4367698e-01 +4.4367698e-01 +1.1055706e+00 +3.2846571e+00 +3.2846572e+00 +3.5216975e+00 +3.5216976e+00 
-2.9589399e+01 -2.9585863e+01 -1.4933529e+01 -1.4879155e+01 -1.4879155e+01 -1.4722493e+01 -1.4722493e+01 -1.4664832e+01 -6.4004855e-01 +3.2191256e-02 +3.2191257e-02 +3.7440610e-01 +3.7440610e-01 +9.3287562e-01 +3.3686718e+00 +3.3686718e+00 +3.5736807e+00 +3.5736807e+00 
-2.9588671e+01 -2.9586149e+01 -1.4926443e+01 -1.4873273e+01 -1.4873273e+01 -1.4732186e+01 -1.4732186e+01 -1.4676012e+01 -5.1651075e-01 +3.0965029e-02 +3.0965030e-02 +3.0859436e-01 +3.0859436e-01 +7.5672632e-01 +3.4539405e+00 +3.4539405e+00 +3.6213345e+00 +3.6213345e+00 
-2.9588068e+01 -2.9586356e+01 -1.4917293e+01 -1.4866895e+01 -1.4866895e+01 -1.4742005e+01 -1.4742005e+01 -1.4689013e+01 -4.0196378e-01 +2.6563939e-02 +2.6563940e-02 +2.4785091e-01 +2.4785091e-01 +5.8875919e-01 +3.5367435e+00 +3.5367435e+00 +3.6645992e+00 +3.6645992e+00 
-2.9587583e+01 -2.9586493e+01 -1.4906220e+01 -1.4860038e+01 -1.4860038e+01 -1.4751907e+01 -1.4751907e+01 -1.4703620e+01 -2.9877888e-01 +2.0224170e-02 +2.0224172e-02 +1.9323509e-01 +1.9323509e-01 +4.3698278e-01 +3.6108137e+00 +3.6134567e+00 +3.6134567e+00 +3.7035281e+00 
-2.9587207e+01 -2.9586570e+01 -1.4893391e+01 -1.4852724e+01 -1.4852724e+01 -1.4761842e+01 -1.4761842e+01 -1.4719592e+01 -2.0934638e-01 +1.3242972e-02 +1.3242973e-02 +1.4538963e-01 +1.4538964e-01 +3.0679242e-01 +3.5074639e+00 +3.6317382e+00 +3.6809107e+00 +3.6809108e+00 
-2.9586930e+01 -2.9586601e+01 -1.4878998e+01 -1.4844980e+01 -1.4844980e+01 -1.4771763e+01 -1.4771763e+01 -1.4736667e+01 -1.3569055e-01 +6.9157110e-03 +6.9157126e-03 +1.0464247e-01 +1.0464247e-01 +2.0172114e-01 +3.4346840e+00 +3.5113845e+00 +3.7367226e+00 +3.7367226e+00 
-2.9586739e+01 -2.9586599e+01 -1.4863254e+01 -1.4836835e+01 -1.4836835e+01 -1.4781622e+01 -1.4781622e+01 -1.4754567e+01 -7.8844513e-02 +2.4845961e-03 +2.4845978e-03 +7.1077211e-02 +7.1077213e-02 +1.2312570e-01 +3.3843097e+00 +3.4219735e+00 +3.7795153e+00 +3.7795153e+00 
-2.9586620e+01 -2.9586579e+01 -1.4846394e+01 -1.4828322e+01 -1.4828322e+01 -1.4791370e+01 -1.4791370e+01 -1.4773006e+01 -3.8046066e-02 +1.0999863e-03 +1.0999880e-03 +4.4578030e-02 +4.4578032e-02 +6.9253951e-02 +3.3502049e+00 +3.3627134e+00 +3.8089661e+00 +3.8089661e+00 
-2.9586560e+01 -2.9586555e+01 -1.4828669e+01 -1.4819479e+01 -1.4819479e+01 -1.4800959e+01 -1.4800959e+01 -1.4791695e+01 -9.9913823e-03 +3.7935820e-03 +3.7935838e-03 +2.4855788e-02 +2.4855790e-02 +3.4768166e-02 +3.3290722e+00 +3.3307515e+00 +3.8256743e+00 +3.8256744e+00 
-2.9586544e+01 -2.9586544e+01 -1.4810344e+01 -1.4810344e+01 -1.4810344e+01 -1.4810344e+01 -1.4810344e+01 -1.4810344e+01 +1.1461659e-02 +1.1461659e-02 +1.1461659e-02 +1.1461659e-02 +1.1461661e-02 +1.1461661e-02 +3.3213248e+00 +3.3213248e+00 +3.8308971e+00 +3.8308971e+00 
-2.9586558e+01 -2.9586558e+01 -1.4826270e+01 -1.4826270e+01 -1.4810157e+01 -1.4810157e+01 -1.4794193e+01 -1.4794193e+01 -5.1799048e-03 -5.1799048e-03 +1.3579002e-02 +1.3579002e-02 +3.2632646e-02 +3.2632646e-02 +3.3299183e+00 +3.3299183e+00 +3.8238800e+00 +3.8238800e+00 
-2.9586600e+01 -2.9586600e+01 -1.4841814e+01 -1.4841814e+01 -1.4809597e+01 -1.4809597e+01 -1.4777979e+01 -1.4777979e+01 -2.2140364e-02 -2.2140364e-02 +1.9913663e-02 +1.9913663e-02 +6.3314721e-02 +6.3314721e-02 +3.3563414e+00 +3.3563414e+00 +3.8028996e+00 +3.8028996e+00 
-2.9586669e+01 -2.9586669e+01 -1.4856825e+01 -1.4856825e+01 -1.4808672e+01 -1.4808672e+01 -1.4761868e+01 -1.4761868e+01 -4.3449859e-02 -4.3449859e-02 +3.0412389e-02 +3.0412389e-02 +1.0792923e-01 +1.0792923e-01 +3.4020421e+00 +3.4020421e+00 +3.7681858e+00 +3.7681858e+00 
-2.9586765e+01 -2.9586765e+01 -1.4871161e+01 -1.4871161e+01 -1.4807389e+01 -1.4807389e+01 -1.4746027e+01 -1.4746027e+01 -7.1972461e-02 -7.1972461e-02 +4.4983116e-02 +4.4983116e-02 +1.6996293e-01 +1.6996293e-01 +3.4678976e+00 +3.4678976e+00 +3.7201696e+00 +3.7201696e+00 
-2.9586887e+01 -2.9586887e+01 -1.4884684e+01 -1.4884684e+01 -1.4805764e+01 -1.4805764e+01 -1.4730624e+01 -1.4730624e+01 -1.0934625e-01 -1.0934625e-01 +6.3491751e-02 +6.3491751e-02 +2.5186367e-01 +2.5186367e-01 +3.5509763e+00 +3.5509763e+00 +3.6595368e+00 +3.6595368e+00 
-2.9587033e+01 -2.9587033e+01 -1.4897269e+01 -1.4897269e+01 -1.4803812e+01 -1.4803812e+01 -1.4715827e+01 -1.4715827e+01 -1.5609963e-01 -1.5609963e-01 +8.5760662e-02 +8.5760662e-02 +3.5508589e-01 +3.5508589e-01 +3.5872698e+00 +3.5872698e+00 +3.6304042e+00 +3.6304042e+00 
-2.9587203e+01 -2.9587203e+01 -1.4908800e+01 -1.4908800e+01 -1.4801554e+01 -1.4801554e+01 -1.4701797e+01 -1.4701797e+01 -2.1189876e-01 -2.1189876e-01 +1.1157081e-01 +1.1157081e-01 +4.8020787e-01 +4.8020787e-01 +3.5046579e+00 +3.5046579e+00 +3.6548348e+00 +3.6548348e+00 
-2.9587395e+01 -2.9587395e+01 -1.4919171e+01 -1.4919171e+01 -1.4799013e+01 -1.4799013e+01 -1.4688691e+01 -1.4688691e+01 -2.7586337e-01 -2.7586337e-01 +1.4066884e-01 +1.4066884e-01 +6.2698299e-01 +6.2698299e-01 +3.4132666e+00 +3.4132666e+00 +3.6393906e+00 +3.6393906e+00 
-2.9587606e+01 -2.9587606e+01 -1.4928288e+01 -1.4928288e+01 -1.4796215e+01 -1.4796215e+01 -1.4676656e+01 -1.4676656e+01 -3.4686965e-01 -3.4686965e-01 +1.7277945e-01 +1.7277945e-01 +7.9413209e-01 +7.9413209e-01 +3.3148661e+00 +3.3148661e+00 +3.6133191e+00 +3.6133191e+00 
-2.9587836e+01 -2.9587836e+01 -1.4936071e+01 -1.4936071e+01 -1.4793188e+01 -1.4793188e+01 -1.4665826e+01 -1.4665826e+01 -4.2378018e-01 -4.2378018e-01 +2.0762251e-01 +2.0762251e-01 +9.7870761e-01 +9.7870761e-01 +3.2113317e+00 +3.2113317e+00 +3.5845237e+00 +3.5845237e+00 
-2.9588081e+01 -2.9588081e+01 -1.4942450e+01 -1.4942450e+01 -1.4789964e+01 -1.4789964e+01 -1.4656325e+01 -1.4656325e+01 -5.0557440e-01 -5.0557440e-01 +2.4493350e-01 +2.4493350e-01 +1.1749978e+00 +1.1749978e+00 +3.1045361e+00 +3.1045361e+00 +3.5558477e+00 +3.5558477e+00 
-2.9588340e+01 -2.9588340e+01 -1.4947372e+01 -1.4947372e+01 -1.4786575e+01 -1.4786575e+01 -1.4648256e+01 -1.4648256e+01 -5.9137803e-01 -5.9137803e-01 +2.8448602e-01 +2.8448602e-01 +1.3732652e+00 +1.3732652e+00 +2.9962503e+00 +2.9962503e+00 +3.5289363e+00 +3.5289363e+00 
-2.9588610e+01 -2.9588610e+01 -1.4950797e+01 -1.4950797e+01 -1.4783056e+01 -1.4783056e+01 -1.4641707e+01 -1.4641707e+01 -6.8040216e-01 -6.8040216e-01 +3.2611544e-01 +3.2611544e-01 +1.5591929e+00 +1.5591929e+00 +2.8880678e+00 +2.8880678e+00 +3.5049555e+00 +3.5049555e+00 
-2.9588888e+01 -2.9588888e+01 -1.4952699e+01 -1.4952699e+01 -1.4779441e+01 -1.4779441e+01 -1.4636742e+01 -1.4636742e+01 -7.7181363e-01 -7.7181363e-01 +3.6974373e-01 +3.6974373e-01 +1.7154512e+00 +1.7154512e+00 +2.7813573e+00 +2.7813573e+00 +3.4846523e+00 +3.4846523e+00 
-2.9589171e+01 -2.9589171e+01 -1.4953071e+01 -1.4953071e+01 -1.4775769e+01 -1.4775769e+01 -1.4633406e+01 -1.4633406e+01 -8.6457641e-01 -8.6457641e-01 +4.1540626e-01 +4.1540626e-01 +1.8262575e+00 +1.8262575e+00 +2.6772432e+00 +2.6772432e+00 +3.4682595e+00 +3.4682595e+00 
-2.9589455e+01 -2.9589455e+01 -1.4951921e+01 -1.4951921e+01 -1.4772077e+01 -1.4772077e+01 -1.4631721e+01 -1.4631721e+01 -9.5732767e-01 -9.5732767e-01 +4.6328167e-01 +4.6328167e-01 +1.8833047e+00 +1.8833047e+00 +2.5766074e+00 +2.5766074e+00 +3.4555331e+00 +3.4555331e+00 
-2.9589739e+01 -2.9589739e+01 -1.4949274e+01 -1.4949274e+01 -1.4768402e+01 -1.4768402e+01 -1.4631687e+01 -1.4631687e+01 -1.0483629e+00 -1.0483629e+00 +5.1372542e-01 +5.1372542e-01 +1.8890109e+00 +1.8890109e+00 +2.4801065e+00 +2.4801065e+00 +3.4460267e+00 +3.4460267e+00 
-2.9590017e+01 -2.9590017e+01 -1.4945170e+01 -1.4945170e+01 -1.4764783e+01 -1.4764783e+01 -1.4633287e+01 -1.4633287e+01 -1.1357739e+00 -1.1357739e+00 +5.6730488e-01 +5.6730488e-01 +1.8547070e+00 +1.8547070e+00 +2.3881972e+00 +2.3881972e+00 +3.4393136e+00 +3.4393136e+00 
-2.9590288e+01 -2.9590288e+01 -1.4939666e+01 -1.4939666e+01 -1.4761258e+01 -1.4761258e+01 -1.4636485e+01 -1.4636485e+01 -1.2177080e+00 -1.2177080e+00 +6.2483037e-01 +6.2483037e-01 +1.7957406e+00 +1.7957406e+00 +2.3011676e+00 +2.3011676e+00 +3.4348774e+00 +3.4348774e+00 
-2.9590548e+01 -2.9590548e+01 -1.4932832e+01 -1.4932832e+01 -1.4757864e+01 -1.4757864e+01 -1.4641225e+01 -1.4641225e+01 -1.2926423e+00 -1.2926423e+00 +6.8736939e-01 +6.8736939e-01 +1.7269418e+00 +1.7269418e+00 +2.2191736e+00 +2.2191736e+00 +3.4317890e+00 +3.4317890e+00 
-2.9590794e+01 -2.9590794e+01 -1.4924756e+01 -1.4924756e+01 -1.4754637e+01 -1.4754637e+01 -1.4647428e+01 -1.4647428e+01 -1.3595585e+00 -1.3595585e+00 +7.5622254e-01 +7.5622254e-01 +1.6601002e+00 +1.6601002e+00 +2.1422843e+00 +2.1422843e+00 +3.4283700e+00 +3.4283700e+00 
-2.9591024e+01 -2.9591024e+01 -1.4915544e+01 -1.4915544e+01 -1.4751611e+01 -1.4751611e+01 -1.4654994e+01 -1.4654994e+01 -1.4179688e+00 -1.4179688e+00 +8.3282731e-01 +8.3282731e-01 +1.6033180e+00 +1.6033180e+00 +2.0705376e+00 +2.0705376e+00 +3.4218162e+00 +3.4218162e+00 
-2.9591236e+01 -2.9591236e+01 -1.4905325e+01 -1.4905325e+01 -1.4748820e+01 -1.4748820e+01 -1.4663790e+01 -1.4663790e+01 -1.4678267e+00 -1.4678267e+00 +9.1854248e-01 +9.1854248e-01 +1.5614707e+00 +1.5614707e+00 +2.0040069e+00 +2.0040069e+00 +3.4076138e+00 +3.4076138e+00 
-2.9591427e+01 -2.9591427e+01 -1.4894258e+01 -1.4894258e+01 -1.4746293e+01 -1.4746293e+01 -1.4673651e+01 -1.4673651e+01 -1.5093946e+00 -1.5093946e+00 +1.0142539e+00 +1.0142539e+00 +1.5370529e+00 +1.5370529e+00 +1.9428726e+00 +1.9428726e+00 +3.3786775e+00 +3.3786775e+00 
-2.9591596e+01 -2.9591596e+01 -1.4882546e+01 -1.4882546e+01 -1.4744057e+01 -1.4744057e+01 -1.4684363e+01 -1.4684363e+01 -1.5431318e+00 -1.5431318e+00 +1.1197470e+00 +1.1197470e+00 +1.5309450e+00 +1.5309450e+00 +1.8874845e+00 +1.8874845e+00 +3.3249349e+00 +3.3249349e+00 
-2.9591741e+01 -2.9591741e+01 -1.4870453e+01 -1.4870453e+01 -1.4742135e+01 -1.4742135e+01 -1.4695649e+01 -1.4695649e+01 -1.5696297e+00 -1.5696297e+00 +1.2328465e+00 +1.2328465e+00 +1.5428526e+00 +1.5428526e+00 +1.8383985e+00 +1.8383985e+00 +3.2363844e+00 +3.2363844e+00 
-2.9591861e+01 -2.9591861e+01 -1.4858352e+01 -1.4858352e+01 -1.4740547e+01 -1.4740547e+01 -1.4707120e+01 -1.4707120e+01 -1.5895877e+00 -1.5895877e+00 +1.3484749e+00 +1.3484749e+00 +1.5712543e+00 +1.5712543e+00 +1.7963689e+00 +1.7963689e+00 +3.1125102e+00 +3.1125102e+00 
-2.9591956e+01 -2.9591956e+01 -1.4846801e+01 -1.4846801e+01 -1.4739304e+01 -1.4739304e+01 -1.4718201e+01 -1.4718201e+01 -1.6037997e+00 -1.6037997e+00 +1.4580665e+00 +1.4580665e+00 +1.6126425e+00 +1.6126425e+00 +1.7622866e+00 +1.7622866e+00 +2.9691819e+00 +2.9691819e+00 
-2.9592024e+01 -2.9592024e+01 -1.4836699e+01 -1.4836699e+01 -1.4738415e+01 -1.4738415e+01 -1.4727982e+01 -1.4727982e+01 -1.6131099e+00 -1.6131099e+00 +1.5500440e+00 +1.5500440e+00 +1.6598297e+00 +1.6598297e+00 +1.7370652e+00 +1.7370652e+00 +2.8328566e+00 +2.8328566e+00 
-2.9592065e+01 -2.9592065e+01 -1.4829439e+01 -1.4829439e+01 -1.4737882e+01 -1.4737882e+01 -1.4735053e+01 -1.4735053e+01 -1.6183075e+00 -1.6183075e+00 +1.6119444e+00 +1.6119444e+00 +1.6999239e+00 +1.6999239e+00 +1.7215018e+00 +1.7215018e+00 +2.7327016e+00 +2.7327016e+00 
-2.9592078e+01 -2.9592078e+01 -1.4826727e+01 -1.4826727e+01 -1.4737704e+01 -1.4737704e+01 -1.4737704e+01 -1.4737704e+01 -1.6199690e+00 -1.6199690e+00 +1.6338703e+00 +1.6338703e+00 +1.7162093e+00 +1.7162093e+00 +1.7162093e+00 +1.7162093e+00 +2.6953092e+00 +2.6953092e+00 
-2.9589291e+01 -2.9589291e+01 -1.5034021e+01 -1.5034021e+01 -1.4729600e+01 -1.4729600e+01 -1.4587514e+01 -1.4587514e+01 -2.5287976e-01 -2.5287976e-01 +5.5688104e-02 +5.5688104e-02 +5.0879992e-01 +5.0879992e-01 +3.0768011e+00 +3.0768011e+00 +3.6108669e+00 +3.6108669e+00 
-2.9589277e+01 -2.9589277e+01 -1.5033453e+01 -1.5033453e+01 -1.4730014e+01 -1.4730014e+01 -1.4588074e+01 -1.4588074e+01 -2.5629054e-01 -2.5629054e-01 +5.9097542e-02 +5.9097542e-02 +5.0540617e-01 +5.0540617e-01 +3.0758480e+00 +3.0758480e+00 +3.6122576e+00 +3.6122576e+00 
-2.9589235e+01 -2.9589235e+01 -1.5031753e+01 -1.5031753e+01 -1.4731245e+01 -1.4731245e+01 -1.4589750e+01 -1.4589750e+01 -2.6577756e-01 -2.6577756e-01 +6.9604319e-02 +6.9604319e-02 +4.9536239e-01 +4.9536239e-01 +3.0734504e+00 +3.0734504e+00 +3.6163868e+00 +3.6163868e+00 
-2.9589166e+01 -2.9589166e+01 -1.5028928e+01 -1.5028928e+01 -1.4733270e+01 -1.4733270e+01 -1.4592537e+01 -1.4592537e+01 -2.7928804e-01 -2.7928804e-01 +8.7956442e-02 +8.7956442e-02 +4.7906373e-01 +4.7906373e-01 +3.0708767e+00 +3.0708767e+00 +3.6231279e+00 +3.6231279e+00 
-2.9589071e+01 -2.9589071e+01 -1.5024993e+01 -1.5024993e+01 -1.4736047e+01 -1.4736047e+01 -1.4596420e+01 -1.4596420e+01 -2.9394662e-01 -2.9394662e-01 +1.1509403e-01 +1.1509403e-01 +4.5711630e-01 +4.5711630e-01 +3.0698971e+00 +3.0698971e+00 +3.6322757e+00 +3.6322757e+00 
-2.9588952e+01 -2.9588952e+01 -1.5019967e+01 -1.5019967e+01 -1.4739520e+01 -1.4739520e+01 -1.4601383e+01 -1.4601383e+01 -3.0667682e-01 -3.0667682e-01 +1.5165098e-01 +1.5165098e-01 +4.3027296e-01 +4.3027296e-01 +3.0724068e+00 +3.0724068e+00 +3.6435553e+00 +3.6435553e+00 
-2.9588812e+01 -2.9588812e+01 -1.5013874e+01 -1.5013874e+01 -1.4743616e+01 -1.4743616e+01 -1.4607403e+01 -1.4607403e+01 -3.1476698e-01 -3.1476698e-01 +1.9723942e-01 +1.9723942e-01 +3.9936676e-01 +3.9936676e-01 +3.0801018e+00 +3.0801018e+00 +3.6566334e+00 +3.6566334e+00 
-2.9588654e+01 -2.9588654e+01 -1.5006746e+01 -1.5006746e+01 -1.4748251e+01 -1.4748251e+01 -1.4614453e+01 -1.4614453e+01 -3.1624673e-01 -3.1624673e-01 +2.4964473e-01 +2.4964473e-01 +3.6525460e-01 +3.6525460e-01 +3.0942828e+00 +3.0942828e+00 +3.6711325e+00 +3.6711325e+00 
-2.9588481e+01 -2.9588481e+01 -1.4998616e+01 -1.4998616e+01 -1.4753329e+01 -1.4753329e+01 -1.4622501e+01 -1.4622501e+01 -3.1003928e-01 -3.1003928e-01 +3.0427368e-01 +3.0427368e-01 +3.2877868e-01 +3.2877868e-01 +3.1157939e+00 +3.1157939e+00 +3.6866460e+00 +3.6866460e+00 
-2.9588297e+01 -2.9588297e+01 -1.4989527e+01 -1.4989527e+01 -1.4758743e+01 -1.4758743e+01 -1.4631509e+01 -1.4631509e+01 -2.9593648e-01 -2.9593648e-01 +2.9074753e-01 +2.9074753e-01 +3.5437831e-01 +3.5437831e-01 +3.1450498e+00 +3.1450498e+00 +3.7027553e+00 +3.7027553e+00 
-2.9588105e+01 -2.9588105e+01 -1.4979523e+01 -1.4979523e+01 -1.4764383e+01 -1.4764383e+01 -1.4641435e+01 -1.4641435e+01 -2.7447412e-01 -2.7447412e-01 +2.5193438e-01 +2.5193438e-01 +3.9242822e-01 +3.9242822e-01 +3.1820903e+00 +3.1820903e+00 +3.7190461e+00 +3.7190461e+00 
-2.9587910e+01 -2.9587910e+01 -1.4968655e+01 -1.4968655e+01 -1.4770133e+01 -1.4770133e+01 -1.4652232e+01 -1.4652232e+01 -2.4677345e-01 -2.4677345e-01 +2.1308814e-01 +2.1308814e-01 +4.1231675e-01 +4.1231675e-01 +3.2266120e+00 +3.2266120e+00 +3.7351239e+00 +3.7351239e+00 
-2.9587715e+01 -2.9587715e+01 -1.4956978e+01 -1.4956978e+01 -1.4775876e+01 -1.4775876e+01 -1.4663848e+01 -1.4663848e+01 -2.1438545e-01 -2.1438545e-01 +1.7495133e-01 +1.7495133e-01 +4.1127835e-01 +4.1127835e-01 +3.2779384e+00 +3.2779384e+00 +3.7506288e+00 +3.7506288e+00 
-2.9587524e+01 -2.9587524e+01 -1.4944551e+01 -1.4944551e+01 -1.4781494e+01 -1.4781494e+01 -1.4676224e+01 -1.4676224e+01 -1.7914706e-01 -1.7914706e-01 +1.3827984e-01 +1.3827984e-01 +3.9040552e-01 +3.9040552e-01 +3.3348895e+00 +3.3348895e+00 +3.7652460e+00 +3.7652460e+00 
-2.9587341e+01 -2.9587341e+01 -1.4931437e+01 -1.4931437e+01 -1.4786876e+01 -1.4786876e+01 -1.4689300e+01 -1.4689300e+01 -1.4304071e-01 -1.4304071e-01 +1.0385952e-01 +1.0385952e-01 +3.5367777e-01 +3.5367777e-01 +3.3954343e+00 +3.3954343e+00 +3.7787143e+00 +3.7787143e+00 
-2.9587170e+01 -2.9587170e+01 -1.4917702e+01 -1.4917702e+01 -1.4791911e+01 -1.4791911e+01 -1.4703007e+01 -1.4703007e+01 -1.0804233e-01 -1.0804233e-01 +7.2516022e-02 +7.2516022e-02 +3.0636780e-01 +3.0636780e-01 +3.4556042e+00 +3.4556042e+00 +3.7908303e+00 +3.7908303e+00 
-2.9587014e+01 -2.9587014e+01 -1.4903415e+01 -1.4903415e+01 -1.4796500e+01 -1.4796500e+01 -1.4717276e+01 -1.4717276e+01 -7.5948852e-02 -7.5948852e-02 +4.5114707e-02 +4.5114707e-02 +2.5371336e-01 +2.5371336e-01 +3.5047261e+00 +3.5047261e+00 +3.7508856e+00 +3.7508856e+00 
-2.9586877e+01 -2.9586877e+01 -1.4888650e+01 -1.4888650e+01 -1.4800550e+01 -1.4800550e+01 -1.4732033e+01 -1.4732033e+01 -4.8194971e-02 -4.8194971e-02 +2.2548881e-02 +2.2548881e-02 +2.0019053e-01 +2.0019053e-01 +3.5092717e+00 +3.5092717e+00 +3.6957277e+00 +3.6957277e+00 
-2.9586760e+01 -2.9586760e+01 -1.4873481e+01 -1.4873481e+01 -1.4803980e+01 -1.4803980e+01 -1.4747199e+01 -1.4747199e+01 -2.5696697e-02 -2.5696697e-02 +5.7154708e-03 +5.7154708e-03 +1.4928531e-01 +1.4928531e-01 +3.4571151e+00 +3.4571151e+00 +3.7165772e+00 +3.7165772e+00 
-2.9586667e+01 -2.9586667e+01 -1.4857986e+01 -1.4857986e+01 -1.4806722e+01 -1.4806722e+01 -1.4762695e+01 -1.4762695e+01 -8.7824512e-03 -8.7824512e-03 -4.5213102e-03 -4.5213102e-03 +1.0353722e-01 +1.0353722e-01 +3.3991504e+00 +3.3991504e+00 +3.7586180e+00 +3.7586180e+00 
-2.9586599e+01 -2.9586599e+01 -1.4842244e+01 -1.4842244e+01 -1.4808721e+01 -1.4808721e+01 -1.4778440e+01 -1.4778440e+01 -7.3767557e-03 -7.3767557e-03 +2.7332342e-03 +2.7332342e-03 +6.4681947e-02 +6.4681947e-02 +3.3556916e+00 +3.3556916e+00 +3.7965545e+00 +3.7965545e+00 
-2.9586558e+01 -2.9586558e+01 -1.4826336e+01 -1.4826336e+01 -1.4809936e+01 -1.4809936e+01 -1.4794351e+01 -1.4794351e+01 -2.2006563e-03 -2.2006563e-03 +9.3267689e-03 +9.3267689e-03 +3.3803114e-02 +3.3803114e-02 +3.3298329e+00 +3.3298329e+00 +3.8219821e+00 +3.8219821e+00 
-2.9586544e+01 -2.9586544e+01 -1.4810344e+01 -1.4810344e+01 -1.4810344e+01 -1.4810344e+01 -1.4810344e+01 -1.4810344e+01 +1.1461659e-02 +1.1461659e-02 +1.1461659e-02 +1.1461659e-02 +1.1461661e-02 +1.1461661e-02 +3.3213248e+00 +3.3213248e+00 +3.8308971e+00 +3.8308971e+00 
