# num high symmetry points
8
# label high symmetry points
G X M G R X M R 
# indices high symmetry points
1 18 35 60 91 116 117 134 
# nk, nb, ns
134 28 1
# k-points (frac coords)
+0.0000000e+00 +0.0000000e+00 +0.0000000e+00 
+0.0000000e+00 +2.9411765e-02 +0.0000000e+00 
+0.0000000e+00 +5.8823529e-02 +0.0000000e+00 
+0.0000000e+00 +8.8235294e-02 +0.0000000e+00 
+0.0000000e+00 +1.1764706e-01 +0.0000000e+00 
+0.0000000e+00 +1.4705882e-01 +0.0000000e+00 
+0.0000000e+00 +1.7647059e-01 +0.0000000e+00 
+0.0000000e+00 +2.0588235e-01 +0.0000000e+00 
+0.0000000e+00 +2.3529412e-01 +0.0000000e+00 
+0.0000000e+00 +2.6470588e-01 +0.0000000e+00 
+0.0000000e+00 +2.9411765e-01 +0.0000000e+00 
+0.0000000e+00 +3.2352941e-01 +0.0000000e+00 
+0.0000000e+00 +3.5294118e-01 +0.0000000e+00 
+0.0000000e+00 +3.8235294e-01 +0.0000000e+00 
+0.0000000e+00 +4.1176471e-01 +0.0000000e+00 
+0.0000000e+00 +4.4117647e-01 +0.0000000e+00 
+0.0000000e+00 +4.7058824e-01 +0.0000000e+00 
+0.0000000e+00 +5.0000000e-01 +0.0000000e+00 
+2.9411765e-02 +5.0000000e-01 +0.0000000e+00 
+5.8823529e-02 +5.0000000e-01 +0.0000000e+00 
+8.8235294e-02 +5.0000000e-01 +0.0000000e+00 
+1.1764706e-01 +5.0000000e-01 +0.0000000e+00 
+1.4705882e-01 +5.0000000e-01 +0.0000000e+00 
+1.7647059e-01 +5.0000000e-01 +0.0000000e+00 
+2.0588235e-01 +5.0000000e-01 +0.0000000e+00 
+2.3529412e-01 +5.0000000e-01 +0.0000000e+00 
+2.6470588e-01 +5.0000000e-01 +0.0000000e+00 
+2.9411765e-01 +5.0000000e-01 +0.0000000e+00 
+3.2352941e-01 +5.0000000e-01 +0.0000000e+00 
+3.5294118e-01 +5.0000000e-01 +0.0000000e+00 
+3.8235294e-01 +5.0000000e-01 +0.0000000e+00 
+4.1176471e-01 +5.0000000e-01 +0.0000000e+00 
+4.4117647e-01 +5.0000000e-01 +0.0000000e+00 
+4.7058824e-01 +5.0000000e-01 +0.0000000e+00 
+5.0000000e-01 +5.0000000e-01 +0.0000000e+00 
+4.8000000e-01 +4.8000000e-01 +0.0000000e+00 
+4.6000000e-01 +4.6000000e-01 +0.0000000e+00 
+4.4000000e-01 +4.4000000e-01 +0.0000000e+00 
+4.2000000e-01 +4.2000000e-01 +0.0000000e+00 
+4.0000000e-01 +4.0000000e-01 +0.0000000e+00 
+3.8000000e-01 +3.8000000e-01 +0.0000000e+00 
+3.6000000e-01 +3.6000000e-01 +0.0000000e+00 
+3.4000000e-01 +3.4000000e-01 +0.0000000e+00 
+3.2000000e-01 +3.2000000e-01 +0.0000000e+00 
+3.0000000e-01 +3.0000000e-01 +0.0000000e+00 
+2.8000000e-01 +2.8000000e-01 +0.0000000e+00 
+2.6000000e-01 +2.6000000e-01 +0.0000000e+00 
+2.4000000e-01 +2.4000000e-01 +0.0000000e+00 
+2.2000000e-01 +2.2000000e-01 +0.0000000e+00 
+2.0000000e-01 +2.0000000e-01 +0.0000000e+00 
+1.8000000e-01 +1.8000000e-01 +0.0000000e+00 
+1.6000000e-01 +1.6000000e-01 +0.0000000e+00 
+1.4000000e-01 +1.4000000e-01 +0.0000000e+00 
+1.2000000e-01 +1.2000000e-01 +0.0000000e+00 
+1.0000000e-01 +1.0000000e-01 +0.0000000e+00 
+8.0000000e-02 +8.0000000e-02 +0.0000000e+00 
+6.0000000e-02 +6.0000000e-02 +0.0000000e+00 
+4.0000000e-02 +4.0000000e-02 +0.0000000e+00 
+2.0000000e-02 +2.0000000e-02 +0.0000000e+00 
+0.0000000e+00 +0.0000000e+00 +0.0000000e+00 
+1.6129032e-02 +1.6129032e-02 +1.6129032e-02 
+3.2258065e-02 +3.2258065e-02 +3.2258065e-02 
+4.8387097e-02 +4.8387097e-02 +4.8387097e-02 
+6.4516129e-02 +6.4516129e-02 +6.4516129e-02 
+8.0645161e-02 +8.0645161e-02 +8.0645161e-02 
+9.6774194e-02 +9.6774194e-02 +9.6774194e-02 
+1.1290323e-01 +1.1290323e-01 +1.1290323e-01 
+1.2903226e-01 +1.2903226e-01 +1.2903226e-01 
+1.4516129e-01 +1.4516129e-01 +1.4516129e-01 
+1.6129032e-01 +1.6129032e-01 +1.6129032e-01 
+1.7741935e-01 +1.7741935e-01 +1.7741935e-01 
+1.9354839e-01 +1.9354839e-01 +1.9354839e-01 
+2.0967742e-01 +2.0967742e-01 +2.0967742e-01 
+2.2580645e-01 +2.2580645e-01 +2.2580645e-01 
+2.4193548e-01 +2.4193548e-01 +2.4193548e-01 
+2.5806452e-01 +2.5806452e-01 +2.5806452e-01 
+2.7419355e-01 +2.7419355e-01 +2.7419355e-01 
+2.9032258e-01 +2.9032258e-01 +2.9032258e-01 
+3.0645161e-01 +3.0645161e-01 +3.0645161e-01 
+3.2258065e-01 +3.2258065e-01 +3.2258065e-01 
+3.3870968e-01 +3.3870968e-01 +3.3870968e-01 
+3.5483871e-01 +3.5483871e-01 +3.5483871e-01 
+3.7096774e-01 +3.7096774e-01 +3.7096774e-01 
+3.8709677e-01 +3.8709677e-01 +3.8709677e-01 
+4.0322581e-01 +4.0322581e-01 +4.0322581e-01 
+4.1935484e-01 +4.1935484e-01 +4.1935484e-01 
+4.3548387e-01 +4.3548387e-01 +4.3548387e-01 
+4.5161290e-01 +4.5161290e-01 +4.5161290e-01 
+4.6774194e-01 +4.6774194e-01 +4.6774194e-01 
+4.8387097e-01 +4.8387097e-01 +4.8387097e-01 
+5.0000000e-01 +5.0000000e-01 +5.0000000e-01 
+4.8000000e-01 +5.0000000e-01 +4.8000000e-01 
+4.6000000e-01 +5.0000000e-01 +4.6000000e-01 
+4.4000000e-01 +5.0000000e-01 +4.4000000e-01 
+4.2000000e-01 +5.0000000e-01 +4.2000000e-01 
+4.0000000e-01 +5.0000000e-01 +4.0000000e-01 
+3.8000000e-01 +5.0000000e-01 +3.8000000e-01 
+3.6000000e-01 +5.0000000e-01 +3.6000000e-01 
+3.4000000e-01 +5.0000000e-01 +3.4000000e-01 
+3.2000000e-01 +5.0000000e-01 +3.2000000e-01 
+3.0000000e-01 +5.0000000e-01 +3.0000000e-01 
+2.8000000e-01 +5.0000000e-01 +2.8000000e-01 
+2.6000000e-01 +5.0000000e-01 +2.6000000e-01 
+2.4000000e-01 +5.0000000e-01 +2.4000000e-01 
+2.2000000e-01 +5.0000000e-01 +2.2000000e-01 
+2.0000000e-01 +5.0000000e-01 +2.0000000e-01 
+1.8000000e-01 +5.0000000e-01 +1.8000000e-01 
+1.6000000e-01 +5.0000000e-01 +1.6000000e-01 
+1.4000000e-01 +5.0000000e-01 +1.4000000e-01 
+1.2000000e-01 +5.0000000e-01 +1.2000000e-01 
+1.0000000e-01 +5.0000000e-01 +1.0000000e-01 
+8.0000000e-02 +5.0000000e-01 +8.0000000e-02 
+6.0000000e-02 +5.0000000e-01 +6.0000000e-02 
+4.0000000e-02 +5.0000000e-01 +4.0000000e-02 
+2.0000000e-02 +5.0000000e-01 +2.0000000e-02 
+0.0000000e+00 +5.0000000e-01 +0.0000000e+00 
+5.0000000e-01 +5.0000000e-01 +0.0000000e+00 
+5.0000000e-01 +5.0000000e-01 +2.9411765e-02 
+5.0000000e-01 +5.0000000e-01 +5.8823529e-02 
+5.0000000e-01 +5.0000000e-01 +8.8235294e-02 
+5.0000000e-01 +5.0000000e-01 +1.1764706e-01 
+5.0000000e-01 +5.0000000e-01 +1.4705882e-01 
+5.0000000e-01 +5.0000000e-01 +1.7647059e-01 
+5.0000000e-01 +5.0000000e-01 +2.0588235e-01 
+5.0000000e-01 +5.0000000e-01 +2.3529412e-01 
+5.0000000e-01 +5.0000000e-01 +2.6470588e-01 
+5.0000000e-01 +5.0000000e-01 +2.9411765e-01 
+5.0000000e-01 +5.0000000e-01 +3.2352941e-01 
+5.0000000e-01 +5.0000000e-01 +3.5294118e-01 
+5.0000000e-01 +5.0000000e-01 +3.8235294e-01 
+5.0000000e-01 +5.0000000e-01 +4.1176471e-01 
+5.0000000e-01 +5.0000000e-01 +4.4117647e-01 
+5.0000000e-01 +5.0000000e-01 +4.7058824e-01 
+5.0000000e-01 +5.0000000e-01 +5.0000000e-01 
# energies (kpt,band,spin)
# spin = 1
-2.7310448e+01 -2.7310448e+01 -2.7310448e+01 -2.7280499e+01 -1.0014862e+01 -1.0014862e+01 -1.0014862e+01 -9.9458713e+00 -9.0405145e+00 -9.0405145e+00 -9.0263751e+00 -9.0263751e+00 -9.0263751e+00 -8.9056168e+00 -8.9056168e+00 -8.9056168e+00 -6.4598623e+00 -6.1517567e+00 -6.1517567e+00 -6.1517567e+00 +3.6663445e-01 +3.6663445e-01 +3.6663445e-01 +6.9361932e-01 +6.9361932e-01 +6.9361932e-01 +7.9825486e-01 +7.9825486e-01 
-2.7311311e+01 -2.7311235e+01 -2.7310942e+01 -2.7281407e+01 -1.0014766e+01 -1.0014728e+01 -1.0014662e+01 -9.9460897e+00 -9.0403165e+00 -9.0396227e+00 -9.0261994e+00 -9.0254722e+00 -9.0251840e+00 -8.9059554e+00 -8.9057204e+00 -8.9056615e+00 -6.4593793e+00 -6.1529754e+00 -6.1523104e+00 -6.1521058e+00 +3.6725422e-01 +3.6734669e-01 +3.6781435e-01 +6.9334249e-01 +6.9345634e-01 +6.9387464e-01 +7.9759485e-01 +7.9806597e-01 
-2.7314014e+01 -2.7313570e+01 -2.7312446e+01 -2.7284089e+01 -1.0014484e+01 -1.0014337e+01 -1.0014075e+01 -9.9467301e+00 -9.0397190e+00 -9.0369616e+00 -9.0258241e+00 -9.0228269e+00 -9.0216425e+00 -8.9069508e+00 -8.9060345e+00 -8.9058348e+00 -6.4579241e+00 -6.1566035e+00 -6.1540381e+00 -6.1531650e+00 +3.6909926e-01 +3.6946304e-01 +3.7133979e-01 +6.9251634e-01 +6.9295716e-01 +6.9463749e-01 +7.9561470e-01 +7.9749959e-01 
-2.7318856e+01 -2.7317371e+01 -2.7315014e+01 -2.7288425e+01 -1.0014032e+01 -1.0013724e+01 -1.0013137e+01 -9.9477526e+00 -9.0387131e+00 -9.0325764e+00 -9.0256465e+00 -9.0186315e+00 -9.0158707e+00 -8.9085369e+00 -8.9065625e+00 -8.9062294e+00 -6.4554883e+00 -6.1625567e+00 -6.1571138e+00 -6.1549653e+00 +3.7212758e-01 +3.7292220e-01 +3.7716795e-01 +6.9115309e-01 +6.9209332e-01 +6.9589852e-01 +7.9231439e-01 +7.9655664e-01 
-2.7326179e+01 -2.7322500e+01 -2.7318725e+01 -2.7294237e+01 -1.0013435e+01 -1.0012949e+01 -1.0011897e+01 -9.9491036e+00 -9.0372904e+00 -9.0265508e+00 -9.0261370e+00 -9.0132151e+00 -9.0081421e+00 -8.9105864e+00 -8.9072884e+00 -8.9069195e+00 -6.4520877e+00 -6.1706938e+00 -6.1617454e+00 -6.1575464e+00 +3.7627116e-01 +3.7762236e-01 +3.8522699e-01 +6.8927090e-01 +6.9082486e-01 +6.9764237e-01 +7.8769494e-01 +7.9523868e-01 
-2.7336182e+01 -2.7328754e+01 -2.7323650e+01 -2.7301296e+01 -1.0012724e+01 -1.0012081e+01 -1.0010413e+01 -9.9507279e+00 -9.0354483e+00 -9.0276016e+00 -9.0190131e+00 -9.0070571e+00 -8.9989644e+00 -8.9128844e+00 -8.9081581e+00 -8.9078559e+00 -6.4477832e+00 -6.1808166e+00 -6.1680684e+00 -6.1609424e+00 +3.8143789e-01 +3.8342447e-01 +3.9541581e-01 +6.8689140e-01 +6.8910986e-01 +6.9984797e-01 +7.8175934e-01 +7.9354857e-01 
-2.7348753e+01 -2.7335873e+01 -2.7329838e+01 -2.7309333e+01 -1.0011936e+01 -1.0011190e+01 -1.0008728e+01 -9.9525768e+00 -9.0331928e+00 -9.0300042e+00 -9.0101380e+00 -9.0008035e+00 -8.9891440e+00 -8.9150953e+00 -8.9090724e+00 -8.9087677e+00 -6.4426775e+00 -6.1926730e+00 -6.1760420e+00 -6.1651683e+00 +3.8751271e-01 +3.9015912e-01 +4.0760404e-01 +6.8403906e-01 +6.8691518e-01 +7.0248893e-01 +7.7451310e-01 +7.9149140e-01 
-2.7363383e+01 -2.7343545e+01 -2.7337290e+01 -2.7318032e+01 -1.0011105e+01 -1.0010326e+01 -1.0006872e+01 -9.9546123e+00 -9.0329781e+00 -9.0305393e+00 -9.0001424e+00 -8.9952631e+00 -8.9797909e+00 -8.9167447e+00 -8.9098965e+00 -8.9091283e+00 -6.4368867e+00 -6.2059635e+00 -6.1853867e+00 -6.1702105e+00 +3.9435775e-01 +3.9763416e-01 +4.2163278e-01 +6.8074500e-01 +6.8422626e-01 +7.0553419e-01 +7.6596428e-01 +7.8907554e-01 
-2.7379208e+01 -2.7351419e+01 -2.7345950e+01 -2.7327049e+01 -1.0010269e+01 -1.0009518e+01 -1.0004853e+01 -9.9568062e+00 -9.0360077e+00 -9.0275110e+00 -8.9913217e+00 -8.9892778e+00 -8.9721787e+00 -8.9172813e+00 -8.9104797e+00 -8.9082692e+00 -6.4305094e+00 -6.2203530e+00 -6.1955915e+00 -6.1760203e+00 +4.0181155e-01 +4.0563936e-01 +4.3731648e-01 +6.7705572e-01 +6.8105476e-01 +7.0894867e-01 +7.5612366e-01 +7.8631295e-01 
-2.7395148e+01 -2.7359129e+01 -2.7355696e+01 -2.7336051e+01 -1.0009456e+01 -1.0008776e+01 -1.0002678e+01 -9.9591382e+00 -9.0386300e+00 -9.0241370e+00 -8.9896936e+00 -8.9778194e+00 -8.9673242e+00 -8.9162998e+00 -8.9106792e+00 -8.9057575e+00 -6.4236106e+00 -6.2354876e+00 -6.2059893e+00 -6.1825113e+00 +4.0968755e-01 +4.1394612e-01 +4.5444605e-01 +6.7304443e-01 +6.7744405e-01 +7.1269403e-01 +7.4500571e-01 +7.8321910e-01 
-2.7410098e+01 -2.7366341e+01 -2.7366324e+01 -2.7344744e+01 -1.0008694e+01 -1.0008104e+01 -1.0000350e+01 -9.9615926e+00 -9.0405337e+00 -9.0204505e+00 -8.9906022e+00 -8.9660566e+00 -8.9654587e+00 -8.9138354e+00 -8.9103857e+00 -8.9018685e+00 -6.4162217e+00 -6.2510148e+00 -6.2158693e+00 -6.1895584e+00 +4.1777228e-01 +4.2230348e-01 +4.7279332e-01 +6.6882143e-01 +6.7347324e-01 +7.1672950e-01 +7.3263046e-01 +7.7981269e-01 
-2.7423093e+01 -2.7377634e+01 -2.7372689e+01 -2.7352904e+01 -1.0008002e+01 -1.0007505e+01 -9.9978780e+00 -9.9641563e+00 -9.0415529e+00 -9.0164874e+00 -8.9937168e+00 -8.9660363e+00 -8.9542831e+00 -8.9104051e+00 -8.9095483e+00 -8.8975286e+00 -6.4083488e+00 -6.2666050e+00 -6.2245876e+00 -6.1969971e+00 +4.2582354e-01 +4.3043356e-01 +4.9211668e-01 +6.6454053e-01 +6.6926031e-01 +7.1902628e-01 +7.2101259e-01 +7.7611567e-01 
-2.7433423e+01 -2.7389262e+01 -2.7377969e+01 -2.7360375e+01 -1.0007393e+01 -1.0006987e+01 -9.9952777e+00 -9.9668167e+00 -9.0416150e+00 -9.0122857e+00 -8.9984188e+00 -8.9682827e+00 -8.9427897e+00 -8.9081908e+00 -8.9067242e+00 -8.8937452e+00 -6.3999804e+00 -6.2819714e+00 -6.2316451e+00 -6.2046254e+00 +4.3356929e-01 +4.3802997e-01 +5.1216748e-01 +6.6039998e-01 +6.6496457e-01 +7.0423286e-01 +7.2549986e-01 +7.7215332e-01 
-2.7440660e+01 -2.7400861e+01 -2.7381981e+01 -2.7367049e+01 -1.0006880e+01 -1.0006558e+01 -9.9925679e+00 -9.9695610e+00 -9.0406943e+00 -9.0078850e+00 -9.0040814e+00 -8.9715809e+00 -8.9318575e+00 -8.9064175e+00 -8.9034170e+00 -8.8912312e+00 -6.3910933e+00 -6.2968844e+00 -6.2367205e+00 -6.2122052e+00 +4.4070911e-01 +4.4476284e-01 +5.3269670e-01 +6.5663619e-01 +6.6078686e-01 +6.8830411e-01 +7.3014741e-01 +7.6795430e-01 
-2.7444642e+01 -2.7412021e+01 -2.7384618e+01 -2.7372848e+01 -1.0006466e+01 -1.0006225e+01 -9.9897703e+00 -9.9723751e+00 -9.0387891e+00 -9.0101840e+00 -9.0033265e+00 -8.9755277e+00 -8.9217527e+00 -8.9044051e+00 -8.9009010e+00 -8.8903772e+00 -6.3816567e+00 -6.3111798e+00 -6.2396680e+00 -6.2194672e+00 +4.4692097e-01 +4.5029434e-01 +5.5346139e-01 +6.5350745e-01 +6.5696480e-01 +6.7131070e-01 +7.3491137e-01 +7.6355053e-01 
-2.7445423e+01 -2.7422299e+01 -2.7385845e+01 -2.7377699e+01 -1.0006156e+01 -1.0005995e+01 -9.9869075e+00 -9.9752437e+00 -9.0359183e+00 -9.0163196e+00 -8.9986537e+00 -8.9798714e+00 -8.9127218e+00 -8.9023858e+00 -8.8993859e+00 -8.8913456e+00 -6.3716324e+00 -6.3247580e+00 -6.2404923e+00 -6.2261175e+00 +4.5187745e-01 +4.5430804e-01 +5.7423022e-01 +6.5126522e-01 +6.5334203e-01 +6.5375844e-01 +7.3974822e-01 +7.5897676e-01 
-2.7443217e+01 -2.7431230e+01 -2.7385689e+01 -2.7381519e+01 -1.0005953e+01 -1.0005872e+01 -9.9840022e+00 -9.9781501e+00 -9.0321285e+00 -9.0221736e+00 -8.9939134e+00 -8.9844513e+00 -8.9049874e+00 -8.9006231e+00 -8.8989107e+00 -8.8941569e+00 -6.3609761e+00 -6.3375771e+00 -6.2393158e+00 -6.2318475e+00 +4.5527510e-01 +4.5655052e-01 +5.9478799e-01 +6.3450773e-01 +6.5011374e-01 +6.5142275e-01 +7.4461497e-01 +7.5427008e-01 
-2.7438352e+01 -2.7438352e+01 -2.7384216e+01 -2.7384216e+01 -1.0005858e+01 -1.0005858e+01 -9.9810761e+00 -9.9810761e+00 -9.0275038e+00 -9.0275038e+00 -8.9891585e+00 -8.9891585e+00 -8.8993843e+00 -8.8993843e+00 -8.8987449e+00 -8.8987449e+00 -6.3496394e+00 -6.3496394e+00 -6.2363460e+00 -6.2363460e+00 +4.5687581e-01 +4.5687581e-01 +6.1493876e-01 +6.1493876e-01 +6.5016746e-01 +6.5016746e-01 +7.4946938e-01 +7.4946938e-01 
-2.7437812e+01 -2.7437812e+01 -2.7383580e+01 -2.7383580e+01 -1.0005826e+01 -1.0005826e+01 -9.9811386e+00 -9.9811386e+00 -9.0270569e+00 -9.0270569e+00 -8.9896471e+00 -8.9896471e+00 -8.9012116e+00 -8.9012116e+00 -8.8981991e+00 -8.8981991e+00 -6.3486580e+00 -6.3486580e+00 -6.2363822e+00 -6.2363822e+00 +4.5763947e-01 +4.5763947e-01 +6.1510469e-01 +6.1510469e-01 +6.5022367e-01 +6.5022367e-01 +7.4898351e-01 +7.4898351e-01 
-2.7436211e+01 -2.7436211e+01 -2.7381809e+01 -2.7381809e+01 -1.0005731e+01 -1.0005731e+01 -9.9813269e+00 -9.9813269e+00 -9.0258003e+00 -9.0258003e+00 -8.9910504e+00 -8.9910504e+00 -8.9062628e+00 -8.9062628e+00 -8.8966305e+00 -8.8966305e+00 -6.3458296e+00 -6.3458296e+00 -6.2364979e+00 -6.2364979e+00 +4.5991503e-01 +4.5991503e-01 +6.1559685e-01 +6.1559685e-01 +6.5038990e-01 +6.5038990e-01 +7.4753027e-01 +7.4753027e-01 
-2.7433608e+01 -2.7433608e+01 -2.7379260e+01 -2.7379260e+01 -1.0005578e+01 -1.0005578e+01 -9.9816424e+00 -9.9816424e+00 -9.0239898e+00 -9.0239898e+00 -8.9932038e+00 -8.9932038e+00 -8.9133734e+00 -8.9133734e+00 -8.8942208e+00 -8.8942208e+00 -6.3414622e+00 -6.3414622e+00 -6.2367147e+00 -6.2367147e+00 +4.6365751e-01 +4.6365751e-01 +6.1639791e-01 +6.1639791e-01 +6.5065905e-01 +6.5065905e-01 +7.4512265e-01 +7.4512265e-01 
-2.7430108e+01 -2.7430108e+01 -2.7376376e+01 -2.7376376e+01 -1.0005373e+01 -1.0005373e+01 -9.9820867e+00 -9.9820867e+00 -9.0220512e+00 -9.0220512e+00 -8.9958947e+00 -8.9958947e+00 -8.9209584e+00 -8.9209584e+00 -8.8912057e+00 -8.8912057e+00 -6.3359596e+00 -6.3359596e+00 -6.2370685e+00 -6.2370685e+00 +4.6879575e-01 +4.6879575e-01 +6.1747790e-01 +6.1747790e-01 +6.5101992e-01 +6.5101992e-01 +7.4178207e-01 +7.4178207e-01 
-2.7425862e+01 -2.7425862e+01 -2.7373547e+01 -2.7373547e+01 -1.0005119e+01 -1.0005119e+01 -9.9826596e+00 -9.9826596e+00 -9.0205341e+00 -9.0205341e+00 -8.9989127e+00 -8.9989127e+00 -8.9273812e+00 -8.9273812e+00 -8.8878209e+00 -8.8878209e+00 -6.3297253e+00 -6.3297253e+00 -6.2376075e+00 -6.2376075e+00 +4.7523708e-01 +4.7523708e-01 +6.1879298e-01 +6.1879298e-01 +6.5145802e-01 +6.5145802e-01 +7.3753850e-01 +7.3753850e-01 
-2.7421059e+01 -2.7421059e+01 -2.7371031e+01 -2.7371031e+01 -1.0004814e+01 -1.0004814e+01 -9.9833586e+00 -9.9833586e+00 -9.0199557e+00 -9.0199557e+00 -9.0020790e+00 -9.0020790e+00 -8.9313187e+00 -8.9313187e+00 -8.8842706e+00 -8.8842706e+00 -6.3231045e+00 -6.3231045e+00 -6.2383879e+00 -6.2383879e+00 +4.8287211e-01 +4.8287211e-01 +6.2028450e-01 +6.2028450e-01 +6.5195647e-01 +6.5195647e-01 +7.3243137e-01 +7.3243137e-01 
-2.7415914e+01 -2.7415914e+01 -2.7368948e+01 -2.7368948e+01 -1.0004455e+01 -1.0004455e+01 -9.9841782e+00 -9.9841782e+00 -9.0205419e+00 -9.0205419e+00 -9.0052564e+00 -9.0052564e+00 -8.9320867e+00 -8.9320867e+00 -8.8807200e+00 -8.8807200e+00 -6.3163727e+00 -6.3163727e+00 -6.2394667e+00 -6.2394667e+00 +4.9157892e-01 +4.9157892e-01 +6.2187816e-01 +6.2187816e-01 +6.5249705e-01 +6.5249705e-01 +7.2651153e-01 +7.2651153e-01 
-2.7410644e+01 -2.7410644e+01 -2.7367329e+01 -2.7367329e+01 -1.0004031e+01 -1.0004031e+01 -9.9851100e+00 -9.9851100e+00 -9.0220790e+00 -9.0220790e+00 -9.0083479e+00 -9.0083479e+00 -8.9297589e+00 -8.9297589e+00 -8.8773024e+00 -8.8773024e+00 -6.3097499e+00 -6.3097499e+00 -6.2408937e+00 -6.2408937e+00 +5.0122628e-01 +5.0122628e-01 +6.2348288e-01 +6.2348288e-01 +6.5306136e-01 +6.5306136e-01 +7.1984490e-01 +7.1984490e-01 
-2.7405447e+01 -2.7405447e+01 -2.7366180e+01 -2.7366180e+01 -1.0003531e+01 -1.0003531e+01 -9.9861431e+00 -9.9861431e+00 -9.0240738e+00 -9.0240738e+00 -9.0112904e+00 -9.0112904e+00 -8.9249376e+00 -8.9249376e+00 -8.8741303e+00 -8.8741303e+00 -6.3034165e+00 -6.3034165e+00 -6.2427031e+00 -6.2427031e+00 +5.1167573e-01 +5.1167573e-01 +6.2498780e-01 +6.2498780e-01 +6.5363227e-01 +6.5363227e-01 +7.1251901e-01 +7.1251901e-01 
-2.7400483e+01 -2.7400483e+01 -2.7365525e+01 -2.7365525e+01 -1.0002945e+01 -1.0002945e+01 -9.9872642e+00 -9.9872642e+00 -9.0260431e+00 -9.0260431e+00 -9.0140470e+00 -9.0140470e+00 -8.9183907e+00 -8.9183907e+00 -8.8713088e+00 -8.8713088e+00 -6.2975146e+00 -6.2975146e+00 -6.2449077e+00 -6.2449077e+00 +5.2278237e-01 +5.2278237e-01 +6.2625482e-01 +6.2625482e-01 +6.5419594e-01 +6.5419594e-01 +7.0465446e-01 +7.0465446e-01 
-2.7395864e+01 -2.7395864e+01 -2.7365418e+01 -2.7365418e+01 -1.0002262e+01 -1.0002262e+01 -9.9884581e+00 -9.9884581e+00 -9.0276703e+00 -9.0276703e+00 -9.0166006e+00 -9.0166006e+00 -8.9108318e+00 -8.9108318e+00 -8.8689449e+00 -8.8689449e+00 -6.2921332e+00 -6.2921332e+00 -6.2474955e+00 -6.2474955e+00 +5.3439444e-01 +5.3439444e-01 +6.2710239e-01 +6.2710239e-01 +6.5474466e-01 +6.5474466e-01 +6.9642461e-01 +6.9642461e-01 
-2.7391647e+01 -2.7391647e+01 -2.7365907e+01 -2.7365907e+01 -1.0001478e+01 -1.0001478e+01 -9.9897083e+00 -9.9897083e+00 -9.0288089e+00 -9.0288089e+00 -9.0189467e+00 -9.0189467e+00 -8.9028653e+00 -8.9028653e+00 -8.8671549e+00 -8.8671549e+00 -6.2872904e+00 -6.2872904e+00 -6.2504295e+00 -6.2504295e+00 +5.4635105e-01 +5.4635105e-01 +6.2727599e-01 +6.2727599e-01 +6.5528128e-01 +6.5528128e-01 +6.8808785e-01 +6.8808785e-01 
-2.7387835e+01 -2.7387835e+01 -2.7366995e+01 -2.7366995e+01 -1.0000593e+01 -1.0000593e+01 -9.9909971e+00 -9.9909971e+00 -9.0294265e+00 -9.0294265e+00 -9.0210868e+00 -9.0210868e+00 -8.8949952e+00 -8.8949952e+00 -8.8660667e+00 -8.8660667e+00 -6.2829304e+00 -6.2829304e+00 -6.2536509e+00 -6.2536509e+00 +5.5847747e-01 +5.5847747e-01 +6.2640686e-01 +6.2640686e-01 +6.5582610e-01 +6.5582610e-01 +6.8003017e-01 +6.8003017e-01 
-2.7384390e+01 -2.7384390e+01 -2.7368621e+01 -2.7368621e+01 -9.9996105e+00 -9.9996105e+00 -9.9923065e+00 -9.9923065e+00 -9.0295521e+00 -9.0295521e+00 -9.0230235e+00 -9.0230235e+00 -8.8876369e+00 -8.8876369e+00 -8.8658173e+00 -8.8658173e+00 -6.2789399e+00 -6.2789399e+00 -6.2570852e+00 -6.2570852e+00 +5.7057602e-01 +5.7057602e-01 +6.2399469e-01 +6.2399469e-01 +6.5642824e-01 +6.5642824e-01 +6.7278308e-01 +6.7278308e-01 
-2.7381247e+01 -2.7381247e+01 -2.7370675e+01 -2.7370675e+01 -9.9985390e+00 -9.9985390e+00 -9.9936180e+00 -9.9936180e+00 -9.0292409e+00 -9.0292409e+00 -9.0247547e+00 -9.0247547e+00 -8.8811156e+00 -8.8811156e+00 -8.8665449e+00 -8.8665449e+00 -6.2751822e+00 -6.2751822e+00 -6.2606520e+00 -6.2606520e+00 +5.8240983e-01 +5.8240983e-01 +6.1952230e-01 +6.1952230e-01 +6.5718407e-01 +6.5718407e-01 +6.6690918e-01 +6.6690918e-01 
-2.7378335e+01 -2.7378335e+01 -2.7373033e+01 -2.7373033e+01 -9.9973899e+00 -9.9973899e+00 -9.9949138e+00 -9.9949138e+00 -9.0285539e+00 -9.0285539e+00 -9.0262702e+00 -9.0262702e+00 -8.8756602e+00 -8.8756602e+00 -8.8683750e+00 -8.8683750e+00 -6.2715336e+00 -6.2715336e+00 -6.2642776e+00 -6.2642776e+00 +5.9367568e-01 +5.9367568e-01 +6.1276149e-01 +6.1276149e-01 +6.5826668e-01 +6.5826668e-01 +6.6269646e-01 +6.6269646e-01 
-2.7375601e+01 -2.7375601e+01 -2.7375601e+01 -2.7375601e+01 -9.9961765e+00 -9.9961765e+00 -9.9961765e+00 -9.9961765e+00 -9.0275481e+00 -9.0275481e+00 -9.0275481e+00 -9.0275481e+00 -8.8714007e+00 -8.8714007e+00 -8.8714007e+00 -8.8714007e+00 -6.2679099e+00 -6.2679099e+00 -6.2679099e+00 -6.2679099e+00 +6.0396745e-01 +6.0396745e-01 +6.0396745e-01 +6.0396745e-01 +6.5996430e-01 +6.5996430e-01 +6.5996430e-01 +6.5996430e-01 
-2.7378244e+01 -2.7376828e+01 -2.7374752e+01 -2.7373196e+01 -9.9977456e+00 -9.9962413e+00 -9.9961816e+00 -9.9944336e+00 -9.0286551e+00 -9.0275105e+00 -9.0270692e+00 -9.0259923e+00 -8.8791326e+00 -8.8738720e+00 -8.8697797e+00 -8.8651740e+00 -6.2740852e+00 -6.2690956e+00 -6.2667699e+00 -6.2618447e+00 +5.9137513e-01 +6.0219302e-01 +6.0349795e-01 +6.1613429e-01 +6.5530300e-01 +6.5866977e-01 +6.6256104e-01 +6.6513984e-01 
-2.7381562e+01 -2.7377667e+01 -2.7374986e+01 -2.7370528e+01 -9.9991490e+00 -9.9963630e+00 -9.9962680e+00 -9.9925175e+00 -9.0295192e+00 -9.0267015e+00 -9.0263320e+00 -9.0238046e+00 -8.8881848e+00 -8.8771245e+00 -8.8690507e+00 -8.8606147e+00 -6.2804807e+00 -6.2702361e+00 -6.2656786e+00 -6.2558020e+00 +5.7852037e-01 +5.9840601e-01 +6.0059659e-01 +6.2760059e-01 +6.5139135e-01 +6.5926987e-01 +6.6587859e-01 +6.7065550e-01 
-2.7385405e+01 -2.7377860e+01 -2.7376411e+01 -2.7367518e+01 -1.0000404e+01 -9.9965301e+00 -9.9964447e+00 -9.9904372e+00 -9.0302483e+00 -9.0254763e+00 -9.0249870e+00 -9.0209495e+00 -8.8983602e+00 -8.8810712e+00 -8.8692141e+00 -8.8578457e+00 -6.2872172e+00 -6.2711750e+00 -6.2645469e+00 -6.2497204e+00 +5.6550935e-01 +5.9276996e-01 +5.9530220e-01 +6.3790888e-01 +6.4845133e-01 +6.6221830e-01 +6.6947821e-01 +6.7643456e-01 
-2.7389416e+01 -2.7378811e+01 -2.7377353e+01 -2.7364236e+01 -1.0001535e+01 -9.9967344e+00 -9.9967175e+00 -9.9882083e+00 -9.0308763e+00 -9.0245554e+00 -9.0223287e+00 -9.0175107e+00 -8.9094452e+00 -8.8856128e+00 -8.8702167e+00 -8.8569364e+00 -6.2944094e+00 -6.2717211e+00 -6.2632170e+00 -6.2435646e+00 +5.5241978e-01 +5.8541675e-01 +5.8788917e-01 +6.4652870e-01 +6.4661058e-01 +6.6770235e-01 +6.7308108e-01 +6.8250702e-01 
-2.7393220e+01 -2.7381818e+01 -2.7376141e+01 -2.7360769e+01 -1.0002568e+01 -9.9970892e+00 -9.9969733e+00 -9.9858506e+00 -9.0314098e+00 -9.0235927e+00 -9.0187422e+00 -9.0136383e+00 -8.9211824e+00 -8.8906381e+00 -8.8719458e+00 -8.8578930e+00 -6.3021463e+00 -6.2716793e+00 -6.2615071e+00 -6.2373226e+00 +5.3931504e-01 +5.7650456e-01 +5.7871407e-01 +6.4587343e-01 +6.5341934e-01 +6.7523226e-01 +6.7652609e-01 +6.8901151e-01 
-2.7396483e+01 -2.7385011e+01 -2.7374248e+01 -2.7357197e+01 -1.0003532e+01 -9.9975601e+00 -9.9972513e+00 -9.9833871e+00 -9.0318508e+00 -9.0226084e+00 -9.0142889e+00 -9.0095257e+00 -8.9332238e+00 -8.8960216e+00 -8.8742349e+00 -8.8606557e+00 -6.3104776e+00 -6.2708725e+00 -6.2592638e+00 -6.2310018e+00 +5.2625156e-01 +5.6622414e-01 +5.6810075e-01 +6.4615316e-01 +6.5916445e-01 +6.7972495e-01 +6.8364756e-01 +6.9617097e-01 
-2.7398928e+01 -2.7388002e+01 -2.7371718e+01 -2.7353584e+01 -1.0004448e+01 -9.9981290e+00 -9.9975785e+00 -9.9808419e+00 -9.0322067e+00 -9.0216305e+00 -9.0091053e+00 -9.0054010e+00 -8.9450687e+00 -8.9016216e+00 -8.8768858e+00 -8.8650988e+00 -6.3194116e+00 -6.2691571e+00 -6.2564014e+00 -6.2246256e+00 +5.1328305e-01 +5.5477749e-01 +5.5631569e-01 +6.4732143e-01 +6.6427646e-01 +6.8263116e-01 +6.9198329e-01 +7.0414897e-01 
-2.7400342e+01 -2.7390504e+01 -2.7368605e+01 -2.7349978e+01 -1.0005333e+01 -9.9987935e+00 -9.9979687e+00 -9.9782398e+00 -9.0324942e+00 -9.0207010e+00 -9.0034954e+00 -9.0015221e+00 -8.9559745e+00 -8.9072836e+00 -8.8796991e+00 -8.8710289e+00 -6.3289218e+00 -6.2664296e+00 -6.2529142e+00 -6.2182294e+00 +5.0046297e-01 +5.4236251e-01 +5.4358338e-01 +6.4924083e-01 +6.6894878e-01 +6.8522161e-01 +6.9993977e-01 +7.1281523e-01 
-2.7400579e+01 -2.7392337e+01 -2.7364974e+01 -2.7346410e+01 -1.0006198e+01 -9.9995508e+00 -9.9984366e+00 -9.9756051e+00 -9.0327368e+00 -9.0198785e+00 -8.9982134e+00 -8.9981695e+00 -8.9647308e+00 -8.9128599e+00 -8.8825042e+00 -8.8781740e+00 -6.3389565e+00 -6.2626296e+00 -6.2488570e+00 -6.2118571e+00 +4.8784625e-01 +5.2917001e-01 +5.3010555e-01 +6.5177788e-01 +6.7320281e-01 +6.8748671e-01 +7.0767530e-01 +7.2178881e-01 
-2.7399546e+01 -2.7393391e+01 -2.7360895e+01 -2.7342895e+01 -1.0007046e+01 -1.0000398e+01 -9.9989949e+00 -9.9729615e+00 -9.0329492e+00 -9.0192380e+00 -8.9956300e+00 -8.9950718e+00 -8.9691543e+00 -8.9182635e+00 -8.8861509e+00 -8.8851790e+00 -6.3494454e+00 -6.2577390e+00 -6.2443060e+00 -6.2055579e+00 +4.7549027e-01 +5.1538678e-01 +5.1607459e-01 +6.5480552e-01 +6.7701251e-01 +6.8942542e-01 +7.1540204e-01 +7.3070568e-01 
-2.7397206e+01 -2.7393565e+01 -2.7356442e+01 -2.7339428e+01 -1.0007877e+01 -1.0001330e+01 -9.9996532e+00 -9.9703316e+00 -9.0331038e+00 -9.0188661e+00 -8.9957804e+00 -8.9941652e+00 -8.9673746e+00 -8.9235861e+00 -8.8943881e+00 -8.8876537e+00 -6.3603004e+00 -6.2517813e+00 -6.2393180e+00 -6.1993835e+00 +4.6345557e-01 +5.0119976e-01 +5.0168094e-01 +6.5820217e-01 +6.8035764e-01 +6.9104323e-01 +7.2322012e-01 +7.3932447e-01 
-2.7393568e+01 -2.7392716e+01 -2.7351696e+01 -2.7335977e+01 -1.0008687e+01 -1.0002343e+01 -1.0000417e+01 -9.9677366e+00 -9.0330898e+00 -9.0188517e+00 -8.9984760e+00 -8.9939613e+00 -8.9614102e+00 -8.9292752e+00 -8.9020118e+00 -8.8899036e+00 -6.3714101e+00 -6.2448205e+00 -6.2339021e+00 -6.1933862e+00 +4.5180607e-01 +4.8679899e-01 +4.8711674e-01 +6.6185063e-01 +6.8323772e-01 +6.9235143e-01 +7.3112709e-01 +7.4749952e-01 
-2.7390630e+01 -2.7388685e+01 -2.7346748e+01 -2.7332467e+01 -1.0009471e+01 -1.0003428e+01 -1.0001291e+01 -9.9651961e+00 -9.0327087e+00 -9.0192722e+00 -9.0010071e+00 -8.9950802e+00 -8.9539122e+00 -8.9361162e+00 -8.9079278e+00 -8.8919358e+00 -6.3826333e+00 -6.2369597e+00 -6.2280142e+00 -6.1876170e+00 +4.4060895e-01 +4.7237926e-01 +4.7257717e-01 +6.6563805e-01 +6.8566985e-01 +6.9336681e-01 +7.3905775e-01 +7.5514186e-01 
-2.7387052e+01 -2.7382649e+01 -2.7341704e+01 -2.7328784e+01 -1.0010224e+01 -1.0004577e+01 -1.0002276e+01 -9.9627281e+00 -9.0317443e+00 -9.0201770e+00 -9.0028619e+00 -8.9974473e+00 -8.9461459e+00 -8.9445851e+00 -8.9114991e+00 -8.8937754e+00 -6.3937949e+00 -6.2283409e+00 -6.2215735e+00 -6.1821260e+00 +4.2993421e-01 +4.5814028e-01 +4.5826023e-01 +6.6945702e-01 +6.8768277e-01 +6.9411140e-01 +7.4691375e-01 +7.6219567e-01 
-2.7381740e+01 -2.7375591e+01 -2.7336683e+01 -2.7324784e+01 -1.0010939e+01 -1.0005778e+01 -1.0003372e+01 -9.9603490e+00 -9.0300811e+00 -9.0215741e+00 -9.0042434e+00 -9.0008890e+00 -8.9543427e+00 -8.9387469e+00 -8.9130226e+00 -8.8954557e+00 -6.4046878e+00 -6.2191432e+00 -6.2144952e+00 -6.1769625e+00 +4.1985384e-01 +4.4428568e-01 +4.4436553e-01 +6.7320775e-01 +6.8931202e-01 +6.9461179e-01 +7.5458199e-01 +7.6862598e-01 
-2.7374561e+01 -2.7367687e+01 -2.7331822e+01 -2.7320333e+01 -1.0011610e+01 -1.0007013e+01 -1.0004582e+01 -9.9580740e+00 -9.0278022e+00 -9.0234231e+00 -9.0055257e+00 -9.0051886e+00 -8.9647246e+00 -8.9320908e+00 -8.9131821e+00 -8.8970123e+00 -6.4150818e+00 -6.2095814e+00 -6.2067383e+00 -6.1721764e+00 +4.1044076e-01 +4.3102088e-01 +4.3109172e-01 +6.7680068e-01 +6.9059701e-01 +6.9489817e-01 +7.6194525e-01 +7.7441254e-01 
-2.7365603e+01 -2.7359161e+01 -2.7327261e+01 -2.7315353e+01 -1.0012233e+01 -1.0008264e+01 -1.0005904e+01 -9.9559178e+00 -9.0256395e+00 -9.0252305e+00 -9.0101153e+00 -9.0070400e+00 -8.9751904e+00 -8.9263696e+00 -8.9125500e+00 -8.8984788e+00 -6.4247369e+00 -6.1999028e+00 -6.1983609e+00 -6.1678182e+00 +4.0176751e-01 +4.1854952e-01 +4.1863279e-01 +6.8015887e-01 +6.9157965e-01 +6.9500324e-01 +7.6888854e-01 +7.7954669e-01 
-2.7355280e+01 -2.7350302e+01 -2.7323136e+01 -2.7309868e+01 -1.0012802e+01 -1.0009505e+01 -1.0007327e+01 -9.9538959e+00 -9.0281058e+00 -9.0229032e+00 -9.0154220e+00 -9.0089758e+00 -8.9853659e+00 -8.9215982e+00 -8.9115143e+00 -8.8998792e+00 -6.4334221e+00 -6.1903827e+00 -6.1895719e+00 -6.1639374e+00 +3.9390492e-01 +4.0706834e-01 +4.0717331e-01 +6.8321938e-01 +6.9230370e-01 +6.9496128e-01 +7.7530276e-01 +7.8402947e-01 
-2.7344371e+01 -2.7341460e+01 -2.7319555e+01 -2.7304035e+01 -1.0013313e+01 -1.0010706e+01 -1.0008823e+01 -9.9520260e+00 -9.0306843e+00 -9.0214365e+00 -9.0208363e+00 -9.0113543e+00 -8.9949730e+00 -8.9176417e+00 -8.9103237e+00 -8.9012151e+00 -6.4409391e+00 -6.1813158e+00 -6.1807540e+00 -6.1605775e+00 +3.8692080e-01 +3.9676057e-01 +3.9688350e-01 +6.8593330e-01 +6.9281426e-01 +6.9480762e-01 +7.8108690e-01 +7.8786992e-01 
-2.7333926e+01 -2.7333037e+01 -2.7316587e+01 -2.7298133e+01 -1.0013763e+01 -1.0011830e+01 -1.0010333e+01 -9.9503314e+00 -9.0332275e+00 -9.0260663e+00 -9.0212340e+00 -9.0141005e+00 -9.0037625e+00 -8.9143019e+00 -8.9091295e+00 -8.9024567e+00 -6.4471545e+00 -6.1730042e+00 -6.1724239e+00 -6.1577694e+00 +3.8087893e-01 +3.8778856e-01 +3.8791497e-01 +6.8826460e-01 +6.9315649e-01 +6.9457873e-01 +7.8614950e-01 +7.9108270e-01 
-2.7325460e+01 -2.7324975e+01 -2.7314249e+01 -2.7292526e+01 -1.0014144e+01 -1.0012837e+01 -1.0011773e+01 -9.9488436e+00 -9.0355855e+00 -9.0308244e+00 -9.0221678e+00 -9.0171617e+00 -9.0114699e+00 -8.9114370e+00 -8.9080202e+00 -8.9035502e+00 -6.4520272e+00 -6.1657415e+00 -6.1651192e+00 -6.1555242e+00 +3.7583827e-01 +3.8028728e-01 +3.8039788e-01 +6.9018859e-01 +6.9337335e-01 +6.9431247e-01 +7.9040969e-01 +7.9368488e-01 
-2.7319130e+01 -2.7318183e+01 -2.7312518e+01 -2.7287612e+01 -1.0014451e+01 -1.0013683e+01 -1.0013036e+01 -9.9476044e+00 -9.0376137e+00 -9.0348505e+00 -9.0236478e+00 -9.0204126e+00 -9.0178103e+00 -8.9090342e+00 -8.9070544e+00 -8.9044409e+00 -6.4556122e+00 -6.1597941e+00 -6.1592597e+00 -6.1538313e+00 +3.7185218e-01 +3.7436069e-01 +3.7443945e-01 +6.9169031e-01 +6.9350258e-01 +6.9404783e-01 +7.9379852e-01 +7.9569259e-01 
-2.7314379e+01 -2.7313686e+01 -2.7311343e+01 -2.7283776e+01 -1.0014677e+01 -1.0014324e+01 -1.0014022e+01 -9.9466639e+00 -9.0391803e+00 -9.0379218e+00 -9.0250647e+00 -9.0234298e+00 -9.0225187e+00 -8.9071867e+00 -8.9062896e+00 -8.9050917e+00 -6.4580297e+00 -6.1553831e+00 -6.1550650e+00 -6.1526619e+00 +3.6896702e-01 +3.7008215e-01 +3.7012339e-01 +6.9276295e-01 +6.9357413e-01 +6.9382321e-01 +7.9626032e-01 +7.9711853e-01 
-2.7311441e+01 -2.7311221e+01 -2.7310668e+01 -2.7281336e+01 -1.0014815e+01 -1.0014725e+01 -1.0014648e+01 -9.9460732e+00 -9.0401736e+00 -9.0398539e+00 -9.0260346e+00 -9.0255899e+00 -9.0254050e+00 -8.9060173e+00 -8.9057910e+00 -8.9054854e+00 -6.4594132e+00 -6.1526714e+00 -6.1525773e+00 -6.1519802e+00 +3.6721971e-01 +3.6749835e-01 +3.6750970e-01 +6.9340546e-01 +6.9360901e-01 +6.9367245e-01 +7.9775411e-01 +7.9797112e-01 
-2.7310448e+01 -2.7310448e+01 -2.7310448e+01 -2.7280499e+01 -1.0014862e+01 -1.0014862e+01 -1.0014862e+01 -9.9458713e+00 -9.0405145e+00 -9.0405145e+00 -9.0263751e+00 -9.0263751e+00 -9.0263751e+00 -8.9056168e+00 -8.9056168e+00 -8.9056168e+00 -6.4598623e+00 -6.1517567e+00 -6.1517567e+00 -6.1517567e+00 +3.6663445e-01 +3.6663445e-01 +3.6663445e-01 +6.9361932e-01 +6.9361932e-01 +6.9361932e-01 +7.9825486e-01 +7.9825486e-01 
-2.7311347e+01 -2.7311347e+01 -2.7310588e+01 -2.7281315e+01 -1.0014785e+01 -1.0014785e+01 -1.0014628e+01 -9.9460682e+00 -9.0400269e+00 -9.0400269e+00 -9.0259693e+00 -9.0255562e+00 -9.0255562e+00 -8.9060927e+00 -8.9055941e+00 -8.9055941e+00 -6.4594234e+00 -6.1525951e+00 -6.1525951e+00 -6.1519898e+00 +3.6727605e-01 +3.6744764e-01 +3.6744764e-01 +6.9349526e-01 +6.9359785e-01 +6.9359785e-01 +7.9787230e-01 +7.9787230e-01 
-2.7314090e+01 -2.7314090e+01 -2.7311047e+01 -2.7283682e+01 -1.0014561e+01 -1.0014561e+01 -1.0013940e+01 -9.9466441e+00 -9.0386119e+00 -9.0386119e+00 -9.0247319e+00 -9.0232478e+00 -9.0232478e+00 -8.9074537e+00 -8.9055192e+00 -8.9055192e+00 -6.4580623e+00 -6.1551046e+00 -6.1551046e+00 -6.1526949e+00 +3.6919323e-01 +3.6987958e-01 +3.6987958e-01 +6.9311416e-01 +6.9353057e-01 +6.9353057e-01 +7.9672908e-01 +7.9672908e-01 
-2.7318767e+01 -2.7318767e+01 -2.7311952e+01 -2.7287357e+01 -1.0014205e+01 -1.0014205e+01 -1.0012844e+01 -9.9475605e+00 -9.0363958e+00 -9.0363958e+00 -9.0226205e+00 -9.0198745e+00 -9.0198745e+00 -8.9095197e+00 -8.9053713e+00 -8.9053713e+00 -6.4556522e+00 -6.1592513e+00 -6.1592513e+00 -6.1538857e+00 +3.7236409e-01 +3.7390657e-01 +3.7390657e-01 +6.9245275e-01 +6.9340876e-01 +6.9340876e-01 +7.9483827e-01 +7.9483827e-01 
-2.7325399e+01 -2.7325399e+01 -2.7313522e+01 -2.7291920e+01 -1.0013741e+01 -1.0013741e+01 -1.0011414e+01 -9.9487684e+00 -9.0335661e+00 -9.0335661e+00 -9.0196166e+00 -9.0160334e+00 -9.0160334e+00 -8.9120358e+00 -8.9051164e+00 -8.9051164e+00 -6.4520093e+00 -6.1649323e+00 -6.1649323e+00 -6.1555742e+00 +3.7675435e-01 +3.7948674e-01 +3.7948674e-01 +6.9148186e-01 +6.9321760e-01 +6.9321760e-01 +7.9222070e-01 +7.9222071e-01 
-2.7333804e+01 -2.7333804e+01 -2.7316102e+01 -2.7296762e+01 -1.0013197e+01 -1.0013197e+01 -1.0009750e+01 -9.9502208e+00 -9.0304030e+00 -9.0304030e+00 -9.0157814e+00 -9.0122639e+00 -9.0122639e+00 -8.9147003e+00 -8.9047173e+00 -8.9047173e+00 -6.4469486e+00 -6.1719386e+00 -6.1719386e+00 -6.1577572e+00 +3.8231893e-01 +3.8655768e-01 +3.8655768e-01 +6.9017493e-01 +6.9293649e-01 +6.9293649e-01 +7.8890406e-01 +7.8890406e-01 
-2.7343532e+01 -2.7343532e+01 -2.7320118e+01 -2.7301168e+01 -1.0012598e+01 -1.0012598e+01 -1.0007969e+01 -9.9518810e+00 -9.0273519e+00 -9.0273519e+00 -9.0112942e+00 -9.0087475e+00 -9.0087475e+00 -8.9171716e+00 -8.9041561e+00 -8.9041561e+00 -6.4403674e+00 -6.1799513e+00 -6.1799513e+00 -6.1604028e+00 +3.8900182e-01 +3.9503509e-01 +3.9503509e-01 +6.8851305e-01 +6.9254023e-01 +6.9254023e-01 +7.8492243e-01 +7.8492243e-01 
-2.7353930e+01 -2.7353930e+01 -2.7325791e+01 -2.7304641e+01 -1.0011968e+01 -1.0011968e+01 -1.0006187e+01 -9.9537236e+00 -9.0250464e+00 -9.0250464e+00 -9.0064461e+00 -9.0051287e+00 -9.0051287e+00 -8.9190781e+00 -8.9034551e+00 -8.9034551e+00 -6.4323302e+00 -6.1885825e+00 -6.1885825e+00 -6.1634417e+00 +3.9673464e-01 +4.0481340e-01 +4.0481341e-01 +6.8648649e-01 +6.9200109e-01 +6.9200109e-01 +7.8031684e-01 +7.8031684e-01 
-2.7364287e+01 -2.7364287e+01 -2.7332916e+01 -2.7307141e+01 -1.0011327e+01 -1.0011327e+01 -1.0004499e+01 -9.9557331e+00 -9.0240344e+00 -9.0240344e+00 -9.0015726e+00 -9.0007747e+00 -9.0007747e+00 -8.9200630e+00 -8.9026767e+00 -8.9026767e+00 -6.4231026e+00 -6.1974409e+00 -6.1974409e+00 -6.1667695e+00 +4.0543531e-01 +4.1576837e-01 +4.1576837e-01 +6.8409439e-01 +6.9129142e-01 +6.9129142e-01 +7.7513654e-01 +7.7513654e-01 
-2.7373995e+01 -2.7373995e+01 -2.7341067e+01 -2.7308869e+01 -1.0010694e+01 -1.0010694e+01 -1.0002972e+01 -9.9579001e+00 -9.0243101e+00 -9.0243101e+00 -8.9969417e+00 -8.9953577e+00 -8.9953577e+00 -8.9198678e+00 -8.9019011e+00 -8.9019011e+00 -6.4131007e+00 -6.2061907e+00 -6.2061907e+00 -6.1702613e+00 +4.1500819e-01 +4.2776073e-01 +4.2776073e-01 +6.8134432e-01 +6.9038589e-01 +6.9038589e-01 +7.6944059e-01 +7.6944059e-01 
-2.7382624e+01 -2.7382624e+01 -2.7349798e+01 -2.7310015e+01 -1.0010087e+01 -1.0010087e+01 -1.0001642e+01 -9.9602174e+00 -9.0253552e+00 -9.0253552e+00 -8.9926577e+00 -8.9889706e+00 -8.9889706e+00 -8.9184082e+00 -8.9011986e+00 -8.9011986e+00 -6.4027761e+00 -6.2145812e+00 -6.2145812e+00 -6.1737955e+00 +4.2534616e-01 +4.4064001e-01 +4.4064001e-01 +6.7825228e-01 +6.8926287e-01 +6.8926287e-01 +7.6329913e-01 +7.6329913e-01 
-2.7389933e+01 -2.7389933e+01 -2.7358650e+01 -2.7310727e+01 -1.0009523e+01 -1.0009523e+01 -1.0000527e+01 -9.9626767e+00 -9.0265477e+00 -9.0265477e+00 -8.9886444e+00 -8.9818412e+00 -8.9818412e+00 -8.9157830e+00 -8.9006103e+00 -8.9006103e+00 -6.3925033e+00 -6.2224469e+00 -6.2224469e+00 -6.1772762e+00 +4.3633371e-01 +4.5424752e-01 +4.5424752e-01 +6.7484244e-01 +6.8790479e-01 +6.8790479e-01 +7.5679409e-01 +7.5679409e-01 
-2.7395817e+01 -2.7395817e+01 -2.7367141e+01 -2.7311123e+01 -1.0009018e+01 -1.0009018e+01 -9.9996338e+00 -9.9652658e+00 -9.0273793e+00 -9.0273793e+00 -8.9847118e+00 -8.9741787e+00 -8.9741787e+00 -8.9122083e+00 -8.9001423e+00 -8.9001423e+00 -6.3825204e+00 -6.2296888e+00 -6.2296888e+00 -6.1806459e+00 +4.4784986e-01 +4.6841858e-01 +4.6841858e-01 +6.7114636e-01 +6.8629762e-01 +6.8629762e-01 +7.5001927e-01 +7.5001927e-01 
-2.7400264e+01 -2.7400264e+01 -2.7374799e+01 -2.7311297e+01 -1.0008587e+01 -1.0008587e+01 -9.9989686e+00 -9.9679685e+00 -9.0274817e+00 -9.0274817e+00 -8.9806482e+00 -8.9661595e+00 -8.9661595e+00 -8.9079290e+00 -8.8997677e+00 -8.8997677e+00 -6.3729310e+00 -6.2362528e+00 -6.2362528e+00 -6.1838878e+00 +4.5977025e-01 +4.8298382e-01 +4.8298382e-01 +6.6720171e-01 +6.8443015e-01 +6.8443015e-01 +7.4308014e-01 +7.4308014e-01 
-2.7403299e+01 -2.7403299e+01 -2.7381214e+01 -2.7311322e+01 -1.0008240e+01 -1.0008240e+01 -9.9985356e+00 -9.9707644e+00 -9.0265966e+00 -9.0265966e+00 -8.9762818e+00 -8.9579445e+00 -8.9579445e+00 -8.9031619e+00 -8.8994322e+00 -8.8994322e+00 -6.3637422e+00 -6.2421106e+00 -6.2421106e+00 -6.1870199e+00 +4.7196850e-01 +4.9776971e-01 +4.9776971e-01 +6.6305106e-01 +6.8229380e-01 +6.8229380e-01 +7.3609302e-01 +7.3609302e-01 
-2.7404971e+01 -2.7404971e+01 -2.7386085e+01 -2.7311259e+01 -1.0007984e+01 -1.0007984e+01 -9.9983360e+00 -9.9736300e+00 -9.0245398e+00 -9.0245398e+00 -8.9714985e+00 -8.9496907e+00 -8.9496907e+00 -8.8990617e+00 -8.8990617e+00 -8.8980789e+00 -6.3549115e+00 -6.2472464e+00 -6.2472464e+00 -6.1900871e+00 +4.8431721e-01 +5.1259842e-01 +5.1259842e-01 +6.5874097e-01 +6.7988397e-01 +6.7988397e-01 +7.2918327e-01 +7.2918327e-01 
-2.7405330e+01 -2.7405330e+01 -2.7389250e+01 -2.7311164e+01 -1.0007822e+01 -1.0007822e+01 -9.9983666e+00 -9.9765406e+00 -9.0211733e+00 -9.0211733e+00 -8.9662335e+00 -8.9415560e+00 -8.9415560e+00 -8.8985702e+00 -8.8985702e+00 -8.8928172e+00 -6.3463824e+00 -6.2516510e+00 -6.2516510e+00 -6.1931535e+00 +4.9668899e-01 +5.2728656e-01 +5.2728656e-01 +6.5432143e-01 +6.7720462e-01 +6.7720462e-01 +7.2248135e-01 +7.2248135e-01 
-2.7404434e+01 -2.7404434e+01 -2.7390698e+01 -2.7311105e+01 -1.0007750e+01 -1.0007750e+01 -9.9986187e+00 -9.9794710e+00 -9.0163860e+00 -9.0163860e+00 -8.9604529e+00 -8.9336996e+00 -8.9336996e+00 -8.8978692e+00 -8.8978692e+00 -8.8874960e+00 -6.3381056e+00 -6.2553186e+00 -6.2553186e+00 -6.1962966e+00 +5.0895737e-01 +5.4164224e-01 +5.4164224e-01 +6.4984547e-01 +6.7427803e-01 +6.7427803e-01 +7.1611529e-01 +7.1611529e-01 
-2.7402346e+01 -2.7402346e+01 -2.7390553e+01 -2.7311166e+01 -1.0007761e+01 -1.0007761e+01 -9.9990775e+00 -9.9823977e+00 -9.0100859e+00 -9.0100859e+00 -8.9541348e+00 -8.9262765e+00 -8.9262765e+00 -8.8968773e+00 -8.8968773e+00 -8.8822305e+00 -6.3300463e+00 -6.2582488e+00 -6.2582488e+00 -6.1996038e+00 +5.2099798e-01 +5.5545952e-01 +5.5545952e-01 +6.4536882e-01 +6.7116150e-01 +6.7116150e-01 +7.1019885e-01 +7.1019885e-01 
-2.7399147e+01 -2.7399147e+01 -2.7389046e+01 -2.7311460e+01 -1.0007841e+01 -1.0007841e+01 -9.9997221e+00 -9.9852992e+00 -9.0021997e+00 -9.0021997e+00 -8.9472537e+00 -8.9194284e+00 -8.9194284e+00 -8.8955319e+00 -8.8955319e+00 -8.8771385e+00 -6.3221828e+00 -6.2604505e+00 -6.2604505e+00 -6.2031683e+00 +5.3268943e-01 +5.6850823e-01 +5.6850823e-01 +6.4094914e-01 +6.6797081e-01 +6.6797081e-01 +7.0481729e-01 +7.0481729e-01 
-2.7394946e+01 -2.7394946e+01 -2.7386462e+01 -2.7312128e+01 -1.0007974e+01 -1.0007974e+01 -1.0000525e+01 -9.9881568e+00 -8.9926832e+00 -8.9926832e+00 -8.9397722e+00 -8.9132671e+00 -8.9132671e+00 -8.8938037e+00 -8.8938037e+00 -8.8723374e+00 -6.3145047e+00 -6.2619474e+00 -6.2619474e+00 -6.2070839e+00 +5.4391435e-01 +5.8051741e-01 +5.8051741e-01 +6.3664496e-01 +6.6490717e-01 +6.6490717e-01 +7.0001605e-01 +7.0001605e-01 
-2.7389897e+01 -2.7389897e+01 -2.7383101e+01 -2.7313340e+01 -1.0008141e+01 -1.0008141e+01 -1.0001455e+01 -9.9909540e+00 -8.9815407e+00 -8.9815407e+00 -8.9316414e+00 -8.9078513e+00 -8.9078513e+00 -8.8917132e+00 -8.8917132e+00 -8.8679353e+00 -6.3070136e+00 -6.2627855e+00 -6.2627855e+00 -6.2114368e+00 +5.5456026e-01 +5.9115282e-01 +5.9115282e-01 +6.3251422e-01 +6.6228045e-01 +6.6228045e-01 +6.9579898e-01 +6.9579898e-01 
-2.7384217e+01 -2.7384217e+01 -2.7379247e+01 -2.7315284e+01 -1.0008320e+01 -1.0008320e+01 -1.0002471e+01 -9.9936748e+00 -8.9688567e+00 -8.9688567e+00 -8.9228157e+00 -8.9031679e+00 -8.9031679e+00 -8.8893383e+00 -8.8893383e+00 -8.8640188e+00 -6.2997298e+00 -6.2630408e+00 -6.2630408e+00 -6.2162924e+00 +5.6452059e-01 +6.0000441e-01 +6.0000441e-01 +6.2861252e-01 +6.6051175e-01 +6.6051175e-01 +6.9213782e-01 +6.9213782e-01 
-2.7378199e+01 -2.7378199e+01 -2.7375149e+01 -2.7318133e+01 -1.0008491e+01 -1.0008491e+01 -1.0003530e+01 -9.9963007e+00 -8.9548416e+00 -8.9548416e+00 -8.9132853e+00 -8.8991414e+00 -8.8991414e+00 -8.8867873e+00 -8.8867873e+00 -8.8606440e+00 -6.2927000e+00 -6.2628240e+00 -6.2628240e+00 -6.2216768e+00 +5.7369593e-01 +6.0664318e-01 +6.0664318e-01 +6.2499153e-01 +6.6006107e-01 +6.6006107e-01 +6.8898766e-01 +6.8898766e-01 
-2.7372213e+01 -2.7372213e+01 -2.7371023e+01 -2.7322007e+01 -1.0008638e+01 -1.0008638e+01 -1.0004589e+01 -9.9988067e+00 -8.9398998e+00 -8.9398998e+00 -8.9031263e+00 -8.8956804e+00 -8.8956804e+00 -8.8841195e+00 -8.8841195e+00 -8.8578321e+00 -6.2860043e+00 -6.2622796e+00 -6.2622796e+00 -6.2275518e+00 +5.8199549e-01 +6.1083422e-01 +6.1083422e-01 +6.2169758e-01 +6.6120104e-01 +6.6120104e-01 +6.8630101e-01 +6.8630101e-01 
-2.7367052e+01 -2.7366674e+01 -2.7366674e+01 -2.7326902e+01 -1.0008752e+01 -1.0008752e+01 -1.0005601e+01 -1.0001157e+01 -8.9247352e+00 -8.9247352e+00 -8.8927305e+00 -8.8927305e+00 -8.8925576e+00 -8.8812248e+00 -8.8812248e+00 -8.8555724e+00 -6.2797557e+00 -6.2615744e+00 -6.2615744e+00 -6.2337875e+00 +5.8933879e-01 +6.1280218e-01 +6.1280218e-01 +6.1877071e-01 +6.6374459e-01 +6.6374459e-01 +6.8403635e-01 +6.8403635e-01 
-2.7363394e+01 -2.7361980e+01 -2.7361980e+01 -2.7332626e+01 -1.0008827e+01 -1.0008827e+01 -1.0006528e+01 -1.0003304e+01 -8.9105241e+00 -8.9105241e+00 -8.8902911e+00 -8.8902911e+00 -8.8819825e+00 -8.8776550e+00 -8.8776550e+00 -8.8538282e+00 -6.2740936e+00 -6.2608736e+00 -6.2608736e+00 -6.2401410e+00 +5.9565712e-01 +6.1318542e-01 +6.1318542e-01 +6.1624421e-01 +6.6708928e-01 +6.6708928e-01 +6.8216124e-01 +6.8216124e-01 
-2.7360188e+01 -2.7358411e+01 -2.7358411e+01 -2.7338750e+01 -1.0008868e+01 -1.0008868e+01 -1.0007335e+01 -1.0005189e+01 -8.8990429e+00 -8.8990429e+00 -8.8883881e+00 -8.8883881e+00 -8.8725096e+00 -8.8725096e+00 -8.8719828e+00 -8.8525441e+00 -6.2691720e+00 -6.2603067e+00 -6.2603067e+00 -6.2462547e+00 +6.0089454e-01 +6.1269386e-01 +6.1269386e-01 +6.1414466e-01 +6.7056069e-01 +6.7056069e-01 +6.8065202e-01 +6.8065202e-01 
-2.7357552e+01 -2.7356042e+01 -2.7356042e+01 -2.7344640e+01 -1.0008884e+01 -1.0008884e+01 -1.0007993e+01 -1.0006746e+01 -8.8917175e+00 -8.8917175e+00 -8.8870215e+00 -8.8870215e+00 -8.8653668e+00 -8.8653668e+00 -8.8632480e+00 -8.8516536e+00 -6.2651448e+00 -6.2599377e+00 -6.2599377e+00 -6.2516875e+00 +6.0500798e-01 +6.1187508e-01 +6.1187508e-01 +6.1249243e-01 +6.7364682e-01 +6.7364682e-01 +6.7949224e-01 +6.7949224e-01 
-2.7355589e+01 -2.7354716e+01 -2.7354716e+01 -2.7349557e+01 -1.0008885e+01 -1.0008885e+01 -1.0008480e+01 -1.0007912e+01 -8.8878681e+00 -8.8878681e+00 -8.8861374e+00 -8.8861374e+00 -8.8579440e+00 -8.8579440e+00 -8.8564556e+00 -8.8510860e+00 -6.2621523e+00 -6.2597551e+00 -6.2597551e+00 -6.2559801e+00 +6.0796632e-01 +6.1108581e-01 +6.1108581e-01 +6.1130235e-01 +6.7602518e-01 +6.7602518e-01 +6.7867079e-01 +6.7867079e-01 
-2.7354377e+01 -2.7354124e+01 -2.7354124e+01 -2.7352823e+01 -1.0008882e+01 -1.0008882e+01 -1.0008779e+01 -1.0008635e+01 -8.8860441e+00 -8.8860441e+00 -8.8856528e+00 -8.8856528e+00 -8.8525967e+00 -8.8525967e+00 -8.8521521e+00 -8.8507768e+00 -6.2603074e+00 -6.2596941e+00 -6.2596941e+00 -6.2587345e+00 +6.0974902e-01 +6.1053849e-01 +6.1053849e-01 +6.1058444e-01 +6.7751259e-01 +6.7751259e-01 +6.7818056e-01 +6.7818056e-01 
-2.7353967e+01 -2.7353967e+01 -2.7353967e+01 -2.7353967e+01 -1.0008880e+01 -1.0008880e+01 -1.0008880e+01 -1.0008880e+01 -8.8854998e+00 -8.8854998e+00 -8.8854998e+00 -8.8854998e+00 -8.8506794e+00 -8.8506794e+00 -8.8506794e+00 -8.8506794e+00 -6.2596838e+00 -6.2596838e+00 -6.2596838e+00 -6.2596838e+00 +6.1034450e-01 +6.1034450e-01 +6.1034450e-01 +6.1034450e-01 +6.7801757e-01 +6.7801757e-01 +6.7801757e-01 +6.7801757e-01 
-2.7354396e+01 -2.7354396e+01 -2.7353322e+01 -2.7353322e+01 -1.0008882e+01 -1.0008882e+01 -1.0008703e+01 -1.0008703e+01 -8.8860256e+00 -8.8860256e+00 -8.8856917e+00 -8.8856917e+00 -8.8527241e+00 -8.8527241e+00 -8.8514034e+00 -8.8514034e+00 -6.2601042e+00 -6.2601042e+00 -6.2591072e+00 -6.2591072e+00 +6.1004223e-01 +6.1004223e-01 +6.1066383e-01 +6.1066383e-01 +6.7754553e-01 +6.7754553e-01 +6.7813873e-01 +6.7813873e-01 
-2.7355703e+01 -2.7355703e+01 -2.7351559e+01 -2.7351559e+01 -1.0008884e+01 -1.0008884e+01 -1.0008181e+01 -1.0008181e+01 -8.8877115e+00 -8.8877115e+00 -8.8864183e+00 -8.8864183e+00 -8.8584389e+00 -8.8584389e+00 -8.8535101e+00 -8.8535101e+00 -6.2613505e+00 -6.2613505e+00 -6.2574620e+00 -6.2574620e+00 +6.0911895e-01 +6.0911895e-01 +6.1160991e-01 +6.1160991e-01 +6.7615179e-01 +6.7615179e-01 +6.7850470e-01 +6.7850470e-01 
-2.7357932e+01 -2.7357932e+01 -2.7349148e+01 -2.7349148e+01 -1.0008876e+01 -1.0008876e+01 -1.0007342e+01 -1.0007342e+01 -8.8910138e+00 -8.8910138e+00 -8.8882491e+00 -8.8882491e+00 -8.8663524e+00 -8.8663524e+00 -8.8567972e+00 -8.8567972e+00 -6.2633768e+00 -6.2633768e+00 -6.2549837e+00 -6.2549837e+00 +6.0752560e-01 +6.0752560e-01 +6.1314677e-01 +6.1314677e-01 +6.7390498e-01 +6.7390498e-01 +6.7912331e-01 +6.7912331e-01 
-2.7361107e+01 -2.7361107e+01 -2.7346722e+01 -2.7346722e+01 -1.0008842e+01 -1.0008842e+01 -1.0006227e+01 -1.0006227e+01 -8.8973475e+00 -8.8973475e+00 -8.8920724e+00 -8.8920724e+00 -8.8735152e+00 -8.8735152e+00 -8.8609135e+00 -8.8609135e+00 -6.2661067e+00 -6.2661067e+00 -6.2520101e+00 -6.2520101e+00 +6.0518236e-01 +6.0518236e-01 +6.1521370e-01 +6.1521370e-01 +6.7092308e-01 +6.7092308e-01 +6.8000860e-01 +6.8000860e-01 
-2.7365185e+01 -2.7365185e+01 -2.7344918e+01 -2.7344918e+01 -1.0008766e+01 -1.0008766e+01 -1.0004884e+01 -1.0004884e+01 -8.9082802e+00 -8.9082802e+00 -8.8977519e+00 -8.8977519e+00 -8.8777545e+00 -8.8777545e+00 -8.8653641e+00 -8.8653641e+00 -6.2694355e+00 -6.2694355e+00 -6.2489140e+00 -6.2489140e+00 +6.0198443e-01 +6.0198443e-01 +6.1772367e-01 +6.1772367e-01 +6.6737472e-01 +6.6737472e-01 +6.8118214e-01 +6.8118214e-01 
-2.7370024e+01 -2.7370024e+01 -2.7344241e+01 -2.7344241e+01 -1.0008635e+01 -1.0008635e+01 -1.0003360e+01 -1.0003360e+01 -8.9222047e+00 -8.9222047e+00 -8.9048206e+00 -8.9048206e+00 -8.8804117e+00 -8.8804117e+00 -8.8695422e+00 -8.8695422e+00 -6.2732390e+00 -6.2732390e+00 -6.2460367e+00 -6.2460367e+00 +5.9781554e-01 +5.9781554e-01 +6.2056070e-01 +6.2056070e-01 +6.6347373e-01 +6.6347373e-01 +6.8267446e-01 +6.8267446e-01 
-2.7375383e+01 -2.7375383e+01 -2.7344984e+01 -2.7344984e+01 -1.0008440e+01 -1.0008440e+01 -1.0001700e+01 -1.0001700e+01 -8.9368947e+00 -8.9368947e+00 -8.9131094e+00 -8.9131094e+00 -8.8831933e+00 -8.8831933e+00 -8.8728334e+00 -8.8728334e+00 -6.2773839e+00 -6.2773839e+00 -6.2436350e+00 -6.2436350e+00 +5.9257180e-01 +5.9257180e-01 +6.2357522e-01 +6.2357522e-01 +6.5946406e-01 +6.5946406e-01 +6.8452574e-01 +6.8452574e-01 
-2.7380945e+01 -2.7380945e+01 -2.7347212e+01 -2.7347212e+01 -1.0008178e+01 -1.0008178e+01 -9.9999430e+00 -9.9999430e+00 -8.9510697e+00 -8.9510697e+00 -8.9222971e+00 -8.9222971e+00 -8.8867763e+00 -8.8867763e+00 -8.8750194e+00 -8.8750194e+00 -6.2817387e+00 -6.2817387e+00 -6.2418540e+00 -6.2418540e+00 +5.8619306e-01 +5.8619306e-01 +6.2657587e-01 +6.2657587e-01 +6.5559980e-01 +6.5559980e-01 +6.8678426e-01 +6.8678426e-01 
-2.7386357e+01 -2.7386357e+01 -2.7350792e+01 -2.7350792e+01 -1.0007856e+01 -1.0007856e+01 -9.9981248e+00 -9.9981248e+00 -8.9640261e+00 -8.9640261e+00 -8.9319755e+00 -8.9319755e+00 -8.8909974e+00 -8.8909974e+00 -8.8764711e+00 -8.8764711e+00 -6.2861819e+00 -6.2861819e+00 -6.2407237e+00 -6.2407237e+00 +5.7869107e-01 +5.7869107e-01 +6.2931328e-01 +6.2931328e-01 +6.5213742e-01 +6.5213742e-01 +6.8950080e-01 +6.8950080e-01 
-2.7391282e+01 -2.7391282e+01 -2.7355446e+01 -2.7355446e+01 -1.0007487e+01 -1.0007487e+01 -9.9962800e+00 -9.9962800e+00 -8.9753909e+00 -8.9753909e+00 -8.9417740e+00 -8.9417740e+00 -8.8955199e+00 -8.8955199e+00 -8.8776256e+00 -8.8776256e+00 -6.2906121e+00 -6.2906121e+00 -6.2401747e+00 -6.2401747e+00 +5.7016064e-01 +5.7016064e-01 +6.3145251e-01 +6.3145251e-01 +6.4935945e-01 +6.4935945e-01 +6.9271770e-01 +6.9271770e-01 
-2.7395454e+01 -2.7395454e+01 -2.7360806e+01 -2.7360806e+01 -1.0007088e+01 -1.0007088e+01 -9.9944427e+00 -9.9944427e+00 -8.9849983e+00 -8.9849983e+00 -8.9514213e+00 -8.9514213e+00 -8.9001246e+00 -8.9001246e+00 -8.8787257e+00 -8.8787257e+00 -6.2949589e+00 -6.2949589e+00 -6.2400647e+00 -6.2400647e+00 +5.6076896e-01 +5.6076896e-01 +6.3257996e-01 +6.3257996e-01 +6.4758879e-01 +6.4758879e-01 +6.9645395e-01 +6.9645395e-01 
-2.7398756e+01 -2.7398756e+01 -2.7366437e+01 -2.7366437e+01 -1.0006683e+01 -1.0006683e+01 -9.9926464e+00 -9.9926464e+00 -8.9928094e+00 -8.9928094e+00 -8.9607518e+00 -8.9607518e+00 -8.9046623e+00 -8.9046623e+00 -8.8798767e+00 -8.8798767e+00 -6.2991939e+00 -6.2991939e+00 -6.2402078e+00 -6.2402078e+00 +5.5073107e-01 +5.5073107e-01 +6.3243069e-01 +6.3243069e-01 +6.4699613e-01 +6.4699613e-01 +7.0069104e-01 +7.0069104e-01 
-2.7401300e+01 -2.7401300e+01 -2.7371819e+01 -2.7371819e+01 -1.0006293e+01 -1.0006293e+01 -9.9909227e+00 -9.9909227e+00 -8.9988560e+00 -8.9988560e+00 -8.9696787e+00 -8.9696787e+00 -8.9089962e+00 -8.9089962e+00 -8.8811118e+00 -8.8811118e+00 -6.3033371e+00 -6.3033371e+00 -6.2404071e+00 -6.2404071e+00 +5.4028423e-01 +5.4028423e-01 +6.3122733e-01 +6.3122733e-01 +6.4729094e-01 +6.4729094e-01 +7.0536587e-01 +7.0536587e-01 
-2.7403511e+01 -2.7403511e+01 -2.7376320e+01 -2.7376320e+01 -1.0005940e+01 -1.0005940e+01 -9.9893003e+00 -9.9893003e+00 -9.0032077e+00 -9.0032077e+00 -8.9781510e+00 -8.9781510e+00 -8.9129813e+00 -8.9129813e+00 -8.8824247e+00 -8.8824247e+00 -6.3074510e+00 -6.3074510e+00 -6.2404872e+00 -6.2404872e+00 +5.2966883e-01 +5.2966883e-01 +6.2945439e-01 +6.2945439e-01 +6.4796093e-01 +6.4796093e-01 +7.1037432e-01 +7.1037432e-01 
-2.7406057e+01 -2.7406057e+01 -2.7379274e+01 -2.7379274e+01 -1.0005645e+01 -1.0005645e+01 -9.9878029e+00 -9.9878029e+00 -9.0059650e+00 -9.0059650e+00 -8.9861035e+00 -8.9861035e+00 -8.9164624e+00 -8.9164624e+00 -8.8837869e+00 -8.8837869e+00 -6.3116216e+00 -6.3116216e+00 -6.2403268e+00 -6.2403268e+00 +5.1911727e-01 +5.1911727e-01 +6.2746526e-01 +6.2746526e-01 +6.4866345e-01 +6.4866345e-01 +7.1558293e-01 +7.1558293e-01 
-2.7409426e+01 -2.7409426e+01 -2.7380385e+01 -2.7380385e+01 -1.0005421e+01 -1.0005421e+01 -9.9864485e+00 -9.9864485e+00 -9.0073040e+00 -9.0073040e+00 -8.9933888e+00 -8.9933888e+00 -8.9192780e+00 -8.9192780e+00 -8.8851569e+00 -8.8851569e+00 -6.3159296e+00 -6.3159296e+00 -6.2398827e+00 -6.2398827e+00 +5.0884847e-01 +5.0884847e-01 +6.2544567e-01 +6.2544567e-01 +6.4925209e-01 +6.4925209e-01 +7.2084347e-01 +7.2084347e-01 
-2.7413543e+01 -2.7413543e+01 -2.7380067e+01 -2.7380067e+01 -1.0005279e+01 -1.0005279e+01 -9.9852489e+00 -9.9852489e+00 -9.0077541e+00 -9.0077541e+00 -8.9995118e+00 -8.9995118e+00 -8.9212588e+00 -8.9212588e+00 -8.8864896e+00 -8.8864896e+00 -6.3204239e+00 -6.3204239e+00 -6.2391964e+00 -6.2391964e+00 +4.9906561e-01 +4.9906561e-01 +6.2349187e-01 +6.2349187e-01 +6.4968706e-01 +6.4968706e-01 +7.2600558e-01 +7.2600558e-01 
-2.7418000e+01 -2.7418000e+01 -2.7379152e+01 -2.7379152e+01 -1.0005221e+01 -1.0005221e+01 -9.9842098e+00 -9.9842098e+00 -9.0095550e+00 -9.0095550e+00 -9.0023203e+00 -9.0023203e+00 -8.9222208e+00 -8.9222208e+00 -8.8877453e+00 -8.8877453e+00 -6.3251030e+00 -6.3251030e+00 -6.2383786e+00 -6.2383786e+00 +4.8995518e-01 +4.8995518e-01 +6.2166087e-01 +6.2166087e-01 +6.4997574e-01 +6.4997574e-01 +7.3092553e-01 +7.3092553e-01 
-2.7422420e+01 -2.7422420e+01 -2.7378417e+01 -2.7378417e+01 -1.0005242e+01 -1.0005242e+01 -9.9833318e+00 -9.9833318e+00 -9.0137595e+00 -9.0137595e+00 -9.0009643e+00 -9.0009643e+00 -8.9219663e+00 -8.9219663e+00 -8.8889034e+00 -8.8889034e+00 -6.3299054e+00 -6.3299054e+00 -6.2375735e+00 -6.2375735e+00 +4.8168652e-01 +4.8168652e-01 +6.1999275e-01 +6.1999275e-01 +6.5014383e-01 +6.5014383e-01 +7.3547141e-01 +7.3547141e-01 
-2.7426567e+01 -2.7426567e+01 -2.7378378e+01 -2.7378378e+01 -1.0005327e+01 -1.0005327e+01 -9.9826107e+00 -9.9826107e+00 -9.0179657e+00 -9.0179657e+00 -8.9982046e+00 -8.9982046e+00 -8.9203211e+00 -8.9203211e+00 -8.8899781e+00 -8.8899781e+00 -6.3347037e+00 -6.3347037e+00 -6.2369146e+00 -6.2369146e+00 +4.7441129e-01 +4.7441129e-01 +6.1851984e-01 +6.1851984e-01 +6.5022217e-01 +6.5022217e-01 +7.3952583e-01 +7.3952583e-01 
-2.7430301e+01 -2.7430301e+01 -2.7379205e+01 -2.7379205e+01 -1.0005456e+01 -1.0005456e+01 -9.9820393e+00 -9.9820393e+00 -9.0214731e+00 -9.0214731e+00 -8.9952204e+00 -8.9952204e+00 -8.9172387e+00 -8.9172387e+00 -8.8910383e+00 -8.8910383e+00 -6.3392982e+00 -6.3392982e+00 -6.2364839e+00 -6.2364839e+00 +4.6826273e-01 +4.6826273e-01 +6.1727016e-01 +6.1727016e-01 +6.5024068e-01 +6.5024068e-01 +7.4298726e-01 +7.4298726e-01 
-2.7433517e+01 -2.7433517e+01 -2.7380706e+01 -2.7380706e+01 -1.0005601e+01 -1.0005601e+01 -9.9816088e+00 -9.9816088e+00 -9.0241634e+00 -9.0241634e+00 -8.9926028e+00 -8.9926028e+00 -8.9129463e+00 -8.9129463e+00 -8.8922264e+00 -8.8922264e+00 -6.3434154e+00 -6.3434154e+00 -6.2362892e+00 -6.2362892e+00 +4.6335452e-01 +4.6335452e-01 +6.1626842e-01 +6.1626842e-01 +6.5022574e-01 +6.5022574e-01 +7.4577076e-01 +7.4577076e-01 
-2.7436072e+01 -2.7436072e+01 -2.7382403e+01 -2.7382403e+01 -1.0005733e+01 -1.0005733e+01 -9.9813097e+00 -9.9813097e+00 -9.0260402e+00 -9.0260402e+00 -8.9906739e+00 -8.9906739e+00 -8.9080091e+00 -8.9080091e+00 -8.8937675e+00 -8.8937675e+00 -6.3467240e+00 -6.3467240e+00 -6.2362677e+00 -6.2362677e+00 +4.5977907e-01 +4.5977907e-01 +6.1553579e-01 +6.1553579e-01 +6.5019889e-01 +6.5019889e-01 +7.4780871e-01 +7.4780871e-01 
-2.7437758e+01 -2.7437758e+01 -2.7383721e+01 -2.7383721e+01 -1.0005825e+01 -1.0005825e+01 -9.9811340e+00 -9.9811340e+00 -9.0271415e+00 -9.0271415e+00 -8.9895320e+00 -8.9895320e+00 -8.9031816e+00 -8.9031816e+00 -8.8959481e+00 -8.8959481e+00 -6.3488858e+00 -6.3488858e+00 -6.2363173e+00 -6.2363173e+00 +4.5760525e-01 +4.5760525e-01 +6.1508896e-01 +6.1508896e-01 +6.5017616e-01 +6.5017616e-01 +7.4905167e-01 +7.4905167e-01 
-2.7438352e+01 -2.7438352e+01 -2.7384216e+01 -2.7384216e+01 -1.0005858e+01 -1.0005858e+01 -9.9810761e+00 -9.9810761e+00 -9.0275038e+00 -9.0275038e+00 -8.9891585e+00 -8.9891585e+00 -8.8993843e+00 -8.8993843e+00 -8.8987449e+00 -8.8987449e+00 -6.3496394e+00 -6.3496394e+00 -6.2363460e+00 -6.2363460e+00 +4.5687581e-01 +4.5687581e-01 +6.1493876e-01 +6.1493876e-01 +6.5016746e-01 +6.5016746e-01 +7.4946938e-01 +7.4946938e-01 
-2.7375601e+01 -2.7375601e+01 -2.7375601e+01 -2.7375601e+01 -9.9961765e+00 -9.9961765e+00 -9.9961765e+00 -9.9961765e+00 -9.0275481e+00 -9.0275481e+00 -9.0275481e+00 -9.0275481e+00 -8.8714007e+00 -8.8714007e+00 -8.8714007e+00 -8.8714007e+00 -6.2679099e+00 -6.2679099e+00 -6.2679099e+00 -6.2679099e+00 +6.0396745e-01 +6.0396745e-01 +6.0396745e-01 +6.0396745e-01 +6.5996430e-01 +6.5996430e-01 +6.5996430e-01 +6.5996430e-01 
-2.7375469e+01 -2.7375469e+01 -2.7375469e+01 -2.7375469e+01 -9.9963041e+00 -9.9963041e+00 -9.9963041e+00 -9.9963041e+00 -9.0264867e+00 -9.0264867e+00 -9.0264867e+00 -9.0264867e+00 -8.8715457e+00 -8.8715457e+00 -8.8715457e+00 -8.8715457e+00 -6.2678858e+00 -6.2678858e+00 -6.2678858e+00 -6.2678858e+00 +6.0408800e-01 +6.0408800e-01 +6.0408800e-01 +6.0408800e-01 +6.6005975e-01 +6.6005975e-01 +6.6005975e-01 +6.6005975e-01 
-2.7375060e+01 -2.7375060e+01 -2.7375060e+01 -2.7375060e+01 -9.9966807e+00 -9.9966807e+00 -9.9966807e+00 -9.9966807e+00 -9.0233128e+00 -9.0233128e+00 -9.0233128e+00 -9.0233128e+00 -8.8719660e+00 -8.8719660e+00 -8.8719660e+00 -8.8719660e+00 -6.2677991e+00 -6.2677991e+00 -6.2677991e+00 -6.2677991e+00 +6.0443910e-01 +6.0443910e-01 +6.0443910e-01 +6.0443910e-01 +6.6034964e-01 +6.6034964e-01 +6.6034964e-01 +6.6034964e-01 
-2.7374334e+01 -2.7374334e+01 -2.7374334e+01 -2.7374334e+01 -9.9972886e+00 -9.9972886e+00 -9.9972886e+00 -9.9972886e+00 -9.0180591e+00 -9.0180591e+00 -9.0180591e+00 -9.0180591e+00 -8.8726177e+00 -8.8726177e+00 -8.8726177e+00 -8.8726177e+00 -6.2676086e+00 -6.2676086e+00 -6.2676086e+00 -6.2676086e+00 +6.0499011e-01 +6.0499011e-01 +6.0499011e-01 +6.0499011e-01 +6.6084365e-01 +6.6084365e-01 +6.6084365e-01 +6.6084365e-01 
-2.7373230e+01 -2.7373230e+01 -2.7373230e+01 -2.7373230e+01 -9.9980989e+00 -9.9980989e+00 -9.9980989e+00 -9.9980989e+00 -9.0107860e+00 -9.0107860e+00 -9.0107860e+00 -9.0107860e+00 -8.8734286e+00 -8.8734286e+00 -8.8734286e+00 -8.8734286e+00 -6.2672554e+00 -6.2672554e+00 -6.2672554e+00 -6.2672554e+00 +6.0569351e-01 +6.0569351e-01 +6.0569351e-01 +6.0569351e-01 +6.6155472e-01 +6.6155472e-01 +6.6155472e-01 +6.6155472e-01 
-2.7371684e+01 -2.7371684e+01 -2.7371684e+01 -2.7371684e+01 -9.9990733e+00 -9.9990733e+00 -9.9990733e+00 -9.9990733e+00 -9.0015897e+00 -9.0015897e+00 -9.0015897e+00 -9.0015897e+00 -8.8743012e+00 -8.8743012e+00 -8.8743012e+00 -8.8743012e+00 -6.2666791e+00 -6.2666791e+00 -6.2666791e+00 -6.2666791e+00 +6.0648996e-01 +6.0648996e-01 +6.0648996e-01 +6.0648996e-01 +6.6249434e-01 +6.6249434e-01 +6.6249434e-01 +6.6249434e-01 
-2.7369652e+01 -2.7369652e+01 -2.7369652e+01 -2.7369652e+01 -1.0000166e+01 -1.0000166e+01 -1.0000166e+01 -1.0000166e+01 -8.9906121e+00 -8.9906121e+00 -8.9906121e+00 -8.9906121e+00 -8.8751193e+00 -8.8751193e+00 -8.8751193e+00 -8.8751193e+00 -6.2658398e+00 -6.2658398e+00 -6.2658398e+00 -6.2658398e+00 +6.0731504e-01 +6.0731504e-01 +6.0731504e-01 +6.0731504e-01 +6.6366640e-01 +6.6366640e-01 +6.6366640e-01 +6.6366640e-01 
-2.7367151e+01 -2.7367151e+01 -2.7367151e+01 -2.7367151e+01 -1.0001329e+01 -1.0001329e+01 -1.0001329e+01 -1.0001329e+01 -8.9780535e+00 -8.9780535e+00 -8.9780535e+00 -8.9780535e+00 -8.8757596e+00 -8.8757596e+00 -8.8757596e+00 -8.8757596e+00 -6.2647422e+00 -6.2647422e+00 -6.2647422e+00 -6.2647422e+00 +6.0810669e-01 +6.0810669e-01 +6.0810669e-01 +6.0810669e-01 +6.6506072e-01 +6.6506072e-01 +6.6506072e-01 +6.6506072e-01 
-2.7364290e+01 -2.7364290e+01 -2.7364290e+01 -2.7364290e+01 -1.0002512e+01 -1.0002512e+01 -1.0002512e+01 -1.0002512e+01 -8.9641927e+00 -8.9641927e+00 -8.9641927e+00 -8.9641927e+00 -8.8761051e+00 -8.8761051e+00 -8.8761051e+00 -8.8761051e+00 -6.2634542e+00 -6.2634542e+00 -6.2634542e+00 -6.2634542e+00 +6.0881244e-01 +6.0881244e-01 +6.0881244e-01 +6.0881244e-01 +6.6664755e-01 +6.6664755e-01 +6.6664755e-01 +6.6664755e-01 
-2.7361290e+01 -2.7361290e+01 -2.7361290e+01 -2.7361290e+01 -1.0003671e+01 -1.0003671e+01 -1.0003671e+01 -1.0003671e+01 -8.9494193e+00 -8.9494193e+00 -8.9494193e+00 -8.9494193e+00 -8.8760518e+00 -8.8760518e+00 -8.8760518e+00 -8.8760518e+00 -6.2621070e+00 -6.2621070e+00 -6.2621070e+00 -6.2621070e+00 +6.0939511e-01 +6.0939511e-01 +6.0939511e-01 +6.0939511e-01 +6.6837525e-01 +6.6837525e-01 +6.6837525e-01 +6.6837525e-01 
-2.7358454e+01 -2.7358454e+01 -2.7358454e+01 -2.7358454e+01 -1.0004768e+01 -1.0004768e+01 -1.0004768e+01 -1.0004768e+01 -8.9342882e+00 -8.9342882e+00 -8.9342882e+00 -8.9342882e+00 -8.8754917e+00 -8.8754917e+00 -8.8754917e+00 -8.8754917e+00 -6.2608702e+00 -6.2608702e+00 -6.2608702e+00 -6.2608702e+00 +6.0983606e-01 +6.0983606e-01 +6.0983606e-01 +6.0983606e-01 +6.7017229e-01 +6.7017229e-01 +6.7017229e-01 +6.7017229e-01 
-2.7356102e+01 -2.7356102e+01 -2.7356102e+01 -2.7356102e+01 -1.0005774e+01 -1.0005774e+01 -1.0005774e+01 -1.0005774e+01 -8.9196010e+00 -8.9196010e+00 -8.9196010e+00 -8.9196010e+00 -8.8742457e+00 -8.8742457e+00 -8.8742457e+00 -8.8742457e+00 -6.2599045e+00 -6.2599045e+00 -6.2599045e+00 -6.2599045e+00 +6.1013538e-01 +6.1013538e-01 +6.1013538e-01 +6.1013538e-01 +6.7195371e-01 +6.7195371e-01 +6.7195371e-01 +6.7195371e-01 
-2.7354464e+01 -2.7354464e+01 -2.7354464e+01 -2.7354464e+01 -1.0006667e+01 -1.0006667e+01 -1.0006667e+01 -1.0006667e+01 -8.9065168e+00 -8.9065168e+00 -8.9065168e+00 -8.9065168e+00 -8.8719263e+00 -8.8719263e+00 -8.8719263e+00 -8.8719263e+00 -6.2593105e+00 -6.2593105e+00 -6.2593105e+00 -6.2593105e+00 +6.1030935e-01 +6.1030935e-01 +6.1030935e-01 +6.1030935e-01 +6.7363051e-01 +6.7363051e-01 +6.7363051e-01 +6.7363051e-01 
-2.7353604e+01 -2.7353604e+01 -2.7353604e+01 -2.7353604e+01 -1.0007431e+01 -1.0007431e+01 -1.0007431e+01 -1.0007431e+01 -8.8965001e+00 -8.8965001e+00 -8.8965001e+00 -8.8965001e+00 -8.8679157e+00 -8.8679157e+00 -8.8679157e+00 -8.8679157e+00 -6.2590945e+00 -6.2590945e+00 -6.2590945e+00 -6.2590945e+00 +6.1038570e-01 +6.1038570e-01 +6.1038570e-01 +6.1038570e-01 +6.7511906e-01 +6.7511906e-01 +6.7511906e-01 +6.7511906e-01 
-2.7353398e+01 -2.7353398e+01 -2.7353398e+01 -2.7353398e+01 -1.0008049e+01 -1.0008049e+01 -1.0008049e+01 -1.0008049e+01 -8.8903712e+00 -8.8903712e+00 -8.8903712e+00 -8.8903712e+00 -8.8622111e+00 -8.8622111e+00 -8.8622111e+00 -8.8622111e+00 -6.2591697e+00 -6.2591697e+00 -6.2591697e+00 -6.2591697e+00 +6.1039768e-01 +6.1039768e-01 +6.1039768e-01 +6.1039768e-01 +6.7634836e-01 +6.7634836e-01 +6.7634836e-01 +6.7634836e-01 
-2.7353580e+01 -2.7353580e+01 -2.7353580e+01 -2.7353580e+01 -1.0008505e+01 -1.0008505e+01 -1.0008505e+01 -1.0008505e+01 -8.8872749e+00 -8.8872749e+00 -8.8872749e+00 -8.8872749e+00 -8.8563574e+00 -8.8563574e+00 -8.8563574e+00 -8.8563574e+00 -6.2593899e+00 -6.2593899e+00 -6.2593899e+00 -6.2593899e+00 +6.1037817e-01 +6.1037817e-01 +6.1037817e-01 +6.1037817e-01 +6.7726368e-01 +6.7726368e-01 +6.7726368e-01 +6.7726368e-01 
-2.7353849e+01 -2.7353849e+01 -2.7353849e+01 -2.7353849e+01 -1.0008785e+01 -1.0008785e+01 -1.0008785e+01 -1.0008785e+01 -8.8858928e+00 -8.8858928e+00 -8.8858928e+00 -8.8858928e+00 -8.8521737e+00 -8.8521737e+00 -8.8521737e+00 -8.8521737e+00 -6.2595998e+00 -6.2595998e+00 -6.2595998e+00 -6.2595998e+00 +6.1035447e-01 +6.1035447e-01 +6.1035447e-01 +6.1035447e-01 +6.7782733e-01 +6.7782733e-01 +6.7782733e-01 +6.7782733e-01 
-2.7353967e+01 -2.7353967e+01 -2.7353967e+01 -2.7353967e+01 -1.0008880e+01 -1.0008880e+01 -1.0008880e+01 -1.0008880e+01 -8.8854998e+00 -8.8854998e+00 -8.8854998e+00 -8.8854998e+00 -8.8506794e+00 -8.8506794e+00 -8.8506794e+00 -8.8506794e+00 -6.2596838e+00 -6.2596838e+00 -6.2596838e+00 -6.2596838e+00 +6.1034450e-01 +6.1034450e-01 +6.1034450e-01 +6.1034450e-01 +6.7801757e-01 +6.7801757e-01 +6.7801757e-01 +6.7801757e-01 
