# num high symmetry points
8
# label high symmetry points
G X M G R X M R 
# indices high symmetry points
1 18 35 60 91 116 117 134 
# nk, nb, ns
134 17 1
# k-points (frac coords)
+0.0000000e+00 +0.0000000e+00 +0.0000000e+00 
+0.0000000e+00 +2.9411765e-02 +0.0000000e+00 
+0.0000000e+00 +5.8823529e-02 +0.0000000e+00 
+0.0000000e+00 +8.8235294e-02 +0.0000000e+00 
+0.0000000e+00 +1.1764706e-01 +0.0000000e+00 
+0.0000000e+00 +1.4705882e-01 +0.0000000e+00 
+0.0000000e+00 +1.7647059e-01 +0.0000000e+00 
+0.0000000e+00 +2.0588235e-01 +0.0000000e+00 
+0.0000000e+00 +2.3529412e-01 +0.0000000e+00 
+0.0000000e+00 +2.6470588e-01 +0.0000000e+00 
+0.0000000e+00 +2.9411765e-01 +0.0000000e+00 
+0.0000000e+00 +3.2352941e-01 +0.0000000e+00 
+0.0000000e+00 +3.5294118e-01 +0.0000000e+00 
+0.0000000e+00 +3.8235294e-01 +0.0000000e+00 
+0.0000000e+00 +4.1176471e-01 +0.0000000e+00 
+0.0000000e+00 +4.4117647e-01 +0.0000000e+00 
+0.0000000e+00 +4.7058824e-01 +0.0000000e+00 
+0.0000000e+00 +5.0000000e-01 +0.0000000e+00 
+2.9411765e-02 +5.0000000e-01 +0.0000000e+00 
+5.8823529e-02 +5.0000000e-01 +0.0000000e+00 
+8.8235294e-02 +5.0000000e-01 +0.0000000e+00 
+1.1764706e-01 +5.0000000e-01 +0.0000000e+00 
+1.4705882e-01 +5.0000000e-01 +0.0000000e+00 
+1.7647059e-01 +5.0000000e-01 +0.0000000e+00 
+2.0588235e-01 +5.0000000e-01 +0.0000000e+00 
+2.3529412e-01 +5.0000000e-01 +0.0000000e+00 
+2.6470588e-01 +5.0000000e-01 +0.0000000e+00 
+2.9411765e-01 +5.0000000e-01 +0.0000000e+00 
+3.2352941e-01 +5.0000000e-01 +0.0000000e+00 
+3.5294118e-01 +5.0000000e-01 +0.0000000e+00 
+3.8235294e-01 +5.0000000e-01 +0.0000000e+00 
+4.1176471e-01 +5.0000000e-01 +0.0000000e+00 
+4.4117647e-01 +5.0000000e-01 +0.0000000e+00 
+4.7058824e-01 +5.0000000e-01 +0.0000000e+00 
+5.0000000e-01 +5.0000000e-01 +0.0000000e+00 
+4.8000000e-01 +4.8000000e-01 +0.0000000e+00 
+4.6000000e-01 +4.6000000e-01 +0.0000000e+00 
+4.4000000e-01 +4.4000000e-01 +0.0000000e+00 
+4.2000000e-01 +4.2000000e-01 +0.0000000e+00 
+4.0000000e-01 +4.0000000e-01 +0.0000000e+00 
+3.8000000e-01 +3.8000000e-01 +0.0000000e+00 
+3.6000000e-01 +3.6000000e-01 +0.0000000e+00 
+3.4000000e-01 +3.4000000e-01 +0.0000000e+00 
+3.2000000e-01 +3.2000000e-01 +0.0000000e+00 
+3.0000000e-01 +3.0000000e-01 +0.0000000e+00 
+2.8000000e-01 +2.8000000e-01 +0.0000000e+00 
+2.6000000e-01 +2.6000000e-01 +0.0000000e+00 
+2.4000000e-01 +2.4000000e-01 +0.0000000e+00 
+2.2000000e-01 +2.2000000e-01 +0.0000000e+00 
+2.0000000e-01 +2.0000000e-01 +0.0000000e+00 
+1.8000000e-01 +1.8000000e-01 +0.0000000e+00 
+1.6000000e-01 +1.6000000e-01 +0.0000000e+00 
+1.4000000e-01 +1.4000000e-01 +0.0000000e+00 
+1.2000000e-01 +1.2000000e-01 +0.0000000e+00 
+1.0000000e-01 +1.0000000e-01 +0.0000000e+00 
+8.0000000e-02 +8.0000000e-02 +0.0000000e+00 
+6.0000000e-02 +6.0000000e-02 +0.0000000e+00 
+4.0000000e-02 +4.0000000e-02 +0.0000000e+00 
+2.0000000e-02 +2.0000000e-02 +0.0000000e+00 
+0.0000000e+00 +0.0000000e+00 +0.0000000e+00 
+1.6129032e-02 +1.6129032e-02 +1.6129032e-02 
+3.2258065e-02 +3.2258065e-02 +3.2258065e-02 
+4.8387097e-02 +4.8387097e-02 +4.8387097e-02 
+6.4516129e-02 +6.4516129e-02 +6.4516129e-02 
+8.0645161e-02 +8.0645161e-02 +8.0645161e-02 
+9.6774194e-02 +9.6774194e-02 +9.6774194e-02 
+1.1290323e-01 +1.1290323e-01 +1.1290323e-01 
+1.2903226e-01 +1.2903226e-01 +1.2903226e-01 
+1.4516129e-01 +1.4516129e-01 +1.4516129e-01 
+1.6129032e-01 +1.6129032e-01 +1.6129032e-01 
+1.7741935e-01 +1.7741935e-01 +1.7741935e-01 
+1.9354839e-01 +1.9354839e-01 +1.9354839e-01 
+2.0967742e-01 +2.0967742e-01 +2.0967742e-01 
+2.2580645e-01 +2.2580645e-01 +2.2580645e-01 
+2.4193548e-01 +2.4193548e-01 +2.4193548e-01 
+2.5806452e-01 +2.5806452e-01 +2.5806452e-01 
+2.7419355e-01 +2.7419355e-01 +2.7419355e-01 
+2.9032258e-01 +2.9032258e-01 +2.9032258e-01 
+3.0645161e-01 +3.0645161e-01 +3.0645161e-01 
+3.2258065e-01 +3.2258065e-01 +3.2258065e-01 
+3.3870968e-01 +3.3870968e-01 +3.3870968e-01 
+3.5483871e-01 +3.5483871e-01 +3.5483871e-01 
+3.7096774e-01 +3.7096774e-01 +3.7096774e-01 
+3.8709677e-01 +3.8709677e-01 +3.8709677e-01 
+4.0322581e-01 +4.0322581e-01 +4.0322581e-01 
+4.1935484e-01 +4.1935484e-01 +4.1935484e-01 
+4.3548387e-01 +4.3548387e-01 +4.3548387e-01 
+4.5161290e-01 +4.5161290e-01 +4.5161290e-01 
+4.6774194e-01 +4.6774194e-01 +4.6774194e-01 
+4.8387097e-01 +4.8387097e-01 +4.8387097e-01 
+5.0000000e-01 +5.0000000e-01 +5.0000000e-01 
+4.8000000e-01 +5.0000000e-01 +4.8000000e-01 
+4.6000000e-01 +5.0000000e-01 +4.6000000e-01 
+4.4000000e-01 +5.0000000e-01 +4.4000000e-01 
+4.2000000e-01 +5.0000000e-01 +4.2000000e-01 
+4.0000000e-01 +5.0000000e-01 +4.0000000e-01 
+3.8000000e-01 +5.0000000e-01 +3.8000000e-01 
+3.6000000e-01 +5.0000000e-01 +3.6000000e-01 
+3.4000000e-01 +5.0000000e-01 +3.4000000e-01 
+3.2000000e-01 +5.0000000e-01 +3.2000000e-01 
+3.0000000e-01 +5.0000000e-01 +3.0000000e-01 
+2.8000000e-01 +5.0000000e-01 +2.8000000e-01 
+2.6000000e-01 +5.0000000e-01 +2.6000000e-01 
+2.4000000e-01 +5.0000000e-01 +2.4000000e-01 
+2.2000000e-01 +5.0000000e-01 +2.2000000e-01 
+2.0000000e-01 +5.0000000e-01 +2.0000000e-01 
+1.8000000e-01 +5.0000000e-01 +1.8000000e-01 
+1.6000000e-01 +5.0000000e-01 +1.6000000e-01 
+1.4000000e-01 +5.0000000e-01 +1.4000000e-01 
+1.2000000e-01 +5.0000000e-01 +1.2000000e-01 
+1.0000000e-01 +5.0000000e-01 +1.0000000e-01 
+8.0000000e-02 +5.0000000e-01 +8.0000000e-02 
+6.0000000e-02 +5.0000000e-01 +6.0000000e-02 
+4.0000000e-02 +5.0000000e-01 +4.0000000e-02 
+2.0000000e-02 +5.0000000e-01 +2.0000000e-02 
+0.0000000e+00 +5.0000000e-01 +0.0000000e+00 
+5.0000000e-01 +5.0000000e-01 +0.0000000e+00 
+5.0000000e-01 +5.0000000e-01 +2.9411765e-02 
+5.0000000e-01 +5.0000000e-01 +5.8823529e-02 
+5.0000000e-01 +5.0000000e-01 +8.8235294e-02 
+5.0000000e-01 +5.0000000e-01 +1.1764706e-01 
+5.0000000e-01 +5.0000000e-01 +1.4705882e-01 
+5.0000000e-01 +5.0000000e-01 +1.7647059e-01 
+5.0000000e-01 +5.0000000e-01 +2.0588235e-01 
+5.0000000e-01 +5.0000000e-01 +2.3529412e-01 
+5.0000000e-01 +5.0000000e-01 +2.6470588e-01 
+5.0000000e-01 +5.0000000e-01 +2.9411765e-01 
+5.0000000e-01 +5.0000000e-01 +3.2352941e-01 
+5.0000000e-01 +5.0000000e-01 +3.5294118e-01 
+5.0000000e-01 +5.0000000e-01 +3.8235294e-01 
+5.0000000e-01 +5.0000000e-01 +4.1176471e-01 
+5.0000000e-01 +5.0000000e-01 +4.4117647e-01 
+5.0000000e-01 +5.0000000e-01 +4.7058824e-01 
+5.0000000e-01 +5.0000000e-01 +5.0000000e-01 
# energies (kpt,band,spin)
# spin = 1
-2.4008696e+01 -2.3998403e+01 -1.0823700e+01 -1.0823700e+01 -1.0823700e+01 -1.0733022e+01 -1.0733022e+01 -1.0733022e+01 -1.7026363e+00 +2.5199833e+00 +2.5199834e+00 +2.5199834e+00 +3.0446451e+00 +3.0446451e+00 +3.0446451e+00 +3.3235143e+00 +3.3235143e+00 
-2.4008666e+01 -2.3998368e+01 -1.0823700e+01 -1.0823495e+01 -1.0823495e+01 -1.0733400e+01 -1.0733211e+01 -1.0733211e+01 -1.6981279e+00 +2.5158026e+00 +2.5158026e+00 +2.5226878e+00 +2.9062721e+00 +3.0404486e+00 +3.0404486e+00 +3.3106560e+00 +3.3303703e+00 
-2.4008577e+01 -2.3998280e+01 -1.0823709e+01 -1.0822883e+01 -1.0822883e+01 -1.0734523e+01 -1.0733775e+01 -1.0733775e+01 -1.6845900e+00 +2.5036148e+00 +2.5036148e+00 +2.5308014e+00 +2.5584222e+00 +3.0277730e+00 +3.0277730e+00 +3.2729912e+00 +3.3507704e+00 
-2.4008427e+01 -2.3998190e+01 -1.0823719e+01 -1.0821869e+01 -1.0821869e+01 -1.0736362e+01 -1.0734709e+01 -1.0734709e+01 -1.6619920e+00 +2.0944159e+00 +2.4844588e+00 +2.4844588e+00 +2.5443241e+00 +3.0064334e+00 +3.0064334e+00 +3.2130905e+00 +3.3841919e+00 
-2.4008217e+01 -2.3998162e+01 -1.0823665e+01 -1.0820463e+01 -1.0820463e+01 -1.0738871e+01 -1.0736005e+01 -1.0736005e+01 -1.6303054e+00 +1.5915316e+00 +2.4599827e+00 +2.4599827e+00 +2.5632522e+00 +2.9763430e+00 +2.9763431e+00 +3.1347588e+00 +3.4297178e+00 
-2.4007947e+01 -2.3998216e+01 -1.0823463e+01 -1.0818680e+01 -1.0818680e+01 -1.0741987e+01 -1.0737650e+01 -1.0737650e+01 -1.5895345e+00 +1.1645064e+00 +2.4323218e+00 +2.4323218e+00 +2.5875728e+00 +2.9377611e+00 +2.9377611e+00 +3.0424890e+00 +3.4860060e+00 
-2.4007622e+01 -2.3998343e+01 -1.0823068e+01 -1.0816536e+01 -1.0816536e+01 -1.0745634e+01 -1.0739628e+01 -1.0739628e+01 -1.5397490e+00 +8.7911472e-01 +2.4039287e+00 +2.4039287e+00 +2.6172584e+00 +2.8914970e+00 +2.8914970e+00 +2.9409507e+00 +3.3099195e+00 
-2.4007246e+01 -2.3998530e+01 -1.0822453e+01 -1.0814053e+01 -1.0814053e+01 -1.0749727e+01 -1.0741919e+01 -1.0741919e+01 -1.4811093e+00 +7.0280198e-01 +2.3773499e+00 +2.3773499e+00 +2.6522618e+00 +2.8346274e+00 +2.8389879e+00 +2.8389879e+00 +3.0455965e+00 
-2.4006829e+01 -2.3998767e+01 -1.0821596e+01 -1.0811255e+01 -1.0811255e+01 -1.0754180e+01 -1.0744501e+01 -1.0744501e+01 -1.4138760e+00 +5.7976024e-01 +2.3549468e+00 +2.3549468e+00 +2.6925121e+00 +2.7276411e+00 +2.7822183e+00 +2.7822183e+00 +2.8982045e+00 
-2.4006378e+01 -2.3999048e+01 -1.0820467e+01 -1.0808168e+01 -1.0808168e+01 -1.0758908e+01 -1.0747350e+01 -1.0747350e+01 -1.3384047e+00 +4.7300753e-01 +2.3385718e+00 +2.3385718e+00 +2.6237517e+00 +2.7235156e+00 +2.7235156e+00 +2.7379144e+00 +2.8329582e+00 
-2.4005903e+01 -2.3999368e+01 -1.0819036e+01 -1.0804821e+01 -1.0804821e+01 -1.0763834e+01 -1.0750442e+01 -1.0750442e+01 -1.2551317e+00 +3.6536042e-01 +2.3292531e+00 +2.3292531e+00 +2.5264870e+00 +2.6652876e+00 +2.6652876e+00 +2.7883521e+00 +2.8271320e+00 
-2.4005410e+01 -2.3999722e+01 -1.0817272e+01 -1.0801246e+01 -1.0801246e+01 -1.0768894e+01 -1.0753754e+01 -1.0753754e+01 -1.1645571e+00 +2.5143533e-01 +2.3269958e+00 +2.3269958e+00 +2.4393611e+00 +2.6097660e+00 +2.6097661e+00 +2.8436944e+00 +2.8647075e+00 
-2.4004906e+01 -2.4000106e+01 -1.0815145e+01 -1.0797476e+01 -1.0797476e+01 -1.0774029e+01 -1.0757264e+01 -1.0757264e+01 -1.0672297e+00 +1.3122882e-01 +2.3308321e+00 +2.3308321e+00 +2.3661482e+00 +2.5587961e+00 +2.5587962e+00 +2.9038070e+00 +2.9342698e+00 
-2.4004395e+01 -2.4000516e+01 -1.0812633e+01 -1.0793548e+01 -1.0793548e+01 -1.0779184e+01 -1.0760952e+01 -1.0760952e+01 -9.6372954e-01 +6.5483335e-03 +2.3111949e+00 +2.3391889e+00 +2.3391889e+00 +2.5136866e+00 +2.5136866e+00 +2.9685669e+00 +3.0278806e+00 
-2.4003882e+01 -2.4000950e+01 -1.0809718e+01 -1.0789497e+01 -1.0789497e+01 -1.0784293e+01 -1.0764797e+01 -1.0764797e+01 -8.5465204e-01 -1.2054908e-01 +2.2797629e+00 +2.3504811e+00 +2.3504811e+00 +2.4751213e+00 +2.4751213e+00 +3.0378793e+00 +3.0722629e+00 
-2.4003369e+01 -2.4001404e+01 -1.0806391e+01 -1.0789276e+01 -1.0785364e+01 -1.0785363e+01 -1.0768773e+01 -1.0768773e+01 -7.4060128e-01 -2.4827365e-01 +2.2783922e+00 +2.3636880e+00 +2.3636880e+00 +2.4431317e+00 +2.4431317e+00 +2.7653899e+00 +3.1116943e+00 
-2.4002862e+01 -2.4001876e+01 -1.0802654e+01 -1.0794047e+01 -1.0781185e+01 -1.0781185e+01 -1.0772853e+01 -1.0772853e+01 -6.2220332e-01 -3.7518543e-01 +2.3152564e+00 +2.3786623e+00 +2.3786623e+00 +2.4171387e+00 +2.4171388e+00 +2.5459773e+00 +3.1900206e+00 
-2.4002363e+01 -2.4002363e+01 -1.0798527e+01 -1.0798527e+01 -1.0777002e+01 -1.0777002e+01 -1.0777002e+01 -1.0777002e+01 -5.0013849e-01 -5.0013849e-01 +2.3960825e+00 +2.3960825e+00 +2.3960825e+00 +2.3960825e+00 +2.4004392e+00 +2.4004392e+00 +3.2729337e+00 
-2.4002354e+01 -2.4002354e+01 -1.0800012e+01 -1.0800012e+01 -1.0776982e+01 -1.0776982e+01 -1.0775643e+01 -1.0775643e+01 -4.9691541e-01 -4.9691541e-01 +2.3292800e+00 +2.3292800e+00 +2.3811760e+00 +2.3811760e+00 +2.4421170e+00 +2.4421170e+00 +3.2956213e+00 
-2.4002327e+01 -2.4002327e+01 -1.0803686e+01 -1.0803686e+01 -1.0776924e+01 -1.0776924e+01 -1.0772344e+01 -1.0772344e+01 -4.8721767e-01 -4.8721767e-01 +2.2150884e+00 +2.2150884e+00 +2.3406986e+00 +2.3406986e+00 +2.4924349e+00 +2.4924349e+00 +3.3591311e+00 
-2.4002283e+01 -2.4002283e+01 -1.0808436e+01 -1.0808436e+01 -1.0776829e+01 -1.0776829e+01 -1.0768207e+01 -1.0768207e+01 -4.7102139e-01 -4.7102139e-01 +2.0721761e+00 +2.0721761e+00 +2.2836666e+00 +2.2836666e+00 +2.5574039e+00 +2.5574039e+00 +3.4535275e+00 
-2.4002222e+01 -2.4002222e+01 -1.0813659e+01 -1.0813659e+01 -1.0776703e+01 -1.0776703e+01 -1.0763820e+01 -1.0763820e+01 -4.4838725e-01 -4.4838725e-01 +1.9260463e+00 +1.9260463e+00 +2.2183621e+00 +2.2183621e+00 +2.6312034e+00 +2.6312034e+00 +3.5690431e+00 
-2.4002149e+01 -2.4002149e+01 -1.0819058e+01 -1.0819058e+01 -1.0776551e+01 -1.0776551e+01 -1.0759449e+01 -1.0759449e+01 -4.1944063e-01 -4.1944063e-01 +1.7920798e+00 +1.7920798e+00 +2.1504079e+00 +2.1504079e+00 +2.7049135e+00 +2.7049135e+00 +3.6232686e+00 
-2.4002068e+01 -2.4002068e+01 -1.0824462e+01 -1.0824462e+01 -1.0776380e+01 -1.0776380e+01 -1.0755231e+01 -1.0755231e+01 -3.8430272e-01 -3.8430272e-01 +1.6745122e+00 +1.6745122e+00 +2.0831684e+00 +2.0831684e+00 +2.7717701e+00 +2.7717701e+00 +3.6720429e+00 
-2.4001984e+01 -2.4001984e+01 -1.0829750e+01 -1.0829750e+01 -1.0776198e+01 -1.0776198e+01 -1.0751242e+01 -1.0751242e+01 -3.4308108e-01 -3.4308108e-01 +1.5709840e+00 +1.5709840e+00 +2.0185406e+00 +2.0185406e+00 +2.8300809e+00 +2.8300809e+00 +3.7222302e+00 
-2.4001899e+01 -2.4001899e+01 -1.0834828e+01 -1.0834828e+01 -1.0776012e+01 -1.0776012e+01 -1.0747536e+01 -1.0747536e+01 -2.9595574e-01 -2.9595574e-01 +1.4765344e+00 +1.4765344e+00 +1.9575441e+00 +1.9575441e+00 +2.8831188e+00 +2.8831188e+00 +3.7628558e+00 
-2.4001818e+01 -2.4001818e+01 -1.0839611e+01 -1.0839611e+01 -1.0775829e+01 -1.0775829e+01 -1.0744150e+01 -1.0744150e+01 -2.4332050e-01 -2.4332050e-01 +1.3861540e+00 +1.3861540e+00 +1.9007008e+00 +1.9007008e+00 +2.9363739e+00 +2.9363739e+00 +3.7868845e+00 
-2.4001742e+01 -2.4001742e+01 -1.0844025e+01 -1.0844025e+01 -1.0775655e+01 -1.0775655e+01 -1.0741115e+01 -1.0741115e+01 -1.8591470e-01 -1.8591470e-01 +1.2962958e+00 +1.2962958e+00 +1.8482942e+00 +1.8482942e+00 +2.9943589e+00 +2.9943589e+00 +3.7948708e+00 
-2.4001671e+01 -2.4001671e+01 -1.0848000e+01 -1.0848000e+01 -1.0775496e+01 -1.0775496e+01 -1.0738454e+01 -1.0738454e+01 -1.2490859e-01 -1.2490859e-01 +1.2055761e+00 +1.2055761e+00 +1.8005678e+00 +1.8005678e+00 +3.0585261e+00 +3.0585261e+00 +3.7927773e+00 
-2.4001609e+01 -2.4001609e+01 -1.0851476e+01 -1.0851476e+01 -1.0775357e+01 -1.0775357e+01 -1.0736184e+01 -1.0736184e+01 -6.1966507e-02 -6.1966507e-02 +1.1148169e+00 +1.1148169e+00 +1.7578895e+00 +1.7578895e+00 +3.1265817e+00 +3.1265817e+00 +3.7876541e+00 
-2.4001554e+01 -2.4001554e+01 -1.0854397e+01 -1.0854397e+01 -1.0775240e+01 -1.0775240e+01 -1.0734317e+01 -1.0734317e+01 +6.2136275e-04 +6.2136275e-04 +1.0267461e+00 +1.0267461e+00 +1.7208657e+00 +1.7208657e+00 +3.1930525e+00 +3.1930525e+00 +3.7849033e+00 
-2.4001510e+01 -2.4001510e+01 -1.0856719e+01 -1.0856719e+01 -1.0775147e+01 -1.0775147e+01 -1.0732862e+01 -1.0732862e+01 +5.9608697e-02 +5.9608697e-02 +9.4577852e-01 +9.4577852e-01 +1.6903726e+00 +1.6903726e+00 +3.2510239e+00 +3.2510239e+00 +3.7871162e+00 
-2.4001476e+01 -2.4001476e+01 -1.0858403e+01 -1.0858403e+01 -1.0775081e+01 -1.0775081e+01 -1.0731821e+01 -1.0731821e+01 +1.1020624e-01 +1.1020624e-01 +8.7812161e-01 +8.7812161e-01 +1.6674710e+00 +1.6674710e+00 +3.2946593e+00 +3.2946593e+00 +3.7935007e+00 
-2.4001456e+01 -2.4001456e+01 -1.0859425e+01 -1.0859425e+01 -1.0775041e+01 -1.0775041e+01 -1.0731196e+01 -1.0731196e+01 +1.4566326e-01 +1.4566326e-01 +8.3182363e-01 +8.3182363e-01 +1.6532075e+00 +1.6532075e+00 +3.3210413e+00 +3.3210413e+00 +3.8003240e+00 
-2.4001449e+01 -2.4001449e+01 -1.0859767e+01 -1.0859767e+01 -1.0775027e+01 -1.0775027e+01 -1.0730987e+01 -1.0730987e+01 +1.5864211e-01 +1.5864211e-01 +8.1512365e-01 +8.1512365e-01 +1.6483573e+00 +1.6483573e+00 +3.3297667e+00 +3.3297667e+00 +3.8032354e+00 
-2.4001474e+01 -2.4001437e+01 -1.0859630e+01 -1.0859271e+01 -1.0775224e+01 -1.0774855e+01 -1.0731363e+01 -1.0730998e+01 +1.3061322e-01 +1.6331020e-01 +8.1364714e-01 +8.4691962e-01 +1.6509013e+00 +1.6547657e+00 +3.3127957e+00 +3.3307422e+00 +3.7982389e+00 
-2.4001549e+01 -2.4001400e+01 -1.0859219e+01 -1.0857791e+01 -1.0775812e+01 -1.0774342e+01 -1.0732487e+01 -1.0731028e+01 +5.8248291e-02 +1.7691679e-01 +8.0946438e-01 +9.3104581e-01 +1.6584969e+00 +1.6732867e+00 +3.2631500e+00 +3.3334840e+00 +3.7838080e+00 
-2.4001673e+01 -2.4001337e+01 -1.0858540e+01 -1.0855346e+01 -1.0776781e+01 -1.0773499e+01 -1.0734356e+01 -1.0731079e+01 -3.8917303e-02 +1.9840495e-01 +8.0322410e-01 +1.0493798e+00 +1.6710392e+00 +1.7020411e+00 +3.1848793e+00 +3.3374615e+00 +3.7615275e+00 
-2.4001847e+01 -2.4001246e+01 -1.0857602e+01 -1.0851973e+01 -1.0778114e+01 -1.0772343e+01 -1.0736951e+01 -1.0731150e+01 -1.4811660e-01 +2.2643277e-01 +7.9575266e-01 +1.1916133e+00 +1.6883676e+00 +1.7385794e+00 +3.0851301e+00 +3.3418706e+00 +3.7337518e+00 
-2.4002067e+01 -2.4001129e+01 -1.0856417e+01 -1.0847718e+01 -1.0779789e+01 -1.0770901e+01 -1.0740230e+01 -1.0731239e+01 -2.6272738e-01 +2.5987132e-01 +7.8780670e-01 +1.3547541e+00 +1.7102833e+00 +1.7806050e+00 +2.9736634e+00 +3.3457524e+00 +3.7032291e+00 
-2.4002334e+01 -2.4000984e+01 -1.0855002e+01 -1.0842644e+01 -1.0781777e+01 -1.0769199e+01 -1.0744130e+01 -1.0731347e+01 -3.7922386e-01 +2.9824161e-01 +7.7989395e-01 +1.5401319e+00 +1.7365696e+00 +1.8265336e+00 +2.8612459e+00 +3.3481484e+00 +3.6726667e+00 
-2.4002645e+01 -2.4000815e+01 -1.0853378e+01 -1.0836827e+01 -1.0784045e+01 -1.0767272e+01 -1.0748572e+01 -1.0731469e+01 -4.9547934e-01 +3.4192431e-01 +7.7219418e-01 +1.7513423e+00 +1.7670087e+00 +1.8757161e+00 +2.7576041e+00 +3.3482584e+00 +3.6442996e+00 
-2.4002998e+01 -2.4000624e+01 -1.0851568e+01 -1.0830362e+01 -1.0786555e+01 -1.0765154e+01 -1.0753467e+01 -1.0731606e+01 -6.0999300e-01 +3.9210636e-01 +7.6456707e-01 +1.8013933e+00 +1.9283479e+00 +1.9916553e+00 +2.6700490e+00 +3.3455043e+00 +3.6195299e+00 
-2.4003390e+01 -2.4000415e+01 -1.0849602e+01 -1.0823359e+01 -1.0789264e+01 -1.0762881e+01 -1.0758725e+01 -1.0731752e+01 -7.2154788e-01 +4.5056829e-01 +7.5662375e-01 +1.8395285e+00 +1.9852012e+00 +2.2575700e+00 +2.6032971e+00 +3.3391509e+00 +3.5987069e+00 
-2.4003815e+01 -2.4000191e+01 -1.0847509e+01 -1.0815949e+01 -1.0792129e+01 -1.0764256e+01 -1.0760487e+01 -1.0731905e+01 -8.2909326e-01 +5.1945546e-01 +7.4785542e-01 +1.8812228e+00 +2.0473251e+00 +2.5231547e+00 +2.5602264e+00 +3.3262620e+00 +3.5811182e+00 
-2.4004269e+01 -2.3999957e+01 -1.0845321e+01 -1.0808279e+01 -1.0795103e+01 -1.0769975e+01 -1.0758005e+01 -1.0732059e+01 -9.3179540e-01 +6.0111881e-01 +7.3784089e-01 +1.9262689e+00 +2.1157821e+00 +2.5430420e+00 +2.7198636e+00 +3.2973840e+00 +3.5113518e+00 
-2.4004741e+01 -2.3999715e+01 -1.0843073e+01 -1.0800496e+01 -1.0798137e+01 -1.0775794e+01 -1.0755467e+01 -1.0732209e+01 -1.0292037e+00 +6.9804017e-01 +7.2658955e-01 +1.9744134e+00 +2.1914252e+00 +2.5545483e+00 +2.7623148e+00 +3.2507889e+00 +3.3643896e+00 
-2.4005220e+01 -2.3999472e+01 -1.0840800e+01 -1.0801184e+01 -1.0792723e+01 -1.0781626e+01 -1.0752902e+01 -1.0732351e+01 -1.1213232e+00 +7.1511551e-01 +8.1282166e-01 +2.0253210e+00 +2.2746791e+00 +2.5995325e+00 +2.6516528e+00 +3.2156339e+00 +3.2273012e+00 
-2.4005695e+01 -2.3999231e+01 -1.0838535e+01 -1.0804197e+01 -1.0787386e+01 -1.0785046e+01 -1.0750345e+01 -1.0732480e+01 -1.2083299e+00 +7.0638571e-01 +9.4818397e-01 +2.0785341e+00 +2.3652923e+00 +2.4973080e+00 +2.6864422e+00 +3.1019901e+00 +3.1959981e+00 
-2.4006157e+01 -2.3998998e+01 -1.0836315e+01 -1.0807129e+01 -1.0792985e+01 -1.0777530e+01 -1.0747830e+01 -1.0732594e+01 -1.2900986e+00 +7.0683207e-01 +1.1067908e+00 +2.1334357e+00 +2.3818583e+00 +2.4620529e+00 +2.8295163e+00 +2.9896723e+00 +3.1824332e+00 
-2.4006596e+01 -2.3998779e+01 -1.0834173e+01 -1.0809937e+01 -1.0798337e+01 -1.0770249e+01 -1.0745393e+01 -1.0732693e+01 -1.3660585e+00 +7.2860400e-01 +1.2904541e+00 +2.1892180e+00 +2.3245347e+00 +2.5625169e+00 +2.8908732e+00 +3.0509035e+00 +3.1731306e+00 
-2.4007007e+01 -2.3998582e+01 -1.0832141e+01 -1.0812577e+01 -1.0803356e+01 -1.0763303e+01 -1.0743073e+01 -1.0732775e+01 -1.4354351e+00 +7.9237091e-01 +1.4982828e+00 +2.2448664e+00 +2.3152179e+00 +2.6628780e+00 +2.8055250e+00 +3.1693924e+00 +3.3792336e+00 
-2.4007385e+01 -2.3998413e+01 -1.0830254e+01 -1.0815012e+01 -1.0807959e+01 -1.0756809e+01 -1.0740910e+01 -1.0732842e+01 -1.4975215e+00 +9.2878958e-01 +1.7247722e+00 +2.2991616e+00 +2.3369818e+00 +2.7331205e+00 +2.7581960e+00 +3.1730567e+00 +3.4115449e+00 
-2.4007722e+01 -2.3998283e+01 -1.0828545e+01 -1.0817204e+01 -1.0812066e+01 -1.0750891e+01 -1.0738943e+01 -1.0732896e+01 -1.5517924e+00 +1.1719148e+00 +1.9609106e+00 +2.3507071e+00 +2.3744210e+00 +2.6728796e+00 +2.8431886e+00 +3.1855403e+00 +3.3887020e+00 
-2.4008015e+01 -2.3998204e+01 -1.0827055e+01 -1.0819121e+01 -1.0815608e+01 -1.0745666e+01 -1.0737210e+01 -1.0732938e+01 -1.5979075e+00 +1.5331641e+00 +2.1983702e+00 +2.3979825e+00 +2.4158072e+00 +2.6238984e+00 +2.9135343e+00 +3.2070242e+00 +3.3688133e+00 
-2.4008258e+01 -2.3998183e+01 -1.0825823e+01 -1.0820733e+01 -1.0818532e+01 -1.0741238e+01 -1.0735743e+01 -1.0732970e+01 -1.6356770e+00 +1.9670109e+00 +2.4311487e+00 +2.4394247e+00 +2.4534181e+00 +2.5852681e+00 +2.9671330e+00 +3.2356552e+00 +3.3523941e+00 
-2.4008449e+01 -2.3998221e+01 -1.0824876e+01 -1.0822015e+01 -1.0820806e+01 -1.0737699e+01 -1.0734570e+01 -1.0732994e+01 -1.6650229e+00 +2.3886371e+00 +2.4735285e+00 +2.4832323e+00 +2.5561605e+00 +2.6521918e+00 +3.0045091e+00 +3.2672655e+00 +3.3396639e+00 
-2.4008586e+01 -2.3998297e+01 -1.0824216e+01 -1.0822946e+01 -1.0822420e+01 -1.0735118e+01 -1.0733716e+01 -1.0733010e+01 -1.6859413e+00 +2.4989604e+00 +2.5040222e+00 +2.5358864e+00 +2.7333794e+00 +2.8475143e+00 +3.0280613e+00 +3.2960856e+00 +3.3306504e+00 
-2.4008668e+01 -2.3998372e+01 -1.0823828e+01 -1.0823511e+01 -1.0823382e+01 -1.0733549e+01 -1.0733197e+01 -1.0733019e+01 -1.6984666e+00 +2.5146697e+00 +2.5160635e+00 +2.5239325e+00 +2.9628672e+00 +2.9904500e+00 +3.0407018e+00 +3.3162654e+00 +3.3252910e+00 
-2.4008696e+01 -2.3998403e+01 -1.0823700e+01 -1.0823700e+01 -1.0823700e+01 -1.0733022e+01 -1.0733022e+01 -1.0733022e+01 -1.7026363e+00 +2.5199833e+00 +2.5199834e+00 +2.5199834e+00 +3.0446451e+00 +3.0446451e+00 +3.0446451e+00 +3.3235143e+00 +3.3235143e+00 
-2.4008669e+01 -2.3998373e+01 -1.0823722e+01 -1.0823722e+01 -1.0823286e+01 -1.0733593e+01 -1.0733077e+01 -1.0733077e+01 -1.6985684e+00 +2.5152357e+00 +2.5152357e+00 +2.5243085e+00 +2.9900258e+00 +2.9900258e+00 +3.0160477e+00 +3.3208564e+00 +3.3208565e+00 
-2.4008589e+01 -2.3998303e+01 -1.0823788e+01 -1.0823788e+01 -1.0822039e+01 -1.0735292e+01 -1.0733242e+01 -1.0733242e+01 -1.6863482e+00 +2.5008606e+00 +2.5008606e+00 +2.5374418e+00 +2.8349840e+00 +2.8349840e+00 +2.9347980e+00 +3.3137862e+00 +3.3137863e+00 
-2.4008456e+01 -2.3998235e+01 -1.0823905e+01 -1.0823905e+01 -1.0819954e+01 -1.0738073e+01 -1.0733517e+01 -1.0733517e+01 -1.6659378e+00 +2.4766197e+00 +2.4766197e+00 +2.5598575e+00 +2.5978386e+00 +2.5978386e+00 +2.8113645e+00 +3.3047263e+00 +3.3047263e+00 
-2.4008271e+01 -2.3998201e+01 -1.0824079e+01 -1.0824079e+01 -1.0817050e+01 -1.0741866e+01 -1.0733904e+01 -1.0733904e+01 -1.6373064e+00 +2.2957347e+00 +2.2957347e+00 +2.4425762e+00 +2.4425762e+00 +2.5923547e+00 +2.6575154e+00 +3.2968537e+00 +3.2968537e+00 
-2.4008035e+01 -2.3998218e+01 -1.0824315e+01 -1.0824315e+01 -1.0813374e+01 -1.0746574e+01 -1.0734403e+01 -1.0734403e+01 -1.6004616e+00 +1.9495099e+00 +1.9495099e+00 +2.3995464e+00 +2.3995464e+00 +2.4848129e+00 +2.6360953e+00 +3.2931446e+00 +3.2931446e+00 
-2.4007752e+01 -2.3998285e+01 -1.0824604e+01 -1.0824604e+01 -1.0809007e+01 -1.0752079e+01 -1.0735015e+01 -1.0735015e+01 -1.5554747e+00 +1.5992714e+00 +1.5992714e+00 +2.3044291e+00 +2.3492985e+00 +2.3492985e+00 +2.6926900e+00 +3.2956113e+00 +3.2956113e+00 
-2.4007426e+01 -2.3998396e+01 -1.0824921e+01 -1.0824921e+01 -1.0804056e+01 -1.0758244e+01 -1.0735739e+01 -1.0735739e+01 -1.5024959e+00 +1.2986815e+00 +1.2986815e+00 +2.1262495e+00 +2.2943070e+00 +2.2943070e+00 +2.7643505e+00 +3.3049819e+00 +3.3049819e+00 
-2.4007061e+01 -2.3998542e+01 -1.0825238e+01 -1.0825238e+01 -1.0798645e+01 -1.0764921e+01 -1.0736574e+01 -1.0736574e+01 -1.4417594e+00 +1.0812213e+00 +1.0812213e+00 +1.9576743e+00 +2.2371317e+00 +2.2371317e+00 +2.8541038e+00 +3.3207932e+00 +3.3207932e+00 
-2.4006662e+01 -2.3998714e+01 -1.0825527e+01 -1.0825527e+01 -1.0792911e+01 -1.0771954e+01 -1.0737521e+01 -1.0737521e+01 -1.3735818e+00 +9.4594769e-01 +9.4594769e-01 +1.8031809e+00 +2.1796797e+00 +2.1796798e+00 +2.9660140e+00 +3.3417044e+00 +3.3417044e+00 
-2.4006236e+01 -2.3998904e+01 -1.0825764e+01 -1.0825764e+01 -1.0786999e+01 -1.0779180e+01 -1.0738581e+01 -1.0738581e+01 -1.2983531e+00 +8.7304291e-01 +8.7304291e-01 +1.6648239e+00 +2.1226386e+00 +2.1226386e+00 +3.1052268e+00 +3.3659057e+00 +3.3659057e+00 
-2.4005787e+01 -2.3999106e+01 -1.0825928e+01 -1.0825928e+01 -1.0786444e+01 -1.0781060e+01 -1.0739763e+01 -1.0739763e+01 -1.2165167e+00 +8.4054214e-01 +8.4054214e-01 +1.5431264e+00 +2.0653320e+00 +2.0653320e+00 +3.2774223e+00 +3.3061667e+00 +3.3061667e+00 
-2.4005322e+01 -2.3999312e+01 -1.0825998e+01 -1.0825998e+01 -1.0793597e+01 -1.0775243e+01 -1.0741078e+01 -1.0741078e+01 -1.1285329e+00 +8.3129245e-01 +8.3129245e-01 +1.4378295e+00 +2.0061691e+00 +2.0061692e+00 +3.2430072e+00 +3.2430072e+00 +3.4176630e+00 
-2.4004850e+01 -2.3999519e+01 -1.0825954e+01 -1.0825954e+01 -1.0800503e+01 -1.0769694e+01 -1.0742545e+01 -1.0742545e+01 -1.0348234e+00 +8.3384564e-01 +8.3384564e-01 +1.3482813e+00 +1.9436047e+00 +1.9436047e+00 +3.2128177e+00 +3.2128177e+00 +3.4438722e+00 
-2.4004382e+01 -2.3999722e+01 -1.0825776e+01 -1.0825776e+01 -1.0807040e+01 -1.0764553e+01 -1.0744180e+01 -1.0744180e+01 -9.3571930e-01 +8.4133584e-01 +8.4133585e-01 +1.2734753e+00 +1.8771491e+00 +1.8771491e+00 +3.2091448e+00 +3.2091448e+00 +3.4710618e+00 
-2.4003927e+01 -2.3999917e+01 -1.0825448e+01 -1.0825448e+01 -1.0813092e+01 -1.0759950e+01 -1.0745996e+01 -1.0745996e+01 -8.3145616e-01 +8.5009047e-01 +8.5009047e-01 +1.2118607e+00 +1.8078058e+00 +1.8078058e+00 +3.2267099e+00 +3.2267099e+00 +3.5004875e+00 
-2.4003494e+01 -2.4000100e+01 -1.0824952e+01 -1.0824952e+01 -1.0818543e+01 -1.0756003e+01 -1.0748001e+01 -1.0748001e+01 -7.2224123e-01 +8.5847620e-01 +8.5847620e-01 +1.1611361e+00 +1.7376802e+00 +1.7376802e+00 +3.2610355e+00 +3.2610355e+00 +3.5331540e+00 
-2.4003091e+01 -2.4000268e+01 -1.0824272e+01 -1.0824272e+01 -1.0823278e+01 -1.0752813e+01 -1.0750196e+01 -1.0750196e+01 -6.0834832e-01 +8.6605327e-01 +8.6605327e-01 +1.1183349e+00 +1.6691009e+00 +1.6691009e+00 +3.3082821e+00 +3.3082821e+00 +3.5693921e+00 
-2.4002720e+01 -2.4000417e+01 -1.0827188e+01 -1.0823397e+01 -1.0823397e+01 -1.0752576e+01 -1.0752576e+01 -1.0750463e+01 -4.9017183e-01 +8.7299815e-01 +8.7299815e-01 +1.0804777e+00 +1.6038320e+00 +1.6038320e+00 +3.3651778e+00 +3.3651778e+00 +3.6088330e+00 
-2.4002384e+01 -2.4000543e+01 -1.0830186e+01 -1.0822317e+01 -1.0822317e+01 -1.0755133e+01 -1.0755133e+01 -1.0749013e+01 -3.6822311e-01 +8.7973355e-01 +8.7973355e-01 +1.0456624e+00 +1.5427124e+00 +1.5427124e+00 +3.4289702e+00 +3.4289702e+00 +3.6506404e+00 
-2.4002083e+01 -2.4000644e+01 -1.0832203e+01 -1.0821023e+01 -1.0821023e+01 -1.0757855e+01 -1.0757855e+01 -1.0748499e+01 -2.4310178e-01 +8.8670828e-01 +8.8670828e-01 +1.0138964e+00 +1.4857225e+00 +1.4857225e+00 +3.4973677e+00 +3.4973677e+00 +3.6938195e+00 
-2.4001817e+01 -2.4000721e+01 -1.0833197e+01 -1.0819511e+01 -1.0819511e+01 -1.0760730e+01 -1.0760730e+01 -1.0748932e+01 -1.1547288e-01 +8.9428076e-01 +8.9428076e-01 +9.8698732e-01 +1.4322982e+00 +1.4322982e+00 +3.5684561e+00 +3.5684561e+00 +3.6136697e+00 
-2.4001586e+01 -2.4000776e+01 -1.0833150e+01 -1.0817781e+01 -1.0817781e+01 -1.0763742e+01 -1.0763742e+01 -1.0750298e+01 +1.3942329e-02 +9.0267456e-01 +9.0267457e-01 +9.6758487e-01 +1.3817024e+00 +1.3817024e+00 +3.4066423e+00 +3.4871483e+00 +3.6405845e+00 
-2.4001389e+01 -2.4000812e+01 -1.0832065e+01 -1.0815835e+01 -1.0815835e+01 -1.0766874e+01 -1.0766874e+01 -1.0752559e+01 +1.4436441e-01 +9.1198605e-01 +9.1198605e-01 +9.5808604e-01 +1.3333234e+00 +1.3333234e+00 +3.2174950e+00 +3.2740968e+00 +3.7122234e+00 
-2.4001225e+01 -2.4000833e+01 -1.0829968e+01 -1.0813679e+01 -1.0813679e+01 -1.0770107e+01 -1.0770107e+01 -1.0755658e+01 +2.7494107e-01 +9.2223092e-01 +9.2223093e-01 +9.5990904e-01 +1.2868393e+00 +1.2868393e+00 +3.0473251e+00 +3.0820478e+00 +3.7818085e+00 
-2.4001092e+01 -2.4000842e+01 -1.0826906e+01 -1.0811321e+01 -1.0811321e+01 -1.0773420e+01 -1.0773420e+01 -1.0759522e+01 +4.0470226e-01 +9.3341631e-01 +9.3341631e-01 +9.7310367e-01 +1.2422514e+00 +1.2422514e+00 +2.8935320e+00 +2.9094258e+00 +3.8476057e+00 
-2.4000989e+01 -2.4000842e+01 -1.0822946e+01 -1.0808773e+01 -1.0808773e+01 -1.0776794e+01 -1.0776794e+01 -1.0764065e+01 +5.3244143e-01 +9.4561920e-01 +9.4561920e-01 +9.9601161e-01 +1.1998210e+00 +1.1998210e+00 +2.7534604e+00 +2.7558275e+00 +3.9076539e+00 
-2.4000913e+01 -2.4000837e+01 -1.0818176e+01 -1.0806050e+01 -1.0806050e+01 -1.0780204e+01 -1.0780204e+01 -1.0769197e+01 +6.5644649e-01 +9.5904726e-01 +9.5904727e-01 +1.0247687e+00 +1.1599600e+00 +1.1599600e+00 +2.6219443e+00 +2.6264113e+00 +3.9598438e+00 
-2.4000861e+01 -2.4000828e+01 -1.0812711e+01 -1.0803167e+01 -1.0803167e+01 -1.0783628e+01 -1.0783628e+01 -1.0774826e+01 +7.7399565e-01 +9.7405963e-01 +9.7405963e-01 +1.0527200e+00 +1.1231123e+00 +1.1231123e+00 +2.5096970e+00 +2.5149180e+00 +4.0021502e+00 
-2.4000828e+01 -2.4000819e+01 -1.0806697e+01 -1.0800143e+01 -1.0800143e+01 -1.0787043e+01 -1.0787043e+01 -1.0780864e+01 +8.8064706e-01 +9.9113755e-01 +9.9113756e-01 +1.0703128e+00 +1.0896499e+00 +1.0896499e+00 +2.4225938e+00 +2.4252884e+00 +4.0329624e+00 
-2.4000812e+01 -2.4000811e+01 -1.0800310e+01 -1.0796997e+01 -1.0796997e+01 -1.0790425e+01 -1.0790425e+01 -1.0787213e+01 +9.6977631e-01 +1.0108130e+00 +1.0108130e+00 +1.0597958e+00 +1.0597958e+00 +1.0666591e+00 +2.3659538e+00 +2.3664144e+00 +4.0513853e+00 
-2.4000808e+01 -2.4000808e+01 -1.0793750e+01 -1.0793750e+01 -1.0793750e+01 -1.0793750e+01 -1.0793750e+01 -1.0793750e+01 +1.0335772e+00 +1.0335772e+00 +1.0335772e+00 +1.0335772e+00 +1.0335772e+00 +1.0335772e+00 +2.3459454e+00 +2.3459454e+00 +4.0573903e+00 
-2.4000812e+01 -2.4000812e+01 -1.0799500e+01 -1.0799500e+01 -1.0793685e+01 -1.0793685e+01 -1.0787997e+01 -1.0787997e+01 +9.8310481e-01 +9.8310481e-01 +1.0349583e+00 +1.0349583e+00 +1.0704935e+00 +1.0704935e+00 +2.3666713e+00 +2.3666713e+00 +4.0496694e+00 
-2.4000824e+01 -2.4000824e+01 -1.0805135e+01 -1.0805135e+01 -1.0793488e+01 -1.0793488e+01 -1.0782335e+01 -1.0782335e+01 +9.1659578e-01 +9.1659578e-01 +1.0390221e+00 +1.0390221e+00 +1.0999225e+00 +1.0999225e+00 +2.4256212e+00 +2.4256212e+00 +4.0270144e+00 
-2.4000845e+01 -2.4000845e+01 -1.0810539e+01 -1.0810539e+01 -1.0793164e+01 -1.0793164e+01 -1.0776840e+01 -1.0776840e+01 +8.3637056e-01 +8.3637056e-01 +1.0455560e+00 +1.0455560e+00 +1.1279305e+00 +1.1279305e+00 +2.5152868e+00 +2.5152868e+00 +3.9908095e+00 
-2.4000876e+01 -2.4000876e+01 -1.0815610e+01 -1.0815610e+01 -1.0792718e+01 -1.0792718e+01 -1.0771577e+01 -1.0771577e+01 +7.4708217e-01 +7.4708217e-01 +1.0542859e+00 +1.0542859e+00 +1.1587826e+00 +1.1587826e+00 +2.6276385e+00 +2.6276385e+00 +3.9429589e+00 
-2.4000917e+01 -2.4000917e+01 -1.0820259e+01 -1.0820259e+01 -1.0792155e+01 -1.0792155e+01 -1.0766613e+01 -1.0766613e+01 +6.5305617e-01 +6.5305617e-01 +1.0649759e+00 +1.0649759e+00 +1.1951897e+00 +1.1951897e+00 +2.7558831e+00 +2.7558831e+00 +3.8854576e+00 
-2.4000968e+01 -2.4000968e+01 -1.0824416e+01 -1.0824416e+01 -1.0791485e+01 -1.0791485e+01 -1.0762013e+01 -1.0762013e+01 +5.5734075e-01 +5.5734075e-01 +1.0775281e+00 +1.0775281e+00 +1.2389724e+00 +1.2389724e+00 +2.8939474e+00 +2.8939474e+00 +3.8200408e+00 
-2.4001029e+01 -2.4001029e+01 -1.0828024e+01 -1.0828024e+01 -1.0790717e+01 -1.0790717e+01 -1.0757846e+01 -1.0757846e+01 +4.6186902e-01 +4.6186902e-01 +1.0920583e+00 +1.0920583e+00 +1.2914646e+00 +1.2914646e+00 +3.0348461e+00 +3.0348461e+00 +3.7480005e+00 
-2.4001098e+01 -2.4001098e+01 -1.0831036e+01 -1.0831036e+01 -1.0789863e+01 -1.0789863e+01 -1.0754179e+01 -1.0754179e+01 +3.6788770e-01 +3.6788770e-01 +1.1089293e+00 +1.1089293e+00 +1.3536365e+00 +1.3536365e+00 +3.1689777e+00 +3.1689777e+00 +3.6701864e+00 
-2.4001176e+01 -2.4001176e+01 -1.0833414e+01 -1.0833414e+01 -1.0788936e+01 -1.0788936e+01 -1.0751071e+01 -1.0751071e+01 +2.7628736e-01 +2.7628736e-01 +1.1287377e+00 +1.1287377e+00 +1.4260142e+00 +1.4260142e+00 +3.2840762e+00 +3.2840762e+00 +3.5871416e+00 
-2.4001260e+01 -2.4001260e+01 -1.0835130e+01 -1.0835130e+01 -1.0787950e+01 -1.0787950e+01 -1.0748574e+01 -1.0748574e+01 +1.8777847e-01 +1.8777847e-01 +1.1522668e+00 +1.1522668e+00 +1.5084215e+00 +1.5084215e+00 +3.3698261e+00 +3.3698261e+00 +3.4993006e+00 
-2.4001351e+01 -2.4001351e+01 -1.0836165e+01 -1.0836165e+01 -1.0786920e+01 -1.0786920e+01 -1.0746731e+01 -1.0746731e+01 +1.0296206e-01 +1.0296206e-01 +1.1804230e+00 +1.1804230e+00 +1.5995574e+00 +1.5995574e+00 +3.4071782e+00 +3.4071782e+00 +3.4253969e+00 
-2.4001446e+01 -2.4001446e+01 -1.0836507e+01 -1.0836507e+01 -1.0785862e+01 -1.0785862e+01 -1.0745570e+01 -1.0745570e+01 +2.2354359e-02 +2.2354359e-02 +1.2141749e+00 +1.2141749e+00 +1.6965275e+00 +1.6965275e+00 +3.3115053e+00 +3.3115053e+00 +3.4590653e+00 
-2.4001545e+01 -2.4001545e+01 -1.0836156e+01 -1.0836156e+01 -1.0784795e+01 -1.0784795e+01 -1.0745107e+01 -1.0745107e+01 -5.3595063e-02 -5.3595063e-02 +1.2545109e+00 +1.2545109e+00 +1.7946932e+00 +1.7946932e+00 +3.2133008e+00 +3.2133008e+00 +3.4798940e+00 
-2.4001644e+01 -2.4001644e+01 -1.0835120e+01 -1.0835120e+01 -1.0783734e+01 -1.0783734e+01 -1.0745346e+01 -1.0745346e+01 -1.2447844e-01 -1.2447844e-01 +1.3024255e+00 +1.3024255e+00 +1.8884209e+00 +1.8884209e+00 +3.1138883e+00 +3.1138883e+00 +3.4930160e+00 
-2.4001742e+01 -2.4001742e+01 -1.0833418e+01 -1.0833418e+01 -1.0782698e+01 -1.0782698e+01 -1.0746277e+01 -1.0746277e+01 -1.8990682e-01 -1.8990682e-01 +1.3589395e+00 +1.3589395e+00 +1.9729201e+00 +1.9729201e+00 +3.0148791e+00 +3.0148791e+00 +3.5003696e+00 
-2.4001838e+01 -2.4001838e+01 -1.0831082e+01 -1.0831082e+01 -1.0781705e+01 -1.0781705e+01 -1.0747879e+01 -1.0747879e+01 -2.4950744e-01 -2.4950744e-01 +1.4251544e+00 +1.4251544e+00 +2.0461684e+00 +2.0461684e+00 +2.9181346e+00 +2.9181346e+00 +3.5029854e+00 
-2.4001931e+01 -2.4001931e+01 -1.0828157e+01 -1.0828157e+01 -1.0780771e+01 -1.0780771e+01 -1.0750118e+01 -1.0750118e+01 -3.0295047e-01 -3.0295047e-01 +1.5023287e+00 +1.5023287e+00 +2.1092803e+00 +2.1092803e+00 +2.8257097e+00 +2.8257097e+00 +3.5022747e+00 
-2.4002018e+01 -2.4002018e+01 -1.0824703e+01 -1.0824703e+01 -1.0779912e+01 -1.0779912e+01 -1.0752945e+01 -1.0752945e+01 -3.4999108e-01 -3.4999108e-01 +1.5919275e+00 +1.5919275e+00 +2.1649946e+00 +2.1649946e+00 +2.7397629e+00 +2.7397629e+00 +3.4998071e+00 
-2.4002100e+01 -2.4002100e+01 -1.0820797e+01 -1.0820797e+01 -1.0779145e+01 -1.0779145e+01 -1.0756295e+01 -1.0756295e+01 -3.9050056e-01 -3.9050056e-01 +1.6955152e+00 +1.6955152e+00 +2.2157065e+00 +2.2157065e+00 +2.6624059e+00 +2.6624059e+00 +3.4963789e+00 
-2.4002174e+01 -2.4002174e+01 -1.0816536e+01 -1.0816536e+01 -1.0778484e+01 -1.0778484e+01 -1.0760079e+01 -1.0760079e+01 -4.2446937e-01 -4.2446937e-01 +1.8141850e+00 +1.8141850e+00 +2.2624209e+00 +2.2624209e+00 +2.5954654e+00 +2.5954654e+00 +3.4907415e+00 
-2.4002239e+01 -2.4002239e+01 -1.0812048e+01 -1.0812048e+01 -1.0777939e+01 -1.0777939e+01 -1.0764175e+01 -1.0764175e+01 -4.5198221e-01 -4.5198221e-01 +1.9470022e+00 +1.9470022e+00 +2.3047641e+00 +2.3047641e+00 +2.5401481e+00 +2.5401481e+00 +3.4756153e+00 
-2.4002292e+01 -2.4002292e+01 -1.0807517e+01 -1.0807517e+01 -1.0777520e+01 -1.0777520e+01 -1.0768401e+01 -1.0768401e+01 -4.7317613e-01 -4.7317613e-01 +2.0880287e+00 +2.0880287e+00 +2.3414200e+00 +2.3414200e+00 +2.4966072e+00 +2.4966072e+00 +3.4278767e+00 
-2.4002331e+01 -2.4002331e+01 -1.0803260e+01 -1.0803260e+01 -1.0777228e+01 -1.0777228e+01 -1.0772441e+01 -1.0772441e+01 -4.8819579e-01 -4.8819579e-01 +2.2230264e+00 +2.2230264e+00 +2.3704399e+00 +2.3704399e+00 +2.4632596e+00 +2.4632596e+00 +3.3522689e+00 
-2.4002355e+01 -2.4002355e+01 -1.0799898e+01 -1.0799898e+01 -1.0777058e+01 -1.0777058e+01 -1.0775674e+01 -1.0775674e+01 -4.9715888e-01 -4.9715888e-01 +2.3310050e+00 +2.3310050e+00 +2.3894225e+00 +2.3894225e+00 +2.4349715e+00 +2.4349715e+00 +3.2939591e+00 
-2.4002363e+01 -2.4002363e+01 -1.0798527e+01 -1.0798527e+01 -1.0777002e+01 -1.0777002e+01 -1.0777002e+01 -1.0777002e+01 -5.0013849e-01 -5.0013849e-01 +2.3960825e+00 +2.3960825e+00 +2.3960825e+00 +2.3960825e+00 +2.4004392e+00 +2.4004392e+00 +3.2729337e+00 
-2.4001449e+01 -2.4001449e+01 -1.0859767e+01 -1.0859767e+01 -1.0775027e+01 -1.0775027e+01 -1.0730987e+01 -1.0730987e+01 +1.5864211e-01 +1.5864211e-01 +8.1512365e-01 +8.1512365e-01 +1.6483573e+00 +1.6483573e+00 +3.3297667e+00 +3.3297667e+00 +3.8032354e+00 
-2.4001443e+01 -2.4001443e+01 -1.0859481e+01 -1.0859481e+01 -1.0775201e+01 -1.0775201e+01 -1.0731222e+01 -1.0731222e+01 +1.6160775e-01 +1.6160775e-01 +8.1534463e-01 +8.1534463e-01 +1.6531362e+00 +1.6531362e+00 +3.3245796e+00 +3.3245796e+00 +3.8049907e+00 
-2.4001426e+01 -2.4001426e+01 -1.0858628e+01 -1.0858628e+01 -1.0775718e+01 -1.0775718e+01 -1.0731930e+01 -1.0731930e+01 +1.7097341e-01 +1.7097341e-01 +8.1599616e-01 +8.1599616e-01 +1.6661382e+00 +1.6661382e+00 +3.3114196e+00 +3.3114196e+00 +3.8102346e+00 
-2.4001399e+01 -2.4001399e+01 -1.0857213e+01 -1.0857213e+01 -1.0776560e+01 -1.0776560e+01 -1.0733124e+01 -1.0733124e+01 +1.8783162e-01 +1.8783162e-01 +8.1705508e-01 +8.1705508e-01 +1.6833069e+00 +1.6833069e+00 +3.2956493e+00 +3.2956493e+00 +3.8188973e+00 
-2.4001362e+01 -2.4001362e+01 -1.0855251e+01 -1.0855251e+01 -1.0777700e+01 -1.0777700e+01 -1.0734818e+01 -1.0734818e+01 +2.1327679e-01 +2.1327679e-01 +8.1851716e-01 +8.1851716e-01 +1.6980732e+00 +1.6980732e+00 +3.2820027e+00 +3.2820027e+00 +3.8308511e+00 
-2.4001316e+01 -2.4001316e+01 -1.0852759e+01 -1.0852759e+01 -1.0779095e+01 -1.0779095e+01 -1.0737021e+01 -1.0737021e+01 +2.4798100e-01 +2.4798100e-01 +8.2044086e-01 +8.2044086e-01 +1.7025688e+00 +1.7025688e+00 +3.2721047e+00 +3.2721047e+00 +3.8458954e+00 
-2.4001263e+01 -2.4001263e+01 -1.0849760e+01 -1.0849760e+01 -1.0780692e+01 -1.0780692e+01 -1.0739728e+01 -1.0739728e+01 +2.9210417e-01 +2.9210417e-01 +8.2299282e-01 +8.2299282e-01 +1.6900606e+00 +1.6900606e+00 +3.2634198e+00 +3.2634198e+00 +3.8637385e+00 
-2.4001206e+01 -2.4001206e+01 -1.0846282e+01 -1.0846282e+01 -1.0782431e+01 -1.0782431e+01 -1.0742923e+01 -1.0742923e+01 +3.4538474e-01 +3.4538474e-01 +8.2648099e-01 +8.2648099e-01 +1.6575437e+00 +1.6575437e+00 +3.2482596e+00 +3.2482596e+00 +3.8839800e+00 
-2.4001146e+01 -2.4001146e+01 -1.0842355e+01 -1.0842355e+01 -1.0784242e+01 -1.0784242e+01 -1.0746579e+01 -1.0746579e+01 +4.0725528e-01 +4.0725528e-01 +8.3136255e-01 +8.3136255e-01 +1.6066971e+00 +1.6066971e+00 +3.2128723e+00 +3.2128723e+00 +3.9060971e+00 
-2.4001085e+01 -2.4001085e+01 -1.0838015e+01 -1.0838015e+01 -1.0786055e+01 -1.0786055e+01 -1.0750662e+01 -1.0750662e+01 +4.7692017e-01 +4.7692017e-01 +8.3822037e-01 +8.3822037e-01 +1.5425367e+00 +1.5425367e+00 +3.1423055e+00 +3.1423055e+00 +3.8537207e+00 
-2.4001026e+01 -2.4001026e+01 -1.0833302e+01 -1.0833302e+01 -1.0787796e+01 -1.0787796e+01 -1.0755134e+01 -1.0755134e+01 +5.5338039e-01 +5.5338039e-01 +8.4771179e-01 +8.4771179e-01 +1.4710279e+00 +1.4710279e+00 +3.0349841e+00 +3.0349841e+00 +3.8241535e+00 
-2.4000970e+01 -2.4000970e+01 -1.0828258e+01 -1.0828258e+01 -1.0789394e+01 -1.0789394e+01 -1.0759954e+01 -1.0759954e+01 +6.3537791e-01 +6.3537791e-01 +8.6050322e-01 +8.6050322e-01 +1.3972969e+00 +1.3972969e+00 +2.9055408e+00 +2.9055408e+00 +3.8375828e+00 
-2.4000921e+01 -2.4000921e+01 -1.0822929e+01 -1.0822929e+01 -1.0790788e+01 -1.0790788e+01 -1.0765082e+01 -1.0765082e+01 +7.2118262e-01 +7.2118262e-01 +8.7720782e-01 +8.7720782e-01 +1.3249683e+00 +1.3249683e+00 +2.7703928e+00 +2.7703928e+00 +3.8758216e+00 
-2.4000880e+01 -2.4000880e+01 -1.0817363e+01 -1.0817363e+01 -1.0791925e+01 -1.0791925e+01 -1.0770473e+01 -1.0770473e+01 +8.0809214e-01 +8.0809214e-01 +8.9834111e-01 +8.9834111e-01 +1.2562646e+00 +1.2562646e+00 +2.6408824e+00 +2.6408824e+00 +3.9251666e+00 
-2.4000848e+01 -2.4000848e+01 -1.0811610e+01 -1.0811610e+01 -1.0792776e+01 -1.0792776e+01 -1.0776083e+01 -1.0776083e+01 +8.9154240e-01 +8.9154240e-01 +9.2430146e-01 +9.2430146e-01 +1.1923824e+00 +1.1923824e+00 +2.5251348e+00 +2.5251348e+00 +3.9754329e+00 
-2.4000825e+01 -2.4000825e+01 -1.0805722e+01 -1.0805722e+01 -1.0793342e+01 -1.0793342e+01 -1.0781865e+01 -1.0781865e+01 +9.5537469e-01 +9.5537469e-01 +9.6403608e-01 +9.6403608e-01 +1.1338734e+00 +1.1338734e+00 +2.4311220e+00 +2.4311220e+00 +4.0183559e+00 
-2.4000812e+01 -2.4000812e+01 -1.0799752e+01 -1.0799752e+01 -1.0793653e+01 -1.0793653e+01 -1.0787771e+01 -1.0787771e+01 +9.9175576e-01 +9.9175576e-01 +1.0149826e+00 +1.0149826e+00 +1.0809315e+00 +1.0809315e+00 +2.3682841e+00 +2.3682841e+00 +4.0472140e+00 
-2.4000808e+01 -2.4000808e+01 -1.0793750e+01 -1.0793750e+01 -1.0793750e+01 -1.0793750e+01 -1.0793750e+01 -1.0793750e+01 +1.0335772e+00 +1.0335772e+00 +1.0335772e+00 +1.0335772e+00 +1.0335772e+00 +1.0335772e+00 +2.3459454e+00 +2.3459454e+00 +4.0573903e+00 
