# num high symmetry points
8
# label high symmetry points
G X M G R X M R 
# indices high symmetry points
1 34 67 113 170 216 217 250 
# nk, nb, ns
250 16 1
# k-points (frac coords)
+0.0000000e+00 +0.0000000e+00 +0.0000000e+00 
+0.0000000e+00 +1.5151515e-02 +0.0000000e+00 
+0.0000000e+00 +3.0303030e-02 +0.0000000e+00 
+0.0000000e+00 +4.5454545e-02 +0.0000000e+00 
+0.0000000e+00 +6.0606061e-02 +0.0000000e+00 
+0.0000000e+00 +7.5757576e-02 +0.0000000e+00 
+0.0000000e+00 +9.0909091e-02 +0.0000000e+00 
+0.0000000e+00 +1.0606061e-01 +0.0000000e+00 
+0.0000000e+00 +1.2121212e-01 +0.0000000e+00 
+0.0000000e+00 +1.3636364e-01 +0.0000000e+00 
+0.0000000e+00 +1.5151515e-01 +0.0000000e+00 
+0.0000000e+00 +1.6666667e-01 +0.0000000e+00 
+0.0000000e+00 +1.8181818e-01 +0.0000000e+00 
+0.0000000e+00 +1.9696970e-01 +0.0000000e+00 
+0.0000000e+00 +2.1212121e-01 +0.0000000e+00 
+0.0000000e+00 +2.2727273e-01 +0.0000000e+00 
+0.0000000e+00 +2.4242424e-01 +0.0000000e+00 
+0.0000000e+00 +2.5757576e-01 +0.0000000e+00 
+0.0000000e+00 +2.7272727e-01 +0.0000000e+00 
+0.0000000e+00 +2.8787879e-01 +0.0000000e+00 
+0.0000000e+00 +3.0303030e-01 +0.0000000e+00 
+0.0000000e+00 +3.1818182e-01 +0.0000000e+00 
+0.0000000e+00 +3.3333333e-01 +0.0000000e+00 
+0.0000000e+00 +3.4848485e-01 +0.0000000e+00 
+0.0000000e+00 +3.6363636e-01 +0.0000000e+00 
+0.0000000e+00 +3.7878788e-01 +0.0000000e+00 
+0.0000000e+00 +3.9393939e-01 +0.0000000e+00 
+0.0000000e+00 +4.0909091e-01 +0.0000000e+00 
+0.0000000e+00 +4.2424242e-01 +0.0000000e+00 
+0.0000000e+00 +4.3939394e-01 +0.0000000e+00 
+0.0000000e+00 +4.5454545e-01 +0.0000000e+00 
+0.0000000e+00 +4.6969697e-01 +0.0000000e+00 
+0.0000000e+00 +4.8484848e-01 +0.0000000e+00 
+0.0000000e+00 +5.0000000e-01 +0.0000000e+00 
+1.5151515e-02 +5.0000000e-01 +0.0000000e+00 
+3.0303030e-02 +5.0000000e-01 +0.0000000e+00 
+4.5454545e-02 +5.0000000e-01 +0.0000000e+00 
+6.0606061e-02 +5.0000000e-01 +0.0000000e+00 
+7.5757576e-02 +5.0000000e-01 +0.0000000e+00 
+9.0909091e-02 +5.0000000e-01 +0.0000000e+00 
+1.0606061e-01 +5.0000000e-01 +0.0000000e+00 
+1.2121212e-01 +5.0000000e-01 +0.0000000e+00 
+1.3636364e-01 +5.0000000e-01 +0.0000000e+00 
+1.5151515e-01 +5.0000000e-01 +0.0000000e+00 
+1.6666667e-01 +5.0000000e-01 +0.0000000e+00 
+1.8181818e-01 +5.0000000e-01 +0.0000000e+00 
+1.9696970e-01 +5.0000000e-01 +0.0000000e+00 
+2.1212121e-01 +5.0000000e-01 +0.0000000e+00 
+2.2727273e-01 +5.0000000e-01 +0.0000000e+00 
+2.4242424e-01 +5.0000000e-01 +0.0000000e+00 
+2.5757576e-01 +5.0000000e-01 +0.0000000e+00 
+2.7272727e-01 +5.0000000e-01 +0.0000000e+00 
+2.8787879e-01 +5.0000000e-01 +0.0000000e+00 
+3.0303030e-01 +5.0000000e-01 +0.0000000e+00 
+3.1818182e-01 +5.0000000e-01 +0.0000000e+00 
+3.3333333e-01 +5.0000000e-01 +0.0000000e+00 
+3.4848485e-01 +5.0000000e-01 +0.0000000e+00 
+3.6363636e-01 +5.0000000e-01 +0.0000000e+00 
+3.7878788e-01 +5.0000000e-01 +0.0000000e+00 
+3.9393939e-01 +5.0000000e-01 +0.0000000e+00 
+4.0909091e-01 +5.0000000e-01 +0.0000000e+00 
+4.2424242e-01 +5.0000000e-01 +0.0000000e+00 
+4.3939394e-01 +5.0000000e-01 +0.0000000e+00 
+4.5454545e-01 +5.0000000e-01 +0.0000000e+00 
+4.6969697e-01 +5.0000000e-01 +0.0000000e+00 
+4.8484848e-01 +5.0000000e-01 +0.0000000e+00 
+5.0000000e-01 +5.0000000e-01 +0.0000000e+00 
+4.8913043e-01 +4.8913043e-01 +0.0000000e+00 
+4.7826087e-01 +4.7826087e-01 +0.0000000e+00 
+4.6739130e-01 +4.6739130e-01 +0.0000000e+00 
+4.5652174e-01 +4.5652174e-01 +0.0000000e+00 
+4.4565217e-01 +4.4565217e-01 +0.0000000e+00 
+4.3478261e-01 +4.3478261e-01 +0.0000000e+00 
+4.2391304e-01 +4.2391304e-01 +0.0000000e+00 
+4.1304348e-01 +4.1304348e-01 +0.0000000e+00 
+4.0217391e-01 +4.0217391e-01 +0.0000000e+00 
+3.9130435e-01 +3.9130435e-01 +0.0000000e+00 
+3.8043478e-01 +3.8043478e-01 +0.0000000e+00 
+3.6956522e-01 +3.6956522e-01 +0.0000000e+00 
+3.5869565e-01 +3.5869565e-01 +0.0000000e+00 
+3.4782609e-01 +3.4782609e-01 +0.0000000e+00 
+3.3695652e-01 +3.3695652e-01 +0.0000000e+00 
+3.2608696e-01 +3.2608696e-01 +0.0000000e+00 
+3.1521739e-01 +3.1521739e-01 +0.0000000e+00 
+3.0434783e-01 +3.0434783e-01 +0.0000000e+00 
+2.9347826e-01 +2.9347826e-01 +0.0000000e+00 
+2.8260870e-01 +2.8260870e-01 +0.0000000e+00 
+2.7173913e-01 +2.7173913e-01 +0.0000000e+00 
+2.6086957e-01 +2.6086957e-01 +0.0000000e+00 
+2.5000000e-01 +2.5000000e-01 +0.0000000e+00 
+2.3913043e-01 +2.3913043e-01 +0.0000000e+00 
+2.2826087e-01 +2.2826087e-01 +0.0000000e+00 
+2.1739130e-01 +2.1739130e-01 +0.0000000e+00 
+2.0652174e-01 +2.0652174e-01 +0.0000000e+00 
+1.9565217e-01 +1.9565217e-01 +0.0000000e+00 
+1.8478261e-01 +1.8478261e-01 +0.0000000e+00 
+1.7391304e-01 +1.7391304e-01 +0.0000000e+00 
+1.6304348e-01 +1.6304348e-01 +0.0000000e+00 
+1.5217391e-01 +1.5217391e-01 +0.0000000e+00 
+1.4130435e-01 +1.4130435e-01 +0.0000000e+00 
+1.3043478e-01 +1.3043478e-01 +0.0000000e+00 
+1.1956522e-01 +1.1956522e-01 +0.0000000e+00 
+1.0869565e-01 +1.0869565e-01 +0.0000000e+00 
+9.7826087e-02 +9.7826087e-02 +0.0000000e+00 
+8.6956522e-02 +8.6956522e-02 +0.0000000e+00 
+7.6086957e-02 +7.6086957e-02 +0.0000000e+00 
+6.5217391e-02 +6.5217391e-02 +0.0000000e+00 
+5.4347826e-02 +5.4347826e-02 +0.0000000e+00 
+4.3478261e-02 +4.3478261e-02 +0.0000000e+00 
+3.2608696e-02 +3.2608696e-02 +0.0000000e+00 
+2.1739130e-02 +2.1739130e-02 +0.0000000e+00 
+1.0869565e-02 +1.0869565e-02 +0.0000000e+00 
+0.0000000e+00 +0.0000000e+00 +0.0000000e+00 
+8.7719298e-03 +8.7719298e-03 +8.7719298e-03 
+1.7543860e-02 +1.7543860e-02 +1.7543860e-02 
+2.6315789e-02 +2.6315789e-02 +2.6315789e-02 
+3.5087719e-02 +3.5087719e-02 +3.5087719e-02 
+4.3859649e-02 +4.3859649e-02 +4.3859649e-02 
+5.2631579e-02 +5.2631579e-02 +5.2631579e-02 
+6.1403509e-02 +6.1403509e-02 +6.1403509e-02 
+7.0175439e-02 +7.0175439e-02 +7.0175439e-02 
+7.8947368e-02 +7.8947368e-02 +7.8947368e-02 
+8.7719298e-02 +8.7719298e-02 +8.7719298e-02 
+9.6491228e-02 +9.6491228e-02 +9.6491228e-02 
+1.0526316e-01 +1.0526316e-01 +1.0526316e-01 
+1.1403509e-01 +1.1403509e-01 +1.1403509e-01 
+1.2280702e-01 +1.2280702e-01 +1.2280702e-01 
+1.3157895e-01 +1.3157895e-01 +1.3157895e-01 
+1.4035088e-01 +1.4035088e-01 +1.4035088e-01 
+1.4912281e-01 +1.4912281e-01 +1.4912281e-01 
+1.5789474e-01 +1.5789474e-01 +1.5789474e-01 
+1.6666667e-01 +1.6666667e-01 +1.6666667e-01 
+1.7543860e-01 +1.7543860e-01 +1.7543860e-01 
+1.8421053e-01 +1.8421053e-01 +1.8421053e-01 
+1.9298246e-01 +1.9298246e-01 +1.9298246e-01 
+2.0175439e-01 +2.0175439e-01 +2.0175439e-01 
+2.1052632e-01 +2.1052632e-01 +2.1052632e-01 
+2.1929825e-01 +2.1929825e-01 +2.1929825e-01 
+2.2807018e-01 +2.2807018e-01 +2.2807018e-01 
+2.3684211e-01 +2.3684211e-01 +2.3684211e-01 
+2.4561404e-01 +2.4561404e-01 +2.4561404e-01 
+2.5438596e-01 +2.5438596e-01 +2.5438596e-01 
+2.6315789e-01 +2.6315789e-01 +2.6315789e-01 
+2.7192982e-01 +2.7192982e-01 +2.7192982e-01 
+2.8070175e-01 +2.8070175e-01 +2.8070175e-01 
+2.8947368e-01 +2.8947368e-01 +2.8947368e-01 
+2.9824561e-01 +2.9824561e-01 +2.9824561e-01 
+3.0701754e-01 +3.0701754e-01 +3.0701754e-01 
+3.1578947e-01 +3.1578947e-01 +3.1578947e-01 
+3.2456140e-01 +3.2456140e-01 +3.2456140e-01 
+3.3333333e-01 +3.3333333e-01 +3.3333333e-01 
+3.4210526e-01 +3.4210526e-01 +3.4210526e-01 
+3.5087719e-01 +3.5087719e-01 +3.5087719e-01 
+3.5964912e-01 +3.5964912e-01 +3.5964912e-01 
+3.6842105e-01 +3.6842105e-01 +3.6842105e-01 
+3.7719298e-01 +3.7719298e-01 +3.7719298e-01 
+3.8596491e-01 +3.8596491e-01 +3.8596491e-01 
+3.9473684e-01 +3.9473684e-01 +3.9473684e-01 
+4.0350877e-01 +4.0350877e-01 +4.0350877e-01 
+4.1228070e-01 +4.1228070e-01 +4.1228070e-01 
+4.2105263e-01 +4.2105263e-01 +4.2105263e-01 
+4.2982456e-01 +4.2982456e-01 +4.2982456e-01 
+4.3859649e-01 +4.3859649e-01 +4.3859649e-01 
+4.4736842e-01 +4.4736842e-01 +4.4736842e-01 
+4.5614035e-01 +4.5614035e-01 +4.5614035e-01 
+4.6491228e-01 +4.6491228e-01 +4.6491228e-01 
+4.7368421e-01 +4.7368421e-01 +4.7368421e-01 
+4.8245614e-01 +4.8245614e-01 +4.8245614e-01 
+4.9122807e-01 +4.9122807e-01 +4.9122807e-01 
+5.0000000e-01 +5.0000000e-01 +5.0000000e-01 
+4.8913043e-01 +5.0000000e-01 +4.8913043e-01 
+4.7826087e-01 +5.0000000e-01 +4.7826087e-01 
+4.6739130e-01 +5.0000000e-01 +4.6739130e-01 
+4.5652174e-01 +5.0000000e-01 +4.5652174e-01 
+4.4565217e-01 +5.0000000e-01 +4.4565217e-01 
+4.3478261e-01 +5.0000000e-01 +4.3478261e-01 
+4.2391304e-01 +5.0000000e-01 +4.2391304e-01 
+4.1304348e-01 +5.0000000e-01 +4.1304348e-01 
+4.0217391e-01 +5.0000000e-01 +4.0217391e-01 
+3.9130435e-01 +5.0000000e-01 +3.9130435e-01 
+3.8043478e-01 +5.0000000e-01 +3.8043478e-01 
+3.6956522e-01 +5.0000000e-01 +3.6956522e-01 
+3.5869565e-01 +5.0000000e-01 +3.5869565e-01 
+3.4782609e-01 +5.0000000e-01 +3.4782609e-01 
+3.3695652e-01 +5.0000000e-01 +3.3695652e-01 
+3.2608696e-01 +5.0000000e-01 +3.2608696e-01 
+3.1521739e-01 +5.0000000e-01 +3.1521739e-01 
+3.0434783e-01 +5.0000000e-01 +3.0434783e-01 
+2.9347826e-01 +5.0000000e-01 +2.9347826e-01 
+2.8260870e-01 +5.0000000e-01 +2.8260870e-01 
+2.7173913e-01 +5.0000000e-01 +2.7173913e-01 
+2.6086957e-01 +5.0000000e-01 +2.6086957e-01 
+2.5000000e-01 +5.0000000e-01 +2.5000000e-01 
+2.3913043e-01 +5.0000000e-01 +2.3913043e-01 
+2.2826087e-01 +5.0000000e-01 +2.2826087e-01 
+2.1739130e-01 +5.0000000e-01 +2.1739130e-01 
+2.0652174e-01 +5.0000000e-01 +2.0652174e-01 
+1.9565217e-01 +5.0000000e-01 +1.9565217e-01 
+1.8478261e-01 +5.0000000e-01 +1.8478261e-01 
+1.7391304e-01 +5.0000000e-01 +1.7391304e-01 
+1.6304348e-01 +5.0000000e-01 +1.6304348e-01 
+1.5217391e-01 +5.0000000e-01 +1.5217391e-01 
+1.4130435e-01 +5.0000000e-01 +1.4130435e-01 
+1.3043478e-01 +5.0000000e-01 +1.3043478e-01 
+1.1956522e-01 +5.0000000e-01 +1.1956522e-01 
+1.0869565e-01 +5.0000000e-01 +1.0869565e-01 
+9.7826087e-02 +5.0000000e-01 +9.7826087e-02 
+8.6956522e-02 +5.0000000e-01 +8.6956522e-02 
+7.6086957e-02 +5.0000000e-01 +7.6086957e-02 
+6.5217391e-02 +5.0000000e-01 +6.5217391e-02 
+5.4347826e-02 +5.0000000e-01 +5.4347826e-02 
+4.3478261e-02 +5.0000000e-01 +4.3478261e-02 
+3.2608696e-02 +5.0000000e-01 +3.2608696e-02 
+2.1739130e-02 +5.0000000e-01 +2.1739130e-02 
+1.0869565e-02 +5.0000000e-01 +1.0869565e-02 
+0.0000000e+00 +5.0000000e-01 +0.0000000e+00 
+5.0000000e-01 +5.0000000e-01 +0.0000000e+00 
+5.0000000e-01 +5.0000000e-01 +1.5151515e-02 
+5.0000000e-01 +5.0000000e-01 +3.0303030e-02 
+5.0000000e-01 +5.0000000e-01 +4.5454545e-02 
+5.0000000e-01 +5.0000000e-01 +6.0606061e-02 
+5.0000000e-01 +5.0000000e-01 +7.5757576e-02 
+5.0000000e-01 +5.0000000e-01 +9.0909091e-02 
+5.0000000e-01 +5.0000000e-01 +1.0606061e-01 
+5.0000000e-01 +5.0000000e-01 +1.2121212e-01 
+5.0000000e-01 +5.0000000e-01 +1.3636364e-01 
+5.0000000e-01 +5.0000000e-01 +1.5151515e-01 
+5.0000000e-01 +5.0000000e-01 +1.6666667e-01 
+5.0000000e-01 +5.0000000e-01 +1.8181818e-01 
+5.0000000e-01 +5.0000000e-01 +1.9696970e-01 
+5.0000000e-01 +5.0000000e-01 +2.1212121e-01 
+5.0000000e-01 +5.0000000e-01 +2.2727273e-01 
+5.0000000e-01 +5.0000000e-01 +2.4242424e-01 
+5.0000000e-01 +5.0000000e-01 +2.5757576e-01 
+5.0000000e-01 +5.0000000e-01 +2.7272727e-01 
+5.0000000e-01 +5.0000000e-01 +2.8787879e-01 
+5.0000000e-01 +5.0000000e-01 +3.0303030e-01 
+5.0000000e-01 +5.0000000e-01 +3.1818182e-01 
+5.0000000e-01 +5.0000000e-01 +3.3333333e-01 
+5.0000000e-01 +5.0000000e-01 +3.4848485e-01 
+5.0000000e-01 +5.0000000e-01 +3.6363636e-01 
+5.0000000e-01 +5.0000000e-01 +3.7878788e-01 
+5.0000000e-01 +5.0000000e-01 +3.9393939e-01 
+5.0000000e-01 +5.0000000e-01 +4.0909091e-01 
+5.0000000e-01 +5.0000000e-01 +4.2424242e-01 
+5.0000000e-01 +5.0000000e-01 +4.3939394e-01 
+5.0000000e-01 +5.0000000e-01 +4.5454545e-01 
+5.0000000e-01 +5.0000000e-01 +4.6969697e-01 
+5.0000000e-01 +5.0000000e-01 +4.8484848e-01 
+5.0000000e-01 +5.0000000e-01 +5.0000000e-01 
# energies (kpt,band,spin)
# spin = 1
-2.8317364e+01 -2.8317364e+01 -2.8171419e+01 -2.8171419e+01 -2.8171419e+01 -1.4021849e+01 +2.1140285e+00 +2.1140285e+00 +2.1140285e+00 +7.6799113e+00 +7.6799113e+00 +2.1389659e+01 +2.1389659e+01 +2.1389659e+01 +2.3392123e+01 +2.3392123e+01 
-2.8317355e+01 -2.8317089e+01 -2.8171490e+01 -2.8171490e+01 -2.8171415e+01 -1.4019858e+01 +2.0779859e+00 +2.1162879e+00 +2.1162879e+00 +7.6826079e+00 +7.7175914e+00 +2.1279969e+01 +2.1279969e+01 +2.1396080e+01 +2.3396395e+01 +2.3521389e+01 
-2.8317328e+01 -2.8316268e+01 -2.8171703e+01 -2.8171703e+01 -2.8171401e+01 -1.4013892e+01 +1.9732694e+00 +2.1230586e+00 +2.1230586e+00 +7.6906976e+00 +7.8258981e+00 +2.1010987e+01 +2.1010987e+01 +2.1415216e+01 +2.3411342e+01 +2.3848416e+01 
-2.8317283e+01 -2.8314906e+01 -2.8172056e+01 -2.8172056e+01 -2.8171379e+01 -1.4003969e+01 +1.8088380e+00 +2.1343174e+00 +2.1343174e+00 +7.7041801e+00 +7.9919866e+00 +2.0671031e+01 +2.0671031e+01 +2.1446697e+01 +2.3442953e+01 +2.4282855e+01 
-2.8317220e+01 -2.8313017e+01 -2.8172546e+01 -2.8172546e+01 -2.8171349e+01 -1.3990119e+01 +1.5963416e+00 +2.1500250e+00 +2.1500250e+00 +7.7230553e+00 +8.1980460e+00 +2.0308531e+01 +2.0308531e+01 +2.1489918e+01 +2.3499921e+01 +2.4772941e+01 
-2.8317141e+01 -2.8310615e+01 -2.8173170e+01 -2.8173170e+01 -2.8171310e+01 -1.3972375e+01 +1.3474577e+00 +2.1701245e+00 +2.1701245e+00 +7.7473232e+00 +8.4245832e+00 +1.9944735e+01 +1.9944735e+01 +2.1544064e+01 +2.3591907e+01 +2.5292875e+01 
-2.8317045e+01 -2.8307723e+01 -2.8173921e+01 -2.8173921e+01 -2.8171263e+01 -1.3950776e+01 +1.0723735e+00 +2.1945400e+00 +2.1945400e+00 +7.7769844e+00 +8.6530063e+00 +1.9588787e+01 +1.9588787e+01 +2.1608136e+01 +2.3727482e+01 +2.5827838e+01 
-2.8316934e+01 -2.8304363e+01 -2.8174795e+01 -2.8174795e+01 -2.8171210e+01 -1.3925355e+01 +7.7932882e-01 +2.2231746e+00 +2.2231746e+00 +7.8120405e+00 +8.8675759e+00 +1.9244398e+01 +1.9244398e+01 +2.1680989e+01 +2.3912133e+01 +2.6367432e+01 
-2.8316809e+01 -2.8300565e+01 -2.8175784e+01 -2.8175784e+01 -2.8171149e+01 -1.3896144e+01 +4.7475793e-01 +2.2559088e+00 +2.2559088e+00 +7.8524945e+00 +9.0569270e+00 +1.8912589e+01 +1.8912589e+01 +2.1761361e+01 +2.4146819e+01 +2.6903073e+01 
-2.8316670e+01 -2.8296359e+01 -2.8176879e+01 -2.8176879e+01 -2.8171083e+01 -1.3863171e+01 +1.6364484e-01 +2.2925980e+00 +2.2925980e+00 +7.8983509e+00 +9.2150570e+00 +1.8592910e+01 +1.8592910e+01 +2.1847920e+01 +2.4427429e+01 +2.7426904e+01 
-2.8316520e+01 -2.8291780e+01 -2.8178072e+01 -2.8178072e+01 -2.8171011e+01 -1.3826479e+01 -1.5011256e-01 +2.3330709e+00 +2.3330709e+00 +7.9496165e+00 +9.3414749e+00 +1.8284049e+01 +1.8284049e+01 +2.1939296e+01 +2.4745189e+01 +2.7931341e+01 
-2.8316359e+01 -2.8286867e+01 -2.8179353e+01 -2.8179353e+01 -2.8170934e+01 -1.3786133e+01 -4.6341161e-01 +2.3771272e+00 +2.3771272e+00 +8.0063004e+00 +9.4403461e+00 +1.7984179e+01 +1.7984179e+01 +2.2034120e+01 +2.5087549e+01 +2.8408914e+01 
-2.8316189e+01 -2.8281661e+01 -2.8180711e+01 -2.8180711e+01 -2.8170854e+01 -1.3742253e+01 -7.7374288e-01 +2.4245361e+00 +2.4245361e+00 +8.0684131e+00 +9.5188124e+00 +1.7691197e+01 +1.7691197e+01 +2.2131058e+01 +2.5438948e+01 +2.8852267e+01 
-2.8316011e+01 -2.8276206e+01 -2.8182134e+01 -2.8182134e+01 -2.8170770e+01 -1.3695028e+01 -1.0790626e+00 +2.4750343e+00 +2.4750343e+00 +8.1359657e+00 +9.5849529e+00 +1.7402895e+01 +1.7402895e+01 +2.2228835e+01 +2.5781169e+01 +2.9254286e+01 
-2.8315828e+01 -2.8270550e+01 -2.8183611e+01 -2.8183611e+01 -2.8170684e+01 -1.3644725e+01 -1.3777110e+00 +2.5283237e+00 +2.5283237e+00 +8.2089676e+00 +9.6459248e+00 +1.7117125e+01 +1.7117125e+01 +2.2326264e+01 +2.6093875e+01 +2.9608348e+01 
-2.8315641e+01 -2.8264745e+01 -2.8185128e+01 -2.8185128e+01 -2.8170597e+01 -1.3591694e+01 -1.6683485e+00 +2.5840703e+00 +2.5840703e+00 +8.2874215e+00 +9.7067017e+00 +1.6831957e+01 +1.6831957e+01 +2.2422261e+01 +2.6356766e+01 +2.9908663e+01 
-2.8315452e+01 -2.8258844e+01 -2.8186674e+01 -2.8186674e+01 -2.8170510e+01 -1.3536348e+01 -1.9498892e+00 +2.6419014e+00 +2.6419014e+00 +8.3713166e+00 +9.7696141e+00 +1.6545836e+01 +1.6545836e+01 +2.2515859e+01 +2.6554752e+01 +3.0150726e+01 
-2.8315263e+01 -2.8252903e+01 -2.8188234e+01 -2.8188234e+01 -2.8170422e+01 -1.3479149e+01 -2.2214291e+00 +2.7014037e+00 +2.7014037e+00 +8.4606172e+00 +9.8346434e+00 +1.6257750e+01 +1.6257750e+01 +2.2606214e+01 +2.6684937e+01 +3.0331805e+01 
-2.8315076e+01 -2.8246976e+01 -2.8189796e+01 -2.8189796e+01 -2.8170336e+01 -1.3420594e+01 -2.4821752e+00 +2.7621216e+00 +2.7621216e+00 +8.5552452e+00 +9.9002161e+00 +1.5967391e+01 +1.5967391e+01 +2.2692610e+01 +2.6760158e+01 +3.0451410e+01 
-2.8314892e+01 -2.8241121e+01 -2.8191346e+01 -2.8191346e+01 -2.8170252e+01 -1.3361211e+01 -2.7313873e+00 +2.8235545e+00 +2.8235545e+00 +8.6550562e+00 +9.9641442e+00 +1.5675276e+01 +1.5675276e+01 +2.2774455e+01 +2.6804609e+01 +3.0511627e+01 
-2.8314714e+01 -2.8235393e+01 -2.8192868e+01 -2.8192868e+01 -2.8170170e+01 -1.3301552e+01 -2.9683378e+00 +2.8851559e+00 +2.8851559e+00 +8.7598047e+00 +1.0024397e+01 +1.5382826e+01 +1.5382826e+01 +2.2851280e+01 +2.6844277e+01 +3.0517217e+01 
-2.8314543e+01 -2.8229845e+01 -2.8194350e+01 -2.8194350e+01 -2.8170092e+01 -1.3242207e+01 -3.1922888e+00 +2.9463331e+00 +2.9463331e+00 +8.8690988e+00 +1.0079543e+01 +1.5092358e+01 +1.5092358e+01 +2.2922723e+01 +2.6899117e+01 +3.0475386e+01 
-2.8314382e+01 -2.8224530e+01 -2.8195777e+01 -2.8195777e+01 -2.8170017e+01 -1.3183799e+01 -3.4024827e+00 +3.0064483e+00 +3.0064483e+00 +8.9823414e+00 +1.0128859e+01 +1.4806985e+01 +1.4806985e+01 +2.2988527e+01 +2.6980272e+01 +3.0395237e+01 
-2.8314231e+01 -2.8219497e+01 -2.8197135e+01 -2.8197135e+01 -2.8169948e+01 -1.3126992e+01 -3.5981417e+00 +3.0648223e+00 +3.0648223e+00 +9.0986584e+00 +1.0172220e+01 +1.4530412e+01 +1.4530412e+01 +2.3048524e+01 +2.7091008e+01 +3.0286960e+01 
-2.8314093e+01 -2.8214794e+01 -2.8198410e+01 -2.8198410e+01 -2.8169883e+01 -1.3072481e+01 -3.7784718e+00 +3.1207419e+00 +3.1207419e+00 +9.2168182e+00 +1.0209887e+01 +1.4266673e+01 +1.4266673e+01 +2.3102619e+01 +2.7228956e+01 +3.0160940e+01 
-2.8313968e+01 -2.8210462e+01 -2.8199590e+01 -2.8199590e+01 -2.8169824e+01 -1.3020994e+01 -3.9426713e+00 +3.1734701e+00 +3.1734701e+00 +9.3351499e+00 +1.0242312e+01 +1.4019840e+01 +1.4019840e+01 +2.3150780e+01 +2.7388205e+01 +3.0026937e+01 
-2.8313857e+01 -2.8206544e+01 -2.8200662e+01 -2.8200662e+01 -2.8169771e+01 -1.2973267e+01 -4.0899415e+00 +3.2222605e+00 +3.2222605e+00 +9.4514742e+00 +1.0269978e+01 +1.3793750e+01 +1.3793750e+01 +2.3193024e+01 +2.7560799e+01 +2.9893482e+01 
-2.8313762e+01 -2.8203073e+01 -2.8201614e+01 -2.8201614e+01 -2.8169724e+01 -1.2930040e+01 -4.2195017e+00 +3.2663758e+00 +3.2663758e+00 +9.5630722e+00 +1.0293318e+01 +1.3591801e+01 +1.3591801e+01 +2.3229402e+01 +2.7737693e+01 +2.9767548e+01 
-2.8313681e+01 -2.8202438e+01 -2.8202438e+01 -2.8200082e+01 -2.8169684e+01 -1.2892023e+01 -4.3306073e+00 +3.3051085e+00 +3.3051085e+00 +9.6667171e+00 +1.0312670e+01 +1.3416831e+01 +1.3416831e+01 +2.3259985e+01 +2.7909376e+01 +2.9654489e+01 
-2.8313616e+01 -2.8203124e+01 -2.8203124e+01 -2.8197597e+01 -2.8169651e+01 -1.2859883e+01 -4.4225709e+00 +3.3378042e+00 +3.3378042e+00 +9.7587997e+00 +1.0328280e+01 +1.3271081e+01 +1.3271081e+01 +2.3284857e+01 +2.8066351e+01 +2.9558173e+01 
-2.8313566e+01 -2.8203665e+01 -2.8203665e+01 -2.8195641e+01 -2.8169625e+01 -1.2834211e+01 -4.4947857e+00 +3.3638858e+00 +3.3638858e+00 +9.8355654e+00 +1.0340306e+01 +1.3156224e+01 +1.3156224e+01 +2.3304098e+01 +2.8199623e+01 +2.9481227e+01 
-2.8313530e+01 -2.8204055e+01 -2.8204055e+01 -2.8194231e+01 -2.8169607e+01 -1.2815498e+01 -4.5467489e+00 +3.3828760e+00 +3.3828760e+00 +9.8934548e+00 +1.0348845e+01 +1.3073438e+01 +1.3073438e+01 +2.3317784e+01 +2.8301247e+01 +2.9425324e+01 
-2.8313509e+01 -2.8204291e+01 -2.8204291e+01 -2.8193381e+01 -2.8169595e+01 -1.2804117e+01 -4.5780831e+00 +3.3944177e+00 +3.3944177e+00 +9.9295082e+00 +1.0353952e+01 +1.3023486e+01 +1.3023486e+01 +2.3325971e+01 +2.8364935e+01 +2.9391450e+01 
-2.8313502e+01 -2.8204370e+01 -2.8204370e+01 -2.8193096e+01 -2.8169592e+01 -1.2800297e+01 -4.5885543e+00 +3.3982898e+00 +3.3982898e+00 +9.9417564e+00 +1.0355652e+01 +1.3006790e+01 +1.3006790e+01 +2.3328696e+01 +2.8386632e+01 +2.9380108e+01 
-2.8313298e+01 -2.8204455e+01 -2.8204364e+01 -2.8193012e+01 -2.8169662e+01 -1.2798179e+01 -4.5868190e+00 +3.3660917e+00 +3.4006018e+00 +9.9699083e+00 +1.0375863e+01 +1.2767547e+01 +1.3009490e+01 +2.3277415e+01 +2.8355262e+01 +2.9372880e+01 
-2.8312689e+01 -2.8204710e+01 -2.8204345e+01 -2.8192757e+01 -2.8169872e+01 -1.2791830e+01 -4.5812793e+00 +3.2719884e+00 +3.4075227e+00 +1.0045658e+01 +1.0442595e+01 +1.2170277e+01 +1.3017599e+01 +2.3130971e+01 +2.8251428e+01 +2.9355120e+01 
-2.8311684e+01 -2.8205137e+01 -2.8204314e+01 -2.8192331e+01 -2.8170220e+01 -1.2781274e+01 -4.5712522e+00 +3.1227099e+00 +3.4190077e+00 +1.0145664e+01 +1.0572125e+01 +1.1444266e+01 +1.3031142e+01 +2.2907535e+01 +2.8063055e+01 +2.9337352e+01 
-2.8310301e+01 -2.8205737e+01 -2.8204272e+01 -2.8191730e+01 -2.8170702e+01 -1.2766550e+01 -4.5562102e+00 +2.9274560e+00 +3.4349816e+00 +1.0248143e+01 +1.0747046e+01 +1.0776504e+01 +1.3050160e+01 +2.2628133e+01 +2.7794963e+01 +2.9333848e+01 
-2.8308561e+01 -2.8206505e+01 -2.8204217e+01 -2.8190948e+01 -2.8171313e+01 -1.2747713e+01 -4.5359549e+00 +2.6960325e+00 +3.4553377e+00 +1.0134055e+01 +1.0349578e+01 +1.1048759e+01 +1.3074709e+01 +2.2311049e+01 +2.7466430e+01 +2.9359844e+01 
-2.8306493e+01 -2.8207432e+01 -2.8204152e+01 -2.8189979e+01 -2.8172047e+01 -1.2724836e+01 -4.5105307e+00 +2.4375433e+00 +3.4799364e+00 +9.6051515e+00 +1.0455984e+01 +1.1372940e+01 +1.3104855e+01 +2.1970031e+01 +2.7101488e+01 +2.9429887e+01 
-2.8304130e+01 -2.8208509e+01 -2.8204076e+01 -2.8188817e+01 -2.8172896e+01 -1.2698009e+01 -4.4801034e+00 +2.1597655e+00 +3.5086046e+00 +9.1428680e+00 +1.0572423e+01 +1.1735229e+01 +1.3140674e+01 +2.1614686e+01 +2.6722497e+01 +2.9557359e+01 
-2.8301510e+01 -2.8209725e+01 -2.8203990e+01 -2.8187453e+01 -2.8173853e+01 -1.2667345e+01 -4.4448872e+00 +1.8690212e+00 +3.5411337e+00 +8.7290889e+00 +1.0701694e+01 +1.2125334e+01 +1.3182245e+01 +2.1251515e+01 +2.6347417e+01 +2.9754717e+01 
-2.8298675e+01 -2.8211069e+01 -2.8203895e+01 -2.8185880e+01 -2.8174908e+01 -1.2632975e+01 -4.4051145e+00 +1.5703122e+00 +3.5772793e+00 +8.3497656e+00 +1.0845232e+01 +1.2535370e+01 +1.3229643e+01 +2.0884866e+01 +2.5989207e+01 +3.0033932e+01 
-2.8295671e+01 -2.8212527e+01 -2.8203792e+01 -2.8184090e+01 -2.8176050e+01 -1.2595057e+01 -4.3610278e+00 +1.2675527e+00 +3.6167610e+00 +7.9951708e+00 +1.1003742e+01 +1.2958910e+01 +1.3282939e+01 +2.0517671e+01 +2.5656239e+01 +3.0406790e+01 
-2.8292543e+01 -2.8214087e+01 -2.8203682e+01 -2.8182077e+01 -2.8177270e+01 -1.2553771e+01 -4.3128809e+00 +9.6380903e-01 +3.6592638e+00 +7.6589711e+00 +1.1177471e+01 +1.3342180e+01 +1.3390382e+01 +2.0151943e+01 +2.5353136e+01 +3.0884766e+01 
-2.8289339e+01 -2.8215734e+01 -2.8203565e+01 -2.8179836e+01 -2.8178557e+01 -1.2509327e+01 -4.2609434e+00 +6.6150962e-01 +3.7044419e+00 +7.3372284e+00 +1.1366293e+01 +1.3407390e+01 +1.3824736e+01 +1.9789122e+01 +2.5081693e+01 +3.1478252e+01 
-2.8286105e+01 -2.8217452e+01 -2.8203443e+01 -2.8179901e+01 -2.8177365e+01 -1.2461964e+01 -4.2055062e+00 +3.6261475e-01 +3.7519244e+00 +7.0276138e+00 +1.1569697e+01 +1.3478551e+01 +1.4257329e+01 +1.9430325e+01 +2.4841728e+01 +3.2194859e+01 
-2.8282884e+01 -2.8219227e+01 -2.8203317e+01 -2.8181291e+01 -2.8174668e+01 -1.2411953e+01 -4.1468866e+00 +6.8747953e-02 +3.8013246e+00 +6.7288543e+00 +1.1786714e+01 +1.3555589e+01 +1.4683998e+01 +1.9076519e+01 +2.4631770e+01 +3.3036518e+01 
-2.8279715e+01 -2.8221042e+01 -2.8203188e+01 -2.8182720e+01 -2.8171751e+01 -1.2359600e+01 -4.0854342e+00 -2.1870499e-01 +3.8522506e+00 +6.4403610e+00 +1.2015826e+01 +1.3638358e+01 +1.5101299e+01 +1.8728664e+01 +2.4449595e+01 +3.3995152e+01 
-2.8276636e+01 -2.8222881e+01 -2.8203057e+01 -2.8184177e+01 -2.8168629e+01 -1.2305246e+01 -4.0215353e+00 -4.9852293e-01 +3.9043172e+00 +6.1619892e+00 +1.2254897e+01 +1.3726625e+01 +1.5506818e+01 +1.8387816e+01 +2.4292602e+01 +3.5046886e+01 
-2.8273675e+01 -2.8224727e+01 -2.8202925e+01 -2.8185656e+01 -2.8165323e+01 -1.2249272e+01 -3.9556184e+00 -7.6959651e-01 +3.9571543e+00 +5.8938852e+00 +1.2501147e+01 +1.3820042e+01 +1.5899500e+01 +1.8055213e+01 +2.4158076e+01 +3.6144992e+01 
-2.8270861e+01 -2.8226564e+01 -2.8202794e+01 -2.8187148e+01 -2.8161860e+01 -1.2192103e+01 -3.8881590e+00 -1.0308909e+00 +4.0104104e+00 +5.6363914e+00 +1.2751205e+01 +1.3918133e+01 +1.6279901e+01 +1.7732315e+01 +2.4043356e+01 +3.7211394e+01 
-2.8268215e+01 -2.8228376e+01 -2.8202665e+01 -2.8188643e+01 -2.8158277e+01 -1.2134202e+01 -3.8196835e+00 -1.2814203e+00 +4.0637471e+00 +5.3899878e+00 +1.3001274e+01 +1.4020268e+01 +1.6650304e+01 +1.7420814e+01 +2.3945935e+01 +3.8124606e+01 
-2.8265753e+01 -2.8230146e+01 -2.8202538e+01 -2.8190128e+01 -2.8154618e+01 -1.2076082e+01 -3.7507730e+00 -1.5202319e+00 +4.1168237e+00 +5.1552570e+00 +1.3247366e+01 +1.4125642e+01 +1.7014727e+01 +1.7122586e+01 +2.3863518e+01 +3.8707712e+01 
-2.8263490e+01 -2.8231857e+01 -2.8202415e+01 -2.8191590e+01 -2.8150935e+01 -1.2018299e+01 -3.6820668e+00 -1.7463951e+00 +4.1692770e+00 +4.9328637e+00 +1.3485588e+01 +1.4233264e+01 +1.6839615e+01 +1.7378817e+01 +2.3794041e+01 +3.8783327e+01 
-2.8261434e+01 -2.8233496e+01 -2.8202297e+01 -2.8193011e+01 -2.8147284e+01 -1.1961455e+01 -3.6142625e+00 -1.9589959e+00 +4.2206987e+00 +4.7235411e+00 +1.3712392e+01 +1.4341940e+01 +1.6573874e+01 +1.7749702e+01 +2.3735684e+01 +3.8355160e+01 
-2.8259591e+01 -2.8235046e+01 -2.8202186e+01 -2.8194373e+01 -2.8143727e+01 -1.1906193e+01 -3.5481159e+00 -2.1571332e+00 +4.2706194e+00 +4.5280819e+00 +1.3924754e+01 +1.4450273e+01 +1.6327211e+01 +1.8135767e+01 +2.3686857e+01 +3.7592331e+01 
-2.8257959e+01 -2.8236495e+01 -2.8202082e+01 -2.8195656e+01 -2.8140321e+01 -1.1853192e+01 -3.4844364e+00 -2.3399174e+00 +4.3185031e+00 +4.3473297e+00 +1.4120229e+01 +1.4556671e+01 +1.6101244e+01 +1.8546342e+01 +2.3646190e+01 +3.6634984e+01 
-2.8256535e+01 -2.8237829e+01 -2.8201986e+01 -2.8196843e+01 -2.8137125e+01 -1.1803157e+01 -3.4240786e+00 -2.5064723e+00 +4.1821686e+00 +4.3637544e+00 +1.4296940e+01 +1.4659372e+01 +1.5897290e+01 +1.8991199e+01 +2.3612512e+01 +3.5557168e+01 
-2.8255310e+01 -2.8239035e+01 -2.8201899e+01 -2.8197920e+01 -2.8134191e+01 -1.1756803e+01 -3.3679295e+00 -2.6559402e+00 +4.0335090e+00 +4.4057356e+00 +1.4453527e+01 +1.4756478e+01 +1.5716339e+01 +1.9479789e+01 +2.3584837e+01 +3.4399516e+01 
-2.8254276e+01 -2.8240104e+01 -2.8201822e+01 -2.8198874e+01 -2.8131563e+01 -1.1714843e+01 -3.3168887e+00 -2.7874928e+00 +3.9022686e+00 +4.4437928e+00 +1.4589105e+01 +1.4846011e+01 +1.5559066e+01 +2.0020104e+01 +2.3562343e+01 +3.3191322e+01 
-2.8253422e+01 -2.8241025e+01 -2.8201755e+01 -2.8199694e+01 -2.8129280e+01 -1.1677961e+01 -3.2718430e+00 -2.9003464e+00 +3.7893473e+00 +4.4772846e+00 +1.4703231e+01 +1.4925989e+01 +1.5425870e+01 +2.0616982e+01 +2.3544355e+01 +3.1960727e+01 
-2.8252739e+01 -2.8241790e+01 -2.8201700e+01 -2.8200374e+01 -2.8127373e+01 -1.1646797e+01 -3.2336354e+00 -2.9937815e+00 +3.6955969e+00 +4.5056111e+00 +1.4795850e+01 +1.4994507e+01 +1.5316938e+01 +2.1269223e+01 +2.3530328e+01 +3.0739837e+01 
-2.8252217e+01 -2.8242392e+01 -2.8201657e+01 -2.8200908e+01 -2.8125866e+01 -1.1621915e+01 -3.2030287e+00 -3.0671661e+00 +3.6217861e+00 +4.5282410e+00 +1.4867209e+01 +1.5049828e+01 +1.5232309e+01 +2.1963629e+01 +2.3519838e+01 +2.9570101e+01 
-2.8251849e+01 -2.8242827e+01 -2.8201625e+01 -2.8201291e+01 -2.8124777e+01 -1.1603785e+01 -3.1806683e+00 -3.1199780e+00 +3.5685639e+00 +4.5447356e+00 +1.4917718e+01 +1.5090480e+01 +1.5171941e+01 +2.2659961e+01 +2.3512565e+01 +2.8515786e+01 
-2.8251630e+01 -2.8243089e+01 -2.8201606e+01 -2.8201523e+01 -2.8124119e+01 -1.1592761e+01 -3.1670459e+00 -3.1518266e+00 +3.5364238e+00 +4.5547674e+00 +1.4947808e+01 +1.5115341e+01 +1.5135761e+01 +2.3251038e+01 +2.3508288e+01 +2.7702328e+01 
-2.8251558e+01 -2.8243176e+01 -2.8201600e+01 -2.8201600e+01 -2.8123899e+01 -1.1589061e+01 -3.1624701e+00 -3.1624701e+00 +3.5256754e+00 +4.5581341e+00 +1.4957800e+01 +1.5123709e+01 +1.5123709e+01 +2.3506876e+01 +2.3506876e+01 +2.7371077e+01 
-2.8251632e+01 -2.8243086e+01 -2.8201565e+01 -2.8201562e+01 -2.8124126e+01 -1.1592872e+01 -3.1598356e+00 -3.1588601e+00 +3.5367438e+00 +4.5546652e+00 +1.4947515e+01 +1.5122371e+01 +1.5128848e+01 +2.3264829e+01 +2.3485257e+01 +2.7714000e+01 
-2.8251855e+01 -2.8242816e+01 -2.8201459e+01 -2.8201449e+01 -2.8124806e+01 -1.1604267e+01 -3.1519189e+00 -3.1480315e+00 +3.5698998e+00 +4.5442872e+00 +1.4916532e+01 +1.5118676e+01 +1.5144319e+01 +2.2706279e+01 +2.3421431e+01 +2.8572306e+01 
-2.8252227e+01 -2.8242367e+01 -2.8201282e+01 -2.8201261e+01 -2.8125940e+01 -1.1623132e+01 -3.1386806e+00 -3.1299882e+00 +3.6249967e+00 +4.5270856e+00 +1.4864477e+01 +1.5113538e+01 +1.5170280e+01 +2.2049368e+01 +2.3318425e+01 +2.9718951e+01 
-2.8252744e+01 -2.8241742e+01 -2.8201035e+01 -2.8201000e+01 -2.8127526e+01 -1.1649279e+01 -3.1200575e+00 -3.1047376e+00 +3.7017948e+00 +4.5032030e+00 +1.4790770e+01 +1.5108362e+01 +1.5206989e+01 +2.1394319e+01 +2.3181020e+01 +3.1038033e+01 
-2.8253406e+01 -2.8240945e+01 -2.8200716e+01 -2.8200666e+01 -2.8129562e+01 -1.1682452e+01 -3.0959657e+00 -3.0722912e+00 +3.7999665e+00 +4.4728381e+00 +1.4694698e+01 +1.5104892e+01 +1.5254795e+01 +2.0777822e+01 +2.3015420e+01 +3.2469649e+01 
-2.8254209e+01 -2.8239979e+01 -2.8200327e+01 -2.8200262e+01 -2.8132044e+01 -1.1722335e+01 -3.0663045e+00 -3.0326659e+00 +3.9191049e+00 +4.4362440e+00 +1.4575507e+01 +1.5105036e+01 +1.5314126e+01 +2.0212185e+01 +2.2828846e+01 +3.3970608e+01 
-2.8255150e+01 -2.8238850e+01 -2.8199867e+01 -2.8199789e+01 -2.8134967e+01 -1.1768554e+01 -3.0309610e+00 -2.9858854e+00 +4.0587314e+00 +4.3937242e+00 +1.4432525e+01 +1.5110708e+01 +1.5385475e+01 +1.9699903e+01 +2.2629134e+01 +3.5500978e+01 
-2.8256224e+01 -2.8237563e+01 -2.8199338e+01 -2.8199250e+01 -2.8138320e+01 -1.1820691e+01 -2.9898150e+00 -2.9319817e+00 +4.2183058e+00 +4.3456274e+00 +1.4265309e+01 +1.5123683e+01 +1.5469374e+01 +1.9239088e+01 +2.2424366e+01 +3.7021361e+01 
-2.8257428e+01 -2.8236127e+01 -2.8198744e+01 -2.8198648e+01 -2.8142090e+01 -1.1878290e+01 -2.9427432e+00 -2.8709960e+00 +4.2923385e+00 +4.3972339e+00 +1.4073786e+01 +1.5145497e+01 +1.5566376e+01 +1.8825712e+01 +2.2222593e+01 +3.8494569e+01 
-2.8258756e+01 -2.8234548e+01 -2.8198087e+01 -2.8197987e+01 -2.8146259e+01 -1.1940864e+01 -2.8896241e+00 -2.8029802e+00 +4.2342688e+00 +4.5948761e+00 +1.3858402e+01 +1.5177377e+01 +1.5677018e+01 +1.8454679e+01 +2.2031674e+01 +3.9888654e+01 
-2.8260201e+01 -2.8232836e+01 -2.8197372e+01 -2.8197269e+01 -2.8150804e+01 -1.2007907e+01 -2.8303416e+00 -2.7279968e+00 +4.1718435e+00 +4.8105527e+00 +1.3620224e+01 +1.5220204e+01 +1.5801788e+01 +1.8120421e+01 +2.1859253e+01 +4.1179282e+01 
-2.8261758e+01 -2.8230998e+01 -2.8196607e+01 -2.8196499e+01 -2.8155698e+01 -1.2078902e+01 -2.7647880e+00 -2.6461195e+00 +4.1054904e+00 +5.0435476e+00 +1.3361013e+01 +1.5274495e+01 +1.5941087e+01 +1.7817278e+01 +2.1712901e+01 +4.2350347e+01 
-2.8263419e+01 -2.8229044e+01 -2.8195798e+01 -2.8195681e+01 -2.8160912e+01 -1.2153323e+01 -2.6928675e+00 -2.5574332e+00 +4.0356299e+00 +5.2931055e+00 +1.3083232e+01 +1.5340419e+01 +1.6095180e+01 +1.7539764e+01 +2.1600424e+01 +4.2028410e+01 
-2.8265177e+01 -2.8226985e+01 -2.8194951e+01 -2.8194820e+01 -2.8166414e+01 -1.2230651e+01 -2.6144981e+00 -2.4620333e+00 +3.9626692e+00 +5.5584209e+00 +1.2790008e+01 +1.5417813e+01 +1.6264155e+01 +1.7282745e+01 +2.1530349e+01 +4.1528937e+01 
-2.8267024e+01 -2.8224831e+01 -2.8194074e+01 -2.8193919e+01 -2.8172170e+01 -1.2310368e+01 -2.5296133e+00 -2.3600265e+00 +3.8870005e+00 +5.8386087e+00 +1.2485058e+01 +1.5506233e+01 +1.6447874e+01 +1.7041533e+01 +2.1512591e+01 +4.1000074e+01 
-2.8268951e+01 -2.8222593e+01 -2.8193173e+01 -2.8192985e+01 -2.8178147e+01 -1.2391974e+01 -2.4381637e+00 -2.2515307e+00 +3.8090054e+00 +6.1326417e+00 +1.2172611e+01 +1.5605004e+01 +1.6645929e+01 +1.6811915e+01 +2.1559312e+01 +4.0453294e+01 
-2.8270950e+01 -2.8220281e+01 -2.8192251e+01 -2.8192021e+01 -2.8184310e+01 -1.2474979e+01 -2.3401173e+00 -2.1366756e+00 +3.7290603e+00 +6.4392275e+00 +1.1857355e+01 +1.5713285e+01 +1.6590122e+01 +1.6857603e+01 +2.1686000e+01 +3.9900050e+01 
-2.8273013e+01 -2.8217908e+01 -2.8191311e+01 -2.8191034e+01 -2.8190627e+01 -1.2558917e+01 -2.2354602e+00 -2.0156038e+00 +3.6475440e+00 +6.7565730e+00 +1.1544468e+01 +1.5830135e+01 +1.6372744e+01 +1.7081845e+01 +2.1912775e+01 +3.9350980e+01 
-2.8275130e+01 -2.8215483e+01 -2.8197064e+01 -2.8190357e+01 -2.8190028e+01 -1.2643340e+01 -2.1241954e+00 -1.8884719e+00 +3.5648431e+00 +7.0819481e+00 +1.1239801e+01 +1.5954579e+01 +1.6156616e+01 +1.7317254e+01 +2.2265919e+01 +3.8815533e+01 
-2.8277292e+01 -2.8213019e+01 -2.8203590e+01 -2.8189390e+01 -2.8189008e+01 -1.2727821e+01 -2.0063427e+00 -1.7554518e+00 +3.4813538e+00 +7.4108873e+00 +1.0950368e+01 +1.5938692e+01 +1.6085659e+01 +1.7562080e+01 +2.2779410e+01 +3.8302179e+01 
-2.8279490e+01 -2.8210528e+01 -2.8210174e+01 -2.8188412e+01 -2.8187980e+01 -1.2811960e+01 -1.8819359e+00 -1.6167325e+00 +3.3974815e+00 +7.7357427e+00 +1.0685405e+01 +1.5715913e+01 +1.6222481e+01 +1.7814256e+01 +2.3495801e+01 +3.7819517e+01 
-2.8281717e+01 -2.8216784e+01 -2.8208020e+01 -2.8187426e+01 -2.8186949e+01 -1.2895376e+01 -1.7510209e+00 -1.4725210e+00 +3.3136363e+00 +8.0431400e+00 +1.0458514e+01 +1.5485101e+01 +1.6364242e+01 +1.8071434e+01 +2.4464489e+01 +3.7379027e+01 
-2.8283962e+01 -2.8223392e+01 -2.8205509e+01 -2.8186434e+01 -2.8185919e+01 -1.2977711e+01 -1.6136525e+00 -1.3230445e+00 +3.2302280e+00 +8.3101977e+00 +1.0291144e+01 +1.5242893e+01 +1.6510257e+01 +1.8331059e+01 +2.5732488e+01 +3.7001624e+01 
-2.8286217e+01 -2.8229967e+01 -2.8203006e+01 -2.8185439e+01 -2.8184895e+01 -1.3058627e+01 -1.4698917e+00 -1.1685516e+00 +3.1476601e+00 +8.5031757e+00 +1.0213991e+01 +1.4985733e+01 +1.6659970e+01 +1.8590447e+01 +2.7315525e+01 +3.6734579e+01 
-2.8288474e+01 -2.8236481e+01 -2.8200527e+01 -2.8184445e+01 -2.8183883e+01 -1.3137805e+01 -1.3198033e+00 -1.0093142e+00 +3.0663247e+00 +8.5927724e+00 +1.0252340e+01 +1.4709951e+01 +1.6812970e+01 +1.8846885e+01 +2.9121416e+01 +3.6697814e+01 
-2.8290722e+01 -2.8242907e+01 -2.8198085e+01 -2.8183455e+01 -2.8182886e+01 -1.3214940e+01 -1.1634552e+00 -8.4563008e-01 +2.9865978e+00 +8.5856263e+00 +1.0395845e+01 +1.4411959e+01 +1.6969000e+01 +1.9097729e+01 +3.0798475e+01 +3.7178016e+01 
-2.8292949e+01 -2.8249217e+01 -2.8195697e+01 -2.8182475e+01 -2.8181909e+01 -1.3289740e+01 -1.0009185e+00 -6.7782604e-01 +2.9088363e+00 +8.5206803e+00 +1.0603765e+01 +1.4088573e+01 +1.7127968e+01 +1.9340503e+01 +3.1781860e+01 +3.6689664e+01 
-2.8295143e+01 -2.8255384e+01 -2.8193378e+01 -2.8181509e+01 -2.8180955e+01 -1.3361931e+01 -8.3226637e-01 -5.0626229e-01 +2.8333752e+00 +8.4354308e+00 +1.0840155e+01 +1.3737471e+01 +1.7289963e+01 +1.9572985e+01 +3.1977728e+01 +3.4793240e+01 
-2.8297288e+01 -2.8261382e+01 -2.8191141e+01 -2.8180562e+01 -2.8180029e+01 -1.3431253e+01 -6.5757123e-01 -3.3133916e-01 +2.7605272e+00 +8.3533616e+00 +1.1087376e+01 +1.3357718e+01 +1.7455267e+01 +1.9793276e+01 +3.1715793e+01 +3.3026501e+01 
-2.8299367e+01 -2.8267187e+01 -2.8188997e+01 -2.8179638e+01 -2.8179134e+01 -1.3497466e+01 -4.7690177e-01 -1.5350626e-01 +2.6905811e+00 +8.2872698e+00 +1.1343259e+01 +1.2950274e+01 +1.7624375e+01 +1.9999853e+01 +3.1211646e+01 +3.1428187e+01 
-2.8301368e+01 -2.8272773e+01 -2.8186952e+01 -2.8178742e+01 -2.8178273e+01 -1.3560352e+01 -2.9032978e-01 +2.6724694e-02 +2.6238023e+00 +8.2431426e+00 +1.1617489e+01 +1.2518309e+01 +1.7798009e+01 +2.0191587e+01 +3.0016194e+01 +3.0557623e+01 
-2.8303280e+01 -2.8278118e+01 -2.8185011e+01 -2.8177880e+01 -2.8177451e+01 -1.3619709e+01 -9.7965582e-02 +2.0876249e-01 +2.5604325e+00 +8.2217378e+00 +1.1930108e+01 +1.2067190e+01 +1.7977129e+01 +2.0367747e+01 +2.8792754e+01 +2.9805881e+01 
-2.8305096e+01 -2.8283198e+01 -2.8183179e+01 -2.8177055e+01 -2.8176670e+01 -1.3675345e+01 +9.9955606e-02 +3.9191333e-01 +2.5006902e+00 +8.2188520e+00 +1.1604074e+01 +1.2310722e+01 +1.8162944e+01 +2.0527982e+01 +2.7749243e+01 +2.9006731e+01 
-2.8306809e+01 -2.8287994e+01 -2.8181464e+01 -2.8176273e+01 -2.8175933e+01 -1.3727077e+01 +3.0291953e-01 +5.7535074e-01 +2.4447710e+00 +8.2257117e+00 +1.1137203e+01 +1.2795949e+01 +1.8356907e+01 +2.0672281e+01 +2.6870343e+01 +2.8217839e+01 
-2.8308414e+01 -2.8292483e+01 -2.8179872e+01 -2.8175537e+01 -2.8175244e+01 -1.3774738e+01 +5.0991724e-01 +7.5807685e-01 +2.3928476e+00 +8.2307890e+00 +1.0675082e+01 +1.3422329e+01 +1.8560699e+01 +2.0800928e+01 +2.6137418e+01 +2.7495086e+01 
-2.8309905e+01 -2.8296649e+01 -2.8178413e+01 -2.8174852e+01 -2.8174604e+01 -1.3818184e+01 +7.1921678e-01 +9.3887409e-01 +2.3450709e+00 +8.2232319e+00 +1.0225790e+01 +1.4213190e+01 +1.8776191e+01 +2.0914442e+01 +2.5531046e+01 +2.6877493e+01 
-2.8311276e+01 -2.8300472e+01 -2.8177091e+01 -2.8174221e+01 -2.8174017e+01 -1.3857321e+01 +9.2821471e-01 +1.1162463e+00 +2.3015694e+00 +8.1962881e+00 +9.7965542e+00 +1.5162077e+01 +1.9005363e+01 +2.1013519e+01 +2.5032709e+01 +2.6377974e+01 
-2.8312520e+01 -2.8303937e+01 -2.8175910e+01 -2.8173648e+01 -2.8173484e+01 -1.3892117e+01 +1.1334567e+00 +1.2883504e+00 +2.2624502e+00 +8.1486954e+00 +9.3936187e+00 +1.6221118e+01 +1.9250178e+01 +2.1098972e+01 +2.4625761e+01 +2.5982537e+01 
-2.8313633e+01 -2.8307030e+01 -2.8174870e+01 -2.8173135e+01 -2.8173009e+01 -1.3922616e+01 +1.3308355e+00 +1.4529238e+00 +2.2277999e+00 +8.0837613e+00 +9.0223590e+00 +1.7306362e+01 +1.9512362e+01 +2.1171676e+01 +2.4295860e+01 +2.5654995e+01 
-2.8314608e+01 -2.8309737e+01 -2.8173969e+01 -2.8172686e+01 -2.8172593e+01 -1.3948912e+01 +1.5158646e+00 +1.6072194e+00 +2.1976851e+00 +8.0074568e+00 +8.6875304e+00 +1.8325259e+01 +1.9793034e+01 +2.1232517e+01 +2.4031035e+01 +2.5346713e+01 
-2.8315441e+01 -2.8312047e+01 -2.8173203e+01 -2.8172303e+01 -2.8172238e+01 -1.3971112e+01 +1.6838993e+00 +1.7479712e+00 +2.1721544e+00 +7.9267747e+00 +8.3935496e+00 +1.9211476e+01 +2.0092040e+01 +2.1282349e+01 +2.3821552e+01 +2.5013164e+01 
-2.8316129e+01 -2.8313950e+01 -2.8172570e+01 -2.8171986e+01 -2.8171945e+01 -1.3989295e+01 +1.8302643e+00 +1.8714311e+00 +2.1512406e+00 +7.8487422e+00 +8.1447096e+00 +1.9941134e+01 +2.0406646e+01 +2.1321952e+01 +2.3659696e+01 +2.4633376e+01 
-2.8316667e+01 -2.8315439e+01 -2.8172071e+01 -2.8171739e+01 -2.8171716e+01 -1.4003486e+01 +1.9503659e+00 +1.9735263e+00 +2.1349635e+00 +7.7799140e+00 +7.9452426e+00 +2.0522064e+01 +2.0728711e+01 +2.1352006e+01 +2.3539528e+01 +2.4221214e+01 
-2.8317053e+01 -2.8316507e+01 -2.8171711e+01 -2.8171562e+01 -2.8171551e+01 -1.4013668e+01 +2.0399094e+00 +2.0501867e+00 +2.1233335e+00 +7.7260400e+00 +7.7991709e+00 +2.0968874e+01 +2.1037957e+01 +2.1373064e+01 +2.3456668e+01 +2.3823338e+01 
-2.8317286e+01 -2.8317149e+01 -2.8171492e+01 -2.8171455e+01 -2.8171452e+01 -1.4019800e+01 +2.0952807e+00 +2.0978456e+00 +2.1163548e+00 +7.6917058e+00 +7.7099382e+00 +2.1274391e+01 +2.1287083e+01 +2.1385531e+01 +2.3408116e+01 +2.3514371e+01 
-2.8317364e+01 -2.8317364e+01 -2.8171419e+01 -2.8171419e+01 -2.8171419e+01 -1.4021849e+01 +2.1140285e+00 +2.1140285e+00 +2.1140285e+00 +7.6799113e+00 +7.6799113e+00 +2.1389659e+01 +2.1389659e+01 +2.1389659e+01 +2.3392123e+01 +2.3392123e+01 
-2.8317221e+01 -2.8317221e+01 -2.8171467e+01 -2.8171465e+01 -2.8171465e+01 -1.4019848e+01 +2.1017176e+00 +2.1042297e+00 +2.1042297e+00 +7.7003850e+00 +7.7003850e+00 +2.1252980e+01 +2.1348885e+01 +2.1348885e+01 +2.3447173e+01 +2.3447173e+01 
-2.8316793e+01 -2.8316793e+01 -2.8171609e+01 -2.8171601e+01 -2.8171601e+01 -1.4013859e+01 +2.0650788e+00 +2.0752216e+00 +2.0752216e+00 +7.7614121e+00 +7.7614121e+00 +2.0904656e+01 +2.1237769e+01 +2.1237769e+01 +2.3601050e+01 +2.3601050e+01 
-2.8316082e+01 -2.8316082e+01 -2.8171843e+01 -2.8171827e+01 -2.8171827e+01 -1.4003919e+01 +2.0049649e+00 +2.0281108e+00 +2.0281108e+00 +7.8618642e+00 +7.8618642e+00 +2.0414999e+01 +2.1079464e+01 +2.1079464e+01 +2.3830411e+01 +2.3830411e+01 
-2.8315088e+01 -2.8315088e+01 -2.8172162e+01 -2.8172143e+01 -2.8172143e+01 -1.3990065e+01 +1.9227250e+00 +1.9645672e+00 +1.9645672e+00 +8.0000184e+00 +8.0000184e+00 +1.9798200e+01 +2.0894242e+01 +2.0894242e+01 +2.4114694e+01 +2.4114694e+01 
-2.8313816e+01 -2.8313816e+01 -2.8172565e+01 -2.8172547e+01 -2.8172547e+01 -1.3972300e+01 +1.8201643e+00 +1.8866172e+00 +1.8866172e+00 +8.1737374e+00 +8.1737374e+00 +1.9045454e+01 +2.0695000e+01 +2.0695000e+01 +2.4440668e+01 +2.4440668e+01 
-2.8312269e+01 -2.8312269e+01 -2.8173049e+01 -2.8173040e+01 -2.8173040e+01 -1.3950575e+01 +1.6995651e+00 +1.7964379e+00 +1.7964379e+00 +8.3806353e+00 +8.3806353e+00 +1.8154962e+01 +2.0488648e+01 +2.0488648e+01 +2.4801101e+01 +2.4801101e+01 
-2.8310452e+01 -2.8310452e+01 -2.8173619e+01 -2.8173619e+01 -2.8173617e+01 -1.3924784e+01 +1.5637453e+00 +1.6961880e+00 +1.6961880e+00 +8.6181921e+00 +8.6181921e+00 +1.7151275e+01 +2.0278155e+01 +2.0278155e+01 +2.5192809e+01 +2.5192809e+01 
-2.8308369e+01 -2.8308369e+01 -2.8174283e+01 -2.8174283e+01 -2.8174272e+01 -1.3894796e+01 +1.4160640e+00 +1.5878910e+00 +1.5878910e+00 +8.8837973e+00 +8.8837973e+00 +1.6090979e+01 +2.0063900e+01 +2.0063900e+01 +2.5615413e+01 +2.5615413e+01 
-2.8306027e+01 -2.8306027e+01 -2.8175031e+01 -2.8175031e+01 -2.8175019e+01 -1.3860501e+01 +1.2602694e+00 +1.4733699e+00 +1.4733699e+00 +9.1747259e+00 +9.1747260e+00 +1.5048715e+01 +1.9844433e+01 +1.9844433e+01 +2.6007152e+01 +2.6070723e+01 
-2.8303433e+01 -2.8303433e+01 -2.8175862e+01 -2.8175862e+01 -2.8175861e+01 -1.3821840e+01 +1.1001686e+00 +1.3542206e+00 +1.3542206e+00 +9.4880588e+00 +9.4880588e+00 +1.4091752e+01 +1.9616899e+01 +1.9616899e+01 +2.6184372e+01 +2.6562478e+01 
-2.8300594e+01 -2.8300594e+01 -2.8176797e+01 -2.8176773e+01 -2.8176773e+01 -1.3778823e+01 +9.3921704e-01 +1.2318130e+00 +1.2318130e+00 +9.8205638e+00 +9.8205638e+00 +1.3261530e+01 +1.9377347e+01 +1.9377347e+01 +2.6450395e+01 +2.7096262e+01 
-2.8297519e+01 -2.8297519e+01 -2.8177827e+01 -2.8177763e+01 -2.8177763e+01 -1.3731513e+01 +7.8019257e-01 +1.1073075e+00 +1.1073075e+00 +1.0168558e+01 +1.0168558e+01 +1.2570924e+01 +1.9121049e+01 +1.9121049e+01 +2.6830312e+01 +2.7679436e+01 
-2.8294217e+01 -2.8294217e+01 -2.8178945e+01 -2.8178831e+01 -2.8178831e+01 -1.3680012e+01 +6.2506267e-01 +9.8167809e-01 +9.8167809e-01 +1.0527765e+01 +1.0527765e+01 +1.2012009e+01 +1.8842969e+01 +1.8842969e+01 +2.7335680e+01 +2.8320971e+01 
-2.8290696e+01 -2.8290696e+01 -2.8180148e+01 -2.8179975e+01 -2.8179975e+01 -1.3624442e+01 +4.7504354e-01 +8.5573866e-01 +8.5573866e-01 +1.0893166e+01 +1.0893166e+01 +1.1565846e+01 +1.8538464e+01 +1.8538464e+01 +2.7963019e+01 +2.9031086e+01 
-2.8286967e+01 -2.8286967e+01 -2.8181431e+01 -2.8181194e+01 -2.8181194e+01 -1.3564935e+01 +3.3077301e-01 +7.3016743e-01 +7.3016743e-01 +1.1209830e+01 +1.1258828e+01 +1.1258828e+01 +1.8204296e+01 +1.8204296e+01 +2.8692039e+01 +2.9820606e+01 
-2.8283041e+01 -2.8283041e+01 -2.8182790e+01 -2.8182487e+01 -2.8182487e+01 -1.3501626e+01 +1.9250980e-01 +6.0552971e-01 +6.0552971e-01 +1.0921943e+01 +1.1617625e+01 +1.1617625e+01 +1.7839970e+01 +1.7839970e+01 +2.9487254e+01 +3.0700011e+01 
-2.8278929e+01 -2.8278929e+01 -2.8184222e+01 -2.8183853e+01 -2.8183853e+01 -1.3434649e+01 +6.0302358e-02 +4.8229765e-01 +4.8229765e-01 +1.0682770e+01 +1.1960672e+01 +1.1960672e+01 +1.7449406e+01 +1.7449406e+01 +3.0305622e+01 +3.1678193e+01 
-2.8274641e+01 -2.8274641e+01 -2.8185725e+01 -2.8185289e+01 -2.8185289e+01 -1.3364142e+01 -6.5894704e-02 +3.6086719e-01 +3.6086719e-01 +1.0476219e+01 +1.2276160e+01 +1.2276160e+01 +1.7043019e+01 +1.7043019e+01 +3.1107588e+01 +3.2761035e+01 
-2.8270190e+01 -2.8270190e+01 -2.8187298e+01 -2.8186794e+01 -2.8186794e+01 -1.3290241e+01 -1.8615749e-01 +2.4157239e-01 +2.4157239e-01 +1.0289574e+01 +1.2547135e+01 +1.2547135e+01 +1.6640367e+01 +1.6640367e+01 +3.1864919e+01 +3.3949930e+01 
-2.8265587e+01 -2.8265587e+01 -2.8188940e+01 -2.8188365e+01 -2.8188365e+01 -1.3213091e+01 -3.0057335e-01 +1.2469728e-01 +1.2469728e-01 +1.0113208e+01 +1.2748177e+01 +1.2748177e+01 +1.6273237e+01 +1.6273237e+01 +3.2561414e+01 +3.5240402e+01 
-2.8260845e+01 -2.8260845e+01 -2.8190647e+01 -2.8189998e+01 -2.8189998e+01 -1.3132842e+01 -4.0924977e-01 +1.0485496e-02 +1.0485496e-02 +9.9401384e+00 +1.2843933e+01 +1.2843933e+01 +1.5986239e+01 +1.5986239e+01 +3.3187872e+01 +3.6620926e+01 
-2.8255975e+01 -2.8255975e+01 -2.8192414e+01 -2.8191688e+01 -2.8191688e+01 -1.3049661e+01 -5.1233147e-01 -1.0085221e-01 -1.0085221e-01 +9.7655291e+00 +1.2799720e+01 +1.2799720e+01 +1.5824905e+01 +1.5824905e+01 +3.3733436e+01 +3.8072042e+01 
-2.8250990e+01 -2.8250990e+01 -2.8194230e+01 -2.8193431e+01 -2.8193431e+01 -1.2963727e+01 -6.1000732e-01 -2.0913239e-01 -2.0913239e-01 +9.5862275e+00 +1.2608783e+01 +1.2608783e+01 +1.5807016e+01 +1.5807016e+01 +3.4169986e+01 +3.9565821e+01 
-2.8245903e+01 -2.8245903e+01 -2.8196084e+01 -2.8195221e+01 -2.8195221e+01 -1.2875231e+01 -7.0249831e-01 -3.1419504e-01 -3.1419504e-01 +9.4003868e+00 +1.2303732e+01 +1.2303732e+01 +1.5909990e+01 +1.5909990e+01 +3.4408528e+01 +4.1065757e+01 
-2.8240727e+01 -2.8240727e+01 -2.8197966e+01 -2.8197050e+01 -2.8197050e+01 -1.2784376e+01 -7.9003273e-01 -4.1590102e-01 -4.1590102e-01 +9.2071958e+00 +1.1931622e+01 +1.1931622e+01 +1.6095011e+01 +1.6095011e+01 +3.4154690e+01 +4.0148204e+01 
-2.8235475e+01 -2.8235475e+01 -2.8199866e+01 -2.8198913e+01 -2.8198913e+01 -1.2691374e+01 -8.7282217e-01 -5.1413062e-01 -5.1413062e-01 +9.0066923e+00 +1.1530097e+01 +1.1530097e+01 +1.6330558e+01 +1.6330558e+01 +3.2871255e+01 +3.8375279e+01 
-2.8230162e+01 -2.8230162e+01 -2.8201779e+01 -2.8200801e+01 -2.8200801e+01 -1.2596444e+01 -9.5104829e-01 -6.0878267e-01 -6.0878267e-01 +8.7996160e+00 +1.1122945e+01 +1.1122945e+01 +1.6596901e+01 +1.6596901e+01 +3.0937238e+01 +3.8028564e+01 
-2.8224801e+01 -2.8224801e+01 -2.8203698e+01 -2.8202707e+01 -2.8202707e+01 -1.2499816e+01 -1.0248619e+00 -6.9977401e-01 -6.9977401e-01 +8.5872615e+00 +1.0723758e+01 +1.0723758e+01 +1.6882723e+01 +1.6882723e+01 +2.9157303e+01 +3.8202383e+01 
-2.8219409e+01 -2.8219409e+01 -2.8205616e+01 -2.8204623e+01 -2.8204623e+01 -1.2401731e+01 -1.0943900e+00 -7.8703900e-01 -7.8703900e-01 +8.3713143e+00 +1.0339785e+01 +1.0339785e+01 +1.7181674e+01 +1.7181674e+01 +2.7751042e+01 +3.8551125e+01 
-2.8214008e+01 -2.8214008e+01 -2.8207530e+01 -2.8206533e+01 -2.8206533e+01 -1.2302443e+01 -1.1597456e+00 -8.7052898e-01 -8.7052898e-01 +8.1536810e+00 +9.9745011e+00 +9.9745011e+00 +1.7490216e+01 +1.7490216e+01 +2.6703767e+01 +3.8975011e+01 
-2.8209433e+01 -2.8208978e+01 -2.8208978e+01 -2.8208068e+01 -2.8208068e+01 -1.2202219e+01 -1.2210362e+00 -9.5021147e-01 -9.5021147e-01 +7.9363379e+00 +9.6291810e+00 +9.6291810e+00 +1.7806422e+01 +1.7806422e+01 +2.5956689e+01 +3.9439414e+01 
-2.8211319e+01 -2.8210421e+01 -2.8210421e+01 -2.8203134e+01 -2.8203134e+01 -1.2101338e+01 -1.2783708e+00 -1.0260693e+00 -1.0260693e+00 +7.7212151e+00 +9.3038448e+00 +9.3038448e+00 +1.8129332e+01 +1.8129332e+01 +2.5451626e+01 +3.9929158e+01 
-2.8213183e+01 -2.8212301e+01 -2.8212301e+01 -2.8197780e+01 -2.8197780e+01 -1.2000096e+01 -1.3318633e+00 -1.0980995e+00 -1.0980995e+00 +7.5101241e+00 +8.9978405e+00 +8.9978405e+00 +1.8458585e+01 +1.8458585e+01 +2.5140065e+01 +4.0435470e+01 
-2.8215019e+01 -2.8214167e+01 -2.8214167e+01 -2.8192465e+01 -2.8192465e+01 -1.1898800e+01 -1.3816352e+00 -1.1663123e+00 -1.1663123e+00 +7.3047237e+00 +8.7101982e+00 +8.7101982e+00 +1.8794232e+01 +1.8794232e+01 +2.4983497e+01 +4.0951467e+01 
-2.8216821e+01 -2.8216005e+01 -2.8216005e+01 -2.8187217e+01 -2.8187217e+01 -1.1797774e+01 -1.4278153e+00 -1.2307296e+00 -1.2307296e+00 +7.1065150e+00 +8.4398433e+00 +8.4398433e+00 +1.9136615e+01 +1.9136615e+01 +2.4951733e+01 +4.1470391e+01 
-2.8218583e+01 -2.8217808e+01 -2.8217808e+01 -2.8182055e+01 -2.8182055e+01 -1.1697353e+01 -1.4705406e+00 -1.2913840e+00 -1.2913840e+00 +6.9168530e+00 +8.1857212e+00 +8.1857212e+00 +1.9486314e+01 +1.9486314e+01 +2.5021042e+01 +4.1984930e+01 
-2.8220299e+01 -2.8219569e+01 -2.8219569e+01 -2.8176999e+01 -2.8176999e+01 -1.1597887e+01 -1.5099548e+00 -1.3483176e+00 -1.3483176e+00 +6.7369669e+00 +7.9468637e+00 +7.9468637e+00 +1.9844110e+01 +1.9844110e+01 +2.5172557e+01 +4.2487067e+01 
-2.8221963e+01 -2.8221282e+01 -2.8221282e+01 -2.8172067e+01 -2.8172067e+01 -1.1499737e+01 -1.5462077e+00 -1.4015808e+00 -1.4015808e+00 +6.5679810e+00 +7.7224210e+00 +7.7224210e+00 +2.0210974e+01 +2.0210974e+01 +2.5391052e+01 +4.2968210e+01 
-2.8223571e+01 -2.8222942e+01 -2.8222942e+01 -2.8167279e+01 -2.8167279e+01 -1.1403277e+01 -1.5794548e+00 -1.4512311e+00 -1.4512311e+00 +6.4109303e+00 +7.5116705e+00 +7.5116705e+00 +2.0588061e+01 +2.0588061e+01 +2.5664043e+01 +4.3419453e+01 
-2.8225116e+01 -2.8224544e+01 -2.8224544e+01 -2.8162653e+01 -2.8162653e+01 -1.1308890e+01 -1.6098558e+00 -1.4973322e+00 -1.4973322e+00 +6.2667686e+00 +7.3140134e+00 +7.3140134e+00 +2.0976719e+01 +2.0976719e+01 +2.5981137e+01 +4.3831832e+01 
-2.8226596e+01 -2.8226083e+01 -2.8226083e+01 -2.8158208e+01 -2.8158208e+01 -1.1216966e+01 -1.6375744e+00 -1.5399534e+00 -1.5399534e+00 +6.1363647e+00 +7.1289639e+00 +7.1289639e+00 +2.1378497e+01 +2.1378497e+01 +2.6333583e+01 +4.4196493e+01 
-2.8228006e+01 -2.8227554e+01 -2.8227554e+01 -2.8153963e+01 -2.8153963e+01 -1.1127903e+01 -1.6627768e+00 -1.5791688e+00 -1.5791688e+00 +6.0204845e+00 +6.9561343e+00 +6.9561343e+00 +2.1795155e+01 +2.1795155e+01 +2.6713954e+01 +4.4504710e+01 
-2.8229342e+01 -2.8228952e+01 -2.8228952e+01 -2.8149936e+01 -2.8149936e+01 -1.1042105e+01 -1.6856301e+00 -1.6150570e+00 -1.6150570e+00 +5.9197584e+00 +6.7952205e+00 +6.7952205e+00 +2.2228675e+01 +2.2228675e+01 +2.7115917e+01 +4.4554673e+01 
-2.8230603e+01 -2.8230275e+01 -2.8230275e+01 -2.8146143e+01 -2.8146143e+01 -1.0959974e+01 -1.7062999e+00 -1.6477014e+00 -1.6477014e+00 +5.8346345e+00 +6.6459863e+00 +6.6459863e+00 +2.2681266e+01 +2.2681266e+01 +2.7534047e+01 +4.3896582e+01 
-2.8231786e+01 -2.8231517e+01 -2.8231517e+01 -2.8142601e+01 -2.8142601e+01 -1.0881912e+01 -1.7249469e+00 -1.6771907e+00 -1.6771907e+00 +5.7653180e+00 +6.5082502e+00 +6.5082502e+00 +2.3155365e+01 +2.3155365e+01 +2.7963652e+01 +4.3176512e+01 
-2.8232889e+01 -2.8232675e+01 -2.8232675e+01 -2.8139324e+01 -2.8139324e+01 -1.0808319e+01 -1.7417225e+00 -1.7036198e+00 -1.7036198e+00 +5.7117033e+00 +6.3818730e+00 +6.3818730e+00 +2.3653617e+01 +2.3653617e+01 +2.8400579e+01 +4.2394055e+01 
-2.8233910e+01 -2.8233746e+01 -2.8233746e+01 -2.8136325e+01 -2.8136325e+01 -1.0739581e+01 -1.7567641e+00 -1.7270908e+00 -1.7270908e+00 +5.6733037e+00 +6.2667477e+00 +6.2667477e+00 +2.4178851e+01 +2.4178851e+01 +2.8840989e+01 +4.1551052e+01 
-2.8234848e+01 -2.8234727e+01 -2.8234727e+01 -2.8133615e+01 -2.8133615e+01 -1.0676077e+01 -1.7701906e+00 -1.7477150e+00 -1.7477150e+00 +5.6491901e+00 +6.1627911e+00 +6.1627911e+00 +2.4734027e+01 +2.4734027e+01 +2.9281057e+01 +4.0651807e+01 
-2.8235699e+01 -2.8235614e+01 -2.8235614e+01 -2.8131201e+01 -2.8131201e+01 -1.0618166e+01 -1.7820983e+00 -1.7656132e+00 -1.7656132e+00 +5.6379478e+00 +6.0699369e+00 +6.0699369e+00 +2.5322153e+01 +2.5322153e+01 +2.9716605e+01 +3.9703076e+01 
-2.8236461e+01 -2.8236405e+01 -2.8236405e+01 -2.8129087e+01 -2.8129087e+01 -1.0566187e+01 -1.7925587e+00 -1.7809162e+00 -1.7809162e+00 +5.6376679e+00 +5.9881307e+00 +5.9881307e+00 +2.5946171e+01 +2.5946171e+01 +3.0142623e+01 +3.8713817e+01 
-2.8237132e+01 -2.8237097e+01 -2.8237097e+01 -2.8127274e+01 -2.8127274e+01 -1.0520452e+01 -1.8016186e+00 -1.7937635e+00 -1.7937635e+00 +5.6459836e+00 +5.9173270e+00 +5.9173270e+00 +2.6608787e+01 +2.6608787e+01 +3.0552683e+01 +3.7694777e+01 
-2.8237708e+01 -2.8237688e+01 -2.8237688e+01 -2.8125758e+01 -2.8125758e+01 -1.0481244e+01 -1.8093019e+00 -1.8043000e+00 -1.8043000e+00 +5.6601640e+00 +5.8574865e+00 +5.8574865e+00 +2.7312219e+01 +2.7312219e+01 +3.0938254e+01 +3.6657971e+01 
-2.8238185e+01 -2.8238175e+01 -2.8238175e+01 -2.8124535e+01 -2.8124535e+01 -1.0448810e+01 -1.8156140e+00 -1.8126705e+00 -1.8126705e+00 +5.6772706e+00 +5.8085753e+00 +5.8085753e+00 +2.8057774e+01 +2.8057774e+01 +3.1288049e+01 +3.5616225e+01 
-2.8238561e+01 -2.8238556e+01 -2.8238556e+01 -2.8123596e+01 -2.8123596e+01 -1.0423360e+01 -1.8205474e+00 -1.8190122e+00 -1.8190122e+00 +5.6943705e+00 +5.7705647e+00 +5.7705647e+00 +2.8844951e+01 +2.8844951e+01 +3.1587694e+01 +3.4583155e+01 
-2.8238831e+01 -2.8238830e+01 -2.8238830e+01 -2.8122933e+01 -2.8122933e+01 -1.0405060e+01 -1.8240876e+00 -1.8234455e+00 -1.8234455e+00 +5.7087902e+00 +5.7434315e+00 +5.7434315e+00 +2.9668617e+01 +2.9668617e+01 +3.1820334e+01 +3.3575126e+01 
-2.8238995e+01 -2.8238994e+01 -2.8238994e+01 -2.8122539e+01 -2.8122539e+01 -1.0394030e+01 -1.8262194e+00 -1.8260651e+00 -1.8260651e+00 +5.7183779e+00 +5.7271587e+00 +5.7271587e+00 +3.0502918e+01 +3.0502918e+01 +3.1968887e+01 +3.2626598e+01 
-2.8239049e+01 -2.8239049e+01 -2.8239049e+01 -2.8122408e+01 -2.8122408e+01 -1.0390345e+01 -1.8269313e+00 -1.8269313e+00 -1.8269313e+00 +5.7217356e+00 +5.7217356e+00 +5.7217356e+00 +3.1070731e+01 +3.1070731e+01 +3.2020095e+01 +3.2020095e+01 
-2.8239009e+01 -2.8239009e+01 -2.8238962e+01 -2.8122608e+01 -2.8122475e+01 -1.0394116e+01 -1.8311177e+00 -1.8236641e+00 -1.8235073e+00 +5.7157994e+00 +5.7247826e+00 +5.7322964e+00 +3.0312777e+01 +3.0713068e+01 +3.2000363e+01 +3.2348606e+01 
-2.8238889e+01 -2.8238887e+01 -2.8238700e+01 -2.8123213e+01 -2.8122678e+01 -1.0405389e+01 -1.8436417e+00 -1.8138512e+00 -1.8132123e+00 +5.6985430e+00 +5.7339250e+00 +5.7640020e+00 +2.9293451e+01 +3.0080585e+01 +3.1941014e+01 +3.2895240e+01 
-2.8238689e+01 -2.8238684e+01 -2.8238266e+01 -2.8124231e+01 -2.8123017e+01 -1.0424050e+01 -1.8643985e+00 -1.7974598e+00 -1.7959820e+00 +5.6715491e+00 +5.7491669e+00 +5.8169215e+00 +2.8320773e+01 +2.9391251e+01 +3.1841715e+01 +3.3447291e+01 
-2.8238413e+01 -2.8238402e+01 -2.8237662e+01 -2.8125676e+01 -2.8123495e+01 -1.0449911e+01 -1.8932141e+00 -1.7744398e+00 -1.7717236e+00 +5.6372278e+00 +5.7705150e+00 +5.8911701e+00 +2.7413426e+01 +2.8682730e+01 +3.1702293e+01 +3.3976799e+01 
-2.8238064e+01 -2.8238041e+01 -2.8236893e+01 -2.8127559e+01 -2.8124115e+01 -1.0482713e+01 -1.9298466e+00 -1.7447300e+00 -1.7403336e+00 +5.5985291e+00 +5.7979792e+00 +5.9869077e+00 +2.6571976e+01 +2.7968669e+01 +3.1523141e+01 +3.4484300e+01 
-2.8237643e+01 -2.8237604e+01 -2.8235964e+01 -2.8129892e+01 -2.8124878e+01 -1.0522138e+01 -1.9739889e+00 -1.7082684e+00 -1.7017168e+00 +5.5586296e+00 +5.8315728e+00 +6.1043351e+00 +2.5793019e+01 +2.7257153e+01 +3.1305577e+01 +3.4979087e+01 
-2.8237155e+01 -2.8237092e+01 -2.8234879e+01 -2.8132677e+01 -2.8125788e+01 -1.0567809e+01 -2.0252722e+00 -1.6650045e+00 -1.6558017e+00 +5.5206467e+00 +5.8713129e+00 +6.2436861e+00 +2.5071676e+01 +2.6554221e+01 +3.1052029e+01 +3.5473447e+01 
-2.8236602e+01 -2.8236509e+01 -2.8233645e+01 -2.8135913e+01 -2.8126847e+01 -1.0619306e+01 -2.0832716e+00 -1.6149118e+00 -1.6025508e+00 +5.4874168e+00 +5.9172207e+00 +6.4052153e+00 +2.4402446e+01 +2.5864844e+01 +3.0766020e+01 +3.5979227e+01 
-2.8235988e+01 -2.8235856e+01 -2.8232268e+01 -2.8139588e+01 -2.8128055e+01 -1.0676167e+01 -2.1475124e+00 -1.5579990e+00 -1.5419649e+00 +5.4613524e+00 +5.9693228e+00 +6.5891828e+00 +2.3779646e+01 +2.5193165e+01 +3.0451982e+01 +3.6505520e+01 
-2.8235313e+01 -2.8235137e+01 -2.8230754e+01 -2.8143684e+01 -2.8129411e+01 -1.0737905e+01 -2.2174783e+00 -1.4943154e+00 -1.4740817e+00 +5.4443761e+00 +6.0276513e+00 +6.7958360e+00 +2.3197679e+01 +2.4542455e+01 +3.0114969e+01 +3.7057234e+01 
-2.8234582e+01 -2.8234355e+01 -2.8229109e+01 -2.8148176e+01 -2.8130910e+01 -1.0804015e+01 -2.2926202e+00 -1.4239490e+00 -1.3989711e+00 +5.4379156e+00 +6.0922455e+00 +7.0253906e+00 +2.2651224e+01 +2.3914983e+01 +2.9760339e+01 +3.7634352e+01 
-2.8233797e+01 -2.8233514e+01 -2.8227341e+01 -2.8153036e+01 -2.8132548e+01 -1.0873980e+01 -2.3723656e+00 -1.3470178e+00 -1.3167285e+00 +5.4429425e+00 +6.1631526e+00 +7.2780085e+00 +2.2135345e+01 +2.3311957e+01 +2.9393467e+01 +3.8231746e+01 
-2.8232959e+01 -2.8232618e+01 -2.8225457e+01 -2.8158232e+01 -2.8134314e+01 -1.0947279e+01 -2.4561279e+00 -1.2636553e+00 -1.2274686e+00 +5.4600355e+00 +6.2404295e+00 +7.5537706e+00 +2.1645558e+01 +2.2733597e+01 +2.9019525e+01 +3.8839428e+01 
-2.8232072e+01 -2.8231672e+01 -2.8223467e+01 -2.8163727e+01 -2.8136199e+01 -1.1023397e+01 -2.5433150e+00 -1.1739959e+00 -1.1313195e+00 +5.4894535e+00 +6.3241446e+00 +7.8526372e+00 +2.1177854e+01 +2.2179355e+01 +2.8643334e+01 +3.9443203e+01 
-2.8231138e+01 -2.8230679e+01 -2.8221378e+01 -2.8169488e+01 -2.8138193e+01 -1.1101826e+01 -2.6333376e+00 -1.0781614e+00 -1.0284192e+00 +5.5312083e+00 +6.4143794e+00 +8.1743909e+00 +2.0728695e+01 +2.1648227e+01 +2.8269287e+01 +4.0025706e+01 
-2.8230161e+01 -2.8229645e+01 -2.8219201e+01 -2.8175477e+01 -2.8140283e+01 -1.1182072e+01 -2.7256158e+00 -9.7625311e-01 -9.1891281e-01 +5.5851298e+00 +6.5112315e+00 +8.5185525e+00 +2.0294978e+01 +2.1139118e+01 +2.7901333e+01 +4.0567816e+01 
-2.8229143e+01 -2.8228574e+01 -2.8216947e+01 -2.8181656e+01 -2.8142458e+01 -1.1263655e+01 -2.8195847e+00 -8.6834811e-01 -8.0295267e-01 +5.6509220e+00 +6.6148173e+00 +8.8842655e+00 +1.9873998e+01 +2.0651188e+01 +2.7542990e+01 +4.1050412e+01 
-2.8228089e+01 -2.8227471e+01 -2.8214628e+01 -2.8187992e+01 -2.8144705e+01 -1.1346115e+01 -2.9146995e+00 -7.5450047e-01 -6.8069831e-01 +5.7282072e+00 +6.7252752e+00 +9.2701366e+00 +1.9463391e+01 +2.0184162e+01 +2.7197399e+01 +4.1456216e+01 
-2.8227003e+01 -2.8226342e+01 -2.8212255e+01 -2.8194446e+01 -2.8147013e+01 -1.1429011e+01 -3.0104384e+00 -6.3474510e-01 -5.5231839e-01 +5.8165606e+00 +6.8427697e+00 +9.6740184e+00 +1.9061087e+01 +1.9738635e+01 +2.6867382e+01 +4.1771227e+01 
-2.8225888e+01 -2.8225192e+01 -2.8209842e+01 -2.8200986e+01 -2.8149370e+01 -1.1511927e+01 -3.1063050e+00 -5.0910329e-01 -4.1799309e-01 +5.9155359e+00 +6.9674958e+00 +1.0092709e+01 +1.8665257e+01 +1.9316382e+01 +2.6555504e+01 +4.1985083e+01 
-2.8224751e+01 -2.8224025e+01 -2.8207576e+01 -2.8207401e+01 -2.8151766e+01 -1.1594465e+01 -3.2018299e+00 -3.7758898e-01 -2.7791706e-01 +6.0246833e+00 +7.0996844e+00 +1.0521522e+01 +1.8274269e+01 +1.8920745e+01 +2.6264138e+01 +4.2090080e+01 
-2.8223594e+01 -2.8222849e+01 -2.8214185e+01 -2.8204947e+01 -2.8154189e+01 -1.1676254e+01 -3.2965713e+00 -2.4021537e-01 -1.3230299e-01 +6.1435627e+00 +7.2396083e+00 +1.0953676e+01 +1.7886645e+01 +1.8557177e+01 +2.5995523e+01 +4.2079417e+01 
-2.8222425e+01 -2.8221667e+01 -2.8220781e+01 -2.8202492e+01 -2.8156628e+01 -1.1756945e+01 -3.3901154e+00 -9.7002063e-02 +1.8614484e-02 +6.2717525e+00 +7.3875884e+00 +1.1379445e+01 +1.7501039e+01 +1.8233965e+01 +2.5751820e+01 +4.1945920e+01 
-2.8227334e+01 -2.8221248e+01 -2.8220486e+01 -2.8200050e+01 -2.8159072e+01 -1.1836212e+01 -3.4820752e+00 +5.2016632e-02 +1.7457448e-01 +6.4088562e+00 +7.5440022e+00 +1.1785132e+01 +1.7116205e+01 +1.7963095e+01 +2.5535151e+01 +4.1682477e+01 
-2.8233814e+01 -2.8220069e+01 -2.8219311e+01 -2.8197636e+01 -2.8161510e+01 -1.1913751e+01 -3.5720907e+00 +2.0678121e-01 +3.3528509e-01 +6.5545094e+00 +7.7092911e+00 +1.2152275e+01 +1.6730996e+01 +1.7760808e+01 +2.5347641e+01 +4.1284457e+01 
-2.8240195e+01 -2.8218893e+01 -2.8218147e+01 -2.8195265e+01 -2.8163931e+01 -1.1989280e+01 -3.6598270e+00 +3.6719317e-01 +5.0041813e-01 +6.7083864e+00 +7.8839690e+00 +1.2458326e+01 +1.6344363e+01 +1.7646605e+01 +2.5191443e+01 +4.0753053e+01 
-2.8246450e+01 -2.8217727e+01 -2.8217000e+01 -2.8192949e+01 -2.8166323e+01 -1.2062538e+01 -3.7449737e+00 +5.3309685e-01 +6.6960334e-01 +6.8702112e+00 +8.0686309e+00 +1.2680803e+01 +1.5955378e+01 +1.7638756e+01 +2.5068756e+01 +4.0097650e+01 
-2.8252553e+01 -2.8216575e+01 -2.8215875e+01 -2.8190706e+01 -2.8168676e+01 -1.2133284e+01 -3.8272432e+00 +7.0425677e-01 +8.4242170e-01 +7.0397738e+00 +8.2639596e+00 +1.2805391e+01 +1.5563269e+01 +1.7745922e+01 +2.4981824e+01 +3.9335963e+01 
-2.8258479e+01 -2.8215444e+01 -2.8214778e+01 -2.8188548e+01 -2.8170977e+01 -1.2201294e+01 -3.9063692e+00 +8.8033194e-01 +1.0183977e+00 +7.2169548e+00 +8.4707296e+00 +1.2833146e+01 +1.5167489e+01 +1.7959954e+01 +2.4932920e+01 +3.8492144e+01 
-2.8264206e+01 -2.8214339e+01 -2.8213712e+01 -2.8186490e+01 -2.8173216e+01 -1.2266364e+01 -3.9821053e+00 +1.0608513e+00 +1.1969903e+00 +7.4017641e+00 +8.6898050e+00 +1.2779717e+01 +1.4767796e+01 +1.8257138e+01 +2.4924301e+01 +3.7594072e+01 
-2.8269711e+01 -2.8213265e+01 -2.8212684e+01 -2.8184543e+01 -2.8175380e+01 -1.2328307e+01 -4.0542234e+00 +1.2451953e+00 +1.3775814e+00 +7.5943990e+00 +8.9221263e+00 +1.2667297e+01 +1.4364363e+01 +1.8607246e+01 +2.4958121e+01 +3.6670822e+01 
-2.8274972e+01 -2.8212229e+01 -2.8211697e+01 -2.8182716e+01 -2.8177454e+01 -1.2386956e+01 -4.1225118e+00 +1.4325871e+00 +1.5594618e+00 +7.7953307e+00 +9.1686794e+00 +1.2516646e+01 +1.3957894e+01 +1.8982847e+01 +2.5036293e+01 +3.5750633e+01 
-2.8279969e+01 -2.8211236e+01 -2.8210757e+01 -2.8181051e+01 -2.8179391e+01 -1.2442158e+01 -4.1867731e+00 +1.6220909e+00 +1.7418130e+00 +8.0054332e+00 +9.4304349e+00 +1.2343294e+01 +1.3549751e+01 +1.9364323e+01 +2.5160289e+01 +3.4859195e+01 
-2.8284681e+01 -2.8210290e+01 -2.8209867e+01 -2.8181415e+01 -2.8179309e+01 -1.2493777e+01 -4.2468228e+00 +1.8126056e+00 +1.9236836e+00 +8.2261700e+00 +9.7082425e+00 +1.2157181e+01 +1.3142051e+01 +1.9740885e+01 +2.5330837e+01 +3.4018131e+01 
-2.8289091e+01 -2.8209397e+01 -2.8209032e+01 -2.8183152e+01 -2.8177856e+01 -1.2541690e+01 -4.3024861e+00 +2.0028425e+00 +2.1039599e+00 +8.4598636e+00 +1.0002658e+01 +1.1963922e+01 +1.2737731e+01 +2.0109223e+01 +2.5547526e+01 +3.3243706e+01 
-2.8293180e+01 -2.8208563e+01 -2.8208256e+01 -2.8184796e+01 -2.8176487e+01 -1.2585789e+01 -4.3535957e+00 +2.1912804e+00 +2.2813279e+00 +8.7100753e+00 +1.0313678e+01 +1.1766551e+01 +1.2340561e+01 +2.0471004e+01 +2.5808286e+01 +3.2546065e+01 
-2.8296932e+01 -2.8207791e+01 -2.8207542e+01 -2.8186314e+01 -2.8175227e+01 -1.2625976e+01 -4.3999891e+00 +2.3761026e+00 +2.4542293e+00 +8.9821219e+00 +1.0640350e+01 +1.1567156e+01 +1.1955081e+01 +2.0830065e+01 +2.6108765e+01 +3.1929235e+01 
-2.8300332e+01 -2.8207086e+01 -2.8206893e+01 -2.8187695e+01 -2.8174081e+01 -1.2662161e+01 -4.4415057e+00 +2.5551291e+00 +2.6208108e+00 +9.2837258e+00 +1.0980246e+01 +1.1368118e+01 +1.1586488e+01 +2.1189865e+01 +2.6441630e+01 +3.1391958e+01 
-2.8303366e+01 -2.8206455e+01 -2.8206314e+01 -2.8188933e+01 -2.8173054e+01 -1.2694268e+01 -4.4779859e+00 +2.7257612e+00 +2.7788755e+00 +9.6256905e+00 +1.1172788e+01 +1.1240478e+01 +1.1328798e+01 +2.1551487e+01 +2.6795900e+01 +3.0929156e+01 
-2.8306021e+01 -2.8205900e+01 -2.8205806e+01 -2.8190019e+01 -2.8172152e+01 -1.2722228e+01 -4.5092745e+00 +2.8849564e+00 +2.9258458e+00 +1.0022168e+01 +1.0923063e+01 +1.0985685e+01 +1.1678586e+01 +2.1912238e+01 +2.7156469e+01 +3.0533777e+01 
-2.8308287e+01 -2.8205427e+01 -2.8205372e+01 -2.8190949e+01 -2.8171379e+01 -1.2745983e+01 -4.5352357e+00 +3.0292540e+00 +3.0587614e+00 +1.0489254e+01 +1.0640384e+01 +1.0812314e+01 +1.2018739e+01 +2.2264759e+01 +2.7504143e+01 +3.0198753e+01 
-2.8310154e+01 -2.8205040e+01 -2.8205013e+01 -2.8191716e+01 -2.8170741e+01 -1.2765484e+01 -4.5557909e+00 +3.1548778e+00 +3.1743391e+00 +1.0398500e+01 +1.0658771e+01 +1.1038828e+01 +1.2334757e+01 +2.2596545e+01 +2.7816694e+01 +2.9918929e+01 
-2.8311614e+01 -2.8204742e+01 -2.8204733e+01 -2.8192317e+01 -2.8170240e+01 -1.2780693e+01 -4.5709942e+00 +3.2579387e+00 +3.2691303e+00 +1.0203146e+01 +1.0531232e+01 +1.1661986e+01 +1.2609152e+01 +2.2890034e+01 +2.8071775e+01 +2.9692747e+01 
-2.8312662e+01 -2.8204533e+01 -2.8204532e+01 -2.8192749e+01 -2.8169881e+01 -1.2791577e+01 -4.5811343e+00 +3.3347489e+00 +3.3397972e+00 +1.0059421e+01 +1.0435385e+01 +1.2298078e+01 +1.2823198e+01 +2.3123816e+01 +2.8252567e+01 +2.9523130e+01 
-2.8313292e+01 -2.8204411e+01 -2.8204410e+01 -2.8193009e+01 -2.8169664e+01 -1.2798116e+01 -4.5867734e+00 +3.3822221e+00 +3.3834948e+00 +9.9714045e+00 +1.0375849e+01 +1.2807035e+01 +1.2959791e+01 +2.3275811e+01 +2.8354754e+01 +2.9416613e+01 
-2.8313502e+01 -2.8204370e+01 -2.8204370e+01 -2.8193096e+01 -2.8169592e+01 -1.2800297e+01 -4.5885543e+00 +3.3982898e+00 +3.3982898e+00 +9.9417564e+00 +1.0355652e+01 +1.3006790e+01 +1.3006790e+01 +2.3328696e+01 +2.8386632e+01 +2.9380108e+01 
-2.8251558e+01 -2.8243176e+01 -2.8201600e+01 -2.8201600e+01 -2.8123899e+01 -1.1589061e+01 -3.1624701e+00 -3.1624701e+00 +3.5256754e+00 +4.5581341e+00 +1.4957800e+01 +1.5123709e+01 +1.5123709e+01 +2.3506876e+01 +2.3506876e+01 +2.7371077e+01 
-2.8251276e+01 -2.8243166e+01 -2.8201683e+01 -2.8201683e+01 -2.8123894e+01 -1.1586987e+01 -3.1601282e+00 -3.1601282e+00 +3.5281118e+00 +4.5342949e+00 +1.4956498e+01 +1.4994622e+01 +1.4994622e+01 +2.3631697e+01 +2.3631697e+01 +2.7376112e+01 
-2.8250432e+01 -2.8243135e+01 -2.8201933e+01 -2.8201933e+01 -2.8123880e+01 -1.1580767e+01 -3.1531049e+00 -3.1531049e+00 +3.5354212e+00 +4.4633456e+00 +1.4647287e+01 +1.4647287e+01 +1.4957005e+01 +2.3962093e+01 +2.3962093e+01 +2.7391247e+01 
-2.8249032e+01 -2.8243084e+01 -2.8202347e+01 -2.8202347e+01 -2.8123857e+01 -1.1570416e+01 -3.1414108e+00 -3.1414108e+00 +3.5476037e+00 +4.3470921e+00 +1.4167142e+01 +1.4167142e+01 +1.4970668e+01 +2.4403031e+01 +2.4403031e+01 +2.7416569e+01 
-2.8247083e+01 -2.8243014e+01 -2.8202923e+01 -2.8202923e+01 -2.8123824e+01 -1.1555959e+01 -3.1250737e+00 -3.1250737e+00 +3.5646603e+00 +4.1887530e+00 +1.3631327e+01 +1.3631327e+01 +1.5011312e+01 +2.4868371e+01 +2.4868371e+01 +2.7452220e+01 
-2.8244600e+01 -2.8242924e+01 -2.8203656e+01 -2.8203656e+01 -2.8123784e+01 -1.1537437e+01 -3.1041466e+00 -3.1041466e+00 +3.5865935e+00 +3.9929555e+00 +1.3087737e+01 +1.3087737e+01 +1.5090794e+01 +2.5306548e+01 +2.5306548e+01 +2.7498383e+01 
-2.8242816e+01 -2.8241603e+01 -2.8204541e+01 -2.8204541e+01 -2.8123735e+01 -1.1514913e+01 -3.0787111e+00 -3.0787111e+00 +3.6134090e+00 +3.7654105e+00 +1.2559484e+01 +1.2559484e+01 +1.5216443e+01 +2.5697314e+01 +2.5697314e+01 +2.7555276e+01 
-2.8242691e+01 -2.8238114e+01 -2.8205570e+01 -2.8205570e+01 -2.8123679e+01 -1.1488468e+01 -3.0488773e+00 -3.0488773e+00 +3.5123536e+00 +3.6451167e+00 +1.2055017e+01 +1.2055017e+01 +1.5390674e+01 +2.6040038e+01 +2.6040038e+01 +2.7623129e+01 
-2.8242550e+01 -2.8234164e+01 -2.8206733e+01 -2.8206733e+01 -2.8123617e+01 -1.1458207e+01 -3.0147824e+00 -3.0147824e+00 +3.2399567e+00 +3.6817331e+00 +1.1575795e+01 +1.1575795e+01 +1.5611977e+01 +2.6343498e+01 +2.6343498e+01 +2.7702167e+01 
-2.8242395e+01 -2.8229786e+01 -2.8208020e+01 -2.8208020e+01 -2.8123549e+01 -1.1424259e+01 -2.9765899e+00 -2.9765899e+00 +2.9538845e+00 +3.7232831e+00 +1.1120621e+01 +1.1120621e+01 +1.5876362e+01 +2.6619333e+01 +2.6619333e+01 +2.7792586e+01 
-2.8242227e+01 -2.8225017e+01 -2.8209419e+01 -2.8209419e+01 -2.8123477e+01 -1.1386775e+01 -2.9344889e+00 -2.9344889e+00 +2.6590565e+00 +3.7698017e+00 +1.0687684e+01 +1.0687684e+01 +1.6178648e+01 +2.6878589e+01 +2.6878589e+01 +2.7894524e+01 
-2.8242048e+01 -2.8219899e+01 -2.8210917e+01 -2.8210917e+01 -2.8123400e+01 -1.1345935e+01 -2.8886948e+00 -2.8886948e+00 +2.3595872e+00 +3.8213366e+00 +1.0275355e+01 +1.0275355e+01 +1.6513379e+01 +2.7130253e+01 +2.7130253e+01 +2.8008029e+01 
-2.8241859e+01 -2.8214475e+01 -2.8212501e+01 -2.8212501e+01 -2.8123321e+01 -1.1301947e+01 -2.8394509e+00 -2.8394509e+00 +2.0588404e+00 +3.8779492e+00 +9.8823937e+00 +9.8823937e+00 +1.6875397e+01 +2.7380908e+01 +2.7380908e+01 +2.8133026e+01 
-2.8241663e+01 -2.8214155e+01 -2.8214155e+01 -2.8208792e+01 -2.8123241e+01 -1.1255048e+01 -2.7870304e+00 -2.7870304e+00 +1.7595387e+00 +3.9397152e+00 +9.5079260e+00 +9.5079260e+00 +1.7260142e+01 +2.7634914e+01 +2.7634914e+01 +2.8269282e+01 
-2.8241462e+01 -2.8215866e+01 -2.8215866e+01 -2.8202898e+01 -2.8123160e+01 -1.1205509e+01 -2.7317387e+00 -2.7317387e+00 +1.4638872e+00 +4.0067242e+00 +9.1513588e+00 +9.1513588e+00 +1.7663814e+01 +2.7894783e+01 +2.7894783e+01 +2.8416367e+01 
-2.8241257e+01 -2.8217618e+01 -2.8217618e+01 -2.8196845e+01 -2.8123079e+01 -1.1153633e+01 -2.6739167e+00 -2.6739167e+00 +1.1736903e+00 +4.0790763e+00 +8.8122950e+00 +8.8122950e+00 +1.8083446e+01 +2.8161586e+01 +2.8161586e+01 +2.8573626e+01 
-2.8241051e+01 -2.8219394e+01 -2.8219394e+01 -2.8190684e+01 -2.8123000e+01 -1.1099764e+01 -2.6139436e+00 -2.6139436e+00 +8.9045206e-01 +4.1568757e+00 +8.4904713e+00 +8.4904713e+00 +1.8516966e+01 +2.8435310e+01 +2.8435310e+01 +2.8740143e+01 
-2.8240846e+01 -2.8221179e+01 -2.8221179e+01 -2.8184469e+01 -2.8122924e+01 -1.1044285e+01 -2.5522397e+00 -2.5522397e+00 +6.1545863e-01 +4.2402198e+00 +8.1857198e+00 +8.1857198e+00 +1.8963283e+01 +2.8715146e+01 +2.8715146e+01 +2.8914728e+01 
-2.8240645e+01 -2.8222956e+01 -2.8222956e+01 -2.8178252e+01 -2.8122852e+01 -1.0987618e+01 -2.4892697e+00 -2.4892697e+00 +3.4984591e-01 +4.3291806e+00 +7.8979460e+00 +7.8979460e+00 +1.9422415e+01 +2.8999698e+01 +2.8999698e+01 +2.9095897e+01 
-2.8240449e+01 -2.8224708e+01 -2.8224708e+01 -2.8172091e+01 -2.8122784e+01 -1.0930232e+01 -2.4255445e+00 -2.4255445e+00 +9.4654463e-02 +4.4237785e+00 +7.6271195e+00 +7.6271195e+00 +1.9895681e+01 +2.9281882e+01 +2.9287133e+01 +2.9287133e+01 
-2.8240260e+01 -2.8226421e+01 -2.8226421e+01 -2.8166042e+01 -2.8122722e+01 -1.0872637e+01 -2.3616234e+00 -2.3616234e+00 -1.4912408e-01 +4.5239430e+00 +7.3732694e+00 +7.3732694e+00 +2.0385959e+01 +2.9470640e+01 +2.9575280e+01 +2.9575280e+01 
-2.8240081e+01 -2.8228079e+01 -2.8228079e+01 -2.8160165e+01 -2.8122665e+01 -1.0815389e+01 -2.2981142e+00 -2.2981142e+00 -3.8050696e-01 +4.6294598e+00 +7.1364845e+00 +7.1364845e+00 +2.0897960e+01 +2.9659888e+01 +2.9861687e+01 +2.9861687e+01 
-2.8239913e+01 -2.8229666e+01 -2.8229666e+01 -2.8154520e+01 -2.8122614e+01 -1.0759082e+01 -2.2356719e+00 -2.2356719e+00 -5.9848634e-01 +4.7399015e+00 +6.9169122e+00 +6.9169122e+00 +2.1438437e+01 +2.9847151e+01 +3.0143656e+01 +3.0143656e+01 
-2.8239759e+01 -2.8231169e+01 -2.8231169e+01 -2.8149174e+01 -2.8122570e+01 -1.0704352e+01 -2.1749955e+00 -2.1749955e+00 -8.0200473e-01 +4.8545412e+00 +6.7147578e+00 +6.7147578e+00 +2.2016169e+01 +3.0029818e+01 +3.0418257e+01 +3.0418257e+01 
-2.8239618e+01 -2.8232572e+01 -2.8232572e+01 -2.8144191e+01 -2.8122532e+01 -1.0651867e+01 -2.1168213e+00 -2.1168213e+00 -9.8994812e-01 +4.9722521e+00 +6.5302806e+00 +6.5302806e+00 +2.2641507e+01 +3.0205209e+01 +3.0682340e+01 +3.0682340e+01 
-2.8239493e+01 -2.8233865e+01 -2.8233865e+01 -2.8139635e+01 -2.8122500e+01 -1.0602320e+01 -2.0619137e+00 -2.0619137e+00 -1.1611672e+00 +5.0914028e+00 +6.3637877e+00 +6.3637877e+00 +2.3325324e+01 +3.0370655e+01 +3.0932553e+01 +3.0932553e+01 
-2.8239384e+01 -2.8235034e+01 -2.8235034e+01 -2.8135565e+01 -2.8122474e+01 -1.0556419e+01 -2.0110507e+00 -2.0110507e+00 -1.3145334e+00 +5.2097637e+00 +6.2156249e+00 +6.2156249e+00 +2.4077432e+01 +3.0523566e+01 +3.1165377e+01 +3.1165377e+01 
-2.8239291e+01 -2.8236070e+01 -2.8236070e+01 -2.8132025e+01 -2.8122453e+01 -1.0514867e+01 -1.9650070e+00 -1.9650070e+00 -1.4490210e+00 +5.3244525e+00 +6.0861635e+00 +6.0861635e+00 +2.4904920e+01 +3.0661504e+01 +3.1377185e+01 +3.1377185e+01 
-2.8239214e+01 -2.8236963e+01 -2.8236963e+01 -2.8129041e+01 -2.8122438e+01 -1.0478346e+01 -1.9245319e+00 -1.9245319e+00 -1.5637883e+00 +5.4319537e+00 +5.9757849e+00 +5.9757849e+00 +2.5811106e+01 +3.0782242e+01 +3.1564333e+01 +3.1564333e+01 
-2.8239153e+01 -2.8237705e+01 -2.8237705e+01 -2.8126622e+01 -2.8122426e+01 -1.0447489e+01 -1.8903248e+00 -1.8903248e+00 -1.6582215e+00 +5.5282489e+00 +5.8848615e+00 +5.8848615e+00 +2.6795659e+01 +3.0883822e+01 +3.1723294e+01 +3.1723294e+01 
-2.8239107e+01 -2.8238289e+01 -2.8238289e+01 -2.8124762e+01 -2.8122418e+01 -1.0422858e+01 -1.8630082e+00 -1.8630082e+00 -1.7319265e+00 +5.6090856e+00 +5.8137367e+00 +5.8137367e+00 +2.7855622e+01 +3.0964591e+01 +3.1850814e+01 +3.1850814e+01 
-2.8239075e+01 -2.8238710e+01 -2.8238710e+01 -2.8123449e+01 -2.8122412e+01 -1.0404915e+01 -1.8431011e+00 -1.8431011e+00 -1.7846790e+00 +5.6703777e+00 +5.7627042e+00 +5.7627042e+00 +2.8985467e+01 +3.1023237e+01 +3.1944095e+01 +3.1944095e+01 
-2.8239056e+01 -2.8238964e+01 -2.8238964e+01 -2.8122667e+01 -2.8122409e+01 -1.0394006e+01 -1.8309944e+00 -1.8309944e+00 -1.8163646e+00 +5.7086937e+00 +5.7319899e+00 +5.7319899e+00 +3.0165835e+01 +3.1058809e+01 +3.2000978e+01 +3.2000978e+01 
-2.8239049e+01 -2.8239049e+01 -2.8239049e+01 -2.8122408e+01 -2.8122408e+01 -1.0390345e+01 -1.8269313e+00 -1.8269313e+00 -1.8269313e+00 +5.7217356e+00 +5.7217356e+00 +5.7217356e+00 +3.1070731e+01 +3.1070731e+01 +3.2020095e+01 +3.2020095e+01 
