# num high symmetry points
12
# label high symmetry points
G M K G A L H A L M K H 
# indices high symmetry points
1 32 50 86 108 139 157 193 194 216 217 239 
# nk, nb, ns
239 10 1
# k-points (frac coords)
+0.0000000e+00 +0.0000000e+00 +0.0000000e+00 
+1.6129032e-02 +0.0000000e+00 +0.0000000e+00 
+3.2258065e-02 +0.0000000e+00 +0.0000000e+00 
+4.8387097e-02 +0.0000000e+00 +0.0000000e+00 
+6.4516129e-02 +0.0000000e+00 +0.0000000e+00 
+8.0645161e-02 +0.0000000e+00 +0.0000000e+00 
+9.6774194e-02 +0.0000000e+00 +0.0000000e+00 
+1.1290323e-01 +0.0000000e+00 +0.0000000e+00 
+1.2903226e-01 +0.0000000e+00 +0.0000000e+00 
+1.4516129e-01 +0.0000000e+00 +0.0000000e+00 
+1.6129032e-01 +0.0000000e+00 +0.0000000e+00 
+1.7741935e-01 +0.0000000e+00 +0.0000000e+00 
+1.9354839e-01 +0.0000000e+00 +0.0000000e+00 
+2.0967742e-01 +0.0000000e+00 +0.0000000e+00 
+2.2580645e-01 +0.0000000e+00 +0.0000000e+00 
+2.4193548e-01 +0.0000000e+00 +0.0000000e+00 
+2.5806452e-01 +0.0000000e+00 +0.0000000e+00 
+2.7419355e-01 +0.0000000e+00 +0.0000000e+00 
+2.9032258e-01 +0.0000000e+00 +0.0000000e+00 
+3.0645161e-01 +0.0000000e+00 +0.0000000e+00 
+3.2258065e-01 +0.0000000e+00 +0.0000000e+00 
+3.3870968e-01 +0.0000000e+00 +0.0000000e+00 
+3.5483871e-01 +0.0000000e+00 +0.0000000e+00 
+3.7096774e-01 +0.0000000e+00 +0.0000000e+00 
+3.8709677e-01 +0.0000000e+00 +0.0000000e+00 
+4.0322581e-01 +0.0000000e+00 +0.0000000e+00 
+4.1935484e-01 +0.0000000e+00 +0.0000000e+00 
+4.3548387e-01 +0.0000000e+00 +0.0000000e+00 
+4.5161290e-01 +0.0000000e+00 +0.0000000e+00 
+4.6774194e-01 +0.0000000e+00 +0.0000000e+00 
+4.8387097e-01 +0.0000000e+00 +0.0000000e+00 
+5.0000000e-01 +0.0000000e+00 +0.0000000e+00 
+4.9074074e-01 +1.8518519e-02 +0.0000000e+00 
+4.8148148e-01 +3.7037037e-02 +0.0000000e+00 
+4.7222222e-01 +5.5555556e-02 +0.0000000e+00 
+4.6296296e-01 +7.4074074e-02 +0.0000000e+00 
+4.5370370e-01 +9.2592593e-02 +0.0000000e+00 
+4.4444444e-01 +1.1111111e-01 +0.0000000e+00 
+4.3518519e-01 +1.2962963e-01 +0.0000000e+00 
+4.2592593e-01 +1.4814815e-01 +0.0000000e+00 
+4.1666667e-01 +1.6666667e-01 +0.0000000e+00 
+4.0740741e-01 +1.8518519e-01 +0.0000000e+00 
+3.9814815e-01 +2.0370370e-01 +0.0000000e+00 
+3.8888889e-01 +2.2222222e-01 +0.0000000e+00 
+3.7962963e-01 +2.4074074e-01 +0.0000000e+00 
+3.7037037e-01 +2.5925926e-01 +0.0000000e+00 
+3.6111111e-01 +2.7777778e-01 +0.0000000e+00 
+3.5185185e-01 +2.9629630e-01 +0.0000000e+00 
+3.4259259e-01 +3.1481481e-01 +0.0000000e+00 
+3.3333333e-01 +3.3333333e-01 +0.0000000e+00 
+3.2407407e-01 +3.2407407e-01 +0.0000000e+00 
+3.1481481e-01 +3.1481481e-01 +0.0000000e+00 
+3.0555556e-01 +3.0555556e-01 +0.0000000e+00 
+2.9629630e-01 +2.9629630e-01 +0.0000000e+00 
+2.8703704e-01 +2.8703704e-01 +0.0000000e+00 
+2.7777778e-01 +2.7777778e-01 +0.0000000e+00 
+2.6851852e-01 +2.6851852e-01 +0.0000000e+00 
+2.5925926e-01 +2.5925926e-01 +0.0000000e+00 
+2.5000000e-01 +2.5000000e-01 +0.0000000e+00 
+2.4074074e-01 +2.4074074e-01 +0.0000000e+00 
+2.3148148e-01 +2.3148148e-01 +0.0000000e+00 
+2.2222222e-01 +2.2222222e-01 +0.0000000e+00 
+2.1296296e-01 +2.1296296e-01 +0.0000000e+00 
+2.0370370e-01 +2.0370370e-01 +0.0000000e+00 
+1.9444444e-01 +1.9444444e-01 +0.0000000e+00 
+1.8518519e-01 +1.8518519e-01 +0.0000000e+00 
+1.7592593e-01 +1.7592593e-01 +0.0000000e+00 
+1.6666667e-01 +1.6666667e-01 +0.0000000e+00 
+1.5740741e-01 +1.5740741e-01 +0.0000000e+00 
+1.4814815e-01 +1.4814815e-01 +0.0000000e+00 
+1.3888889e-01 +1.3888889e-01 +0.0000000e+00 
+1.2962963e-01 +1.2962963e-01 +0.0000000e+00 
+1.2037037e-01 +1.2037037e-01 +0.0000000e+00 
+1.1111111e-01 +1.1111111e-01 +0.0000000e+00 
+1.0185185e-01 +1.0185185e-01 +0.0000000e+00 
+9.2592593e-02 +9.2592593e-02 +0.0000000e+00 
+8.3333333e-02 +8.3333333e-02 +0.0000000e+00 
+7.4074074e-02 +7.4074074e-02 +0.0000000e+00 
+6.4814815e-02 +6.4814815e-02 +0.0000000e+00 
+5.5555556e-02 +5.5555556e-02 +0.0000000e+00 
+4.6296296e-02 +4.6296296e-02 +0.0000000e+00 
+3.7037037e-02 +3.7037037e-02 +0.0000000e+00 
+2.7777778e-02 +2.7777778e-02 +0.0000000e+00 
+1.8518519e-02 +1.8518519e-02 +0.0000000e+00 
+9.2592593e-03 +9.2592593e-03 +0.0000000e+00 
+0.0000000e+00 +0.0000000e+00 +0.0000000e+00 
+0.0000000e+00 +0.0000000e+00 +2.2727273e-02 
+0.0000000e+00 +0.0000000e+00 +4.5454545e-02 
+0.0000000e+00 +0.0000000e+00 +6.8181818e-02 
+0.0000000e+00 +0.0000000e+00 +9.0909091e-02 
+0.0000000e+00 +0.0000000e+00 +1.1363636e-01 
+0.0000000e+00 +0.0000000e+00 +1.3636364e-01 
+0.0000000e+00 +0.0000000e+00 +1.5909091e-01 
+0.0000000e+00 +0.0000000e+00 +1.8181818e-01 
+0.0000000e+00 +0.0000000e+00 +2.0454545e-01 
+0.0000000e+00 +0.0000000e+00 +2.2727273e-01 
+0.0000000e+00 +0.0000000e+00 +2.5000000e-01 
+0.0000000e+00 +0.0000000e+00 +2.7272727e-01 
+0.0000000e+00 +0.0000000e+00 +2.9545455e-01 
+0.0000000e+00 +0.0000000e+00 +3.1818182e-01 
+0.0000000e+00 +0.0000000e+00 +3.4090909e-01 
+0.0000000e+00 +0.0000000e+00 +3.6363636e-01 
+0.0000000e+00 +0.0000000e+00 +3.8636364e-01 
+0.0000000e+00 +0.0000000e+00 +4.0909091e-01 
+0.0000000e+00 +0.0000000e+00 +4.3181818e-01 
+0.0000000e+00 +0.0000000e+00 +4.5454545e-01 
+0.0000000e+00 +0.0000000e+00 +4.7727273e-01 
+0.0000000e+00 +0.0000000e+00 +5.0000000e-01 
+1.6129032e-02 +0.0000000e+00 +5.0000000e-01 
+3.2258065e-02 +0.0000000e+00 +5.0000000e-01 
+4.8387097e-02 +0.0000000e+00 +5.0000000e-01 
+6.4516129e-02 +0.0000000e+00 +5.0000000e-01 
+8.0645161e-02 +0.0000000e+00 +5.0000000e-01 
+9.6774194e-02 +0.0000000e+00 +5.0000000e-01 
+1.1290323e-01 +0.0000000e+00 +5.0000000e-01 
+1.2903226e-01 +0.0000000e+00 +5.0000000e-01 
+1.4516129e-01 +0.0000000e+00 +5.0000000e-01 
+1.6129032e-01 +0.0000000e+00 +5.0000000e-01 
+1.7741935e-01 +0.0000000e+00 +5.0000000e-01 
+1.9354839e-01 +0.0000000e+00 +5.0000000e-01 
+2.0967742e-01 +0.0000000e+00 +5.0000000e-01 
+2.2580645e-01 +0.0000000e+00 +5.0000000e-01 
+2.4193548e-01 +0.0000000e+00 +5.0000000e-01 
+2.5806452e-01 +0.0000000e+00 +5.0000000e-01 
+2.7419355e-01 +0.0000000e+00 +5.0000000e-01 
+2.9032258e-01 +0.0000000e+00 +5.0000000e-01 
+3.0645161e-01 +0.0000000e+00 +5.0000000e-01 
+3.2258065e-01 +0.0000000e+00 +5.0000000e-01 
+3.3870968e-01 +0.0000000e+00 +5.0000000e-01 
+3.5483871e-01 +0.0000000e+00 +5.0000000e-01 
+3.7096774e-01 +0.0000000e+00 +5.0000000e-01 
+3.8709677e-01 +0.0000000e+00 +5.0000000e-01 
+4.0322581e-01 +0.0000000e+00 +5.0000000e-01 
+4.1935484e-01 +0.0000000e+00 +5.0000000e-01 
+4.3548387e-01 +0.0000000e+00 +5.0000000e-01 
+4.5161290e-01 +0.0000000e+00 +5.0000000e-01 
+4.6774194e-01 +0.0000000e+00 +5.0000000e-01 
+4.8387097e-01 +0.0000000e+00 +5.0000000e-01 
+5.0000000e-01 +0.0000000e+00 +5.0000000e-01 
+4.9074074e-01 +1.8518519e-02 +5.0000000e-01 
+4.8148148e-01 +3.7037037e-02 +5.0000000e-01 
+4.7222222e-01 +5.5555556e-02 +5.0000000e-01 
+4.6296296e-01 +7.4074074e-02 +5.0000000e-01 
+4.5370370e-01 +9.2592593e-02 +5.0000000e-01 
+4.4444444e-01 +1.1111111e-01 +5.0000000e-01 
+4.3518519e-01 +1.2962963e-01 +5.0000000e-01 
+4.2592593e-01 +1.4814815e-01 +5.0000000e-01 
+4.1666667e-01 +1.6666667e-01 +5.0000000e-01 
+4.0740741e-01 +1.8518519e-01 +5.0000000e-01 
+3.9814815e-01 +2.0370370e-01 +5.0000000e-01 
+3.8888889e-01 +2.2222222e-01 +5.0000000e-01 
+3.7962963e-01 +2.4074074e-01 +5.0000000e-01 
+3.7037037e-01 +2.5925926e-01 +5.0000000e-01 
+3.6111111e-01 +2.7777778e-01 +5.0000000e-01 
+3.5185185e-01 +2.9629630e-01 +5.0000000e-01 
+3.4259259e-01 +3.1481481e-01 +5.0000000e-01 
+3.3333333e-01 +3.3333333e-01 +5.0000000e-01 
+3.2407407e-01 +3.2407407e-01 +5.0000000e-01 
+3.1481481e-01 +3.1481481e-01 +5.0000000e-01 
+3.0555556e-01 +3.0555556e-01 +5.0000000e-01 
+2.9629630e-01 +2.9629630e-01 +5.0000000e-01 
+2.8703704e-01 +2.8703704e-01 +5.0000000e-01 
+2.7777778e-01 +2.7777778e-01 +5.0000000e-01 
+2.6851852e-01 +2.6851852e-01 +5.0000000e-01 
+2.5925926e-01 +2.5925926e-01 +5.0000000e-01 
+2.5000000e-01 +2.5000000e-01 +5.0000000e-01 
+2.4074074e-01 +2.4074074e-01 +5.0000000e-01 
+2.3148148e-01 +2.3148148e-01 +5.0000000e-01 
+2.2222222e-01 +2.2222222e-01 +5.0000000e-01 
+2.1296296e-01 +2.1296296e-01 +5.0000000e-01 
+2.0370370e-01 +2.0370370e-01 +5.0000000e-01 
+1.9444444e-01 +1.9444444e-01 +5.0000000e-01 
+1.8518519e-01 +1.8518519e-01 +5.0000000e-01 
+1.7592593e-01 +1.7592593e-01 +5.0000000e-01 
+1.6666667e-01 +1.6666667e-01 +5.0000000e-01 
+1.5740741e-01 +1.5740741e-01 +5.0000000e-01 
+1.4814815e-01 +1.4814815e-01 +5.0000000e-01 
+1.3888889e-01 +1.3888889e-01 +5.0000000e-01 
+1.2962963e-01 +1.2962963e-01 +5.0000000e-01 
+1.2037037e-01 +1.2037037e-01 +5.0000000e-01 
+1.1111111e-01 +1.1111111e-01 +5.0000000e-01 
+1.0185185e-01 +1.0185185e-01 +5.0000000e-01 
+9.2592593e-02 +9.2592593e-02 +5.0000000e-01 
+8.3333333e-02 +8.3333333e-02 +5.0000000e-01 
+7.4074074e-02 +7.4074074e-02 +5.0000000e-01 
+6.4814815e-02 +6.4814815e-02 +5.0000000e-01 
+5.5555556e-02 +5.5555556e-02 +5.0000000e-01 
+4.6296296e-02 +4.6296296e-02 +5.0000000e-01 
+3.7037037e-02 +3.7037037e-02 +5.0000000e-01 
+2.7777778e-02 +2.7777778e-02 +5.0000000e-01 
+1.8518519e-02 +1.8518519e-02 +5.0000000e-01 
+9.2592593e-03 +9.2592593e-03 +5.0000000e-01 
+0.0000000e+00 +0.0000000e+00 +5.0000000e-01 
+5.0000000e-01 +0.0000000e+00 +5.0000000e-01 
+5.0000000e-01 +0.0000000e+00 +4.7727273e-01 
+5.0000000e-01 +0.0000000e+00 +4.5454545e-01 
+5.0000000e-01 +0.0000000e+00 +4.3181818e-01 
+5.0000000e-01 +0.0000000e+00 +4.0909091e-01 
+5.0000000e-01 +0.0000000e+00 +3.8636364e-01 
+5.0000000e-01 +0.0000000e+00 +3.6363636e-01 
+5.0000000e-01 +0.0000000e+00 +3.4090909e-01 
+5.0000000e-01 +0.0000000e+00 +3.1818182e-01 
+5.0000000e-01 +0.0000000e+00 +2.9545455e-01 
+5.0000000e-01 +0.0000000e+00 +2.7272727e-01 
+5.0000000e-01 +0.0000000e+00 +2.5000000e-01 
+5.0000000e-01 +0.0000000e+00 +2.2727273e-01 
+5.0000000e-01 +0.0000000e+00 +2.0454545e-01 
+5.0000000e-01 +0.0000000e+00 +1.8181818e-01 
+5.0000000e-01 +0.0000000e+00 +1.5909091e-01 
+5.0000000e-01 +0.0000000e+00 +1.3636364e-01 
+5.0000000e-01 +0.0000000e+00 +1.1363636e-01 
+5.0000000e-01 +0.0000000e+00 +9.0909091e-02 
+5.0000000e-01 +0.0000000e+00 +6.8181818e-02 
+5.0000000e-01 +0.0000000e+00 +4.5454545e-02 
+5.0000000e-01 +0.0000000e+00 +2.2727273e-02 
+5.0000000e-01 +0.0000000e+00 +0.0000000e+00 
+3.3333333e-01 +3.3333333e-01 +0.0000000e+00 
+3.3333333e-01 +3.3333333e-01 +2.2727273e-02 
+3.3333333e-01 +3.3333333e-01 +4.5454545e-02 
+3.3333333e-01 +3.3333333e-01 +6.8181818e-02 
+3.3333333e-01 +3.3333333e-01 +9.0909091e-02 
+3.3333333e-01 +3.3333333e-01 +1.1363636e-01 
+3.3333333e-01 +3.3333333e-01 +1.3636364e-01 
+3.3333333e-01 +3.3333333e-01 +1.5909091e-01 
+3.3333333e-01 +3.3333333e-01 +1.8181818e-01 
+3.3333333e-01 +3.3333333e-01 +2.0454545e-01 
+3.3333333e-01 +3.3333333e-01 +2.2727273e-01 
+3.3333333e-01 +3.3333333e-01 +2.5000000e-01 
+3.3333333e-01 +3.3333333e-01 +2.7272727e-01 
+3.3333333e-01 +3.3333333e-01 +2.9545455e-01 
+3.3333333e-01 +3.3333333e-01 +3.1818182e-01 
+3.3333333e-01 +3.3333333e-01 +3.4090909e-01 
+3.3333333e-01 +3.3333333e-01 +3.6363636e-01 
+3.3333333e-01 +3.3333333e-01 +3.8636364e-01 
+3.3333333e-01 +3.3333333e-01 +4.0909091e-01 
+3.3333333e-01 +3.3333333e-01 +4.3181818e-01 
+3.3333333e-01 +3.3333333e-01 +4.5454545e-01 
+3.3333333e-01 +3.3333333e-01 +4.7727273e-01 
+3.3333333e-01 +3.3333333e-01 +5.0000000e-01 
# energies (kpt,band,spin)
# spin = 1
-1.0697647e+01 -9.3983277e+00 +1.4861637e-01 +2.1820688e+00 +5.3561641e+00 +6.6891759e+00 +7.0306216e+00 +7.0306688e+00 +8.3896557e+00 +8.3896867e+00 
-1.0696478e+01 -9.3985483e+00 +1.5136058e-01 +2.1785945e+00 +5.3389346e+00 +6.6831875e+00 +7.0097516e+00 +7.0317874e+00 +8.4083819e+00 +8.4138094e+00 
-1.0692975e+01 -9.3992134e+00 +1.5959045e-01 +2.1682109e+00 +5.2888685e+00 +6.6652713e+00 +6.9512098e+00 +7.0347435e+00 +8.4632700e+00 +8.4818964e+00 
-1.0687155e+01 -9.4003327e+00 +1.7329775e-01 +2.1510338e+00 +5.2102749e+00 +6.6355729e+00 +6.8645462e+00 +7.0382392e+00 +8.5508315e+00 +8.5840289e+00 
-1.0679046e+01 -9.4019223e+00 +1.9246860e-01 +2.1272497e+00 +5.1088800e+00 +6.5943285e+00 +6.7595544e+00 +7.0407774e+00 +8.6660965e+00 +8.7097242e+00 
-1.0668683e+01 -9.4040042e+00 +2.1708319e-01 +2.0971073e+00 +4.9906045e+00 +6.5418551e+00 +6.6438048e+00 +7.0410198e+00 +8.8034372e+00 +8.8503908e+00 
-1.0656117e+01 -9.4066063e+00 +2.4711542e-01 +2.0609080e+00 +4.8608137e+00 +6.4785403e+00 +6.5224970e+00 +7.0379286e+00 +8.9570960e+00 +8.9994217e+00 
-1.0641406e+01 -9.4097611e+00 +2.8253238e-01 +2.0189956e+00 +4.7240323e+00 +6.3990750e+00 +6.4048311e+00 +7.0307610e+00 +9.1212196e+00 +9.1515230e+00 
-1.0624621e+01 -9.4135059e+00 +3.2329367e-01 +1.9717497e+00 +4.5839377e+00 +6.2758246e+00 +6.3212237e+00 +7.0190339e+00 +9.2892153e+00 +9.3020715e+00 
-1.0605844e+01 -9.4178814e+00 +3.6935052e-01 +1.9195805e+00 +4.4434669e+00 +6.1542926e+00 +6.2282552e+00 +7.0025010e+00 +9.4467048e+00 +9.4519426e+00 
-1.0585168e+01 -9.4229309e+00 +4.2064469e-01 +1.8629285e+00 +4.3049476e+00 +6.0355517e+00 +6.1264974e+00 +6.9811414e+00 +9.5811718e+00 +9.5936811e+00 
-1.0562698e+01 -9.4286992e+00 +4.7710697e-01 +1.8022670e+00 +4.1702133e+00 +5.9203655e+00 +6.0165536e+00 +6.9551456e+00 +9.6867903e+00 +9.7014548e+00 
-1.0538549e+01 -9.4352311e+00 +5.3865539e-01 +1.7381077e+00 +4.0406930e+00 +5.8092913e+00 +5.8990569e+00 +6.9248911e+00 +9.7012561e+00 +9.8041436e+00 
-1.0512851e+01 -9.4425699e+00 +6.0519285e-01 +1.6710073e+00 +3.9174783e+00 +5.7027448e+00 +5.7746704e+00 +6.8909066e+00 +9.6392801e+00 +1.0882766e+01 
-1.0485743e+01 -9.4507557e+00 +6.7660396e-01 +1.6015732e+00 +3.8013720e+00 +5.6010426e+00 +5.6440882e+00 +6.8538297e+00 +9.5307830e+00 +1.0701703e+01 
-1.0457382e+01 -9.4598227e+00 +7.5275107e-01 +1.5304662e+00 +3.6929275e+00 +5.5044301e+00 +5.5080372e+00 +6.8143636e+00 +9.4004303e+00 +1.0531840e+01 
-1.0427935e+01 -9.4697973e+00 +8.3346879e-01 +1.4583992e+00 +3.5924814e+00 +5.3672791e+00 +5.4131004e+00 +6.7732398e+00 +9.2616902e+00 +1.0373274e+01 
-1.0397587e+01 -9.4806943e+00 +9.1855676e-01 +1.3861300e+00 +3.5001846e+00 +5.2226130e+00 +5.3272077e+00 +6.7311865e+00 +9.1216906e+00 +1.0226015e+01 
-1.0366538e+01 -9.4925136e+00 +1.0077697e+00 +1.3144496e+00 +3.4160329e+00 +5.0748803e+00 +5.2468764e+00 +6.6889071e+00 +8.9845091e+00 +1.0090006e+01 
-1.0335010e+01 -9.5052353e+00 +1.1008035e+00 +1.2441670e+00 +3.3398977e+00 +4.9249721e+00 +5.1722076e+00 +6.6470654e+00 +8.8526940e+00 +9.9651315e+00 
-1.0303248e+01 -9.5188139e+00 +1.1760913e+00 +1.1972757e+00 +3.2715561e+00 +4.7738412e+00 +5.1032845e+00 +6.6062780e+00 +8.7279611e+00 +9.8512388e+00 
-1.0271525e+01 -9.5331706e+00 +1.1110138e+00 +1.2966975e+00 +3.2107192e+00 +4.6225241e+00 +5.0401758e+00 +6.5671111e+00 +8.6115336e+00 +9.7481464e+00 
-1.0240151e+01 -9.5481842e+00 +1.0496922e+00 +1.3984329e+00 +3.1570568e+00 +4.4721746e+00 +4.9829382e+00 +6.5300805e+00 +8.5043210e+00 +9.6556569e+00 
-1.0209481e+01 -9.5636779e+00 +9.9283631e-01 +1.5016377e+00 +3.1102205e+00 +4.3241188e+00 +4.9316190e+00 +6.4956531e+00 +8.4070185e+00 +9.5735673e+00 
-1.0179932e+01 -9.5794041e+00 +9.4109681e-01 +1.6051703e+00 +3.0698609e+00 +4.1799396e+00 +4.8862573e+00 +6.4642489e+00 +8.3201672e+00 +9.5016772e+00 
-1.0151996e+01 -9.5950251e+00 +8.9505747e-01 +1.7074576e+00 +3.0356427e+00 +4.0416062e+00 +4.8468854e+00 +6.4362424e+00 +8.2441914e+00 +9.8979187e+00 
-1.0126259e+01 -9.6100920e+00 +8.5522940e-01 +1.8063027e+00 +3.0072566e+00 +3.9116634e+00 +4.8135296e+00 +6.4119633e+00 +8.1794234e+00 +9.8803623e+00 
-1.0103420e+01 -9.6240279e+00 +8.2204756e-01 +1.8986282e+00 +2.9844277e+00 +3.7934857e+00 +4.7862112e+00 +6.3916962e+00 +8.1261206e+00 +9.8653924e+00 
-1.0084284e+01 -9.6361289e+00 +7.9586880e-01 +1.9802013e+00 +2.9669229e+00 +3.6915505e+00 +4.7649470e+00 +6.3756789e+00 +8.0844781e+00 +9.8533901e+00 
-1.0069724e+01 -9.6456040e+00 +7.7697090e-01 +2.0455328e+00 +2.9545560e+00 +3.6115384e+00 +4.7497496e+00 +6.3641000e+00 +8.0546383e+00 +9.8446314e+00 
-1.0060568e+01 -9.6516814e+00 +7.6555226e-01 +2.0883889e+00 +2.9471912e+00 +3.5598198e+00 +4.7406277e+00 +6.3570968e+00 +8.0366978e+00 +9.8393041e+00 
-1.0057436e+01 -9.6537782e+00 +7.6173191e-01 +2.1034038e+00 +2.9447462e+00 +3.5418430e+00 +4.7375865e+00 +6.3547528e+00 +8.0307128e+00 +9.8375165e+00 
-1.0056614e+01 -9.6542425e+00 +7.6312414e-01 +2.1060781e+00 +2.9451527e+00 +3.5412363e+00 +4.7017277e+00 +6.4009429e+00 +8.0050082e+00 +9.8709026e+00 
-1.0054149e+01 -9.6556350e+00 +7.6727153e-01 +2.1140999e+00 +2.9463479e+00 +3.5393605e+00 +4.6047858e+00 +6.5288992e+00 +7.9333798e+00 +9.9654955e+00 
-1.0050055e+01 -9.6579673e+00 +7.7408274e-01 +2.1274632e+00 +2.9482546e+00 +3.5360430e+00 +4.4685022e+00 +6.7169493e+00 +7.8283740e+00 +1.0108503e+01 
-1.0044355e+01 -9.6612588e+00 +7.8340325e-01 +2.1461578e+00 +2.9507458e+00 +3.5309965e+00 +4.3118603e+00 +6.9462251e+00 +7.7030386e+00 +1.0286420e+01 
-1.0037081e+01 -9.6655356e+00 +7.9501209e-01 +2.1701692e+00 +2.9536480e+00 +3.5238214e+00 +4.1474130e+00 +7.2043349e+00 +7.5676234e+00 +1.0488249e+01 
-1.0028273e+01 -9.6708302e+00 +8.0861790e-01 +2.1994786e+00 +2.9567460e+00 +3.5140089e+00 +3.9828753e+00 +7.4293407e+00 +7.4837695e+00 +8.5654732e+00 
-1.0017983e+01 -9.6771804e+00 +8.2385503e-01 +2.2340629e+00 +2.9597903e+00 +3.5009508e+00 +3.8230842e+00 +7.2931383e+00 +7.7799384e+00 +8.3999768e+00 
-1.0006267e+01 -9.6846284e+00 +8.4028114e-01 +2.2738940e+00 +2.9625068e+00 +3.4839511e+00 +3.6712620e+00 +7.1624645e+00 +8.0898967e+00 +8.2393870e+00 
-9.9931938e+00 -9.6932191e+00 +8.5737816e-01 +2.3189392e+00 +2.9646101e+00 +3.4622495e+00 +3.5297256e+00 +7.0397988e+00 +8.0870238e+00 +8.4116169e+00 
-9.9788364e+00 -9.7029994e+00 +8.7455981e-01 +2.3691602e+00 +2.9658202e+00 +3.4002702e+00 +3.4350517e+00 +6.9269829e+00 +7.9454987e+00 +8.7435700e+00 
-9.9632773e+00 -9.7140159e+00 +8.9118943e-01 +2.4245134e+00 +2.9658827e+00 +3.2843708e+00 +3.4015719e+00 +6.8254154e+00 +7.8169232e+00 +9.0844603e+00 
-9.9466056e+00 -9.7263140e+00 +9.0661213e-01 +2.4849492e+00 +2.9645907e+00 +3.1832758e+00 +3.3610832e+00 +6.7361624e+00 +7.7030142e+00 +9.4330211e+00 
-9.9289166e+00 -9.7399356e+00 +9.2020423e-01 +2.5504116e+00 +2.9618088e+00 +3.0980329e+00 +3.3129738e+00 +6.6600180e+00 +7.6051408e+00 +9.7877922e+00 
-9.9103120e+00 -9.7549178e+00 +9.3143904e-01 +2.6208376e+00 +2.9574947e+00 +3.0294682e+00 +3.2568021e+00 +6.5975348e+00 +7.5243358e+00 +1.0146773e+01 
-9.8908984e+00 -9.7712912e+00 +9.3996190e-01 +2.6961568e+00 +2.9517182e+00 +2.9781394e+00 +3.1923423e+00 +6.5490389e+00 +7.4612950e+00 +1.0506689e+01 
-9.8707869e+00 -9.7890779e+00 +9.4566010e-01 +2.7762907e+00 +2.9442832e+00 +2.9446728e+00 +3.1196125e+00 +6.5146392e+00 +7.4163796e+00 +1.0860971e+01 
-9.8500922e+00 -9.8082904e+00 +9.4870867e-01 +2.8611516e+00 +2.9277823e+00 +2.9366775e+00 +3.0388806e+00 +6.4942357e+00 +7.3896325e+00 +1.1192545e+01 
-9.8289329e+00 -9.8289292e+00 +9.4957613e-01 +2.9281564e+00 +2.9281810e+00 +2.9506404e+00 +2.9506472e+00 +6.4875311e+00 +7.3808118e+00 +1.1443331e+01 
-9.8509931e+00 -9.8074265e+00 +9.4898546e-01 +2.8555932e+00 +2.9196917e+00 +2.9446598e+00 +3.0446583e+00 +6.4940480e+00 +7.3894397e+00 +1.1273938e+01 
-9.8744454e+00 -9.7856975e+00 +9.4783883e-01 +2.7545724e+00 +2.9119012e+00 +2.9762181e+00 +3.1430713e+00 +6.5131379e+00 +7.4148601e+00 +1.1103162e+01 
-9.8992517e+00 -9.7638616e+00 +9.4712573e-01 +2.6485042e+00 +2.9054790e+00 +3.0216971e+00 +3.2457532e+00 +6.5440059e+00 +7.4562994e+00 +1.0934161e+01 
-9.9253595e+00 -9.7420370e+00 +9.4783521e-01 +2.5383544e+00 +2.9011528e+00 +3.0798857e+00 +3.3525569e+00 +6.5857211e+00 +7.5129220e+00 +1.0769150e+01 
-9.9527017e+00 -9.7203388e+00 +9.5088587e-01 +2.4250855e+00 +2.8996594e+00 +3.1495901e+00 +3.4633194e+00 +6.6372227e+00 +7.5838757e+00 +1.0609824e+01 
-9.9811974e+00 -9.6988786e+00 +9.5707877e-01 +2.3096254e+00 +2.9017223e+00 +3.2296803e+00 +3.5778601e+00 +6.6973166e+00 +7.6683269e+00 +1.0457613e+01 
-1.0010751e+01 -9.6777629e+00 +9.6707227e-01 +2.1928456e+00 +2.9080340e+00 +3.3191148e+00 +3.6959791e+00 +6.7646616e+00 +7.7654835e+00 +1.0313855e+01 
-1.0041256e+01 -9.6570923e+00 +9.8137337e-01 +2.0755485e+00 +2.9192422e+00 +3.4169486e+00 +3.8174553e+00 +6.8377429e+00 +7.8746101e+00 +1.0179908e+01 
-1.0072590e+01 -9.6369601e+00 +1.0003403e+00 +1.9584623e+00 +2.9359407e+00 +3.5223303e+00 +3.9420440e+00 +6.9148367e+00 +7.9950340e+00 +1.0057246e+01 
-1.0104625e+01 -9.6174518e+00 +1.0241912e+00 +1.8422402e+00 +2.9586624e+00 +3.6344922e+00 +4.0694744e+00 +6.9939696e+00 +8.1261471e+00 +9.9475336e+00 
-1.0137218e+01 -9.5986441e+00 +1.0530154e+00 +1.7274634e+00 +2.9878763e+00 +3.7527393e+00 +4.1994476e+00 +7.0728848e+00 +8.2674034e+00 +9.8526771e+00 
-1.0170222e+01 -9.5806039e+00 +1.0867863e+00 +1.6146461e+00 +3.0239855e+00 +3.8764368e+00 +4.3316334e+00 +7.1490380e+00 +8.4183145e+00 +9.7748321e+00 
-1.0203481e+01 -9.5633886e+00 +1.1253723e+00 +1.5042414e+00 +3.0673266e+00 +4.0049991e+00 +4.4656677e+00 +7.2196558e+00 +8.5784443e+00 +9.7163440e+00 
-1.0236837e+01 -9.5470448e+00 +1.1685477e+00 +1.3966473e+00 +3.1181701e+00 +4.1378803e+00 +4.6011498e+00 +7.2818995e+00 +8.7474016e+00 +9.6795634e+00 
-1.0270126e+01 -9.5316090e+00 +1.2160023e+00 +1.2922131e+00 +3.1767200e+00 +4.2745673e+00 +4.7376398e+00 +7.3331543e+00 +8.9248351e+00 +9.6665240e+00 
-1.0303183e+01 -9.5171069e+00 +1.1912449e+00 +1.2673496e+00 +3.2431144e+00 +4.4145742e+00 +4.8746559e+00 +7.3714133e+00 +9.1104255e+00 +9.6784995e+00 
-1.0335844e+01 -9.5035543e+00 +1.0940108e+00 +1.3221344e+00 +3.3174242e+00 +4.5574392e+00 +5.0116722e+00 +7.3956402e+00 +9.3038799e+00 +9.6277560e+00 
-1.0367946e+01 -9.4909568e+00 +1.0007459e+00 +1.3798399e+00 +3.3996516e+00 +4.7027231e+00 +5.1481176e+00 +7.4059513e+00 +9.5049250e+00 +9.5696018e+00 
-1.0399327e+01 -9.4793110e+00 +9.1165634e-01 +1.4398947e+00 +3.4897267e+00 +4.8500088e+00 +5.2833750e+00 +7.4035261e+00 +9.5175744e+00 +9.7133009e+00 
-1.0429830e+01 -9.4686050e+00 +8.2692281e-01 +1.5016800e+00 +3.5875018e+00 +4.9989019e+00 +5.4167817e+00 +7.3902913e+00 +9.4703806e+00 +9.9287534e+00 
-1.0459304e+01 -9.4588191e+00 +7.4670384e-01 +1.5645372e+00 +3.6927432e+00 +5.1490304e+00 +5.5476318e+00 +7.3685290e+00 +9.4263093e+00 +1.0151026e+01 
-1.0487601e+01 -9.4499270e+00 +6.7113849e-01 +1.6277764e+00 +3.8051191e+00 +5.3000427e+00 +5.6751799e+00 +7.3405442e+00 +9.3832218e+00 +1.0379849e+01 
-1.0514582e+01 -9.4418969e+00 +6.0034873e-01 +1.6906858e+00 +3.9241826e+00 +5.4516017e+00 +5.7986473e+00 +7.3084554e+00 +9.3386315e+00 +1.0194090e+01 
-1.0540116e+01 -9.4346925e+00 +5.3444148e-01 +1.7525419e+00 +4.0493466e+00 +5.6033739e+00 +5.9172308e+00 +7.2740994e+00 +9.2898973e+00 +1.0178553e+01 
-1.0564077e+01 -9.4282742e+00 +4.7351028e-01 +1.8126207e+00 +4.1798509e+00 +5.7550076e+00 +6.0301124e+00 +7.2390146e+00 +9.2345524e+00 +1.0081035e+01 
-1.0586350e+01 -9.4226004e+00 +4.1763685e-01 +1.8702097e+00 +4.3147142e+00 +5.9060992e+00 +6.1364732e+00 +7.2044654e+00 +9.1706869e+00 +9.9212081e+00 
-1.0606829e+01 -9.4176284e+00 +3.6689231e-01 +1.9246197e+00 +4.4526706e+00 +6.0561410e+00 +6.2355072e+00 +7.1714833e+00 +9.0972847e+00 +9.7271526e+00 
-1.0625417e+01 -9.4133160e+00 +3.2133827e-01 +1.9751964e+00 +4.5920819e+00 +6.2044416e+00 +6.3264372e+00 +7.1409089e+00 +9.0143971e+00 +9.5186248e+00 
-1.0642026e+01 -9.4096221e+00 +2.8102771e-01 +2.0213316e+00 +4.7308244e+00 +6.3500086e+00 +6.4085303e+00 +7.1134261e+00 +8.9231610e+00 +9.3078793e+00 
-1.0656579e+01 -9.4065080e+00 +2.4600580e-01 +2.0624724e+00 +4.8661485e+00 +6.4811122e+00 +6.4913730e+00 +7.0895824e+00 +8.8257523e+00 +9.1033379e+00 
-1.0669007e+01 -9.4039381e+00 +2.1631049e-01 +2.0981296e+00 +4.9945264e+00 +6.5435803e+00 +6.6263274e+00 +7.0697867e+00 +8.7253998e+00 +8.9119033e+00 
-1.0679255e+01 -9.4018810e+00 +1.9197309e-01 +2.1278830e+00 +5.1115316e+00 +6.5954135e+00 +6.7515481e+00 +7.0542741e+00 +8.6265551e+00 +8.7401942e+00 
-1.0687274e+01 -9.4003099e+00 +1.7301865e-01 +2.1513858e+00 +5.2118534e+00 +6.6361800e+00 +6.8621099e+00 +7.0430379e+00 +8.5352254e+00 +8.5951374e+00 
-1.0693028e+01 -9.3992034e+00 +1.5946630e-01 +2.1683673e+00 +5.2896097e+00 +6.6655413e+00 +6.9510889e+00 +7.0357594e+00 +8.4592653e+00 +8.4840072e+00 
-1.0696491e+01 -9.3985458e+00 +1.5132954e-01 +2.1786337e+00 +5.3391278e+00 +6.6832551e+00 +7.0099259e+00 +7.0318350e+00 +8.4079437e+00 +8.4137666e+00 
-1.0697647e+01 -9.3983277e+00 +1.4861637e-01 +2.1820688e+00 +5.3561641e+00 +6.6891759e+00 +7.0306216e+00 +7.0306688e+00 +8.3896557e+00 +8.3896867e+00 
-1.0696210e+01 -9.4002539e+00 +1.4951144e-01 +2.1769936e+00 +5.3641356e+00 +6.6932312e+00 +7.0333520e+00 +7.0333993e+00 +8.3914089e+00 +8.3914401e+00 
-1.0691906e+01 -9.4060197e+00 +1.5222173e-01 +2.1618751e+00 +5.3879782e+00 +6.7053134e+00 +7.0415385e+00 +7.0415858e+00 +8.3966301e+00 +8.3966614e+00 
-1.0684748e+01 -9.4155804e+00 +1.5682172e-01 +2.1370265e+00 +5.4274770e+00 +6.7251791e+00 +7.0551669e+00 +7.0552142e+00 +8.4052020e+00 +8.4052335e+00 
-1.0674760e+01 -9.4288622e+00 +1.6343051e-01 +2.1029470e+00 +5.4822753e+00 +6.7524410e+00 +7.0742130e+00 +7.0742604e+00 +8.4169211e+00 +8.4169532e+00 
-1.0661974e+01 -9.4457633e+00 +1.7220482e-01 +2.0602922e+00 +5.5518752e+00 +6.7865915e+00 +7.0986419e+00 +7.0986896e+00 +8.4314884e+00 +8.4315212e+00 
-1.0646432e+01 -9.4661556e+00 +1.8333015e-01 +2.0098376e+00 +5.6356363e+00 +6.8270295e+00 +7.1284071e+00 +7.1284549e+00 +8.4484916e+00 +8.4485254e+00 
-1.0628186e+01 -9.4898865e+00 +1.9701112e-01 +1.9524408e+00 +5.7327730e+00 +6.8730854e+00 +7.1634484e+00 +7.1634964e+00 +8.4673842e+00 +8.4674189e+00 
-1.0607295e+01 -9.5167806e+00 +2.1346125e-01 +1.8890059e+00 +5.8423445e+00 +6.9240414e+00 +7.2036904e+00 +7.2037386e+00 +8.4874576e+00 +8.4874936e+00 
-1.0583831e+01 -9.5466429e+00 +2.3289338e-01 +1.8204519e+00 +5.9632399e+00 +6.9791421e+00 +7.2490396e+00 +7.2490881e+00 +8.5078091e+00 +8.5078466e+00 
-1.0557875e+01 -9.5792607e+00 +2.5551093e-01 +1.7476873e+00 +6.0941523e+00 +7.0375963e+00 +7.2993810e+00 +7.2994297e+00 +8.5273084e+00 +8.5273477e+00 
-1.0529517e+01 -9.6144063e+00 +2.8150040e-01 +1.6715909e+00 +6.2335424e+00 +7.0985673e+00 +7.3545736e+00 +7.3546227e+00 +8.5445698e+00 +8.5446111e+00 
-1.0498859e+01 -9.6518402e+00 +3.1102531e-01 +1.5929978e+00 +6.3795892e+00 +7.1611512e+00 +7.4144448e+00 +7.4144943e+00 +8.5579469e+00 +8.5579902e+00 
-1.0466011e+01 -9.6913132e+00 +3.4422141e-01 +1.5126912e+00 +6.5301268e+00 +7.2243448e+00 +7.4787833e+00 +7.4788332e+00 +8.5655701e+00 +8.5656158e+00 
-1.0431097e+01 -9.7325694e+00 +3.8119329e-01 +1.4313973e+00 +6.6825749e+00 +7.2870018e+00 +7.5473292e+00 +7.5473796e+00 +8.5654612e+00 +8.5655091e+00 
-1.0394249e+01 -9.7753483e+00 +4.2201197e-01 +1.3497833e+00 +6.8338724e+00 +7.3477765e+00 +7.6197625e+00 +7.6198134e+00 +8.5557398e+00 +8.5557901e+00 
-1.0355612e+01 -9.8193875e+00 +4.6671337e-01 +1.2684584e+00 +6.9804438e+00 +7.4050598e+00 +7.6956875e+00 +7.6957390e+00 +8.5349125e+00 +8.5349648e+00 
-1.0315339e+01 -9.8644248e+00 +5.1529741e-01 +1.1879745e+00 +7.1182451e+00 +7.4569093e+00 +7.7746136e+00 +7.7746656e+00 +8.5021680e+00 +8.5022218e+00 
-1.0273596e+01 -9.9101998e+00 +5.6772750e-01 +1.1088292e+00 +7.2429526e+00 +7.5009892e+00 +7.8559307e+00 +7.8559834e+00 +8.4575645e+00 +8.4576196e+00 
-1.0230561e+01 -9.9564562e+00 +6.2393024e-01 +1.0314682e+00 +7.3503493e+00 +7.5345417e+00 +7.9388803e+00 +7.9389337e+00 +8.4020199e+00 +8.4020756e+00 
-1.0186421e+01 -1.0002943e+01 +6.8379517e-01 +9.5628857e-01 +7.4368937e+00 +7.5544361e+00 +8.0225218e+00 +8.0225758e+00 +8.3371092e+00 +8.3371650e+00 
-1.0141374e+01 -1.0049415e+01 +7.4717442e-01 +8.8364083e-01 +7.5003295e+00 +7.5573514e+00 +8.1056966e+00 +8.1057512e+00 +8.2647653e+00 +8.2648210e+00 
-1.0095637e+01 -1.0095630e+01 +8.1383182e-01 +8.1388207e-01 +7.5400897e+00 +7.5401434e+00 +8.1869991e+00 +8.1869982e+00 +8.1870537e+00 +8.1870543e+00 
-1.0094991e+01 -1.0094984e+01 +8.1264595e-01 +8.1269613e-01 +7.5220262e+00 +7.5220782e+00 +8.1749037e+00 +8.1749043e+00 +8.1910109e+00 +8.1910119e+00 
-1.0093060e+01 -1.0093053e+01 +8.0910217e-01 +8.0915214e-01 +7.4699984e+00 +7.4700458e+00 +8.1395300e+00 +8.1395308e+00 +8.2008147e+00 +8.2008198e+00 
-1.0089861e+01 -1.0089854e+01 +8.0324171e-01 +8.0329132e-01 +7.3889325e+00 +7.3889742e+00 +8.0837010e+00 +8.0837014e+00 +8.2116529e+00 +8.2116633e+00 
-1.0085421e+01 -1.0085414e+01 +7.9513249e-01 +7.9518160e-01 +7.2840084e+00 +7.2840444e+00 +8.0111905e+00 +8.0111912e+00 +8.2192662e+00 +8.2192817e+00 
-1.0079780e+01 -1.0079773e+01 +7.8486806e-01 +7.8491652e-01 +7.1596001e+00 +7.1596309e+00 +7.9259871e+00 +7.9259875e+00 +8.2215433e+00 +8.2215633e+00 
-1.0072988e+01 -1.0072981e+01 +7.7256605e-01 +7.7261375e-01 +7.0193807e+00 +7.0194072e+00 +7.8317605e+00 +7.8317610e+00 +8.2185954e+00 +8.2186191e+00 
-1.0065104e+01 -1.0065098e+01 +7.5836636e-01 +7.5841316e-01 +6.8666556e+00 +6.8666789e+00 +7.7316261e+00 +7.7316271e+00 +8.2120603e+00 +8.2120866e+00 
-1.0056202e+01 -1.0056195e+01 +7.4242896e-01 +7.4247475e-01 +6.7045347e+00 +6.7045556e+00 +7.6281053e+00 +7.6281063e+00 +8.2042336e+00 +8.2042621e+00 
-1.0046361e+01 -1.0046354e+01 +7.2493156e-01 +7.2497621e-01 +6.5359411e+00 +6.5359605e+00 +7.5231851e+00 +7.5231860e+00 +8.1973891e+00 +8.1974194e+00 
-1.0035671e+01 -1.0035665e+01 +7.0606701e-01 +7.0611043e-01 +6.3635528e+00 +6.3635714e+00 +7.4184131e+00 +7.4184139e+00 +8.1934101e+00 +8.1934414e+00 
-1.0024233e+01 -1.0024227e+01 +6.8604073e-01 +6.8608279e-01 +6.1897501e+00 +6.1897685e+00 +7.3149905e+00 +7.3149912e+00 +8.1936825e+00 +8.1937146e+00 
-1.0012155e+01 -1.0012149e+01 +6.6506796e-01 +6.6510857e-01 +6.0165955e+00 +6.0166141e+00 +7.2138508e+00 +7.2138517e+00 +8.1991308e+00 +8.1991637e+00 
-9.9995523e+00 -9.9995464e+00 +6.4337120e-01 +6.4341025e-01 +5.8458452e+00 +5.8458642e+00 +7.1157241e+00 +7.1157250e+00 +8.2103077e+00 +8.2103412e+00 
-9.9865469e+00 -9.9865413e+00 +6.2117759e-01 +6.2121500e-01 +5.6789789e+00 +5.6789985e+00 +7.0211840e+00 +7.0211850e+00 +8.2274815e+00 +8.2275157e+00 
-9.9732676e+00 -9.9732622e+00 +5.9871650e-01 +5.9875219e-01 +5.5172382e+00 +5.5172586e+00 +6.9306851e+00 +6.9306860e+00 +8.2507087e+00 +8.2507435e+00 
-9.9598475e+00 -9.9598423e+00 +5.7621724e-01 +5.7625113e-01 +5.3616652e+00 +5.3616864e+00 +6.8445901e+00 +6.8445911e+00 +8.2798833e+00 +8.2799187e+00 
-9.9464234e+00 -9.9464184e+00 +5.5390689e-01 +5.5393891e-01 +5.2131367e+00 +5.2131587e+00 +6.7631911e+00 +6.7631920e+00 +8.3147681e+00 +8.3148043e+00 
-9.9331343e+00 -9.9331294e+00 +5.3200831e-01 +5.3203840e-01 +5.0723939e+00 +5.0724168e+00 +6.6867242e+00 +6.6867251e+00 +8.3550116e+00 +8.3550488e+00 
-9.9201200e+00 -9.9201154e+00 +5.1073834e-01 +5.1076644e-01 +4.9400665e+00 +4.9400902e+00 +6.6153819e+00 +6.6153828e+00 +8.4001525e+00 +8.4001906e+00 
-9.9075199e+00 -9.9075155e+00 +4.9030604e-01 +4.9033210e-01 +4.8166916e+00 +4.8167161e+00 +6.5493217e+00 +6.5493228e+00 +8.4496137e+00 +8.4496528e+00 
-9.8954707e+00 -9.8954665e+00 +4.7091113e-01 +4.7093509e-01 +4.7027291e+00 +4.7027545e+00 +6.4886735e+00 +6.4886744e+00 +8.5026886e+00 +8.5027290e+00 
-9.8841053e+00 -9.8841014e+00 +4.5274241e-01 +4.5276425e-01 +4.5985736e+00 +4.5985997e+00 +6.4335439e+00 +6.4335448e+00 +8.5585183e+00 +8.5585600e+00 
-9.8735510e+00 -9.8735473e+00 +4.3597637e-01 +4.3599606e-01 +4.5045630e+00 +4.5045898e+00 +6.3840211e+00 +6.3840220e+00 +8.6160601e+00 +8.6161033e+00 
-9.8639273e+00 -9.8639239e+00 +4.2077572e-01 +4.2079324e-01 +4.4209862e+00 +4.4210136e+00 +6.3401778e+00 +6.3401787e+00 +8.6740508e+00 +8.6740957e+00 
-9.8553448e+00 -9.8553416e+00 +4.0728804e-01 +4.0730339e-01 +4.3480879e+00 +4.3481160e+00 +6.3020734e+00 +6.3020744e+00 +8.7309675e+00 +8.7310140e+00 
-9.8479029e+00 -9.8479000e+00 +3.9564451e-01 +3.9565771e-01 +4.2860737e+00 +4.2861022e+00 +6.2697567e+00 +6.2697577e+00 +8.7849985e+00 +8.7850468e+00 
-9.8416891e+00 -9.8416863e+00 +3.8595850e-01 +3.8596962e-01 +4.2351124e+00 +4.2351413e+00 +6.2432663e+00 +6.2432672e+00 +8.8340444e+00 +8.8340944e+00 
-9.8367766e+00 -9.8367740e+00 +3.7832469e-01 +3.7833383e-01 +4.1953393e+00 +4.1953685e+00 +6.2226325e+00 +6.2226335e+00 +8.8757843e+00 +8.8758359e+00 
-9.8332240e+00 -9.8332215e+00 +3.7281776e-01 +3.7282514e-01 +4.1668576e+00 +4.1668871e+00 +6.2078784e+00 +6.2078793e+00 +8.9078451e+00 +8.9078980e+00 
-9.8310737e+00 -9.8310713e+00 +3.6949165e-01 +3.6949773e-01 +4.1497403e+00 +4.1497699e+00 +6.1990197e+00 +6.1990207e+00 +8.9280973e+00 +8.9281511e+00 
-9.8303515e+00 -9.8303491e+00 +3.6837890e-01 +3.6838446e-01 +4.1440307e+00 +4.1440603e+00 +6.1960659e+00 +6.1960668e+00 +8.9350332e+00 +8.9350873e+00 
-9.8301305e+00 -9.8301282e+00 +3.7061817e-01 +3.7062373e-01 +4.1233648e+00 +4.1233938e+00 +6.2171843e+00 +6.2171861e+00 +8.9348298e+00 +8.9348840e+00 
-9.8294686e+00 -9.8294662e+00 +3.7731342e-01 +3.7731898e-01 +4.0641822e+00 +4.0642094e+00 +6.2776578e+00 +6.2776619e+00 +8.9340294e+00 +8.9340842e+00 
-9.8283806e+00 -9.8283783e+00 +3.8839410e-01 +3.8839966e-01 +3.9735194e+00 +3.9735441e+00 +6.3702655e+00 +6.3702728e+00 +8.9320711e+00 +8.9321267e+00 
-9.8268915e+00 -9.8268893e+00 +4.0373853e-01 +4.0374408e-01 +3.8598393e+00 +3.8598612e+00 +6.4862779e+00 +6.4862890e+00 +8.9280786e+00 +8.9281353e+00 
-9.8250358e+00 -9.8250337e+00 +4.2316729e-01 +4.2317282e-01 +3.7309421e+00 +3.7309612e+00 +6.6176052e+00 +6.6176203e+00 +8.9209488e+00 +8.9210066e+00 
-9.8228571e+00 -9.8228550e+00 +4.4643362e-01 +4.4643913e-01 +3.5931827e+00 +3.5931992e+00 +6.7576569e+00 +6.7576760e+00 +8.9094710e+00 +8.9095299e+00 
-9.8204078e+00 -9.8204058e+00 +4.7320994e-01 +4.7321541e-01 +3.4515029e+00 +3.4515169e+00 +6.9013990e+00 +6.9014222e+00 +8.8924635e+00 +8.8925233e+00 
-9.8177483e+00 -9.8177464e+00 +5.0307018e-01 +5.0307559e-01 +3.3097466e+00 +3.3097584e+00 +7.0451282e+00 +7.0451552e+00 +8.8689047e+00 +8.8689652e+00 
-9.8149463e+00 -9.8149445e+00 +5.3546722e-01 +5.3547255e-01 +3.1709963e+00 +3.1710060e+00 +7.1862113e+00 +7.1862419e+00 +8.8380386e+00 +8.8380995e+00 
-9.8120761e+00 -9.8120745e+00 +5.6970592e-01 +5.6971112e-01 +3.0378495e+00 +3.0378573e+00 +7.3228598e+00 +7.3228938e+00 +8.7994398e+00 +8.7995006e+00 
-9.8092174e+00 -9.8092159e+00 +6.0491313e-01 +6.0491816e-01 +2.9126285e+00 +2.9126347e+00 +7.4539338e+00 +7.4539709e+00 +8.7530380e+00 +8.7530984e+00 
-9.8064545e+00 -9.8064532e+00 +6.4000983e-01 +6.4001461e-01 +2.7975339e+00 +2.7975386e+00 +7.5787597e+00 +7.5787994e+00 +8.6991187e+00 +8.6991783e+00 
-9.8038746e+00 -9.8038735e+00 +6.7369568e-01 +6.7370010e-01 +2.6947451e+00 +2.6947485e+00 +7.6969380e+00 +7.6969800e+00 +8.6383246e+00 +8.6383831e+00 
-9.8015672e+00 -9.8015663e+00 +7.0446477e-01 +7.0446870e-01 +2.6064640e+00 +2.6064663e+00 +7.8081060e+00 +7.8081496e+00 +8.5717105e+00 +8.5717672e+00 
-9.7996219e+00 -9.7996212e+00 +7.3067915e-01 +7.3068241e-01 +2.5348819e+00 +2.5348833e+00 +7.9115332e+00 +7.9115774e+00 +8.5009820e+00 +8.5010359e+00 
-9.7981277e+00 -9.7981272e+00 +7.5072619e-01 +7.5072859e-01 +2.4820505e+00 +2.4820513e+00 +8.0050832e+00 +8.0051255e+00 +8.4293958e+00 +8.4294446e+00 
-9.7971708e+00 -9.7971705e+00 +7.6326250e-01 +7.6326380e-01 +2.4496577e+00 +2.4496581e+00 +8.0814184e+00 +8.0814507e+00 +8.3654481e+00 +8.3654836e+00 
-9.7968334e+00 -9.7968334e+00 +7.6749486e-01 +7.6749486e-01 +2.4387603e+00 +2.4387606e+00 +8.1158047e+00 +8.1158049e+00 +8.3349923e+00 +8.3349924e+00 
-9.7971967e+00 -9.7971964e+00 +7.6339006e-01 +7.6339156e-01 +2.4495832e+00 +2.4495836e+00 +8.0825280e+00 +8.0825599e+00 +8.3646494e+00 +8.3646845e+00 
-9.7983257e+00 -9.7983251e+00 +7.5172249e-01 +7.5172565e-01 +2.4814802e+00 +2.4814809e+00 +8.0115335e+00 +8.0115753e+00 +8.4254303e+00 +8.4254783e+00 
-9.8002812e+00 -9.8002805e+00 +7.3390273e-01 +7.3390765e-01 +2.5331079e+00 +2.5331090e+00 +7.9286053e+00 +7.9286493e+00 +8.4922436e+00 +8.4922965e+00 
-9.8031143e+00 -9.8031132e+00 +7.1169637e-01 +7.1170308e-01 +2.6027100e+00 +2.6027115e+00 +7.8420323e+00 +7.8420762e+00 +8.5573463e+00 +8.5574017e+00 
-9.8068644e+00 -9.8068631e+00 +6.8693668e-01 +6.8694520e-01 +2.6884064e+00 +2.6884083e+00 +7.7549912e+00 +7.7550341e+00 +8.6179707e+00 +8.6180276e+00 
-9.8115592e+00 -9.8115575e+00 +6.6131549e-01 +6.6132583e-01 +2.7884028e+00 +2.7884052e+00 +7.6691986e+00 +7.6692401e+00 +8.6726982e+00 +8.6727560e+00 
-9.8172131e+00 -9.8172111e+00 +6.3627089e-01 +6.3628302e-01 +2.9011034e+00 +2.9011062e+00 +7.5858403e+00 +7.5858803e+00 +8.7205704e+00 +8.7206287e+00 
-9.8238270e+00 -9.8238248e+00 +6.1295103e-01 +6.1296495e-01 +3.0251464e+00 +3.0251496e+00 +7.5058615e+00 +7.5058999e+00 +8.7608514e+00 +8.7609098e+00 
-9.8313879e+00 -9.8313854e+00 +5.9222351e-01 +5.9223920e-01 +3.1593941e+00 +3.1593977e+00 +7.4300759e+00 +7.4301125e+00 +8.7929778e+00 +8.7930361e+00 
-9.8398689e+00 -9.8398662e+00 +5.7470559e-01 +5.7472304e-01 +3.3029016e+00 +3.3029055e+00 +7.3592153e+00 +7.3592501e+00 +8.8165705e+00 +8.8166283e+00 
-9.8492294e+00 -9.8492264e+00 +5.6080047e-01 +5.6081967e-01 +3.4548793e+00 +3.4548836e+00 +7.2939542e+00 +7.2939872e+00 +8.8314615e+00 +8.8315185e+00 
-9.8594154e+00 -9.8594120e+00 +5.5073232e-01 +5.5075327e-01 +3.6146562e+00 +3.6146608e+00 +7.2349251e+00 +7.2349563e+00 +8.8377173e+00 +8.8377733e+00 
-9.8703604e+00 -9.8703568e+00 +5.4457697e-01 +5.4459967e-01 +3.7816471e+00 +3.7816521e+00 +7.1827274e+00 +7.1827566e+00 +8.8356454e+00 +8.8357001e+00 
-9.8819864e+00 -9.8819825e+00 +5.4228799e-01 +5.4231242e-01 +3.9553241e+00 +3.9553295e+00 +7.1379337e+00 +7.1379610e+00 +8.8257788e+00 +8.8258321e+00 
-9.8942050e+00 -9.8942008e+00 +5.4371852e-01 +5.4374468e-01 +4.1351911e+00 +4.1351969e+00 +7.1010944e+00 +7.1011198e+00 +8.8088414e+00 +8.8088932e+00 
-9.9069185e+00 -9.9069142e+00 +5.4863982e-01 +5.4866771e-01 +4.3207601e+00 +4.3207663e+00 +7.0727405e+00 +7.0727641e+00 +8.7856996e+00 +8.7857496e+00 
-9.9200218e+00 -9.9200172e+00 +5.5675716e-01 +5.5678677e-01 +4.5115286e+00 +4.5115352e+00 +7.0533863e+00 +7.0534079e+00 +8.7573077e+00 +8.7573560e+00 
-9.9334032e+00 -9.9333984e+00 +5.6772392e-01 +5.6775523e-01 +4.7069554e+00 +4.7069625e+00 +7.0435303e+00 +7.0435500e+00 +8.7246558e+00 +8.7247024e+00 
-9.9469467e+00 -9.9469416e+00 +5.8115431e-01 +5.8118731e-01 +4.9064342e+00 +4.9064418e+00 +7.0436569e+00 +7.0436746e+00 +8.6887261e+00 +8.6887709e+00 
-9.9605331e+00 -9.9605278e+00 +5.9663511e-01 +5.9666977e-01 +5.1092623e+00 +5.1092706e+00 +7.0542373e+00 +7.0542531e+00 +8.6504570e+00 +8.6505001e+00 
-9.9740416e+00 -9.9740361e+00 +6.1373655e-01 +6.1377283e-01 +5.3146035e+00 +5.3146125e+00 +7.0757297e+00 +7.0757436e+00 +8.6107205e+00 +8.6107618e+00 
-9.9873515e+00 -9.9873459e+00 +6.3202264e-01 +6.3206050e-01 +5.5214439e+00 +5.5214537e+00 +7.1085775e+00 +7.1085896e+00 +8.5703071e+00 +8.5703467e+00 
-1.0000344e+01 -1.0000338e+01 +6.5106045e-01 +6.5109984e-01 +5.7285406e+00 +5.7285514e+00 +7.1532005e+00 +7.1532108e+00 +8.5299185e+00 +8.5299565e+00 
-1.0012901e+01 -1.0012895e+01 +6.7042875e-01 +6.7046959e-01 +5.9343709e+00 +5.9343829e+00 +7.2099695e+00 +7.2099780e+00 +8.4901653e+00 +8.4902014e+00 
-1.0024912e+01 -1.0024906e+01 +6.8972548e-01 +6.8976772e-01 +6.1370946e+00 +6.1371080e+00 +7.2791423e+00 +7.2791492e+00 +8.4515665e+00 +8.4516011e+00 
-1.0036268e+01 -1.0036262e+01 +7.0857411e-01 +7.0861765e-01 +6.3345608e+00 +6.3345760e+00 +7.3607248e+00 +7.3607302e+00 +8.4145519e+00 +8.4145846e+00 
-1.0046868e+01 -1.0046862e+01 +7.2662856e-01 +7.2667332e-01 +6.5244046e+00 +6.5244219e+00 +7.4542068e+00 +7.4542109e+00 +8.3794626e+00 +8.3794933e+00 
-1.0056619e+01 -1.0056613e+01 +7.4357683e-01 +7.4362269e-01 +6.7042597e+00 +6.7042797e+00 +7.5581421e+00 +7.5581451e+00 +8.3465522e+00 +8.3465807e+00 
-1.0065435e+01 -1.0065428e+01 +7.5914315e-01 +7.5919001e-01 +6.8720439e+00 +6.8720670e+00 +7.6696394e+00 +7.6696414e+00 +8.3159876e+00 +8.3160137e+00 
-1.0073236e+01 -1.0073229e+01 +7.7308886e-01 +7.7313661e-01 +7.0261307e+00 +7.0261575e+00 +7.7840019e+00 +7.7840031e+00 +8.2878600e+00 +8.2878831e+00 
-1.0079956e+01 -1.0079949e+01 +7.8521219e-01 +7.8526069e-01 +7.1651847e+00 +7.1652158e+00 +7.8948575e+00 +7.8948580e+00 +8.2622124e+00 +8.2622319e+00 
-1.0085535e+01 -1.0085529e+01 +7.9534707e-01 +7.9539620e-01 +7.2876088e+00 +7.2876450e+00 +7.9949909e+00 +7.9949909e+00 +8.2391229e+00 +8.2391381e+00 
-1.0089926e+01 -1.0089919e+01 +8.0336150e-01 +8.0341111e-01 +7.3908293e+00 +7.3908712e+00 +8.0777419e+00 +8.0777423e+00 +8.2188908e+00 +8.2189010e+00 
-1.0093089e+01 -1.0093083e+01 +8.0915550e-01 +8.0920547e-01 +7.4708013e+00 +7.4708488e+00 +8.1384252e+00 +8.1384259e+00 +8.2023426e+00 +8.2023476e+00 
-1.0094998e+01 -1.0094992e+01 +8.1265933e-01 +8.1270952e-01 +7.5222289e+00 +7.5222809e+00 +8.1749399e+00 +8.1749408e+00 +8.1910687e+00 +8.1910694e+00 
-1.0095637e+01 -1.0095630e+01 +8.1383182e-01 +8.1388207e-01 +7.5400897e+00 +7.5401434e+00 +8.1869991e+00 +8.1869982e+00 +8.1870537e+00 +8.1870543e+00 
-9.8303515e+00 -9.8303491e+00 +3.6837890e-01 +3.6838446e-01 +4.1440307e+00 +4.1440603e+00 +6.1960659e+00 +6.1960668e+00 +8.9350332e+00 +8.9350873e+00 
-9.8451000e+00 -9.8158600e+00 +3.3097303e-01 +4.1398540e-01 +4.0016598e+00 +4.2908617e+00 +6.0671729e+00 +6.3307711e+00 +8.7227822e+00 +9.0773343e+00 
-9.8600240e+00 -9.8017044e+00 +3.0167803e-01 +4.6784096e-01 +3.8636340e+00 +4.4421566e+00 +5.9441250e+00 +6.4712469e+00 +8.4733491e+00 +9.1104946e+00 
-9.8750326e+00 -9.7879576e+00 +2.8038638e-01 +5.2997094e-01 +3.7299082e+00 +4.5979134e+00 +5.8269529e+00 +6.6174445e+00 +8.2051565e+00 +9.0285768e+00 
-9.8900338e+00 -9.7746858e+00 +2.6694925e-01 +6.0037668e-01 +3.6003942e+00 +4.7580803e+00 +5.7156822e+00 +6.7693064e+00 +7.9277904e+00 +8.8686662e+00 
-9.9049330e+00 -9.7619486e+00 +2.6117791e-01 +6.7903748e-01 +3.4749954e+00 +4.9225233e+00 +5.6103350e+00 +6.9267625e+00 +7.6465462e+00 +8.6697267e+00 
-9.9196337e+00 -9.7497980e+00 +2.6283885e-01 +7.6591219e-01 +3.3536122e+00 +5.0909580e+00 +5.5109305e+00 +7.0897277e+00 +7.3647050e+00 +8.4549373e+00 
-9.9340392e+00 -9.7382792e+00 +2.7164799e-01 +8.6094038e-01 +3.2361488e+00 +5.2627811e+00 +5.4174853e+00 +7.0847343e+00 +7.2580965e+00 +8.2364081e+00 
-9.9480527e+00 -9.7274297e+00 +2.8726352e-01 +9.6404299e-01 +3.1225223e+00 +5.3300141e+00 +5.4365757e+00 +6.8092801e+00 +7.4317374e+00 +8.0206938e+00 
-9.9615790e+00 -9.7172804e+00 +3.0927715e-01 +1.0751222e+00 +3.0126741e+00 +5.2485297e+00 +5.6082397e+00 +6.5432909e+00 +7.6104833e+00 +7.8116663e+00 
-9.9745253e+00 -9.7078554e+00 +3.3720292e-01 +1.1940602e+00 +2.9065858e+00 +5.1730432e+00 +5.7606290e+00 +6.3045070e+00 +7.6118483e+00 +7.7941181e+00 
-9.9868019e+00 -9.6991725e+00 +3.7046307e-01 +1.3207163e+00 +2.8042994e+00 +5.1035644e+00 +5.7985346e+00 +6.1885526e+00 +7.4230436e+00 +7.9823570e+00 
-9.9983231e+00 -9.6912444e+00 +4.0836979e-01 +1.4549219e+00 +2.7059435e+00 +5.0401019e+00 +5.6256787e+00 +6.2919740e+00 +7.2466478e+00 +8.1748171e+00 
-1.0009008e+01 -9.6840785e+00 +4.5010192e-01 +1.5964701e+00 +2.6117666e+00 +4.9826632e+00 +5.3878258e+00 +6.4691353e+00 +7.0838078e+00 +8.3709695e+00 
-1.0018782e+01 -9.6776786e+00 +4.9467558e-01 +1.7450985e+00 +2.5221779e+00 +4.9312546e+00 +5.1404998e+00 +6.6644846e+00 +6.9355047e+00 +8.5700637e+00 
-1.0027576e+01 -9.6720449e+00 +5.4090851e-01 +1.9004560e+00 +2.4377963e+00 +4.8858818e+00 +4.8941068e+00 +6.8025965e+00 +6.8673829e+00 +8.7710004e+00 
-1.0035327e+01 -9.6671755e+00 +5.8738051e-01 +2.0620379e+00 +2.3595034e+00 +4.6519832e+00 +4.8465497e+00 +6.6858389e+00 +7.0739572e+00 +8.9721112e+00 
-1.0041982e+01 -9.6630667e+00 +6.3239750e-01 +2.2290504e+00 +2.2884936e+00 +4.4160302e+00 +4.8132620e+00 +6.5858926e+00 +7.2812762e+00 +9.1707660e+00 
-1.0047492e+01 -9.6597139e+00 +6.7397760e-01 +2.2263014e+00 +2.4000950e+00 +4.1881767e+00 +4.7860223e+00 +6.5033251e+00 +7.4855311e+00 +9.3626569e+00 
-1.0051819e+01 -9.6571125e+00 +7.0989308e-01 +2.1747712e+00 +2.5723434e+00 +3.9715395e+00 +4.7648332e+00 +6.4386077e+00 +7.6802693e+00 +9.5405153e+00 
-1.0054932e+01 -9.6552582e+00 +7.3781678e-01 +2.1359215e+00 +2.7390261e+00 +3.7730556e+00 +4.7496966e+00 +6.3921120e+00 +7.8532556e+00 +9.4682281e+00 
-1.0056809e+01 -9.6541475e+00 +7.5561096e-01 +2.1116638e+00 +2.8808145e+00 +3.6121519e+00 +4.7406141e+00 +6.3641062e+00 +7.9813990e+00 +9.3249399e+00 
-1.0057436e+01 -9.6537782e+00 +7.6173191e-01 +2.1034038e+00 +2.9447462e+00 +3.5418430e+00 +4.7375865e+00 +6.3547528e+00 +8.0307128e+00 +9.8375165e+00 
-9.8289329e+00 -9.8289292e+00 +9.4957613e-01 +2.9281564e+00 +2.9281810e+00 +2.9506404e+00 +2.9506472e+00 +6.4875311e+00 +7.3808118e+00 +1.1443331e+01 
-9.8287704e+00 -9.8287668e+00 +9.5265667e-01 +2.7554402e+00 +2.7554557e+00 +3.1301057e+00 +3.1301216e+00 +6.4148178e+00 +7.4596027e+00 +1.1443745e+01 
-9.8282883e+00 -9.8282847e+00 +9.6189821e-01 +2.5789498e+00 +2.5789644e+00 +3.3268360e+00 +3.3268529e+00 +6.2441153e+00 +7.6485368e+00 +1.1444625e+01 
-9.8274959e+00 -9.8274923e+00 +9.7730051e-01 +2.4095062e+00 +2.4095200e+00 +3.5299898e+00 +3.5300076e+00 +6.0341177e+00 +7.8889141e+00 +1.1444810e+01 
-9.8264089e+00 -9.8264054e+00 +9.9886322e-01 +2.2473892e+00 +2.2474022e+00 +3.7392523e+00 +3.7392707e+00 +5.8107124e+00 +8.1548375e+00 +1.1442150e+01 
-9.8250488e+00 -9.8250454e+00 +1.0265858e+00 +2.0928049e+00 +2.0928172e+00 +3.9543676e+00 +3.9543868e+00 +5.5839152e+00 +8.4362768e+00 +1.1433216e+01 
-9.8234425e+00 -9.8234391e+00 +1.0604676e+00 +1.9459424e+00 +1.9459540e+00 +4.1750819e+00 +4.1751019e+00 +5.3580265e+00 +8.7289110e+00 +1.1412935e+01 
-9.8216219e+00 -9.8216186e+00 +1.1005077e+00 +1.8069810e+00 +1.8069919e+00 +4.4011347e+00 +4.4011554e+00 +5.1351320e+00 +9.0306264e+00 +1.1374480e+01 
-9.8196233e+00 -9.8196202e+00 +1.1467052e+00 +1.6760926e+00 +1.6761027e+00 +4.6322556e+00 +4.6322771e+00 +4.9163501e+00 +9.3402667e+00 +1.1310025e+01 
-9.8174867e+00 -9.8174837e+00 +1.1990586e+00 +1.5534414e+00 +1.5534509e+00 +4.7023307e+00 +4.8681631e+00 +4.8681853e+00 +9.6571302e+00 +1.1212949e+01 
-9.8152551e+00 -9.8152523e+00 +1.2575667e+00 +1.4391846e+00 +1.4391934e+00 +4.4934759e+00 +5.1085631e+00 +5.1085862e+00 +9.9807432e+00 +1.1080662e+01 
-9.8129735e+00 -9.8129709e+00 +1.3222277e+00 +1.3334714e+00 +1.3334794e+00 +4.2900475e+00 +5.3531480e+00 +5.3531718e+00 +1.0310742e+01 +1.0915641e+01 
-9.8106884e+00 -9.8106859e+00 +1.2364425e+00 +1.2364498e+00 +1.3930397e+00 +4.0922233e+00 +5.6015948e+00 +5.6016195e+00 +1.0646801e+01 +1.0723636e+01 
-9.8084461e+00 -9.8084439e+00 +1.1482298e+00 +1.1482364e+00 +1.4700005e+00 +3.9001285e+00 +5.8535640e+00 +5.8535894e+00 +1.0511006e+01 +1.0511040e+01 
-9.8062928e+00 -9.8062908e+00 +1.0689557e+00 +1.0689616e+00 +1.5531074e+00 +3.7138537e+00 +6.1086964e+00 +6.1087227e+00 +1.0283246e+01 +1.0283281e+01 
-9.8042726e+00 -9.8042708e+00 +9.9873205e-01 +9.9873720e-01 +1.6423576e+00 +3.5334662e+00 +6.3666095e+00 +6.3666366e+00 +1.0044460e+01 +1.0044496e+01 
-9.8024274e+00 -9.8024258e+00 +9.3765974e-01 +9.3766415e-01 +1.7377477e+00 +3.3590171e+00 +6.6268889e+00 +6.6269168e+00 +9.7976445e+00 +9.7976800e+00 
-9.8007954e+00 -9.8007941e+00 +8.8582791e-01 +8.8583159e-01 +1.8392737e+00 +3.1905460e+00 +6.8890708e+00 +6.8890995e+00 +9.5449870e+00 +9.5450224e+00 
-9.7994106e+00 -9.7994096e+00 +8.4331327e-01 +8.4331623e-01 +1.9469313e+00 +3.0280840e+00 +7.1525984e+00 +7.1526279e+00 +9.2881787e+00 +9.2882135e+00 
-9.7983020e+00 -9.7983012e+00 +8.1017955e-01 +8.1018177e-01 +2.0607153e+00 +2.8716561e+00 +7.4166917e+00 +7.4167219e+00 +9.0287345e+00 +9.0287688e+00 
-9.7974927e+00 -9.7974922e+00 +7.8647687e-01 +7.8647835e-01 +2.1806197e+00 +2.7212823e+00 +7.6798441e+00 +7.6798747e+00 +8.7686294e+00 +8.7686627e+00 
-9.7969997e+00 -9.7969994e+00 +7.7224136e-01 +7.7224210e-01 +2.3066375e+00 +2.5769791e+00 +7.9365992e+00 +7.9366288e+00 +8.5136049e+00 +8.5136357e+00 
-9.7968334e+00 -9.7968334e+00 +7.6749486e-01 +7.6749486e-01 +2.4387603e+00 +2.4387606e+00 +8.1158047e+00 +8.1158049e+00 +8.3349923e+00 +8.3349924e+00 
