# num high symmetry points
8
# label high symmetry points
G X M G R X M R 
# indices high symmetry points
1 23 45 76 114 145 146 168 
# nk, nb, ns
168 36 1
# k-points (frac coords)
+0.0000000e+00 +0.0000000e+00 +0.0000000e+00 
+0.0000000e+00 +2.2727273e-02 +0.0000000e+00 
+0.0000000e+00 +4.5454545e-02 +0.0000000e+00 
+0.0000000e+00 +6.8181818e-02 +0.0000000e+00 
+0.0000000e+00 +9.0909091e-02 +0.0000000e+00 
+0.0000000e+00 +1.1363636e-01 +0.0000000e+00 
+0.0000000e+00 +1.3636364e-01 +0.0000000e+00 
+0.0000000e+00 +1.5909091e-01 +0.0000000e+00 
+0.0000000e+00 +1.8181818e-01 +0.0000000e+00 
+0.0000000e+00 +2.0454545e-01 +0.0000000e+00 
+0.0000000e+00 +2.2727273e-01 +0.0000000e+00 
+0.0000000e+00 +2.5000000e-01 +0.0000000e+00 
+0.0000000e+00 +2.7272727e-01 +0.0000000e+00 
+0.0000000e+00 +2.9545455e-01 +0.0000000e+00 
+0.0000000e+00 +3.1818182e-01 +0.0000000e+00 
+0.0000000e+00 +3.4090909e-01 +0.0000000e+00 
+0.0000000e+00 +3.6363636e-01 +0.0000000e+00 
+0.0000000e+00 +3.8636364e-01 +0.0000000e+00 
+0.0000000e+00 +4.0909091e-01 +0.0000000e+00 
+0.0000000e+00 +4.3181818e-01 +0.0000000e+00 
+0.0000000e+00 +4.5454545e-01 +0.0000000e+00 
+0.0000000e+00 +4.7727273e-01 +0.0000000e+00 
+0.0000000e+00 +5.0000000e-01 +0.0000000e+00 
+2.2727273e-02 +5.0000000e-01 +0.0000000e+00 
+4.5454545e-02 +5.0000000e-01 +0.0000000e+00 
+6.8181818e-02 +5.0000000e-01 +0.0000000e+00 
+9.0909091e-02 +5.0000000e-01 +0.0000000e+00 
+1.1363636e-01 +5.0000000e-01 +0.0000000e+00 
+1.3636364e-01 +5.0000000e-01 +0.0000000e+00 
+1.5909091e-01 +5.0000000e-01 +0.0000000e+00 
+1.8181818e-01 +5.0000000e-01 +0.0000000e+00 
+2.0454545e-01 +5.0000000e-01 +0.0000000e+00 
+2.2727273e-01 +5.0000000e-01 +0.0000000e+00 
+2.5000000e-01 +5.0000000e-01 +0.0000000e+00 
+2.7272727e-01 +5.0000000e-01 +0.0000000e+00 
+2.9545455e-01 +5.0000000e-01 +0.0000000e+00 
+3.1818182e-01 +5.0000000e-01 +0.0000000e+00 
+3.4090909e-01 +5.0000000e-01 +0.0000000e+00 
+3.6363636e-01 +5.0000000e-01 +0.0000000e+00 
+3.8636364e-01 +5.0000000e-01 +0.0000000e+00 
+4.0909091e-01 +5.0000000e-01 +0.0000000e+00 
+4.3181818e-01 +5.0000000e-01 +0.0000000e+00 
+4.5454545e-01 +5.0000000e-01 +0.0000000e+00 
+4.7727273e-01 +5.0000000e-01 +0.0000000e+00 
+5.0000000e-01 +5.0000000e-01 +0.0000000e+00 
+4.8387097e-01 +4.8387097e-01 +0.0000000e+00 
+4.6774194e-01 +4.6774194e-01 +0.0000000e+00 
+4.5161290e-01 +4.5161290e-01 +0.0000000e+00 
+4.3548387e-01 +4.3548387e-01 +0.0000000e+00 
+4.1935484e-01 +4.1935484e-01 +0.0000000e+00 
+4.0322581e-01 +4.0322581e-01 +0.0000000e+00 
+3.8709677e-01 +3.8709677e-01 +0.0000000e+00 
+3.7096774e-01 +3.7096774e-01 +0.0000000e+00 
+3.5483871e-01 +3.5483871e-01 +0.0000000e+00 
+3.3870968e-01 +3.3870968e-01 +0.0000000e+00 
+3.2258065e-01 +3.2258065e-01 +0.0000000e+00 
+3.0645161e-01 +3.0645161e-01 +0.0000000e+00 
+2.9032258e-01 +2.9032258e-01 +0.0000000e+00 
+2.7419355e-01 +2.7419355e-01 +0.0000000e+00 
+2.5806452e-01 +2.5806452e-01 +0.0000000e+00 
+2.4193548e-01 +2.4193548e-01 +0.0000000e+00 
+2.2580645e-01 +2.2580645e-01 +0.0000000e+00 
+2.0967742e-01 +2.0967742e-01 +0.0000000e+00 
+1.9354839e-01 +1.9354839e-01 +0.0000000e+00 
+1.7741935e-01 +1.7741935e-01 +0.0000000e+00 
+1.6129032e-01 +1.6129032e-01 +0.0000000e+00 
+1.4516129e-01 +1.4516129e-01 +0.0000000e+00 
+1.2903226e-01 +1.2903226e-01 +0.0000000e+00 
+1.1290323e-01 +1.1290323e-01 +0.0000000e+00 
+9.6774194e-02 +9.6774194e-02 +0.0000000e+00 
+8.0645161e-02 +8.0645161e-02 +0.0000000e+00 
+6.4516129e-02 +6.4516129e-02 +0.0000000e+00 
+4.8387097e-02 +4.8387097e-02 +0.0000000e+00 
+3.2258065e-02 +3.2258065e-02 +0.0000000e+00 
+1.6129032e-02 +1.6129032e-02 +0.0000000e+00 
+0.0000000e+00 +0.0000000e+00 +0.0000000e+00 
+1.3157895e-02 +1.3157895e-02 +1.3157895e-02 
+2.6315789e-02 +2.6315789e-02 +2.6315789e-02 
+3.9473684e-02 +3.9473684e-02 +3.9473684e-02 
+5.2631579e-02 +5.2631579e-02 +5.2631579e-02 
+6.5789474e-02 +6.5789474e-02 +6.5789474e-02 
+7.8947368e-02 +7.8947368e-02 +7.8947368e-02 
+9.2105263e-02 +9.2105263e-02 +9.2105263e-02 
+1.0526316e-01 +1.0526316e-01 +1.0526316e-01 
+1.1842105e-01 +1.1842105e-01 +1.1842105e-01 
+1.3157895e-01 +1.3157895e-01 +1.3157895e-01 
+1.4473684e-01 +1.4473684e-01 +1.4473684e-01 
+1.5789474e-01 +1.5789474e-01 +1.5789474e-01 
+1.7105263e-01 +1.7105263e-01 +1.7105263e-01 
+1.8421053e-01 +1.8421053e-01 +1.8421053e-01 
+1.9736842e-01 +1.9736842e-01 +1.9736842e-01 
+2.1052632e-01 +2.1052632e-01 +2.1052632e-01 
+2.2368421e-01 +2.2368421e-01 +2.2368421e-01 
+2.3684211e-01 +2.3684211e-01 +2.3684211e-01 
+2.5000000e-01 +2.5000000e-01 +2.5000000e-01 
+2.6315789e-01 +2.6315789e-01 +2.6315789e-01 
+2.7631579e-01 +2.7631579e-01 +2.7631579e-01 
+2.8947368e-01 +2.8947368e-01 +2.8947368e-01 
+3.0263158e-01 +3.0263158e-01 +3.0263158e-01 
+3.1578947e-01 +3.1578947e-01 +3.1578947e-01 
+3.2894737e-01 +3.2894737e-01 +3.2894737e-01 
+3.4210526e-01 +3.4210526e-01 +3.4210526e-01 
+3.5526316e-01 +3.5526316e-01 +3.5526316e-01 
+3.6842105e-01 +3.6842105e-01 +3.6842105e-01 
+3.8157895e-01 +3.8157895e-01 +3.8157895e-01 
+3.9473684e-01 +3.9473684e-01 +3.9473684e-01 
+4.0789474e-01 +4.0789474e-01 +4.0789474e-01 
+4.2105263e-01 +4.2105263e-01 +4.2105263e-01 
+4.3421053e-01 +4.3421053e-01 +4.3421053e-01 
+4.4736842e-01 +4.4736842e-01 +4.4736842e-01 
+4.6052632e-01 +4.6052632e-01 +4.6052632e-01 
+4.7368421e-01 +4.7368421e-01 +4.7368421e-01 
+4.8684211e-01 +4.8684211e-01 +4.8684211e-01 
+5.0000000e-01 +5.0000000e-01 +5.0000000e-01 
+4.8387097e-01 +5.0000000e-01 +4.8387097e-01 
+4.6774194e-01 +5.0000000e-01 +4.6774194e-01 
+4.5161290e-01 +5.0000000e-01 +4.5161290e-01 
+4.3548387e-01 +5.0000000e-01 +4.3548387e-01 
+4.1935484e-01 +5.0000000e-01 +4.1935484e-01 
+4.0322581e-01 +5.0000000e-01 +4.0322581e-01 
+3.8709677e-01 +5.0000000e-01 +3.8709677e-01 
+3.7096774e-01 +5.0000000e-01 +3.7096774e-01 
+3.5483871e-01 +5.0000000e-01 +3.5483871e-01 
+3.3870968e-01 +5.0000000e-01 +3.3870968e-01 
+3.2258065e-01 +5.0000000e-01 +3.2258065e-01 
+3.0645161e-01 +5.0000000e-01 +3.0645161e-01 
+2.9032258e-01 +5.0000000e-01 +2.9032258e-01 
+2.7419355e-01 +5.0000000e-01 +2.7419355e-01 
+2.5806452e-01 +5.0000000e-01 +2.5806452e-01 
+2.4193548e-01 +5.0000000e-01 +2.4193548e-01 
+2.2580645e-01 +5.0000000e-01 +2.2580645e-01 
+2.0967742e-01 +5.0000000e-01 +2.0967742e-01 
+1.9354839e-01 +5.0000000e-01 +1.9354839e-01 
+1.7741935e-01 +5.0000000e-01 +1.7741935e-01 
+1.6129032e-01 +5.0000000e-01 +1.6129032e-01 
+1.4516129e-01 +5.0000000e-01 +1.4516129e-01 
+1.2903226e-01 +5.0000000e-01 +1.2903226e-01 
+1.1290323e-01 +5.0000000e-01 +1.1290323e-01 
+9.6774194e-02 +5.0000000e-01 +9.6774194e-02 
+8.0645161e-02 +5.0000000e-01 +8.0645161e-02 
+6.4516129e-02 +5.0000000e-01 +6.4516129e-02 
+4.8387097e-02 +5.0000000e-01 +4.8387097e-02 
+3.2258065e-02 +5.0000000e-01 +3.2258065e-02 
+1.6129032e-02 +5.0000000e-01 +1.6129032e-02 
+0.0000000e+00 +5.0000000e-01 +0.0000000e+00 
+5.0000000e-01 +5.0000000e-01 +0.0000000e+00 
+5.0000000e-01 +5.0000000e-01 +2.2727273e-02 
+5.0000000e-01 +5.0000000e-01 +4.5454545e-02 
+5.0000000e-01 +5.0000000e-01 +6.8181818e-02 
+5.0000000e-01 +5.0000000e-01 +9.0909091e-02 
+5.0000000e-01 +5.0000000e-01 +1.1363636e-01 
+5.0000000e-01 +5.0000000e-01 +1.3636364e-01 
+5.0000000e-01 +5.0000000e-01 +1.5909091e-01 
+5.0000000e-01 +5.0000000e-01 +1.8181818e-01 
+5.0000000e-01 +5.0000000e-01 +2.0454545e-01 
+5.0000000e-01 +5.0000000e-01 +2.2727273e-01 
+5.0000000e-01 +5.0000000e-01 +2.5000000e-01 
+5.0000000e-01 +5.0000000e-01 +2.7272727e-01 
+5.0000000e-01 +5.0000000e-01 +2.9545455e-01 
+5.0000000e-01 +5.0000000e-01 +3.1818182e-01 
+5.0000000e-01 +5.0000000e-01 +3.4090909e-01 
+5.0000000e-01 +5.0000000e-01 +3.6363636e-01 
+5.0000000e-01 +5.0000000e-01 +3.8636364e-01 
+5.0000000e-01 +5.0000000e-01 +4.0909091e-01 
+5.0000000e-01 +5.0000000e-01 +4.3181818e-01 
+5.0000000e-01 +5.0000000e-01 +4.5454545e-01 
+5.0000000e-01 +5.0000000e-01 +4.7727273e-01 
+5.0000000e-01 +5.0000000e-01 +5.0000000e-01 
# energies (kpt,band,spin)
# spin = 1
-1.7301863e+01 -1.7301863e+01 -1.7301863e+01 -1.7219139e+01 -1.7219139e+01 -1.7219139e+01 -1.7167278e+01 -1.7167278e+01 -1.7167278e+01 -1.7047610e+01 -1.7047610e+01 -1.6943241e+01 -1.6943241e+01 -1.6943241e+01 -1.6908235e+01 -1.6908235e+01 -1.6908235e+01 -1.6908235e+01 -1.6908235e+01 -1.6908235e+01 -1.1476293e+01 -6.8946904e+00 -6.8946904e+00 -6.8946904e+00 -3.0937652e+00 -3.0937652e+00 -3.0937651e+00 +2.1143122e+00 +2.1143122e+00 +2.1143122e+00 +2.1143122e+00 +2.1143122e+00 +2.1143122e+00 +6.6823751e+00 +6.6823751e+00 +6.6823751e+00 
-1.7301689e+01 -1.7301382e+01 -1.7301382e+01 -1.7218881e+01 -1.7218881e+01 -1.7218874e+01 -1.7167431e+01 -1.7166968e+01 -1.7166968e+01 -1.7047775e+01 -1.7047476e+01 -1.6943459e+01 -1.6943459e+01 -1.6943364e+01 -1.6908780e+01 -1.6908780e+01 -1.6908584e+01 -1.6908584e+01 -1.6908235e+01 -1.6908235e+01 -1.1473228e+01 -6.9117511e+00 -6.8942240e+00 -6.8942240e+00 -3.0900030e+00 -3.0900030e+00 -3.0719961e+00 +2.0931892e+00 +2.0931893e+00 +2.0968716e+00 +2.0968716e+00 +2.1173639e+00 +2.1173640e+00 +6.6853753e+00 +6.7277738e+00 +6.7277738e+00 
-1.7301168e+01 -1.7299939e+01 -1.7299939e+01 -1.7218108e+01 -1.7218108e+01 -1.7218082e+01 -1.7167892e+01 -1.7166040e+01 -1.7166040e+01 -1.7048272e+01 -1.7047075e+01 -1.6944115e+01 -1.6944115e+01 -1.6943735e+01 -1.6910416e+01 -1.6910416e+01 -1.6909631e+01 -1.6909631e+01 -1.6908238e+01 -1.6908238e+01 -1.1464018e+01 -6.9617597e+00 -6.8928333e+00 -6.8928333e+00 -3.0786785e+00 -3.0786784e+00 -3.0078731e+00 +2.0318445e+00 +2.0318445e+00 +2.0461518e+00 +2.0461518e+00 +2.1265339e+00 +2.1265339e+00 +6.6944633e+00 +6.8613058e+00 +6.8613058e+00 
-1.7300301e+01 -1.7297548e+01 -1.7297548e+01 -1.7216826e+01 -1.7216826e+01 -1.7216769e+01 -1.7168658e+01 -1.7164496e+01 -1.7164496e+01 -1.7049100e+01 -1.7046410e+01 -1.6945221e+01 -1.6945221e+01 -1.6944357e+01 -1.6913136e+01 -1.6913136e+01 -1.6911368e+01 -1.6911368e+01 -1.6908243e+01 -1.6908243e+01 -1.1448621e+01 -7.0415168e+00 -6.8905426e+00 -6.8905426e+00 -3.0597179e+00 -3.0597179e+00 -2.9046285e+00 +1.9355899e+00 +1.9355899e+00 +1.9665046e+00 +1.9665046e+00 +2.1418749e+00 +2.1418750e+00 +6.7099028e+00 +7.0391412e+00 +7.0756868e+00 
-1.7299093e+01 -1.7294226e+01 -1.7294226e+01 -1.7215043e+01 -1.7215043e+01 -1.7214942e+01 -1.7169728e+01 -1.7162344e+01 -1.7162344e+01 -1.7050259e+01 -1.7045483e+01 -1.6946786e+01 -1.6946786e+01 -1.6945233e+01 -1.6916926e+01 -1.6916926e+01 -1.6913785e+01 -1.6913785e+01 -1.6908250e+01 -1.6908250e+01 -1.1426985e+01 -7.1465746e+00 -6.8873896e+00 -6.8873896e+00 -3.0330754e+00 -3.0330753e+00 -2.7667650e+00 +1.8113098e+00 +1.8113098e+00 +1.8639202e+00 +1.8639202e+00 +2.1635012e+00 +2.1635012e+00 +6.7321411e+00 +6.9131646e+00 +7.0070209e+00 
-1.7297549e+01 -1.7289996e+01 -1.7289996e+01 -1.7212769e+01 -1.7212769e+01 -1.7212616e+01 -1.7171098e+01 -1.7159589e+01 -1.7159589e+01 -1.7051749e+01 -1.7044300e+01 -1.6948812e+01 -1.6948812e+01 -1.6946364e+01 -1.6921760e+01 -1.6921760e+01 -1.6916867e+01 -1.6916867e+01 -1.6908259e+01 -1.6908259e+01 -1.1399062e+01 -7.2720858e+00 -6.8834242e+00 -6.8834242e+00 -2.9987529e+00 -2.9987529e+00 -2.5992094e+00 +1.6658461e+00 +1.6658461e+00 +1.7448059e+00 +1.7448059e+00 +2.1916155e+00 +2.1916156e+00 +6.7581665e+00 +6.7618197e+00 +6.8980393e+00 
-1.7295676e+01 -1.7284889e+01 -1.7284889e+01 -1.7210022e+01 -1.7210022e+01 -1.7209805e+01 -1.7172763e+01 -1.7156245e+01 -1.7156245e+01 -1.7053572e+01 -1.7042866e+01 -1.6951290e+01 -1.6951290e+01 -1.6947747e+01 -1.6927607e+01 -1.6927607e+01 -1.6920595e+01 -1.6920595e+01 -1.6908270e+01 -1.6908270e+01 -1.1364815e+01 -7.4134316e+00 -6.8787086e+00 -6.8787086e+00 -2.9567888e+00 -2.9567888e+00 -2.4066848e+00 +1.5050705e+00 +1.5050705e+00 +1.6150962e+00 +1.6150962e+00 +2.2265276e+00 +2.2265276e+00 +6.5765753e+00 +6.7697853e+00 +6.7697853e+00 
-1.7293482e+01 -1.7278938e+01 -1.7278938e+01 -1.7206823e+01 -1.7206823e+01 -1.7206532e+01 -1.7174719e+01 -1.7152322e+01 -1.7152322e+01 -1.7055731e+01 -1.7041189e+01 -1.6954199e+01 -1.6954199e+01 -1.6949379e+01 -1.6934428e+01 -1.6934428e+01 -1.6924947e+01 -1.6924947e+01 -1.6908284e+01 -1.6908284e+01 -1.1324227e+01 -7.5665554e+00 -6.8733183e+00 -6.8733183e+00 -2.9072421e+00 -2.9072421e+00 -2.1933801e+00 +1.3336116e+00 +1.3336116e+00 +1.4798268e+00 +1.4798268e+00 +2.2686455e+00 +2.2686456e+00 +6.3698888e+00 +6.6248235e+00 +6.6248236e+00 
-1.7290978e+01 -1.7272177e+01 -1.7272177e+01 -1.7203202e+01 -1.7203202e+01 -1.7202818e+01 -1.7176960e+01 -1.7147838e+01 -1.7147838e+01 -1.7058228e+01 -1.7039277e+01 -1.6957508e+01 -1.6957508e+01 -1.6951251e+01 -1.6942178e+01 -1.6942178e+01 -1.6929895e+01 -1.6929895e+01 -1.6908300e+01 -1.6908300e+01 -1.1277305e+01 -7.7280639e+00 -6.8673442e+00 -6.8673442e+00 -2.8501838e+00 -2.8501838e+00 -1.9628499e+00 +1.1549565e+00 +1.1549565e+00 +1.3430660e+00 +1.3430660e+00 +2.3184343e+00 +2.3184343e+00 +6.1395272e+00 +6.4658219e+00 +6.4658219e+00 
-1.7288175e+01 -1.7264643e+01 -1.7264643e+01 -1.7199197e+01 -1.7199197e+01 -1.7198692e+01 -1.7179478e+01 -1.7142811e+01 -1.7142811e+01 -1.7061064e+01 -1.7037141e+01 -1.6961175e+01 -1.6961175e+01 -1.6953353e+01 -1.6950806e+01 -1.6950806e+01 -1.6935411e+01 -1.6935411e+01 -1.6908319e+01 -1.6908319e+01 -1.1224076e+01 -7.8951962e+00 -6.8608937e+00 -6.8608937e+00 -2.7856931e+00 -2.7856931e+00 -1.7180462e+00 +9.7168666e-01 +9.7168669e-01 +1.2080272e+00 +1.2080272e+00 +2.3763465e+00 +2.3763465e+00 +5.8879629e+00 +6.2954108e+00 +6.2954109e+00 
-1.7285085e+01 -1.7256371e+01 -1.7256371e+01 -1.7194856e+01 -1.7194856e+01 -1.7194184e+01 -1.7182265e+01 -1.7137262e+01 -1.7137262e+01 -1.7064233e+01 -1.7034792e+01 -1.6965152e+01 -1.6965152e+01 -1.6960258e+01 -1.6960258e+01 -1.6955675e+01 -1.6941463e+01 -1.6941463e+01 -1.6908340e+01 -1.6908340e+01 -1.1164580e+01 -8.0657360e+00 -6.8540892e+00 -6.8540892e+00 -2.7138565e+00 -2.7138565e+00 -1.4614051e+00 +7.8571934e-01 +7.8571936e-01 +1.0772302e+00 +1.0772302e+00 +2.4427474e+00 +2.4427475e+00 +5.6191200e+00 +6.1160724e+00 +6.1160725e+00 
-1.7281722e+01 -1.7247398e+01 -1.7247398e+01 -1.7190237e+01 -1.7190237e+01 -1.7189326e+01 -1.7185314e+01 -1.7131217e+01 -1.7131217e+01 -1.7067728e+01 -1.7032240e+01 -1.6970474e+01 -1.6970474e+01 -1.6969383e+01 -1.6969383e+01 -1.6958203e+01 -1.6948015e+01 -1.6948015e+01 -1.6908364e+01 -1.6908364e+01 -1.1098862e+01 -8.2379124e+00 -6.8470666e+00 -6.8470666e+00 -2.6347676e+00 -2.6347675e+00 -1.1949397e+00 +5.9850501e-01 +5.9850504e-01 +9.5264900e-01 +9.5264902e-01 +2.5178613e+00 +2.5178614e+00 +5.3377219e+00 +5.9300726e+00 +5.9300726e+00 
-1.7278103e+01 -1.7237756e+01 -1.7237756e+01 -1.7188614e+01 -1.7185410e+01 -1.7185410e+01 -1.7184154e+01 -1.7124701e+01 -1.7124701e+01 -1.7071534e+01 -1.7029500e+01 -1.6981391e+01 -1.6981391e+01 -1.6973806e+01 -1.6973806e+01 -1.6960923e+01 -1.6955032e+01 -1.6955032e+01 -1.6908389e+01 -1.6908389e+01 -1.1026958e+01 -8.4103099e+00 -6.8399713e+00 -6.8399713e+00 -2.5485277e+00 -2.5485277e+00 -9.2032240e-01 +4.1117230e-01 +4.1117232e-01 +8.3582602e-01 +8.3582603e-01 +2.6017541e+00 +2.6017542e+00 +5.0482136e+00 +5.7394361e+00 +5.7394362e+00 
-1.7274245e+01 -1.7227481e+01 -1.7227481e+01 -1.7192155e+01 -1.7180456e+01 -1.7180456e+01 -1.7178703e+01 -1.7117745e+01 -1.7117745e+01 -1.7075636e+01 -1.7026585e+01 -1.6992944e+01 -1.6992944e+01 -1.6978346e+01 -1.6978346e+01 -1.6963822e+01 -1.6962474e+01 -1.6962474e+01 -1.6908417e+01 -1.6908417e+01 -1.0948902e+01 -8.5817931e+00 -6.8329545e+00 -6.8329545e+00 -2.4552471e+00 -2.4552471e+00 -6.3894713e-01 +2.2462806e-01 +2.2462809e-01 +7.2795843e-01 +7.2795844e-01 +2.6943523e+00 +2.6943524e+00 +4.7540142e+00 +5.5459540e+00 +5.5459541e+00 
-1.7270165e+01 -1.7216609e+01 -1.7216609e+01 -1.7195927e+01 -1.7175468e+01 -1.7175468e+01 -1.7173009e+01 -1.7110381e+01 -1.7110381e+01 -1.7080020e+01 -1.7023511e+01 -1.7005064e+01 -1.7005064e+01 -1.6982921e+01 -1.6982921e+01 -1.6970300e+01 -1.6970300e+01 -1.6966884e+01 -1.6908446e+01 -1.6908446e+01 -1.0864722e+01 -8.7514476e+00 -6.8261684e+00 -6.8261684e+00 -2.3550452e+00 -2.3550451e+00 -3.5197878e-01 +3.9623696e-02 +3.9623725e-02 +6.2996244e-01 +6.2996245e-01 +2.7954833e+00 +2.7954833e+00 +4.4573301e+00 +5.3512064e+00 +5.3512065e+00 
-1.7265884e+01 -1.7205178e+01 -1.7205178e+01 -1.7199917e+01 -1.7170557e+01 -1.7170557e+01 -1.7167109e+01 -1.7102643e+01 -1.7102643e+01 -1.7084670e+01 -1.7020293e+01 -1.7017680e+01 -1.7017680e+01 -1.6987432e+01 -1.6987432e+01 -1.6978467e+01 -1.6978467e+01 -1.6970092e+01 -1.6908475e+01 -1.6908475e+01 -1.0774446e+01 -8.9185326e+00 -6.8197620e+00 -6.8197620e+00 -2.2480520e+00 -2.2480520e+00 -1.4320188e-01 -1.4320185e-01 -6.0394835e-02 +5.4252310e-01 +5.4252311e-01 +2.9049193e+00 +2.9049193e+00 +4.1593459e+00 +5.1565878e+00 +5.1565878e+00 
-1.7261425e+01 -1.7204110e+01 -1.7193230e+01 -1.7193230e+01 -1.7165844e+01 -1.7165844e+01 -1.7161040e+01 -1.7094569e+01 -1.7094569e+01 -1.7089571e+01 -1.7030718e+01 -1.7030718e+01 -1.7016947e+01 -1.6991768e+01 -1.6991768e+01 -1.6986930e+01 -1.6986930e+01 -1.6973431e+01 -1.6908503e+01 -1.6908503e+01 -1.0678110e+01 -9.0824431e+00 -6.8138771e+00 -6.8138771e+00 -2.1344093e+00 -2.1344092e+00 -3.2329460e-01 -3.2329458e-01 +2.3497385e-01 +4.6613549e-01 +4.6613550e-01 +3.0224129e+00 +3.0224130e+00 +3.8605426e+00 +4.9633275e+00 +4.9633275e+00 
-1.7256810e+01 -1.7208489e+01 -1.7180814e+01 -1.7180814e+01 -1.7161469e+01 -1.7161469e+01 -1.7154844e+01 -1.7094710e+01 -1.7086196e+01 -1.7086196e+01 -1.7044106e+01 -1.7044106e+01 -1.7013490e+01 -1.6995803e+01 -1.6995803e+01 -1.6995645e+01 -1.6995645e+01 -1.6976881e+01 -1.6908531e+01 -1.6908531e+01 -1.0575756e+01 -9.2426802e+00 -6.8086456e+00 -6.8086456e+00 -2.0142709e+00 -2.0142709e+00 -5.0016710e-01 -5.0016707e-01 +4.0114179e-01 +4.0114180e-01 +5.3340183e-01 +3.1477189e+00 +3.1477190e+00 +3.5609967e+00 +4.7725035e+00 +4.7725036e+00 
-1.7252065e+01 -1.7213034e+01 -1.7167979e+01 -1.7167979e+01 -1.7157580e+01 -1.7157580e+01 -1.7148560e+01 -1.7100071e+01 -1.7077565e+01 -1.7077565e+01 -1.7057768e+01 -1.7057768e+01 -1.7009940e+01 -1.7004563e+01 -1.7004563e+01 -1.6999397e+01 -1.6999397e+01 -1.6980426e+01 -1.6908555e+01 -1.6908555e+01 -1.0467437e+01 -9.3988265e+00 -6.8041860e+00 -6.8041860e+00 -1.8878044e+00 -1.8878043e+00 -6.7338626e-01 -6.7338623e-01 +3.4776660e-01 +3.4776660e-01 +8.3423046e-01 +3.2606068e+00 +3.2806018e+00 +3.2806018e+00 +4.5850521e+00 +4.5850521e+00 
-1.7247218e+01 -1.7217722e+01 -1.7154783e+01 -1.7154783e+01 -1.7154334e+01 -1.7154334e+01 -1.7142232e+01 -1.7105641e+01 -1.7071628e+01 -1.7071628e+01 -1.7068718e+01 -1.7068718e+01 -1.7013639e+01 -1.7013639e+01 -1.7006316e+01 -1.7002404e+01 -1.7002404e+01 -1.6984047e+01 -1.6908576e+01 -1.6908576e+01 -1.0353222e+01 -9.5505289e+00 -6.8006016e+00 -6.8006016e+00 -1.7551910e+00 -1.7551910e+00 -8.4256417e-01 -8.4256414e-01 +3.0615019e-01 +3.0615019e-01 +1.1368379e+00 +2.9592478e+00 +3.4208340e+00 +3.4208341e+00 +4.4017759e+00 +4.4017760e+00 
-1.7242299e+01 -1.7222527e+01 -1.7151882e+01 -1.7151882e+01 -1.7141286e+01 -1.7141285e+01 -1.7135905e+01 -1.7111403e+01 -1.7085611e+01 -1.7085611e+01 -1.7059700e+01 -1.7059700e+01 -1.7022824e+01 -1.7022824e+01 -1.7004680e+01 -1.7004680e+01 -1.7002635e+01 -1.6987726e+01 -1.6908591e+01 -1.6908591e+01 -1.0233196e+01 -9.6974853e+00 -6.7979770e+00 -6.7979770e+00 -1.6166269e+00 -1.6166268e+00 -1.0073510e+00 -1.0073510e+00 +2.7637691e-01 +2.7637691e-01 +1.4406235e+00 +2.6568667e+00 +3.5681866e+00 +3.5681866e+00 +4.2233543e+00 +4.2233543e+00 
-1.7237337e+01 -1.7227418e+01 -1.7150352e+01 -1.7150352e+01 -1.7129621e+01 -1.7127551e+01 -1.7127551e+01 -1.7117337e+01 -1.7099642e+01 -1.7099642e+01 -1.7050555e+01 -1.7050555e+01 -1.7032070e+01 -1.7032070e+01 -1.7006102e+01 -1.7006102e+01 -1.6998917e+01 -1.6991443e+01 -1.6908601e+01 -1.6908601e+01 -1.0107465e+01 -9.8394361e+00 -6.7963759e+00 -6.7963759e+00 -1.4723235e+00 -1.4723235e+00 -1.1674293e+00 -1.1674292e+00 +2.5849579e-01 +2.5849579e-01 +1.7450108e+00 +2.3535353e+00 +3.7224153e+00 +3.7224154e+00 +4.0503543e+00 +4.0503543e+00 
-1.7232366e+01 -1.7232366e+01 -1.7149831e+01 -1.7149831e+01 -1.7123420e+01 -1.7123420e+01 -1.7113646e+01 -1.7113646e+01 -1.7113646e+01 -1.7113646e+01 -1.7041330e+01 -1.7041330e+01 -1.7041330e+01 -1.7041330e+01 -1.7006586e+01 -1.7006586e+01 -1.6995180e+01 -1.6995180e+01 -1.6908605e+01 -1.6908605e+01 -9.9761589e+00 -9.9761589e+00 -6.7958378e+00 -6.7958378e+00 -1.3225089e+00 -1.3225089e+00 -1.3225089e+00 -1.3225089e+00 +2.5253270e-01 +2.5253270e-01 +2.0494672e+00 +2.0494672e+00 +3.8832454e+00 +3.8832454e+00 +3.8832455e+00 +3.8832455e+00 
-1.7232050e+01 -1.7232050e+01 -1.7150347e+01 -1.7150347e+01 -1.7123380e+01 -1.7123380e+01 -1.7113612e+01 -1.7113612e+01 -1.7112945e+01 -1.7112945e+01 -1.7042025e+01 -1.7042025e+01 -1.7041369e+01 -1.7041369e+01 -1.7006617e+01 -1.7006617e+01 -1.6994678e+01 -1.6994678e+01 -1.6908973e+01 -1.6908973e+01 -9.9732618e+00 -9.9732618e+00 -6.8015222e+00 -6.8015222e+00 -1.3363996e+00 -1.3363996e+00 -1.3187929e+00 -1.3187929e+00 +2.8075777e-01 +2.8075777e-01 +2.0244516e+00 +2.0244516e+00 +3.8620913e+00 +3.8620913e+00 +3.9025681e+00 +3.9025681e+00 
-1.7231104e+01 -1.7231104e+01 -1.7151775e+01 -1.7151775e+01 -1.7123264e+01 -1.7123264e+01 -1.7113509e+01 -1.7113509e+01 -1.7110963e+01 -1.7110963e+01 -1.7044002e+01 -1.7044002e+01 -1.7041485e+01 -1.7041485e+01 -1.7006710e+01 -1.7006710e+01 -1.6993278e+01 -1.6993278e+01 -1.6910089e+01 -1.6910089e+01 -9.9645675e+00 -9.9645675e+00 -6.8185211e+00 -6.8185211e+00 -1.3748110e+00 -1.3748110e+00 -1.3076426e+00 -1.3076426e+00 +3.6214419e-01 +3.6214419e-01 +1.9529485e+00 +1.9529485e+00 +3.8002899e+00 +3.8002899e+00 +3.9572786e+00 +3.9572786e+00 
-1.7229530e+01 -1.7229530e+01 -1.7153842e+01 -1.7153842e+01 -1.7123084e+01 -1.7123084e+01 -1.7113332e+01 -1.7113332e+01 -1.7107978e+01 -1.7107978e+01 -1.7046988e+01 -1.7046988e+01 -1.7041676e+01 -1.7041676e+01 -1.7006862e+01 -1.7006862e+01 -1.6991227e+01 -1.6991227e+01 -1.6911964e+01 -1.6911964e+01 -9.9500699e+00 -9.9500699e+00 -6.8466707e+00 -6.8466707e+00 -1.4299760e+00 -1.4299760e+00 -1.2890585e+00 -1.2890585e+00 +4.8883580e-01 +4.8883580e-01 +1.8436211e+00 +1.8436211e+00 +3.7023638e+00 +3.7023638e+00 +4.0395122e+00 +4.0395122e+00 
-1.7227332e+01 -1.7227332e+01 -1.7156264e+01 -1.7156264e+01 -1.7122865e+01 -1.7122865e+01 -1.7113081e+01 -1.7113081e+01 -1.7104281e+01 -1.7104281e+01 -1.7050671e+01 -1.7050671e+01 -1.7041938e+01 -1.7041938e+01 -1.7007068e+01 -1.7007068e+01 -1.6988803e+01 -1.6988803e+01 -1.6914601e+01 -1.6914601e+01 -9.9297648e+00 -9.9297648e+00 -6.8856955e+00 -6.8856955e+00 -1.4933287e+00 -1.4933287e+00 -1.2630566e+00 -1.2630566e+00 +6.5210487e-01 +6.5210487e-01 +1.7064829e+00 +1.7064829e+00 +3.5745698e+00 +3.5745698e+00 +4.1404092e+00 +4.1404092e+00 
-1.7224518e+01 -1.7224518e+01 -1.7158824e+01 -1.7158824e+01 -1.7122648e+01 -1.7122648e+01 -1.7112761e+01 -1.7112761e+01 -1.7100104e+01 -1.7100104e+01 -1.7054760e+01 -1.7054760e+01 -1.7042265e+01 -1.7042265e+01 -1.7007320e+01 -1.7007320e+01 -1.6986241e+01 -1.6986241e+01 -1.6917985e+01 -1.6917985e+01 -9.9036562e+00 -9.9036562e+00 -6.9352060e+00 -6.9352060e+00 -1.5577842e+00 -1.5577842e+00 -1.2296723e+00 -1.2296723e+00 +8.4460560e-01 +8.4460560e-01 +1.5503452e+00 +1.5503452e+00 +3.4236434e+00 +3.4236434e+00 +4.2524697e+00 +4.2524697e+00 
-1.7221098e+01 -1.7221098e+01 -1.7161367e+01 -1.7161367e+01 -1.7122493e+01 -1.7122493e+01 -1.7112379e+01 -1.7112379e+01 -1.7095616e+01 -1.7095616e+01 -1.7059000e+01 -1.7059000e+01 -1.7042649e+01 -1.7042649e+01 -1.7007607e+01 -1.7007607e+01 -1.6983715e+01 -1.6983715e+01 -1.6922087e+01 -1.6922087e+01 -9.8717617e+00 -9.8717617e+00 -6.9946992e+00 -6.9946992e+00 -1.6182441e+00 -1.6182441e+00 -1.1889570e+00 -1.1889570e+00 +1.0608396e+00 +1.0608396e+00 +1.3820243e+00 +1.3820243e+00 +3.2558502e+00 +3.2558502e+00 +4.3701657e+00 +4.3701657e+00 
-1.7217088e+01 -1.7217088e+01 -1.7163788e+01 -1.7163788e+01 -1.7122483e+01 -1.7122483e+01 -1.7111948e+01 -1.7111948e+01 -1.7090948e+01 -1.7090948e+01 -1.7063165e+01 -1.7063165e+01 -1.7043079e+01 -1.7043079e+01 -1.7007914e+01 -1.7007914e+01 -1.6981352e+01 -1.6981352e+01 -1.6926871e+01 -1.6926871e+01 -9.8341148e+00 -9.8341148e+00 -7.0635624e+00 -7.0635624e+00 -1.6712889e+00 -1.6712889e+00 -1.1409721e+00 -1.1409721e+00 +1.2064884e+00 +1.2064884e+00 +1.2967991e+00 +1.2967991e+00 +3.0764849e+00 +3.0764849e+00 +4.4896653e+00 +4.4896653e+00 
-1.7212508e+01 -1.7212508e+01 -1.7166017e+01 -1.7166017e+01 -1.7122730e+01 -1.7122730e+01 -1.7111481e+01 -1.7111481e+01 -1.7086205e+01 -1.7086205e+01 -1.7067039e+01 -1.7067039e+01 -1.7043543e+01 -1.7043543e+01 -1.7008218e+01 -1.7008218e+01 -1.6979241e+01 -1.6979241e+01 -1.6932294e+01 -1.6932294e+01 -9.7907658e+00 -9.7907658e+00 -7.1410830e+00 -7.1410830e+00 -1.7147224e+00 -1.7147224e+00 -1.0857852e+00 -1.0857852e+00 +1.0272688e+00 +1.0272688e+00 +1.5494659e+00 +1.5494659e+00 +2.8897391e+00 +2.8897391e+00 +4.6083427e+00 +4.6083427e+00 
-1.7207386e+01 -1.7207386e+01 -1.7167999e+01 -1.7167999e+01 -1.7123361e+01 -1.7123361e+01 -1.7110995e+01 -1.7110995e+01 -1.7081483e+01 -1.7081483e+01 -1.7070414e+01 -1.7070414e+01 -1.7044024e+01 -1.7044024e+01 -1.7008489e+01 -1.7008489e+01 -1.6977445e+01 -1.6977445e+01 -1.6938306e+01 -1.6938306e+01 -9.7417820e+00 -9.7417820e+00 -7.2264628e+00 -7.2264628e+00 -1.7471992e+00 -1.7471992e+00 -1.0234680e+00 -1.0234680e+00 +8.4686217e-01 +8.4686217e-01 +1.8164016e+00 +1.8164016e+00 +2.6987910e+00 +2.6987910e+00 +4.7243349e+00 +4.7243349e+00 
-1.7201756e+01 -1.7201756e+01 -1.7169699e+01 -1.7169699e+01 -1.7124503e+01 -1.7124503e+01 -1.7110511e+01 -1.7110511e+01 -1.7076879e+01 -1.7076879e+01 -1.7073105e+01 -1.7073105e+01 -1.7044502e+01 -1.7044502e+01 -1.7008687e+01 -1.7008687e+01 -1.6976007e+01 -1.6976007e+01 -1.6944852e+01 -1.6944852e+01 -9.6872465e+00 -9.6872465e+00 -7.3188376e+00 -7.3188376e+00 -1.7679604e+00 -1.7679604e+00 -9.5409520e-01 -9.5409520e-01 +6.6705264e-01 +6.6705264e-01 +2.0954537e+00 +2.0954537e+00 +2.5059876e+00 +2.5059876e+00 +4.8361930e+00 +4.8361930e+00 
-1.7195660e+01 -1.7195660e+01 -1.7171086e+01 -1.7171086e+01 -1.7126245e+01 -1.7126245e+01 -1.7110053e+01 -1.7110053e+01 -1.7074977e+01 -1.7074977e+01 -1.7072493e+01 -1.7072493e+01 -1.7044951e+01 -1.7044951e+01 -1.7008760e+01 -1.7008760e+01 -1.6974959e+01 -1.6974959e+01 -1.6951868e+01 -1.6951868e+01 -9.6272582e+00 -9.6272582e+00 -7.4172983e+00 -7.4172983e+00 -1.7766556e+00 -1.7766556e+00 -8.7774510e-01 -8.7774510e-01 +4.8915105e-01 +4.8915105e-01 +2.3130412e+00 +2.3130412e+00 +2.3845376e+00 +2.3845376e+00 +4.9426183e+00 +4.9426183e+00 
-1.7189152e+01 -1.7189152e+01 -1.7172139e+01 -1.7172139e+01 -1.7128609e+01 -1.7128609e+01 -1.7109653e+01 -1.7109653e+01 -1.7075979e+01 -1.7075979e+01 -1.7068434e+01 -1.7068434e+01 -1.7045342e+01 -1.7045342e+01 -1.7008643e+01 -1.7008643e+01 -1.6974319e+01 -1.6974319e+01 -1.6959284e+01 -1.6959284e+01 -9.5619317e+00 -9.5619317e+00 -7.5209140e+00 -7.5209140e+00 -1.7732201e+00 -1.7732201e+00 -7.9449987e-01 -7.9449987e-01 +3.1416440e-01 +3.1416440e-01 +2.1212011e+00 +2.1212011e+00 +2.6814396e+00 +2.6814396e+00 +5.0422640e+00 +5.0422640e+00 
-1.7182294e+01 -1.7182294e+01 -1.7172841e+01 -1.7172841e+01 -1.7131531e+01 -1.7131531e+01 -1.7109346e+01 -1.7109346e+01 -1.7076150e+01 -1.7076150e+01 -1.7064818e+01 -1.7064818e+01 -1.7045636e+01 -1.7045636e+01 -1.7008259e+01 -1.7008259e+01 -1.6974097e+01 -1.6974097e+01 -1.6967021e+01 -1.6967021e+01 -9.4913981e+00 -9.4913981e+00 -7.6287534e+00 -7.6287534e+00 -1.7577879e+00 -1.7577879e+00 -7.0444644e-01 -7.0444644e-01 +1.4290811e-01 +1.4290811e-01 +1.9313900e+00 +1.9313900e+00 +2.9836074e+00 +2.9836074e+00 +5.1335928e+00 +5.1335928e+00 
-1.7175162e+01 -1.7175162e+01 -1.7173180e+01 -1.7173180e+01 -1.7134891e+01 -1.7134891e+01 -1.7109180e+01 -1.7109180e+01 -1.7075599e+01 -1.7075599e+01 -1.7061758e+01 -1.7061758e+01 -1.7045786e+01 -1.7045786e+01 -1.7007531e+01 -1.7007531e+01 -1.6974988e+01 -1.6974988e+01 -1.6974297e+01 -1.6974297e+01 -9.4158059e+00 -9.4158059e+00 -7.7399038e+00 -7.7399038e+00 -1.7306280e+00 -1.7306280e+00 -6.0767740e-01 -6.0767740e-01 -2.3926223e-02 -2.3926223e-02 +1.7443038e+00 +1.7443038e+00 +3.2879121e+00 +3.2879121e+00 +5.2147838e+00 +5.2147838e+00 
-1.7173148e+01 -1.7173148e+01 -1.7167845e+01 -1.7167845e+01 -1.7138538e+01 -1.7138538e+01 -1.7109211e+01 -1.7109211e+01 -1.7074467e+01 -1.7074467e+01 -1.7059353e+01 -1.7059353e+01 -1.7045732e+01 -1.7045732e+01 -1.7006392e+01 -1.7006392e+01 -1.6983084e+01 -1.6983084e+01 -1.6974912e+01 -1.6974912e+01 -9.3353231e+00 -9.3353231e+00 -7.8534867e+00 -7.8534867e+00 -1.6920965e+00 -1.6920965e+00 -5.0429187e-01 -5.0429187e-01 -1.8573469e-01 -1.8573469e-01 +1.5604836e+00 +1.5604836e+00 +3.5904066e+00 +3.5904066e+00 +5.2836901e+00 +5.2836901e+00 
-1.7172743e+01 -1.7172743e+01 -1.7160452e+01 -1.7160452e+01 -1.7142329e+01 -1.7142329e+01 -1.7109511e+01 -1.7109511e+01 -1.7072900e+01 -1.7072900e+01 -1.7057665e+01 -1.7057665e+01 -1.7045402e+01 -1.7045402e+01 -1.7004809e+01 -1.7004809e+01 -1.6991190e+01 -1.6991190e+01 -1.6975932e+01 -1.6975932e+01 -9.2501386e+00 -9.2501386e+00 -7.9686705e+00 -7.9686705e+00 -1.6426010e+00 -1.6426010e+00 -3.9439624e-01 -3.9439624e-01 -3.4198363e-01 -3.4198363e-01 +1.3803638e+00 +1.3803638e+00 +3.8861488e+00 +3.8861488e+00 +5.3378387e+00 +5.3378387e+00 
-1.7171964e+01 -1.7171964e+01 -1.7153106e+01 -1.7153106e+01 -1.7146139e+01 -1.7146139e+01 -1.7110163e+01 -1.7110163e+01 -1.7071029e+01 -1.7071029e+01 -1.7056710e+01 -1.7056710e+01 -1.7044708e+01 -1.7044708e+01 -1.7002791e+01 -1.7002791e+01 -1.6999174e+01 -1.6999174e+01 -1.6977337e+01 -1.6977337e+01 -9.1604647e+00 -9.1604647e+00 -8.0846781e+00 -8.0846781e+00 -1.5825748e+00 -1.5825748e+00 -4.9220070e-01 -4.9220070e-01 -2.7810495e-01 -2.7810495e-01 +1.2043054e+00 +1.2043054e+00 +4.1692076e+00 +4.1692076e+00 +5.3744621e+00 +5.3744621e+00 
-1.7170817e+01 -1.7170817e+01 -1.7149868e+01 -1.7149868e+01 -1.7145951e+01 -1.7145951e+01 -1.7111269e+01 -1.7111269e+01 -1.7068968e+01 -1.7068968e+01 -1.7056452e+01 -1.7056452e+01 -1.7043545e+01 -1.7043545e+01 -1.7006887e+01 -1.7006887e+01 -1.7000395e+01 -1.7000395e+01 -1.6979103e+01 -1.6979103e+01 -9.0665393e+00 -9.0665393e+00 -8.2007925e+00 -8.2007925e+00 -1.5124576e+00 -1.5124576e+00 -6.3596742e-01 -6.3596742e-01 -1.5554114e-01 -1.5554114e-01 +1.0326180e+00 +1.0326180e+00 +4.4329860e+00 +4.4329860e+00 +5.3905422e+00 +5.3905422e+00 
-1.7169308e+01 -1.7169308e+01 -1.7153441e+01 -1.7153441e+01 -1.7139147e+01 -1.7139147e+01 -1.7112940e+01 -1.7112940e+01 -1.7066818e+01 -1.7066818e+01 -1.7056817e+01 -1.7056817e+01 -1.7041794e+01 -1.7041794e+01 -1.7014168e+01 -1.7014168e+01 -1.6997713e+01 -1.6997713e+01 -1.6981198e+01 -1.6981198e+01 -8.9686280e+00 -8.9686280e+00 -8.3163579e+00 -8.3163579e+00 -1.4326822e+00 -1.4326822e+00 -7.7290979e-01 -7.7290979e-01 -2.6837234e-02 -2.6837234e-02 +8.6557369e-01 +8.6557369e-01 +4.6709220e+00 +4.6709220e+00 +5.3828523e+00 +5.3828523e+00 
-1.7167448e+01 -1.7167448e+01 -1.7156801e+01 -1.7156801e+01 -1.7132858e+01 -1.7132858e+01 -1.7115294e+01 -1.7115294e+01 -1.7064667e+01 -1.7064667e+01 -1.7057711e+01 -1.7057711e+01 -1.7039333e+01 -1.7039333e+01 -1.7020854e+01 -1.7020854e+01 -1.6994851e+01 -1.6994851e+01 -1.6983581e+01 -1.6983581e+01 -8.8670264e+00 -8.8670264e+00 -8.4307796e+00 -8.4307796e+00 -1.3436649e+00 -1.3436649e+00 -9.0268627e-01 -9.0268627e-01 +1.0786442e-01 +1.0786442e-01 +7.0341689e-01 +7.0341689e-01 +4.8774412e+00 +4.8774412e+00 +5.3480164e+00 +5.3480164e+00 
-1.7165251e+01 -1.7165251e+01 -1.7159908e+01 -1.7159908e+01 -1.7127240e+01 -1.7127240e+01 -1.7118429e+01 -1.7118429e+01 -1.7062598e+01 -1.7062598e+01 -1.7059034e+01 -1.7059034e+01 -1.7036052e+01 -1.7036052e+01 -1.7026793e+01 -1.7026793e+01 -1.6991916e+01 -1.6991916e+01 -1.6986203e+01 -1.6986203e+01 -8.7620612e+00 -8.7620612e+00 -8.5435197e+00 -8.5435197e+00 -1.2457992e+00 -1.2457992e+00 -1.0249739e+00 -1.0249739e+00 +2.4841098e-01 +2.4841098e-01 +5.4637016e-01 +5.4637016e-01 +5.0488305e+00 +5.0488305e+00 +5.2826485e+00 +5.2826485e+00 
-1.7162732e+01 -1.7162732e+01 -1.7162732e+01 -1.7162732e+01 -1.7122409e+01 -1.7122409e+01 -1.7122409e+01 -1.7122409e+01 -1.7060693e+01 -1.7060693e+01 -1.7060693e+01 -1.7060693e+01 -1.7031877e+01 -1.7031877e+01 -1.7031877e+01 -1.7031877e+01 -1.6989005e+01 -1.6989005e+01 -1.6989005e+01 -1.6989005e+01 -8.6540932e+00 -8.6540932e+00 -8.6540932e+00 -8.6540932e+00 -1.1394539e+00 -1.1394539e+00 -1.1394539e+00 -1.1394539e+00 +3.9463831e-01 +3.9463831e-01 +3.9463831e-01 +3.9463831e-01 +5.1836657e+00 +5.1836657e+00 +5.1836657e+00 +5.1836657e+00 
-1.7166592e+01 -1.7162362e+01 -1.7162362e+01 -1.7159002e+01 -1.7128452e+01 -1.7123474e+01 -1.7123474e+01 -1.7115937e+01 -1.7063077e+01 -1.7061102e+01 -1.7061102e+01 -1.7057979e+01 -1.7038464e+01 -1.7030952e+01 -1.7030952e+01 -1.7025321e+01 -1.6993561e+01 -1.6988634e+01 -1.6988634e+01 -1.6985418e+01 -8.8093602e+00 -8.6512389e+00 -8.6512389e+00 -8.4992870e+00 -1.2885334e+00 -1.1388415e+00 -1.1388415e+00 -9.7521651e-01 +1.8581584e-01 +3.9752050e-01 +3.9752050e-01 +6.0878844e-01 +5.0174826e+00 +5.1484823e+00 +5.1484823e+00 +5.3481661e+00 
-1.7170570e+01 -1.7161268e+01 -1.7161268e+01 -1.7155413e+01 -1.7134056e+01 -1.7126538e+01 -1.7126538e+01 -1.7109050e+01 -1.7065128e+01 -1.7062275e+01 -1.7062275e+01 -1.7054942e+01 -1.7045065e+01 -1.7028306e+01 -1.7028306e+01 -1.7018812e+01 -1.6999071e+01 -1.6987554e+01 -1.6987554e+01 -1.6982803e+01 -8.9641970e+00 -8.6426791e+00 -8.6426791e+00 -8.3459236e+00 -1.4215928e+00 -1.1370665e+00 -1.1370665e+00 -7.9658603e-01 -1.7596558e-02 +4.0615682e-01 +4.0615682e-01 +8.2821160e-01 +4.8508389e+00 +5.0455414e+00 +5.0455414e+00 +5.5096822e+00 
-1.7174654e+01 -1.7159512e+01 -1.7159512e+01 -1.7151978e+01 -1.7139215e+01 -1.7131278e+01 -1.7131278e+01 -1.7101766e+01 -1.7066845e+01 -1.7064066e+01 -1.7064066e+01 -1.7051663e+01 -1.7051591e+01 -1.7024259e+01 -1.7024259e+01 -1.7012368e+01 -1.7005509e+01 -1.6985856e+01 -1.6985856e+01 -1.6981149e+01 -9.1178001e+00 -8.6284230e+00 -8.6284230e+00 -8.1950757e+00 -1.5376724e+00 -1.1343212e+00 -1.1343212e+00 -6.0423447e-01 -2.1549913e-01 +4.2051652e-01 +4.2051652e-01 +1.0528945e+00 +4.6848274e+00 +4.8822513e+00 +4.8822513e+00 +5.6669001e+00 
-1.7178834e+01 -1.7157200e+01 -1.7157200e+01 -1.7148710e+01 -1.7143927e+01 -1.7137310e+01 -1.7137310e+01 -1.7094108e+01 -1.7068230e+01 -1.7066248e+01 -1.7066248e+01 -1.7058239e+01 -1.7047939e+01 -1.7019185e+01 -1.7019185e+01 -1.7012839e+01 -1.7006003e+01 -1.6983661e+01 -1.6983661e+01 -1.6980437e+01 -9.2694505e+00 -8.6084875e+00 -8.6084875e+00 -8.0479022e+00 -1.6357227e+00 -1.1309435e+00 -1.1309435e+00 -4.0778230e-01 -3.9874699e-01 +4.4054802e-01 +4.4054802e-01 +1.2828821e+00 +4.5203818e+00 +4.6696244e+00 +4.6696244e+00 +5.8185654e+00 
-1.7183096e+01 -1.7154506e+01 -1.7154506e+01 -1.7148193e+01 -1.7145625e+01 -1.7144288e+01 -1.7144288e+01 -1.7086103e+01 -1.7069289e+01 -1.7068534e+01 -1.7068534e+01 -1.7064777e+01 -1.7044003e+01 -1.7021012e+01 -1.7013421e+01 -1.7013421e+01 -1.6999735e+01 -1.6981096e+01 -1.6981096e+01 -1.6980632e+01 -9.4185108e+00 -8.5828995e+00 -8.5828995e+00 -7.9056328e+00 -1.7146245e+00 -1.1274410e+00 -1.1274410e+00 -5.9433182e-01 -1.8062707e-01 +4.6617868e-01 +4.6617868e-01 +1.5182957e+00 +4.3582707e+00 +4.4205628e+00 +4.4205628e+00 +5.9635512e+00 
-1.7187429e+01 -1.7152020e+01 -1.7151937e+01 -1.7151937e+01 -1.7151686e+01 -1.7151686e+01 -1.7142744e+01 -1.7077781e+01 -1.7071257e+01 -1.7070571e+01 -1.7070571e+01 -1.7070029e+01 -1.7039801e+01 -1.7029969e+01 -1.7007230e+01 -1.7007230e+01 -1.6993577e+01 -1.6981689e+01 -1.6978276e+01 -1.6978276e+01 -9.5644209e+00 -8.5516974e+00 -8.5516974e+00 -7.7695407e+00 -1.7732239e+00 -1.1245187e+00 -1.1245187e+00 -7.7503214e-01 +4.9699567e-02 +4.9731429e-01 +4.9731429e-01 +1.7593521e+00 +4.1480948e+00 +4.1480948e+00 +4.1991107e+00 +6.1009082e+00 
-1.7191822e+01 -1.7160048e+01 -1.7160048e+01 -1.7155414e+01 -1.7149086e+01 -1.7149086e+01 -1.7140089e+01 -1.7077662e+01 -1.7071945e+01 -1.7071945e+01 -1.7070459e+01 -1.7069177e+01 -1.7039639e+01 -1.7035356e+01 -1.7000805e+01 -1.7000805e+01 -1.6987544e+01 -1.6983548e+01 -1.6975295e+01 -1.6975295e+01 -9.7066941e+00 -8.5149340e+00 -8.5149340e+00 -7.6408986e+00 -1.8103833e+00 -1.1231111e+00 -1.1231111e+00 -9.4976839e-01 +2.9188168e-01 +5.3383873e-01 +5.3383873e-01 +2.0063764e+00 +3.8640387e+00 +3.8640387e+00 +4.0433926e+00 +6.2298900e+00 
-1.7196265e+01 -1.7168465e+01 -1.7168465e+01 -1.7158389e+01 -1.7147122e+01 -1.7147122e+01 -1.7137686e+01 -1.7083973e+01 -1.7072200e+01 -1.7072200e+01 -1.7070590e+01 -1.7060329e+01 -1.7049942e+01 -1.7030694e+01 -1.6994287e+01 -1.6994287e+01 -1.6986139e+01 -1.6981650e+01 -1.6972230e+01 -1.6972230e+01 -9.8449104e+00 -8.4726781e+00 -8.4726781e+00 -7.5209203e+00 -1.8250505e+00 -1.1244138e+00 -1.1244138e+00 -1.1184274e+00 +5.4563832e-01 +5.7561370e-01 +5.7561370e-01 +2.2598020e+00 +3.5783301e+00 +3.5783301e+00 +3.8915134e+00 +6.3499516e+00 
-1.7200752e+01 -1.7177065e+01 -1.7177065e+01 -1.7160960e+01 -1.7146203e+01 -1.7146203e+01 -1.7135565e+01 -1.7090173e+01 -1.7070915e+01 -1.7070915e+01 -1.7070438e+01 -1.7060786e+01 -1.7051280e+01 -1.7025842e+01 -1.6989379e+01 -1.6987775e+01 -1.6987775e+01 -1.6975909e+01 -1.6969137e+01 -1.6969137e+01 -9.9787095e+00 -8.4250171e+00 -8.4250171e+00 -7.4106903e+00 -1.8163403e+00 -1.2808982e+00 -1.1299114e+00 -1.1299114e+00 +6.2247861e-01 +6.2247861e-01 +8.1075253e-01 +2.5201478e+00 +3.2989448e+00 +3.2989448e+00 +3.7438070e+00 +6.4607262e+00 
-1.7205279e+01 -1.7185754e+01 -1.7185754e+01 -1.7163145e+01 -1.7146598e+01 -1.7146598e+01 -1.7133759e+01 -1.7096244e+01 -1.7072069e+01 -1.7070019e+01 -1.7067832e+01 -1.7067832e+01 -1.7042076e+01 -1.7020831e+01 -1.6993174e+01 -1.6981346e+01 -1.6981346e+01 -1.6970334e+01 -1.6966059e+01 -1.6966059e+01 -1.0107784e+01 -8.3720593e+00 -8.3720593e+00 -7.3110891e+00 -1.7836236e+00 -1.4370721e+00 -1.1413898e+00 -1.1413898e+00 +6.7425090e-01 +6.7425090e-01 +1.0870615e+00 +2.7879568e+00 +3.0321861e+00 +3.0321861e+00 +3.6005703e+00 +6.5619954e+00 
-1.7209844e+01 -1.7194454e+01 -1.7194454e+01 -1.7164965e+01 -1.7148344e+01 -1.7148344e+01 -1.7132304e+01 -1.7102167e+01 -1.7083679e+01 -1.7069355e+01 -1.7062939e+01 -1.7062939e+01 -1.7032765e+01 -1.7015692e+01 -1.6997416e+01 -1.6975054e+01 -1.6975054e+01 -1.6964937e+01 -1.6963025e+01 -1.6963025e+01 -1.0231871e+01 -8.3139380e+00 -8.3139380e+00 -7.2227240e+00 -1.7266101e+00 -1.5868423e+00 -1.1609165e+00 -1.1609165e+00 +7.3072676e-01 +7.3072676e-01 +1.3744420e+00 +2.7830930e+00 +2.7830930e+00 +3.0636843e+00 +3.4620812e+00 +6.6536720e+00 
-1.7214455e+01 -1.7203102e+01 -1.7203102e+01 -1.7166443e+01 -1.7151276e+01 -1.7151276e+01 -1.7131240e+01 -1.7107926e+01 -1.7095496e+01 -1.7068468e+01 -1.7056446e+01 -1.7056446e+01 -1.7023398e+01 -1.7010461e+01 -1.7001991e+01 -1.6968942e+01 -1.6968942e+01 -1.6960056e+01 -1.6960056e+01 -1.6959729e+01 -1.0350746e+01 -8.2508149e+00 -8.2508149e+00 -7.1458787e+00 -1.7301040e+00 -1.6454118e+00 -1.1907632e+00 -1.1907632e+00 +7.9168220e-01 +7.9168220e-01 +1.6727906e+00 +2.5557927e+00 +2.5557927e+00 +3.3286115e+00 +3.3475278e+00 +6.7358081e+00 
-1.7219126e+01 -1.7211640e+01 -1.7211640e+01 -1.7167605e+01 -1.7155130e+01 -1.7155130e+01 -1.7130607e+01 -1.7113504e+01 -1.7107387e+01 -1.7067387e+01 -1.7048670e+01 -1.7048670e+01 -1.7014030e+01 -1.7006774e+01 -1.7005172e+01 -1.6963041e+01 -1.6963041e+01 -1.6957165e+01 -1.6957165e+01 -1.6954722e+01 -1.0464219e+01 -8.1828863e+00 -8.1828863e+00 -7.0804902e+00 -1.8667540e+00 -1.5405678e+00 -1.2332423e+00 -1.2332423e+00 +8.5687439e-01 +8.5687439e-01 +1.9819947e+00 +2.3536984e+00 +2.3536984e+00 +3.2004343e+00 +3.6392056e+00 +6.8086254e+00 
-1.7223882e+01 -1.7220019e+01 -1.7220019e+01 -1.7168479e+01 -1.7159639e+01 -1.7159639e+01 -1.7130445e+01 -1.7119213e+01 -1.7118883e+01 -1.7066144e+01 -1.7039946e+01 -1.7039946e+01 -1.7011636e+01 -1.7004717e+01 -1.6999862e+01 -1.6957377e+01 -1.6957377e+01 -1.6954359e+01 -1.6954359e+01 -1.6949927e+01 -1.0572128e+01 -8.1103899e+00 -8.1103899e+00 -7.0261577e+00 -1.9966908e+00 -1.4130172e+00 -1.2904452e+00 -1.2904452e+00 +9.2604280e-01 +9.2604280e-01 +2.1795191e+00 +2.1795191e+00 +2.3018936e+00 +3.0778301e+00 +3.9377152e+00 +6.8725440e+00 
-1.7228759e+01 -1.7228194e+01 -1.7228194e+01 -1.7169097e+01 -1.7164571e+01 -1.7164571e+01 -1.7130829e+01 -1.7130790e+01 -1.7124047e+01 -1.7064772e+01 -1.7030576e+01 -1.7030576e+01 -1.7016447e+01 -1.6995516e+01 -1.6994569e+01 -1.6951971e+01 -1.6951971e+01 -1.6951635e+01 -1.6951635e+01 -1.6945354e+01 -1.0674335e+01 -8.0336136e+00 -8.0336136e+00 -6.9821822e+00 -2.1198141e+00 -1.3639045e+00 -1.3639045e+00 -1.2640127e+00 +9.9890938e-01 +9.9890938e-01 +2.0351114e+00 +2.0351114e+00 +2.6322251e+00 +2.9610905e+00 +4.2411298e+00 +6.9281791e+00 
-1.7236122e+01 -1.7236122e+01 -1.7233803e+01 -1.7169742e+01 -1.7169742e+01 -1.7169488e+01 -1.7142084e+01 -1.7131668e+01 -1.7128982e+01 -1.7063307e+01 -1.7021082e+01 -1.7020826e+01 -1.7020826e+01 -1.6989333e+01 -1.6986486e+01 -1.6948987e+01 -1.6948987e+01 -1.6946839e+01 -1.6946839e+01 -1.6941011e+01 -1.0770724e+01 -7.9529070e+00 -7.9529070e+00 -6.9476292e+00 -2.2360254e+00 -1.4542561e+00 -1.4542561e+00 -1.0949915e+00 +1.0751767e+00 +1.0751767e+00 +1.9212641e+00 +1.9212641e+00 +2.8505236e+00 +2.9725524e+00 +4.5465114e+00 +6.9762891e+00 
-1.7243765e+01 -1.7243765e+01 -1.7239060e+01 -1.7175005e+01 -1.7175005e+01 -1.7169687e+01 -1.7152829e+01 -1.7133672e+01 -1.7133090e+01 -1.7061783e+01 -1.7025431e+01 -1.7010932e+01 -1.7010932e+01 -1.6984191e+01 -1.6977685e+01 -1.6946399e+01 -1.6946399e+01 -1.6941994e+01 -1.6941994e+01 -1.6936909e+01 -1.0861198e+01 -7.8686945e+00 -7.8686945e+00 -6.9214076e+00 -2.3452280e+00 -1.5610117e+00 -1.5610117e+00 -9.0744420e-01 +1.1545226e+00 +1.1545226e+00 +1.8375438e+00 +1.8375438e+00 +2.7464586e+00 +3.3221707e+00 +4.8500097e+00 +7.0176938e+00 
-1.7251081e+01 -1.7251081e+01 -1.7244561e+01 -1.7180242e+01 -1.7180242e+01 -1.7169725e+01 -1.7162922e+01 -1.7138103e+01 -1.7135042e+01 -1.7060234e+01 -1.7029405e+01 -1.7001113e+01 -1.7001113e+01 -1.6979186e+01 -1.6969173e+01 -1.6943845e+01 -1.6943845e+01 -1.6937447e+01 -1.6937447e+01 -1.6933055e+01 -1.0945672e+01 -7.7814924e+00 -7.7814924e+00 -6.9023510e+00 -2.4473273e+00 -1.6825307e+00 -1.6825307e+00 -7.0283872e-01 +1.2365890e+00 +1.2365890e+00 +1.7823042e+00 +1.7823042e+00 +2.6492507e+00 +3.6799897e+00 +5.1471744e+00 +7.0531930e+00 
-1.7258035e+01 -1.7258035e+01 -1.7250308e+01 -1.7185357e+01 -1.7185357e+01 -1.7172238e+01 -1.7169636e+01 -1.7142262e+01 -1.7137485e+01 -1.7058689e+01 -1.7032943e+01 -1.6991575e+01 -1.6991575e+01 -1.6974356e+01 -1.6961008e+01 -1.6941286e+01 -1.6941286e+01 -1.6933207e+01 -1.6933207e+01 -1.6929456e+01 -1.1024077e+01 -7.6919282e+00 -7.6919282e+00 -6.8892916e+00 -2.5422314e+00 -1.8161973e+00 -1.8161973e+00 -4.8262996e-01 +1.3209630e+00 +1.3209630e+00 +1.7528786e+00 +1.7528786e+00 +2.5592832e+00 +4.0443951e+00 +5.4334304e+00 +7.0835130e+00 
-1.7264590e+01 -1.7264590e+01 -1.7256268e+01 -1.7190273e+01 -1.7190273e+01 -1.7180681e+01 -1.7169453e+01 -1.7146136e+01 -1.7140347e+01 -1.7057174e+01 -1.7036015e+01 -1.6982528e+01 -1.6982528e+01 -1.6969744e+01 -1.6953248e+01 -1.6938663e+01 -1.6938663e+01 -1.6929282e+01 -1.6929282e+01 -1.6926121e+01 -1.1096351e+01 -7.6007638e+00 -7.6007638e+00 -6.8811159e+00 -2.6298515e+00 -1.9587237e+00 -1.9587237e+00 -2.4834269e-01 +1.4071480e+00 +1.4071480e+00 +1.7458916e+00 +1.7458916e+00 +2.4769667e+00 +4.4130934e+00 +5.7045937e+00 +7.1092856e+00 
-1.7270710e+01 -1.7270710e+01 -1.7262365e+01 -1.7194925e+01 -1.7194925e+01 -1.7188192e+01 -1.7169206e+01 -1.7149713e+01 -1.7143531e+01 -1.7055710e+01 -1.7038622e+01 -1.6974185e+01 -1.6974185e+01 -1.6965390e+01 -1.6945949e+01 -1.6935899e+01 -1.6935899e+01 -1.6925677e+01 -1.6925677e+01 -1.6923056e+01 -1.1162441e+01 -7.5089209e+00 -7.5089209e+00 -6.8767985e+00 -2.7101023e+00 -2.1064651e+00 -2.1064651e+00 -1.6909155e-03 +1.4945221e+00 +1.4945221e+00 +1.7575866e+00 +1.7575866e+00 +2.4027284e+00 +4.7829515e+00 +5.9572803e+00 +7.1310530e+00 
-1.7276363e+01 -1.7276363e+01 -1.7268486e+01 -1.7199261e+01 -1.7199261e+01 -1.7194755e+01 -1.7168922e+01 -1.7152982e+01 -1.7146920e+01 -1.7054320e+01 -1.7040787e+01 -1.6966762e+01 -1.6966762e+01 -1.6961334e+01 -1.6939164e+01 -1.6932902e+01 -1.6932902e+01 -1.6922398e+01 -1.6922398e+01 -1.6920267e+01 -1.1222296e+01 -7.4175087e+00 -7.4175087e+00 -6.8754182e+00 -2.7829026e+00 -2.2556650e+00 -2.2556650e+00 +2.5528155e-01 +1.5822854e+00 +1.5822854e+00 +1.7840973e+00 +1.7840973e+00 +2.3369900e+00 +5.1498421e+00 +6.1890955e+00 +7.1492843e+00 
-1.7281519e+01 -1.7281519e+01 -1.7274492e+01 -1.7203240e+01 -1.7203240e+01 -1.7200391e+01 -1.7168626e+01 -1.7155934e+01 -1.7150384e+01 -1.7053020e+01 -1.7042552e+01 -1.6960445e+01 -1.6960445e+01 -1.6957617e+01 -1.6932944e+01 -1.6929598e+01 -1.6929598e+01 -1.6919451e+01 -1.6919451e+01 -1.6917758e+01 -1.1275870e+01 -7.3278489e+00 -7.3278489e+00 -6.8761629e+00 -2.8481760e+00 -2.4026028e+00 -2.4026028e+00 +5.2001433e-01 +1.6693983e+00 +1.6693983e+00 +1.8216309e+00 +1.8216309e+00 +2.2801248e+00 +5.5085201e+00 +6.3985799e+00 +7.1643931e+00 
-1.7286150e+01 -1.7286150e+01 -1.7280226e+01 -1.7206828e+01 -1.7206828e+01 -1.7205151e+01 -1.7168337e+01 -1.7158560e+01 -1.7153791e+01 -1.7051827e+01 -1.7043964e+01 -1.6955334e+01 -1.6955334e+01 -1.6954276e+01 -1.6927337e+01 -1.6925987e+01 -1.6925987e+01 -1.6916839e+01 -1.6916839e+01 -1.6915536e+01 -1.1323118e+01 -7.2414952e+00 -7.2414952e+00 -6.8783285e+00 -2.9058518e+00 -2.5436563e+00 -2.5436563e+00 +7.8914489e-01 +1.7545179e+00 +1.7545179e+00 +1.8665639e+00 +1.8665639e+00 +2.2323910e+00 +5.8525827e+00 +6.5849710e+00 +7.1767514e+00 
-1.7290228e+01 -1.7290228e+01 -1.7285534e+01 -1.7210000e+01 -1.7210000e+01 -1.7209102e+01 -1.7168070e+01 -1.7160852e+01 -1.7157016e+01 -1.7050758e+01 -1.7045076e+01 -1.6951395e+01 -1.6951395e+01 -1.6951345e+01 -1.6922386e+01 -1.6922196e+01 -1.6922196e+01 -1.6914566e+01 -1.6914566e+01 -1.6913604e+01 -1.1364004e+01 -7.1602374e+00 -7.1602374e+00 -6.8813159e+00 -2.9558665e+00 -2.6753158e+00 -2.6753158e+00 +1.0580696e+00 +1.8359434e+00 +1.8359434e+00 +1.9154631e+00 +1.9154631e+00 +2.1938394e+00 +6.1746051e+00 +6.7478895e+00 +7.1866978e+00 
-1.7293728e+01 -1.7293728e+01 -1.7290273e+01 -1.7212731e+01 -1.7212731e+01 -1.7212311e+01 -1.7167835e+01 -1.7162803e+01 -1.7159944e+01 -1.7049826e+01 -1.7045935e+01 -1.6948850e+01 -1.6948473e+01 -1.6948473e+01 -1.6918458e+01 -1.6918458e+01 -1.6918130e+01 -1.6912638e+01 -1.6912638e+01 -1.6911965e+01 -1.1398508e+01 -7.0860798e+00 -7.0860798e+00 -6.8846252e+00 -2.9981679e+00 -2.7941865e+00 -2.7941865e+00 +1.3203229e+00 +1.9115877e+00 +1.9115877e+00 +1.9650476e+00 +1.9650476e+00 +2.1642052e+00 +6.4665286e+00 +6.8870549e+00 +7.1945391e+00 
-1.7296627e+01 -1.7296627e+01 -1.7294316e+01 -1.7215002e+01 -1.7215002e+01 -1.7214844e+01 -1.7167638e+01 -1.7164408e+01 -1.7162475e+01 -1.7049044e+01 -1.7046582e+01 -1.6946811e+01 -1.6946369e+01 -1.6946369e+01 -1.6915040e+01 -1.6915040e+01 -1.6914603e+01 -1.6911056e+01 -1.6911056e+01 -1.6910622e+01 -1.1426637e+01 -7.0211794e+00 -7.0211794e+00 -6.8878501e+00 -3.0327208e+00 -2.8970157e+00 -2.8970157e+00 +1.5668250e+00 +1.9790034e+00 +1.9790034e+00 +2.0121196e+00 +2.0121196e+00 +2.1428140e+00 +6.7202091e+00 +7.0021020e+00 +7.0537817e+00 
-1.7298905e+01 -1.7298905e+01 -1.7297562e+01 -1.7216795e+01 -1.7216795e+01 -1.7216756e+01 -1.7167481e+01 -1.7165660e+01 -1.7164529e+01 -1.7048424e+01 -1.7047051e+01 -1.6945235e+01 -1.6944906e+01 -1.6944906e+01 -1.6912170e+01 -1.6912170e+01 -1.6911832e+01 -1.6909823e+01 -1.6909823e+01 -1.6909578e+01 -1.1448426e+01 -6.9677300e+00 -6.9677300e+00 -6.8906716e+00 -3.0595167e+00 -2.9807694e+00 -2.9807694e+00 +1.7852383e+00 +2.0354944e+00 +2.0354944e+00 +2.0535079e+00 +2.0535079e+00 +2.1285553e+00 +6.8960613e+00 +6.8960613e+00 +6.9278780e+00 
-1.7300544e+01 -1.7300544e+01 -1.7299934e+01 -1.7218091e+01 -1.7218091e+01 -1.7218090e+01 -1.7167369e+01 -1.7166558e+01 -1.7166041e+01 -1.7047974e+01 -1.7047367e+01 -1.6944122e+01 -1.6943951e+01 -1.6943951e+01 -1.6910015e+01 -1.6910015e+01 -1.6909838e+01 -1.6908941e+01 -1.6908941e+01 -1.6908831e+01 -1.1463930e+01 -6.9277898e+00 -6.9277898e+00 -6.8928508e+00 -3.0785823e+00 -3.0427724e+00 -3.0427724e+00 +1.9600432e+00 +2.0783463e+00 +2.0783463e+00 +2.0861000e+00 +2.0861000e+00 +2.1199891e+00 +6.7789654e+00 +6.7789654e+00 +6.8594288e+00 
-1.7301533e+01 -1.7301533e+01 -1.7301379e+01 -1.7218878e+01 -1.7218876e+01 -1.7218876e+01 -1.7167300e+01 -1.7167098e+01 -1.7166966e+01 -1.7047701e+01 -1.7047550e+01 -1.6943460e+01 -1.6943414e+01 -1.6943414e+01 -1.6908684e+01 -1.6908684e+01 -1.6908636e+01 -1.6908411e+01 -1.6908411e+01 -1.6908384e+01 -1.1473206e+01 -6.9030649e+00 -6.9030649e+00 -6.8942225e+00 -3.0899767e+00 -3.0808973e+00 -3.0808973e+00 +2.0743686e+00 +2.1051717e+00 +2.1051717e+00 +2.1070634e+00 +2.1070634e+00 +2.1156234e+00 +6.7067768e+00 +6.7067768e+00 +6.7278946e+00 
-1.7301863e+01 -1.7301863e+01 -1.7301863e+01 -1.7219139e+01 -1.7219139e+01 -1.7219139e+01 -1.7167278e+01 -1.7167278e+01 -1.7167278e+01 -1.7047610e+01 -1.7047610e+01 -1.6943241e+01 -1.6943241e+01 -1.6943241e+01 -1.6908235e+01 -1.6908235e+01 -1.6908235e+01 -1.6908235e+01 -1.6908235e+01 -1.6908235e+01 -1.1476293e+01 -6.8946904e+00 -6.8946904e+00 -6.8946904e+00 -3.0937652e+00 -3.0937652e+00 -3.0937651e+00 +2.1143122e+00 +2.1143122e+00 +2.1143122e+00 +2.1143122e+00 +2.1143122e+00 +2.1143122e+00 +6.6823751e+00 +6.6823751e+00 +6.6823751e+00 
-1.7301482e+01 -1.7301482e+01 -1.7301482e+01 -1.7218877e+01 -1.7218877e+01 -1.7218877e+01 -1.7167257e+01 -1.7167054e+01 -1.7167054e+01 -1.7047625e+01 -1.7047625e+01 -1.6943429e+01 -1.6943429e+01 -1.6943429e+01 -1.6908619e+01 -1.6908619e+01 -1.6908619e+01 -1.6908450e+01 -1.6908450e+01 -1.6908450e+01 -1.1473211e+01 -6.9001122e+00 -6.9001122e+00 -6.9001122e+00 -3.0839388e+00 -3.0839388e+00 -3.0839387e+00 +2.0886518e+00 +2.0886518e+00 +2.0886518e+00 +2.1162246e+00 +2.1162246e+00 +2.1162246e+00 +6.7137430e+00 +6.7137430e+00 +6.7137430e+00 
-1.7300345e+01 -1.7300345e+01 -1.7300345e+01 -1.7218092e+01 -1.7218092e+01 -1.7218092e+01 -1.7167196e+01 -1.7166389e+01 -1.7166389e+01 -1.7047669e+01 -1.7047669e+01 -1.6944011e+01 -1.6944011e+01 -1.6944011e+01 -1.6909769e+01 -1.6909769e+01 -1.6909769e+01 -1.6909083e+01 -1.6909083e+01 -1.6909083e+01 -1.1463953e+01 -6.9161689e+00 -6.9161689e+00 -6.9161689e+00 -3.0547466e+00 -3.0547466e+00 -3.0547465e+00 +2.0142912e+00 +2.0142912e+00 +2.0142912e+00 +2.1224309e+00 +2.1224309e+00 +2.1224309e+00 +6.8052024e+00 +6.8052024e+00 +6.8052024e+00 
-1.7298469e+01 -1.7298469e+01 -1.7298469e+01 -1.7216783e+01 -1.7216783e+01 -1.7216783e+01 -1.7167103e+01 -1.7165296e+01 -1.7165296e+01 -1.7047731e+01 -1.7047731e+01 -1.6945031e+01 -1.6945031e+01 -1.6945031e+01 -1.6911675e+01 -1.6911675e+01 -1.6911675e+01 -1.6910095e+01 -1.6910095e+01 -1.6910094e+01 -1.1448477e+01 -6.9422559e+00 -6.9422558e+00 -6.9422558e+00 -3.0070385e+00 -3.0070385e+00 -3.0070384e+00 +1.8982642e+00 +1.8982642e+00 +1.8982642e+00 +2.1340855e+00 +2.1340855e+00 +2.1340855e+00 +6.8903112e+00 +6.9489241e+00 +6.9489242e+00 
-1.7295885e+01 -1.7295885e+01 -1.7295885e+01 -1.7214946e+01 -1.7214946e+01 -1.7214946e+01 -1.7166989e+01 -1.7163799e+01 -1.7163799e+01 -1.7047792e+01 -1.7047792e+01 -1.6946558e+01 -1.6946558e+01 -1.6946558e+01 -1.6914322e+01 -1.6914322e+01 -1.6914322e+01 -1.6911417e+01 -1.6911417e+01 -1.6911417e+01 -1.1426727e+01 -6.9774330e+00 -6.9774330e+00 -6.9774330e+00 -2.9421975e+00 -2.9421975e+00 -2.9421975e+00 +1.7501002e+00 +1.7501002e+00 +1.7501002e+00 +2.1524920e+00 +2.1524920e+00 +2.1524920e+00 +6.6529237e+00 +7.1311150e+00 +7.1311150e+00 
-1.7292636e+01 -1.7292636e+01 -1.7292636e+01 -1.7212573e+01 -1.7212573e+01 -1.7212573e+01 -1.7166868e+01 -1.7161933e+01 -1.7161933e+01 -1.7047828e+01 -1.7047828e+01 -1.6948670e+01 -1.6948670e+01 -1.6948670e+01 -1.6917687e+01 -1.6917687e+01 -1.6917687e+01 -1.6912963e+01 -1.6912963e+01 -1.6912963e+01 -1.1398645e+01 -7.0205165e+00 -7.0205165e+00 -7.0205165e+00 -2.8621022e+00 -2.8621022e+00 -2.8621021e+00 +1.5799076e+00 +1.5799076e+00 +1.5799076e+00 +2.1786788e+00 +2.1786788e+00 +2.1786788e+00 +6.3604074e+00 +7.0953079e+00 +7.0953080e+00 
-1.7288779e+01 -1.7288779e+01 -1.7288779e+01 -1.7209650e+01 -1.7209650e+01 -1.7209650e+01 -1.7166756e+01 -1.7159742e+01 -1.7159742e+01 -1.7047806e+01 -1.7047806e+01 -1.6951446e+01 -1.6951446e+01 -1.6951446e+01 -1.6921741e+01 -1.6921741e+01 -1.6921741e+01 -1.6914629e+01 -1.6914629e+01 -1.6914629e+01 -1.1364195e+01 -7.0701834e+00 -7.0701834e+00 -7.0701834e+00 -2.7691031e+00 -2.7691031e+00 -2.7691031e+00 +1.3971462e+00 +1.3971462e+00 +1.3971462e+00 +2.2132514e+00 +2.2132514e+00 +2.2132514e+00 +6.0203979e+00 +7.0473374e+00 +7.0473374e+00 
-1.7284382e+01 -1.7284382e+01 -1.7284382e+01 -1.7206162e+01 -1.7206162e+01 -1.7206162e+01 -1.7166669e+01 -1.7157283e+01 -1.7157283e+01 -1.7047682e+01 -1.7047682e+01 -1.6954953e+01 -1.6954953e+01 -1.6954953e+01 -1.6926445e+01 -1.6926445e+01 -1.6926445e+01 -1.6916317e+01 -1.6916317e+01 -1.6916316e+01 -1.1323374e+01 -7.1250700e+00 -7.1250700e+00 -7.1250700e+00 -2.6660421e+00 -2.6660421e+00 -2.6660421e+00 +1.2101665e+00 +1.2101665e+00 +1.2101665e+00 +2.2564445e+00 +2.2564445e+00 +2.2564445e+00 +5.6413945e+00 +6.9926132e+00 +6.9926132e+00 
-1.7279526e+01 -1.7279526e+01 -1.7279526e+01 -1.7202094e+01 -1.7202094e+01 -1.7202094e+01 -1.7166619e+01 -1.7154623e+01 -1.7154623e+01 -1.7047407e+01 -1.7047407e+01 -1.6959229e+01 -1.6959229e+01 -1.6959229e+01 -1.6931756e+01 -1.6931756e+01 -1.6931756e+01 -1.6917947e+01 -1.6917947e+01 -1.6917947e+01 -1.1276205e+01 -7.1838510e+00 -7.1838510e+00 -7.1838510e+00 -2.5563368e+00 -2.5563368e+00 -2.5563368e+00 +1.0262987e+00 +1.0262987e+00 +1.0262987e+00 +2.3082386e+00 +2.3082386e+00 +2.3082386e+00 +5.2324964e+00 +6.9320040e+00 +6.9320040e+00 
-1.7274297e+01 -1.7274297e+01 -1.7274297e+01 -1.7197434e+01 -1.7197434e+01 -1.7197434e+01 -1.7166616e+01 -1.7151842e+01 -1.7151842e+01 -1.7046920e+01 -1.7046920e+01 -1.6964280e+01 -1.6964280e+01 -1.6964280e+01 -1.6937619e+01 -1.6937619e+01 -1.6937619e+01 -1.6919467e+01 -1.6919467e+01 -1.6919467e+01 -1.1222725e+01 -7.2452932e+00 -7.2452932e+00 -7.2452932e+00 -2.4441432e+00 -2.4441432e+00 -2.4441431e+00 +8.5225096e-01 +8.5225097e-01 +8.5225097e-01 +2.3684651e+00 +2.3684651e+00 +2.3684651e+00 +4.8028977e+00 +6.8664190e+00 +6.8664190e+00 
-1.7268786e+01 -1.7268786e+01 -1.7268786e+01 -1.7192184e+01 -1.7192184e+01 -1.7192184e+01 -1.7166670e+01 -1.7149029e+01 -1.7149029e+01 -1.7046154e+01 -1.7046154e+01 -1.6970078e+01 -1.6970078e+01 -1.6970078e+01 -1.6943972e+01 -1.6943972e+01 -1.6943972e+01 -1.6920856e+01 -1.6920856e+01 -1.6920856e+01 -1.1162978e+01 -7.3082856e+00 -7.3082856e+00 -7.3082856e+00 -2.3345774e+00 -2.3345774e+00 -2.3345774e+00 +6.9463973e-01 +6.9463974e-01 +6.9463974e-01 +2.4368761e+00 +2.4368761e+00 +2.4368761e+00 +4.3612915e+00 +6.7967729e+00 +6.7967729e+00 
-1.7263084e+01 -1.7263084e+01 -1.7263084e+01 -1.7186359e+01 -1.7186359e+01 -1.7186359e+01 -1.7166786e+01 -1.7146280e+01 -1.7146280e+01 -1.7045036e+01 -1.7045036e+01 -1.6976567e+01 -1.6976567e+01 -1.6976567e+01 -1.6950740e+01 -1.6950740e+01 -1.6950740e+01 -1.6922113e+01 -1.6922113e+01 -1.6922113e+01 -1.1097004e+01 -7.3718523e+00 -7.3718523e+00 -7.3718523e+00 -2.2339158e+00 -2.2339158e+00 -2.2339158e+00 +5.6048829e-01 +5.6048830e-01 +5.6048830e-01 +2.5131842e+00 +2.5131842e+00 +2.5131842e+00 +3.9152943e+00 +6.7239548e+00 +6.7239548e+00 
-1.7257271e+01 -1.7257271e+01 -1.7257271e+01 -1.7179995e+01 -1.7179995e+01 -1.7179995e+01 -1.7166970e+01 -1.7143698e+01 -1.7143698e+01 -1.7043492e+01 -1.7043492e+01 -1.6983677e+01 -1.6983677e+01 -1.6983677e+01 -1.6957836e+01 -1.6957836e+01 -1.6957836e+01 -1.6923250e+01 -1.6923250e+01 -1.6923250e+01 -1.1024847e+01 -7.4351524e+00 -7.4351524e+00 -7.4351524e+00 -2.1495635e+00 -2.1495635e+00 -2.1495635e+00 +4.5745627e-01 +4.5745628e-01 +4.5745628e-01 +2.5970831e+00 +2.5970831e+00 +2.5970831e+00 +3.4710039e+00 +6.6488059e+00 +6.6488060e+00 
-1.7251421e+01 -1.7251421e+01 -1.7251421e+01 -1.7173158e+01 -1.7173158e+01 -1.7173158e+01 -1.7167224e+01 -1.7141376e+01 -1.7141376e+01 -1.7041456e+01 -1.7041456e+01 -1.6991330e+01 -1.6991330e+01 -1.6991330e+01 -1.6965159e+01 -1.6965159e+01 -1.6965159e+01 -1.6924284e+01 -1.6924284e+01 -1.6924284e+01 -1.0946557e+01 -7.4974735e+00 -7.4974735e+00 -7.4974735e+00 -2.0894297e+00 -2.0894297e+00 -2.0894297e+00 +3.9342682e-01 +3.9342682e-01 +3.9342682e-01 +2.6882561e+00 +2.6882561e+00 +2.6882561e+00 +3.0328083e+00 +6.5721061e+00 +6.5721061e+00 
-1.7245590e+01 -1.7245590e+01 -1.7245590e+01 -1.7167552e+01 -1.7165946e+01 -1.7165946e+01 -1.7165946e+01 -1.7139401e+01 -1.7139401e+01 -1.7038874e+01 -1.7038874e+01 -1.6999445e+01 -1.6999445e+01 -1.6999445e+01 -1.6972584e+01 -1.6972584e+01 -1.6972584e+01 -1.6925233e+01 -1.6925233e+01 -1.6925233e+01 -1.0862193e+01 -7.5582206e+00 -7.5582206e+00 -7.5582206e+00 -2.0604008e+00 -2.0604008e+00 -2.0604008e+00 +3.7514124e-01 +3.7514124e-01 +3.7514124e-01 +2.6034760e+00 +2.7863787e+00 +2.7863787e+00 +2.7863787e+00 +6.4945695e+00 +6.4945695e+00 
-1.7239825e+01 -1.7239825e+01 -1.7239825e+01 -1.7167955e+01 -1.7158501e+01 -1.7158501e+01 -1.7158501e+01 -1.7137837e+01 -1.7137837e+01 -1.7035712e+01 -1.7035712e+01 -1.7007941e+01 -1.7007941e+01 -1.7007941e+01 -1.6979962e+01 -1.6979962e+01 -1.6979962e+01 -1.6926112e+01 -1.6926112e+01 -1.6926112e+01 -1.0771831e+01 -7.6169045e+00 -7.6169045e+00 -7.6169045e+00 -2.0662598e+00 -2.0662598e+00 -2.0662598e+00 +4.0622876e-01 +4.0622877e-01 +4.0622877e-01 +2.1844530e+00 +2.8911181e+00 +2.8911181e+00 +2.8911181e+00 +6.4168480e+00 +6.4168480e+00 
-1.7234159e+01 -1.7234159e+01 -1.7234159e+01 -1.7168434e+01 -1.7151011e+01 -1.7151011e+01 -1.7151011e+01 -1.7136722e+01 -1.7136722e+01 -1.7031964e+01 -1.7031964e+01 -1.7016741e+01 -1.7016741e+01 -1.7016741e+01 -1.6987104e+01 -1.6987104e+01 -1.6987104e+01 -1.6926934e+01 -1.6926934e+01 -1.6926934e+01 -1.0675567e+01 -7.6731298e+00 -7.6731298e+00 -7.6731298e+00 -2.1063535e+00 -2.1063535e+00 -2.1063535e+00 +4.8593737e-01 +4.8593737e-01 +4.8593737e-01 +1.7762446e+00 +3.0021300e+00 +3.0021300e+00 +3.0021300e+00 +6.3395378e+00 +6.3395378e+00 
-1.7228617e+01 -1.7228617e+01 -1.7228617e+01 -1.7168986e+01 -1.7143723e+01 -1.7143723e+01 -1.7143723e+01 -1.7136068e+01 -1.7136068e+01 -1.7027654e+01 -1.7027654e+01 -1.7025767e+01 -1.7025767e+01 -1.7025767e+01 -1.6993777e+01 -1.6993777e+01 -1.6993777e+01 -1.6927709e+01 -1.6927709e+01 -1.6927709e+01 -1.0573520e+01 -7.7265834e+00 -7.7265834e+00 -7.7265834e+00 -2.1761244e+00 -2.1761244e+00 -2.1761244e+00 +6.0969180e-01 +6.0969180e-01 +6.0969180e-01 +1.3787814e+00 +3.1190556e+00 +3.1190556e+00 +3.1190556e+00 +6.2631883e+00 +6.2631883e+00 
-1.7223220e+01 -1.7223220e+01 -1.7223220e+01 -1.7169610e+01 -1.7136946e+01 -1.7136946e+01 -1.7136946e+01 -1.7135858e+01 -1.7135858e+01 -1.7034943e+01 -1.7034943e+01 -1.7034943e+01 -1.7022829e+01 -1.7022829e+01 -1.6999691e+01 -1.6999691e+01 -1.6999691e+01 -1.6928444e+01 -1.6928444e+01 -1.6928444e+01 -1.0465838e+01 -7.7770253e+00 -7.7770253e+00 -7.7770253e+00 -2.2690218e+00 -2.2690218e+00 -2.2690218e+00 +7.7100529e-01 +7.7100529e-01 +7.7100529e-01 +9.9171245e-01 +3.2415162e+00 +3.2415162e+00 +3.2415162e+00 +6.1883096e+00 +6.1883096e+00 
-1.7217982e+01 -1.7217982e+01 -1.7217982e+01 -1.7170302e+01 -1.7136057e+01 -1.7136057e+01 -1.7131055e+01 -1.7131055e+01 -1.7131055e+01 -1.7044198e+01 -1.7044198e+01 -1.7044198e+01 -1.7017557e+01 -1.7017557e+01 -1.7004495e+01 -1.7004495e+01 -1.7004495e+01 -1.6929144e+01 -1.6929144e+01 -1.6929144e+01 -1.0352704e+01 -7.8242792e+00 -7.8242792e+00 -7.8242792e+00 -2.3783672e+00 -2.3783672e+00 -2.3783672e+00 +6.1461248e-01 +9.6332898e-01 +9.6332898e-01 +9.6332899e-01 +3.3691085e+00 +3.3691085e+00 +3.3691085e+00 +6.1153795e+00 +6.1153795e+00 
-1.7212921e+01 -1.7212921e+01 -1.7212921e+01 -1.7171055e+01 -1.7136614e+01 -1.7136614e+01 -1.7126458e+01 -1.7126458e+01 -1.7126458e+01 -1.7053460e+01 -1.7053460e+01 -1.7053460e+01 -1.7011923e+01 -1.7011923e+01 -1.7007808e+01 -1.7007808e+01 -1.7007808e+01 -1.6929813e+01 -1.6929813e+01 -1.6929813e+01 -1.0234337e+01 -7.8682256e+00 -7.8682256e+00 -7.8682256e+00 -2.4983769e+00 -2.4983769e+00 -2.4983769e+00 +2.4711161e-01 +1.1810513e+00 +1.1810513e+00 +1.1810513e+00 +3.5013968e+00 +3.5013968e+00 +3.5013968e+00 +6.0448483e+00 +6.0448483e+00 
-1.7208050e+01 -1.7208050e+01 -1.7208050e+01 -1.7171863e+01 -1.7137471e+01 -1.7137471e+01 -1.7123525e+01 -1.7123525e+01 -1.7123525e+01 -1.7062659e+01 -1.7062659e+01 -1.7062659e+01 -1.7009287e+01 -1.7009287e+01 -1.7009287e+01 -1.7006015e+01 -1.7006015e+01 -1.6930452e+01 -1.6930452e+01 -1.6930452e+01 -1.0111005e+01 -7.9087954e+00 -7.9087954e+00 -7.9087954e+00 -2.6244368e+00 -2.6244368e+00 -2.6244368e+00 -1.1103111e-01 +1.4197411e+00 +1.4197411e+00 +1.4197411e+00 +3.6379036e+00 +3.6379036e+00 +3.6379036e+00 +5.9771440e+00 +5.9771440e+00 
-1.7203390e+01 -1.7203390e+01 -1.7203390e+01 -1.7172716e+01 -1.7138567e+01 -1.7138567e+01 -1.7122470e+01 -1.7122470e+01 -1.7122469e+01 -1.7071729e+01 -1.7071729e+01 -1.7071729e+01 -1.7008743e+01 -1.7008743e+01 -1.7008743e+01 -1.6999926e+01 -1.6999926e+01 -1.6931062e+01 -1.6931062e+01 -1.6931062e+01 -9.9830294e+00 -7.9459645e+00 -7.9459645e+00 -7.9459645e+00 -2.7529944e+00 -2.7529944e+00 -2.7529944e+00 -4.5989166e-01 +1.6760022e+00 +1.6760022e+00 +1.6760022e+00 +3.7780953e+00 +3.7780953e+00 +3.7780953e+00 +5.9126769e+00 +5.9126769e+00 
-1.7198960e+01 -1.7198960e+01 -1.7198960e+01 -1.7173603e+01 -1.7139846e+01 -1.7139846e+01 -1.7123263e+01 -1.7123263e+01 -1.7123263e+01 -1.7080603e+01 -1.7080603e+01 -1.7080603e+01 -1.7006228e+01 -1.7006228e+01 -1.7006228e+01 -1.6993747e+01 -1.6993747e+01 -1.6931645e+01 -1.6931645e+01 -1.6931645e+01 -9.8508023e+00 -7.9797494e+00 -7.9797494e+00 -7.9797494e+00 -2.8813386e+00 -2.8813386e+00 -2.8813386e+00 -7.9936605e-01 +1.9472034e+00 +1.9472034e+00 +1.9472034e+00 +3.9213609e+00 +3.9213609e+00 +3.9213609e+00 +5.8518454e+00 +5.8518454e+00 
-1.7194786e+01 -1.7194786e+01 -1.7194786e+01 -1.7174512e+01 -1.7141252e+01 -1.7141252e+01 -1.7125636e+01 -1.7125636e+01 -1.7125636e+01 -1.7089220e+01 -1.7089220e+01 -1.7089220e+01 -1.7002027e+01 -1.7002027e+01 -1.7002027e+01 -1.6987566e+01 -1.6987566e+01 -1.6932199e+01 -1.6932199e+01 -1.6932199e+01 -9.7147990e+00 -8.0102029e+00 -8.0102029e+00 -8.0102029e+00 -3.0073854e+00 -3.0073854e+00 -3.0073854e+00 -1.1291646e+00 +2.2311955e+00 +2.2311955e+00 +2.2311955e+00 +4.0669811e+00 +4.0669811e+00 +4.0669811e+00 +5.7950395e+00 +5.7950396e+00 
-1.7190900e+01 -1.7190900e+01 -1.7190900e+01 -1.7175429e+01 -1.7142737e+01 -1.7142737e+01 -1.7129185e+01 -1.7129185e+01 -1.7129185e+01 -1.7097518e+01 -1.7097518e+01 -1.7097518e+01 -1.6996555e+01 -1.6996555e+01 -1.6996555e+01 -1.6981465e+01 -1.6981465e+01 -1.6932723e+01 -1.6932723e+01 -1.6932723e+01 -9.5756013e+00 -8.0374102e+00 -8.0374102e+00 -8.0374102e+00 -3.1295072e+00 -3.1295072e+00 -3.1295072e+00 -1.4488080e+00 +2.5260449e+00 +2.5260449e+00 +2.5260449e+00 +4.2140875e+00 +4.2140875e+00 +4.2140875e+00 +5.7426417e+00 +5.7426418e+00 
-1.7187343e+01 -1.7187343e+01 -1.7187343e+01 -1.7176341e+01 -1.7144257e+01 -1.7144257e+01 -1.7133474e+01 -1.7133474e+01 -1.7133474e+01 -1.7105441e+01 -1.7105441e+01 -1.7105441e+01 -1.6990247e+01 -1.6990247e+01 -1.6990247e+01 -1.6975522e+01 -1.6975522e+01 -1.6933218e+01 -1.6933218e+01 -1.6933218e+01 -9.4339248e+00 -8.0614853e+00 -8.0614853e+00 -8.0614853e+00 -3.2464065e+00 -3.2464065e+00 -3.2464065e+00 -1.7576186e+00 +2.8297708e+00 +2.8297708e+00 +2.8297709e+00 +4.3616121e+00 +4.3616121e+00 +4.3616121e+00 +5.6950214e+00 +5.6950215e+00 
-1.7184168e+01 -1.7184168e+01 -1.7184168e+01 -1.7177232e+01 -1.7145775e+01 -1.7145775e+01 -1.7138102e+01 -1.7138102e+01 -1.7138102e+01 -1.7112934e+01 -1.7112934e+01 -1.7112934e+01 -1.6983488e+01 -1.6983488e+01 -1.6983488e+01 -1.6969809e+01 -1.6969809e+01 -1.6933680e+01 -1.6933680e+01 -1.6933680e+01 -9.2906550e+00 -8.0825668e+00 -8.0825668e+00 -8.0825668e+00 -3.3570271e+00 -3.3570271e+00 -3.3570271e+00 -2.0547055e+00 +3.1400693e+00 +3.1400693e+00 +3.1400693e+00 +4.5082365e+00 +4.5082365e+00 +4.5082365e+00 +5.6525200e+00 +5.6525200e+00 
-1.7181451e+01 -1.7181451e+01 -1.7181451e+01 -1.7178090e+01 -1.7147257e+01 -1.7147257e+01 -1.7142715e+01 -1.7142715e+01 -1.7142715e+01 -1.7119946e+01 -1.7119946e+01 -1.7119946e+01 -1.6976595e+01 -1.6976595e+01 -1.6976595e+01 -1.6964391e+01 -1.6964391e+01 -1.6934110e+01 -1.6934110e+01 -1.6934110e+01 -9.1468912e+00 -8.1008139e+00 -8.1008139e+00 -8.1008139e+00 -3.4604919e+00 -3.4604919e+00 -3.4604918e+00 -2.3389380e+00 +3.4540065e+00 +3.4540065e+00 +3.4540066e+00 +4.6523512e+00 +4.6523512e+00 +4.6523512e+00 +5.6154245e+00 +5.6154245e+00 
-1.7179298e+01 -1.7179298e+01 -1.7179298e+01 -1.7178901e+01 -1.7148675e+01 -1.7148675e+01 -1.7146990e+01 -1.7146990e+01 -1.7146990e+01 -1.7126430e+01 -1.7126430e+01 -1.7126430e+01 -1.6969819e+01 -1.6969819e+01 -1.6969819e+01 -1.6959327e+01 -1.6959327e+01 -1.6934504e+01 -1.6934504e+01 -1.6934504e+01 -9.0040007e+00 -8.1164021e+00 -8.1164021e+00 -8.1164021e+00 -3.5560614e+00 -3.5560614e+00 -3.5560614e+00 -2.6089091e+00 +3.7676881e+00 +3.7676881e+00 +3.7676881e+00 +4.7920441e+00 +4.7920442e+00 +4.7920442e+00 +5.5839295e+00 +5.5839295e+00 
-1.7179654e+01 -1.7177848e+01 -1.7177848e+01 -1.7177848e+01 -1.7150620e+01 -1.7150620e+01 -1.7150620e+01 -1.7150004e+01 -1.7150004e+01 -1.7132343e+01 -1.7132343e+01 -1.7132343e+01 -1.6963359e+01 -1.6963359e+01 -1.6963359e+01 -1.6954672e+01 -1.6954672e+01 -1.6934862e+01 -1.6934862e+01 -1.6934862e+01 -8.8636802e+00 -8.1295184e+00 -8.1295184e+00 -8.1295184e+00 -3.6431071e+00 -3.6431071e+00 -3.6431071e+00 -2.8628861e+00 +4.0759510e+00 +4.0759510e+00 +4.0759511e+00 +4.9251351e+00 +4.9251351e+00 +4.9251351e+00 +5.5580902e+00 +5.5580902e+00 
-1.7180338e+01 -1.7177234e+01 -1.7177234e+01 -1.7177234e+01 -1.7153345e+01 -1.7153345e+01 -1.7153345e+01 -1.7151224e+01 -1.7151224e+01 -1.7137646e+01 -1.7137646e+01 -1.7137646e+01 -1.6957374e+01 -1.6957374e+01 -1.6957374e+01 -1.6950473e+01 -1.6950473e+01 -1.6935183e+01 -1.6935183e+01 -1.6935183e+01 -8.7280218e+00 -8.1403580e+00 -8.1403580e+00 -8.1403580e+00 -3.7210943e+00 -3.7210943e+00 -3.7210943e+00 -3.0987548e+00 +4.3721981e+00 +4.3721981e+00 +4.3721981e+00 +5.0492665e+00 +5.0492665e+00 +5.0492665e+00 +5.5377742e+00 +5.5377742e+00 
-1.7180944e+01 -1.7177479e+01 -1.7177479e+01 -1.7177479e+01 -1.7155045e+01 -1.7155045e+01 -1.7155045e+01 -1.7152315e+01 -1.7152315e+01 -1.7142307e+01 -1.7142307e+01 -1.7142307e+01 -1.6951987e+01 -1.6951987e+01 -1.6951987e+01 -1.6946769e+01 -1.6946769e+01 -1.6935464e+01 -1.6935464e+01 -1.6935464e+01 -8.5995716e+00 -8.1491209e+00 -8.1491209e+00 -8.1491209e+00 -3.7895716e+00 -3.7895716e+00 -3.7895716e+00 -3.3139650e+00 +4.6485598e+00 +4.6485598e+00 +4.6485598e+00 +5.1620450e+00 +5.1620450e+00 +5.1620450e+00 +5.5226246e+00 +5.5226246e+00 
-1.7181467e+01 -1.7178390e+01 -1.7178390e+01 -1.7178390e+01 -1.7155842e+01 -1.7155842e+01 -1.7155842e+01 -1.7153264e+01 -1.7153264e+01 -1.7146295e+01 -1.7146295e+01 -1.7146295e+01 -1.6947297e+01 -1.6947297e+01 -1.6947297e+01 -1.6943592e+01 -1.6943592e+01 -1.6935704e+01 -1.6935704e+01 -1.6935704e+01 -8.4813609e+00 -8.1560113e+00 -8.1560113e+00 -8.1560113e+00 -3.8481620e+00 -3.8481620e+00 -3.8481620e+00 -3.5054996e+00 +4.8965581e+00 +4.8965581e+00 +4.8965581e+00 +5.2612110e+00 +5.2612111e+00 +5.2612111e+00 +5.5120510e+00 +5.5120510e+00 
-1.7181901e+01 -1.7179621e+01 -1.7179621e+01 -1.7179621e+01 -1.7156035e+01 -1.7156035e+01 -1.7156035e+01 -1.7154056e+01 -1.7154056e+01 -1.7149587e+01 -1.7149587e+01 -1.7149587e+01 -1.6943378e+01 -1.6943378e+01 -1.6943378e+01 -1.6940968e+01 -1.6940968e+01 -1.6935902e+01 -1.6935902e+01 -1.6935902e+01 -8.3768752e+00 -8.1612366e+00 -8.1612366e+00 -8.1612366e+00 -3.8965534e+00 -3.8965534e+00 -3.8965534e+00 -3.6699014e+00 +5.1082285e+00 +5.1082285e+00 +5.1082285e+00 +5.3447973e+00 +5.3447973e+00 +5.3447973e+00 +5.5052605e+00 +5.5052605e+00 
-1.7182241e+01 -1.7180843e+01 -1.7180843e+01 -1.7180843e+01 -1.7155924e+01 -1.7155924e+01 -1.7155924e+01 -1.7154683e+01 -1.7154683e+01 -1.7152165e+01 -1.7152165e+01 -1.7152165e+01 -1.6940285e+01 -1.6940285e+01 -1.6940285e+01 -1.6938914e+01 -1.6938914e+01 -1.6936057e+01 -1.6936057e+01 -1.6936057e+01 -8.2899121e+00 -8.1650049e+00 -8.1650049e+00 -8.1650049e+00 -3.9344882e+00 -3.9344882e+00 -3.9344882e+00 -3.8034098e+00 +5.2772875e+00 +5.2772875e+00 +5.2772875e+00 +5.4112367e+00 +5.4112368e+00 +5.4112368e+00 +5.5013366e+00 +5.5013366e+00 
-1.7182486e+01 -1.7181834e+01 -1.7181834e+01 -1.7181834e+01 -1.7155724e+01 -1.7155724e+01 -1.7155724e+01 -1.7155136e+01 -1.7155136e+01 -1.7154016e+01 -1.7154016e+01 -1.7154016e+01 -1.6938055e+01 -1.6938055e+01 -1.6938055e+01 -1.6937440e+01 -1.6937440e+01 -1.6936169e+01 -1.6936169e+01 -1.6936169e+01 -8.2242809e+00 -8.1675162e+00 -8.1675162e+00 -8.1675162e+00 -3.9617549e+00 -3.9617549e+00 -3.9617549e+00 -3.9022537e+00 +5.3997393e+00 +5.3997393e+00 +5.3997394e+00 +5.4593983e+00 +5.4593983e+00 +5.4593983e+00 +5.4993565e+00 +5.4993566e+00 
-1.7182634e+01 -1.7182467e+01 -1.7182467e+01 -1.7182467e+01 -1.7155562e+01 -1.7155562e+01 -1.7155562e+01 -1.7155410e+01 -1.7155410e+01 -1.7155130e+01 -1.7155130e+01 -1.7155130e+01 -1.6936708e+01 -1.6936708e+01 -1.6936708e+01 -1.6936554e+01 -1.6936554e+01 -1.6936236e+01 -1.6936236e+01 -1.6936236e+01 -8.1833335e+00 -8.1689428e+00 -8.1689428e+00 -8.1689428e+00 -3.9781881e+00 -3.9781881e+00 -3.9781881e+00 -3.9631141e+00 +5.4736386e+00 +5.4736386e+00 +5.4736386e+00 +5.4885549e+00 +5.4885550e+00 +5.4885550e+00 +5.4985277e+00 +5.4985277e+00 
-1.7182683e+01 -1.7182683e+01 -1.7182683e+01 -1.7182683e+01 -1.7155502e+01 -1.7155502e+01 -1.7155502e+01 -1.7155502e+01 -1.7155502e+01 -1.7155502e+01 -1.7155502e+01 -1.7155502e+01 -1.6936258e+01 -1.6936258e+01 -1.6936258e+01 -1.6936258e+01 -1.6936258e+01 -1.6936258e+01 -1.6936258e+01 -1.6936258e+01 -8.1694040e+00 -8.1694040e+00 -8.1694040e+00 -8.1694040e+00 -3.9836787e+00 -3.9836787e+00 -3.9836787e+00 -3.9836787e+00 +5.4983145e+00 +5.4983145e+00 +5.4983145e+00 +5.4983145e+00 +5.4983145e+00 +5.4983145e+00 +5.4983145e+00 +5.4983145e+00 
-1.7182571e+01 -1.7182571e+01 -1.7182444e+01 -1.7182444e+01 -1.7155568e+01 -1.7155568e+01 -1.7155482e+01 -1.7155482e+01 -1.7155289e+01 -1.7155289e+01 -1.7155108e+01 -1.7155108e+01 -1.6936717e+01 -1.6936717e+01 -1.6936624e+01 -1.6936624e+01 -1.6936331e+01 -1.6936331e+01 -1.6936300e+01 -1.6936300e+01 -8.1779631e+00 -8.1779631e+00 -8.1671335e+00 -8.1671335e+00 -3.9800716e+00 -3.9800716e+00 -3.9687306e+00 -3.9687306e+00 +5.4682060e+00 +5.4682060e+00 +5.4895308e+00 +5.4895308e+00 +5.4914647e+00 +5.4914647e+00 +5.4925154e+00 +5.4925154e+00 
-1.7182243e+01 -1.7182243e+01 -1.7181738e+01 -1.7181738e+01 -1.7155766e+01 -1.7155766e+01 -1.7155417e+01 -1.7155417e+01 -1.7154653e+01 -1.7154653e+01 -1.7153915e+01 -1.7153915e+01 -1.6938089e+01 -1.6938089e+01 -1.6937719e+01 -1.6937719e+01 -1.6936548e+01 -1.6936548e+01 -1.6936426e+01 -1.6936426e+01 -8.2032260e+00 -8.2032260e+00 -8.1603040e+00 -8.1603040e+00 -3.9692524e+00 -3.9692524e+00 -3.9243056e+00 -3.9243056e+00 +5.3779356e+00 +5.3779356e+00 +5.4630455e+00 +5.4630455e+00 +5.4713396e+00 +5.4713396e+00 +5.4752298e+00 +5.4752298e+00 
-1.7181724e+01 -1.7181724e+01 -1.7180593e+01 -1.7180593e+01 -1.7156095e+01 -1.7156095e+01 -1.7155287e+01 -1.7155287e+01 -1.7153597e+01 -1.7153597e+01 -1.7151888e+01 -1.7151888e+01 -1.6940365e+01 -1.6940365e+01 -1.6939538e+01 -1.6939538e+01 -1.6936910e+01 -1.6936910e+01 -1.6936634e+01 -1.6936634e+01 -8.2440172e+00 -8.2440172e+00 -8.1488715e+00 -8.1488715e+00 -3.9512268e+00 -3.9512268e+00 -3.8515919e+00 -3.8515919e+00 +5.2284237e+00 +5.2284237e+00 +5.4184567e+00 +5.4184567e+00 +5.4390534e+00 +5.4390534e+00 +5.4467937e+00 +5.4467937e+00 
-1.7181056e+01 -1.7181056e+01 -1.7179061e+01 -1.7179061e+01 -1.7156551e+01 -1.7156551e+01 -1.7155058e+01 -1.7155058e+01 -1.7152125e+01 -1.7152125e+01 -1.7148981e+01 -1.7148981e+01 -1.6943524e+01 -1.6943524e+01 -1.6942069e+01 -1.6942069e+01 -1.6937419e+01 -1.6937419e+01 -1.6936923e+01 -1.6936923e+01 -8.2985805e+00 -8.2985805e+00 -8.1327877e+00 -8.1327877e+00 -3.9260024e+00 -3.9260024e+00 -3.7523651e+00 -3.7523651e+00 +5.0230899e+00 +5.0230899e+00 +5.3551070e+00 +5.3551070e+00 +5.3960304e+00 +5.3960304e+00 +5.4077686e+00 +5.4077686e+00 
-1.7180303e+01 -1.7180303e+01 -1.7177207e+01 -1.7177207e+01 -1.7157129e+01 -1.7157129e+01 -1.7154679e+01 -1.7154679e+01 -1.7150245e+01 -1.7150245e+01 -1.7145151e+01 -1.7145151e+01 -1.6947530e+01 -1.6947530e+01 -1.6945297e+01 -1.6945297e+01 -1.6938075e+01 -1.6938075e+01 -1.6937287e+01 -1.6937287e+01 -8.3648124e+00 -8.3648124e+00 -8.1120214e+00 -8.1120214e+00 -3.8935882e+00 -3.8935882e+00 -3.6287560e+00 -3.6287560e+00 +4.7689428e+00 +4.7689428e+00 +5.2721227e+00 +5.2721227e+00 +5.3436176e+00 +5.3436176e+00 +5.3589382e+00 +5.3589382e+00 
-1.7179550e+01 -1.7179550e+01 -1.7175102e+01 -1.7175102e+01 -1.7157818e+01 -1.7157818e+01 -1.7154084e+01 -1.7154084e+01 -1.7147967e+01 -1.7147967e+01 -1.7140374e+01 -1.7140374e+01 -1.6952330e+01 -1.6952330e+01 -1.6949200e+01 -1.6949200e+01 -1.6938880e+01 -1.6938880e+01 -1.6937722e+01 -1.6937722e+01 -8.4404859e+00 -8.4404859e+00 -8.0865705e+00 -8.0865705e+00 -3.8539962e+00 -3.8539962e+00 -3.4830323e+00 -3.4830323e+00 +4.4760820e+00 +4.4760820e+00 +5.1685152e+00 +5.1685152e+00 +5.2828817e+00 +5.2828817e+00 +5.3012950e+00 +5.3012950e+00 
-1.7178901e+01 -1.7178901e+01 -1.7172803e+01 -1.7172803e+01 -1.7158603e+01 -1.7158603e+01 -1.7153196e+01 -1.7153196e+01 -1.7145303e+01 -1.7145303e+01 -1.7134660e+01 -1.7134660e+01 -1.6957854e+01 -1.6957854e+01 -1.6953750e+01 -1.6953750e+01 -1.6939836e+01 -1.6939836e+01 -1.6938219e+01 -1.6938219e+01 -8.5234247e+00 -8.5234247e+00 -8.0564651e+00 -8.0564651e+00 -3.8072466e+00 -3.8072466e+00 -3.3174336e+00 -3.3174336e+00 +4.1558723e+00 +4.1558723e+00 +5.0433695e+00 +5.0433695e+00 +5.2146419e+00 +5.2146419e+00 +5.2360124e+00 +5.2360124e+00 
-1.7178468e+01 -1.7178468e+01 -1.7170352e+01 -1.7170352e+01 -1.7159465e+01 -1.7159465e+01 -1.7151945e+01 -1.7151945e+01 -1.7142268e+01 -1.7142268e+01 -1.7128055e+01 -1.7128055e+01 -1.6964012e+01 -1.6964012e+01 -1.6958913e+01 -1.6958913e+01 -1.6940943e+01 -1.6940943e+01 -1.6938767e+01 -1.6938767e+01 -8.6116135e+00 -8.6116135e+00 -8.0217663e+00 -8.0217663e+00 -3.7533725e+00 -3.7533725e+00 -3.1340692e+00 -3.1340692e+00 +3.8189594e+00 +3.8189594e+00 +4.8961216e+00 +4.8961216e+00 +5.1396436e+00 +5.1396436e+00 +5.1644011e+00 +5.1644011e+00 
-1.7178348e+01 -1.7178348e+01 -1.7167774e+01 -1.7167774e+01 -1.7160382e+01 -1.7160382e+01 -1.7150282e+01 -1.7150282e+01 -1.7138879e+01 -1.7138879e+01 -1.7120641e+01 -1.7120641e+01 -1.6970700e+01 -1.6970700e+01 -1.6964646e+01 -1.6964646e+01 -1.6942205e+01 -1.6942205e+01 -1.6939351e+01 -1.6939351e+01 -8.7032546e+00 -8.7032546e+00 -7.9825639e+00 -7.9825639e+00 -3.6924245e+00 -3.6924245e+00 -2.9348710e+00 -2.9348710e+00 +3.4740546e+00 +3.4740546e+00 +4.7268727e+00 +4.7268727e+00 +5.0587319e+00 +5.0587319e+00 +5.0878519e+00 +5.0878519e+00 
-1.7178609e+01 -1.7178609e+01 -1.7165082e+01 -1.7165082e+01 -1.7161328e+01 -1.7161328e+01 -1.7148205e+01 -1.7148205e+01 -1.7135156e+01 -1.7135156e+01 -1.7112523e+01 -1.7112523e+01 -1.6977801e+01 -1.6977801e+01 -1.6970903e+01 -1.6970903e+01 -1.6943622e+01 -1.6943622e+01 -1.6939951e+01 -1.6939951e+01 -8.7967842e+00 -8.7967842e+00 -7.9389763e+00 -7.9389763e+00 -3.6244737e+00 -3.6244737e+00 -2.7215829e+00 -2.7215829e+00 +3.1276340e+00 +3.1276340e+00 +4.5366469e+00 +4.5366469e+00 +4.9729362e+00 +4.9729362e+00 +5.0077708e+00 +5.0077708e+00 
-1.7179283e+01 -1.7179283e+01 -1.7162283e+01 -1.7162283e+01 -1.7162275e+01 -1.7162275e+01 -1.7145753e+01 -1.7145753e+01 -1.7131123e+01 -1.7131123e+01 -1.7103828e+01 -1.7103828e+01 -1.6985184e+01 -1.6985184e+01 -1.6977632e+01 -1.6977632e+01 -1.6945196e+01 -1.6945196e+01 -1.6940543e+01 -1.6940543e+01 -8.8908649e+00 -8.8908649e+00 -7.8911517e+00 -7.8911517e+00 -3.5496112e+00 -3.5496112e+00 -2.4957750e+00 -2.4957750e+00 +2.7842150e+00 +2.7842150e+00 +4.3274848e+00 +4.3274848e+00 +4.8834548e+00 +4.8834548e+00 +4.9255133e+00 +4.9255133e+00 
-1.7180374e+01 -1.7180374e+01 -1.7163195e+01 -1.7163195e+01 -1.7159385e+01 -1.7159385e+01 -1.7143007e+01 -1.7143007e+01 -1.7126803e+01 -1.7126803e+01 -1.7094697e+01 -1.7094697e+01 -1.6992705e+01 -1.6992705e+01 -1.6984779e+01 -1.6984779e+01 -1.6946927e+01 -1.6946927e+01 -1.6941095e+01 -1.6941095e+01 -8.9843664e+00 -8.9843664e+00 -7.8392716e+00 -7.8392716e+00 -3.4679488e+00 -3.4679488e+00 -2.2588696e+00 -2.2588696e+00 +2.4468370e+00 +2.4468370e+00 +4.1023182e+00 +4.1023182e+00 +4.7915806e+00 +4.7915806e+00 +4.8423267e+00 +4.8423267e+00 
-1.7181873e+01 -1.7181873e+01 -1.7164057e+01 -1.7164057e+01 -1.7156396e+01 -1.7156396e+01 -1.7140065e+01 -1.7140065e+01 -1.7122224e+01 -1.7122224e+01 -1.7085283e+01 -1.7085283e+01 -1.7000210e+01 -1.7000210e+01 -1.6992286e+01 -1.6992286e+01 -1.6948816e+01 -1.6948816e+01 -1.6941567e+01 -1.6941567e+01 -9.0763407e+00 -9.0763407e+00 -7.7835555e+00 -7.7835555e+00 -3.3796179e+00 -3.3796179e+00 -2.0121742e+00 -2.0121742e+00 +2.1175264e+00 +2.1175264e+00 +3.8646532e+00 +3.8646532e+00 +4.6986148e+00 +4.6986148e+00 +4.7593063e+00 +4.7593063e+00 
-1.7183769e+01 -1.7183769e+01 -1.7164831e+01 -1.7164831e+01 -1.7153328e+01 -1.7153328e+01 -1.7137040e+01 -1.7137040e+01 -1.7117416e+01 -1.7117416e+01 -1.7075750e+01 -1.7075750e+01 -1.7007538e+01 -1.7007538e+01 -1.7000093e+01 -1.7000093e+01 -1.6950862e+01 -1.6950862e+01 -1.6941909e+01 -1.6941909e+01 -9.1659964e+00 -9.1659964e+00 -7.7242680e+00 -7.7242680e+00 -3.2847706e+00 -3.2847706e+00 -1.7569154e+00 -1.7569154e+00 +1.7976631e+00 +1.7976631e+00 +3.6181689e+00 +3.6181689e+00 +4.6057971e+00 +4.6057971e+00 +4.6773720e+00 +4.6773720e+00 
-1.7186047e+01 -1.7186047e+01 -1.7165486e+01 -1.7165486e+01 -1.7150197e+01 -1.7150197e+01 -1.7134048e+01 -1.7134048e+01 -1.7112410e+01 -1.7112410e+01 -1.7066273e+01 -1.7066273e+01 -1.7014523e+01 -1.7014523e+01 -1.7008141e+01 -1.7008141e+01 -1.6953064e+01 -1.6953064e+01 -1.6942061e+01 -1.6942061e+01 -9.2526748e+00 -9.2526748e+00 -7.6617257e+00 -7.6617257e+00 -3.1835817e+00 -3.1835817e+00 -1.4942735e+00 -1.4942735e+00 +1.4882423e+00 +1.4882423e+00 +3.3663492e+00 +3.3663492e+00 +4.5142666e+00 +4.5142666e+00 +4.5972680e+00 +4.5972680e+00 
-1.7188692e+01 -1.7188692e+01 -1.7165992e+01 -1.7165992e+01 -1.7147019e+01 -1.7147019e+01 -1.7131202e+01 -1.7131202e+01 -1.7107238e+01 -1.7107238e+01 -1.7057037e+01 -1.7057037e+01 -1.7020998e+01 -1.7020998e+01 -1.7016368e+01 -1.7016368e+01 -1.6955419e+01 -1.6955419e+01 -1.6941950e+01 -1.6941950e+01 -9.3358287e+00 -9.3358287e+00 -7.5963061e+00 -7.5963061e+00 -3.0762532e+00 -3.0762532e+00 -1.2254152e+00 -1.2254152e+00 +1.1900521e+00 +1.1900521e+00 +3.1122346e+00 +3.1122346e+00 +4.4250486e+00 +4.4250486e+00 +4.5195837e+00 +4.5195837e+00 
-1.7191685e+01 -1.7191685e+01 -1.7166320e+01 -1.7166320e+01 -1.7143817e+01 -1.7143817e+01 -1.7128614e+01 -1.7128614e+01 -1.7101934e+01 -1.7101934e+01 -1.7048234e+01 -1.7048234e+01 -1.7026809e+01 -1.7026809e+01 -1.7024714e+01 -1.7024714e+01 -1.6957926e+01 -1.6957926e+01 -1.6941493e+01 -1.6941493e+01 -9.4150036e+00 -9.4150036e+00 -7.5284575e+00 -7.5284575e+00 -2.9630200e+00 -2.9630200e+00 -9.5152776e-01 -9.5152776e-01 +9.0379166e-01 +9.0379166e-01 +2.8583117e+00 +2.8583117e+00 +4.3390638e+00 +4.3390638e+00 +4.4447920e+00 +4.4447920e+00 
-1.7194997e+01 -1.7194997e+01 -1.7166443e+01 -1.7166443e+01 -1.7140615e+01 -1.7140615e+01 -1.7126380e+01 -1.7126380e+01 -1.7096533e+01 -1.7096533e+01 -1.7040057e+01 -1.7040057e+01 -1.7033116e+01 -1.7033116e+01 -1.7031823e+01 -1.7031823e+01 -1.6960578e+01 -1.6960578e+01 -1.6940601e+01 -1.6940601e+01 -9.4898222e+00 -9.4898222e+00 -7.4587089e+00 -7.4587089e+00 -2.8441608e+00 -2.8441608e+00 -6.7385391e-01 -6.7385391e-01 +6.3014942e-01 +6.3014942e-01 +2.6065212e+00 +2.6065212e+00 +4.2571524e+00 +4.2571524e+00 +4.3732912e+00 +4.3732912e+00 
-1.7198585e+01 -1.7198585e+01 -1.7166335e+01 -1.7166335e+01 -1.7137439e+01 -1.7137439e+01 -1.7124575e+01 -1.7124575e+01 -1.7091069e+01 -1.7091069e+01 -1.7041514e+01 -1.7041514e+01 -1.7035943e+01 -1.7035943e+01 -1.7032689e+01 -1.7032689e+01 -1.6963369e+01 -1.6963369e+01 -1.6939193e+01 -1.6939193e+01 -9.5599706e+00 -9.5599706e+00 -7.3876810e+00 -7.3876810e+00 -2.7200111e+00 -2.7200111e+00 -3.9373498e-01 -3.9373498e-01 +3.6985533e-01 +3.6985533e-01 +2.3583409e+00 +2.3583409e+00 +4.1801088e+00 +4.1801088e+00 +4.3054426e+00 +4.3054426e+00 
-1.7202391e+01 -1.7202391e+01 -1.7165974e+01 -1.7165974e+01 -1.7134319e+01 -1.7134319e+01 -1.7123236e+01 -1.7123236e+01 -1.7085580e+01 -1.7085580e+01 -1.7049847e+01 -1.7049847e+01 -1.7039126e+01 -1.7039126e+01 -1.7026277e+01 -1.7026277e+01 -1.6966291e+01 -1.6966291e+01 -1.6937215e+01 -1.6937215e+01 -9.6251877e+00 -9.6251877e+00 -7.3160967e+00 -7.3160967e+00 -2.5909851e+00 -2.5909851e+00 -1.1266825e-01 -1.1266825e-01 +1.2371701e-01 +1.2371701e-01 +2.1149079e+00 +2.1149079e+00 +4.1087244e+00 +4.1087244e+00 +4.2415929e+00 +4.2415929e+00 
-1.7206339e+01 -1.7206339e+01 -1.7165340e+01 -1.7165340e+01 -1.7131287e+01 -1.7131287e+01 -1.7122361e+01 -1.7122361e+01 -1.7080103e+01 -1.7080103e+01 -1.7058053e+01 -1.7058053e+01 -1.7041394e+01 -1.7041394e+01 -1.7020915e+01 -1.7020915e+01 -1.6969330e+01 -1.6969330e+01 -1.6934660e+01 -1.6934660e+01 -9.6852563e+00 -9.6852563e+00 -7.2447899e+00 -7.2447899e+00 -2.4576060e+00 -2.4576060e+00 -1.0735578e-01 -1.0735578e-01 +1.6760781e-01 +1.6760781e-01 +1.8771543e+00 +1.8771543e+00 +4.0438372e+00 +4.0438372e+00 +4.1820818e+00 +4.1820818e+00 
-1.7210337e+01 -1.7210337e+01 -1.7164421e+01 -1.7164421e+01 -1.7128376e+01 -1.7128376e+01 -1.7121902e+01 -1.7121902e+01 -1.7074678e+01 -1.7074678e+01 -1.7066070e+01 -1.7066070e+01 -1.7042828e+01 -1.7042828e+01 -1.7016618e+01 -1.7016618e+01 -1.6972470e+01 -1.6972470e+01 -1.6931591e+01 -1.6931591e+01 -9.7399952e+00 -9.7399952e+00 -7.1747117e+00 -7.1747117e+00 -2.3205527e+00 -2.3205527e+00 -3.2233577e-01 -3.2233577e-01 +4.4498275e-01 +4.4498275e-01 +1.6459476e+00 +1.6459476e+00 +3.9863834e+00 +3.9863834e+00 +4.1272382e+00 +4.1272382e+00 
-1.7214282e+01 -1.7214282e+01 -1.7163211e+01 -1.7163211e+01 -1.7125623e+01 -1.7125623e+01 -1.7121779e+01 -1.7121779e+01 -1.7073834e+01 -1.7073834e+01 -1.7069352e+01 -1.7069352e+01 -1.7043559e+01 -1.7043559e+01 -1.7013325e+01 -1.7013325e+01 -1.6975686e+01 -1.6975686e+01 -1.6928139e+01 -1.6928139e+01 -9.7892541e+00 -9.7892541e+00 -7.1069312e+00 -7.1069312e+00 -2.1807326e+00 -2.1807326e+00 -5.2007209e-01 -5.2007209e-01 +7.1677640e-01 +7.1677640e-01 +1.4222385e+00 +1.4222385e+00 +3.9374399e+00 +3.9374399e+00 +4.0773705e+00 +4.0773705e+00 
-1.7218064e+01 -1.7218064e+01 -1.7161712e+01 -1.7161712e+01 -1.7123065e+01 -1.7123065e+01 -1.7121894e+01 -1.7121894e+01 -1.7081275e+01 -1.7081275e+01 -1.7064179e+01 -1.7064179e+01 -1.7043746e+01 -1.7043746e+01 -1.7010912e+01 -1.7010912e+01 -1.6978945e+01 -1.6978945e+01 -1.6924488e+01 -1.6924488e+01 -9.8329094e+00 -9.8329094e+00 -7.0426279e+00 -7.0426279e+00 -2.0393957e+00 -2.0393957e+00 -6.9929542e-01 -6.9929542e-01 +9.7946174e-01 +9.7946174e-01 +1.2072325e+00 +1.2072325e+00 +3.8982281e+00 +3.8982281e+00 +4.0327570e+00 +4.0327570e+00 
-1.7221575e+01 -1.7221575e+01 -1.7159946e+01 -1.7159946e+01 -1.7122152e+01 -1.7122152e+01 -1.7120739e+01 -1.7120739e+01 -1.7088316e+01 -1.7088316e+01 -1.7059226e+01 -1.7059226e+01 -1.7043553e+01 -1.7043553e+01 -1.7009224e+01 -1.7009224e+01 -1.6982198e+01 -1.6982198e+01 -1.6920847e+01 -1.6920847e+01 -9.8708616e+00 -9.8708616e+00 -6.9830723e+00 -6.9830723e+00 -1.8983187e+00 -1.8983187e+00 -8.5863778e-01 -8.5863778e-01 +1.0026148e+00 +1.0026148e+00 +1.2283365e+00 +1.2283365e+00 +3.8700119e+00 +3.8700119e+00 +3.9936401e+00 +3.9936401e+00 
-1.7224713e+01 -1.7224713e+01 -1.7157953e+01 -1.7157953e+01 -1.7122471e+01 -1.7122471e+01 -1.7118684e+01 -1.7118684e+01 -1.7094862e+01 -1.7094862e+01 -1.7054580e+01 -1.7054580e+01 -1.7043133e+01 -1.7043133e+01 -1.7008099e+01 -1.7008099e+01 -1.6985375e+01 -1.6985375e+01 -1.6917421e+01 -1.6917421e+01 -9.9030349e+00 -9.9030349e+00 -6.9295915e+00 -6.9295915e+00 -1.7601016e+00 -1.7601016e+00 -9.9667130e-01 -9.9667130e-01 +8.1087480e-01 +8.1087480e-01 +1.4572697e+00 +1.4572697e+00 +3.8537802e+00 +3.8537802e+00 +3.9602235e+00 +3.9602235e+00 
-1.7227391e+01 -1.7227391e+01 -1.7155815e+01 -1.7155815e+01 -1.7122786e+01 -1.7122786e+01 -1.7116936e+01 -1.7116936e+01 -1.7100788e+01 -1.7100788e+01 -1.7050355e+01 -1.7050355e+01 -1.7042617e+01 -1.7042617e+01 -1.7007387e+01 -1.7007387e+01 -1.6988377e+01 -1.6988377e+01 -1.6914392e+01 -1.6914392e+01 -9.9293773e+00 -9.9293773e+00 -6.8835167e+00 -6.8835167e+00 -1.6286340e+00 -1.6286340e+00 -1.1119699e+00 -1.1119699e+00 +6.3579068e-01 +6.3579068e-01 +1.6587942e+00 +1.6587942e+00 +3.8495905e+00 +3.8495905e+00 +3.9326729e+00 +3.9326729e+00 
-1.7229537e+01 -1.7229537e+01 -1.7153669e+01 -1.7153669e+01 -1.7123056e+01 -1.7123056e+01 -1.7115529e+01 -1.7115529e+01 -1.7105919e+01 -1.7105919e+01 -1.7046707e+01 -1.7046707e+01 -1.7042111e+01 -1.7042111e+01 -1.7006964e+01 -1.7006964e+01 -1.6991060e+01 -1.6991060e+01 -1.6911911e+01 -1.6911911e+01 -9.9498606e+00 -9.9498606e+00 -6.8461135e+00 -6.8461135e+00 -1.5097561e+00 -1.5097561e+00 -1.2031956e+00 -1.2031956e+00 +4.8310180e-01 +4.8310180e-01 +1.8248669e+00 +1.8248669e+00 +3.8556208e+00 +3.8556208e+00 +3.9111177e+00 +3.9111177e+00 
-1.7231100e+01 -1.7231100e+01 -1.7151740e+01 -1.7151740e+01 -1.7123257e+01 -1.7123257e+01 -1.7114495e+01 -1.7114495e+01 -1.7110002e+01 -1.7110002e+01 -1.7043838e+01 -1.7043838e+01 -1.7041695e+01 -1.7041695e+01 -1.7006731e+01 -1.7006731e+01 -1.6993233e+01 -1.6993233e+01 -1.6910085e+01 -1.6910085e+01 -9.9644786e+00 -9.9644786e+00 -6.8184985e+00 -6.8184985e+00 -1.4119240e+00 -1.4119240e+00 -1.2692035e+00 -1.2692035e+00 +3.6118095e-01 +3.6118095e-01 +1.9482797e+00 +1.9482797e+00 +3.8674598e+00 +3.8674598e+00 +3.8956548e+00 +3.8956548e+00 
-1.7232048e+01 -1.7232048e+01 -1.7150347e+01 -1.7150347e+01 -1.7123379e+01 -1.7123379e+01 -1.7113860e+01 -1.7113860e+01 -1.7112695e+01 -1.7112695e+01 -1.7041978e+01 -1.7041978e+01 -1.7041424e+01 -1.7041424e+01 -1.7006619e+01 -1.7006619e+01 -1.6994672e+01 -1.6994672e+01 -1.6908975e+01 -1.6908975e+01 -9.9732404e+00 -9.9732404e+00 -6.8015517e+00 -6.8015517e+00 -1.3460094e+00 -1.3460094e+00 -1.3091422e+00 -1.3091422e+00 +2.8083826e-01 +2.8083826e-01 +2.0239956e+00 +2.0239956e+00 +3.8786760e+00 +3.8786760e+00 +3.8863510e+00 +3.8863510e+00 
-1.7232366e+01 -1.7232366e+01 -1.7149831e+01 -1.7149831e+01 -1.7123420e+01 -1.7123420e+01 -1.7113646e+01 -1.7113646e+01 -1.7113646e+01 -1.7113646e+01 -1.7041330e+01 -1.7041330e+01 -1.7041330e+01 -1.7041330e+01 -1.7006586e+01 -1.7006586e+01 -1.6995180e+01 -1.6995180e+01 -1.6908605e+01 -1.6908605e+01 -9.9761589e+00 -9.9761589e+00 -6.7958378e+00 -6.7958378e+00 -1.3225089e+00 -1.3225089e+00 -1.3225089e+00 -1.3225089e+00 +2.5253270e-01 +2.5253270e-01 +2.0494672e+00 +2.0494672e+00 +3.8832454e+00 +3.8832454e+00 +3.8832455e+00 +3.8832455e+00 
-1.7162732e+01 -1.7162732e+01 -1.7162732e+01 -1.7162732e+01 -1.7122409e+01 -1.7122409e+01 -1.7122409e+01 -1.7122409e+01 -1.7060693e+01 -1.7060693e+01 -1.7060693e+01 -1.7060693e+01 -1.7031877e+01 -1.7031877e+01 -1.7031877e+01 -1.7031877e+01 -1.6989005e+01 -1.6989005e+01 -1.6989005e+01 -1.6989005e+01 -8.6540932e+00 -8.6540932e+00 -8.6540932e+00 -8.6540932e+00 -1.1394539e+00 -1.1394539e+00 -1.1394539e+00 -1.1394539e+00 +3.9463831e-01 +3.9463831e-01 +3.9463831e-01 +3.9463831e-01 +5.1836657e+00 +5.1836657e+00 +5.1836657e+00 +5.1836657e+00 
-1.7162739e+01 -1.7162739e+01 -1.7162739e+01 -1.7162739e+01 -1.7122799e+01 -1.7122799e+01 -1.7122799e+01 -1.7122799e+01 -1.7062660e+01 -1.7062660e+01 -1.7062660e+01 -1.7062660e+01 -1.7029904e+01 -1.7029904e+01 -1.7029904e+01 -1.7029904e+01 -1.6988618e+01 -1.6988618e+01 -1.6988618e+01 -1.6988618e+01 -8.6520867e+00 -8.6520867e+00 -8.6520867e+00 -8.6520867e+00 -1.1830535e+00 -1.1830535e+00 -1.1830535e+00 -1.1830535e+00 +4.4571257e-01 +4.4571257e-01 +4.4571257e-01 +4.4571257e-01 +5.1848274e+00 +5.1848274e+00 +5.1848274e+00 +5.1848274e+00 
-1.7162761e+01 -1.7162761e+01 -1.7162761e+01 -1.7162761e+01 -1.7123946e+01 -1.7123946e+01 -1.7123946e+01 -1.7123946e+01 -1.7067460e+01 -1.7067460e+01 -1.7067460e+01 -1.7067460e+01 -1.7025085e+01 -1.7025085e+01 -1.7025085e+01 -1.7025085e+01 -1.6987479e+01 -1.6987479e+01 -1.6987479e+01 -1.6987479e+01 -8.6460877e+00 -8.6460877e+00 -8.6460877e+00 -8.6460877e+00 -1.2996243e+00 -1.2996243e+00 -1.2996243e+00 -1.2996243e+00 +5.8475495e-01 +5.8475495e-01 +5.8475495e-01 +5.8475495e-01 +5.1882982e+00 +5.1882982e+00 +5.1882982e+00 +5.1882982e+00 
-1.7162803e+01 -1.7162803e+01 -1.7162803e+01 -1.7162803e+01 -1.7125782e+01 -1.7125782e+01 -1.7125782e+01 -1.7125782e+01 -1.7073569e+01 -1.7073569e+01 -1.7073569e+01 -1.7073569e+01 -1.7018945e+01 -1.7018945e+01 -1.7018945e+01 -1.7018945e+01 -1.6985649e+01 -1.6985649e+01 -1.6985649e+01 -1.6985649e+01 -8.6361569e+00 -8.6361569e+00 -8.6361569e+00 -8.6361569e+00 -1.4618482e+00 -1.4618482e+00 -1.4618482e+00 -1.4618482e+00 +7.8458307e-01 +7.8458307e-01 +7.8458307e-01 +7.8458307e-01 +5.1940363e+00 +5.1940363e+00 +5.1940363e+00 +5.1940363e+00 
-1.7162871e+01 -1.7162871e+01 -1.7162871e+01 -1.7162871e+01 -1.7128207e+01 -1.7128207e+01 -1.7128207e+01 -1.7128207e+01 -1.7080195e+01 -1.7080195e+01 -1.7080195e+01 -1.7080195e+01 -1.7012277e+01 -1.7012277e+01 -1.7012277e+01 -1.7012277e+01 -1.6983218e+01 -1.6983218e+01 -1.6983218e+01 -1.6983218e+01 -8.6223977e+00 -8.6223977e+00 -8.6223977e+00 -8.6223977e+00 -1.6479832e+00 -1.6479832e+00 -1.6479832e+00 -1.6479832e+00 +1.0236575e+00 +1.0236575e+00 +1.0236575e+00 +1.0236575e+00 +5.2019726e+00 +5.2019726e+00 +5.2019726e+00 +5.2019726e+00 
-1.7162979e+01 -1.7162979e+01 -1.7162979e+01 -1.7162979e+01 -1.7131097e+01 -1.7131097e+01 -1.7131097e+01 -1.7131097e+01 -1.7086982e+01 -1.7086982e+01 -1.7086982e+01 -1.7086982e+01 -1.7005438e+01 -1.7005438e+01 -1.7005438e+01 -1.7005438e+01 -1.6980295e+01 -1.6980295e+01 -1.6980295e+01 -1.6980295e+01 -8.6049583e+00 -8.6049583e+00 -8.6049583e+00 -8.6049583e+00 -1.8448510e+00 -1.8448510e+00 -1.8448510e+00 -1.8448510e+00 +1.2890288e+00 +1.2890288e+00 +1.2890288e+00 +1.2890288e+00 +5.2120126e+00 +5.2120126e+00 +5.2120126e+00 +5.2120126e+00 
-1.7163144e+01 -1.7163144e+01 -1.7163144e+01 -1.7163144e+01 -1.7134314e+01 -1.7134314e+01 -1.7134314e+01 -1.7134314e+01 -1.7093749e+01 -1.7093749e+01 -1.7093749e+01 -1.7093749e+01 -1.6998608e+01 -1.6998608e+01 -1.6998608e+01 -1.6998608e+01 -1.6976994e+01 -1.6976994e+01 -1.6976994e+01 -1.6976994e+01 -8.5840352e+00 -8.5840352e+00 -8.5840352e+00 -8.5840352e+00 -2.0448867e+00 -2.0448867e+00 -2.0448867e+00 -2.0448867e+00 +1.5733250e+00 +1.5733250e+00 +1.5733250e+00 +1.5733250e+00 +5.2240395e+00 +5.2240395e+00 +5.2240395e+00 +5.2240395e+00 
-1.7163398e+01 -1.7163398e+01 -1.7163398e+01 -1.7163398e+01 -1.7137710e+01 -1.7137710e+01 -1.7137710e+01 -1.7137710e+01 -1.7100390e+01 -1.7100390e+01 -1.7100390e+01 -1.7100390e+01 -1.6991898e+01 -1.6991898e+01 -1.6991898e+01 -1.6991898e+01 -1.6973429e+01 -1.6973429e+01 -1.6973429e+01 -1.6973429e+01 -8.5598776e+00 -8.5598776e+00 -8.5598776e+00 -8.5598776e+00 -2.2435896e+00 -2.2435896e+00 -2.2435896e+00 -2.2435896e+00 +1.8721119e+00 +1.8721119e+00 +1.8721119e+00 +1.8721119e+00 +5.2379180e+00 +5.2379180e+00 +5.2379180e+00 +5.2379180e+00 
-1.7163786e+01 -1.7163786e+01 -1.7163786e+01 -1.7163786e+01 -1.7141129e+01 -1.7141129e+01 -1.7141129e+01 -1.7141129e+01 -1.7106829e+01 -1.7106829e+01 -1.7106829e+01 -1.7106829e+01 -1.6985382e+01 -1.6985382e+01 -1.6985382e+01 -1.6985382e+01 -1.6969704e+01 -1.6969704e+01 -1.6969704e+01 -1.6969704e+01 -8.5327926e+00 -8.5327926e+00 -8.5327926e+00 -8.5327926e+00 -2.4380812e+00 -2.4380812e+00 -2.4380812e+00 -2.4380812e+00 +2.1823350e+00 +2.1823350e+00 +2.1823350e+00 +2.1823350e+00 +5.2534999e+00 +5.2534999e+00 +5.2534999e+00 +5.2534999e+00 
-1.7164375e+01 -1.7164375e+01 -1.7164375e+01 -1.7164375e+01 -1.7144406e+01 -1.7144406e+01 -1.7144406e+01 -1.7144406e+01 -1.7113012e+01 -1.7113012e+01 -1.7113012e+01 -1.7113012e+01 -1.6979119e+01 -1.6979119e+01 -1.6979119e+01 -1.6979119e+01 -1.6965914e+01 -1.6965914e+01 -1.6965914e+01 -1.6965914e+01 -8.5031508e+00 -8.5031508e+00 -8.5031508e+00 -8.5031508e+00 -2.6263542e+00 -2.6263542e+00 -2.6263542e+00 -2.6263542e+00 +2.5014296e+00 +2.5014296e+00 +2.5014296e+00 +2.5014296e+00 +5.2706296e+00 +5.2706296e+00 +5.2706296e+00 +5.2706296e+00 
-1.7165252e+01 -1.7165252e+01 -1.7165252e+01 -1.7165252e+01 -1.7147367e+01 -1.7147367e+01 -1.7147367e+01 -1.7147367e+01 -1.7118892e+01 -1.7118892e+01 -1.7118892e+01 -1.7118892e+01 -1.6973157e+01 -1.6973157e+01 -1.6973157e+01 -1.6973157e+01 -1.6962143e+01 -1.6962143e+01 -1.6962143e+01 -1.6962143e+01 -8.4713910e+00 -8.4713910e+00 -8.4713910e+00 -8.4713910e+00 -2.8068770e+00 -2.8068770e+00 -2.8068770e+00 -2.8068770e+00 +2.8267790e+00 +2.8267790e+00 +2.8267790e+00 +2.8267790e+00 +5.2891484e+00 +5.2891484e+00 +5.2891484e+00 +5.2891484e+00 
-1.7166500e+01 -1.7166500e+01 -1.7166500e+01 -1.7166500e+01 -1.7149850e+01 -1.7149850e+01 -1.7149850e+01 -1.7149850e+01 -1.7124429e+01 -1.7124429e+01 -1.7124429e+01 -1.7124429e+01 -1.6967540e+01 -1.6967540e+01 -1.6967540e+01 -1.6967540e+01 -1.6958464e+01 -1.6958464e+01 -1.6958464e+01 -1.6958464e+01 -8.4380253e+00 -8.4380253e+00 -8.4380253e+00 -8.4380253e+00 -2.9783801e+00 -2.9783801e+00 -2.9783801e+00 -2.9783801e+00 +3.1553586e+00 +3.1553586e+00 +3.1553586e+00 +3.1553586e+00 +5.3088941e+00 +5.3088941e+00 +5.3088941e+00 +5.3088941e+00 
-1.7168150e+01 -1.7168150e+01 -1.7168150e+01 -1.7168150e+01 -1.7151763e+01 -1.7151763e+01 -1.7151763e+01 -1.7151763e+01 -1.7129590e+01 -1.7129590e+01 -1.7129590e+01 -1.7129590e+01 -1.6962303e+01 -1.6962303e+01 -1.6962303e+01 -1.6962303e+01 -1.6954940e+01 -1.6954940e+01 -1.6954940e+01 -1.6954940e+01 -8.4036409e+00 -8.4036409e+00 -8.4036409e+00 -8.4036409e+00 -3.1397369e+00 -3.1397369e+00 -3.1397369e+00 -3.1397369e+00 +3.4834904e+00 +3.4834904e+00 +3.4834904e+00 +3.4834904e+00 +5.3296928e+00 +5.3296928e+00 +5.3296928e+00 +5.3296928e+00 
-1.7170131e+01 -1.7170131e+01 -1.7170131e+01 -1.7170131e+01 -1.7153120e+01 -1.7153120e+01 -1.7153120e+01 -1.7153120e+01 -1.7134344e+01 -1.7134344e+01 -1.7134344e+01 -1.7134344e+01 -1.6957481e+01 -1.6957481e+01 -1.6957481e+01 -1.6957481e+01 -1.6951625e+01 -1.6951625e+01 -1.6951625e+01 -1.6951625e+01 -8.3688991e+00 -8.3688991e+00 -8.3688991e+00 -8.3688991e+00 -3.2898977e+00 -3.2898977e+00 -3.2898977e+00 -3.2898977e+00 +3.8066687e+00 +3.8066687e+00 +3.8066687e+00 +3.8066687e+00 +5.3513394e+00 +5.3513394e+00 +5.3513394e+00 +5.3513394e+00 
-1.7172292e+01 -1.7172292e+01 -1.7172292e+01 -1.7172292e+01 -1.7154025e+01 -1.7154025e+01 -1.7154025e+01 -1.7154025e+01 -1.7138666e+01 -1.7138666e+01 -1.7138666e+01 -1.7138666e+01 -1.6953104e+01 -1.6953104e+01 -1.6953104e+01 -1.6953104e+01 -1.6948562e+01 -1.6948562e+01 -1.6948562e+01 -1.6948562e+01 -8.3345298e+00 -8.3345298e+00 -8.3345298e+00 -8.3345298e+00 -3.4278552e+00 -3.4278552e+00 -3.4278552e+00 -3.4278552e+00 +4.1194480e+00 +4.1194480e+00 +4.1194480e+00 +4.1194480e+00 +5.3735659e+00 +5.3735659e+00 +5.3735659e+00 +5.3735659e+00 
-1.7174468e+01 -1.7174468e+01 -1.7174468e+01 -1.7174468e+01 -1.7154608e+01 -1.7154608e+01 -1.7154608e+01 -1.7154608e+01 -1.7142532e+01 -1.7142532e+01 -1.7142532e+01 -1.7142532e+01 -1.6949198e+01 -1.6949198e+01 -1.6949198e+01 -1.6949198e+01 -1.6945786e+01 -1.6945786e+01 -1.6945786e+01 -1.6945786e+01 -8.3013206e+00 -8.3013206e+00 -8.3013206e+00 -8.3013206e+00 -3.5526301e+00 -3.5526301e+00 -3.5526301e+00 -3.5526301e+00 +4.4154349e+00 +4.4154349e+00 +4.4154349e+00 +4.4154349e+00 +5.3960002e+00 +5.3960002e+00 +5.3960002e+00 +5.3960002e+00 
-1.7176519e+01 -1.7176519e+01 -1.7176519e+01 -1.7176519e+01 -1.7154975e+01 -1.7154975e+01 -1.7154975e+01 -1.7154975e+01 -1.7145921e+01 -1.7145921e+01 -1.7145921e+01 -1.7145921e+01 -1.6945783e+01 -1.6945783e+01 -1.6945783e+01 -1.6945783e+01 -1.6943328e+01 -1.6943328e+01 -1.6943328e+01 -1.6943328e+01 -8.2701011e+00 -8.2701011e+00 -8.2701011e+00 -8.2701011e+00 -3.6632688e+00 -3.6632688e+00 -3.6632688e+00 -3.6632688e+00 +4.6874969e+00 +4.6874969e+00 +4.6874969e+00 +4.6874969e+00 +5.4181250e+00 +5.4181250e+00 +5.4181250e+00 +5.4181250e+00 
-1.7178348e+01 -1.7178348e+01 -1.7178348e+01 -1.7178348e+01 -1.7155204e+01 -1.7155204e+01 -1.7155204e+01 -1.7155204e+01 -1.7148818e+01 -1.7148818e+01 -1.7148818e+01 -1.7148818e+01 -1.6942878e+01 -1.6942878e+01 -1.6942878e+01 -1.6942878e+01 -1.6941209e+01 -1.6941209e+01 -1.6941209e+01 -1.6941209e+01 -8.2417215e+00 -8.2417215e+00 -8.2417215e+00 -8.2417215e+00 -3.7588508e+00 -3.7588508e+00 -3.7588508e+00 -3.7588508e+00 +4.9283234e+00 +4.9283234e+00 +4.9283234e+00 +4.9283234e+00 +5.4392509e+00 +5.4392509e+00 +5.4392509e+00 +5.4392509e+00 
-1.7179891e+01 -1.7179891e+01 -1.7179891e+01 -1.7179891e+01 -1.7155343e+01 -1.7155343e+01 -1.7155343e+01 -1.7155343e+01 -1.7151208e+01 -1.7151208e+01 -1.7151208e+01 -1.7151208e+01 -1.6940495e+01 -1.6940495e+01 -1.6940495e+01 -1.6940495e+01 -1.6939449e+01 -1.6939449e+01 -1.6939449e+01 -1.6939449e+01 -8.2170251e+00 -8.2170251e+00 -8.2170251e+00 -8.2170251e+00 -3.8385035e+00 -3.8385035e+00 -3.8385035e+00 -3.8385035e+00 +5.1313373e+00 +5.1313373e+00 +5.1313373e+00 +5.1313373e+00 +5.4585221e+00 +5.4585221e+00 +5.4585221e+00 +5.4585221e+00 
-1.7181109e+01 -1.7181109e+01 -1.7181109e+01 -1.7181109e+01 -1.7155426e+01 -1.7155426e+01 -1.7155426e+01 -1.7155426e+01 -1.7153079e+01 -1.7153079e+01 -1.7153079e+01 -1.7153079e+01 -1.6938640e+01 -1.6938640e+01 -1.6938640e+01 -1.6938640e+01 -1.6938063e+01 -1.6938063e+01 -1.6938063e+01 -1.6938063e+01 -8.1968116e+00 -8.1968116e+00 -8.1968116e+00 -8.1968116e+00 -3.9014267e+00 -3.9014267e+00 -3.9014267e+00 -3.9014267e+00 +5.2916613e+00 +5.2916613e+00 +5.2916613e+00 +5.2916613e+00 +5.4749686e+00 +5.4749686e+00 +5.4749686e+00 +5.4749686e+00 
-1.7181983e+01 -1.7181983e+01 -1.7181983e+01 -1.7181983e+01 -1.7155472e+01 -1.7155472e+01 -1.7155472e+01 -1.7155472e+01 -1.7154423e+01 -1.7154423e+01 -1.7154423e+01 -1.7154423e+01 -1.6937316e+01 -1.6937316e+01 -1.6937316e+01 -1.6937316e+01 -1.6937064e+01 -1.6937064e+01 -1.6937064e+01 -1.6937064e+01 -8.1817919e+00 -8.1817919e+00 -8.1817919e+00 -8.1817919e+00 -3.9469268e+00 -3.9469268e+00 -3.9469268e+00 -3.9469268e+00 +5.4066206e+00 +5.4066206e+00 +5.4066206e+00 +5.4066206e+00 +5.4876083e+00 +5.4876083e+00 +5.4876083e+00 +5.4876083e+00 
-1.7182508e+01 -1.7182508e+01 -1.7182508e+01 -1.7182508e+01 -1.7155495e+01 -1.7155495e+01 -1.7155495e+01 -1.7155495e+01 -1.7155232e+01 -1.7155232e+01 -1.7155232e+01 -1.7155232e+01 -1.6936522e+01 -1.6936522e+01 -1.6936522e+01 -1.6936522e+01 -1.6936460e+01 -1.6936460e+01 -1.6936460e+01 -1.6936460e+01 -8.1725331e+00 -8.1725331e+00 -8.1725331e+00 -8.1725331e+00 -3.9744605e+00 -3.9744605e+00 -3.9744605e+00 -3.9744605e+00 +5.4754405e+00 +5.4754405e+00 +5.4754405e+00 +5.4754405e+00 +5.4955857e+00 +5.4955857e+00 +5.4955857e+00 +5.4955857e+00 
-1.7182683e+01 -1.7182683e+01 -1.7182683e+01 -1.7182683e+01 -1.7155502e+01 -1.7155502e+01 -1.7155502e+01 -1.7155502e+01 -1.7155502e+01 -1.7155502e+01 -1.7155502e+01 -1.7155502e+01 -1.6936258e+01 -1.6936258e+01 -1.6936258e+01 -1.6936258e+01 -1.6936258e+01 -1.6936258e+01 -1.6936258e+01 -1.6936258e+01 -8.1694040e+00 -8.1694040e+00 -8.1694040e+00 -8.1694040e+00 -3.9836787e+00 -3.9836787e+00 -3.9836787e+00 -3.9836787e+00 +5.4983145e+00 +5.4983145e+00 +5.4983145e+00 +5.4983145e+00 +5.4983145e+00 +5.4983145e+00 +5.4983145e+00 +5.4983145e+00 
