# num high symmetry points
12
# label high symmetry points
G M K G A L H A L M K H 
# indices high symmetry points
1 36 56 96 115 150 170 210 211 230 231 250 
# nk, nb, ns
250 19 1
# k-points (frac coords)
+0.0000000e+00 +0.0000000e+00 +0.0000000e+00 
+1.4285714e-02 +0.0000000e+00 +0.0000000e+00 
+2.8571429e-02 +0.0000000e+00 +0.0000000e+00 
+4.2857143e-02 +0.0000000e+00 +0.0000000e+00 
+5.7142857e-02 +0.0000000e+00 +0.0000000e+00 
+7.1428571e-02 +0.0000000e+00 +0.0000000e+00 
+8.5714286e-02 +0.0000000e+00 +0.0000000e+00 
+1.0000000e-01 +0.0000000e+00 +0.0000000e+00 
+1.1428571e-01 +0.0000000e+00 +0.0000000e+00 
+1.2857143e-01 +0.0000000e+00 +0.0000000e+00 
+1.4285714e-01 +0.0000000e+00 +0.0000000e+00 
+1.5714286e-01 +0.0000000e+00 +0.0000000e+00 
+1.7142857e-01 +0.0000000e+00 +0.0000000e+00 
+1.8571429e-01 +0.0000000e+00 +0.0000000e+00 
+2.0000000e-01 +0.0000000e+00 +0.0000000e+00 
+2.1428571e-01 +0.0000000e+00 +0.0000000e+00 
+2.2857143e-01 +0.0000000e+00 +0.0000000e+00 
+2.4285714e-01 +0.0000000e+00 +0.0000000e+00 
+2.5714286e-01 +0.0000000e+00 +0.0000000e+00 
+2.7142857e-01 +0.0000000e+00 +0.0000000e+00 
+2.8571429e-01 +0.0000000e+00 +0.0000000e+00 
+3.0000000e-01 +0.0000000e+00 +0.0000000e+00 
+3.1428571e-01 +0.0000000e+00 +0.0000000e+00 
+3.2857143e-01 +0.0000000e+00 +0.0000000e+00 
+3.4285714e-01 +0.0000000e+00 +0.0000000e+00 
+3.5714286e-01 +0.0000000e+00 +0.0000000e+00 
+3.7142857e-01 +0.0000000e+00 +0.0000000e+00 
+3.8571429e-01 +0.0000000e+00 +0.0000000e+00 
+4.0000000e-01 +0.0000000e+00 +0.0000000e+00 
+4.1428571e-01 +0.0000000e+00 +0.0000000e+00 
+4.2857143e-01 +0.0000000e+00 +0.0000000e+00 
+4.4285714e-01 +0.0000000e+00 +0.0000000e+00 
+4.5714286e-01 +0.0000000e+00 +0.0000000e+00 
+4.7142857e-01 +0.0000000e+00 +0.0000000e+00 
+4.8571429e-01 +0.0000000e+00 +0.0000000e+00 
+5.0000000e-01 +0.0000000e+00 +0.0000000e+00 
+4.9166667e-01 -1.6666667e-02 +0.0000000e+00 
+4.8333333e-01 -3.3333333e-02 +0.0000000e+00 
+4.7500000e-01 -5.0000000e-02 +0.0000000e+00 
+4.6666667e-01 -6.6666667e-02 +0.0000000e+00 
+4.5833333e-01 -8.3333333e-02 +0.0000000e+00 
+4.5000000e-01 -1.0000000e-01 +0.0000000e+00 
+4.4166667e-01 -1.1666667e-01 +0.0000000e+00 
+4.3333333e-01 -1.3333333e-01 +0.0000000e+00 
+4.2500000e-01 -1.5000000e-01 +0.0000000e+00 
+4.1666667e-01 -1.6666667e-01 +0.0000000e+00 
+4.0833333e-01 -1.8333333e-01 +0.0000000e+00 
+4.0000000e-01 -2.0000000e-01 +0.0000000e+00 
+3.9166667e-01 -2.1666667e-01 +0.0000000e+00 
+3.8333333e-01 -2.3333333e-01 +0.0000000e+00 
+3.7500000e-01 -2.5000000e-01 +0.0000000e+00 
+3.6666667e-01 -2.6666667e-01 +0.0000000e+00 
+3.5833333e-01 -2.8333333e-01 +0.0000000e+00 
+3.5000000e-01 -3.0000000e-01 +0.0000000e+00 
+3.4166667e-01 -3.1666667e-01 +0.0000000e+00 
+3.3333333e-01 -3.3333333e-01 +0.0000000e+00 
+3.2500000e-01 -3.2500000e-01 +0.0000000e+00 
+3.1666667e-01 -3.1666667e-01 +0.0000000e+00 
+3.0833333e-01 -3.0833333e-01 +0.0000000e+00 
+3.0000000e-01 -3.0000000e-01 +0.0000000e+00 
+2.9166667e-01 -2.9166667e-01 +0.0000000e+00 
+2.8333333e-01 -2.8333333e-01 +0.0000000e+00 
+2.7500000e-01 -2.7500000e-01 +0.0000000e+00 
+2.6666667e-01 -2.6666667e-01 +0.0000000e+00 
+2.5833333e-01 -2.5833333e-01 +0.0000000e+00 
+2.5000000e-01 -2.5000000e-01 +0.0000000e+00 
+2.4166667e-01 -2.4166667e-01 +0.0000000e+00 
+2.3333333e-01 -2.3333333e-01 +0.0000000e+00 
+2.2500000e-01 -2.2500000e-01 +0.0000000e+00 
+2.1666667e-01 -2.1666667e-01 +0.0000000e+00 
+2.0833333e-01 -2.0833333e-01 +0.0000000e+00 
+2.0000000e-01 -2.0000000e-01 +0.0000000e+00 
+1.9166667e-01 -1.9166667e-01 +0.0000000e+00 
+1.8333333e-01 -1.8333333e-01 +0.0000000e+00 
+1.7500000e-01 -1.7500000e-01 +0.0000000e+00 
+1.6666667e-01 -1.6666667e-01 +0.0000000e+00 
+1.5833333e-01 -1.5833333e-01 +0.0000000e+00 
+1.5000000e-01 -1.5000000e-01 +0.0000000e+00 
+1.4166667e-01 -1.4166667e-01 +0.0000000e+00 
+1.3333333e-01 -1.3333333e-01 +0.0000000e+00 
+1.2500000e-01 -1.2500000e-01 +0.0000000e+00 
+1.1666667e-01 -1.1666667e-01 +0.0000000e+00 
+1.0833333e-01 -1.0833333e-01 +0.0000000e+00 
+1.0000000e-01 -1.0000000e-01 +0.0000000e+00 
+9.1666667e-02 -9.1666667e-02 +0.0000000e+00 
+8.3333333e-02 -8.3333333e-02 +0.0000000e+00 
+7.5000000e-02 -7.5000000e-02 +0.0000000e+00 
+6.6666667e-02 -6.6666667e-02 +0.0000000e+00 
+5.8333333e-02 -5.8333333e-02 +0.0000000e+00 
+5.0000000e-02 -5.0000000e-02 +0.0000000e+00 
+4.1666667e-02 -4.1666667e-02 +0.0000000e+00 
+3.3333333e-02 -3.3333333e-02 +0.0000000e+00 
+2.5000000e-02 -2.5000000e-02 +0.0000000e+00 
+1.6666667e-02 -1.6666667e-02 +0.0000000e+00 
+8.3333333e-03 -8.3333333e-03 +0.0000000e+00 
+0.0000000e+00 +0.0000000e+00 +0.0000000e+00 
+0.0000000e+00 +0.0000000e+00 -2.6315789e-02 
+0.0000000e+00 +0.0000000e+00 -5.2631579e-02 
+0.0000000e+00 +0.0000000e+00 -7.8947368e-02 
+0.0000000e+00 +0.0000000e+00 -1.0526316e-01 
+0.0000000e+00 +0.0000000e+00 -1.3157895e-01 
+0.0000000e+00 +0.0000000e+00 -1.5789474e-01 
+0.0000000e+00 +0.0000000e+00 -1.8421053e-01 
+0.0000000e+00 +0.0000000e+00 -2.1052632e-01 
+0.0000000e+00 +0.0000000e+00 -2.3684211e-01 
+0.0000000e+00 +0.0000000e+00 -2.6315789e-01 
+0.0000000e+00 +0.0000000e+00 -2.8947368e-01 
+0.0000000e+00 +0.0000000e+00 -3.1578947e-01 
+0.0000000e+00 +0.0000000e+00 -3.4210526e-01 
+0.0000000e+00 +0.0000000e+00 -3.6842105e-01 
+0.0000000e+00 +0.0000000e+00 -3.9473684e-01 
+0.0000000e+00 +0.0000000e+00 -4.2105263e-01 
+0.0000000e+00 +0.0000000e+00 -4.4736842e-01 
+0.0000000e+00 +0.0000000e+00 -4.7368421e-01 
+0.0000000e+00 +0.0000000e+00 -5.0000000e-01 
+1.4285714e-02 +0.0000000e+00 -5.0000000e-01 
+2.8571429e-02 +0.0000000e+00 -5.0000000e-01 
+4.2857143e-02 +0.0000000e+00 -5.0000000e-01 
+5.7142857e-02 +0.0000000e+00 -5.0000000e-01 
+7.1428571e-02 +0.0000000e+00 -5.0000000e-01 
+8.5714286e-02 +0.0000000e+00 -5.0000000e-01 
+1.0000000e-01 +0.0000000e+00 -5.0000000e-01 
+1.1428571e-01 +0.0000000e+00 -5.0000000e-01 
+1.2857143e-01 +0.0000000e+00 -5.0000000e-01 
+1.4285714e-01 +0.0000000e+00 -5.0000000e-01 
+1.5714286e-01 +0.0000000e+00 -5.0000000e-01 
+1.7142857e-01 +0.0000000e+00 -5.0000000e-01 
+1.8571429e-01 +0.0000000e+00 -5.0000000e-01 
+2.0000000e-01 +0.0000000e+00 -5.0000000e-01 
+2.1428571e-01 +0.0000000e+00 -5.0000000e-01 
+2.2857143e-01 +0.0000000e+00 -5.0000000e-01 
+2.4285714e-01 +0.0000000e+00 -5.0000000e-01 
+2.5714286e-01 +0.0000000e+00 -5.0000000e-01 
+2.7142857e-01 +0.0000000e+00 -5.0000000e-01 
+2.8571429e-01 +0.0000000e+00 -5.0000000e-01 
+3.0000000e-01 +0.0000000e+00 -5.0000000e-01 
+3.1428571e-01 +0.0000000e+00 -5.0000000e-01 
+3.2857143e-01 +0.0000000e+00 -5.0000000e-01 
+3.4285714e-01 +0.0000000e+00 -5.0000000e-01 
+3.5714286e-01 +0.0000000e+00 -5.0000000e-01 
+3.7142857e-01 +0.0000000e+00 -5.0000000e-01 
+3.8571429e-01 +0.0000000e+00 -5.0000000e-01 
+4.0000000e-01 +0.0000000e+00 -5.0000000e-01 
+4.1428571e-01 +0.0000000e+00 -5.0000000e-01 
+4.2857143e-01 +0.0000000e+00 -5.0000000e-01 
+4.4285714e-01 +0.0000000e+00 -5.0000000e-01 
+4.5714286e-01 +0.0000000e+00 -5.0000000e-01 
+4.7142857e-01 +0.0000000e+00 -5.0000000e-01 
+4.8571429e-01 +0.0000000e+00 -5.0000000e-01 
+5.0000000e-01 +0.0000000e+00 -5.0000000e-01 
+4.9166667e-01 -1.6666667e-02 -5.0000000e-01 
+4.8333333e-01 -3.3333333e-02 -5.0000000e-01 
+4.7500000e-01 -5.0000000e-02 -5.0000000e-01 
+4.6666667e-01 -6.6666667e-02 -5.0000000e-01 
+4.5833333e-01 -8.3333333e-02 -5.0000000e-01 
+4.5000000e-01 -1.0000000e-01 -5.0000000e-01 
+4.4166667e-01 -1.1666667e-01 -5.0000000e-01 
+4.3333333e-01 -1.3333333e-01 -5.0000000e-01 
+4.2500000e-01 -1.5000000e-01 -5.0000000e-01 
+4.1666667e-01 -1.6666667e-01 -5.0000000e-01 
+4.0833333e-01 -1.8333333e-01 -5.0000000e-01 
+4.0000000e-01 -2.0000000e-01 -5.0000000e-01 
+3.9166667e-01 -2.1666667e-01 -5.0000000e-01 
+3.8333333e-01 -2.3333333e-01 -5.0000000e-01 
+3.7500000e-01 -2.5000000e-01 -5.0000000e-01 
+3.6666667e-01 -2.6666667e-01 -5.0000000e-01 
+3.5833333e-01 -2.8333333e-01 -5.0000000e-01 
+3.5000000e-01 -3.0000000e-01 -5.0000000e-01 
+3.4166667e-01 -3.1666667e-01 -5.0000000e-01 
+3.3333333e-01 -3.3333333e-01 -5.0000000e-01 
+3.2500000e-01 -3.2500000e-01 -5.0000000e-01 
+3.1666667e-01 -3.1666667e-01 -5.0000000e-01 
+3.0833333e-01 -3.0833333e-01 -5.0000000e-01 
+3.0000000e-01 -3.0000000e-01 -5.0000000e-01 
+2.9166667e-01 -2.9166667e-01 -5.0000000e-01 
+2.8333333e-01 -2.8333333e-01 -5.0000000e-01 
+2.7500000e-01 -2.7500000e-01 -5.0000000e-01 
+2.6666667e-01 -2.6666667e-01 -5.0000000e-01 
+2.5833333e-01 -2.5833333e-01 -5.0000000e-01 
+2.5000000e-01 -2.5000000e-01 -5.0000000e-01 
+2.4166667e-01 -2.4166667e-01 -5.0000000e-01 
+2.3333333e-01 -2.3333333e-01 -5.0000000e-01 
+2.2500000e-01 -2.2500000e-01 -5.0000000e-01 
+2.1666667e-01 -2.1666667e-01 -5.0000000e-01 
+2.0833333e-01 -2.0833333e-01 -5.0000000e-01 
+2.0000000e-01 -2.0000000e-01 -5.0000000e-01 
+1.9166667e-01 -1.9166667e-01 -5.0000000e-01 
+1.8333333e-01 -1.8333333e-01 -5.0000000e-01 
+1.7500000e-01 -1.7500000e-01 -5.0000000e-01 
+1.6666667e-01 -1.6666667e-01 -5.0000000e-01 
+1.5833333e-01 -1.5833333e-01 -5.0000000e-01 
+1.5000000e-01 -1.5000000e-01 -5.0000000e-01 
+1.4166667e-01 -1.4166667e-01 -5.0000000e-01 
+1.3333333e-01 -1.3333333e-01 -5.0000000e-01 
+1.2500000e-01 -1.2500000e-01 -5.0000000e-01 
+1.1666667e-01 -1.1666667e-01 -5.0000000e-01 
+1.0833333e-01 -1.0833333e-01 -5.0000000e-01 
+1.0000000e-01 -1.0000000e-01 -5.0000000e-01 
+9.1666667e-02 -9.1666667e-02 -5.0000000e-01 
+8.3333333e-02 -8.3333333e-02 -5.0000000e-01 
+7.5000000e-02 -7.5000000e-02 -5.0000000e-01 
+6.6666667e-02 -6.6666667e-02 -5.0000000e-01 
+5.8333333e-02 -5.8333333e-02 -5.0000000e-01 
+5.0000000e-02 -5.0000000e-02 -5.0000000e-01 
+4.1666667e-02 -4.1666667e-02 -5.0000000e-01 
+3.3333333e-02 -3.3333333e-02 -5.0000000e-01 
+2.5000000e-02 -2.5000000e-02 -5.0000000e-01 
+1.6666667e-02 -1.6666667e-02 -5.0000000e-01 
+8.3333333e-03 -8.3333333e-03 -5.0000000e-01 
+0.0000000e+00 +0.0000000e+00 -5.0000000e-01 
+5.0000000e-01 +0.0000000e+00 -5.0000000e-01 
+5.0000000e-01 +0.0000000e+00 -4.7368421e-01 
+5.0000000e-01 +0.0000000e+00 -4.4736842e-01 
+5.0000000e-01 +0.0000000e+00 -4.2105263e-01 
+5.0000000e-01 +0.0000000e+00 -3.9473684e-01 
+5.0000000e-01 +0.0000000e+00 -3.6842105e-01 
+5.0000000e-01 +0.0000000e+00 -3.4210526e-01 
+5.0000000e-01 +0.0000000e+00 -3.1578947e-01 
+5.0000000e-01 +0.0000000e+00 -2.8947368e-01 
+5.0000000e-01 +0.0000000e+00 -2.6315789e-01 
+5.0000000e-01 +0.0000000e+00 -2.3684211e-01 
+5.0000000e-01 +0.0000000e+00 -2.1052632e-01 
+5.0000000e-01 +0.0000000e+00 -1.8421053e-01 
+5.0000000e-01 +0.0000000e+00 -1.5789474e-01 
+5.0000000e-01 +0.0000000e+00 -1.3157895e-01 
+5.0000000e-01 +0.0000000e+00 -1.0526316e-01 
+5.0000000e-01 +0.0000000e+00 -7.8947368e-02 
+5.0000000e-01 +0.0000000e+00 -5.2631579e-02 
+5.0000000e-01 +0.0000000e+00 -2.6315789e-02 
+5.0000000e-01 +0.0000000e+00 +0.0000000e+00 
+3.3333333e-01 -3.3333333e-01 +0.0000000e+00 
+3.3333333e-01 -3.3333333e-01 -2.6315789e-02 
+3.3333333e-01 -3.3333333e-01 -5.2631579e-02 
+3.3333333e-01 -3.3333333e-01 -7.8947368e-02 
+3.3333333e-01 -3.3333333e-01 -1.0526316e-01 
+3.3333333e-01 -3.3333333e-01 -1.3157895e-01 
+3.3333333e-01 -3.3333333e-01 -1.5789474e-01 
+3.3333333e-01 -3.3333333e-01 -1.8421053e-01 
+3.3333333e-01 -3.3333333e-01 -2.1052632e-01 
+3.3333333e-01 -3.3333333e-01 -2.3684211e-01 
+3.3333333e-01 -3.3333333e-01 -2.6315789e-01 
+3.3333333e-01 -3.3333333e-01 -2.8947368e-01 
+3.3333333e-01 -3.3333333e-01 -3.1578947e-01 
+3.3333333e-01 -3.3333333e-01 -3.4210526e-01 
+3.3333333e-01 -3.3333333e-01 -3.6842105e-01 
+3.3333333e-01 -3.3333333e-01 -3.9473684e-01 
+3.3333333e-01 -3.3333333e-01 -4.2105263e-01 
+3.3333333e-01 -3.3333333e-01 -4.4736842e-01 
+3.3333333e-01 -3.3333333e-01 -4.7368421e-01 
+3.3333333e-01 -3.3333333e-01 -5.0000000e-01 
# energies (kpt,band,spin)
# spin = 1
-4.2649441e+01 -4.2571798e+01 -2.2965274e+01 -2.2501413e+01 -2.2501405e+01 -2.2405764e+01 -2.2405764e+01 -2.2349627e+01 -4.5982805e+00 -1.9043057e+00 +1.0022345e+00 +1.6340351e+00 +1.6340527e+00 +2.0508972e+00 +2.2556934e+00 +2.2557235e+00 +2.6320094e+00 +2.6320814e+00 +4.6404197e+00 
-4.2649343e+01 -4.2571766e+01 -2.2964905e+01 -2.2502134e+01 -2.2501669e+01 -2.2406535e+01 -2.2405850e+01 -2.2349809e+01 -4.5942012e+00 -1.9002026e+00 +9.9700364e-01 +1.6194279e+00 +1.6381795e+00 +2.0626160e+00 +2.2511512e+00 +2.2596208e+00 +2.6260844e+00 +2.6276989e+00 +4.6439410e+00 
-4.2649046e+01 -4.2571671e+01 -2.2963801e+01 -2.2504309e+01 -2.2502440e+01 -2.2408839e+01 -2.2406108e+01 -2.2350357e+01 -4.5818421e+00 -1.8879146e+00 +9.8141522e-01 +1.5794622e+00 +1.6505930e+00 +2.0938821e+00 +2.2377120e+00 +2.2713223e+00 +2.6085795e+00 +2.6148533e+00 +4.6541623e+00 
-4.2648551e+01 -4.2571513e+01 -2.2961966e+01 -2.2507913e+01 -2.2503715e+01 -2.2412653e+01 -2.2406538e+01 -2.2351271e+01 -4.5609360e+00 -1.8675136e+00 +9.5577764e-01 +1.5216338e+00 +1.6712609e+00 +2.1366654e+00 +2.2165839e+00 +2.2907808e+00 +2.5807273e+00 +2.5939007e+00 +4.6707402e+00 
-4.2647859e+01 -4.2571292e+01 -2.2959405e+01 -2.2512917e+01 -2.2505478e+01 -2.2417937e+01 -2.2407141e+01 -2.2352551e+01 -4.5312744e+00 -1.8391394e+00 +9.2059077e-01 +1.4519576e+00 +1.7001535e+00 +2.1687624e+00 +2.2050534e+00 +2.3179292e+00 +2.5441876e+00 +2.5654699e+00 +4.6930455e+00 
-4.2646971e+01 -4.2571012e+01 -2.2956130e+01 -2.2519282e+01 -2.2507709e+01 -2.2424638e+01 -2.2407919e+01 -2.2354195e+01 -4.4928786e+00 -1.8030157e+00 +8.7652465e-01 +1.3742184e+00 +1.7372315e+00 +2.1392793e+00 +2.2517445e+00 +2.3526721e+00 +2.5007893e+00 +2.5303465e+00 +4.7202960e+00 
-4.2645893e+01 -4.2570677e+01 -2.2952152e+01 -2.2526955e+01 -2.2510383e+01 -2.2432689e+01 -2.2408869e+01 -2.2356206e+01 -4.4460904e+00 -1.7594599e+00 +8.2439011e-01 +1.2907840e+00 +1.7824473e+00 +2.0944699e+00 +2.3099087e+00 +2.3948859e+00 +2.4522832e+00 +2.4894046e+00 +4.7516267e+00 
-4.2644631e+01 -4.2570292e+01 -2.2947488e+01 -2.2535878e+01 -2.2513470e+01 -2.2442008e+01 -2.2409992e+01 -2.2358582e+01 -4.3916107e+00 -1.7088920e+00 +7.6510293e-01 +1.2032886e+00 +1.8357436e+00 +2.0430151e+00 +2.3713882e+00 +2.4001992e+00 +2.4435477e+00 +2.4444192e+00 +4.7861522e+00 
-4.2643193e+01 -4.2569864e+01 -2.2942154e+01 -2.2545980e+01 -2.2516938e+01 -2.2452503e+01 -2.2411286e+01 -2.2361323e+01 -4.3304975e+00 -1.6518458e+00 +6.9964472e-01 +1.1130167e+00 +1.8970519e+00 +1.9867057e+00 +2.3457943e+00 +2.3936625e+00 +2.4354786e+00 +2.5010954e+00 +4.8230145e+00 
-4.2641588e+01 -4.2569400e+01 -2.2936172e+01 -2.2557183e+01 -2.2520751e+01 -2.2464072e+01 -2.2412745e+01 -2.2364428e+01 -4.2640271e+00 -1.5889905e+00 +6.2902373e-01 +1.0211088e+00 +1.9269296e+00 +1.9662898e+00 +2.2900629e+00 +2.3405880e+00 +2.5021721e+00 +2.5647173e+00 +4.8614161e+00 
-4.2639824e+01 -4.2568907e+01 -2.2929565e+01 -2.2569399e+01 -2.2524871e+01 -2.2476602e+01 -2.2414363e+01 -2.2367896e+01 -4.1932611e+00 -1.5211622e+00 +5.5423908e-01 +9.2866589e-01 +1.8649947e+00 +2.0433573e+00 +2.2337762e+00 +2.2850982e+00 +2.5716569e+00 +2.6350714e+00 +4.9006387e+00 
-4.2637915e+01 -4.2568392e+01 -2.2922361e+01 -2.2582532e+01 -2.2529259e+01 -2.2489975e+01 -2.2416133e+01 -2.2371725e+01 -4.1183653e+00 -1.4494017e+00 +4.7625082e-01 +8.3677649e-01 +1.8021733e+00 +2.1281336e+00 +2.1775310e+00 +2.2278941e+00 +2.6441705e+00 +2.7119329e+00 +4.9400512e+00 
-4.2635873e+01 -4.2567861e+01 -2.2914587e+01 -2.2596479e+01 -2.2533874e+01 -2.2504066e+01 -2.2418044e+01 -2.2375912e+01 -4.0382884e+00 -1.3749804e+00 +3.9595740e-01 +7.4647920e-01 +1.7397711e+00 +2.1217941e+00 +2.1696032e+00 +2.2204731e+00 +2.7199314e+00 +2.7950682e+00 +4.9791115e+00 
-4.2633713e+01 -4.2567321e+01 -2.2906276e+01 -2.2611131e+01 -2.2538676e+01 -2.2518748e+01 -2.2420083e+01 -2.2380454e+01 -3.9514428e+00 -1.2994072e+00 +3.1418199e-01 +6.5872133e-01 +1.6792325e+00 +2.0669378e+00 +2.1107826e+00 +2.3202012e+00 +2.7991288e+00 +2.8842329e+00 +5.0173625e+00 
-4.2631451e+01 -4.2566780e+01 -2.2897463e+01 -2.2626371e+01 -2.2543623e+01 -2.2533893e+01 -2.2422234e+01 -2.2385347e+01 -3.8568537e+00 -1.2244305e+00 +2.3166854e-01 +5.7437968e-01 +1.6221968e+00 +2.0132649e+00 +2.0519252e+00 +2.4271088e+00 +2.8819472e+00 +2.9791655e+00 +5.0544269e+00 
-4.2629098e+01 -4.2566246e+01 -2.2888185e+01 -2.2642079e+01 -2.2549369e+01 -2.2548674e+01 -2.2424483e+01 -2.2390582e+01 -3.7546318e+00 -1.1520463e+00 +1.4908742e-01 +4.9431905e-01 +1.5704629e+00 +1.9610251e+00 +1.9934672e+00 +2.5409434e+00 +2.9685866e+00 +3.0795743e+00 +5.0900004e+00 
-4.2626669e+01 -4.2565727e+01 -2.2878483e+01 -2.2658128e+01 -2.2565045e+01 -2.2553787e+01 -2.2426809e+01 -2.2396153e+01 -3.6456452e+00 -1.0844827e+00 +6.7048528e-02 +4.1941209e-01 +1.5259111e+00 +1.9104253e+00 +1.9357959e+00 +2.6613968e+00 +3.0592614e+00 +3.1851205e+00 +5.1238452e+00 
-4.2624177e+01 -4.2565230e+01 -2.2868401e+01 -2.2674388e+01 -2.2580792e+01 -2.2558922e+01 -2.2429193e+01 -2.2402048e+01 -3.5310319e+00 -1.0241171e+00 -1.3883440e-02 +3.5048747e-01 +1.4904228e+00 +1.8616366e+00 +1.8792580e+00 +2.7880855e+00 +3.1541911e+00 +3.2953985e+00 +5.1557836e+00 
-4.2621636e+01 -4.2564765e+01 -2.2857986e+01 -2.2690728e+01 -2.2596482e+01 -2.2564039e+01 -2.2431611e+01 -2.2408255e+01 -3.4119281e+00 -9.7329062e-01 -9.3176833e-02 +2.8821709e-01 +1.4657787e+00 +1.8148004e+00 +1.8241679e+00 +2.9205276e+00 +3.2535954e+00 +3.4099184e+00 +5.1856929e+00 
-4.2619062e+01 -4.2564339e+01 -2.2847289e+01 -2.2707015e+01 -2.2611992e+01 -2.2569100e+01 -2.2434042e+01 -2.2414755e+01 -3.2893958e+00 -9.3401329e-01 -1.7032766e-01 +2.3296693e-01 +1.4535012e+00 +1.7700341e+00 +1.7708149e+00 +3.0581224e+00 +3.3576936e+00 +3.5280935e+00 +5.2135004e+00 
-4.2616472e+01 -4.2563959e+01 -2.2836366e+01 -2.2723112e+01 -2.2627202e+01 -2.2574065e+01 -2.2436458e+01 -2.2421527e+01 -3.1644381e+00 -9.0761010e-01 -2.4486050e-01 +1.8465630e-01 +1.4546348e+00 +1.7194672e+00 +1.7274383e+00 +3.2001501e+00 +3.4667062e+00 +3.6492381e+00 +5.2391794e+00 
-4.2613882e+01 -4.2563633e+01 -2.2825276e+01 -2.2738887e+01 -2.2641998e+01 -2.2578898e+01 -2.2438835e+01 -2.2428546e+01 -3.0380283e+00 -8.9442933e-01 -3.1633281e-01 +1.4269770e-01 +1.4695090e+00 +1.6703784e+00 +1.6870997e+00 +3.3458108e+00 +3.5808523e+00 +3.7725763e+00 +5.2627436e+00 
-4.2611313e+01 -4.2563368e+01 -2.2814085e+01 -2.2754208e+01 -2.2656271e+01 -2.2583564e+01 -2.2441149e+01 -2.2435778e+01 -2.9111251e+00 -8.9375817e-01 -3.8433919e-01 +1.0608103e-01 +1.4975663e+00 +1.6237847e+00 +1.6490980e+00 +3.4942902e+00 +3.7003462e+00 +3.8972574e+00 +5.2842412e+00 
-4.2608784e+01 -4.2563169e+01 -2.2802866e+01 -2.2768946e+01 -2.2669918e+01 -2.2588029e+01 -2.2443381e+01 -2.2443184e+01 -2.7846725e+00 -9.0400956e-01 -4.4851372e-01 +7.3593245e-02 +1.5373384e+00 +1.5799057e+00 +1.6135075e+00 +3.6447918e+00 +3.8253949e+00 +4.0223769e+00 +5.3037464e+00 
-4.2606316e+01 -4.2563042e+01 -2.2791699e+01 -2.2782980e+01 -2.2682843e+01 -2.2592261e+01 -2.2450713e+01 -2.2445512e+01 -2.6596015e+00 -9.2309953e-01 -5.0852982e-01 +4.4081997e-02 +1.5389406e+00 +1.5803987e+00 +1.5865919e+00 +3.7964528e+00 +3.9562025e+00 +4.1470065e+00 +5.3213486e+00 
-4.2603929e+01 -4.2562987e+01 -2.2796196e+01 -2.2780677e+01 -2.2694955e+01 -2.2596231e+01 -2.2458304e+01 -2.2447526e+01 -2.5368501e+00 -9.4884914e-01 -5.6409858e-01 +1.6660224e-02 +1.5010662e+00 +1.5498393e+00 +1.6425893e+00 +3.9481250e+00 +4.0929770e+00 +4.2702603e+00 +5.3371421e+00 
-4.2601646e+01 -4.2563002e+01 -2.2808489e+01 -2.2769903e+01 -2.2706173e+01 -2.2599912e+01 -2.2465882e+01 -2.2449407e+01 -2.4174052e+00 -9.7927682e-01 -6.1496669e-01 -9.1958517e-03 +1.4664350e+00 +1.5218948e+00 +1.7023745e+00 +4.0980658e+00 +4.2359253e+00 +4.3914321e+00 +5.3512160e+00 
-4.2599489e+01 -4.2563084e+01 -2.2819760e+01 -2.2759498e+01 -2.2716421e+01 -2.2603276e+01 -2.2473352e+01 -2.2451138e+01 -2.3023490e+00 -1.0127363e+00 -6.6091545e-01 -3.3648054e-02 +1.4351749e+00 +1.4966296e+00 +1.7630193e+00 +4.2435908e+00 +4.3852237e+00 +4.5102229e+00 +5.3636483e+00 
-4.2597483e+01 -4.2563222e+01 -2.2829922e+01 -2.2749601e+01 -2.2725630e+01 -2.2606302e+01 -2.2480600e+01 -2.2452702e+01 -2.1928924e+00 -1.0479234e+00 -7.0176114e-01 -5.6564840e-02 +1.4073912e+00 +1.4741088e+00 +1.8218159e+00 +4.3807807e+00 +4.5409658e+00 +4.6269675e+00 +5.3745026e+00 
-4.2595653e+01 -4.2563405e+01 -2.2838895e+01 -2.2740375e+01 -2.2733739e+01 -2.2608969e+01 -2.2487485e+01 -2.2454084e+01 -2.0903983e+00 -1.0837912e+00 -7.3735618e-01 -7.7619664e-02 +1.3831686e+00 +1.4543989e+00 +1.8764193e+00 +4.5046438e+00 +4.7031047e+00 +4.7424205e+00 +5.3838289e+00 
-4.2594027e+01 -4.2563618e+01 -2.2846609e+01 -2.2740695e+01 -2.2732004e+01 -2.2611257e+01 -2.2493842e+01 -2.2455271e+01 -1.9964230e+00 -1.1193987e+00 -7.6758964e-01 -9.6388379e-02 +1.3625741e+00 +1.4375680e+00 +1.9249363e+00 +4.6104385e+00 +4.8563688e+00 +4.8714108e+00 +5.3916652e+00 
-4.2592635e+01 -4.2563840e+01 -2.2853004e+01 -2.2746450e+01 -2.2724697e+01 -2.2613153e+01 -2.2499479e+01 -2.2456251e+01 -1.9128125e+00 -1.1536858e+00 -7.9238535e-01 -1.1242901e-01 +1.3456601e+00 +1.4236839e+00 +1.9659567e+00 +4.6956195e+00 +4.9656124e+00 +5.0454599e+00 +5.3980405e+00 
-4.2591507e+01 -4.2564048e+01 -2.2858030e+01 -2.2750966e+01 -2.2718680e+01 -2.2614641e+01 -2.2504183e+01 -2.2457017e+01 -1.8418903e+00 -1.1851619e+00 -8.1169674e-01 -1.2533932e-01 +1.3324664e+00 +1.4128097e+00 +1.9985256e+00 +4.7601527e+00 +5.0636397e+00 +5.2246579e+00 +5.4029771e+00 
-4.2590675e+01 -4.2564220e+01 -2.2861648e+01 -2.2754214e+01 -2.2714175e+01 -2.2615712e+01 -2.2507743e+01 -2.2457566e+01 -1.7867028e+00 -1.2115483e+00 -8.2549943e-01 -1.3479295e-01 +1.3230223e+00 +1.4050000e+00 +2.0220662e+00 +4.8051304e+00 +5.1422494e+00 +5.4064916e+00 +5.4083034e+00 
-4.2590163e+01 -4.2564333e+01 -2.2863830e+01 -2.2756171e+01 -2.2711379e+01 -2.2616358e+01 -2.2509968e+01 -2.2457895e+01 -1.7510481e+00 -1.2296598e+00 -8.3378307e-01 -1.4055657e-01 +1.3173481e+00 +1.4002967e+00 +2.0362760e+00 +4.8316441e+00 +5.1934468e+00 +5.4085955e+00 +5.5956732e+00 
-4.2589990e+01 -4.2564373e+01 -2.2864559e+01 -2.2756825e+01 -2.2710431e+01 -2.2616574e+01 -2.2510726e+01 -2.2458005e+01 -1.7386184e+00 -1.2361967e+00 -8.3654447e-01 -1.4249279e-01 +1.3154554e+00 +1.3987260e+00 +2.0410242e+00 +4.8404016e+00 +5.2112606e+00 +5.4092961e+00 +5.7818597e+00 
-4.2589928e+01 -4.2564384e+01 -2.2864278e+01 -2.2756566e+01 -2.2710129e+01 -2.2617100e+01 -2.2510966e+01 -2.2458682e+01 -1.7346120e+00 -1.2321159e+00 -8.3587379e-01 -1.4462699e-01 +1.3126933e+00 +1.3974215e+00 +2.0418955e+00 +4.8418488e+00 +5.1924740e+00 +5.4062063e+00 +5.7896087e+00 
-4.2589743e+01 -4.2564419e+01 -2.2863438e+01 -2.2755789e+01 -2.2709224e+01 -2.2618671e+01 -2.2511684e+01 -2.2460706e+01 -1.7226445e+00 -1.2199332e+00 -8.3388066e-01 -1.5099321e-01 +1.3045075e+00 +1.3935214e+00 +2.0445161e+00 +4.8460527e+00 +5.1426609e+00 +5.3970967e+00 +5.7865678e+00 
-4.2589437e+01 -4.2564478e+01 -2.2862046e+01 -2.2754503e+01 -2.2707720e+01 -2.2621264e+01 -2.2512879e+01 -2.2464047e+01 -1.7028706e+00 -1.1998286e+00 -8.3062176e-01 -1.6148282e-01 +1.2911948e+00 +1.3870663e+00 +2.0489060e+00 +4.8526127e+00 +5.0743489e+00 +5.3824291e+00 +5.7813322e+00 
-4.2589015e+01 -4.2564565e+01 -2.2860114e+01 -2.2752718e+01 -2.2705623e+01 -2.2624836e+01 -2.2514550e+01 -2.2468660e+01 -1.6755468e+00 -1.1721052e+00 -8.2619136e-01 -1.7591700e-01 +1.2732362e+00 +1.3781229e+00 +2.0550950e+00 +4.8609001e+00 +4.9976081e+00 +5.3629212e+00 +5.7736377e+00 
-4.2588484e+01 -4.2564683e+01 -2.2857661e+01 -2.2750449e+01 -2.2702941e+01 -2.2629328e+01 -2.2516696e+01 -2.2474480e+01 -1.6410297e+00 -1.1371947e+00 -8.2072074e-01 -1.9405096e-01 +1.2512775e+00 +1.3667835e+00 +2.0631204e+00 +4.8701128e+00 +4.9187896e+00 +5.3394786e+00 +5.7630276e+00 
-4.2587850e+01 -4.2564835e+01 -2.2854710e+01 -2.2747720e+01 -2.2699685e+01 -2.2634660e+01 -2.2519315e+01 -2.2481424e+01 -1.5997735e+00 -1.0956671e+00 -8.1437673e-01 -2.1558261e-01 +1.2261039e+00 +1.3531649e+00 +2.0730228e+00 +4.8417657e+00 +4.8793768e+00 +5.3131181e+00 +5.7487716e+00 
-4.2587120e+01 -4.2565026e+01 -2.2851294e+01 -2.2744558e+01 -2.2695868e+01 -2.2640732e+01 -2.2522409e+01 -2.2489392e+01 -1.5523281e+00 -1.0482438e+00 -8.0735929e-01 -2.4016995e-01 +1.1986113e+00 +1.3374088e+00 +2.0848431e+00 +4.7690984e+00 +4.8877086e+00 +5.2848916e+00 +5.7297317e+00 
-4.2586303e+01 -4.2565259e+01 -2.2847452e+01 -2.2740999e+01 -2.2691505e+01 -2.2647426e+01 -2.2525975e+01 -2.2498263e+01 -1.4993359e+00 -9.9581859e-01 -7.9989728e-01 -2.6746491e-01 +1.1697752e+00 +1.3196814e+00 +2.0986165e+00 +4.7024843e+00 +4.8942035e+00 +5.2558213e+00 +5.7041580e+00 
-4.2585408e+01 -4.2565535e+01 -2.2843232e+01 -2.2737089e+01 -2.2686615e+01 -2.2654607e+01 -2.2530013e+01 -2.2507896e+01 -1.4415274e+00 -9.3948819e-01 -7.9224220e-01 -2.9716870e-01 +1.1406189e+00 +1.3001738e+00 +2.1143646e+00 +4.6431788e+00 +4.8979176e+00 +5.2268492e+00 +5.6694450e+00 
-4.2584444e+01 -4.2565853e+01 -2.2838694e+01 -2.2732886e+01 -2.2681215e+01 -2.2662125e+01 -2.2534523e+01 -2.2518128e+01 -1.3797147e+00 -8.8059557e-01 -7.8465926e-01 -3.2907184e-01 +1.1121806e+00 +1.2791014e+00 +2.1320792e+00 +4.5921264e+00 +4.8978810e+00 +5.1988028e+00 +5.6222492e+00 
-4.2583419e+01 -4.2566211e+01 -2.2833909e+01 -2.2728463e+01 -2.2675328e+01 -2.2669817e+01 -2.2539503e+01 -2.2528777e+01 -1.3147802e+00 -8.2074399e-01 -7.7741529e-01 -3.6295373e-01 +1.0854814e+00 +1.2567028e+00 +2.1516966e+00 +4.5500629e+00 +4.8932073e+00 +5.1723758e+00 +5.5602212e+00 
-4.2582340e+01 -4.2566620e+01 -2.2828968e+01 -2.2723915e+01 -2.2677496e+01 -2.2668977e+01 -2.2544951e+01 -2.2539643e+01 -1.2476614e+00 -7.7076365e-01 -7.6173282e-01 -3.9832601e-01 +1.0614921e+00 +1.2332385e+00 +2.1730610e+00 +4.5175794e+00 +4.8834841e+00 +5.1481213e+00 +5.4854738e+00 
-4.2581213e+01 -4.2567094e+01 -2.2823988e+01 -2.2719365e+01 -2.2684936e+01 -2.2662187e+01 -2.2550865e+01 -2.2550503e+01 -1.1793290e+00 -7.6492645e-01 -7.0554666e-01 -4.3434958e-01 +1.0410999e+00 +1.2089871e+00 +2.1958779e+00 +4.4951672e+00 +4.8690387e+00 +5.1264538e+00 +5.4050517e+00 
-4.2580049e+01 -4.2567647e+01 -2.2819122e+01 -2.2714976e+01 -2.2691872e+01 -2.2654985e+01 -2.2561087e+01 -2.2557239e+01 -1.1107602e+00 -7.6007523e-01 -6.5469337e-01 -4.6980496e-01 +1.0250763e+00 +1.1842429e+00 +2.2196632e+00 +4.4832504e+00 +4.8506251e+00 +5.1076576e+00 +5.3267144e+00 
-4.2578860e+01 -4.2568284e+01 -2.2814562e+01 -2.2710959e+01 -2.2698008e+01 -2.2647397e+01 -2.2571068e+01 -2.2564069e+01 -1.0429069e+00 -7.5631230e-01 -6.1374049e-01 -5.0170563e-01 +1.0140457e+00 +1.1593128e+00 +2.2436917e+00 +4.4822036e+00 +4.8288663e+00 +5.0918988e+00 +5.2563803e+00 
-4.2577656e+01 -4.2569008e+01 -2.2810527e+01 -2.2707597e+01 -2.2703011e+01 -2.2639454e+01 -2.2580063e+01 -2.2571348e+01 -9.7666186e-01 -7.5365483e-01 -5.9611683e-01 -5.1834615e-01 +1.0084612e+00 +1.1345146e+00 +2.2669535e+00 +4.4923478e+00 +4.8037327e+00 +5.0792398e+00 +5.1988369e+00 
-4.2576451e+01 -4.2569818e+01 -2.2807250e+01 -2.2706695e+01 -2.2705073e+01 -2.2631186e+01 -2.2587636e+01 -2.2579066e+01 -9.1282579e-01 -7.5202447e-01 -6.1499222e-01 -5.0820798e-01 +1.0085911e+00 +1.1101775e+00 +2.2881298e+00 +4.5138961e+00 +4.7741244e+00 +5.0696535e+00 +5.1588519e+00 
-4.2575257e+01 -4.2570714e+01 -2.2804917e+01 -2.2708495e+01 -2.2704010e+01 -2.2622624e+01 -2.2593349e+01 -2.2587213e+01 -8.5207964e-01 -7.5124400e-01 -6.5108760e-01 -4.9197011e-01 +1.0145236e+00 +1.0866442e+00 +2.3056030e+00 +4.5468020e+00 +4.7381241e+00 +5.0630378e+00 +5.1411142e+00 
-4.2574103e+01 -4.2571681e+01 -2.2803602e+01 -2.2708473e+01 -2.2704437e+01 -2.2613800e+01 -2.2596853e+01 -2.2595775e+01 -7.9496557e-01 -7.5104192e-01 -6.9380313e-01 -4.8123928e-01 +1.0261937e+00 +1.0642737e+00 +2.3175190e+00 +4.5904001e+00 +4.6942779e+00 +5.0592289e+00 +5.1488569e+00 
-4.2573281e+01 -4.2572438e+01 -2.2803212e+01 -2.2706972e+01 -2.2706074e+01 -2.2604797e+01 -2.2604687e+01 -2.2598008e+01 -7.5106425e-01 -7.4205749e-01 -7.4169452e-01 -4.7779267e-01 +1.0433305e+00 +1.0435357e+00 +2.3219177e+00 +4.6420431e+00 +4.6432073e+00 +5.0580132e+00 +5.1820090e+00 
-4.2574138e+01 -4.2571651e+01 -2.2803499e+01 -2.2709981e+01 -2.2702900e+01 -2.2614097e+01 -2.2596934e+01 -2.2595483e+01 -7.9622803e-01 -7.5089420e-01 -6.9305693e-01 -4.8067984e-01 +1.0245151e+00 +1.0659925e+00 +2.3169442e+00 +4.5843511e+00 +4.6983621e+00 +5.0591398e+00 +5.1477964e+00 
-4.2575412e+01 -4.2570595e+01 -2.2804124e+01 -2.2714390e+01 -2.2697899e+01 -2.2623816e+01 -2.2593950e+01 -2.2586067e+01 -8.5837680e-01 -7.5006723e-01 -6.4860868e-01 -4.8782543e-01 +1.0079344e+00 +1.0935488e+00 +2.3011245e+00 +4.5208465e+00 +4.7473281e+00 +5.0623264e+00 +5.1443251e+00 
-4.2576822e+01 -4.2569565e+01 -2.2804736e+01 -2.2719342e+01 -2.2691753e+01 -2.2633889e+01 -2.2589448e+01 -2.2576520e+01 -9.2981039e-01 -7.4809967e-01 -6.0850882e-01 -4.9672601e-01 +9.9405845e-01 +1.1257750e+00 +2.2736337e+00 +4.4532082e+00 +4.7768125e+00 +5.0672708e+00 +5.1850250e+00 
-4.2578355e+01 -4.2568589e+01 -2.2805022e+01 -2.2724395e+01 -2.2684735e+01 -2.2644297e+01 -2.2583798e+01 -2.2566875e+01 -1.0115437e+00 -7.4450723e-01 -5.7265558e-01 -5.0499364e-01 +9.8324989e-01 +1.1622791e+00 +2.2344432e+00 +4.3822554e+00 +4.7833942e+00 +5.0736566e+00 +5.2720189e+00 
-4.2580009e+01 -4.2567678e+01 -2.2804722e+01 -2.2729190e+01 -2.2677066e+01 -2.2655019e+01 -2.2577306e+01 -2.2557166e+01 -1.1038849e+00 -7.3882242e-01 -5.4091700e-01 -5.1071300e-01 +9.7583932e-01 +1.2026250e+00 +2.1842926e+00 +4.3085977e+00 +4.7740042e+00 +5.0811600e+00 +5.3957041e+00 
-4.2581785e+01 -4.2566839e+01 -2.2803634e+01 -2.2733450e+01 -2.2668923e+01 -2.2666033e+01 -2.2570208e+01 -2.2547424e+01 -1.2064446e+00 -7.3060773e-01 -5.1318924e-01 -5.1254333e-01 +9.7211977e-01 +1.2463447e+00 +2.1245313e+00 +4.2327197e+00 +4.7546843e+00 +5.0894537e+00 +5.5463065e+00 
-4.2583681e+01 -4.2566077e+01 -2.2801606e+01 -2.2736963e+01 -2.2677312e+01 -2.2660444e+01 -2.2562687e+01 -2.2537683e+01 -1.3183182e+00 -7.1946495e-01 -5.0968669e-01 -4.8939497e-01 +9.7234548e-01 +1.2929537e+00 +2.0569211e+00 +4.1550355e+00 +4.7271891e+00 +5.0982125e+00 +5.6195177e+00 
-4.2585692e+01 -4.2565397e+01 -2.2798527e+01 -2.2739574e+01 -2.2688829e+01 -2.2651738e+01 -2.2554879e+01 -2.2527974e+01 -1.4383181e+00 -7.0504081e-01 -5.0164917e-01 -4.6961263e-01 +9.7673337e-01 +1.3419656e+00 +1.9834647e+00 +4.0759182e+00 +4.6906604e+00 +5.1071159e+00 +5.5731159e+00 
-4.2587812e+01 -4.2564799e+01 -2.2794319e+01 -2.2741170e+01 -2.2700552e+01 -2.2642895e+01 -2.2546894e+01 -2.2518326e+01 -1.5651665e+00 -6.8702985e-01 -4.8819768e-01 -4.5401533e-01 +9.8546551e-01 +1.3929030e+00 +1.9062858e+00 +3.9957136e+00 +4.6432033e+00 +5.1158514e+00 +5.4947756e+00 
-4.2590033e+01 -4.2564284e+01 -2.2788934e+01 -2.2741675e+01 -2.2712452e+01 -2.2633987e+01 -2.2538817e+01 -2.2508770e+01 -1.6976175e+00 -6.6517515e-01 -4.6921649e-01 -4.4293852e-01 +9.9869162e-01 +1.4453040e+00 +1.8275667e+00 +3.9147463e+00 +4.5828110e+00 +5.1241167e+00 +5.3941252e+00 
-4.2592343e+01 -4.2563854e+01 -2.2782345e+01 -2.2741039e+01 -2.2724493e+01 -2.2625073e+01 -2.2530717e+01 -2.2499332e+01 -1.8345091e+00 -6.3926774e-01 -4.4465944e-01 -4.3687197e-01 +1.0165307e+00 +1.4987275e+00 +1.7495261e+00 +3.8333230e+00 +4.5079226e+00 +5.1316217e+00 +5.2776118e+00 
-4.2594736e+01 -4.2563512e+01 -2.2774548e+01 -2.2739236e+01 -2.2736640e+01 -2.2616202e+01 -2.2522651e+01 -2.2490038e+01 -1.9747692e+00 -6.0914516e-01 -4.3644460e-01 -4.1451906e-01 +1.0390720e+00 +1.5527565e+00 +1.6743979e+00 +3.7517352e+00 +4.4177731e+00 +5.1380905e+00 +5.1493873e+00 
-4.2597203e+01 -4.2563262e+01 -2.2765561e+01 -2.2748858e+01 -2.2736259e+01 -2.2607414e+01 -2.2514668e+01 -2.2480914e+01 -2.1174023e+00 -5.7468997e-01 -4.4238949e-01 -3.7881818e-01 +1.0663750e+00 +1.6043790e+00 +1.6070011e+00 +3.6702614e+00 +4.3125746e+00 +5.0122662e+00 +5.1432622e+00 
-4.2599736e+01 -4.2563105e+01 -2.2761108e+01 -2.2755419e+01 -2.2732114e+01 -2.2598739e+01 -2.2506811e+01 -2.2471982e+01 -2.2614777e+00 -5.3582849e-01 -4.5549632e-01 -3.3760352e-01 +1.0984686e+00 +1.5415450e+00 +1.6611012e+00 +3.5891687e+00 +4.1935157e+00 +4.8683587e+00 +5.1468931e+00 
-4.2602327e+01 -4.2563039e+01 -2.2773353e+01 -2.2744177e+01 -2.2726829e+01 -2.2590205e+01 -2.2499114e+01 -2.2463263e+01 -2.4061256e+00 -4.9253028e-01 -4.7652579e-01 -2.9094940e-01 +1.1353504e+00 +1.4877514e+00 +1.7147296e+00 +3.5087112e+00 +4.0625778e+00 +4.7194367e+00 +5.1487580e+00 
-4.2604964e+01 -4.2563061e+01 -2.2785551e+01 -2.2731908e+01 -2.2720443e+01 -2.2581830e+01 -2.2491611e+01 -2.2454778e+01 -2.5505375e+00 -5.0609735e-01 -4.4480881e-01 -2.3895902e-01 +1.1769851e+00 +1.4445304e+00 +1.7675947e+00 +3.4291288e+00 +3.9222376e+00 +4.5671133e+00 +5.1486518e+00 
-4.2607636e+01 -4.2563165e+01 -2.2797664e+01 -2.2718703e+01 -2.2713010e+01 -2.2573628e+01 -2.2484329e+01 -2.2446545e+01 -2.6939644e+00 -5.4456875e-01 -3.9272359e-01 -1.8176652e-01 +1.2233024e+00 +1.4129918e+00 +1.8194431e+00 +3.3506443e+00 +3.7751556e+00 +4.4129052e+00 +5.1463911e+00 
-4.2610332e+01 -4.2563345e+01 -2.2809650e+01 -2.2704918e+01 -2.2704347e+01 -2.2565608e+01 -2.2477294e+01 -2.2438581e+01 -2.8357104e+00 -5.9194224e-01 -3.3638402e-01 -1.1953923e-01 +1.2741959e+00 +1.3937509e+00 +1.8700623e+00 +3.2734609e+00 +3.6239237e+00 +4.2582351e+00 +5.1418162e+00 
-4.2613036e+01 -4.2563595e+01 -2.2821468e+01 -2.2695346e+01 -2.2689863e+01 -2.2557769e+01 -2.2470528e+01 -2.2430902e+01 -2.9751222e+00 -6.4782763e-01 -2.7595487e-01 -5.2480240e-02 +1.3295206e+00 +1.3869058e+00 +1.9192832e+00 +3.1977614e+00 +3.4709002e+00 +4.1044148e+00 +5.1347925e+00 
-4.2615736e+01 -4.2563908e+01 -2.2833076e+01 -2.2685246e+01 -2.2674531e+01 -2.2550102e+01 -2.2464050e+01 -2.2423522e+01 -3.1115745e+00 -7.1147306e-01 -2.1166228e-01 +1.9169365e-02 +1.3890913e+00 +1.3920736e+00 +1.9669812e+00 +3.1237067e+00 +3.3181232e+00 +3.9526273e+00 +5.1252118e+00 
-4.2618420e+01 -4.2564278e+01 -2.2844434e+01 -2.2674451e+01 -2.2658772e+01 -2.2542590e+01 -2.2457876e+01 -2.2416453e+01 -3.2444522e+00 -7.8185048e-01 -1.4379872e-01 +9.5129690e-02 +1.4084719e+00 +1.4526807e+00 +2.0130785e+00 +3.0514356e+00 +3.1672908e+00 +3.8039177e+00 +5.1129926e+00 
-4.2621074e+01 -4.2564696e+01 -2.2855499e+01 -2.2663069e+01 -2.2642766e+01 -2.2535199e+01 -2.2452023e+01 -2.2409707e+01 -3.3731308e+00 -8.5776358e-01 -7.2724079e-02 +1.7508359e-01 +1.4350241e+00 +1.5200168e+00 +2.0575449e+00 +2.9810657e+00 +3.0197932e+00 +3.6591907e+00 +5.0980812e+00 
-4.2623686e+01 -4.2565156e+01 -2.2866231e+01 -2.2651214e+01 -2.2626713e+01 -2.2527882e+01 -2.2446502e+01 -2.2403294e+01 -3.4969595e+00 -9.3794001e-01 +1.1385893e-03 +2.5868105e-01 +1.4704685e+00 +1.5907786e+00 +2.1003996e+00 +2.8767823e+00 +2.9126951e+00 +3.5192128e+00 +5.0804518e+00 
-4.2626240e+01 -4.2565651e+01 -2.2876591e+01 -2.2639012e+01 -2.2610838e+01 -2.2520564e+01 -2.2441324e+01 -2.2397223e+01 -3.6152543e+00 -1.0210825e+00 +7.7312035e-02 +3.4554539e-01 +1.5134652e+00 +1.6645893e+00 +2.1417119e+00 +2.7392575e+00 +2.8464024e+00 +3.3846178e+00 +5.0601087e+00 
-4.2628725e+01 -4.2566171e+01 -2.2886538e+01 -2.2626589e+01 -2.2595401e+01 -2.2513147e+01 -2.2436499e+01 -2.2391500e+01 -3.7273202e+00 -1.1058850e+00 +1.5527367e-01 +4.3527887e-01 +1.5626851e+00 +1.7410060e+00 +2.1816015e+00 +2.6081202e+00 +2.7822521e+00 +3.2559122e+00 +5.0370929e+00 
-4.2631125e+01 -4.2566709e+01 -2.2896036e+01 -2.2614076e+01 -2.2580692e+01 -2.2505498e+01 -2.2432034e+01 -2.2386131e+01 -3.8325308e+00 -1.1910462e+00 +2.3445803e-01 +5.2746371e-01 +1.6168564e+00 +1.8195084e+00 +2.2202351e+00 +2.4841829e+00 +2.7202928e+00 +3.1334844e+00 +5.0114929e+00 
-4.2633429e+01 -4.2567255e+01 -2.2905048e+01 -2.2601608e+01 -2.2567021e+01 -2.2497470e+01 -2.2427934e+01 -2.2381122e+01 -3.9304908e+00 -1.2753070e+00 +3.1424905e-01 +6.2165376e-01 +1.6747464e+00 +1.8994898e+00 +2.2578187e+00 +2.3681448e+00 +2.6605540e+00 +3.0176184e+00 +4.9834589e+00 
-4.2635626e+01 -4.2567801e+01 -2.2913539e+01 -2.2589319e+01 -2.2554680e+01 -2.2488929e+01 -2.2424204e+01 -2.2376475e+01 -4.0212475e+00 -1.3574979e+00 +3.9396394e-01 +7.1735287e-01 +1.7350835e+00 +1.9802521e+00 +2.2606014e+00 +2.2945836e+00 +2.6030339e+00 +2.9085186e+00 +4.9532174e+00 
-4.2637701e+01 -4.2568339e+01 -2.2921477e+01 -2.2577341e+01 -2.2543886e+01 -2.2479820e+01 -2.2420846e+01 -2.2372194e+01 -4.1053898e+00 -1.4365697e+00 +4.7283520e-01 +8.1398399e-01 +1.7963842e+00 +2.0610015e+00 +2.1621823e+00 +2.3307647e+00 +2.5476796e+00 +2.8063504e+00 +4.9210850e+00 
-4.2639642e+01 -4.2568862e+01 -2.2928832e+01 -2.2565807e+01 -2.2534714e+01 -2.2470221e+01 -2.2417858e+01 -2.2368282e+01 -4.1838092e+00 -1.5115980e+00 +5.4999833e-01 +9.1086731e-01 +1.8563045e+00 +2.0742121e+00 +2.1408436e+00 +2.3665701e+00 +2.4943594e+00 +2.7112949e+00 +4.8874804e+00 
-4.2641436e+01 -4.2569362e+01 -2.2935574e+01 -2.2554847e+01 -2.2527089e+01 -2.2460355e+01 -2.2415239e+01 -2.2364739e+01 -4.2571451e+00 -1.5817715e+00 +6.2449050e-01 +1.0072276e+00 +1.9060868e+00 +2.0043013e+00 +2.2187776e+00 +2.4021390e+00 +2.4428199e+00 +2.6236213e+00 +4.8529365e+00 
-4.2643070e+01 -4.2569832e+01 -2.2941679e+01 -2.2544588e+01 -2.2520835e+01 -2.2450543e+01 -2.2412982e+01 -2.2361568e+01 -4.3253407e+00 -1.6463776e+00 +6.9526293e-01 +1.1022231e+00 +1.8942763e+00 +2.0026729e+00 +2.2936921e+00 +2.3926017e+00 +2.4374887e+00 +2.5437975e+00 +4.8181112e+00 
-4.2644535e+01 -4.2570266e+01 -2.2947121e+01 -2.2535153e+01 -2.2515744e+01 -2.2441123e+01 -2.2411078e+01 -2.2358769e+01 -4.3876747e+00 -1.7047902e+00 +7.6120723e-01 +1.1949598e+00 +1.8389130e+00 +2.0500116e+00 +2.3429141e+00 +2.3643685e+00 +2.4724488e+00 +2.4726472e+00 +4.7837930e+00 
-4.2645821e+01 -4.2570656e+01 -2.2951882e+01 -2.2526664e+01 -2.2511627e+01 -2.2432402e+01 -2.2409511e+01 -2.2356343e+01 -4.4431328e+00 -1.7564633e+00 +8.2119419e-01 +1.2844571e+00 +1.7855964e+00 +2.0994413e+00 +2.2926677e+00 +2.4113763e+00 +2.4294977e+00 +2.5065893e+00 +4.7508973e+00 
-4.2646920e+01 -4.2570997e+01 -2.2955941e+01 -2.2519236e+01 -2.2508337e+01 -2.2424638e+01 -2.2408260e+01 -2.2354291e+01 -4.4907692e+00 -1.8009280e+00 +8.7412159e-01 +1.3695492e+00 +1.7395479e+00 +2.1445106e+00 +2.2411295e+00 +2.3610324e+00 +2.4877150e+00 +2.5391560e+00 +4.7204445e+00 
-4.2647826e+01 -4.2571282e+01 -2.2959284e+01 -2.2512977e+01 -2.2505762e+01 -2.2418035e+01 -2.2407299e+01 -2.2352611e+01 -4.5298984e+00 -1.8377938e+00 +9.1896571e-01 +1.4486893e+00 +1.7016303e+00 +2.1832269e+00 +2.1890225e+00 +2.3216226e+00 +2.5376581e+00 +2.5690379e+00 +4.6935157e+00 
-4.2648533e+01 -4.2571507e+01 -2.2961897e+01 -2.2507988e+01 -2.2503826e+01 -2.2412748e+01 -2.2406597e+01 -2.2351305e+01 -4.5601570e+00 -1.8667511e+00 +9.5483000e-01 +1.5195675e+00 +1.6720717e+00 +2.1388449e+00 +2.2143919e+00 +2.2922058e+00 +2.5780452e+00 +2.5948027e+00 +4.6711844e+00 
-4.2649038e+01 -4.2571669e+01 -2.2963771e+01 -2.2504355e+01 -2.2502475e+01 -2.2408894e+01 -2.2406124e+01 -2.2350373e+01 -4.5814977e+00 -1.8875739e+00 +9.8098480e-01 +1.5784132e+00 +1.6509422e+00 +2.0947185e+00 +2.2371766e+00 +2.2717794e+00 +2.6077640e+00 +2.6148386e+00 +4.6544281e+00 
-4.2649341e+01 -4.2571766e+01 -2.2964898e+01 -2.2502146e+01 -2.2501677e+01 -2.2406550e+01 -2.2405853e+01 -2.2349813e+01 -4.5941160e+00 -1.9001171e+00 +9.9689481e-01 +1.6191350e+00 +1.6382619e+00 +2.0628529e+00 +2.2510415e+00 +2.2597168e+00 +2.6259560e+00 +2.6276137e+00 +4.6440329e+00 
-4.2649441e+01 -4.2571798e+01 -2.2965274e+01 -2.2501413e+01 -2.2501405e+01 -2.2405764e+01 -2.2405764e+01 -2.2349627e+01 -4.5982805e+00 -1.9043057e+00 +1.0022345e+00 +1.6340351e+00 +1.6340527e+00 +2.0508972e+00 +2.2556934e+00 +2.2557235e+00 +2.6320094e+00 +2.6320814e+00 +4.6404197e+00 
-4.2649310e+01 -4.2571931e+01 -2.2964284e+01 -2.2501251e+01 -2.2501243e+01 -2.2405928e+01 -2.2405928e+01 -2.2350746e+01 -4.5930676e+00 -1.9070263e+00 +9.9676745e-01 +1.6300792e+00 +1.6300968e+00 +2.0463759e+00 +2.2511990e+00 +2.2512291e+00 +2.6411329e+00 +2.6412048e+00 +4.6429622e+00 
-4.2648917e+01 -4.2572331e+01 -2.2961319e+01 -2.2500768e+01 -2.2500759e+01 -2.2406419e+01 -2.2406418e+01 -2.2354096e+01 -4.5776076e+00 -1.9153020e+00 +9.8079150e-01 +1.6187418e+00 +1.6187591e+00 +2.0328660e+00 +2.2378936e+00 +2.2379239e+00 +2.6679469e+00 +2.6680186e+00 +4.6503071e+00 
-4.2648264e+01 -4.2572995e+01 -2.2956397e+01 -2.2499965e+01 -2.2499957e+01 -2.2407233e+01 -2.2407232e+01 -2.2359648e+01 -4.5524103e+00 -1.9294671e+00 +9.5554124e-01 +1.6014293e+00 +1.6014462e+00 +2.0105292e+00 +2.2162892e+00 +2.2163196e+00 +2.7109653e+00 +2.7110368e+00 +4.6616343e+00 
-4.2647354e+01 -4.2573918e+01 -2.2949545e+01 -2.2498849e+01 -2.2498841e+01 -2.2408365e+01 -2.2408364e+01 -2.2367356e+01 -4.5182213e+00 -1.9500509e+00 +9.2294450e-01 +1.5800048e+00 +1.5800209e+00 +1.9796338e+00 +2.1871747e+00 +2.1872054e+00 +2.7681904e+00 +2.7682616e+00 +4.6756640e+00 
-4.2646192e+01 -4.2575095e+01 -2.2940802e+01 -2.2497426e+01 -2.2497418e+01 -2.2409806e+01 -2.2409805e+01 -2.2377158e+01 -4.4758423e+00 -1.9777349e+00 +8.8544923e-01 +1.5563780e+00 +1.5563930e+00 +1.9405577e+00 +2.1515378e+00 +2.1515686e+00 +2.8375191e+00 +2.8375900e+00 +4.6907700e+00 
-4.2644786e+01 -4.2576519e+01 -2.2930219e+01 -2.2495706e+01 -2.2495698e+01 -2.2411547e+01 -2.2411545e+01 -2.2388973e+01 -4.4259231e+00 -2.0132873e+00 +8.4581653e-01 +1.5322525e+00 +1.5322662e+00 +1.8937970e+00 +2.1104814e+00 +2.1105122e+00 +2.9169900e+00 +2.9170605e+00 +4.7051095e+00 
-4.2643145e+01 -4.2578180e+01 -2.2917856e+01 -2.2493699e+01 -2.2493691e+01 -2.2413574e+01 -2.2413573e+01 -2.2402706e+01 -4.3688461e+00 -2.0574782e+00 +8.0690236e-01 +1.5090303e+00 +1.5090425e+00 +1.8399742e+00 +2.0651508e+00 +2.0651816e+00 +3.0048711e+00 +3.0049411e+00 +4.7167549e+00 
-4.2641282e+01 -4.2580066e+01 -2.2903785e+01 -2.2491418e+01 -2.2491410e+01 -2.2418246e+01 -2.2415874e+01 -2.2415873e+01 -4.3047819e+00 -2.1109785e+00 +7.7144756e-01 +1.4878129e+00 +1.4878233e+00 +1.7798359e+00 +2.0166770e+00 +2.0167075e+00 +3.0996472e+00 +3.0997166e+00 +4.7238155e+00 
-4.2639210e+01 -4.2582166e+01 -2.2888088e+01 -2.2488878e+01 -2.2488870e+01 -2.2435468e+01 -2.2418431e+01 -2.2418429e+01 -4.2338678e+00 -2.1742552e+00 +7.4189393e-01 +1.4694439e+00 +1.4694523e+00 +1.7142365e+00 +1.9661371e+00 +1.9661671e+00 +3.1999636e+00 +3.2000323e+00 +4.7245468e+00 
-4.2636947e+01 -4.2584462e+01 -2.2870857e+01 -2.2486094e+01 -2.2486087e+01 -2.2454237e+01 -2.2421226e+01 -2.2421224e+01 -4.1563691e+00 -2.2474806e+00 +7.2024244e-01 +1.4545599e+00 +1.4545662e+00 +1.6441091e+00 +1.9145311e+00 +1.9145605e+00 +3.3045602e+00 +3.3046278e+00 +4.7174439e+00 
-4.2634508e+01 -4.2586935e+01 -2.2852196e+01 -2.2483085e+01 -2.2483078e+01 -2.2474404e+01 -2.2424239e+01 -2.2424237e+01 -4.0727077e+00 -2.3304717e+00 +7.0796651e-01 +1.4436354e+00 +1.4436395e+00 +1.5704256e+00 +1.8627690e+00 +1.8627974e+00 +3.4122114e+00 +3.4122776e+00 +4.7013216e+00 
-4.2631912e+01 -4.2589564e+01 -2.2832215e+01 -2.2495815e+01 -2.2479868e+01 -2.2479862e+01 -2.2427449e+01 -2.2427447e+01 -3.9833371e+00 -2.4226719e+00 +7.0598600e-01 +1.4370181e+00 +1.4370199e+00 +1.4941548e+00 +1.8116661e+00 +1.8116934e+00 +3.5216826e+00 +3.5217469e+00 +4.6753808e+00 
-4.2629171e+01 -4.2592327e+01 -2.2811036e+01 -2.2518310e+01 -2.2476465e+01 -2.2476459e+01 -2.2430833e+01 -2.2430830e+01 -3.8885853e+00 -2.5231767e+00 +7.1469669e-01 +1.4162366e+00 +1.4349537e+00 +1.4349543e+00 +1.7619441e+00 +1.7619701e+00 +3.6317062e+00 +3.6317683e+00 +4.6392575e+00 
-4.2626303e+01 -4.2595207e+01 -2.2788789e+01 -2.2541728e+01 -2.2472897e+01 -2.2472891e+01 -2.2434367e+01 -2.2434364e+01 -3.7886423e+00 -2.6307923e+00 +7.3404036e-01 +1.3375910e+00 +1.4376044e+00 +1.4376074e+00 +1.7142349e+00 +1.7142595e+00 +3.7409892e+00 +3.7410485e+00 +4.5930452e+00 
-4.2623326e+01 -4.2598188e+01 -2.2765613e+01 -2.2565901e+01 -2.2469187e+01 -2.2469182e+01 -2.2438028e+01 -2.2438025e+01 -3.6837095e+00 -2.7441155e+00 +7.6359569e-01 +1.2591525e+00 +1.4450643e+00 +1.4450697e+00 +1.6690875e+00 +1.6691103e+00 +3.8482569e+00 +3.8483128e+00 +4.5372668e+00 
-4.2620260e+01 -4.2601251e+01 -2.2741657e+01 -2.2590659e+01 -2.2465364e+01 -2.2465358e+01 -2.2441792e+01 -2.2441789e+01 -3.5741453e+00 -2.8616212e+00 +8.0267122e-01 +1.1818979e+00 +1.4573623e+00 +1.4573701e+00 +1.6269762e+00 +1.6269972e+00 +3.9523407e+00 +3.9523927e+00 +4.4728106e+00 
-4.2617130e+01 -4.2604377e+01 -2.2717074e+01 -2.2615827e+01 -2.2461457e+01 -2.2461452e+01 -2.2445637e+01 -2.2445633e+01 -3.4605011e+00 -2.9817510e+00 +8.5038802e-01 +1.1068527e+00 +1.4744677e+00 +1.4744778e+00 +1.5883110e+00 +1.5883300e+00 +4.0522908e+00 +4.0523382e+00 +4.4007343e+00 
-4.2613961e+01 -4.2607542e+01 -2.2692029e+01 -2.2641230e+01 -2.2457508e+01 -2.2457503e+01 -2.2449539e+01 -2.2449535e+01 -3.3434928e+00 -3.1029977e+00 +9.0574655e-01 +1.0350822e+00 +1.4962903e+00 +1.4963028e+00 +1.5534474e+00 +1.5534644e+00 +4.1474586e+00 +4.1475008e+00 +4.3220393e+00 
-4.2611050e+01 -4.2610452e+01 -2.2666719e+01 -2.2666659e+01 -2.2453914e+01 -2.2453910e+01 -2.2453115e+01 -2.2453110e+01 -3.2245386e+00 -3.2234254e+00 +9.6750927e-01 +9.6784725e-01 +1.5222986e+00 +1.5223134e+00 +1.5230747e+00 +1.5230894e+00 +4.2373804e+00 +4.2374168e+00 +4.2375568e+00 
-4.2610984e+01 -4.2610388e+01 -2.2666947e+01 -2.2666884e+01 -2.2454315e+01 -2.2454092e+01 -2.2453514e+01 -2.2453289e+01 -3.2209721e+00 -3.2198810e+00 +9.6287923e-01 +9.6320356e-01 +1.5216053e+00 +1.5223685e+00 +1.5254581e+00 +1.5262303e+00 +4.2367079e+00 +4.2368776e+00 +4.2386678e+00 
-4.2610784e+01 -4.2610196e+01 -2.2667637e+01 -2.2667565e+01 -2.2455515e+01 -2.2454710e+01 -2.2454626e+01 -2.2453813e+01 -3.2102390e+00 -3.2092106e+00 +9.4924086e-01 +9.4952870e-01 +1.5193743e+00 +1.5201021e+00 +1.5348818e+00 +1.5356424e+00 +4.2346728e+00 +4.2348225e+00 +4.2422764e+00 
-4.2610451e+01 -4.2609874e+01 -2.2668809e+01 -2.2668722e+01 -2.2457465e+01 -2.2456661e+01 -2.2455510e+01 -2.2454682e+01 -3.1922734e+00 -3.1913389e+00 +9.2728414e-01 +9.2752347e-01 +1.5152383e+00 +1.5159157e+00 +1.5505162e+00 +1.5512564e+00 +4.2313146e+00 +4.2314331e+00 +4.2478285e+00 
-4.2609988e+01 -4.2609424e+01 -2.2670498e+01 -2.2670392e+01 -2.2460099e+01 -2.2459304e+01 -2.2456733e+01 -2.2455886e+01 -3.1670465e+00 -3.1662262e+00 +8.9798405e-01 +8.9817462e-01 +1.5087161e+00 +1.5093364e+00 +1.5722515e+00 +1.5729613e+00 +4.2266936e+00 +4.2267720e+00 +4.2549127e+00 
-4.2609396e+01 -4.2608848e+01 -2.2672748e+01 -2.2672619e+01 -2.2463329e+01 -2.2462550e+01 -2.2458282e+01 -2.2457416e+01 -3.1346193e+00 -3.1339253e+00 +8.6244093e-01 +8.6259120e-01 +1.4993510e+00 +1.4999131e+00 +1.5999297e+00 +1.6005975e+00 +4.2209112e+00 +4.2209441e+00 +4.2632834e+00 
-4.2608683e+01 -4.2608148e+01 -2.2675616e+01 -2.2675463e+01 -2.2467047e+01 -2.2466294e+01 -2.2460142e+01 -2.2459257e+01 -3.0951608e+00 -3.0946000e+00 +8.2176658e-01 +8.2188957e-01 +1.4868148e+00 +1.4873206e+00 +1.6333402e+00 +1.6339532e+00 +4.2141092e+00 +4.2141232e+00 +4.2729005e+00 
-4.2607854e+01 -4.2607329e+01 -2.2679166e+01 -2.2678988e+01 -2.2471131e+01 -2.2470408e+01 -2.2462293e+01 -2.2461393e+01 -3.0489446e+00 -3.0485211e+00 +7.7702353e-01 +7.7713306e-01 +1.4709678e+00 +1.4714203e+00 +1.6722135e+00 +1.6727583e+00 +4.2064951e+00 +4.2065535e+00 +4.2838720e+00 
-4.2606915e+01 -4.2606398e+01 -2.2683466e+01 -2.2683263e+01 -2.2475444e+01 -2.2474755e+01 -2.2464718e+01 -2.2463808e+01 -2.9963411e+00 -2.9960574e+00 +7.2920226e-01 +7.2931004e-01 +1.4518770e+00 +1.4522806e+00 +1.7162147e+00 +1.7166782e+00 +4.1984086e+00 +4.1985045e+00 +4.2963674e+00 
-4.2605876e+01 -4.2605361e+01 -2.2688580e+01 -2.2688354e+01 -2.2479847e+01 -2.2479192e+01 -2.2467394e+01 -2.2466480e+01 -2.9378129e+00 -2.9376694e+00 +6.7921939e-01 +6.7933263e-01 +1.4298064e+00 +1.4301682e+00 +1.7649357e+00 +1.7653067e+00 +4.1902424e+00 +4.1903650e+00 +4.3105465e+00 
-4.2604745e+01 -4.2604226e+01 -2.2694564e+01 -2.2694318e+01 -2.2484200e+01 -2.2483577e+01 -2.2470298e+01 -2.2469387e+01 -2.8739164e+00 -2.8739100e+00 +6.2792430e-01 +6.2804373e-01 +1.4051876e+00 +1.4055195e+00 +1.8178885e+00 +1.8181588e+00 +4.1824792e+00 +4.1826140e+00 +4.3265162e+00 
-4.2603531e+01 -4.2603003e+01 -2.2701458e+01 -2.2701194e+01 -2.2488373e+01 -2.2487778e+01 -2.2473407e+01 -2.2472507e+01 -2.8054278e+00 -2.8053064e+00 +5.7610597e-01 +5.7622448e-01 +1.3785823e+00 +1.3789038e+00 +1.8744999e+00 +1.8746652e+00 +4.1756915e+00 +4.1758206e+00 +4.3443126e+00 
-4.2602245e+01 -4.2601702e+01 -2.2709275e+01 -2.2708996e+01 -2.2492258e+01 -2.2491686e+01 -2.2476694e+01 -2.2475812e+01 -2.7329712e+00 -2.7327397e+00 +5.2449530e-01 +5.2459758e-01 +1.3506430e+00 +1.3509820e+00 +1.9341086e+00 +1.9341693e+00 +4.1705385e+00 +4.1706411e+00 +4.3639022e+00 
-4.2600896e+01 -4.2600336e+01 -2.2718003e+01 -2.2717708e+01 -2.2495768e+01 -2.2495213e+01 -2.2480135e+01 -2.2479277e+01 -2.6573857e+00 -2.6570723e+00 +4.7376027e-01 +4.7382470e-01 +1.3220793e+00 +1.3224710e+00 +1.9959263e+00 +1.9959655e+00 +4.1677584e+00 +4.1678115e+00 +4.3851935e+00 
-4.2599494e+01 -4.2598915e+01 -2.2727598e+01 -2.2727284e+01 -2.2498844e+01 -2.2498304e+01 -2.2483702e+01 -2.2482871e+01 -2.5795980e+00 -2.5792395e+00 +4.2449627e-01 +4.2449969e-01 +1.2936346e+00 +1.2941156e+00 +2.0591072e+00 +2.0592381e+00 +4.1681356e+00 +4.1681568e+00 +4.4080585e+00 
-4.2598049e+01 -4.2597452e+01 -2.2737982e+01 -2.2737646e+01 -2.2501458e+01 -2.2500932e+01 -2.2487366e+01 -2.2486566e+01 -2.5005818e+00 -2.5002175e+00 +3.7714475e-01 +3.7721975e-01 +1.2660778e+00 +1.2666755e+00 +2.1228073e+00 +2.1230191e+00 +4.1724665e+00 +4.1725874e+00 +4.4323607e+00 
-4.2596571e+01 -4.2595958e+01 -2.2749053e+01 -2.2748689e+01 -2.2503604e+01 -2.2503093e+01 -2.2491099e+01 -2.2490331e+01 -2.4213179e+00 -2.4209803e+00 +3.3221778e-01 +3.3237568e-01 +1.2402031e+00 +1.2409246e+00 +2.1860620e+00 +2.1863428e+00 +4.1816790e+00 +4.1819248e+00 +4.4579895e+00 
-4.2595072e+01 -4.2594445e+01 -2.2760685e+01 -2.2760290e+01 -2.2505298e+01 -2.2504806e+01 -2.2494871e+01 -2.2494134e+01 -2.3427714e+00 -2.3424783e+00 +2.9012925e-01 +2.9035887e-01 +1.2168254e+00 +1.2176506e+00 +2.2478731e+00 +2.2482110e+00 +4.1966291e+00 +4.1970240e+00 +4.4848919e+00 
-4.2593563e+01 -4.2592922e+01 -2.2772737e+01 -2.2772312e+01 -2.2506569e+01 -2.2506101e+01 -2.2498653e+01 -2.2497945e+01 -2.2658982e+00 -2.2656515e+00 +2.5125249e-01 +2.5153054e-01 +1.1967560e+00 +1.1976411e+00 +2.3072480e+00 +2.3076311e+00 +4.2181006e+00 +4.2186664e+00 +4.5130949e+00 
-4.2592059e+01 -4.2591403e+01 -2.2785059e+01 -2.2784610e+01 -2.2507460e+01 -2.2507017e+01 -2.2502415e+01 -2.2501733e+01 -2.1916616e+00 -2.1914514e+00 +2.1591001e-01 +2.1620898e-01 +1.1807617e+00 +1.1816496e+00 +2.3632508e+00 +2.3636682e+00 +4.2467360e+00 +4.2474910e+00 +4.5427123e+00 
-4.2590573e+01 -4.2589901e+01 -2.2797500e+01 -2.2797032e+01 -2.2508016e+01 -2.2507598e+01 -2.2506126e+01 -2.2505467e+01 -2.1210227e+00 -2.1208356e+00 +1.8433793e-01 +1.8463377e-01 +1.1695175e+00 +1.1703510e+00 +2.4150637e+00 +2.4155043e+00 +4.2829587e+00 +4.2839167e+00 +4.5739399e+00 
-4.2589119e+01 -4.2588430e+01 -2.2809907e+01 -2.2809427e+01 -2.2509757e+01 -2.2509117e+01 -2.2508286e+01 -2.2507892e+01 -2.0548959e+00 -2.0547200e+00 +1.5664693e-01 +1.5692351e-01 +1.1635631e+00 +1.1642937e+00 +2.4620468e+00 +2.4624997e+00 +4.3268948e+00 +4.3280639e+00 +4.6070412e+00 
-4.2587710e+01 -4.2587002e+01 -2.2822136e+01 -2.2821647e+01 -2.2513280e+01 -2.2512654e+01 -2.2508319e+01 -2.2507947e+01 -1.9940801e+00 -1.9939085e+00 +1.3279804e-01 +1.3304800e-01 +1.1632598e+00 +1.1638528e+00 +2.5037866e+00 +2.5042403e+00 +4.3783073e+00 +4.3796884e+00 +4.6423256e+00 
-4.2586355e+01 -4.2585630e+01 -2.2834045e+01 -2.2833551e+01 -2.2516666e+01 -2.2516051e+01 -2.2508164e+01 -2.2507809e+01 -1.9391921e+00 -1.9390223e+00 +1.1260162e-01 +1.1282471e-01 +1.1687464e+00 +1.1691828e+00 +2.5401189e+00 +2.5405613e+00 +4.4365553e+00 +4.4381412e+00 +4.6801169e+00 
-4.2585066e+01 -4.2584326e+01 -2.2845502e+01 -2.2845005e+01 -2.2519887e+01 -2.2519279e+01 -2.2507863e+01 -2.2507522e+01 -1.8906167e+00 -1.8904496e+00 +9.5739567e-02 +9.5939963e-02 +1.1798953e+00 +1.1801711e+00 +2.5711218e+00 +2.5715406e+00 +4.5005863e+00 +4.5023601e+00 +4.7207113e+00 
-4.2583852e+01 -4.2583099e+01 -2.2856385e+01 -2.2855883e+01 -2.2522920e+01 -2.2522314e+01 -2.2507458e+01 -2.2507127e+01 -1.8484843e+00 -1.8483223e+00 +8.1806142e-02 +8.1989728e-02 +1.1962770e+00 +1.1964017e+00 +2.5970810e+00 +2.5974638e+00 +4.5689601e+00 +4.5708940e+00 +4.7643233e+00 
-4.2582724e+01 -4.2581961e+01 -2.2866580e+01 -2.2866070e+01 -2.2525739e+01 -2.2525132e+01 -2.2506985e+01 -2.2506661e+01 -1.8126785e+00 -1.8125236e+00 +7.0358673e-02 +7.0530981e-02 +1.2171398e+00 +1.2171454e+00 +2.6184361e+00 +2.6187708e+00 +4.6399006e+00 +4.6419542e+00 +4.8110151e+00 
-4.2581690e+01 -4.2580918e+01 -2.2875983e+01 -2.2875463e+01 -2.2528323e+01 -2.2527711e+01 -2.2506476e+01 -2.2506156e+01 -1.7828701e+00 -1.7827227e+00 +6.0967754e-02 +6.1132811e-02 +1.2413468e+00 +1.2414541e+00 +2.6357194e+00 +2.6359951e+00 +4.7113669e+00 +4.7134860e+00 +4.8606089e+00 
-4.2580757e+01 -4.2579979e+01 -2.2884500e+01 -2.2883969e+01 -2.2530652e+01 -2.2530031e+01 -2.2505961e+01 -2.2505642e+01 -1.7585699e+00 -1.7584284e+00 +5.3257188e-02 +5.3417226e-02 +1.2677295e+00 +1.2679058e+00 +2.6494992e+00 +2.6497061e+00 +4.7811409e+00 +4.7832580e+00 +4.9125786e+00 
-4.2579934e+01 -4.2579152e+01 -2.2892050e+01 -2.2891505e+01 -2.2532707e+01 -2.2532072e+01 -2.2505465e+01 -2.2505145e+01 -1.7391909e+00 -1.7390520e+00 +4.6927771e-02 +4.7083574e-02 +1.2948199e+00 +1.2950329e+00 +2.6603314e+00 +2.6604619e+00 +4.8469326e+00 +4.8489697e+00 +4.9659233e+00 
-4.2579226e+01 -4.2578441e+01 -2.2898561e+01 -2.2898001e+01 -2.2534472e+01 -2.2533819e+01 -2.2505009e+01 -2.2504687e+01 -1.7241095e+00 -1.7239688e+00 +4.1764127e-02 +4.1915670e-02 +1.3210753e+00 +1.3212962e+00 +2.6687223e+00 +2.6687712e+00 +4.9065070e+00 +4.9083833e+00 +5.0190370e+00 
-4.2578639e+01 -4.2577853e+01 -2.2903970e+01 -2.2903396e+01 -2.2535936e+01 -2.2535258e+01 -2.2504611e+01 -2.2504288e+01 -1.7127196e+00 -1.7125731e+00 +3.7627829e-02 +3.7774932e-02 +1.3449843e+00 +1.3451919e+00 +2.6750663e+00 +2.6751002e+00 +4.9578311e+00 +4.9594769e+00 +5.0695766e+00 
-4.2578178e+01 -4.2577391e+01 -2.2908230e+01 -2.2907643e+01 -2.2537085e+01 -2.2536379e+01 -2.2504286e+01 -2.2503961e+01 -1.7044762e+00 -1.7043212e+00 +3.4442019e-02 +3.4584812e-02 +1.3651682e+00 +1.3653506e+00 +2.6796839e+00 +2.6797960e+00 +4.9992243e+00 +5.0005997e+00 +5.1143507e+00 
-4.2577846e+01 -4.2577058e+01 -2.2911300e+01 -2.2910704e+01 -2.2537912e+01 -2.2537177e+01 -2.2504046e+01 -2.2503719e+01 -1.6989272e+00 -1.6987635e+00 +3.2172637e-02 +3.2311786e-02 +1.3804676e+00 +1.3806228e+00 +2.6828570e+00 +2.6830349e+00 +5.0294709e+00 +5.0305857e+00 +5.1500686e+00 
-4.2577645e+01 -4.2576858e+01 -2.2913153e+01 -2.2912551e+01 -2.2538411e+01 -2.2537653e+01 -2.2503899e+01 -2.2503571e+01 -1.6957360e+00 -1.6955658e+00 +3.0810326e-02 +3.0947034e-02 +1.3900089e+00 +1.3901437e+00 +2.6847209e+00 +2.6849434e+00 +5.0478400e+00 +5.0487639e+00 +5.1732718e+00 
-4.2577578e+01 -4.2576791e+01 -2.2913772e+01 -2.2913168e+01 -2.2538578e+01 -2.2537811e+01 -2.2503849e+01 -2.2503521e+01 -1.6946956e+00 -1.6945229e+00 +3.0355783e-02 +3.0491632e-02 +1.3932505e+00 +1.3933778e+00 +2.6853370e+00 +2.6855752e+00 +5.0539930e+00 +5.0548465e+00 +5.1813360e+00 
-4.2577552e+01 -4.2576769e+01 -2.2913473e+01 -2.2912871e+01 -2.2540471e+01 -2.2539719e+01 -2.2502552e+01 -2.2502209e+01 -1.6905035e+00 -1.6903276e+00 +3.2380470e-02 +3.2518873e-02 +1.3818610e+00 +1.3819552e+00 +2.6886079e+00 +2.6888005e+00 +5.0333987e+00 +5.0340947e+00 +5.2061145e+00 
-4.2577475e+01 -4.2576704e+01 -2.2912578e+01 -2.2911982e+01 -2.2545498e+01 -2.2544771e+01 -2.2499303e+01 -2.2498934e+01 -1.6779549e+00 -1.6777697e+00 +3.8418771e-02 +3.8564894e-02 +1.3485859e+00 +1.3485932e+00 +2.6975410e+00 +2.6976130e+00 +4.9935890e+00 +4.9941589e+00 +5.2582034e+00 
-4.2577349e+01 -4.2576597e+01 -2.2911096e+01 -2.2910508e+01 -2.2552574e+01 -2.2551863e+01 -2.2495159e+01 -2.2494772e+01 -1.6571345e+00 -1.6569356e+00 +4.8361584e-02 +4.8520676e-02 +1.2957106e+00 +1.2958135e+00 +2.7097561e+00 +2.7098392e+00 +4.9524208e+00 +4.9529354e+00 +5.3198921e+00 
-4.2577177e+01 -4.2576452e+01 -2.2909041e+01 -2.2908461e+01 -2.2560983e+01 -2.2560276e+01 -2.2490787e+01 -2.2490394e+01 -1.6281898e+00 -1.6279755e+00 +6.2020920e-02 +6.2198031e-02 +1.2265545e+00 +1.2267585e+00 +2.7223629e+00 +2.7225905e+00 +4.9147474e+00 +4.9152088e+00 +5.3864358e+00 
-4.2576965e+01 -4.2576271e+01 -2.2906432e+01 -2.2905861e+01 -2.2570336e+01 -2.2569627e+01 -2.2486510e+01 -2.2486122e+01 -1.5913355e+00 -1.5911071e+00 +7.9120220e-02 +7.9319538e-02 +1.1445308e+00 +1.1448034e+00 +2.7327686e+00 +2.7330965e+00 +4.8817893e+00 +4.8821739e+00 +5.4568720e+00 
-4.2576716e+01 -4.2576061e+01 -2.2903298e+01 -2.2902734e+01 -2.2580406e+01 -2.2579693e+01 -2.2482473e+01 -2.2482097e+01 -1.5468557e+00 -1.5466181e+00 +9.9279705e-02 +9.9503477e-02 +1.0527832e+00 +1.0530811e+00 +2.7390715e+00 +2.7394404e+00 +4.8533238e+00 +4.8536104e+00 +5.5312356e+00 
-4.2576438e+01 -4.2575828e+01 -2.2899672e+01 -2.2899115e+01 -2.2591033e+01 -2.2590318e+01 -2.2478739e+01 -2.2478380e+01 -1.4951043e+00 -1.4948660e+00 +1.2199477e-01 +1.2224186e-01 +9.5402843e-01 +9.5430852e-01 +2.7403857e+00 +2.7407376e+00 +4.8282172e+00 +4.8284004e+00 +5.6100383e+00 
-4.2576134e+01 -4.2575576e+01 -2.2895598e+01 -2.2895045e+01 -2.2602080e+01 -2.2601366e+01 -2.2475331e+01 -2.2474993e+01 -1.4365038e+00 -1.4362767e+00 +1.4660180e-01 +1.4686595e-01 +8.5056096e-01 +8.5078771e-01 +2.7368391e+00 +2.7371298e+00 +4.8047383e+00 +4.8048309e+00 +5.6939693e+00 
-4.2575812e+01 -4.2575312e+01 -2.2891130e+01 -2.2890580e+01 -2.2613412e+01 -2.2612704e+01 -2.2472254e+01 -2.2471935e+01 -1.3715434e+00 -1.3713412e+00 +1.7221342e-01 +1.7248125e-01 +7.4436319e-01 +7.4451332e-01 +2.7293997e+00 +2.7296057e+00 +4.7809071e+00 +4.7809348e+00 +5.7836540e+00 
-4.2575478e+01 -4.2575040e+01 -2.2886334e+01 -2.2885785e+01 -2.2624888e+01 -2.2624189e+01 -2.2469500e+01 -2.2469198e+01 -1.3007749e+00 -1.3006120e+00 +1.9755775e-01 +1.9780614e-01 +6.3734117e-01 +6.3740796e-01 +2.7196016e+00 +2.7197223e+00 +4.7548767e+00 +4.7548825e+00 +5.8794522e+00 
-4.2575137e+01 -4.2574767e+01 -2.2881289e+01 -2.2880741e+01 -2.2636352e+01 -2.2635662e+01 -2.2467061e+01 -2.2466770e+01 -1.2248065e+00 -1.2246948e+00 +2.2044296e-01 +2.2063264e-01 +5.3194874e-01 +5.3195083e-01 +2.7092319e+00 +2.7092881e+00 +4.7253127e+00 +4.7253221e+00 +5.9812668e+00 
-4.2574799e+01 -4.2574496e+01 -2.2876094e+01 -2.2875546e+01 -2.2647630e+01 -2.2646943e+01 -2.2464925e+01 -2.2464636e+01 -1.1442899e+00 -1.1442365e+00 +2.3537050e-01 +2.3541971e-01 +4.3367381e-01 +4.3368510e-01 +2.7000252e+00 +2.7000545e+00 +4.6916354e+00 +4.6916469e+00 +6.0883643e+00 
-4.2574470e+01 -4.2574231e+01 -2.2870872e+01 -2.2870321e+01 -2.2658522e+01 -2.2657831e+01 -2.2463080e+01 -2.2462785e+01 -1.0599082e+00 -1.0599028e+00 +2.2248614e-01 +2.2273775e-01 +3.6194412e-01 +3.6213324e-01 +2.6934077e+00 +2.6934567e+00 +4.6540881e+00 +4.6541379e+00 +6.1996694e+00 
-4.2574159e+01 -4.2573975e+01 -2.2865768e+01 -2.2865215e+01 -2.2668801e+01 -2.2668096e+01 -2.2461514e+01 -2.2461204e+01 -9.7238933e-01 -9.7233027e-01 +1.5603728e-01 +1.5647977e-01 +3.4259546e-01 +3.4287719e-01 +2.6903151e+00 +2.6904284e+00 +4.6137672e+00 +4.6138643e+00 +6.3132698e+00 
-4.2573875e+01 -4.2573734e+01 -2.2860958e+01 -2.2860402e+01 -2.2678209e+01 -2.2677481e+01 -2.2460215e+01 -2.2459886e+01 -8.8236059e-01 -8.8225603e-01 +6.2985637e-02 +6.3451325e-02 +3.4859002e-01 +3.4883309e-01 +2.6910806e+00 +2.6912908e+00 +4.5724587e+00 +4.5726041e+00 +6.4264434e+00 
-4.2573625e+01 -4.2573514e+01 -2.2856643e+01 -2.2856085e+01 -2.2686461e+01 -2.2685705e+01 -2.2459172e+01 -2.2458822e+01 -7.9051482e-01 -7.9037202e-01 -3.5421070e-02 -3.4972251e-02 +3.5849948e-01 +3.5870382e-01 +2.6953711e+00 +2.6956919e+00 +4.5324952e+00 +4.5326829e+00 +6.5354222e+00 
-4.2573417e+01 -4.2573325e+01 -2.2853040e+01 -2.2852479e+01 -2.2693259e+01 -2.2692476e+01 -2.2458376e+01 -2.2458006e+01 -6.9758973e-01 -6.9741234e-01 -1.3376314e-01 -1.3335009e-01 +3.6703359e-01 +3.6721558e-01 +2.7021595e+00 +2.7025844e+00 +4.4965955e+00 +4.4968148e+00 +6.6349772e+00 
-4.2573260e+01 -4.2573178e+01 -2.2850349e+01 -2.2849786e+01 -2.2698321e+01 -2.2697516e+01 -2.2457816e+01 -2.2457430e+01 -6.0445248e-01 -6.0423948e-01 -2.3027856e-01 -2.2991275e-01 +3.7287597e-01 +3.7304948e-01 +2.7097656e+00 +2.7102724e+00 +4.4676791e+00 +4.4679176e+00 +6.7178842e+00 
-4.2573160e+01 -4.2573083e+01 -2.2848717e+01 -2.2848152e+01 -2.2701426e+01 -2.2700606e+01 -2.2457486e+01 -2.2457090e+01 -5.1253240e-01 -5.1227686e-01 -3.2370621e-01 -3.2339486e-01 +3.7593947e-01 +3.7611268e-01 +2.7160214e+00 +2.7165782e+00 +4.4486099e+00 +4.4488564e+00 +6.7747486e+00 
-4.2573126e+01 -4.2573050e+01 -2.2848186e+01 -2.2847620e+01 -2.2702462e+01 -2.2701637e+01 -2.2457377e+01 -2.2456979e+01 -4.3968356e-01 -4.3934866e-01 -3.9684966e-01 -3.9662259e-01 +3.7676258e-01 +3.7693720e-01 +2.7185939e+00 +2.7191667e+00 +4.4418370e+00 +4.4420849e+00 +6.7955134e+00 
-4.2573163e+01 -4.2573086e+01 -2.2848664e+01 -2.2848099e+01 -2.2701460e+01 -2.2700639e+01 -2.2457483e+01 -2.2457088e+01 -5.1023213e-01 -5.0997065e-01 -3.2641343e-01 -3.2610775e-01 +3.7634606e-01 +3.7651687e-01 +2.7154322e+00 +2.7159912e+00 +4.4489528e+00 +4.4492014e+00 +6.7737577e+00 
-4.2573277e+01 -4.2573197e+01 -2.2849939e+01 -2.2849377e+01 -2.2698577e+01 -2.2697768e+01 -2.2457796e+01 -2.2457409e+01 -5.9579216e-01 -5.9555433e-01 -2.4223633e-01 -2.4189369e-01 +3.7615003e-01 +3.7630411e-01 +2.7052079e+00 +2.7057318e+00 +4.4702809e+00 +4.4705354e+00 +6.7108038e+00 
-4.2573475e+01 -4.2573389e+01 -2.2851718e+01 -2.2851161e+01 -2.2694061e+01 -2.2693269e+01 -2.2458307e+01 -2.2457934e+01 -6.7962449e-01 -6.7938584e-01 -1.6303327e-01 -1.6267800e-01 +3.7814001e-01 +3.7825514e-01 +2.6876058e+00 +2.6880828e+00 +4.5046320e+00 +4.5048995e+00 +6.6144402e+00 
-4.2573761e+01 -4.2573664e+01 -2.2853687e+01 -2.2853136e+01 -2.2688192e+01 -2.2687421e+01 -2.2459008e+01 -2.2458650e+01 -7.6130230e-01 -7.6103928e-01 -9.1831950e-02 -9.1500995e-02 +3.8484701e-01 +3.8489089e-01 +2.6633415e+00 +2.6637682e+00 +4.5493502e+00 +4.5496342e+00 +6.4940766e+00 
-4.2574139e+01 -4.2574025e+01 -2.2855545e+01 -2.2855003e+01 -2.2681244e+01 -2.2680494e+01 -2.2459888e+01 -2.2459547e+01 -8.4094475e-01 -8.4063485e-01 -3.1594356e-02 -3.1337459e-02 +3.9912480e-01 +3.9919005e-01 +2.6339447e+00 +2.6343233e+00 +4.6006323e+00 +4.6009263e+00 +6.3576419e+00 
-4.2574612e+01 -4.2574473e+01 -2.2857037e+01 -2.2856503e+01 -2.2673459e+01 -2.2672728e+01 -2.2460935e+01 -2.2460610e+01 -9.1880903e-01 -9.1843373e-01 +1.5172301e-02 +1.5307225e-02 +4.2345560e-01 +4.2365697e-01 +2.6014254e+00 +2.6017612e+00 +4.6540139e+00 +4.6542974e+00 +6.2110584e+00 
-4.2575181e+01 -4.2575009e+01 -2.2857954e+01 -2.2857428e+01 -2.2665041e+01 -2.2664328e+01 -2.2462138e+01 -2.2461824e+01 -9.9522437e-01 -9.9477297e-01 +4.7760964e-02 +4.7771384e-02 +4.5855274e-01 +4.5888351e-01 +2.5679479e+00 +2.5682475e+00 +4.7048873e+00 +4.7051270e+00 +6.0586014e+00 
-4.2575848e+01 -4.2575631e+01 -2.2858135e+01 -2.2857613e+01 -2.2656161e+01 -2.2655462e+01 -2.2463482e+01 -2.2463172e+01 -1.0705717e+00 -1.0700450e+00 +6.7900164e-02 +6.8047606e-02 +5.0253116e-01 +5.0294564e-01 +2.5355748e+00 +2.5358456e+00 +4.7489351e+00 +4.7490921e+00 +5.9038665e+00 
-4.2576613e+01 -4.2576340e+01 -2.2857459e+01 -2.2856941e+01 -2.2646956e+01 -2.2646268e+01 -2.2464951e+01 -2.2464638e+01 -1.1452742e+00 -1.1446866e+00 +7.9161569e-02 +7.9420770e-02 +5.5195500e-01 +5.5238733e-01 +2.5060859e+00 +2.5063354e+00 +4.7823746e+00 +4.7824177e+00 +5.7503840e+00 
-4.2577474e+01 -4.2577138e+01 -2.2855843e+01 -2.2855326e+01 -2.2637542e+01 -2.2636861e+01 -2.2466527e+01 -2.2466203e+01 -1.2197893e+00 -1.2191687e+00 +8.5013830e-02 +8.5358631e-02 +6.0342567e-01 +6.0381147e-01 +2.4808475e+00 +2.4810839e+00 +4.8018576e+00 +4.8019364e+00 +5.6015835e+00 
-4.2578428e+01 -4.2578026e+01 -2.2853234e+01 -2.2852719e+01 -2.2628014e+01 -2.2627334e+01 -2.2468188e+01 -2.2467845e+01 -1.2945939e+00 -1.2939777e+00 +8.8203959e-02 +8.8613506e-02 +6.5441818e-01 +6.5470668e-01 +2.4607143e+00 +2.4609447e+00 +4.8044192e+00 +4.8045902e+00 +5.4613625e+00 
-4.2579471e+01 -4.2579004e+01 -2.2849608e+01 -2.2849094e+01 -2.2618451e+01 -2.2617769e+01 -2.2469911e+01 -2.2469542e+01 -1.3701590e+00 -1.3695878e+00 +9.0715474e-02 +9.1174010e-02 +7.0339337e-01 +7.0355178e-01 +2.4459531e+00 +2.4461829e+00 +4.7870979e+00 +4.7872861e+00 +5.3342378e+00 
-4.2580598e+01 -4.2580074e+01 -2.2844964e+01 -2.2844455e+01 -2.2608921e+01 -2.2608235e+01 -2.2471667e+01 -2.2471269e+01 -1.4469134e+00 -1.4464238e+00 +9.3959395e-02 +9.4454124e-02 +7.4963851e-01 +7.4965222e-01 +2.4362001e+00 +2.4364312e+00 +4.7474150e+00 +4.7475154e+00 +5.2246295e+00 
-4.2581804e+01 -4.2581230e+01 -2.2839326e+01 -2.2838825e+01 -2.2599484e+01 -2.2598791e+01 -2.2473424e+01 -2.2472996e+01 -1.5252048e+00 -1.5248240e+00 +9.8957175e-02 +9.9475994e-02 +7.9293296e-01 +7.9306241e-01 +2.4304638e+00 +2.4306938e+00 +4.6855639e+00 +4.6856337e+00 +5.1344939e+00 
-4.2583081e+01 -4.2582468e+01 -2.2832738e+01 -2.2832248e+01 -2.2590191e+01 -2.2589492e+01 -2.2475147e+01 -2.2474688e+01 -1.6052690e+00 -1.6050123e+00 +1.0646301e-01 +1.0699253e-01 +8.3374188e-01 +8.3399956e-01 +2.4271839e+00 +2.4274068e+00 +4.6066791e+00 +4.6069304e+00 +5.0610927e+00 
-4.2584423e+01 -4.2583779e+01 -2.2825264e+01 -2.2824788e+01 -2.2581086e+01 -2.2580383e+01 -2.2476797e+01 -2.2476308e+01 -1.6872127e+00 -1.6870843e+00 +1.1703419e-01 +1.1755820e-01 +8.7267236e-01 +8.7303247e-01 +2.4243498e+00 +2.4245572e+00 +4.5194355e+00 +4.5198269e+00 +4.9985712e+00 
-4.2585823e+01 -4.2585157e+01 -2.2816986e+01 -2.2816527e+01 -2.2572212e+01 -2.2571506e+01 -2.2478329e+01 -2.2477813e+01 -1.7710107e+00 -1.7710066e+00 +1.3106758e-01 +1.3156633e-01 +9.1041062e-01 +9.1083862e-01 +2.4196758e+00 +2.4198599e+00 +4.4320235e+00 +4.4325071e+00 +4.9415702e+00 
-4.2587272e+01 -4.2586590e+01 -2.2808003e+01 -2.2807563e+01 -2.2563603e+01 -2.2562898e+01 -2.2479697e+01 -2.2479157e+01 -1.8566268e+00 -1.8565156e+00 +1.4881859e-01 +1.4926934e-01 +9.4761375e-01 +9.4806868e-01 +2.4108303e+00 +2.4109864e+00 +4.3504940e+00 +4.3510359e+00 +4.8868130e+00 
-4.2588760e+01 -4.2588069e+01 -2.2798430e+01 -2.2798011e+01 -2.2555292e+01 -2.2554591e+01 -2.2480850e+01 -2.2480291e+01 -1.9436911e+00 -1.9434757e+00 +1.7041553e-01 +1.7079483e-01 +9.8482120e-01 +9.8525925e-01 +2.3957090e+00 +2.3958373e+00 +4.2788243e+00 +4.2794043e+00 +4.8328072e+00 
-4.2590278e+01 -4.2589584e+01 -2.2788393e+01 -2.2787998e+01 -2.2547309e+01 -2.2546611e+01 -2.2481737e+01 -2.2481162e+01 -2.0318660e+00 -2.0315581e+00 +1.9587952e-01 +1.9616721e-01 +1.0224005e+00 +1.0227806e+00 +2.3727183e+00 +2.3728243e+00 +4.2193554e+00 +4.2199601e+00 +4.7791530e+00 
-4.2591814e+01 -4.2591123e+01 -2.2778035e+01 -2.2777664e+01 -2.2539676e+01 -2.2538981e+01 -2.2482304e+01 -2.2481717e+01 -2.1207574e+00 -2.1203703e+00 +2.2515277e-01 +2.2533665e-01 +1.0605270e+00 +1.0608186e+00 +2.3410100e+00 +2.3411021e+00 +4.1730953e+00 +4.1737131e+00 +4.7260283e+00 
-4.2593357e+01 -4.2592674e+01 -2.2767506e+01 -2.2767157e+01 -2.2532412e+01 -2.2531719e+01 -2.2482499e+01 -2.2481903e+01 -2.2099236e+00 -2.2094736e+00 +2.5812791e-01 +2.5820721e-01 +1.0991962e+00 +1.0993857e+00 +2.3005918e+00 +2.3006777e+00 +4.1399331e+00 +4.1405510e+00 +4.6738823e+00 
-4.2594896e+01 -4.2594226e+01 -2.2756964e+01 -2.2756632e+01 -2.2525525e+01 -2.2524835e+01 -2.2482280e+01 -2.2481674e+01 -2.2988772e+00 -2.2983858e+00 +2.9464909e-01 +2.9466325e-01 +1.1382584e+00 +1.1383533e+00 +2.2522718e+00 +2.2523548e+00 +4.1188690e+00 +4.1194725e+00 +4.6232654e+00 
-4.2596419e+01 -4.2595767e+01 -2.2746567e+01 -2.2746248e+01 -2.2519014e+01 -2.2518326e+01 -2.2481615e+01 -2.2480994e+01 -2.3870818e+00 -2.3865761e+00 +3.3448671e-01 +3.3457435e-01 +1.1774596e+00 +1.1774853e+00 +2.1974600e+00 +2.1975367e+00 +4.1082945e+00 +4.1088685e+00 +4.5747392e+00 
-4.2597916e+01 -4.2597285e+01 -2.2736471e+01 -2.2736161e+01 -2.2512864e+01 -2.2512179e+01 -2.2480491e+01 -2.2479850e+01 -2.4739513e+00 -2.4734629e+00 +3.7747168e-01 +3.7760891e-01 +1.2164634e+00 +1.2164707e+00 +2.1379035e+00 +2.1379632e+00 +4.1062854e+00 +4.1068158e+00 +4.5288285e+00 
-4.2599375e+01 -4.2598769e+01 -2.2726822e+01 -2.2726517e+01 -2.2507039e+01 -2.2506359e+01 -2.2478926e+01 -2.2478259e+01 -2.5588592e+00 -2.5584202e+00 +4.2325939e-01 +4.2342320e-01 +1.2548982e+00 +1.2549008e+00 +2.0754392e+00 +2.0754656e+00 +4.1108532e+00 +4.1113288e+00 +4.4859946e+00 
-4.2600789e+01 -4.2600206e+01 -2.2717749e+01 -2.2717449e+01 -2.2501491e+01 -2.2500813e+01 -2.2476968e+01 -2.2476270e+01 -2.6411543e+00 -2.6407944e+00 +4.7140177e-01 +4.7157314e-01 +1.2923037e+00 +1.2923379e+00 +2.0117891e+00 +2.0118148e+00 +4.1201244e+00 +4.1205375e+00 +4.4466185e+00 
-4.2602147e+01 -4.2601587e+01 -2.2709359e+01 -2.2709067e+01 -2.2496159e+01 -2.2495478e+01 -2.2474698e+01 -2.2473968e+01 -2.7201801e+00 -2.7199236e+00 +5.2135473e-01 +5.2151994e-01 +1.3281872e+00 +1.3282804e+00 +1.9484913e+00 +1.9485870e+00 +4.1324443e+00 +4.1327914e+00 +4.4109862e+00 
-4.2603441e+01 -4.2602900e+01 -2.2701734e+01 -2.2701454e+01 -2.2490987e+01 -2.2490298e+01 -2.2472217e+01 -2.2471456e+01 -2.7952917e+00 -2.7951562e+00 +5.7249155e-01 +5.7264240e-01 +1.3620317e+00 +1.3621958e+00 +1.8869029e+00 +1.8870825e+00 +4.1464213e+00 +4.1467034e+00 +4.3792747e+00 
-4.2604663e+01 -4.2604134e+01 -2.2694923e+01 -2.2694660e+01 -2.2485939e+01 -2.2485233e+01 -2.2469635e+01 -2.2468846e+01 -2.8658691e+00 -2.8658658e+00 +6.2411466e-01 +6.2424814e-01 +1.3933195e+00 +1.3935581e+00 +1.8281262e+00 +1.8283982e+00 +4.1609357e+00 +4.1611577e+00 +4.3515387e+00 
-4.2605802e+01 -4.2605280e+01 -2.2688944e+01 -2.2688703e+01 -2.2481009e+01 -2.2480283e+01 -2.2467055e+01 -2.2466245e+01 -2.9314627e+00 -2.9313278e+00 +6.7546184e-01 +6.7557970e-01 +1.4215709e+00 +1.4218817e+00 +1.7730558e+00 +1.7734219e+00 +4.1751255e+00 +4.1752959e+00 +4.3277002e+00 
-4.2606850e+01 -4.2606329e+01 -2.2683790e+01 -2.2683575e+01 -2.2476231e+01 -2.2475482e+01 -2.2464568e+01 -2.2463741e+01 -2.9914031e+00 -2.9911280e+00 +7.2570669e-01 +7.2581497e-01 +1.4463848e+00 +1.4467631e+00 +1.7224052e+00 +1.7228614e+00 +4.1883640e+00 +4.1884939e+00 +4.3075444e+00 
-4.2607799e+01 -4.2607273e+01 -2.2679428e+01 -2.2679241e+01 -2.2471669e+01 -2.2470898e+01 -2.2462246e+01 -2.2461409e+01 -3.0451983e+00 -3.0447832e+00 +7.7395466e-01 +7.7406314e-01 +1.4674801e+00 +1.4679211e+00 +1.6767363e+00 +1.6772739e+00 +4.2002309e+00 +4.2003337e+00 +4.2907298e+00 
-4.2608640e+01 -4.2608104e+01 -2.2675810e+01 -2.2675652e+01 -2.2467416e+01 -2.2466626e+01 -2.2460145e+01 -2.2459304e+01 -3.0924229e+00 -3.0918699e+00 +8.1923705e-01 +8.1935841e-01 +1.4847326e+00 +1.4852334e+00 +1.6364855e+00 +1.6370928e+00 +4.2104812e+00 +4.2105712e+00 +4.2768191e+00 
-4.2609365e+01 -4.2608816e+01 -2.2672880e+01 -2.2672749e+01 -2.2463574e+01 -2.2462772e+01 -2.2458306e+01 -2.2457467e+01 -3.1327251e+00 -3.1320378e+00 +8.6050708e-01 +8.6065546e-01 +1.4982034e+00 +1.4987629e+00 +1.6019866e+00 +1.6026504e+00 +4.2190109e+00 +4.2191025e+00 +4.2653421e+00 
-4.2609966e+01 -4.2609404e+01 -2.2670580e+01 -2.2670472e+01 -2.2460251e+01 -2.2459442e+01 -2.2456761e+01 -2.2455928e+01 -3.1658389e+00 -3.1650237e+00 +8.9664467e-01 +8.9683334e-01 +1.5081476e+00 +1.5087661e+00 +1.5734891e+00 +1.5741965e+00 +4.2258204e+00 +4.2259259e+00 +4.2558922e+00 
-4.2610439e+01 -4.2609862e+01 -2.2668854e+01 -2.2668766e+01 -2.2457547e+01 -2.2456738e+01 -2.2455533e+01 -2.2454710e+01 -3.1915974e+00 -3.1906662e+00 +9.2648213e-01 +9.2671990e-01 +1.5149953e+00 +1.5156713e+00 +1.5511731e+00 +1.5519122e+00 +4.2309748e+00 +4.2311024e+00 +4.2482414e+00 
-4.2610778e+01 -4.2610190e+01 -2.2667656e+01 -2.2667584e+01 -2.2455549e+01 -2.2454743e+01 -2.2454640e+01 -2.2453828e+01 -3.2099402e+00 -3.2089135e+00 +9.4886771e-01 +9.4915462e-01 +1.5192909e+00 +1.5200178e+00 +1.5351611e+00 +1.5359212e+00 +4.2345666e+00 +4.2347180e+00 +4.2424229e+00 
-4.2610982e+01 -4.2610386e+01 -2.2666952e+01 -2.2666888e+01 -2.2454323e+01 -2.2454096e+01 -2.2453521e+01 -2.2453294e+01 -3.2208977e+00 -3.2198071e+00 +9.6278328e-01 +9.6310733e-01 +1.5215859e+00 +1.5223489e+00 +1.5255282e+00 +1.5263003e+00 +4.2366821e+00 +4.2368517e+00 +4.2387053e+00 
-4.2611050e+01 -4.2610452e+01 -2.2666719e+01 -2.2666659e+01 -2.2453914e+01 -2.2453910e+01 -2.2453115e+01 -2.2453110e+01 -3.2245386e+00 -3.2234254e+00 +9.6750927e-01 +9.6784725e-01 +1.5222986e+00 +1.5223134e+00 +1.5230747e+00 +1.5230894e+00 +4.2373804e+00 +4.2374168e+00 +4.2375568e+00 
-4.2577578e+01 -4.2576791e+01 -2.2913772e+01 -2.2913168e+01 -2.2538578e+01 -2.2537811e+01 -2.2503849e+01 -2.2503521e+01 -1.6946956e+00 -1.6945229e+00 +3.0355783e-02 +3.0491632e-02 +1.3932505e+00 +1.3933778e+00 +2.6853370e+00 +2.6855752e+00 +5.0539930e+00 +5.0548465e+00 +5.1813360e+00 
-4.2578310e+01 -4.2576057e+01 -2.2918180e+01 -2.2907735e+01 -2.2544744e+01 -2.2531633e+01 -2.2511714e+01 -2.2496742e+01 -1.7340003e+00 -1.6516654e+00 -4.9141509e-03 +5.5717176e-02 +1.3751994e+00 +1.4181934e+00 +2.5513342e+00 +2.8249531e+00 +5.0414695e+00 +5.0674279e+00 +5.1765373e+00 
-4.2579318e+01 -4.2575040e+01 -2.2921813e+01 -2.2901039e+01 -2.2551220e+01 -2.2525121e+01 -2.2520777e+01 -2.2490922e+01 -1.7692578e+00 -1.6058817e+00 -4.6788715e-02 +6.7666273e-02 +1.3672646e+00 +1.4463339e+00 +2.4228912e+00 +2.9695232e+00 +5.0287028e+00 +5.0803726e+00 +5.1796695e+00 
-4.2580331e+01 -4.2574014e+01 -2.2924357e+01 -2.2893428e+01 -2.2557600e+01 -2.2530816e+01 -2.2518683e+01 -2.2486244e+01 -1.7999189e+00 -1.5581199e+00 -9.1880794e-02 +6.3794766e-02 +1.3721647e+00 +1.4746031e+00 +2.3004304e+00 +3.1188592e+00 +5.0162277e+00 +5.0931594e+00 +5.1912655e+00 
-4.2581323e+01 -4.2573005e+01 -2.2925796e+01 -2.2884978e+01 -2.2563838e+01 -2.2541756e+01 -2.2512365e+01 -2.2482715e+01 -1.8256275e+00 -1.5094079e+00 -1.3721574e-01 +4.3049050e-02 +1.3911464e+00 +1.5004535e+00 +2.1842486e+00 +3.2726330e+00 +5.0041762e+00 +5.1056838e+00 +5.2112916e+00 
-4.2582284e+01 -4.2572022e+01 -2.2926125e+01 -2.2875777e+01 -2.2569892e+01 -2.2553513e+01 -2.2506213e+01 -2.2480324e+01 -1.8461271e+00 -1.4609502e+00 -1.8017211e-01 +6.0274598e-03 +1.4237831e+00 +1.5219775e+00 +2.0746255e+00 +3.4304654e+00 +4.9926955e+00 +5.1178480e+00 +5.2394211e+00 
-4.2583206e+01 -4.2571075e+01 -2.2925354e+01 -2.2865926e+01 -2.2575721e+01 -2.2565986e+01 -2.2500269e+01 -2.2479047e+01 -1.8612574e+00 -1.4141180e+00 -2.1844035e-01 -4.5306642e-02 +1.4682375e+00 +1.5378832e+00 +1.9718132e+00 +3.5918794e+00 +4.9819623e+00 +5.1295603e+00 +5.2750144e+00 
-4.2584084e+01 -4.2570171e+01 -2.2923505e+01 -2.2855538e+01 -2.2581286e+01 -2.2579063e+01 -2.2494576e+01 -2.2478838e+01 -1.8709553e+00 -1.3704031e+00 -2.5000272e-01 -1.0821314e-01 +1.5218390e+00 +1.5474427e+00 +1.8760294e+00 +3.7562269e+00 +4.9722075e+00 +5.1407362e+00 +5.3171267e+00 
-4.2584915e+01 -4.2569317e+01 -2.2920619e+01 -2.2844744e+01 -2.2592619e+01 -2.2586550e+01 -2.2489173e+01 -2.2479630e+01 -1.8752597e+00 -1.3313081e+00 -2.7318173e-01 -1.7972880e-01 +1.5504324e+00 +1.5816405e+00 +1.7874544e+00 +3.9225823e+00 +4.9637635e+00 +5.1512978e+00 +5.3645491e+00 
-4.2585698e+01 -4.2568519e+01 -2.2916752e+01 -2.2833691e+01 -2.2606514e+01 -2.2591478e+01 -2.2484099e+01 -2.2481337e+01 -1.8743208e+00 -1.2981597e+00 -2.8677989e-01 -2.5700713e-01 +1.5470685e+00 +1.6447763e+00 +1.7062332e+00 +4.0895798e+00 +4.9571618e+00 +5.1611746e+00 +5.4158689e+00 
-4.2586433e+01 -4.2567782e+01 -2.2911986e+01 -2.2822549e+01 -2.2620591e+01 -2.2596038e+01 -2.2483845e+01 -2.2479390e+01 -1.8684165e+00 -1.2718657e+00 -3.3745041e-01 -2.9028986e-01 +1.5379368e+00 +1.6324808e+00 +1.7086305e+00 +4.2551290e+00 +4.9533540e+00 +5.1703025e+00 +5.4695280e+00 
-4.2587120e+01 -4.2567109e+01 -2.2906431e+01 -2.2811506e+01 -2.2634672e+01 -2.2600200e+01 -2.2487014e+01 -2.2475080e+01 -1.8579757e+00 -1.2526967e+00 -4.1870684e-01 -2.8409457e-01 +1.5239202e+00 +1.5662885e+00 +1.7708958e+00 +4.4157894e+00 +4.9542700e+00 +5.1786241e+00 +5.5238641e+00 
-4.2587755e+01 -4.2566503e+01 -2.2900235e+01 -2.2800778e+01 -2.2648551e+01 -2.2603937e+01 -2.2490676e+01 -2.2471200e+01 -1.8436110e+00 -1.2402050e+00 -4.9860732e-01 -2.6952934e-01 +1.5061387e+00 +1.5077298e+00 +1.8295902e+00 +4.5651667e+00 +4.9643323e+00 +5.1860879e+00 +5.5771509e+00 
-4.2588329e+01 -4.2565966e+01 -2.2893591e+01 -2.2790608e+01 -2.2661976e+01 -2.2607226e+01 -2.2494632e+01 -2.2467777e+01 -1.8261618e+00 -1.2333391e+00 -5.7506819e-01 -2.4874868e-01 +1.4568644e+00 +1.4859056e+00 +1.8830629e+00 +4.6903406e+00 +4.9938855e+00 +5.1926486e+00 +5.6276540e+00 
-4.2588829e+01 -4.2565500e+01 -2.2886760e+01 -2.2781263e+01 -2.2674640e+01 -2.2610044e+01 -2.2498649e+01 -2.2464837e+01 -1.8067437e+00 -1.2306997e+00 -6.4598524e-01 -2.2443593e-01 +1.4137422e+00 +1.4646942e+00 +1.9299927e+00 +4.7728324e+00 +5.0580167e+00 +5.1982670e+00 +5.6737024e+00 
-4.2589246e+01 -4.2565108e+01 -2.2880079e+01 -2.2773033e+01 -2.2686158e+01 -2.2612375e+01 -2.2502473e+01 -2.2462402e+01 -1.7867918e+00 -1.2308156e+00 -7.0913638e-01 -1.9946925e-01 +1.3784042e+00 +1.4440967e+00 +1.9693782e+00 +4.8125503e+00 +5.1523524e+00 +5.2029118e+00 +5.7137555e+00 
-4.2589571e+01 -4.2564793e+01 -2.2873987e+01 -2.2766213e+01 -2.2696055e+01 -2.2614204e+01 -2.2505832e+01 -2.2460489e+01 -1.7680668e+00 -1.2323525e+00 -7.6213339e-01 -1.7662682e-01 +1.3508840e+00 +1.4257571e+00 +2.0005170e+00 +4.8293205e+00 +5.2065419e+00 +5.2513530e+00 +5.7464507e+00 
-4.2589804e+01 -4.2564562e+01 -2.2869013e+01 -2.2761090e+01 -2.2703770e+01 -2.2615518e+01 -2.2508465e+01 -2.2459112e+01 -1.7525629e+00 -1.2342292e+00 -8.0248844e-01 -1.5835238e-01 +1.3312078e+00 +1.4112561e+00 +2.0229700e+00 +4.8365303e+00 +5.2091593e+00 +5.3347413e+00 +5.7678660e+00 
-4.2589944e+01 -4.2564420e+01 -2.2865718e+01 -2.2757906e+01 -2.2708719e+01 -2.2616309e+01 -2.2510147e+01 -2.2458282e+01 -1.7422467e+00 -1.2356661e+00 -8.2786862e-01 -1.4656402e-01 +1.3193944e+00 +1.4019401e+00 +2.0365047e+00 +4.8395619e+00 +5.2107346e+00 +5.3899686e+00 +5.7783444e+00 
-4.2589990e+01 -4.2564373e+01 -2.2864559e+01 -2.2756825e+01 -2.2710431e+01 -2.2616574e+01 -2.2510726e+01 -2.2458005e+01 -1.7386184e+00 -1.2361967e+00 -8.3654447e-01 -1.4249279e-01 +1.3154554e+00 +1.3987260e+00 +2.0410242e+00 +4.8404016e+00 +5.2112606e+00 +5.4092961e+00 +5.7818597e+00 
-4.2573281e+01 -4.2572438e+01 -2.2803212e+01 -2.2706972e+01 -2.2706074e+01 -2.2604797e+01 -2.2604687e+01 -2.2598008e+01 -7.5106425e-01 -7.4205749e-01 -7.4169452e-01 -4.7779267e-01 +1.0433305e+00 +1.0435357e+00 +2.3219177e+00 +4.6420431e+00 +4.6432073e+00 +5.0580132e+00 +5.1820090e+00 
-4.2573276e+01 -4.2572441e+01 -2.2802877e+01 -2.2709271e+01 -2.2708391e+01 -2.2602459e+01 -2.2602329e+01 -2.2598367e+01 -7.4911113e-01 -7.4053826e-01 -7.4017664e-01 -4.7705548e-01 +1.0386684e+00 +1.0388824e+00 +2.3214101e+00 +4.6432960e+00 +4.6444221e+00 +5.0328214e+00 +5.1865974e+00 
-4.2573262e+01 -4.2572450e+01 -2.2801871e+01 -2.2715579e+01 -2.2714741e+01 -2.2599442e+01 -2.2596037e+01 -2.2595860e+01 -7.4328647e-01 -7.3599605e-01 -7.3563889e-01 -4.7486047e-01 +1.0248637e+00 +1.0251021e+00 +2.3199606e+00 +4.6465313e+00 +4.6475538e+00 +4.9622698e+00 +5.2008841e+00 
-4.2573241e+01 -4.2572466e+01 -2.2800195e+01 -2.2724647e+01 -2.2723854e+01 -2.2601225e+01 -2.2586781e+01 -2.2586551e+01 -7.3369525e-01 -7.2847823e-01 -7.2812965e-01 -4.7125788e-01 +1.0024424e+00 +1.0027162e+00 +2.3177884e+00 +4.6503099e+00 +4.6511895e+00 +4.8576127e+00 +5.2262638e+00 
-4.2573215e+01 -4.2572489e+01 -2.2797854e+01 -2.2735324e+01 -2.2734566e+01 -2.2603704e+01 -2.2575847e+01 -2.2575572e+01 -7.2051490e-01 -7.1806644e-01 -7.1773195e-01 -4.6633293e-01 +9.7222172e-01 +9.7253588e-01 +2.3152529e+00 +4.6526777e+00 +4.6534045e+00 +4.7301700e+00 +5.2645167e+00 
-4.2573186e+01 -4.2572518e+01 -2.2794862e+01 -2.2746793e+01 -2.2746063e+01 -2.2606862e+01 -2.2564056e+01 -2.2563747e+01 -7.0488043e-01 -7.0456693e-01 -7.0399748e-01 -4.6020694e-01 +9.3523345e-01 +9.3558651e-01 +2.3128414e+00 +4.5885585e+00 +4.6517702e+00 +4.6523554e+00 +5.3171352e+00 
-4.2573158e+01 -4.2572553e+01 -2.2791237e+01 -2.2758517e+01 -2.2757807e+01 -2.2610677e+01 -2.2551950e+01 -2.2551616e+01 -6.8908247e-01 -6.8879783e-01 -6.8447076e-01 -4.5303808e-01 +8.9263879e-01 +8.9302442e-01 +2.3111535e+00 +4.4386982e+00 +4.6463657e+00 +4.6468289e+00 +5.3847661e+00 
-4.2573132e+01 -4.2572593e+01 -2.2787003e+01 -2.2770136e+01 -2.2769443e+01 -2.2615119e+01 -2.2539898e+01 -2.2539548e+01 -6.7088232e-01 -6.7063481e-01 -6.6233665e-01 -4.4502193e-01 +8.4565361e-01 +8.4606224e-01 +2.3108820e+00 +4.2845910e+00 +4.6361112e+00 +4.6364717e+00 +5.4670372e+00 
-4.2573111e+01 -4.2572638e+01 -2.2782187e+01 -2.2781399e+01 -2.2780720e+01 -2.2620158e+01 -2.2528162e+01 -2.2527800e+01 -6.5054190e-01 -6.5033945e-01 -6.3806764e-01 -4.3639183e-01 +7.9549586e-01 +7.9591637e-01 +2.3127969e+00 +4.1290204e+00 +4.6213960e+00 +4.6216689e+00 +5.5627622e+00 
-4.2573095e+01 -4.2572687e+01 -2.2792119e+01 -2.2791453e+01 -2.2776820e+01 -2.2625755e+01 -2.2516940e+01 -2.2516571e+01 -6.2838038e-01 -6.2822989e-01 -6.1219980e-01 -4.2741848e-01 +7.4335921e-01 +7.4378027e-01 +2.3177302e+00 +3.9740266e+00 +4.6030697e+00 +4.6032657e+00 +5.6702830e+00 
-4.2573085e+01 -4.2572738e+01 -2.2802152e+01 -2.2801500e+01 -2.2770938e+01 -2.2631871e+01 -2.2506389e+01 -2.2506015e+01 -6.0478089e-01 -6.0468775e-01 -5.8532243e-01 -4.1840851e-01 +6.9040906e-01 +6.9082010e-01 +2.3265594e+00 +3.8212030e+00 +4.5821921e+00 +4.5823184e+00 +5.7877407e+00 
-4.2573080e+01 -4.2572790e+01 -2.2811386e+01 -2.2810747e+01 -2.2764578e+01 -2.2638460e+01 -2.2496639e+01 -2.2496260e+01 -5.8020133e-01 -5.8016889e-01 -5.5806372e-01 -4.0970154e-01 +6.3779473e-01 +6.3818655e-01 +2.3401893e+00 +3.6718741e+00 +4.5598756e+00 +4.5599376e+00 +5.9132039e+00 
-4.2573082e+01 -4.2572840e+01 -2.2819726e+01 -2.2819101e+01 -2.2757782e+01 -2.2645476e+01 -2.2487796e+01 -2.2487413e+01 -5.5522155e-01 -5.5518966e-01 -5.3107184e-01 -4.0166547e-01 +5.8667190e-01 +5.8703705e-01 +2.3595291e+00 +3.5271960e+00 +4.5372013e+00 +4.5372136e+00 +6.0446670e+00 
-4.2573087e+01 -4.2572889e+01 -2.2827098e+01 -2.2826486e+01 -2.2750595e+01 -2.2652867e+01 -2.2479954e+01 -2.2479567e+01 -5.3050485e-01 -5.3041036e-01 -5.0499194e-01 -3.9468970e-01 +5.3823050e-01 +5.3856351e-01 +2.3854653e+00 +3.3882075e+00 +4.5151511e+00 +4.5152097e+00 +6.1799372e+00 
-4.2573094e+01 -4.2572933e+01 -2.2833437e+01 -2.2832838e+01 -2.2743064e+01 -2.2660582e+01 -2.2473189e+01 -2.2472799e+01 -5.0681796e-01 -5.0666249e-01 -4.8043959e-01 -3.8917613e-01 +4.9372173e-01 +4.9401935e-01 +2.4188319e+00 +3.2558483e+00 +4.4947109e+00 +4.4948212e+00 +6.3163907e+00 
-4.2573103e+01 -4.2572972e+01 -2.2838692e+01 -2.2838104e+01 -2.2735238e+01 -2.2668565e+01 -2.2467566e+01 -2.2467174e+01 -4.8510950e-01 -4.8489731e-01 -4.5797282e-01 -3.8552737e-01 +4.5447318e-01 +4.5473474e-01 +2.4603789e+00 +3.1309588e+00 +4.4767289e+00 +4.4768853e+00 +6.4505029e+00 
-4.2573112e+01 -4.2573005e+01 -2.2842822e+01 -2.2842244e+01 -2.2727170e+01 -2.2676760e+01 -2.2463139e+01 -2.2462744e+01 -4.6646205e-01 -4.6620028e-01 -4.3806516e-01 -3.8413185e-01 +4.2187332e-01 +4.2210115e-01 +2.5107422e+00 +3.0142719e+00 +4.4619339e+00 +4.4621287e+00 +6.5769391e+00 
-4.2573119e+01 -4.2573030e+01 -2.2845794e+01 -2.2845223e+01 -2.2718914e+01 -2.2685110e+01 -2.2459948e+01 -2.2459551e+01 -4.5201914e-01 -4.5171827e-01 -4.2108285e-01 -3.8534557e-01 +3.9730007e-01 +3.9749994e-01 +2.5704177e+00 +2.9064006e+00 +4.4509207e+00 +4.4511445e+00 +6.6868826e+00 
-4.2573124e+01 -4.2573045e+01 -2.2847587e+01 -2.2847020e+01 -2.2710528e+01 -2.2693553e+01 -2.2458021e+01 -2.2457623e+01 -4.4283789e-01 -4.4251175e-01 -4.0726920e-01 -3.8947097e-01 +3.8197547e-01 +3.8215668e-01 +2.6397416e+00 +2.8078256e+00 +4.4441310e+00 +4.4443728e+00 +6.7659015e+00 
-4.2573126e+01 -4.2573050e+01 -2.2848186e+01 -2.2847620e+01 -2.2702462e+01 -2.2701637e+01 -2.2457377e+01 -2.2456979e+01 -4.3968356e-01 -4.3934866e-01 -3.9684966e-01 -3.9662259e-01 +3.7676258e-01 +3.7693720e-01 +2.7185939e+00 +2.7191667e+00 +4.4418370e+00 +4.4420849e+00 +6.7955134e+00 
