# num high symmetry points
8
# label high symmetry points
G X M G R X M R 
# indices high symmetry points
1 19 37 63 95 121 122 140 
# nk, nb, ns
140 24 1
# k-points (frac coords)
+0.0000000e+00 +0.0000000e+00 +0.0000000e+00 
+0.0000000e+00 +2.7777778e-02 +0.0000000e+00 
+0.0000000e+00 +5.5555556e-02 +0.0000000e+00 
+0.0000000e+00 +8.3333333e-02 +0.0000000e+00 
+0.0000000e+00 +1.1111111e-01 +0.0000000e+00 
+0.0000000e+00 +1.3888889e-01 +0.0000000e+00 
+0.0000000e+00 +1.6666667e-01 +0.0000000e+00 
+0.0000000e+00 +1.9444444e-01 +0.0000000e+00 
+0.0000000e+00 +2.2222222e-01 +0.0000000e+00 
+0.0000000e+00 +2.5000000e-01 +0.0000000e+00 
+0.0000000e+00 +2.7777778e-01 +0.0000000e+00 
+0.0000000e+00 +3.0555556e-01 +0.0000000e+00 
+0.0000000e+00 +3.3333333e-01 +0.0000000e+00 
+0.0000000e+00 +3.6111111e-01 +0.0000000e+00 
+0.0000000e+00 +3.8888889e-01 +0.0000000e+00 
+0.0000000e+00 +4.1666667e-01 +0.0000000e+00 
+0.0000000e+00 +4.4444444e-01 +0.0000000e+00 
+0.0000000e+00 +4.7222222e-01 +0.0000000e+00 
+0.0000000e+00 +5.0000000e-01 +0.0000000e+00 
+2.7777778e-02 +5.0000000e-01 +0.0000000e+00 
+5.5555556e-02 +5.0000000e-01 +0.0000000e+00 
+8.3333333e-02 +5.0000000e-01 +0.0000000e+00 
+1.1111111e-01 +5.0000000e-01 +0.0000000e+00 
+1.3888889e-01 +5.0000000e-01 +0.0000000e+00 
+1.6666667e-01 +5.0000000e-01 +0.0000000e+00 
+1.9444444e-01 +5.0000000e-01 +0.0000000e+00 
+2.2222222e-01 +5.0000000e-01 +0.0000000e+00 
+2.5000000e-01 +5.0000000e-01 +0.0000000e+00 
+2.7777778e-01 +5.0000000e-01 +0.0000000e+00 
+3.0555556e-01 +5.0000000e-01 +0.0000000e+00 
+3.3333333e-01 +5.0000000e-01 +0.0000000e+00 
+3.6111111e-01 +5.0000000e-01 +0.0000000e+00 
+3.8888889e-01 +5.0000000e-01 +0.0000000e+00 
+4.1666667e-01 +5.0000000e-01 +0.0000000e+00 
+4.4444444e-01 +5.0000000e-01 +0.0000000e+00 
+4.7222222e-01 +5.0000000e-01 +0.0000000e+00 
+5.0000000e-01 +5.0000000e-01 +0.0000000e+00 
+4.8076923e-01 +4.8076923e-01 +0.0000000e+00 
+4.6153846e-01 +4.6153846e-01 +0.0000000e+00 
+4.4230769e-01 +4.4230769e-01 +0.0000000e+00 
+4.2307692e-01 +4.2307692e-01 +0.0000000e+00 
+4.0384615e-01 +4.0384615e-01 +0.0000000e+00 
+3.8461538e-01 +3.8461538e-01 +0.0000000e+00 
+3.6538462e-01 +3.6538462e-01 +0.0000000e+00 
+3.4615385e-01 +3.4615385e-01 +0.0000000e+00 
+3.2692308e-01 +3.2692308e-01 +0.0000000e+00 
+3.0769231e-01 +3.0769231e-01 +0.0000000e+00 
+2.8846154e-01 +2.8846154e-01 +0.0000000e+00 
+2.6923077e-01 +2.6923077e-01 +0.0000000e+00 
+2.5000000e-01 +2.5000000e-01 +0.0000000e+00 
+2.3076923e-01 +2.3076923e-01 +0.0000000e+00 
+2.1153846e-01 +2.1153846e-01 +0.0000000e+00 
+1.9230769e-01 +1.9230769e-01 +0.0000000e+00 
+1.7307692e-01 +1.7307692e-01 +0.0000000e+00 
+1.5384615e-01 +1.5384615e-01 +0.0000000e+00 
+1.3461538e-01 +1.3461538e-01 +0.0000000e+00 
+1.1538462e-01 +1.1538462e-01 +0.0000000e+00 
+9.6153846e-02 +9.6153846e-02 +0.0000000e+00 
+7.6923077e-02 +7.6923077e-02 +0.0000000e+00 
+5.7692308e-02 +5.7692308e-02 +0.0000000e+00 
+3.8461538e-02 +3.8461538e-02 +0.0000000e+00 
+1.9230769e-02 +1.9230769e-02 +0.0000000e+00 
+0.0000000e+00 +0.0000000e+00 +0.0000000e+00 
+1.5625000e-02 +1.5625000e-02 +1.5625000e-02 
+3.1250000e-02 +3.1250000e-02 +3.1250000e-02 
+4.6875000e-02 +4.6875000e-02 +4.6875000e-02 
+6.2500000e-02 +6.2500000e-02 +6.2500000e-02 
+7.8125000e-02 +7.8125000e-02 +7.8125000e-02 
+9.3750000e-02 +9.3750000e-02 +9.3750000e-02 
+1.0937500e-01 +1.0937500e-01 +1.0937500e-01 
+1.2500000e-01 +1.2500000e-01 +1.2500000e-01 
+1.4062500e-01 +1.4062500e-01 +1.4062500e-01 
+1.5625000e-01 +1.5625000e-01 +1.5625000e-01 
+1.7187500e-01 +1.7187500e-01 +1.7187500e-01 
+1.8750000e-01 +1.8750000e-01 +1.8750000e-01 
+2.0312500e-01 +2.0312500e-01 +2.0312500e-01 
+2.1875000e-01 +2.1875000e-01 +2.1875000e-01 
+2.3437500e-01 +2.3437500e-01 +2.3437500e-01 
+2.5000000e-01 +2.5000000e-01 +2.5000000e-01 
+2.6562500e-01 +2.6562500e-01 +2.6562500e-01 
+2.8125000e-01 +2.8125000e-01 +2.8125000e-01 
+2.9687500e-01 +2.9687500e-01 +2.9687500e-01 
+3.1250000e-01 +3.1250000e-01 +3.1250000e-01 
+3.2812500e-01 +3.2812500e-01 +3.2812500e-01 
+3.4375000e-01 +3.4375000e-01 +3.4375000e-01 
+3.5937500e-01 +3.5937500e-01 +3.5937500e-01 
+3.7500000e-01 +3.7500000e-01 +3.7500000e-01 
+3.9062500e-01 +3.9062500e-01 +3.9062500e-01 
+4.0625000e-01 +4.0625000e-01 +4.0625000e-01 
+4.2187500e-01 +4.2187500e-01 +4.2187500e-01 
+4.3750000e-01 +4.3750000e-01 +4.3750000e-01 
+4.5312500e-01 +4.5312500e-01 +4.5312500e-01 
+4.6875000e-01 +4.6875000e-01 +4.6875000e-01 
+4.8437500e-01 +4.8437500e-01 +4.8437500e-01 
+5.0000000e-01 +5.0000000e-01 +5.0000000e-01 
+4.8076923e-01 +5.0000000e-01 +4.8076923e-01 
+4.6153846e-01 +5.0000000e-01 +4.6153846e-01 
+4.4230769e-01 +5.0000000e-01 +4.4230769e-01 
+4.2307692e-01 +5.0000000e-01 +4.2307692e-01 
+4.0384615e-01 +5.0000000e-01 +4.0384615e-01 
+3.8461538e-01 +5.0000000e-01 +3.8461538e-01 
+3.6538462e-01 +5.0000000e-01 +3.6538462e-01 
+3.4615385e-01 +5.0000000e-01 +3.4615385e-01 
+3.2692308e-01 +5.0000000e-01 +3.2692308e-01 
+3.0769231e-01 +5.0000000e-01 +3.0769231e-01 
+2.8846154e-01 +5.0000000e-01 +2.8846154e-01 
+2.6923077e-01 +5.0000000e-01 +2.6923077e-01 
+2.5000000e-01 +5.0000000e-01 +2.5000000e-01 
+2.3076923e-01 +5.0000000e-01 +2.3076923e-01 
+2.1153846e-01 +5.0000000e-01 +2.1153846e-01 
+1.9230769e-01 +5.0000000e-01 +1.9230769e-01 
+1.7307692e-01 +5.0000000e-01 +1.7307692e-01 
+1.5384615e-01 +5.0000000e-01 +1.5384615e-01 
+1.3461538e-01 +5.0000000e-01 +1.3461538e-01 
+1.1538462e-01 +5.0000000e-01 +1.1538462e-01 
+9.6153846e-02 +5.0000000e-01 +9.6153846e-02 
+7.6923077e-02 +5.0000000e-01 +7.6923077e-02 
+5.7692308e-02 +5.0000000e-01 +5.7692308e-02 
+3.8461538e-02 +5.0000000e-01 +3.8461538e-02 
+1.9230769e-02 +5.0000000e-01 +1.9230769e-02 
+0.0000000e+00 +5.0000000e-01 +0.0000000e+00 
+5.0000000e-01 +5.0000000e-01 +0.0000000e+00 
+5.0000000e-01 +5.0000000e-01 +2.7777778e-02 
+5.0000000e-01 +5.0000000e-01 +5.5555556e-02 
+5.0000000e-01 +5.0000000e-01 +8.3333333e-02 
+5.0000000e-01 +5.0000000e-01 +1.1111111e-01 
+5.0000000e-01 +5.0000000e-01 +1.3888889e-01 
+5.0000000e-01 +5.0000000e-01 +1.6666667e-01 
+5.0000000e-01 +5.0000000e-01 +1.9444444e-01 
+5.0000000e-01 +5.0000000e-01 +2.2222222e-01 
+5.0000000e-01 +5.0000000e-01 +2.5000000e-01 
+5.0000000e-01 +5.0000000e-01 +2.7777778e-01 
+5.0000000e-01 +5.0000000e-01 +3.0555556e-01 
+5.0000000e-01 +5.0000000e-01 +3.3333333e-01 
+5.0000000e-01 +5.0000000e-01 +3.6111111e-01 
+5.0000000e-01 +5.0000000e-01 +3.8888889e-01 
+5.0000000e-01 +5.0000000e-01 +4.1666667e-01 
+5.0000000e-01 +5.0000000e-01 +4.4444444e-01 
+5.0000000e-01 +5.0000000e-01 +4.7222222e-01 
+5.0000000e-01 +5.0000000e-01 +5.0000000e-01 
# energies (kpt,band,spin)
# spin = 1
-2.2115061e+01 -2.2038328e+01 -2.2038328e+01 -2.2038328e+01 -8.3317662e+00 -8.3317662e+00 -8.3317662e+00 -7.9986429e+00 -7.9986429e+00 -7.9986429e+00 -7.9986429e+00 -7.9986429e+00 -7.9986429e+00 -7.8082123e+00 -7.8082123e+00 -7.8082123e+00 +6.0740292e-01 +3.5866966e+00 +3.5866966e+00 +3.5866966e+00 +5.0537610e+00 +5.0537610e+00 +5.0537610e+00 +7.5240751e+00 
-2.2114916e+01 -2.2038474e+01 -2.2038327e+01 -2.2038327e+01 -8.3311617e+00 -8.3311617e+00 -8.3309510e+00 -7.9993083e+00 -7.9993083e+00 -7.9987491e+00 -7.9987491e+00 -7.9982883e+00 -7.9982883e+00 -7.8094330e+00 -7.8085826e+00 -7.8085826e+00 +6.1233573e-01 +3.5810814e+00 +3.5908905e+00 +3.5908905e+00 +5.0546467e+00 +5.0546467e+00 +5.0565915e+00 +7.5139120e+00 
-2.2114480e+01 -2.2038912e+01 -2.2038322e+01 -2.2038322e+01 -8.3293522e+00 -8.3293522e+00 -8.3285081e+00 -8.0012988e+00 -8.0012988e+00 -7.9990646e+00 -7.9990646e+00 -7.9972271e+00 -7.9972271e+00 -7.8130796e+00 -7.8096905e+00 -7.8096905e+00 +6.2710761e-01 +3.5641459e+00 +3.6034265e+00 +3.6034265e+00 +5.0573023e+00 +5.0573023e+00 +5.0650801e+00 +7.4839541e+00 
-2.2113757e+01 -2.2039638e+01 -2.2038315e+01 -2.2038315e+01 -8.3263497e+00 -8.3263497e+00 -8.3244461e+00 -8.0045969e+00 -8.0045969e+00 -7.9995797e+00 -7.9995797e+00 -7.9954669e+00 -7.9954669e+00 -7.8191052e+00 -7.8115270e+00 -7.8115270e+00 +6.5163900e-01 +3.5356529e+00 +3.6241654e+00 +3.6241654e+00 +5.0617240e+00 +5.0617240e+00 +5.0792181e+00 +5.6645566e+00 
-2.2112753e+01 -2.2040647e+01 -2.2038305e+01 -2.2038305e+01 -8.3221739e+00 -8.3221739e+00 -8.3187793e+00 -8.0091737e+00 -8.0091737e+00 -8.0002784e+00 -8.0002784e+00 -7.9930202e+00 -7.9930202e+00 -7.8274330e+00 -7.8140773e+00 -7.8140773e+00 +6.8579859e-01 +3.4953107e+00 +3.6528692e+00 +3.6528692e+00 +5.0679044e+00 +5.0679044e+00 +5.0989908e+00 +5.6758539e+00 
-2.2111475e+01 -2.2041931e+01 -2.2038293e+01 -2.2038293e+01 -8.3168525e+00 -8.3168525e+00 -8.3115281e+00 -8.0149894e+00 -8.0149894e+00 -8.0011395e+00 -8.0011395e+00 -7.9899045e+00 -7.9899045e+00 -7.8379587e+00 -7.8173207e+00 -7.8173206e+00 +7.2940421e-01 +3.4428978e+00 +3.6891910e+00 +3.6891910e+00 +5.0758321e+00 +5.0758322e+00 +5.1243771e+00 +5.6935791e+00 
-2.2109933e+01 -2.2043479e+01 -2.2038279e+01 -2.2038279e+01 -8.3104211e+00 -8.3104211e+00 -8.3027196e+00 -8.0219934e+00 -8.0219934e+00 -8.0021364e+00 -8.0021364e+00 -7.9861421e+00 -7.9861421e+00 -7.8505524e+00 -7.8212310e+00 -7.8212309e+00 +7.8222482e-01 +3.3783925e+00 +3.7326595e+00 +3.7326595e+00 +5.0854911e+00 +5.0854911e+00 +5.1553495e+00 +5.7194199e+00 
-2.2108138e+01 -2.2045281e+01 -2.2038264e+01 -2.2038264e+01 -8.3029224e+00 -8.3029224e+00 -8.2923872e+00 -8.0301254e+00 -8.0301254e+00 -8.0032387e+00 -8.0032386e+00 -7.9817600e+00 -7.9817600e+00 -7.8650622e+00 -7.8257766e+00 -7.8257766e+00 +8.4398234e-01 +3.3020685e+00 +3.7826588e+00 +3.7826588e+00 +5.0968590e+00 +5.0968590e+00 +5.1918729e+00 +5.7548538e+00 
-2.2106104e+01 -2.2047322e+01 -2.2038247e+01 -2.2038247e+01 -8.2944070e+00 -8.2944070e+00 -8.2805721e+00 -8.0393156e+00 -8.0393156e+00 -8.0044126e+00 -8.0044126e+00 -7.9767899e+00 -7.9767899e+00 -7.8813177e+00 -7.8309212e+00 -7.8309212e+00 +9.1435359e-01 +3.2145352e+00 +3.8383992e+00 +3.8383992e+00 +5.1099058e+00 +5.1099058e+00 +5.2339048e+00 +5.8010161e+00 
-2.2103847e+01 -2.2049588e+01 -2.2038230e+01 -2.2038230e+01 -8.2849324e+00 -8.2849324e+00 -8.2673232e+00 -8.0494858e+00 -8.0494858e+00 -8.0056225e+00 -8.0056225e+00 -7.9712674e+00 -7.9712674e+00 -7.8991336e+00 -7.8366235e+00 -7.8366235e+00 +9.9297215e-01 +3.1167179e+00 +3.8988803e+00 +3.8988803e+00 +5.1245932e+00 +5.1245932e+00 +5.2813937e+00 +5.8586500e+00 
-2.2101383e+01 -2.2052059e+01 -2.2038213e+01 -2.2038213e+01 -8.2745635e+00 -8.2745635e+00 -8.2526976e+00 -8.0605502e+00 -8.0605502e+00 -8.0068314e+00 -8.0068314e+00 -7.9652328e+00 -7.9652328e+00 -7.9183131e+00 -7.8428379e+00 -7.8428379e+00 +1.0794296e+00 +3.0097936e+00 +3.9628457e+00 +3.9628457e+00 +5.1408725e+00 +5.1408725e+00 +5.3342786e+00 +5.9281248e+00 
-2.2098732e+01 -2.2054718e+01 -2.2038196e+01 -2.2038196e+01 -8.2633715e+00 -8.2633715e+00 -8.2367619e+00 -8.0724164e+00 -8.0724164e+00 -8.0080028e+00 -8.0080028e+00 -7.9587299e+00 -7.9587299e+00 -7.9386524e+00 -7.8495152e+00 -7.8495152e+00 +1.1732765e+00 +2.8951043e+00 +4.0287284e+00 +4.0287284e+00 +5.1586835e+00 +5.1586835e+00 +5.3924871e+00 +5.5009007e+00 
-2.2095912e+01 -2.2057545e+01 -2.2038181e+01 -2.2038181e+01 -8.2514342e+00 -8.2514342e+00 -8.2195918e+00 -8.0849860e+00 -8.0849860e+00 -8.0091012e+00 -8.0091012e+00 -7.9599434e+00 -7.9518062e+00 -7.9518062e+00 -7.8566025e+00 -7.8566025e+00 +1.2740222e+00 +2.7740710e+00 +4.0945955e+00 +4.0945955e+00 +5.1779532e+00 +5.1779533e+00 +5.4559344e+00 +5.4760796e+00 
-2.2092947e+01 -2.2060517e+01 -2.2038167e+01 -2.2038167e+01 -8.2388353e+00 -8.2388352e+00 -8.2012736e+00 -8.0981564e+00 -8.0981564e+00 -8.0100932e+00 -8.0100932e+00 -7.9819772e+00 -7.9445127e+00 -7.9445127e+00 -7.8640439e+00 -7.8640439e+00 +1.3811343e+00 +2.6481230e+00 +4.1581062e+00 +4.1581062e+00 +5.1985951e+00 +5.1985951e+00 +5.4504360e+00 +5.5245210e+00 
-2.2089857e+01 -2.2063612e+01 -2.2038155e+01 -2.2038155e+01 -8.2256641e+00 -8.2256641e+00 -8.1819042e+00 -8.1118207e+00 -8.1118207e+00 -8.0109491e+00 -8.0109491e+00 -8.0045471e+00 -7.9369030e+00 -7.9369030e+00 -7.8717812e+00 -7.8717812e+00 +1.4940371e+00 +2.5186467e+00 +4.2165102e+00 +4.2165102e+00 +5.2205075e+00 +5.2205075e+00 +5.4242177e+00 +5.5981302e+00 
-2.2086667e+01 -2.2066806e+01 -2.2038145e+01 -2.2038145e+01 -8.2120151e+00 -8.2120151e+00 -8.1615920e+00 -8.1258696e+00 -8.1258696e+00 -8.0274510e+00 -8.0116430e+00 -8.0116430e+00 -7.9290337e+00 -7.9290337e+00 -7.8797541e+00 -7.8797541e+00 +1.6121076e+00 +2.3869528e+00 +4.2667362e+00 +4.2667362e+00 +5.2435742e+00 +5.2435742e+00 +5.3976666e+00 +5.6766255e+00 
-2.2083401e+01 -2.2070076e+01 -2.2038138e+01 -2.2038138e+01 -8.1979873e+00 -8.1979873e+00 -8.1404565e+00 -8.1401920e+00 -8.1401920e+00 -8.0504932e+00 -8.0121541e+00 -8.0121541e+00 -7.9209634e+00 -7.9209634e+00 -7.8879006e+00 -7.8879006e+00 +1.7346720e+00 +2.2542625e+00 +4.3056218e+00 +4.3056218e+00 +5.2676621e+00 +5.2676622e+00 +5.3710157e+00 +5.7598465e+00 
-2.2080083e+01 -2.2073395e+01 -2.2038133e+01 -2.2038133e+01 -8.1836836e+00 -8.1836836e+00 -8.1546762e+00 -8.1546762e+00 -8.1186295e+00 -8.0734868e+00 -8.0124670e+00 -8.0124669e+00 -7.9127526e+00 -7.9127526e+00 -7.8961582e+00 -7.8961582e+00 +1.8609998e+00 +2.1217005e+00 +4.3303154e+00 +4.3303154e+00 +5.2926229e+00 +5.2926230e+00 +5.3444874e+00 +5.8476048e+00 
-2.2076740e+01 -2.2076740e+01 -2.2038132e+01 -2.2038132e+01 -8.1692103e+00 -8.1692103e+00 -8.1692102e+00 -8.1692102e+00 -8.0962544e+00 -8.0962544e+00 -8.0125722e+00 -8.0125722e+00 -7.9044633e+00 -7.9044633e+00 -7.9044632e+00 -7.9044632e+00 +1.9902972e+00 +1.9902986e+00 +4.3387922e+00 +4.3387922e+00 +5.3182912e+00 +5.3182912e+00 +5.3182918e+00 +5.3182918e+00 
-2.2076665e+01 -2.2076665e+01 -2.2038204e+01 -2.2038204e+01 -8.1702022e+00 -8.1702021e+00 -8.1687233e+00 -8.1687232e+00 -8.0972890e+00 -8.0972890e+00 -8.0112806e+00 -8.0112806e+00 -7.9049846e+00 -7.9049845e+00 -7.9038252e+00 -7.9038251e+00 +1.9941770e+00 +1.9941785e+00 +4.3389880e+00 +4.3389880e+00 +5.3074903e+00 +5.3074909e+00 +5.3191078e+00 +5.3191084e+00 
-2.2076442e+01 -2.2076442e+01 -2.2038420e+01 -2.2038420e+01 -8.1730507e+00 -8.1730507e+00 -8.1672656e+00 -8.1672655e+00 -8.1003238e+00 -8.1003238e+00 -8.0075344e+00 -8.0075344e+00 -7.9065441e+00 -7.9065440e+00 -7.9019756e+00 -7.9019756e+00 +2.0058000e+00 +2.0058014e+00 +4.3390592e+00 +4.3390593e+00 +5.2770939e+00 +5.2770945e+00 +5.3215549e+00 +5.3215555e+00 
-2.2076071e+01 -2.2076071e+01 -2.2038779e+01 -2.2038779e+01 -8.1774229e+00 -8.1774229e+00 -8.1648472e+00 -8.1648472e+00 -8.1051680e+00 -8.1051679e+00 -8.0016708e+00 -8.0016708e+00 -7.9091287e+00 -7.9091286e+00 -7.8990923e+00 -7.8990922e+00 +2.0251160e+00 +2.0251174e+00 +4.3373948e+00 +4.3373949e+00 +5.2325464e+00 +5.2325470e+00 +5.3256233e+00 +5.3256239e+00 
-2.2075557e+01 -2.2075557e+01 -2.2039277e+01 -2.2039277e+01 -8.1828855e+00 -8.1828855e+00 -8.1614849e+00 -8.1614848e+00 -8.1115491e+00 -8.1115490e+00 -7.9941300e+00 -7.9941300e+00 -7.9127167e+00 -7.9127166e+00 -7.8954261e+00 -7.8954260e+00 +2.0520426e+00 +2.0520440e+00 +4.3311539e+00 +4.3311540e+00 +5.1814962e+00 +5.1814967e+00 +5.3312980e+00 +5.3312986e+00 
-2.2074902e+01 -2.2074902e+01 -2.2039911e+01 -2.2039911e+01 -8.1890017e+00 -8.1890017e+00 -8.1572017e+00 -8.1572017e+00 -8.1191581e+00 -8.1191581e+00 -7.9853589e+00 -7.9853589e+00 -7.9172780e+00 -7.9172780e+00 -7.8912565e+00 -7.8912564e+00 +2.0864644e+00 +2.0864658e+00 +4.3162680e+00 +4.3162682e+00 +5.1326161e+00 +5.1326165e+00 +5.3385585e+00 +5.3385591e+00 
-2.2074113e+01 -2.2074113e+01 -2.2040677e+01 -2.2040677e+01 -8.1953846e+00 -8.1953846e+00 -8.1520273e+00 -8.1520273e+00 -8.1276849e+00 -8.1276849e+00 -7.9757573e+00 -7.9757573e+00 -7.9227746e+00 -7.9227745e+00 -7.8868567e+00 -7.8868567e+00 +2.1282348e+00 +2.1282362e+00 +4.2880237e+00 +4.2880239e+00 +5.0944356e+00 +5.0944360e+00 +5.3473787e+00 +5.3473793e+00 
-2.2073196e+01 -2.2073196e+01 -2.2041569e+01 -2.2041569e+01 -8.2017136e+00 -8.2017136e+00 -8.1459977e+00 -8.1459977e+00 -8.1368388e+00 -8.1368387e+00 -7.9656618e+00 -7.9656617e+00 -7.9291606e+00 -7.9291606e+00 -7.8824738e+00 -7.8824737e+00 +2.1771764e+00 +2.1771778e+00 +4.2425702e+00 +4.2425704e+00 +5.0737146e+00 +5.3577289e+00 +5.8490959e+00 +5.8490961e+00 
-2.2072157e+01 -2.2072157e+01 -2.2042580e+01 -2.2042580e+01 -8.2077313e+00 -8.2077312e+00 -8.1463575e+00 -8.1463574e+00 -8.1391549e+00 -8.1391548e+00 -7.9553486e+00 -7.9553486e+00 -7.9363833e+00 -7.9363832e+00 -7.8783202e+00 -7.8783201e+00 +2.2330820e+00 +2.2330833e+00 +4.1786713e+00 +4.1786715e+00 +5.0737944e+00 +5.3695729e+00 +5.8252187e+00 +5.8252190e+00 
-2.2071005e+01 -2.2071005e+01 -2.2043704e+01 -2.2043704e+01 -8.2132336e+00 -8.2132336e+00 -8.1560089e+00 -8.1560089e+00 -8.1315468e+00 -8.1315468e+00 -7.9450441e+00 -7.9450441e+00 -7.9443830e+00 -7.9443830e+00 -7.8745732e+00 -7.8745731e+00 +2.2957156e+00 +2.2957169e+00 +4.0981057e+00 +4.0981063e+00 +5.0943590e+00 +5.0943592e+00 +5.3828727e+00 +5.7999050e+00 
-2.2069750e+01 -2.2069750e+01 -2.2044931e+01 -2.2044931e+01 -8.2180598e+00 -8.2180597e+00 -8.1655891e+00 -8.1655891e+00 -8.1232271e+00 -8.1232271e+00 -7.9530943e+00 -7.9530943e+00 -7.9349345e+00 -7.9349345e+00 -7.8713778e+00 -7.8713778e+00 +2.3648140e+00 +2.3648151e+00 +4.0044072e+00 +4.0044078e+00 +5.1328466e+00 +5.1328468e+00 +5.3975863e+00 +5.7735568e+00 
-2.2068400e+01 -2.2068400e+01 -2.2046254e+01 -2.2046254e+01 -8.2220839e+00 -8.2220839e+00 -8.1749192e+00 -8.1749191e+00 -8.1142548e+00 -8.1142548e+00 -7.9624463e+00 -7.9624463e+00 -7.9251745e+00 -7.9251745e+00 -7.8688507e+00 -7.8688507e+00 +2.4400869e+00 +2.4400881e+00 +3.9013369e+00 +3.9013375e+00 +5.1860907e+00 +5.1860903e+00 +5.4136689e+00 +5.7465348e+00 
-2.2066967e+01 -2.2066967e+01 -2.2047661e+01 -2.2047661e+01 -8.2252086e+00 -8.2252085e+00 -8.1838423e+00 -8.1838422e+00 -8.1046939e+00 -8.1046939e+00 -7.9723634e+00 -7.9723634e+00 -7.9158938e+00 -7.9158938e+00 -7.8670841e+00 -7.8670841e+00 +2.5212189e+00 +2.5212200e+00 +3.7920852e+00 +3.7920858e+00 +5.2512046e+00 +5.2512049e+00 +5.4310727e+00 +5.7191563e+00 
-2.2065461e+01 -2.2065461e+01 -2.2049144e+01 -2.2049144e+01 -8.2273605e+00 -8.2273604e+00 -8.1922212e+00 -8.1922211e+00 -8.0946131e+00 -8.0946131e+00 -7.9827661e+00 -7.9827661e+00 -7.9072015e+00 -7.9072014e+00 -7.8661493e+00 -7.8661493e+00 +2.6078687e+00 +2.6078698e+00 +3.6791147e+00 +3.6791154e+00 +5.3257998e+00 +5.3257994e+00 +5.4497476e+00 +5.6916958e+00 
-2.2063895e+01 -2.2063895e+01 -2.2050689e+01 -2.2050689e+01 -8.2284872e+00 -8.2284871e+00 -8.1999363e+00 -8.1999362e+00 -8.0840856e+00 -8.0840856e+00 -7.9935715e+00 -7.9935715e+00 -7.8991893e+00 -7.8991893e+00 -7.8660993e+00 -7.8660992e+00 +2.6996700e+00 +2.6996711e+00 +3.5642748e+00 +3.5642755e+00 +5.4079097e+00 +5.4696403e+00 +5.4079092e+00 +5.6643872e+00 
-2.2062281e+01 -2.2062281e+01 -2.2052288e+01 -2.2052288e+01 -8.2285548e+00 -8.2285548e+00 -8.2068841e+00 -8.2068840e+00 -8.0731882e+00 -8.0731881e+00 -8.0046943e+00 -8.0046943e+00 -7.8919340e+00 -7.8919340e+00 -7.8669711e+00 -7.8669710e+00 +2.7962297e+00 +2.7962308e+00 +3.4489646e+00 +3.4489653e+00 +5.4906943e+00 +5.4958587e+00 +5.4958583e+00 +5.6374282e+00 
-2.2060631e+01 -2.2060631e+01 -2.2053926e+01 -2.2053926e+01 -8.2275469e+00 -8.2275468e+00 -8.2129767e+00 -8.2129766e+00 -8.0620010e+00 -8.0620010e+00 -8.0160475e+00 -8.0160475e+00 -7.8854987e+00 -7.8854986e+00 -7.8687872e+00 -7.8687872e+00 +2.8971260e+00 +2.8971270e+00 +3.3342697e+00 +3.3342705e+00 +5.5128482e+00 +5.5881474e+00 +5.6109847e+00 +5.9735323e+00 
-2.2058957e+01 -2.2058957e+01 -2.2055592e+01 -2.2055592e+01 -8.2254629e+00 -8.2254628e+00 -8.2181407e+00 -8.2181406e+00 -8.0506072e+00 -8.0506072e+00 -8.0275429e+00 -8.0275429e+00 -7.8799337e+00 -7.8799336e+00 -7.8715571e+00 -7.8715571e+00 +3.0019033e+00 +3.0019042e+00 +3.2210619e+00 +3.2210628e+00 +5.5360347e+00 +5.5360351e+00 +5.5851961e+00 +5.6833758e+00 
-2.2057273e+01 -2.2057273e+01 -2.2057273e+01 -2.2057273e+01 -8.2223175e+00 -8.2223175e+00 -8.2223175e+00 -8.2223174e+00 -8.0390922e+00 -8.0390922e+00 -8.0390922e+00 -8.0390922e+00 -7.8752776e+00 -7.8752775e+00 -7.8752775e+00 -7.8752775e+00 +3.1100649e+00 +3.1100658e+00 +3.1100660e+00 +3.1100667e+00 +5.5601796e+00 +5.5601796e+00 +5.5601797e+00 +5.7802023e+00 
-2.2059676e+01 -2.2057205e+01 -2.2057205e+01 -2.2055013e+01 -8.2262959e+00 -8.2224277e+00 -8.2224277e+00 -8.2161424e+00 -8.0551828e+00 -8.0389462e+00 -8.0389462e+00 -8.0232279e+00 -7.8811812e+00 -7.8760700e+00 -7.8760700e+00 -7.8695806e+00 +2.9584469e+00 +3.1126602e+00 +3.1126606e+00 +3.2619208e+00 +5.5288310e+00 +5.5582864e+00 +5.5582865e+00 +5.6467924e+00 
-2.2062210e+01 -2.2056999e+01 -2.2056999e+01 -2.2052903e+01 -8.2280847e+00 -8.2227664e+00 -8.2227664e+00 -8.2077904e+00 -8.0714358e+00 -8.0385103e+00 -8.0385103e+00 -8.0076502e+00 -7.8872675e+00 -7.8784234e+00 -7.8784233e+00 -7.8641110e+00 +2.8077480e+00 +3.1203793e+00 +3.1203794e+00 +3.4132067e+00 +5.5160678e+00 +5.5027878e+00 +5.5526350e+00 +5.5526351e+00 
-2.2064866e+01 -2.2056660e+01 -2.2056660e+01 -2.2050949e+01 -8.2277181e+00 -8.2233576e+00 -8.2233576e+00 -8.1973081e+00 -8.0877846e+00 -8.0377906e+00 -8.0377906e+00 -7.9924161e+00 -7.8935098e+00 -7.8822670e+00 -7.8822670e+00 -7.8588862e+00 +2.6585629e+00 +3.1330315e+00 +3.1330315e+00 +3.5629519e+00 +5.3885958e+00 +5.4818632e+00 +5.5433101e+00 +5.5433102e+00 
-2.2067627e+01 -2.2056193e+01 -2.2056193e+01 -2.2049154e+01 -8.2252560e+00 -8.2242408e+00 -8.2242407e+00 -8.1847697e+00 -8.1041599e+00 -8.0367973e+00 -8.0367973e+00 -7.9775781e+00 -7.8998786e+00 -7.8874850e+00 -7.8874849e+00 -7.8539207e+00 +2.5114204e+00 +3.1503027e+00 +3.1503028e+00 +3.7099391e+00 +5.2650322e+00 +5.4658400e+00 +5.5304523e+00 +5.5304523e+00 
-2.2070480e+01 -2.2055603e+01 -2.2055603e+01 -2.2047519e+01 -8.2254694e+00 -8.2254694e+00 -8.2207844e+00 -8.1702761e+00 -8.1204903e+00 -8.0355446e+00 -8.0355446e+00 -7.9631851e+00 -7.9063418e+00 -7.8939191e+00 -7.8939191e+00 -7.8492258e+00 +2.3668010e+00 +3.1717624e+00 +3.1717624e+00 +3.8525698e+00 +5.1462528e+00 +5.4544754e+00 +5.5142560e+00 +5.5142560e+00 
-2.2073406e+01 -2.2054901e+01 -2.2054901e+01 -2.2046044e+01 -8.2271097e+00 -8.2271096e+00 -8.2144138e+00 -8.1539551e+00 -8.1367029e+00 -8.0340502e+00 -8.0340502e+00 -7.9492814e+00 -7.9128653e+00 -7.9013738e+00 -7.9013738e+00 -7.8448094e+00 +2.2251501e+00 +3.1968736e+00 +3.1968736e+00 +3.9885870e+00 +5.0336248e+00 +5.4474997e+00 +5.4949677e+00 +5.7526752e+00 
-2.2076387e+01 -2.2054094e+01 -2.2054094e+01 -2.2044728e+01 -8.2292365e+00 -8.2292365e+00 -8.2062783e+00 -8.1527238e+00 -8.1359604e+00 -8.0323355e+00 -8.0323355e+00 -7.9359070e+00 -7.9194128e+00 -7.9096217e+00 -7.9096217e+00 -7.8406764e+00 +2.0868883e+00 +3.2250070e+00 +3.2250071e+00 +4.1144442e+00 +4.9296403e+00 +5.4446173e+00 +5.4728821e+00 +5.7432719e+00 
-2.2079402e+01 -2.2053196e+01 -2.2053196e+01 -2.2043564e+01 -8.2319294e+00 -8.2319294e+00 -8.1965347e+00 -8.1684784e+00 -8.1164712e+00 -8.0304248e+00 -8.0304248e+00 -7.9259466e+00 -7.9230973e+00 -7.9184126e+00 -7.9184125e+00 -7.8368290e+00 +1.9524197e+00 +3.2554582e+00 +3.2554583e+00 +4.2237461e+00 +4.8394888e+00 +5.4455075e+00 +5.4483379e+00 +5.7329193e+00 
-2.2082430e+01 -2.2052220e+01 -2.2052220e+01 -2.2042548e+01 -8.2352653e+00 -8.2352653e+00 -8.1853609e+00 -8.1838922e+00 -8.0956908e+00 -8.0283456e+00 -8.0283456e+00 -7.9324278e+00 -7.9274830e+00 -7.9274830e+00 -7.9108837e+00 -7.8332665e+00 +1.8221377e+00 +3.2874705e+00 +3.2874706e+00 +4.3038588e+00 +4.7744835e+00 +5.4217127e+00 +5.4498270e+00 +5.7219183e+00 
-2.2085449e+01 -2.2051178e+01 -2.2051178e+01 -2.2041671e+01 -8.2393105e+00 -8.2393104e+00 -8.1988913e+00 -8.1729540e+00 -8.0738456e+00 -8.0261277e+00 -8.0261277e+00 -7.9388164e+00 -7.9365697e+00 -7.9365697e+00 -7.8992931e+00 -7.8299857e+00 +1.6964298e+00 +3.3202604e+00 +3.3202604e+00 +4.3350300e+00 +4.7530070e+00 +5.3934148e+00 +5.4572100e+00 +5.7106264e+00 
-2.2088436e+01 -2.2050088e+01 -2.2050088e+01 -2.2040926e+01 -8.2441094e+00 -8.2441094e+00 -8.2134028e+00 -8.1595283e+00 -8.0511831e+00 -8.0238030e+00 -8.0238030e+00 -7.9454229e+00 -7.9454229e+00 -7.9450723e+00 -7.8883483e+00 -7.8269813e+00 +1.5756810e+00 +3.3530482e+00 +3.3530482e+00 +4.3110937e+00 +4.7799115e+00 +5.3638775e+00 +5.4672700e+00 +5.6994378e+00 
-2.2091368e+01 -2.2048964e+01 -2.2048964e+01 -2.2040303e+01 -8.2496748e+00 -8.2496748e+00 -8.2273555e+00 -8.1453131e+00 -8.0279698e+00 -8.0214051e+00 -8.0214051e+00 -7.9538213e+00 -7.9538212e+00 -7.9511551e+00 -7.8780684e+00 -7.8242460e+00 +1.4602755e+00 +3.3850899e+00 +3.3850900e+00 +4.2530955e+00 +4.8330392e+00 +5.3335497e+00 +5.4796021e+00 +5.6887545e+00 
-2.2094222e+01 -2.2047822e+01 -2.2047822e+01 -2.2039791e+01 -8.2559780e+00 -8.2559780e+00 -8.2406803e+00 -8.1305498e+00 -8.0189689e+00 -8.0189689e+00 -8.0044885e+00 -7.9615846e+00 -7.9615845e+00 -7.9570247e+00 -7.8684689e+00 -7.8217707e+00 +1.3505975e+00 +3.4157106e+00 +3.4157106e+00 +4.1815252e+00 +4.8911575e+00 +5.3028886e+00 +5.3028886e+00 +6.4703660e+00 
-2.2096974e+01 -2.2046680e+01 -2.2046680e+01 -2.2039378e+01 -8.2629428e+00 -8.2629428e+00 -8.2533105e+00 -8.1154890e+00 -8.0165297e+00 -8.0165297e+00 -7.9810357e+00 -7.9685830e+00 -7.9685830e+00 -7.9626419e+00 -7.8595620e+00 -7.8195452e+00 +1.2470311e+00 +3.4443336e+00 +3.4443336e+00 +4.1063790e+00 +4.9440607e+00 +5.2723508e+00 +5.2723509e+00 +5.5093852e+00 
-2.2099603e+01 -2.2045554e+01 -2.2045554e+01 -2.2039054e+01 -8.2704450e+00 -8.2704449e+00 -8.2651826e+00 -8.1003871e+00 -8.0141232e+00 -8.0141232e+00 -7.9747408e+00 -7.9747408e+00 -7.9679686e+00 -7.9579172e+00 -7.8513569e+00 -7.8175582e+00 +1.1499585e+00 +3.4705056e+00 +3.4705056e+00 +4.0321161e+00 +4.9877231e+00 +5.2423851e+00 +5.2423852e+00 +5.6631796e+00 
-2.2102087e+01 -2.2044460e+01 -2.2044460e+01 -2.2038807e+01 -8.2783168e+00 -8.2783168e+00 -8.2762368e+00 -8.0855026e+00 -8.0117846e+00 -8.0117846e+00 -7.9800343e+00 -7.9800343e+00 -7.9729681e+00 -7.9354445e+00 -7.8438602e+00 -7.8157978e+00 +1.0597578e+00 +3.4939120e+00 +3.4939121e+00 +3.9609590e+00 +5.0210207e+00 +5.2134251e+00 +5.2134252e+00 +5.6575652e+00 
-2.2104403e+01 -2.2043415e+01 -2.2043415e+01 -2.2038625e+01 -8.2864167e+00 -8.2863569e+00 -8.2863568e+00 -8.0710922e+00 -8.0095484e+00 -8.0095484e+00 -7.9844845e+00 -7.9844845e+00 -7.9776058e+00 -7.9139299e+00 -7.8370765e+00 -7.8142518e+00 +9.7679959e-01 +3.5143817e+00 +3.5143819e+00 +3.8941958e+00 +5.0443463e+00 +5.1858835e+00 +5.1858835e+00 +5.6535207e+00 
-2.2106534e+01 -2.2042434e+01 -2.2042434e+01 -2.2038497e+01 -8.2956706e+00 -8.2943426e+00 -8.2943426e+00 -8.0574063e+00 -8.0074476e+00 -8.0074475e+00 -7.9881459e+00 -7.9881459e+00 -7.9818489e+00 -7.8936812e+00 -7.8310083e+00 -7.8129081e+00 +9.0144302e-01 +3.5318802e+00 +3.5318803e+00 +3.8326865e+00 +5.0589372e+00 +5.1601457e+00 +5.1601457e+00 +5.6509515e+00 
-2.2108460e+01 -2.2041531e+01 -2.2041531e+01 -2.2038412e+01 -8.3039511e+00 -8.3020437e+00 -8.3020437e+00 -8.0446850e+00 -8.0055132e+00 -8.0055132e+00 -7.9910955e+00 -7.9910955e+00 -7.9856676e+00 -7.8749963e+00 -7.8256569e+00 -7.8117548e+00 +8.3403074e-01 +3.5464918e+00 +3.5464919e+00 +3.7770726e+00 +5.0664606e+00 +5.1365663e+00 +5.1365664e+00 +5.6496709e+00 
-2.2110164e+01 -2.2040720e+01 -2.2040720e+01 -2.2038360e+01 -8.3112158e+00 -8.3092348e+00 -8.3092348e+00 -8.0331535e+00 -8.0037740e+00 -8.0037740e+00 -7.9934209e+00 -7.9934208e+00 -7.9890346e+00 -7.8581573e+00 -7.8210223e+00 -7.8107806e+00 +7.7488366e-01 +3.5583940e+00 +3.5583940e+00 +3.7278692e+00 +5.0687242e+00 +5.1154648e+00 +5.1154648e+00 +5.6494237e+00 
-2.2111633e+01 -2.2040012e+01 -2.2040012e+01 -2.2038333e+01 -8.3174273e+00 -8.3157055e+00 -8.3157054e+00 -8.0230179e+00 -8.0022559e+00 -8.0022559e+00 -7.9952113e+00 -7.9952113e+00 -7.9919258e+00 -7.8434241e+00 -7.8171039e+00 -7.8099753e+00 +7.2429532e-01 +3.5678256e+00 +3.5678256e+00 +3.6855055e+00 +5.0674758e+00 +5.0971228e+00 +5.0971228e+00 +5.6499145e+00 
-2.2112852e+01 -2.2039418e+01 -2.2039418e+01 -2.2038322e+01 -8.3225536e+00 -8.3212683e+00 -8.3212683e+00 -8.0144605e+00 -8.0009815e+00 -8.0009815e+00 -7.9965507e+00 -7.9965506e+00 -7.9943204e+00 -7.8310293e+00 -7.8139004e+00 -7.8093297e+00 +6.8252618e-01 +3.5750549e+00 +3.5750551e+00 +3.6503423e+00 +5.0642771e+00 +5.0817815e+00 +5.0817815e+00 +5.6508368e+00 
-2.2113812e+01 -2.2038946e+01 -2.2038946e+01 -2.2038320e+01 -8.3265685e+00 -8.3257646e+00 -8.3257646e+00 -8.0076367e+00 -7.9999700e+00 -7.9999700e+00 -7.9975121e+00 -7.9975121e+00 -7.9962011e+00 -7.8211719e+00 -7.8114107e+00 -7.8088360e+00 +6.4979815e-01 +3.5803478e+00 +3.5803478e+00 +3.6226773e+00 +5.0604343e+00 +5.0696405e+00 +5.0696406e+00 +5.6415782e+00 
-2.2114504e+01 -2.2038605e+01 -2.2038605e+01 -2.2038323e+01 -8.3294511e+00 -8.3290680e+00 -8.3290680e+00 -8.0026710e+00 -7.9992364e+00 -7.9992364e+00 -7.9981551e+00 -7.9981551e+00 -7.9975544e+00 -7.8140122e+00 -7.8096334e+00 -7.8084879e+00 +6.2628964e-01 +3.5839404e+00 +3.5839404e+00 +3.6027456e+00 +5.0569665e+00 +5.0608561e+00 +5.0608561e+00 +5.6482754e+00 
-2.2114922e+01 -2.2038397e+01 -2.2038397e+01 -2.2038327e+01 -8.3311867e+00 -8.3310870e+00 -8.3310870e+00 -7.9996546e+00 -7.9987918e+00 -7.9987918e+00 -7.9985231e+00 -7.9985231e+00 -7.9983703e+00 -7.8096683e+00 -7.8085675e+00 -7.8082809e+00 +6.1213132e-01 +3.5860176e+00 +3.5860176e+00 +3.5907175e+00 +5.0545982e+00 +5.0555404e+00 +5.0555404e+00 +5.6523645e+00 
-2.2115061e+01 -2.2038328e+01 -2.2038328e+01 -2.2038328e+01 -8.3317662e+00 -8.3317662e+00 -8.3317662e+00 -7.9986429e+00 -7.9986429e+00 -7.9986429e+00 -7.9986429e+00 -7.9986429e+00 -7.9986429e+00 -7.8082123e+00 -7.8082123e+00 -7.8082123e+00 +6.0740292e-01 +3.5866966e+00 +3.5866966e+00 +3.5866966e+00 +5.0537610e+00 +5.0537610e+00 +5.0537610e+00 +7.5240751e+00 
-2.2114923e+01 -2.2038373e+01 -2.2038373e+01 -2.2038373e+01 -8.3311268e+00 -8.3311268e+00 -8.3311268e+00 -7.9991980e+00 -7.9991980e+00 -7.9991980e+00 -7.9983508e+00 -7.9983508e+00 -7.9983508e+00 -7.8097490e+00 -7.8083747e+00 -7.8083746e+00 +6.1208510e-01 +3.5875761e+00 +3.5875764e+00 +3.5875764e+00 +5.0552104e+00 +5.0552104e+00 +5.0552105e+00 +5.6531306e+00 
-2.2114510e+01 -2.2038509e+01 -2.2038509e+01 -2.2038509e+01 -8.3292252e+00 -8.3292252e+00 -8.3292252e+00 -8.0008449e+00 -8.0008449e+00 -8.0008449e+00 -7.9974770e+00 -7.9974770e+00 -7.9974770e+00 -7.8143388e+00 -7.8088602e+00 -7.8088602e+00 +6.2610442e-01 +3.5901827e+00 +3.5901827e+00 +3.5901827e+00 +5.0594753e+00 +5.0594753e+00 +5.0594753e+00 +5.6513194e+00 
-2.2113825e+01 -2.2038733e+01 -2.2038733e+01 -2.2038733e+01 -8.3261117e+00 -8.3261117e+00 -8.3261116e+00 -8.0035278e+00 -8.0035278e+00 -8.0035278e+00 -7.9960295e+00 -7.9960295e+00 -7.9960295e+00 -7.8219212e+00 -7.8096640e+00 -7.8096639e+00 +6.4937994e-01 +3.5944211e+00 +3.5944212e+00 +3.5944212e+00 +5.0662943e+00 +5.0662943e+00 +5.0662943e+00 +5.6483697e+00 
-2.2112875e+01 -2.2039045e+01 -2.2039045e+01 -2.2039045e+01 -8.3218725e+00 -8.3218725e+00 -8.3218725e+00 -8.0071514e+00 -8.0071514e+00 -8.0071513e+00 -7.9940212e+00 -7.9940212e+00 -7.9940212e+00 -7.8323968e+00 -7.8107778e+00 -7.8107777e+00 +6.8177810e-01 +3.6001344e+00 +3.6001345e+00 +3.6001345e+00 +5.0751924e+00 +5.0751924e+00 +5.0751924e+00 +5.6444506e+00 
-2.2111670e+01 -2.2039440e+01 -2.2039440e+01 -2.2039440e+01 -8.3166338e+00 -8.3166338e+00 -8.3166338e+00 -8.0115779e+00 -8.0115779e+00 -8.0115779e+00 -7.9914703e+00 -7.9914703e+00 -7.9914703e+00 -7.8456298e+00 -7.8121903e+00 -7.8121903e+00 +7.2311467e-01 +3.6071056e+00 +3.6071057e+00 +3.6071057e+00 +5.0854190e+00 +5.0854190e+00 +5.0854191e+00 +5.6399339e+00 
-2.2110219e+01 -2.2039914e+01 -2.2039914e+01 -2.2039914e+01 -8.3105670e+00 -8.3105670e+00 -8.3105670e+00 -8.0166224e+00 -8.0166224e+00 -8.0166223e+00 -7.9883997e+00 -7.9883997e+00 -7.9883997e+00 -7.8614514e+00 -7.8138874e+00 -7.8138873e+00 +7.7315743e-01 +3.6150615e+00 +3.6150615e+00 +3.6150616e+00 +5.0958629e+00 +5.0958630e+00 +5.6355289e+00 +5.6355291e+00 
-2.2108537e+01 -2.2040464e+01 -2.2040464e+01 -2.2040464e+01 -8.3038957e+00 -8.3038957e+00 -8.3038957e+00 -8.0220464e+00 -8.0220464e+00 -8.0220464e+00 -7.9848373e+00 -7.9848373e+00 -7.9848373e+00 -7.8796631e+00 -7.8158517e+00 -7.8158517e+00 +8.3162911e-01 +3.6236766e+00 +3.6236766e+00 +3.6236768e+00 +5.1049643e+00 +5.1049643e+00 +5.6324348e+00 +5.6324348e+00 
-2.2106640e+01 -2.2041083e+01 -2.2041083e+01 -2.2041083e+01 -8.2969042e+00 -8.2969042e+00 -8.2969042e+00 -8.0275512e+00 -8.0275512e+00 -8.0275512e+00 -7.9808154e+00 -7.9808154e+00 -7.9808154e+00 -7.9000412e+00 -7.8180636e+00 -7.8180636e+00 +8.9821074e-01 +3.6325785e+00 +3.6325785e+00 +3.6325786e+00 +5.1106869e+00 +5.1106870e+00 +5.6324366e+00 +5.6324367e+00 
-2.2104546e+01 -2.2041766e+01 -2.2041766e+01 -2.2041766e+01 -8.2899434e+00 -8.2899434e+00 -8.2899434e+00 -8.0327720e+00 -8.0327720e+00 -8.0327720e+00 -7.9763709e+00 -7.9763709e+00 -7.9763709e+00 -7.9223413e+00 -7.8205010e+00 -7.8205010e+00 +9.7254509e-01 +3.6413542e+00 +3.6413542e+00 +3.6413544e+00 +5.1106713e+00 +5.1106713e+00 +5.6378244e+00 +5.6378246e+00 
-2.2102273e+01 -2.2042506e+01 -2.2042506e+01 -2.2042506e+01 -8.2834323e+00 -8.2834323e+00 -8.2834323e+00 -8.0372789e+00 -8.0372789e+00 -8.0372788e+00 -7.9715445e+00 -7.9715445e+00 -7.9715445e+00 -7.9463025e+00 -7.8231395e+00 -7.8231395e+00 +1.0542398e+00 +3.6495578e+00 +3.6495578e+00 +3.6495578e+00 +5.1026781e+00 +5.1026781e+00 +5.1026784e+00 +5.6510054e+00 
-2.2099844e+01 -2.2043296e+01 -2.2043296e+01 -2.2043296e+01 -8.2778434e+00 -8.2778434e+00 -8.2778434e+00 -8.0405914e+00 -8.0405914e+00 -8.0405914e+00 -7.9716520e+00 -7.9663806e+00 -7.9663806e+00 -7.9663806e+00 -7.8259527e+00 -7.8259527e+00 +1.1428705e+00 +3.6567185e+00 +3.6567186e+00 +3.6567186e+00 +5.0852344e+00 +5.0852345e+00 +5.0852346e+00 +5.6738896e+00 
-2.2097282e+01 -2.2044128e+01 -2.2044128e+01 -2.2044128e+01 -8.2736641e+00 -8.2736641e+00 -8.2736641e+00 -8.0422190e+00 -8.0422190e+00 -8.0422190e+00 -7.9981096e+00 -7.9609273e+00 -7.9609273e+00 -7.9609273e+00 -7.8289129e+00 -7.8289129e+00 +1.2379838e+00 +3.6623518e+00 +3.6623518e+00 +3.6623518e+00 +5.0581083e+00 +5.0581083e+00 +5.0581083e+00 +5.7074172e+00 
-2.2094610e+01 -2.2044994e+01 -2.2044994e+01 -2.2044994e+01 -8.2713285e+00 -8.2713285e+00 -8.2713284e+00 -8.0417298e+00 -8.0417298e+00 -8.0417298e+00 -8.0253915e+00 -7.9552354e+00 -7.9552354e+00 -7.9552354e+00 -7.8319910e+00 -7.8319910e+00 +1.3390990e+00 +3.6659708e+00 +3.6659708e+00 +3.6659708e+00 +5.0222873e+00 +5.0222874e+00 +5.0222874e+00 +5.7515434e+00 
-2.2091855e+01 -2.2045885e+01 -2.2045885e+01 -2.2045885e+01 -8.2711318e+00 -8.2711318e+00 -8.2711318e+00 -8.0532137e+00 -8.0388373e+00 -8.0388373e+00 -8.0388373e+00 -7.9493584e+00 -7.9493584e+00 -7.9493584e+00 -7.8351566e+00 -7.8351566e+00 +1.4457097e+00 +3.6671031e+00 +3.6671031e+00 +3.6671031e+00 +4.9795679e+00 +4.9795679e+00 +4.9795679e+00 +5.8055864e+00 
-2.2089043e+01 -2.2046794e+01 -2.2046794e+01 -2.2046794e+01 -8.2731650e+00 -8.2731650e+00 -8.2731650e+00 -8.0812955e+00 -8.0334660e+00 -8.0334660e+00 -8.0334660e+00 -7.9433518e+00 -7.9433518e+00 -7.9433518e+00 -7.8383790e+00 -7.8383790e+00 +1.5572847e+00 +3.6653105e+00 +3.6653105e+00 +3.6653105e+00 +4.9320873e+00 +4.9320873e+00 +4.9320873e+00 +5.8686074e+00 
-2.2086200e+01 -2.2047710e+01 -2.2047710e+01 -2.2047710e+01 -8.2773032e+00 -8.2773032e+00 -8.2773032e+00 -8.1093622e+00 -8.0257638e+00 -8.0257638e+00 -8.0257638e+00 -7.9372729e+00 -7.9372728e+00 -7.9372728e+00 -7.8416270e+00 -7.8416269e+00 +1.6732682e+00 +3.6602169e+00 +3.6602169e+00 +3.6602170e+00 +4.8819965e+00 +4.8819965e+00 +4.8819966e+00 +5.9396395e+00 
-2.2083354e+01 -2.2048626e+01 -2.2048626e+01 -2.2048626e+01 -8.2832543e+00 -8.2832543e+00 -8.2832543e+00 -8.1371475e+00 -8.0160534e+00 -8.0160534e+00 -8.0160534e+00 -7.9311798e+00 -7.9311798e+00 -7.9311797e+00 -7.8448690e+00 -7.8448690e+00 +1.7930785e+00 +3.6515415e+00 +3.6515415e+00 +3.6515415e+00 +4.8312778e+00 +4.8312779e+00 +4.8312779e+00 +6.0177668e+00 
-2.2080533e+01 -2.2049532e+01 -2.2049532e+01 -2.2049532e+01 -8.2906346e+00 -8.2906346e+00 -8.2906346e+00 -8.1643957e+00 -8.0047565e+00 -8.0047565e+00 -8.0047564e+00 -7.9251314e+00 -7.9251314e+00 -7.9251313e+00 -7.8480741e+00 -7.8480741e+00 +1.9161051e+00 +3.6391385e+00 +3.6391385e+00 +3.6391385e+00 +4.7816479e+00 +4.7816479e+00 +4.7816481e+00 +6.1021204e+00 
-2.2077763e+01 -2.2050421e+01 -2.2050421e+01 -2.2050421e+01 -8.2990382e+00 -8.2990382e+00 -8.2990382e+00 -8.1908631e+00 -7.9923238e+00 -7.9923238e+00 -7.9923238e+00 -7.9191864e+00 -7.9191864e+00 -7.9191864e+00 -7.8512116e+00 -7.8512116e+00 +2.0417055e+00 +3.6230368e+00 +3.6230368e+00 +3.6230368e+00 +4.7345030e+00 +4.7345030e+00 +4.7345031e+00 +6.1918406e+00 
-2.2075072e+01 -2.2051282e+01 -2.2051282e+01 -2.2051282e+01 -8.3080808e+00 -8.3080808e+00 -8.3080808e+00 -8.2163194e+00 -7.9791911e+00 -7.9791911e+00 -7.9791911e+00 -7.9134031e+00 -7.9134031e+00 -7.9134031e+00 -7.8542518e+00 -7.8542518e+00 +2.1691973e+00 +3.6034718e+00 +3.6034718e+00 +3.6034718e+00 +4.6908896e+00 +4.6908897e+00 +4.6908898e+00 +6.2860290e+00 
-2.2072486e+01 -2.2052109e+01 -2.2052109e+01 -2.2052109e+01 -8.3174200e+00 -8.3174200e+00 -8.3174200e+00 -8.2405492e+00 -7.9657578e+00 -7.9657578e+00 -7.9657577e+00 -7.9078385e+00 -7.9078385e+00 -7.9078384e+00 -7.8571659e+00 -7.8571659e+00 +2.2978476e+00 +3.5808987e+00 +3.5808987e+00 +3.5808987e+00 +4.6514989e+00 +4.6514990e+00 +4.6514990e+00 +5.4127711e+00 
-2.2070029e+01 -2.2052892e+01 -2.2052892e+01 -2.2052892e+01 -8.3267601e+00 -8.3267601e+00 -8.3267601e+00 -8.2633523e+00 -7.9523806e+00 -7.9523806e+00 -7.9523806e+00 -7.9025475e+00 -7.9025475e+00 -7.9025475e+00 -7.8599265e+00 -7.8599265e+00 +2.4268559e+00 +3.5559803e+00 +3.5559803e+00 +3.5559803e+00 +4.6166882e+00 +4.6166883e+00 +4.6166884e+00 +5.2991011e+00 
-2.2067727e+01 -2.2053626e+01 -2.2053626e+01 -2.2053626e+01 -8.3358502e+00 -8.3358502e+00 -8.3358502e+00 -8.2845446e+00 -7.9393748e+00 -7.9393748e+00 -7.9393748e+00 -7.8975832e+00 -7.8975832e+00 -7.8975832e+00 -7.8625078e+00 -7.8625078e+00 +2.5553260e+00 +3.5295483e+00 +3.5295484e+00 +3.5295484e+00 +4.5865295e+00 +4.5865295e+00 +4.5865295e+00 +5.1873433e+00 
-2.2065601e+01 -2.2054302e+01 -2.2054302e+01 -2.2054302e+01 -8.3444782e+00 -8.3444782e+00 -8.3444782e+00 -8.3039590e+00 -7.9270177e+00 -7.9270177e+00 -7.9270177e+00 -7.8929952e+00 -7.8929952e+00 -7.8929952e+00 -7.8648857e+00 -7.8648857e+00 +2.6822230e+00 +3.5025447e+00 +3.5025447e+00 +3.5025447e+00 +4.5608762e+00 +4.5608762e+00 +4.5608762e+00 +5.0778261e+00 
-2.2063673e+01 -2.2054914e+01 -2.2054914e+01 -2.2054914e+01 -8.3524664e+00 -8.3524664e+00 -8.3524664e+00 -8.3214449e+00 -7.9155524e+00 -7.9155524e+00 -7.9155524e+00 -7.8888300e+00 -7.8888300e+00 -7.8888300e+00 -7.8670382e+00 -7.8670382e+00 +2.8063027e+00 +3.4759547e+00 +3.4759548e+00 +3.4759548e+00 +4.5394378e+00 +4.5394378e+00 +4.5394378e+00 +4.9710924e+00 
-2.2061962e+01 -2.2055458e+01 -2.2055458e+01 -2.2055458e+01 -8.3596659e+00 -8.3596659e+00 -8.3596659e+00 -8.3368695e+00 -7.9051905e+00 -7.9051905e+00 -7.9051905e+00 -7.8851296e+00 -7.8851296e+00 -7.8851296e+00 -7.8689455e+00 -7.8689455e+00 +2.9259993e+00 +3.4507443e+00 +3.4507444e+00 +3.4507444e+00 +4.5218488e+00 +4.5218488e+00 +4.5218489e+00 +4.8680324e+00 
-2.2060484e+01 -2.2055926e+01 -2.2055926e+01 -2.2055926e+01 -8.3659537e+00 -8.3659537e+00 -8.3659537e+00 -8.3501170e+00 -7.8961144e+00 -7.8961144e+00 -7.8961144e+00 -7.8819318e+00 -7.8819318e+00 -7.8819318e+00 -7.8705898e+00 -7.8705898e+00 +3.0392481e+00 +3.4278090e+00 +3.4278091e+00 +3.4278091e+00 +4.5077251e+00 +4.5077251e+00 +4.5077251e+00 +4.7700757e+00 
-2.2059254e+01 -2.2056316e+01 -2.2056316e+01 -2.2056316e+01 -8.3712294e+00 -8.3712293e+00 -8.3712293e+00 -8.3610897e+00 -7.8884779e+00 -7.8884779e+00 -7.8884779e+00 -7.8792694e+00 -7.8792694e+00 -7.8792694e+00 -7.8719562e+00 -7.8719562e+00 +3.1432201e+00 +3.4079378e+00 +3.4079379e+00 +3.4079379e+00 +4.4967041e+00 +4.4967041e+00 +4.4967041e+00 +4.6794757e+00 
-2.2058285e+01 -2.2056622e+01 -2.2056622e+01 -2.2056622e+01 -8.3754130e+00 -8.3754130e+00 -8.3754130e+00 -8.3697072e+00 -7.8824070e+00 -7.8824070e+00 -7.8824070e+00 -7.8771697e+00 -7.8771697e+00 -7.8771697e+00 -7.8730321e+00 -7.8730321e+00 +3.2339796e+00 +3.3917903e+00 +3.3917904e+00 +3.3917904e+00 +4.4884709e+00 +4.4884709e+00 +4.4884709e+00 +4.5996690e+00 
-2.2057586e+01 -2.2056844e+01 -2.2056844e+01 -2.2056844e+01 -8.3784439e+00 -8.3784439e+00 -8.3784439e+00 -8.3759072e+00 -7.8780002e+00 -7.8780002e+00 -7.8780002e+00 -7.8756542e+00 -7.8756542e+00 -7.8756542e+00 -7.8738077e+00 -7.8738077e+00 +3.3062159e+00 +3.3798849e+00 +3.3798849e+00 +3.3798850e+00 +4.4827731e+00 +4.4827731e+00 +4.4827732e+00 +4.5355595e+00 
-2.2057163e+01 -2.2056977e+01 -2.2056977e+01 -2.2056977e+01 -8.3802793e+00 -8.3802793e+00 -8.3802793e+00 -8.3796450e+00 -7.8753279e+00 -7.8753279e+00 -7.8753279e+00 -7.8747386e+00 -7.8747386e+00 -7.8747386e+00 -7.8742758e+00 -7.8742758e+00 +3.3535427e+00 +3.3725931e+00 +3.3725931e+00 +3.3725931e+00 +4.4794279e+00 +4.4794279e+00 +4.4794279e+00 +4.4932324e+00 
-2.2057022e+01 -2.2057022e+01 -2.2057022e+01 -2.2057022e+01 -8.3808939e+00 -8.3808939e+00 -8.3808939e+00 -8.3808939e+00 -7.8744323e+00 -7.8744323e+00 -7.8744323e+00 -7.8744323e+00 -7.8744323e+00 -7.8744323e+00 -7.8744323e+00 -7.8744323e+00 +3.3701377e+00 +3.3701377e+00 +3.3701377e+00 +3.3701378e+00 +4.4783249e+00 +4.4783249e+00 +4.4783249e+00 +4.4783250e+00 
-2.2057094e+01 -2.2057094e+01 -2.2056953e+01 -2.2056953e+01 -8.3803529e+00 -8.3803529e+00 -8.3798733e+00 -8.3798733e+00 -7.8755625e+00 -7.8755625e+00 -7.8747071e+00 -7.8747071e+00 -7.8745796e+00 -7.8745796e+00 -7.8745426e+00 -7.8745426e+00 +3.3605417e+00 +3.3605418e+00 +3.3750549e+00 +3.3750550e+00 +4.4776657e+00 +4.4776658e+00 +4.4882027e+00 +4.4882028e+00 
-2.2057310e+01 -2.2057310e+01 -2.2056749e+01 -2.2056749e+01 -8.3787333e+00 -8.3787333e+00 -8.3768246e+00 -8.3768246e+00 -7.8789337e+00 -7.8789337e+00 -7.8755319e+00 -7.8755319e+00 -7.8750185e+00 -7.8750185e+00 -7.8748719e+00 -7.8748719e+00 +3.3327582e+00 +3.3327586e+00 +3.3897721e+00 +3.3897721e+00 +4.4757011e+00 +4.4757011e+00 +4.5168486e+00 +4.5168487e+00 
-2.2057666e+01 -2.2057666e+01 -2.2056411e+01 -2.2056411e+01 -8.3760457e+00 -8.3760457e+00 -8.3717878e+00 -8.3717878e+00 -7.8844891e+00 -7.8844891e+00 -7.8769075e+00 -7.8769075e+00 -7.8757409e+00 -7.8757409e+00 -7.8754151e+00 -7.8754151e+00 +3.2893690e+00 +3.2893695e+00 +3.4141861e+00 +3.4141862e+00 +4.4724709e+00 +4.4724709e+00 +4.5617307e+00 +4.5617308e+00 
-2.2058156e+01 -2.2058156e+01 -2.2055945e+01 -2.2055945e+01 -8.3723074e+00 -8.3723073e+00 -8.3648290e+00 -8.3648290e+00 -7.8921353e+00 -7.8921353e+00 -7.8788352e+00 -7.8788352e+00 -7.8767331e+00 -7.8767331e+00 -7.8761642e+00 -7.8761642e+00 +3.2336146e+00 +3.2336152e+00 +3.4481267e+00 +3.4481267e+00 +4.4680406e+00 +4.4680407e+00 +4.6196871e+00 +4.6196872e+00 
-2.2058775e+01 -2.2058775e+01 -2.2055357e+01 -2.2055357e+01 -8.3675428e+00 -8.3675428e+00 -8.3560403e+00 -8.3560403e+00 -7.9017449e+00 -7.9017449e+00 -7.8813166e+00 -7.8813166e+00 -7.8779762e+00 -7.8779761e+00 -7.8771081e+00 -7.8771081e+00 +3.1686262e+00 +3.1686268e+00 +3.4913582e+00 +3.4913582e+00 +4.4625005e+00 +4.4625005e+00 +4.6876876e+00 +4.6876877e+00 
-2.2059512e+01 -2.2059512e+01 -2.2054656e+01 -2.2054656e+01 -8.3617832e+00 -8.3617832e+00 -8.3455388e+00 -8.3455388e+00 -7.9131590e+00 -7.9131590e+00 -7.8843529e+00 -7.8843529e+00 -7.8794462e+00 -7.8794462e+00 -7.8782328e+00 -7.8782327e+00 +3.0970621e+00 +3.0970628e+00 +3.5435825e+00 +3.5435826e+00 +4.4559633e+00 +4.4559633e+00 +4.7631872e+00 +4.7631874e+00 
-2.2060356e+01 -2.2060356e+01 -2.2053852e+01 -2.2053852e+01 -8.3550669e+00 -8.3550669e+00 -8.3334664e+00 -8.3334664e+00 -7.9261910e+00 -7.9261910e+00 -7.8879451e+00 -7.8879451e+00 -7.8811149e+00 -7.8811149e+00 -7.8795215e+00 -7.8795214e+00 +3.0210504e+00 +3.0210513e+00 +3.6044418e+00 +3.6044419e+00 +4.4485622e+00 +4.4485622e+00 +4.8441725e+00 +4.8441727e+00 
-2.2061296e+01 -2.2061296e+01 -2.2052957e+01 -2.2052957e+01 -8.3474389e+00 -8.3474388e+00 -8.3199881e+00 -8.3199881e+00 -7.9406306e+00 -7.9406305e+00 -7.8920930e+00 -7.8920930e+00 -7.8829494e+00 -7.8829494e+00 -7.8809552e+00 -7.8809552e+00 +2.9422686e+00 +2.9422695e+00 +3.6735219e+00 +3.6735219e+00 +4.4404483e+00 +4.4404484e+00 +4.9290667e+00 +4.9290668e+00 
-2.2062318e+01 -2.2062318e+01 -2.2051983e+01 -2.2051983e+01 -8.3389512e+00 -8.3389512e+00 -8.3052910e+00 -8.3052909e+00 -7.9562479e+00 -7.9562479e+00 -7.8967946e+00 -7.8967946e+00 -7.8849133e+00 -7.8849132e+00 -7.8825127e+00 -7.8825127e+00 +2.8620535e+00 +2.8620543e+00 +3.7503546e+00 +3.7503546e+00 +4.4317871e+00 +4.4317872e+00 +5.0166020e+00 +5.0166022e+00 
-2.2063405e+01 -2.2063405e+01 -2.2050945e+01 -2.2050945e+01 -8.3296629e+00 -8.3296629e+00 -8.2895823e+00 -8.2895823e+00 -7.9727983e+00 -7.9727983e+00 -7.9020454e+00 -7.9020454e+00 -7.8869667e+00 -7.8869667e+00 -7.8841710e+00 -7.8841710e+00 +2.7814981e+00 +2.7814990e+00 +3.8344202e+00 +3.8344202e+00 +4.4227549e+00 +4.4227549e+00 +5.1057020e+00 +5.1057022e+00 
-2.2064543e+01 -2.2064543e+01 -2.2049857e+01 -2.2049857e+01 -8.3196404e+00 -8.3196404e+00 -8.2730878e+00 -8.2730877e+00 -7.9900266e+00 -7.9900266e+00 -7.9078375e+00 -7.9078375e+00 -7.8890674e+00 -7.8890674e+00 -7.8859058e+00 -7.8859058e+00 +2.7015259e+00 +2.7015269e+00 +3.9251479e+00 +3.9251480e+00 +4.4135343e+00 +4.4135344e+00 +5.1953835e+00 +6.2782341e+00 
-2.2065715e+01 -2.2065715e+01 -2.2048736e+01 -2.2048736e+01 -8.3089575e+00 -8.3089575e+00 -8.2560487e+00 -8.2560487e+00 -8.0076720e+00 -8.0076720e+00 -7.9141583e+00 -7.9141583e+00 -7.8911712e+00 -7.8911712e+00 -7.8876916e+00 -7.8876916e+00 +2.6229424e+00 +2.6229434e+00 +4.0219144e+00 +4.0219145e+00 +4.4043098e+00 +4.4043098e+00 +5.2846774e+00 +6.1690111e+00 
-2.2066904e+01 -2.2066904e+01 -2.2047598e+01 -2.2047598e+01 -8.2976963e+00 -8.2976963e+00 -8.2387193e+00 -8.2387192e+00 -8.0254718e+00 -8.0254718e+00 -7.9209890e+00 -7.9209890e+00 -7.8932331e+00 -7.8932331e+00 -7.8895023e+00 -7.8895023e+00 +2.5464699e+00 +2.5464710e+00 +4.1240390e+00 +4.1240390e+00 +4.3952624e+00 +4.3952624e+00 +5.3725642e+00 +5.3725644e+00 
-2.2068092e+01 -2.2068092e+01 -2.2046459e+01 -2.2046459e+01 -8.2859481e+00 -8.2859481e+00 -8.2213626e+00 -8.2213626e+00 -8.0431657e+00 -8.0431657e+00 -7.9283030e+00 -7.9283030e+00 -7.8952082e+00 -7.8952082e+00 -7.8913113e+00 -7.8913113e+00 +2.4727709e+00 +2.4727721e+00 +4.2307739e+00 +4.2307739e+00 +4.3865641e+00 +4.3865641e+00 +5.4579261e+00 +5.4579261e+00 
-2.2069262e+01 -2.2069262e+01 -2.2045337e+01 -2.2045337e+01 -8.2738146e+00 -8.2738146e+00 -8.2042467e+00 -8.2042467e+00 -8.0604997e+00 -8.0604997e+00 -7.9360632e+00 -7.9360632e+00 -7.8970536e+00 -7.8970536e+00 -7.8930925e+00 -7.8930925e+00 +2.4024616e+00 +2.4024628e+00 +4.3412889e+00 +4.3412889e+00 +4.3783724e+00 +4.3783724e+00 +5.5395148e+00 +5.5395148e+00 
-2.2070397e+01 -2.2070397e+01 -2.2044246e+01 -2.2044246e+01 -8.2614107e+00 -8.2614107e+00 -8.1876394e+00 -8.1876394e+00 -8.0772291e+00 -8.0772291e+00 -7.9442188e+00 -7.9442187e+00 -7.8987299e+00 -7.8987299e+00 -7.8948198e+00 -7.8948198e+00 +2.3361193e+00 +2.3361205e+00 +4.3708240e+00 +4.3708240e+00 +4.4546442e+00 +4.4546442e+00 +5.6159556e+00 +5.6159557e+00 
-2.2071481e+01 -2.2071481e+01 -2.2043204e+01 -2.2043204e+01 -8.2488673e+00 -8.2488673e+00 -8.1718022e+00 -8.1718022e+00 -8.0931218e+00 -8.0931218e+00 -7.9527011e+00 -7.9527011e+00 -7.9002038e+00 -7.9002038e+00 -7.8964684e+00 -7.8964683e+00 +2.2742861e+00 +2.2742874e+00 +4.3640287e+00 +4.3640287e+00 +4.5697518e+00 +4.5697518e+00 +5.6858050e+00 +5.6858051e+00 
-2.2072497e+01 -2.2072497e+01 -2.2042226e+01 -2.2042226e+01 -8.2363368e+00 -8.2363368e+00 -8.1569842e+00 -8.1569842e+00 -8.1079607e+00 -8.1079607e+00 -7.9614175e+00 -7.9614175e+00 -7.9014505e+00 -7.9014505e+00 -7.8980143e+00 -7.8980143e+00 +2.2174690e+00 +2.2174703e+00 +4.3580652e+00 +4.3580652e+00 +4.6853160e+00 +4.6853160e+00 +5.7476872e+00 +5.7476874e+00 
-2.2073432e+01 -2.2073432e+01 -2.2041326e+01 -2.2041326e+01 -8.2240003e+00 -8.2240003e+00 -8.1434147e+00 -8.1434146e+00 -8.1215463e+00 -8.1215463e+00 -7.9702433e+00 -7.9702433e+00 -7.9024568e+00 -7.9024568e+00 -7.8994353e+00 -7.8994352e+00 +2.1661377e+00 +2.1661390e+00 +4.3529765e+00 +4.3529765e+00 +4.7997485e+00 +4.7997485e+00 +5.8005112e+00 +5.8005114e+00 
-2.2074271e+01 -2.2074271e+01 -2.2040517e+01 -2.2040517e+01 -8.2120781e+00 -8.2120781e+00 -8.1336983e+00 -8.1336983e+00 -8.1312968e+00 -8.1312968e+00 -7.9790098e+00 -7.9790098e+00 -7.9032234e+00 -7.9032234e+00 -7.9007109e+00 -7.9007108e+00 +2.1207214e+00 +2.1207227e+00 +4.3487682e+00 +4.3487682e+00 +4.9110483e+00 +4.9110483e+00 +5.8437162e+00 +5.8437166e+00 
-2.2075002e+01 -2.2075002e+01 -2.2039811e+01 -2.2039811e+01 -8.2008435e+00 -8.2008435e+00 -8.1442575e+00 -8.1442575e+00 -8.1208018e+00 -8.1208017e+00 -7.9874906e+00 -7.9874906e+00 -7.9037666e+00 -7.9037666e+00 -7.9018228e+00 -7.9018227e+00 +2.0816047e+00 +2.0816061e+00 +4.3454100e+00 +4.3454100e+00 +5.0166461e+00 +5.0166462e+00 +5.4388447e+00 +5.8774325e+00 
-2.2075615e+01 -2.2075615e+01 -2.2039218e+01 -2.2039218e+01 -8.1906384e+00 -8.1906384e+00 -8.1530870e+00 -8.1530870e+00 -8.1120654e+00 -8.1120653e+00 -7.9953844e+00 -7.9953844e+00 -7.9041174e+00 -7.9041174e+00 -7.9027550e+00 -7.9027550e+00 +2.0491232e+00 +2.0491246e+00 +4.3428407e+00 +4.3428409e+00 +5.1132298e+00 +5.1132308e+00 +5.3959598e+00 +5.9024475e+00 
-2.2076102e+01 -2.2076102e+01 -2.2038748e+01 -2.2038748e+01 -8.1818847e+00 -8.1818847e+00 -8.1600735e+00 -8.1600735e+00 -8.1051876e+00 -8.1051876e+00 -8.0023038e+00 -8.0023038e+00 -7.9043181e+00 -7.9043181e+00 -7.9034943e+00 -7.9034943e+00 +2.0235586e+00 +2.0235601e+00 +4.3409779e+00 +4.3409779e+00 +5.1966176e+00 +5.1966177e+00 +5.3622140e+00 +5.3622141e+00 
-2.2076455e+01 -2.2076455e+01 -2.2038408e+01 -2.2038408e+01 -8.1750748e+00 -8.1750748e+00 -8.1651280e+00 -8.1651280e+00 -8.1002361e+00 -8.1002360e+00 -8.0077837e+00 -8.0077837e+00 -7.9044160e+00 -7.9044159e+00 -7.9040300e+00 -7.9040300e+00 +2.0051350e+00 +2.0051364e+00 +4.3397319e+00 +4.3397319e+00 +5.2618520e+00 +5.2618521e+00 +5.3378894e+00 +5.3378895e+00 
-2.2076668e+01 -2.2076668e+01 -2.2038201e+01 -2.2038201e+01 -8.1707156e+00 -8.1707156e+00 -8.1681865e+00 -8.1681865e+00 -8.0972514e+00 -8.0972514e+00 -8.0113369e+00 -8.0113369e+00 -7.9044542e+00 -7.9044542e+00 -7.9043546e+00 -7.9043545e+00 +1.9940149e+00 +1.9940163e+00 +4.3390221e+00 +4.3390221e+00 +5.3037810e+00 +5.3037811e+00 +5.3232027e+00 +5.3232028e+00 
-2.2076740e+01 -2.2076740e+01 -2.2038132e+01 -2.2038132e+01 -8.1692103e+00 -8.1692103e+00 -8.1692102e+00 -8.1692102e+00 -8.0962544e+00 -8.0962544e+00 -8.0125722e+00 -8.0125722e+00 -7.9044633e+00 -7.9044633e+00 -7.9044632e+00 -7.9044632e+00 +1.9902972e+00 +1.9902986e+00 +4.3387922e+00 +4.3387922e+00 +5.3182912e+00 +5.3182912e+00 +5.3182918e+00 +5.3182918e+00 
-2.2057273e+01 -2.2057273e+01 -2.2057273e+01 -2.2057273e+01 -8.2223175e+00 -8.2223175e+00 -8.2223175e+00 -8.2223174e+00 -8.0390922e+00 -8.0390922e+00 -8.0390922e+00 -8.0390922e+00 -7.8752776e+00 -7.8752775e+00 -7.8752775e+00 -7.8752775e+00 +3.1100649e+00 +3.1100658e+00 +3.1100660e+00 +3.1100667e+00 +5.5601796e+00 +5.5601796e+00 +5.5601797e+00 +5.7802023e+00 
-2.2057271e+01 -2.2057271e+01 -2.2057271e+01 -2.2057271e+01 -8.2245753e+00 -8.2245753e+00 -8.2245753e+00 -8.2245752e+00 -8.0367883e+00 -8.0367882e+00 -8.0367882e+00 -8.0367882e+00 -7.8752712e+00 -7.8752711e+00 -7.8752711e+00 -7.8752711e+00 +3.1117193e+00 +3.1117203e+00 +3.1117203e+00 +3.1117212e+00 +5.5163786e+00 +5.5163790e+00 +5.5163791e+00 +5.5163792e+00 
-2.2057266e+01 -2.2057266e+01 -2.2057266e+01 -2.2057266e+01 -8.2309751e+00 -8.2309751e+00 -8.2309751e+00 -8.2309750e+00 -8.0302514e+00 -8.0302513e+00 -8.0302513e+00 -8.0302513e+00 -7.8752521e+00 -7.8752521e+00 -7.8752520e+00 -7.8752520e+00 +3.1166523e+00 +3.1166533e+00 +3.1166533e+00 +3.1166542e+00 +5.4308509e+00 +5.4308508e+00 +5.4308509e+00 +5.4308510e+00 
-2.2057256e+01 -2.2057256e+01 -2.2057256e+01 -2.2057256e+01 -8.2406117e+00 -8.2406117e+00 -8.2406117e+00 -8.2406117e+00 -8.0203909e+00 -8.0203909e+00 -8.0203909e+00 -8.0203909e+00 -7.8752210e+00 -7.8752209e+00 -7.8752209e+00 -7.8752209e+00 +3.1247719e+00 +3.1247728e+00 +3.1247728e+00 +3.1247737e+00 +5.3371329e+00 +5.3371329e+00 +5.3371330e+00 +5.3371330e+00 
-2.2057244e+01 -2.2057244e+01 -2.2057244e+01 -2.2057244e+01 -8.2524524e+00 -8.2524523e+00 -8.2524523e+00 -8.2524523e+00 -8.0082465e+00 -8.0082465e+00 -8.0082465e+00 -8.0082465e+00 -7.8751787e+00 -7.8751787e+00 -7.8751787e+00 -7.8751786e+00 +3.1359244e+00 +3.1359253e+00 +3.1359253e+00 +3.1359261e+00 +5.2432995e+00 +5.2432995e+00 +5.2432998e+00 +5.2432998e+00 
-2.2057228e+01 -2.2057228e+01 -2.2057228e+01 -2.2057228e+01 -8.2655966e+00 -8.2655965e+00 -8.2655965e+00 -8.2655965e+00 -7.9947277e+00 -7.9947277e+00 -7.9947277e+00 -7.9947277e+00 -7.8751266e+00 -7.8751266e+00 -7.8751266e+00 -7.8751266e+00 +3.1498932e+00 +3.1498941e+00 +3.1498941e+00 +3.1498949e+00 +5.1518759e+00 +5.1518759e+00 +5.1518761e+00 +5.1518761e+00 
-2.2057210e+01 -2.2057210e+01 -2.2057210e+01 -2.2057210e+01 -8.2793445e+00 -8.2793445e+00 -8.2793445e+00 -8.2793445e+00 -7.9805457e+00 -7.9805457e+00 -7.9805457e+00 -7.9805457e+00 -7.8750663e+00 -7.8750663e+00 -7.8750663e+00 -7.8750662e+00 +3.1663978e+00 +3.1663986e+00 +3.1663986e+00 +3.1663994e+00 +5.0640100e+00 +5.0640100e+00 +5.0640100e+00 +5.0640101e+00 
-2.2057191e+01 -2.2057191e+01 -2.2057191e+01 -2.2057191e+01 -8.2931720e+00 -8.2931720e+00 -8.2931720e+00 -8.2931719e+00 -7.9662380e+00 -7.9662380e+00 -7.9662380e+00 -7.9662380e+00 -7.8749995e+00 -7.8749995e+00 -7.8749995e+00 -7.8749995e+00 +3.1850911e+00 +3.1850919e+00 +3.1850919e+00 +3.1850927e+00 +4.9803955e+00 +4.9803955e+00 +4.9803955e+00 +4.9803956e+00 
-2.2057169e+01 -2.2057169e+01 -2.2057169e+01 -2.2057169e+01 -8.3066853e+00 -8.3066853e+00 -8.3066853e+00 -8.3066853e+00 -7.9522127e+00 -7.9522127e+00 -7.9522127e+00 -7.9522127e+00 -7.8749284e+00 -7.8749284e+00 -7.8749283e+00 -7.8749283e+00 +3.2055581e+00 +3.2055589e+00 +3.2055589e+00 +3.2055596e+00 +4.9015482e+00 +4.9015483e+00 +4.9015484e+00 +4.9015484e+00 
-2.2057148e+01 -2.2057148e+01 -2.2057148e+01 -2.2057148e+01 -8.3195830e+00 -8.3195830e+00 -8.3195830e+00 -8.3195830e+00 -7.9387869e+00 -7.9387869e+00 -7.9387869e+00 -7.9387869e+00 -7.8748550e+00 -7.8748550e+00 -7.8748550e+00 -7.8748549e+00 +3.2273127e+00 +3.2273134e+00 +3.2273134e+00 +3.2273141e+00 +4.8279130e+00 +4.8279131e+00 +4.8279131e+00 +4.8279131e+00 
-2.2057126e+01 -2.2057126e+01 -2.2057126e+01 -2.2057126e+01 -8.3316291e+00 -8.3316290e+00 -8.3316290e+00 -8.3316290e+00 -7.9262126e+00 -7.9262126e+00 -7.9262126e+00 -7.9262126e+00 -7.8747816e+00 -7.8747816e+00 -7.8747816e+00 -7.8747816e+00 +3.2497954e+00 +3.2497961e+00 +3.2497961e+00 +3.2497967e+00 +4.7599169e+00 +4.7599169e+00 +4.7599170e+00 +4.7599170e+00 
-2.2057105e+01 -2.2057105e+01 -2.2057105e+01 -2.2057105e+01 -8.3426349e+00 -8.3426349e+00 -8.3426349e+00 -8.3426349e+00 -7.9146945e+00 -7.9146945e+00 -7.9146945e+00 -7.9146945e+00 -7.8747105e+00 -7.8747104e+00 -7.8747104e+00 -7.8747104e+00 +3.2723729e+00 +3.2723735e+00 +3.2723735e+00 +3.2723741e+00 +4.6980002e+00 +4.6980003e+00 +4.6980003e+00 +4.6980003e+00 
-2.2057085e+01 -2.2057085e+01 -2.2057085e+01 -2.2057085e+01 -8.3524480e+00 -8.3524480e+00 -8.3524480e+00 -8.3524480e+00 -7.9044006e+00 -7.9044006e+00 -7.9044006e+00 -7.9044006e+00 -7.8746437e+00 -7.8746437e+00 -7.8746437e+00 -7.8746436e+00 +3.2943400e+00 +3.2943406e+00 +3.2943406e+00 +3.2943411e+00 +4.6426377e+00 +4.6426378e+00 +4.6426378e+00 +4.6426378e+00 
-2.2057067e+01 -2.2057067e+01 -2.2057067e+01 -2.2057067e+01 -8.3609449e+00 -8.3609449e+00 -8.3609449e+00 -8.3609448e+00 -7.8954692e+00 -7.8954692e+00 -7.8954692e+00 -7.8954692e+00 -7.8745833e+00 -7.8745833e+00 -7.8745833e+00 -7.8745833e+00 +3.3149297e+00 +3.3149301e+00 +3.3149302e+00 +3.3149305e+00 +4.5943483e+00 +4.5943484e+00 +4.5943484e+00 +4.5943484e+00 
-2.2057051e+01 -2.2057051e+01 -2.2057051e+01 -2.2057051e+01 -8.3680257e+00 -8.3680257e+00 -8.3680257e+00 -8.3680257e+00 -7.8880131e+00 -7.8880131e+00 -7.8880131e+00 -7.8880131e+00 -7.8745312e+00 -7.8745312e+00 -7.8745312e+00 -7.8745312e+00 +3.3333334e+00 +3.3333338e+00 +3.3333338e+00 +3.3333342e+00 +4.5536928e+00 +4.5536927e+00 +4.5536928e+00 +4.5536928e+00 
-2.2057039e+01 -2.2057039e+01 -2.2057039e+01 -2.2057039e+01 -8.3736118e+00 -8.3736118e+00 -8.3736118e+00 -8.3736118e+00 -7.8821225e+00 -7.8821225e+00 -7.8821225e+00 -7.8821225e+00 -7.8744890e+00 -7.8744889e+00 -7.8744889e+00 -7.8744889e+00 +3.3487399e+00 +3.3487402e+00 +3.3487403e+00 +3.3487406e+00 +4.5212520e+00 +4.5212520e+00 +4.5212520e+00 +4.5212521e+00 
-2.2057029e+01 -2.2057029e+01 -2.2057029e+01 -2.2057029e+01 -8.3776437e+00 -8.3776436e+00 -8.3776436e+00 -8.3776436e+00 -7.8778664e+00 -7.8778663e+00 -7.8778663e+00 -7.8778663e+00 -7.8744578e+00 -7.8744578e+00 -7.8744578e+00 -7.8744578e+00 +3.3603926e+00 +3.3603929e+00 +3.3603929e+00 +3.3603931e+00 +4.4975855e+00 +4.4975855e+00 +4.4975856e+00 +4.4975856e+00 
-2.2057024e+01 -2.2057024e+01 -2.2057024e+01 -2.2057024e+01 -8.3800793e+00 -8.3800793e+00 -8.3800793e+00 -8.3800793e+00 -7.8752933e+00 -7.8752933e+00 -7.8752933e+00 -7.8752933e+00 -7.8744387e+00 -7.8744387e+00 -7.8744387e+00 -7.8744387e+00 +3.3676645e+00 +3.3676647e+00 +3.3676647e+00 +3.3676648e+00 +4.4831687e+00 +4.4831688e+00 +4.4831688e+00 +4.4831688e+00 
-2.2057022e+01 -2.2057022e+01 -2.2057022e+01 -2.2057022e+01 -8.3808939e+00 -8.3808939e+00 -8.3808939e+00 -8.3808939e+00 -7.8744323e+00 -7.8744323e+00 -7.8744323e+00 -7.8744323e+00 -7.8744323e+00 -7.8744323e+00 -7.8744323e+00 -7.8744323e+00 +3.3701377e+00 +3.3701377e+00 +3.3701377e+00 +3.3701378e+00 +4.4783249e+00 +4.4783249e+00 +4.4783249e+00 +4.4783250e+00 
