# num high symmetry points
8
# label high symmetry points
G X M G R X M R 
# indices high symmetry points
1 34 67 114 171 218 219 252 
# nk, nb, ns
252 21 1
# k-points (frac coords)
+0.0000000e+00 +0.0000000e+00 +0.0000000e+00 
+0.0000000e+00 +1.5151515e-02 +0.0000000e+00 
+0.0000000e+00 +3.0303030e-02 +0.0000000e+00 
+0.0000000e+00 +4.5454545e-02 +0.0000000e+00 
+0.0000000e+00 +6.0606061e-02 +0.0000000e+00 
+0.0000000e+00 +7.5757576e-02 +0.0000000e+00 
+0.0000000e+00 +9.0909091e-02 +0.0000000e+00 
+0.0000000e+00 +1.0606061e-01 +0.0000000e+00 
+0.0000000e+00 +1.2121212e-01 +0.0000000e+00 
+0.0000000e+00 +1.3636364e-01 +0.0000000e+00 
+0.0000000e+00 +1.5151515e-01 +0.0000000e+00 
+0.0000000e+00 +1.6666667e-01 +0.0000000e+00 
+0.0000000e+00 +1.8181818e-01 +0.0000000e+00 
+0.0000000e+00 +1.9696970e-01 +0.0000000e+00 
+0.0000000e+00 +2.1212121e-01 +0.0000000e+00 
+0.0000000e+00 +2.2727273e-01 +0.0000000e+00 
+0.0000000e+00 +2.4242424e-01 +0.0000000e+00 
+0.0000000e+00 +2.5757576e-01 +0.0000000e+00 
+0.0000000e+00 +2.7272727e-01 +0.0000000e+00 
+0.0000000e+00 +2.8787879e-01 +0.0000000e+00 
+0.0000000e+00 +3.0303030e-01 +0.0000000e+00 
+0.0000000e+00 +3.1818182e-01 +0.0000000e+00 
+0.0000000e+00 +3.3333333e-01 +0.0000000e+00 
+0.0000000e+00 +3.4848485e-01 +0.0000000e+00 
+0.0000000e+00 +3.6363636e-01 +0.0000000e+00 
+0.0000000e+00 +3.7878788e-01 +0.0000000e+00 
+0.0000000e+00 +3.9393939e-01 +0.0000000e+00 
+0.0000000e+00 +4.0909091e-01 +0.0000000e+00 
+0.0000000e+00 +4.2424242e-01 +0.0000000e+00 
+0.0000000e+00 +4.3939394e-01 +0.0000000e+00 
+0.0000000e+00 +4.5454545e-01 +0.0000000e+00 
+0.0000000e+00 +4.6969697e-01 +0.0000000e+00 
+0.0000000e+00 +4.8484848e-01 +0.0000000e+00 
+0.0000000e+00 +5.0000000e-01 +0.0000000e+00 
+1.5151515e-02 +5.0000000e-01 +0.0000000e+00 
+3.0303030e-02 +5.0000000e-01 +0.0000000e+00 
+4.5454545e-02 +5.0000000e-01 +0.0000000e+00 
+6.0606061e-02 +5.0000000e-01 +0.0000000e+00 
+7.5757576e-02 +5.0000000e-01 +0.0000000e+00 
+9.0909091e-02 +5.0000000e-01 +0.0000000e+00 
+1.0606061e-01 +5.0000000e-01 +0.0000000e+00 
+1.2121212e-01 +5.0000000e-01 +0.0000000e+00 
+1.3636364e-01 +5.0000000e-01 +0.0000000e+00 
+1.5151515e-01 +5.0000000e-01 +0.0000000e+00 
+1.6666667e-01 +5.0000000e-01 +0.0000000e+00 
+1.8181818e-01 +5.0000000e-01 +0.0000000e+00 
+1.9696970e-01 +5.0000000e-01 +0.0000000e+00 
+2.1212121e-01 +5.0000000e-01 +0.0000000e+00 
+2.2727273e-01 +5.0000000e-01 +0.0000000e+00 
+2.4242424e-01 +5.0000000e-01 +0.0000000e+00 
+2.5757576e-01 +5.0000000e-01 +0.0000000e+00 
+2.7272727e-01 +5.0000000e-01 +0.0000000e+00 
+2.8787879e-01 +5.0000000e-01 +0.0000000e+00 
+3.0303030e-01 +5.0000000e-01 +0.0000000e+00 
+3.1818182e-01 +5.0000000e-01 +0.0000000e+00 
+3.3333333e-01 +5.0000000e-01 +0.0000000e+00 
+3.4848485e-01 +5.0000000e-01 +0.0000000e+00 
+3.6363636e-01 +5.0000000e-01 +0.0000000e+00 
+3.7878788e-01 +5.0000000e-01 +0.0000000e+00 
+3.9393939e-01 +5.0000000e-01 +0.0000000e+00 
+4.0909091e-01 +5.0000000e-01 +0.0000000e+00 
+4.2424242e-01 +5.0000000e-01 +0.0000000e+00 
+4.3939394e-01 +5.0000000e-01 +0.0000000e+00 
+4.5454545e-01 +5.0000000e-01 +0.0000000e+00 
+4.6969697e-01 +5.0000000e-01 +0.0000000e+00 
+4.8484848e-01 +5.0000000e-01 +0.0000000e+00 
+5.0000000e-01 +5.0000000e-01 +0.0000000e+00 
+4.8936170e-01 +4.8936170e-01 +0.0000000e+00 
+4.7872340e-01 +4.7872340e-01 +0.0000000e+00 
+4.6808511e-01 +4.6808511e-01 +0.0000000e+00 
+4.5744681e-01 +4.5744681e-01 +0.0000000e+00 
+4.4680851e-01 +4.4680851e-01 +0.0000000e+00 
+4.3617021e-01 +4.3617021e-01 +0.0000000e+00 
+4.2553191e-01 +4.2553191e-01 +0.0000000e+00 
+4.1489362e-01 +4.1489362e-01 +0.0000000e+00 
+4.0425532e-01 +4.0425532e-01 +0.0000000e+00 
+3.9361702e-01 +3.9361702e-01 +0.0000000e+00 
+3.8297872e-01 +3.8297872e-01 +0.0000000e+00 
+3.7234043e-01 +3.7234043e-01 +0.0000000e+00 
+3.6170213e-01 +3.6170213e-01 +0.0000000e+00 
+3.5106383e-01 +3.5106383e-01 +0.0000000e+00 
+3.4042553e-01 +3.4042553e-01 +0.0000000e+00 
+3.2978723e-01 +3.2978723e-01 +0.0000000e+00 
+3.1914894e-01 +3.1914894e-01 +0.0000000e+00 
+3.0851064e-01 +3.0851064e-01 +0.0000000e+00 
+2.9787234e-01 +2.9787234e-01 +0.0000000e+00 
+2.8723404e-01 +2.8723404e-01 +0.0000000e+00 
+2.7659574e-01 +2.7659574e-01 +0.0000000e+00 
+2.6595745e-01 +2.6595745e-01 +0.0000000e+00 
+2.5531915e-01 +2.5531915e-01 +0.0000000e+00 
+2.4468085e-01 +2.4468085e-01 +0.0000000e+00 
+2.3404255e-01 +2.3404255e-01 +0.0000000e+00 
+2.2340426e-01 +2.2340426e-01 +0.0000000e+00 
+2.1276596e-01 +2.1276596e-01 +0.0000000e+00 
+2.0212766e-01 +2.0212766e-01 +0.0000000e+00 
+1.9148936e-01 +1.9148936e-01 +0.0000000e+00 
+1.8085106e-01 +1.8085106e-01 +0.0000000e+00 
+1.7021277e-01 +1.7021277e-01 +0.0000000e+00 
+1.5957447e-01 +1.5957447e-01 +0.0000000e+00 
+1.4893617e-01 +1.4893617e-01 +0.0000000e+00 
+1.3829787e-01 +1.3829787e-01 +0.0000000e+00 
+1.2765957e-01 +1.2765957e-01 +0.0000000e+00 
+1.1702128e-01 +1.1702128e-01 +0.0000000e+00 
+1.0638298e-01 +1.0638298e-01 +0.0000000e+00 
+9.5744681e-02 +9.5744681e-02 +0.0000000e+00 
+8.5106383e-02 +8.5106383e-02 +0.0000000e+00 
+7.4468085e-02 +7.4468085e-02 +0.0000000e+00 
+6.3829787e-02 +6.3829787e-02 +0.0000000e+00 
+5.3191489e-02 +5.3191489e-02 +0.0000000e+00 
+4.2553191e-02 +4.2553191e-02 +0.0000000e+00 
+3.1914894e-02 +3.1914894e-02 +0.0000000e+00 
+2.1276596e-02 +2.1276596e-02 +0.0000000e+00 
+1.0638298e-02 +1.0638298e-02 +0.0000000e+00 
+0.0000000e+00 +0.0000000e+00 +0.0000000e+00 
+8.7719298e-03 +8.7719298e-03 +8.7719298e-03 
+1.7543860e-02 +1.7543860e-02 +1.7543860e-02 
+2.6315789e-02 +2.6315789e-02 +2.6315789e-02 
+3.5087719e-02 +3.5087719e-02 +3.5087719e-02 
+4.3859649e-02 +4.3859649e-02 +4.3859649e-02 
+5.2631579e-02 +5.2631579e-02 +5.2631579e-02 
+6.1403509e-02 +6.1403509e-02 +6.1403509e-02 
+7.0175439e-02 +7.0175439e-02 +7.0175439e-02 
+7.8947368e-02 +7.8947368e-02 +7.8947368e-02 
+8.7719298e-02 +8.7719298e-02 +8.7719298e-02 
+9.6491228e-02 +9.6491228e-02 +9.6491228e-02 
+1.0526316e-01 +1.0526316e-01 +1.0526316e-01 
+1.1403509e-01 +1.1403509e-01 +1.1403509e-01 
+1.2280702e-01 +1.2280702e-01 +1.2280702e-01 
+1.3157895e-01 +1.3157895e-01 +1.3157895e-01 
+1.4035088e-01 +1.4035088e-01 +1.4035088e-01 
+1.4912281e-01 +1.4912281e-01 +1.4912281e-01 
+1.5789474e-01 +1.5789474e-01 +1.5789474e-01 
+1.6666667e-01 +1.6666667e-01 +1.6666667e-01 
+1.7543860e-01 +1.7543860e-01 +1.7543860e-01 
+1.8421053e-01 +1.8421053e-01 +1.8421053e-01 
+1.9298246e-01 +1.9298246e-01 +1.9298246e-01 
+2.0175439e-01 +2.0175439e-01 +2.0175439e-01 
+2.1052632e-01 +2.1052632e-01 +2.1052632e-01 
+2.1929825e-01 +2.1929825e-01 +2.1929825e-01 
+2.2807018e-01 +2.2807018e-01 +2.2807018e-01 
+2.3684211e-01 +2.3684211e-01 +2.3684211e-01 
+2.4561404e-01 +2.4561404e-01 +2.4561404e-01 
+2.5438596e-01 +2.5438596e-01 +2.5438596e-01 
+2.6315789e-01 +2.6315789e-01 +2.6315789e-01 
+2.7192982e-01 +2.7192982e-01 +2.7192982e-01 
+2.8070175e-01 +2.8070175e-01 +2.8070175e-01 
+2.8947368e-01 +2.8947368e-01 +2.8947368e-01 
+2.9824561e-01 +2.9824561e-01 +2.9824561e-01 
+3.0701754e-01 +3.0701754e-01 +3.0701754e-01 
+3.1578947e-01 +3.1578947e-01 +3.1578947e-01 
+3.2456140e-01 +3.2456140e-01 +3.2456140e-01 
+3.3333333e-01 +3.3333333e-01 +3.3333333e-01 
+3.4210526e-01 +3.4210526e-01 +3.4210526e-01 
+3.5087719e-01 +3.5087719e-01 +3.5087719e-01 
+3.5964912e-01 +3.5964912e-01 +3.5964912e-01 
+3.6842105e-01 +3.6842105e-01 +3.6842105e-01 
+3.7719298e-01 +3.7719298e-01 +3.7719298e-01 
+3.8596491e-01 +3.8596491e-01 +3.8596491e-01 
+3.9473684e-01 +3.9473684e-01 +3.9473684e-01 
+4.0350877e-01 +4.0350877e-01 +4.0350877e-01 
+4.1228070e-01 +4.1228070e-01 +4.1228070e-01 
+4.2105263e-01 +4.2105263e-01 +4.2105263e-01 
+4.2982456e-01 +4.2982456e-01 +4.2982456e-01 
+4.3859649e-01 +4.3859649e-01 +4.3859649e-01 
+4.4736842e-01 +4.4736842e-01 +4.4736842e-01 
+4.5614035e-01 +4.5614035e-01 +4.5614035e-01 
+4.6491228e-01 +4.6491228e-01 +4.6491228e-01 
+4.7368421e-01 +4.7368421e-01 +4.7368421e-01 
+4.8245614e-01 +4.8245614e-01 +4.8245614e-01 
+4.9122807e-01 +4.9122807e-01 +4.9122807e-01 
+5.0000000e-01 +5.0000000e-01 +5.0000000e-01 
+4.8936170e-01 +5.0000000e-01 +4.8936170e-01 
+4.7872340e-01 +5.0000000e-01 +4.7872340e-01 
+4.6808511e-01 +5.0000000e-01 +4.6808511e-01 
+4.5744681e-01 +5.0000000e-01 +4.5744681e-01 
+4.4680851e-01 +5.0000000e-01 +4.4680851e-01 
+4.3617021e-01 +5.0000000e-01 +4.3617021e-01 
+4.2553191e-01 +5.0000000e-01 +4.2553191e-01 
+4.1489362e-01 +5.0000000e-01 +4.1489362e-01 
+4.0425532e-01 +5.0000000e-01 +4.0425532e-01 
+3.9361702e-01 +5.0000000e-01 +3.9361702e-01 
+3.8297872e-01 +5.0000000e-01 +3.8297872e-01 
+3.7234043e-01 +5.0000000e-01 +3.7234043e-01 
+3.6170213e-01 +5.0000000e-01 +3.6170213e-01 
+3.5106383e-01 +5.0000000e-01 +3.5106383e-01 
+3.4042553e-01 +5.0000000e-01 +3.4042553e-01 
+3.2978723e-01 +5.0000000e-01 +3.2978723e-01 
+3.1914894e-01 +5.0000000e-01 +3.1914894e-01 
+3.0851064e-01 +5.0000000e-01 +3.0851064e-01 
+2.9787234e-01 +5.0000000e-01 +2.9787234e-01 
+2.8723404e-01 +5.0000000e-01 +2.8723404e-01 
+2.7659574e-01 +5.0000000e-01 +2.7659574e-01 
+2.6595745e-01 +5.0000000e-01 +2.6595745e-01 
+2.5531915e-01 +5.0000000e-01 +2.5531915e-01 
+2.4468085e-01 +5.0000000e-01 +2.4468085e-01 
+2.3404255e-01 +5.0000000e-01 +2.3404255e-01 
+2.2340426e-01 +5.0000000e-01 +2.2340426e-01 
+2.1276596e-01 +5.0000000e-01 +2.1276596e-01 
+2.0212766e-01 +5.0000000e-01 +2.0212766e-01 
+1.9148936e-01 +5.0000000e-01 +1.9148936e-01 
+1.8085106e-01 +5.0000000e-01 +1.8085106e-01 
+1.7021277e-01 +5.0000000e-01 +1.7021277e-01 
+1.5957447e-01 +5.0000000e-01 +1.5957447e-01 
+1.4893617e-01 +5.0000000e-01 +1.4893617e-01 
+1.3829787e-01 +5.0000000e-01 +1.3829787e-01 
+1.2765957e-01 +5.0000000e-01 +1.2765957e-01 
+1.1702128e-01 +5.0000000e-01 +1.1702128e-01 
+1.0638298e-01 +5.0000000e-01 +1.0638298e-01 
+9.5744681e-02 +5.0000000e-01 +9.5744681e-02 
+8.5106383e-02 +5.0000000e-01 +8.5106383e-02 
+7.4468085e-02 +5.0000000e-01 +7.4468085e-02 
+6.3829787e-02 +5.0000000e-01 +6.3829787e-02 
+5.3191489e-02 +5.0000000e-01 +5.3191489e-02 
+4.2553191e-02 +5.0000000e-01 +4.2553191e-02 
+3.1914894e-02 +5.0000000e-01 +3.1914894e-02 
+2.1276596e-02 +5.0000000e-01 +2.1276596e-02 
+1.0638298e-02 +5.0000000e-01 +1.0638298e-02 
+0.0000000e+00 +5.0000000e-01 +0.0000000e+00 
+5.0000000e-01 +5.0000000e-01 +0.0000000e+00 
+5.0000000e-01 +5.0000000e-01 +1.5151515e-02 
+5.0000000e-01 +5.0000000e-01 +3.0303030e-02 
+5.0000000e-01 +5.0000000e-01 +4.5454545e-02 
+5.0000000e-01 +5.0000000e-01 +6.0606061e-02 
+5.0000000e-01 +5.0000000e-01 +7.5757576e-02 
+5.0000000e-01 +5.0000000e-01 +9.0909091e-02 
+5.0000000e-01 +5.0000000e-01 +1.0606061e-01 
+5.0000000e-01 +5.0000000e-01 +1.2121212e-01 
+5.0000000e-01 +5.0000000e-01 +1.3636364e-01 
+5.0000000e-01 +5.0000000e-01 +1.5151515e-01 
+5.0000000e-01 +5.0000000e-01 +1.6666667e-01 
+5.0000000e-01 +5.0000000e-01 +1.8181818e-01 
+5.0000000e-01 +5.0000000e-01 +1.9696970e-01 
+5.0000000e-01 +5.0000000e-01 +2.1212121e-01 
+5.0000000e-01 +5.0000000e-01 +2.2727273e-01 
+5.0000000e-01 +5.0000000e-01 +2.4242424e-01 
+5.0000000e-01 +5.0000000e-01 +2.5757576e-01 
+5.0000000e-01 +5.0000000e-01 +2.7272727e-01 
+5.0000000e-01 +5.0000000e-01 +2.8787879e-01 
+5.0000000e-01 +5.0000000e-01 +3.0303030e-01 
+5.0000000e-01 +5.0000000e-01 +3.1818182e-01 
+5.0000000e-01 +5.0000000e-01 +3.3333333e-01 
+5.0000000e-01 +5.0000000e-01 +3.4848485e-01 
+5.0000000e-01 +5.0000000e-01 +3.6363636e-01 
+5.0000000e-01 +5.0000000e-01 +3.7878788e-01 
+5.0000000e-01 +5.0000000e-01 +3.9393939e-01 
+5.0000000e-01 +5.0000000e-01 +4.0909091e-01 
+5.0000000e-01 +5.0000000e-01 +4.2424242e-01 
+5.0000000e-01 +5.0000000e-01 +4.3939394e-01 
+5.0000000e-01 +5.0000000e-01 +4.5454545e-01 
+5.0000000e-01 +5.0000000e-01 +4.6969697e-01 
+5.0000000e-01 +5.0000000e-01 +4.8484848e-01 
+5.0000000e-01 +5.0000000e-01 +5.0000000e-01 
# energies (kpt,band,spin)
# spin = 1
-5.4240043e+01 -5.3845011e+01 -3.0522257e+01 -3.0522256e+01 -3.0522256e+01 -2.9631847e+01 -2.9631846e+01 -2.9631846e+01 -5.8968534e+00 -3.6392070e+00 -3.6392070e+00 +3.4702681e-01 +3.4702689e-01 +3.4702689e-01 +3.1855484e+00 +3.1855484e+00 +5.5014015e+00 +5.5014015e+00 +5.5014015e+00 +8.9268716e+00 +8.9268716e+00 
-5.4239786e+01 -5.3845198e+01 -3.0522320e+01 -3.0521737e+01 -3.0521737e+01 -2.9632968e+01 -2.9632331e+01 -2.9632330e+01 -5.8921316e+00 -3.6366989e+00 -3.6351575e+00 +3.4648186e-01 +3.4648190e-01 +3.4913732e-01 +3.1783772e+00 +3.1879464e+00 +5.4810875e+00 +5.4810876e+00 +5.4969788e+00 +8.9135178e+00 +8.9522705e+00 
-5.4239015e+01 -5.3845759e+01 -3.0522500e+01 -3.0520181e+01 -3.0520181e+01 -2.9636315e+01 -2.9633781e+01 -2.9633781e+01 -5.8779828e+00 -3.6291756e+00 -3.6230394e+00 +3.4486750e-01 +3.4486755e-01 +3.5546711e-01 +3.1569451e+00 +3.1951292e+00 +5.4219126e+00 +5.4219126e+00 +5.4837414e+00 +8.8738015e+00 +9.0266958e+00 
-5.4237734e+01 -5.3846694e+01 -3.0522785e+01 -3.0517592e+01 -3.0517591e+01 -2.9641868e+01 -2.9636196e+01 -2.9636195e+01 -5.8544577e+00 -3.6166408e+00 -3.6029417e+00 +3.4224522e-01 +3.4224527e-01 +3.6601155e-01 +3.1214928e+00 +3.2070627e+00 +5.3285667e+00 +5.3285667e+00 +5.4617806e+00 +8.8087438e+00 +9.1454427e+00 
-5.4235945e+01 -5.3848003e+01 -3.0523154e+01 -3.0513975e+01 -3.0513974e+01 -2.9649588e+01 -2.9639570e+01 -2.9639570e+01 -5.8216409e+00 -3.5991002e+00 -3.5750132e+00 +3.3871596e-01 +3.3871601e-01 +3.8076280e-01 +3.0724107e+00 +3.2236892e+00 +5.2072646e+00 +5.2072646e+00 +5.4312462e+00 +8.7199429e+00 +9.3022723e+00 
-5.4233655e+01 -5.3849683e+01 -3.0523580e+01 -3.0509340e+01 -3.0509339e+01 -2.9659424e+01 -2.9643897e+01 -2.9643897e+01 -5.7796507e+00 -3.5765620e+00 -3.5394640e+00 +3.3441809e-01 +3.3441814e-01 +3.9970985e-01 +3.0102237e+00 +3.2449275e+00 +5.0643837e+00 +5.0643837e+00 +5.3923439e+00 +8.6094411e+00 +9.4907724e+00 
-5.4230870e+01 -5.3851734e+01 -3.0524028e+01 -3.0503697e+01 -3.0503697e+01 -2.9671312e+01 -2.9649169e+01 -2.9649169e+01 -5.7286390e+00 -3.5490369e+00 -3.4965673e+00 +3.2952471e-01 +3.2952476e-01 +4.2283843e-01 +2.9355712e+00 +3.2706713e+00 +4.9056237e+00 +4.9056237e+00 +5.3453302e+00 +8.4795770e+00 +9.7051980e+00 
-5.4227599e+01 -5.3854153e+01 -3.0524458e+01 -3.0497061e+01 -3.0497061e+01 -2.9685175e+01 -2.9655376e+01 -2.9655376e+01 -5.6687909e+00 -3.5165380e+00 -3.4466620e+00 +3.2424015e-01 +3.2424020e-01 +4.5013106e-01 +2.8491857e+00 +3.3007881e+00 +4.7356912e+00 +4.7356912e+00 +5.2905081e+00 +8.3328457e+00 +9.9407860e+00 
-5.4223851e+01 -5.3856939e+01 -3.0524822e+01 -3.0489447e+01 -3.0489446e+01 -2.9700922e+01 -2.9662506e+01 -2.9662505e+01 -5.6003252e+00 -3.4790808e+00 -3.3901546e+00 +3.1879628e-01 +3.1879632e-01 +4.8156690e-01 +2.7518695e+00 +3.3351181e+00 +4.5583074e+00 +4.5583074e+00 +5.2282209e+00 +8.1717815e+00 +1.0193747e+01 
-5.4219639e+01 -5.3860088e+01 -3.0525067e+01 -3.0480873e+01 -3.0480873e+01 -2.9718453e+01 -2.9670544e+01 -2.9670544e+01 -5.5234937e+00 -3.4366836e+00 -3.3275238e+00 +3.1344836e-01 +3.1344841e-01 +5.1712168e-01 +2.6444729e+00 +3.3734724e+00 +4.3763531e+00 +4.3763531e+00 +5.1588465e+00 +7.9988713e+00 +1.0461117e+01 
-5.4214974e+01 -5.3863598e+01 -3.0525133e+01 -3.0471360e+01 -3.0471360e+01 -2.9737656e+01 -2.9679476e+01 -2.9679475e+01 -5.4385814e+00 -3.3893673e+00 -3.2593232e+00 +3.0847080e-01 +3.0847085e-01 +5.5676769e-01 +2.5278726e+00 +3.4156312e+00 +4.1920419e+00 +4.1920420e+00 +5.0827907e+00 +7.8164968e+00 +1.0740589e+01 
-5.4209872e+01 -5.3867465e+01 -3.0524959e+01 -3.0460931e+01 -3.0460930e+01 -2.9758414e+01 -2.9689284e+01 -2.9689283e+01 -5.3459070e+00 -3.3371555e+00 -3.1861861e+00 +3.0415292e-01 +3.0415297e-01 +6.0047355e-01 +2.4029540e+00 +3.4613419e+00 +4.0070765e+00 +4.0070765e+00 +5.0004814e+00 +7.6269038e+00 +1.1030348e+01 
-5.4204346e+01 -5.3871684e+01 -3.0524479e+01 -3.0449610e+01 -3.0449610e+01 -2.9780597e+01 -2.9699948e+01 -2.9699948e+01 -5.2458227e+00 -3.2800748e+00 -3.1088295e+00 +3.0079478e-01 +3.0079483e-01 +6.4820426e-01 +2.2705956e+00 +3.5103175e+00 +3.8227741e+00 +3.8227741e+00 +4.9123623e+00 +7.4321908e+00 +1.1328948e+01 
-5.4198415e+01 -5.3876252e+01 -3.0523623e+01 -3.0437425e+01 -3.0437425e+01 -2.9804072e+01 -2.9711448e+01 -2.9711448e+01 -5.1387151e+00 -3.2181548e+00 -3.0280591e+00 +2.9870316e-01 +2.9870321e-01 +6.9992089e-01 +2.1316565e+00 +3.5622346e+00 +3.6401625e+00 +3.6401625e+00 +4.8188877e+00 +7.2343113e+00 +1.1635212e+01 
-5.4192094e+01 -5.3881163e+01 -3.0522320e+01 -3.0424405e+01 -3.0424405e+01 -2.9828701e+01 -2.9723761e+01 -2.9723761e+01 -5.0250058e+00 -3.1514282e+00 -2.9447731e+00 +2.9818791e-01 +2.9818797e-01 +7.5558055e-01 +1.9869667e+00 +3.4600515e+00 +3.4600515e+00 +3.6167329e+00 +4.7205167e+00 +7.0350848e+00 +1.1948161e+01 
-5.4185404e+01 -5.3886410e+01 -3.0520498e+01 -3.0410581e+01 -3.0410581e+01 -2.9854339e+01 -2.9736862e+01 -2.9736861e+01 -4.9051524e+00 -3.0799312e+00 -2.8599658e+00 +2.9955862e-01 +2.9955868e-01 +8.1513620e-01 +1.8373203e+00 +3.2830854e+00 +3.2830854e+00 +3.6734133e+00 +4.6177092e+00 +6.8362115e+00 +1.2266953e+01 
-5.4178363e+01 -5.3891988e+01 -3.0518085e+01 -3.0395986e+01 -3.0395986e+01 -2.9880840e+01 -2.9750723e+01 -2.9750723e+01 -4.7796503e+00 -3.0037033e+00 -2.7747296e+00 +3.0312156e-01 +3.0312161e-01 +8.7853648e-01 +1.6834708e+00 +3.1097818e+00 +3.1097819e+00 +3.7318394e+00 +4.5109215e+00 +6.6392887e+00 +1.2590845e+01 
-5.4170993e+01 -5.3897889e+01 -3.0515008e+01 -3.0380656e+01 -3.0380655e+01 -2.9908059e+01 -2.9765318e+01 -2.9765318e+01 -4.6490338e+00 -2.9227878e+00 -2.6902549e+00 +3.0917709e-01 +3.0917715e-01 +9.4572548e-01 +1.5261283e+00 +2.9405601e+00 +2.9405602e+00 +3.7915384e+00 +4.4006033e+00 +6.4458235e+00 +1.2919157e+01 
-5.4163314e+01 -5.3904105e+01 -3.0511198e+01 -3.0364626e+01 -3.0364625e+01 -2.9935846e+01 -2.9780617e+01 -2.9780616e+01 -4.5138791e+00 -2.8372321e+00 -2.6078266e+00 +3.1801746e-01 +3.1801752e-01 +1.0166426e+00 +1.3659585e+00 +2.7757628e+00 +2.7757628e+00 +3.8520052e+00 +4.2871942e+00 +6.2572437e+00 +1.3251244e+01 
-5.4155349e+01 -5.3910627e+01 -3.0506586e+01 -3.0347935e+01 -3.0347935e+01 -2.9964054e+01 -2.9796586e+01 -2.9796585e+01 -4.3748065e+00 -2.7470876e+00 -2.5288158e+00 +3.2992491e-01 +3.2992496e-01 +1.0912222e+00 +1.2035825e+00 +2.6156709e+00 +2.6156710e+00 +3.9127081e+00 +4.1711221e+00 +6.0749008e+00 +1.3586472e+01 
-5.4147120e+01 -5.3917446e+01 -3.0501106e+01 -3.0330623e+01 -3.0330623e+01 -2.9992539e+01 -2.9813194e+01 -2.9813193e+01 -4.2324839e+00 -2.6524102e+00 -2.4546653e+00 +3.4517014e-01 +3.4517019e-01 +1.0395776e+00 +1.1693935e+00 +2.4605164e+00 +2.4605164e+00 +3.9730986e+00 +4.0528009e+00 +5.9000667e+00 +1.3924200e+01 
-5.4138651e+01 -5.3924551e+01 -3.0494696e+01 -3.0312732e+01 -3.0312731e+01 -3.0021159e+01 -2.9830404e+01 -2.9830403e+01 -4.0876297e+00 -2.5532607e+00 -2.3868679e+00 +3.6401109e-01 +3.6401115e-01 +8.7447915e-01 +1.2510803e+00 +2.3104904e+00 +2.3104904e+00 +3.9326294e+00 +4.0326246e+00 +5.7339214e+00 +1.4263752e+01 
-5.4129965e+01 -5.3931930e+01 -3.0487300e+01 -3.0294303e+01 -3.0294303e+01 -3.0049774e+01 -2.9848181e+01 -2.9848181e+01 -3.9410177e+00 -2.4497048e+00 -2.3269353e+00 +3.8669218e-01 +3.8669224e-01 +7.0878220e-01 +1.3362003e+00 +2.1657505e+00 +2.1657506e+00 +3.8109902e+00 +4.0907487e+00 +5.5775315e+00 +1.4604396e+01 
-5.4121087e+01 -5.3939572e+01 -3.0478866e+01 -3.0275381e+01 -3.0275381e+01 -3.0078252e+01 -2.9866487e+01 -2.9866486e+01 -3.7934804e+00 -2.3418140e+00 -2.2763580e+00 +4.1344341e-01 +4.1344347e-01 +5.4294394e-01 +1.4246653e+00 +2.0264258e+00 +2.0264259e+00 +3.6882493e+00 +4.1469713e+00 +5.4318181e+00 +1.4945315e+01 
-5.4112041e+01 -5.3947463e+01 -3.0469346e+01 -3.0256011e+01 -3.0256011e+01 -3.0106464e+01 -2.9885281e+01 -2.9885281e+01 -3.6459134e+00 -2.2365566e+00 -2.2296654e+00 +3.7738595e-01 +4.4448004e-01 +4.4448010e-01 +1.5163808e+00 +1.8926209e+00 +1.8926209e+00 +3.5647556e+00 +4.2008595e+00 +5.2975186e+00 +1.5285576e+01 
-5.4102851e+01 -5.3955589e+01 -3.0458701e+01 -3.0236239e+01 -3.0236239e+01 -3.0134287e+01 -2.9904524e+01 -2.9904523e+01 -3.4992789e+00 -2.2088257e+00 -2.1133426e+00 +2.1249667e-01 +4.8000228e-01 +4.8000234e-01 +1.6112453e+00 +1.7644185e+00 +1.7644186e+00 +3.4408408e+00 +4.2520806e+00 +5.1751413e+00 +1.5624084e+01 
-5.4093542e+01 -5.3963936e+01 -3.0446899e+01 -3.0216111e+01 -3.0216111e+01 -3.0161608e+01 -2.9924173e+01 -2.9924172e+01 -3.3546083e+00 -2.1942762e+00 -1.9929360e+00 +4.8633786e-02 +5.2019521e-01 +5.2019527e-01 +1.6418824e+00 +1.6418824e+00 +1.7091499e+00 +3.3168197e+00 +4.3004398e+00 +5.0649216e+00 +1.5959527e+01 
-5.4084139e+01 -5.3972487e+01 -3.0433913e+01 -3.0195676e+01 -3.0195675e+01 -3.0188318e+01 -2.9944184e+01 -2.9944184e+01 -3.2130032e+00 -2.1937799e+00 -1.8685435e+00 -1.1387347e-01 +5.6522874e-01 +5.6522880e-01 +1.5250587e+00 +1.5250587e+00 +1.8099784e+00 +3.1929905e+00 +4.3459188e+00 +4.9667839e+00 +1.5094239e+01 
-5.4074666e+01 -5.3981227e+01 -3.0419726e+01 -3.0214318e+01 -3.0174980e+01 -3.0174980e+01 -2.9964514e+01 -2.9964513e+01 -3.0756330e+00 -2.2079237e+00 -1.7402708e+00 -2.7472207e-01 +6.1525772e-01 +6.1525778e-01 +1.4139773e+00 +1.4139774e+00 +1.9136062e+00 +3.0696349e+00 +4.3887129e+00 +4.8803172e+00 +1.4933323e+01 
-5.4065147e+01 -5.3990136e+01 -3.0404329e+01 -3.0239516e+01 -3.0154074e+01 -3.0154073e+01 -2.9985117e+01 -2.9985116e+01 -2.9437291e+00 -2.2369794e+00 -1.6082326e+00 -4.3363310e-01 +6.7042210e-01 +6.7042216e-01 +1.3086531e+00 +1.3086531e+00 +2.0199005e+00 +2.9470188e+00 +4.4292621e+00 +4.8047720e+00 +1.4800606e+01 
-5.4055607e+01 -5.3999197e+01 -3.0387721e+01 -3.0263830e+01 -3.0133006e+01 -3.0133005e+01 -3.0005946e+01 -3.0005946e+01 -2.8185729e+00 -2.2808935e+00 -1.4725527e+00 -5.9034981e-01 +7.3084713e-01 +7.3084719e-01 +1.2090860e+00 +1.2090861e+00 +2.1287189e+00 +2.8253932e+00 +4.4682702e+00 +4.7390819e+00 +1.4696460e+01 
-5.4046069e+01 -5.4008390e+01 -3.0369910e+01 -3.0287186e+01 -3.0111824e+01 -3.0111824e+01 -3.0026955e+01 -3.0026955e+01 -2.7014774e+00 -2.3392976e+00 -1.3333654e+00 -7.4463581e-01 +7.9664362e-01 +7.9664369e-01 +1.1152623e+00 +1.1152623e+00 +2.2399098e+00 +2.7049941e+00 +4.5067092e+00 +4.6819115e+00 +1.4620993e+01 
-5.4036556e+01 -5.4017696e+01 -3.0350913e+01 -3.0309520e+01 -3.0090579e+01 -3.0090579e+01 -3.0048096e+01 -3.0048096e+01 -2.5937594e+00 -2.4115394e+00 -1.1908159e+00 -8.9627331e-01 +8.6790809e-01 +8.6790815e-01 +1.0271541e+00 +1.0271542e+00 +2.3533113e+00 +2.5860436e+00 +4.5458026e+00 +4.6317270e+00 +1.4574034e+01 
-5.4027093e+01 -5.4027091e+01 -3.0330776e+01 -3.0330758e+01 -3.0069321e+01 -3.0069320e+01 -3.0069320e+01 -3.0069319e+01 -2.4967274e+00 -2.4967037e+00 -1.0450617e+00 -1.0450617e+00 +9.4472025e-01 +9.4472032e-01 +9.4472308e-01 +9.4472314e-01 +2.4687506e+00 +2.4687507e+00 +4.5868836e+00 +4.5869865e+00 +1.4555135e+01 
-5.4027050e+01 -5.4027048e+01 -3.0334285e+01 -3.0334267e+01 -3.0069260e+01 -3.0069259e+01 -3.0066215e+01 -3.0066214e+01 -2.4966635e+00 -2.4966399e+00 -1.0474230e+00 -1.0474230e+00 +9.2631588e-01 +9.2631867e-01 +9.5330750e-01 +9.5331024e-01 +2.4894668e+00 +2.4894670e+00 +4.5879802e+00 +4.5880832e+00 +1.4543521e+01 
-5.4026921e+01 -5.4026918e+01 -3.0344326e+01 -3.0344309e+01 -3.0069080e+01 -3.0069080e+01 -3.0057373e+01 -3.0057371e+01 -2.4967195e+00 -2.4966958e+00 -1.0538762e+00 -1.0538762e+00 +8.7395195e-01 +8.7395466e-01 +9.7866832e-01 +9.7867073e-01 +2.5487541e+00 +2.5487542e+00 +4.5912424e+00 +4.5913455e+00 +1.4509197e+01 
-5.4026706e+01 -5.4026704e+01 -3.0359729e+01 -3.0359712e+01 -3.0068782e+01 -3.0068782e+01 -3.0043953e+01 -3.0043951e+01 -2.4976224e+00 -2.4975989e+00 -1.0626213e+00 -1.0626212e+00 +7.9449057e-01 +7.9449314e-01 +1.0196774e+00 +1.0196792e+00 +2.6397135e+00 +2.6397136e+00 +4.5965874e+00 +4.5966909e+00 +1.4453631e+01 
-5.4026408e+01 -5.4026406e+01 -3.0379164e+01 -3.0379148e+01 -3.0068369e+01 -3.0068368e+01 -3.0027266e+01 -3.0027264e+01 -2.5005261e+00 -2.5005027e+00 -1.0709404e+00 -1.0709403e+00 +6.9565066e-01 +6.9565310e-01 +1.0746827e+00 +1.0746838e+00 +2.7545645e+00 +2.7545647e+00 +4.6038772e+00 +4.6039810e+00 +1.4379009e+01 
-5.4026030e+01 -5.4026028e+01 -3.0401485e+01 -3.0401470e+01 -3.0067844e+01 -3.0067843e+01 -3.0008432e+01 -3.0008428e+01 -2.5068998e+00 -2.5068767e+00 -1.0755510e+00 -1.0755509e+00 +5.8399608e-01 +5.8399838e-01 +1.1417486e+00 +1.1417488e+00 +2.8866566e+00 +2.8866569e+00 +4.6129171e+00 +4.6130214e+00 +1.4287931e+01 
-5.4025575e+01 -5.4025573e+01 -3.0425820e+01 -3.0425806e+01 -3.0067212e+01 -3.0067211e+01 -2.9988288e+01 -2.9988284e+01 -2.5183419e+00 -2.5183191e+00 -1.0730084e+00 -1.0730082e+00 +4.6443692e-01 +4.6443911e-01 +1.2188705e+00 +1.2188714e+00 +3.0309680e+00 +3.0309684e+00 +4.6234549e+00 +4.6235597e+00 +1.4183142e+01 
-5.4025047e+01 -5.4025045e+01 -3.0451530e+01 -3.0451517e+01 -3.0066479e+01 -3.0066478e+01 -2.9967436e+01 -2.9967431e+01 -2.5363239e+00 -2.5363017e+00 -1.0601123e+00 -1.0601118e+00 +3.4046500e-01 +3.4046707e-01 +1.3041283e+00 +1.3041303e+00 +3.1838690e+00 +3.1838695e+00 +4.6351799e+00 +4.6352853e+00 +1.4067323e+01 
-5.4024451e+01 -5.4024449e+01 -3.0478147e+01 -3.0478134e+01 -3.0065651e+01 -3.0065650e+01 -2.9946295e+01 -2.9946290e+01 -2.5619176e+00 -2.5618959e+00 -1.0342646e+00 -1.0342640e+00 +2.1454066e-01 +2.1454263e-01 +1.3957689e+00 +1.3957722e+00 +3.3427352e+00 +3.3427357e+00 +4.6477218e+00 +4.6478277e+00 +1.3942969e+01 
-5.4023791e+01 -5.4023789e+01 -3.0505319e+01 -3.0505306e+01 -3.0064735e+01 -3.0064735e+01 -2.9925167e+01 -2.9925162e+01 -2.5955914e+00 -2.5955705e+00 -9.9370608e-01 -9.9370526e-01 +8.8418467e-02 +8.8420347e-02 +1.4922391e+00 +1.4922438e+00 +3.5056209e+00 +3.5056215e+00 +4.6606497e+00 +4.6607562e+00 +1.3812328e+01 
-5.4023075e+01 -5.4023073e+01 -3.0532770e+01 -3.0532759e+01 -3.0063741e+01 -3.0063740e+01 -2.9904268e+01 -2.9904263e+01 -2.6371514e+00 -2.6371313e+00 -9.3757649e-01 -9.3757548e-01 -3.6622286e-02 -3.6620491e-02 +1.5921856e+00 +1.5921916e+00 +3.6710279e+00 +3.6710285e+00 +4.6734727e+00 +4.6735796e+00 +1.3677396e+01 
-5.4022309e+01 -5.4022307e+01 -3.0560279e+01 -3.0560268e+01 -3.0062676e+01 -3.0062676e+01 -2.9883761e+01 -2.9883756e+01 -2.6858350e+00 -2.6858158e+00 -8.6580543e-01 -8.6580430e-01 -1.5962401e-01 -1.5962229e-01 +1.6944377e+00 +1.6944451e+00 +3.8377510e+00 +3.8377516e+00 +4.6856396e+00 +4.6857469e+00 +1.3539923e+01 
-5.4021499e+01 -5.4021497e+01 -3.0587657e+01 -3.0587646e+01 -3.0061551e+01 -3.0061551e+01 -2.9863767e+01 -2.9863762e+01 -2.7404986e+00 -2.7404804e+00 -7.7890341e-01 -7.7890224e-01 -2.7985026e-01 -2.7984862e-01 +1.7979836e+00 +1.7979924e+00 +4.0047766e+00 +4.0047773e+00 +4.6965416e+00 +4.6966492e+00 +1.3401447e+01 
-5.4020653e+01 -5.4020651e+01 -3.0614741e+01 -3.0614731e+01 -3.0060376e+01 -3.0060375e+01 -2.9844381e+01 -2.9844376e+01 -2.7998187e+00 -2.7998014e+00 -6.7773934e-01 -6.7773825e-01 -3.9671977e-01 -3.9671820e-01 +1.9019447e+00 +1.9019549e+00 +4.1712162e+00 +4.1712168e+00 +4.7055154e+00 +4.7056231e+00 +1.3263318e+01 
-5.4019778e+01 -5.4019776e+01 -3.0641384e+01 -3.0641375e+01 -3.0059160e+01 -3.0059160e+01 -2.9825679e+01 -2.9825674e+01 -2.8624503e+00 -2.8624339e+00 -5.6336262e-01 -5.6336174e-01 -5.0976270e-01 -5.0976120e-01 +2.0055523e+00 +2.0055638e+00 +4.3362610e+00 +4.3362616e+00 +4.7118484e+00 +4.7119559e+00 +1.3126725e+01 
-5.4018883e+01 -5.4018881e+01 -3.0667454e+01 -3.0667445e+01 -3.0057916e+01 -3.0057916e+01 -2.9807719e+01 -2.9807714e+01 -2.9271273e+00 -2.9271118e+00 -6.1859118e-01 -6.1858974e-01 -4.3688796e-01 -4.3688742e-01 +2.1081257e+00 +2.1081385e+00 +4.4991526e+00 +4.4991532e+00 +4.7147869e+00 +4.7148941e+00 +1.2992722e+01 
-5.4017975e+01 -5.4017973e+01 -3.0692826e+01 -3.0692818e+01 -3.0056654e+01 -3.0056654e+01 -2.9790552e+01 -2.9790548e+01 -2.9927117e+00 -2.9926972e+00 -7.2287907e-01 -7.2287770e-01 -2.9943522e-01 -2.9943514e-01 +2.2090541e+00 +2.2090680e+00 +4.6591615e+00 +4.6591621e+00 +4.7135468e+00 +4.7136534e+00 +1.2862245e+01 
-5.4017063e+01 -5.4017061e+01 -3.0717386e+01 -3.0717378e+01 -3.0055386e+01 -3.0055386e+01 -2.9774219e+01 -2.9774214e+01 -3.0582084e+00 -3.0581947e+00 -8.2234799e-01 -8.2234668e-01 -1.5210834e-01 -1.5210780e-01 +2.3077801e+00 +2.3077951e+00 +4.7073282e+00 +4.7074337e+00 +4.8155734e+00 +4.8155739e+00 +1.2736124e+01 
-5.4016154e+01 -5.4016153e+01 -3.0741025e+01 -3.0741017e+01 -3.0054124e+01 -3.0054123e+01 -2.9758752e+01 -2.9758748e+01 -3.1227606e+00 -3.1227478e+00 -9.1675728e-01 -9.1675604e-01 +4.0040905e-03 +4.0053646e-03 +2.4037866e+00 +2.4038025e+00 +4.6953339e+00 +4.6954378e+00 +4.9676788e+00 +4.9676792e+00 +1.2615099e+01 
-5.4015258e+01 -5.4015257e+01 -3.0763640e+01 -3.0763633e+01 -3.0052878e+01 -3.0052877e+01 -2.9744182e+01 -2.9744177e+01 -3.1856367e+00 -3.1856248e+00 -1.0058969e+00 -1.0058957e+00 +1.6781246e-01 +1.6781460e-01 +2.4965842e+00 +2.4966008e+00 +4.6767932e+00 +4.6768953e+00 +5.1147670e+00 +5.1147674e+00 +1.2499816e+01 
-5.4014382e+01 -5.4014381e+01 -3.0785135e+01 -3.0785128e+01 -3.0051660e+01 -3.0051660e+01 -2.9730532e+01 -2.9730528e+01 -3.2462139e+00 -3.2462030e+00 -1.0895822e+00 -1.0895811e+00 +3.3820343e-01 +3.3820654e-01 +2.5857022e+00 +2.5857194e+00 +4.6509925e+00 +4.6510922e+00 +5.2561226e+00 +5.2561230e+00 +1.2390842e+01 
-5.4013535e+01 -5.4013534e+01 -3.0805419e+01 -3.0805413e+01 -3.0050481e+01 -3.0050481e+01 -2.9717823e+01 -2.9717820e+01 -3.3039627e+00 -3.3039526e+00 -1.1676499e+00 -1.1676489e+00 +5.1401157e-01 +5.1401577e-01 +2.6706801e+00 +2.6706978e+00 +4.6173123e+00 +4.6174091e+00 +5.3910239e+00 +5.3910243e+00 +1.2288654e+01 
-5.4012723e+01 -5.4012722e+01 -3.0824408e+01 -3.0824402e+01 -3.0049352e+01 -3.0049352e+01 -2.9706075e+01 -2.9706071e+01 -3.3584321e+00 -3.3584230e+00 -1.2399556e+00 -1.2399547e+00 +6.9398511e-01 +6.9399049e-01 +2.7510617e+00 +2.7510796e+00 +4.5752741e+00 +4.5753675e+00 +5.5187444e+00 +5.5187447e+00 +1.2193650e+01 
-5.4011955e+01 -5.4011954e+01 -3.0842021e+01 -3.0842015e+01 -3.0048283e+01 -3.0048283e+01 -2.9695301e+01 -2.9695298e+01 -3.4092384e+00 -3.4092301e+00 -1.3063711e+00 -1.3063702e+00 +8.7674337e-01 +8.7675001e-01 +2.8263907e+00 +2.8264085e+00 +4.5245996e+00 +4.5246891e+00 +5.6385556e+00 +5.6385559e+00 +1.2106135e+01 
-5.4011237e+01 -5.4011236e+01 -3.0858185e+01 -3.0858180e+01 -3.0047284e+01 -3.0047284e+01 -2.9685517e+01 -2.9685514e+01 -3.4560546e+00 -3.4560473e+00 -1.3667830e+00 -1.3667821e+00 +1.0607209e+00 +1.0607289e+00 +2.8962081e+00 +2.8962257e+00 +4.4652855e+00 +4.4653706e+00 +5.7497326e+00 +5.7497329e+00 +1.2026323e+01 
-5.4010576e+01 -5.4010576e+01 -3.0872833e+01 -3.0872829e+01 -3.0046364e+01 -3.0046364e+01 -2.9676733e+01 -2.9676731e+01 -3.4986029e+00 -3.4985965e+00 -1.4210914e+00 -1.4210906e+00 +1.2440909e+00 +1.2441001e+00 +2.9600521e+00 +2.9600692e+00 +4.3977021e+00 +4.3977821e+00 +5.8515622e+00 +5.8515624e+00 +1.1954325e+01 
-5.4009978e+01 -5.4009978e+01 -3.0885904e+01 -3.0885900e+01 -3.0045532e+01 -3.0045531e+01 -2.9668960e+01 -2.9668958e+01 -3.5366478e+00 -3.5366423e+00 -1.4692088e+00 -1.4692080e+00 +1.4246540e+00 +1.4246645e+00 +3.0174592e+00 +3.0174755e+00 +4.3227252e+00 +4.3227996e+00 +5.9433518e+00 +5.9433520e+00 +1.1890130e+01 
-5.4009449e+01 -5.4009448e+01 -3.0897344e+01 -3.0897340e+01 -3.0044794e+01 -3.0044794e+01 -2.9662206e+01 -2.9662204e+01 -3.5699911e+00 -3.5699864e+00 -1.5110594e+00 -1.5110588e+00 +1.5996757e+00 +1.5996872e+00 +3.0679690e+00 +3.0679843e+00 +4.2419189e+00 +4.2419869e+00 +6.0244423e+00 +6.0244424e+00 +1.1833576e+01 
-5.4008992e+01 -5.4008992e+01 -3.0907105e+01 -3.0907102e+01 -3.0044158e+01 -3.0044158e+01 -2.9656479e+01 -2.9656477e+01 -3.5984678e+00 -3.5984641e+00 -1.5465787e+00 -1.5465781e+00 +1.7656463e+00 +1.7656584e+00 +3.1111344e+00 +3.1111484e+00 +4.1577874e+00 +4.1578481e+00 +6.0942204e+00 +6.0942205e+00 +1.1784302e+01 
-5.4008613e+01 -5.4008613e+01 -3.0915146e+01 -3.0915143e+01 -3.0043629e+01 -3.0043629e+01 -2.9651783e+01 -2.9651783e+01 -3.6219432e+00 -3.6219404e+00 -1.5757125e+00 -1.5757120e+00 +1.9179469e+00 +1.9179590e+00 +3.1465449e+00 +3.1465572e+00 +4.0741048e+00 +4.0741570e+00 +6.1521336e+00 +6.1521336e+00 +1.1741731e+01 
-5.4008315e+01 -5.4008315e+01 -3.0921434e+01 -3.0921432e+01 -3.0043213e+01 -3.0043213e+01 -2.9648126e+01 -2.9648125e+01 -3.6403098e+00 -3.6403079e+00 -1.5984171e+00 -1.5984166e+00 +2.0504587e+00 +2.0504699e+00 +3.1738829e+00 +3.1738930e+00 +3.9962653e+00 +3.9963075e+00 +6.1977044e+00 +6.1977044e+00 +1.1705326e+01 
-5.4008100e+01 -5.4008100e+01 -3.0925942e+01 -3.0925941e+01 -3.0042913e+01 -3.0042913e+01 -2.9645509e+01 -2.9645508e+01 -3.6534859e+00 -3.6534850e+00 -1.6146586e+00 -1.6146581e+00 +2.1553457e+00 +2.1553545e+00 +3.1930322e+00 +3.1930394e+00 +3.9314029e+00 +3.9314329e+00 +6.2305443e+00 +6.2305443e+00 +1.1675593e+01 
-5.4007971e+01 -5.4007971e+01 -3.0928653e+01 -3.0928652e+01 -3.0042732e+01 -3.0042732e+01 -2.9643935e+01 -2.9643935e+01 -3.6614141e+00 -3.6614141e+00 -1.6244130e+00 -1.6244126e+00 +2.2236394e+00 +2.2236445e+00 +3.2042003e+00 +3.2042040e+00 +3.8876899e+00 +3.8877057e+00 +6.2503662e+00 +6.2503663e+00 +1.1655234e+01 
-5.4007929e+01 -5.4007929e+01 -3.0929554e+01 -3.0929554e+01 -3.0042671e+01 -3.0042671e+01 -2.9643407e+01 -2.9643406e+01 -3.6640613e+00 -3.6640603e+00 -1.6276660e+00 -1.6276657e+00 +2.2474818e+00 +2.2474822e+00 +3.2078406e+00 +3.2078409e+00 +3.8721760e+00 +3.8721761e+00 +6.2569937e+00 +6.2569938e+00 +1.1647900e+01 
-5.4008192e+01 -5.4007748e+01 -3.0929123e+01 -3.0928212e+01 -3.0043232e+01 -3.0042230e+01 -2.9644459e+01 -2.9643401e+01 -3.6626810e+00 -3.6602256e+00 -1.6259099e+00 -1.6230070e+00 +2.2157502e+00 +2.2323726e+00 +3.1979259e+00 +3.2105736e+00 +3.8703392e+00 +3.9044815e+00 +6.2448532e+00 +6.2560789e+00 +1.1654823e+01 
-5.4008985e+01 -5.4007209e+01 -3.0927817e+01 -3.0924175e+01 -3.0044912e+01 -3.0040907e+01 -2.9647594e+01 -2.9643367e+01 -3.6585783e+00 -3.6487555e+00 -1.6206461e+00 -1.6090353e+00 +2.1272364e+00 +2.1882091e+00 +3.1684978e+00 +3.2178648e+00 +3.8648693e+00 +3.9947278e+00 +6.2087116e+00 +6.2533412e+00 +1.1675546e+01 
-5.4010302e+01 -5.4006315e+01 -3.0925643e+01 -3.0917459e+01 -3.0047703e+01 -3.0038708e+01 -2.9652796e+01 -2.9643305e+01 -3.6518639e+00 -3.6297568e+00 -1.6118854e+00 -1.5857672e+00 +1.9966370e+00 +2.1180416e+00 +3.1204693e+00 +3.2274183e+00 +3.8558597e+00 +4.1281744e+00 +6.1493805e+00 +6.2487958e+00 +1.1709926e+01 
-5.4012139e+01 -5.4005069e+01 -3.0922608e+01 -3.0908086e+01 -3.0051590e+01 -3.0035642e+01 -2.9660037e+01 -2.9643216e+01 -3.6427255e+00 -3.6034099e+00 -1.5996462e+00 -1.5532297e+00 +1.8381696e+00 +2.0257854e+00 +3.0552824e+00 +3.2365379e+00 +3.8434624e+00 +4.2905299e+00 +6.0681381e+00 +6.2424685e+00 +1.1757720e+01 
-5.4014486e+01 -5.4003477e+01 -3.0918725e+01 -3.0896093e+01 -3.0056553e+01 -3.0031720e+01 -2.9669277e+01 -2.9643101e+01 -3.6314319e+00 -3.5699726e+00 -1.5839544e+00 -1.5114608e+00 +1.6621602e+00 +1.9154008e+00 +2.9748062e+00 +3.2428937e+00 +3.8278820e+00 +4.4713650e+00 +5.9666322e+00 +6.2343945e+00 +1.1818610e+01 
-5.4017332e+01 -5.4001546e+01 -3.0914009e+01 -3.0881521e+01 -3.0062567e+01 -3.0026960e+01 -2.9680468e+01 -2.9642959e+01 -3.6183391e+00 -3.5297859e+00 -1.5648438e+00 -1.4605091e+00 +1.4753585e+00 +1.7905179e+00 +2.8812230e+00 +3.2448359e+00 +3.8093688e+00 +4.6637974e+00 +5.8467681e+00 +6.2246190e+00 +1.1892183e+01 
-5.4020664e+01 -5.3999283e+01 -3.0908480e+01 -3.0864426e+01 -3.0069602e+01 -3.0021378e+01 -2.9693550e+01 -2.9642791e+01 -3.6038981e+00 -3.4832808e+00 -1.5423557e+00 -1.4004341e+00 +1.2820894e+00 +1.6543740e+00 +2.7769195e+00 +3.2413918e+00 +3.7882103e+00 +4.8633402e+00 +5.7105988e+00 +6.2131960e+00 +1.1977950e+01 
-5.4024465e+01 -5.3996699e+01 -3.0902159e+01 -3.0844870e+01 -3.0077622e+01 -3.0014999e+01 -2.9708455e+01 -2.9642600e+01 -3.5886636e+00 -3.4309876e+00 -1.5165396e+00 -1.3313058e+00 +1.0851760e+00 +1.5098802e+00 +2.6643953e+00 +3.2321376e+00 +3.7647226e+00 +5.0669797e+00 +5.5602271e+00 +6.2001884e+00 +1.2075343e+01 
-5.4028718e+01 -5.3993804e+01 -3.0895071e+01 -3.0822925e+01 -3.0086587e+01 -3.0007848e+01 -2.9725103e+01 -2.9642384e+01 -3.5733038e+00 -3.3735466e+00 -1.4874532e+00 -1.2532047e+00 +8.8652540e-01 +1.3597140e+00 +2.5461965e+00 +3.2170526e+00 +3.7392407e+00 +5.2725899e+00 +5.3977271e+00 +6.1856672e+00 +1.2183728e+01 
-5.4033403e+01 -5.3990612e+01 -3.0887247e+01 -3.0798673e+01 -3.0096452e+01 -2.9999953e+01 -2.9743409e+01 -2.9642146e+01 -3.5586103e+00 -3.3117199e+00 -1.4551627e+00 -1.1662219e+00 +6.8747829e-01 +1.2063980e+00 +2.4248729e+00 +3.1963963e+00 +3.7121107e+00 +5.2250878e+00 +5.4785840e+00 +6.1697111e+00 +1.2302398e+01 
-5.4038497e+01 -5.3987135e+01 -3.0878717e+01 -3.0772206e+01 -3.0107167e+01 -2.9991347e+01 -2.9763278e+01 -2.9641888e+01 -3.5455050e+00 -3.2464046e+00 -1.4197433e+00 -1.0704590e+00 +4.8901615e-01 +1.0523592e+00 +2.3029579e+00 +3.1706146e+00 +3.6836813e+00 +5.0441757e+00 +5.6837090e+00 +6.1524055e+00 +1.2430574e+01 
-5.4043976e+01 -5.3983389e+01 -3.0869516e+01 -3.0743622e+01 -3.0118680e+01 -2.9982065e+01 -2.9784607e+01 -2.9641609e+01 -3.5350437e+00 -3.1786454e+00 -1.3812793e+00 -9.6602812e-01 +2.9188601e-01 +8.9996657e-01 +2.1829640e+00 +3.1402741e+00 +3.6542970e+00 +4.8567143e+00 +5.8869230e+00 +6.1338423e+00 +1.2567405e+01 
-5.4049816e+01 -5.3979390e+01 -3.0859683e+01 -3.0713031e+01 -3.0130935e+01 -2.9972145e+01 -2.9807290e+01 -2.9641312e+01 -3.5284109e+00 -3.1096453e+00 -1.3398648e+00 -8.5305171e-01 +9.6677435e-02 +7.5155052e-01 +2.0673894e+00 +3.1060151e+00 +3.6242917e+00 +4.6642764e+00 +6.0873208e+00 +6.1141187e+00 +1.2711956e+01 
-5.4055988e+01 -5.3975156e+01 -3.0849257e+01 -3.0680550e+01 -3.0143870e+01 -2.9961628e+01 -2.9831211e+01 -2.9640999e+01 -3.5269016e+00 -3.0407696e+00 -1.2956036e+00 -7.3166285e-01 -9.6128735e-02 +6.0940159e-01 +1.9587260e+00 +3.0685205e+00 +3.5939843e+00 +4.4682848e+00 +6.0933370e+00 +6.2840898e+00 +1.2863205e+01 
-5.4062464e+01 -5.3970704e+01 -3.0838282e+01 -3.0646305e+01 -3.0157425e+01 -2.9950557e+01 -2.9856252e+01 -2.9640670e+01 -3.5318847e+00 -2.9735411e+00 -1.2486104e+00 -6.0200525e-01 -2.8612871e-01 +4.7574605e-01 +1.8594631e+00 +3.0284954e+00 +3.5636740e+00 +4.2700193e+00 +6.0716034e+00 +6.4764827e+00 +1.3020020e+01 
-5.4069214e+01 -5.3966055e+01 -3.0826804e+01 -3.0610429e+01 -3.0171532e+01 -2.9938980e+01 -2.9882290e+01 -2.9640328e+01 -3.5447433e+00 -2.9096186e+00 -1.1990106e+00 -4.7297466e-01 -4.6423343e-01 +3.5269521e-01 +1.7720773e+00 +2.9866542e+00 +3.5336382e+00 +4.0706266e+00 +6.0490276e+00 +6.6638028e+00 +1.3181151e+01 
-5.4076206e+01 -5.3961228e+01 -3.0814871e+01 -3.0573065e+01 -3.0186126e+01 -2.9926943e+01 -2.9909198e+01 -2.9639973e+01 -3.5667894e+00 -2.8507524e+00 -1.1469414e+00 -6.5636033e-01 -3.1851295e-01 +2.4216746e-01 +1.6990005e+00 +2.9437130e+00 +3.5041296e+00 +3.8711324e+00 +6.0257220e+00 +6.8453969e+00 +1.3345201e+01 
-5.4083409e+01 -5.3956245e+01 -3.0802534e+01 -3.0534362e+01 -3.0201137e+01 -2.9936846e+01 -2.9914499e+01 -2.9639609e+01 -3.5991589e+00 -2.7987119e+00 -1.0925518e+00 -8.3601104e-01 -1.6502083e-01 +1.4578809e-01 +1.6425596e+00 +2.9003858e+00 +3.4753753e+00 +3.6724535e+00 +6.0018007e+00 +7.0206541e+00 +1.3510607e+01 
-5.4090789e+01 -5.3951127e+01 -3.0789844e+01 -3.0494477e+01 -3.0216495e+01 -2.9965104e+01 -2.9901700e+01 -2.9639236e+01 -3.6426976e+00 -2.7551835e+00 -1.0360038e+00 -1.0116767e+00 -3.9459836e-03 +6.4779762e-02 +1.6048860e+00 +2.8573833e+00 +3.4475758e+00 +3.4754096e+00 +5.9773794e+00 +7.1890080e+00 +1.3675617e+01 
-5.4098313e+01 -5.3945897e+01 -3.0776857e+01 -3.0453572e+01 -3.0232127e+01 -2.9993838e+01 -2.9888600e+01 -2.9638857e+01 -3.6978604e+00 -2.7216463e+00 -1.1831265e+00 -9.7747226e-01 -1.3566538e-04 +1.6451011e-01 +1.5878007e+00 +2.8154131e+00 +3.2807343e+00 +3.4209047e+00 +5.9525744e+00 +7.3499429e+00 +1.3838270e+01 
-5.4105947e+01 -5.3940578e+01 -3.0763628e+01 -3.0411817e+01 -3.0247963e+01 -3.0022916e+01 -2.9875258e+01 -2.9638473e+01 -3.7646447e+00 -2.6992407e+00 -1.3501456e+00 -9.1714601e-01 -4.8800826e-02 +3.4013267e-01 +1.5926922e+00 +2.7751807e+00 +3.0890860e+00 +3.3955091e+00 +5.9275017e+00 +7.5030005e+00 +1.3996385e+01 
-5.4113656e+01 -5.3935194e+01 -3.0750216e+01 -3.0369388e+01 -3.0263930e+01 -3.0052203e+01 -2.9861730e+01 -2.9638086e+01 -3.8425765e+00 -2.6886563e+00 -1.5125321e+00 -8.5522814e-01 -8.1634467e-02 +5.2269244e-01 +1.6204116e+00 +2.7373904e+00 +2.9010560e+00 +3.3715096e+00 +5.9022772e+00 +7.6477885e+00 +1.4147577e+01 
-5.4121406e+01 -5.3929769e+01 -3.0736678e+01 -3.0326465e+01 -3.0279955e+01 -3.0081568e+01 -2.9848076e+01 -2.9637697e+01 -3.9307521e+00 -2.6900650e+00 -1.6700951e+00 -7.9193655e-01 -9.9586584e-02 +7.1194439e-01 +1.6712106e+00 +2.7027452e+00 +2.7171774e+00 +3.3490014e+00 +5.8770154e+00 +7.7839897e+00 +1.4289295e+01 
-5.4129161e+01 -5.3924326e+01 -3.0723075e+01 -3.0295967e+01 -3.0283234e+01 -3.0110879e+01 -2.9834357e+01 -2.9637309e+01 -4.0279247e+00 -2.7031161e+00 -1.8226533e+00 -7.2750446e-01 -1.0404749e-01 +9.0762608e-01 +1.7447415e+00 +2.5379318e+00 +2.6719444e+00 +3.3280548e+00 +5.8518293e+00 +7.9113692e+00 +1.4418911e+01 
-5.4136887e+01 -5.3918890e+01 -3.0709468e+01 -3.0311894e+01 -3.0239885e+01 -3.0140007e+01 -2.9820632e+01 -2.9636924e+01 -4.1326142e+00 -2.7269942e+00 -1.9700338e+00 -6.6218066e-01 -9.6730766e-02 +1.1094554e+00 +1.8401170e+00 +2.3637553e+00 +2.6456786e+00 +3.3087169e+00 +5.8268295e+00 +8.0297810e+00 +1.0764095e+01 
-5.4144549e+01 -5.3913485e+01 -3.0695916e+01 -3.0327667e+01 -3.0196610e+01 -3.0168824e+01 -2.9806965e+01 -2.9636542e+01 -4.2432181e+00 -2.7605239e+00 -2.1120716e+00 -5.9622987e-01 -7.9551020e-02 +1.3171281e+00 +1.9560166e+00 +2.1950440e+00 +2.6246191e+00 +3.2910117e+00 +5.8021246e+00 +8.1391723e+00 +1.0693612e+01 
-5.4152115e+01 -5.3908136e+01 -3.0682482e+01 -3.0343216e+01 -3.0197207e+01 -3.0153605e+01 -2.9793416e+01 -2.9636167e+01 -4.3581071e+00 -2.8022950e+00 -2.2486087e+00 -5.2993275e-01 -5.4512348e-02 +1.5303140e+00 +2.0321585e+00 +2.0908101e+00 +2.6094025e+00 +3.2749426e+00 +5.7778199e+00 +8.2395851e+00 +1.0620592e+01 
-5.4159551e+01 -5.3902866e+01 -3.0669227e+01 -3.0358475e+01 -3.0225034e+01 -3.0111067e+01 -2.9780047e+01 -2.9635798e+01 -4.4756968e+00 -2.8507842e+00 -2.3794936e+00 -4.6358585e-01 -2.3613547e-02 +1.7486528e+00 +1.8754277e+00 +2.2426780e+00 +2.6006072e+00 +3.2604929e+00 +5.7540176e+00 +8.3311539e+00 +1.0544907e+01 
-5.4166823e+01 -5.3897700e+01 -3.0656211e+01 -3.0373377e+01 -3.0252188e+01 -3.0069194e+01 -2.9766920e+01 -2.9635439e+01 -4.5944944e+00 -2.9044560e+00 -2.5045817e+00 -3.9750126e-01 +1.1228442e-02 +1.7251521e+00 +1.9717485e+00 +2.4097075e+00 +2.5987228e+00 +3.2476274e+00 +5.7308162e+00 +8.4141018e+00 +1.0466410e+01 
-5.4173901e+01 -5.3892661e+01 -3.0643495e+01 -3.0387860e+01 -3.0278556e+01 -3.0028185e+01 -2.9754096e+01 -2.9635089e+01 -4.7131251e+00 -2.9618358e+00 -2.6237345e+00 -3.3200599e-01 +4.8240637e-02 +1.5816065e+00 +2.1991621e+00 +2.5899595e+00 +2.6041134e+00 +3.2362943e+00 +5.7083104e+00 +8.4887321e+00 +1.0384944e+01 
-5.4180753e+01 -5.3887771e+01 -3.0631138e+01 -3.0401863e+01 -3.0304029e+01 -2.9988237e+01 -2.9741634e+01 -2.9634752e+01 -4.8303424e+00 -3.0215566e+00 -2.7368199e+00 -2.6744098e-01 +8.5844218e-02 +1.4450428e+00 +2.4304021e+00 +2.6169760e+00 +2.7815056e+00 +3.2264266e+00 +5.6865909e+00 +8.5554184e+00 +1.0300353e+01 
-5.4187350e+01 -5.3883053e+01 -3.0619198e+01 -3.0415326e+01 -3.0328503e+01 -2.9949543e+01 -2.9729592e+01 -2.9634428e+01 -4.9450278e+00 -3.0823818e+00 -2.8437119e+00 -2.0415976e-01 +1.2269406e-01 +1.3156916e+00 +2.6372996e+00 +2.6649121e+00 +2.9824400e+00 +3.2179440e+00 +5.6657437e+00 +8.6145924e+00 +1.0212494e+01 
-5.4193663e+01 -5.3878529e+01 -3.0607731e+01 -3.0428195e+01 -3.0351879e+01 -2.9912296e+01 -2.9718028e+01 -2.9634118e+01 -5.0561849e+00 -3.1432136e+00 -2.9442912e+00 -1.4252662e-01 +1.5770643e-01 +1.1937641e+00 +2.6648311e+00 +2.9020542e+00 +3.1908708e+00 +3.2107547e+00 +5.6458506e+00 +8.6667307e+00 +1.0121260e+01 
-5.4199666e+01 -5.3874219e+01 -3.0596792e+01 -3.0440416e+01 -3.0374063e+01 -2.9876683e+01 -2.9706996e+01 -2.9633824e+01 -5.1629300e+00 -3.2030903e+00 -3.0384448e+00 -8.2914326e-02 +1.9007214e-01 +1.0794533e+00 +2.6990521e+00 +3.1410870e+00 +3.2047572e+00 +3.4048971e+00 +5.6269887e+00 +8.7123406e+00 +1.0026605e+01 
-5.4205332e+01 -5.3870143e+01 -3.0586433e+01 -3.0451939e+01 -3.0394968e+01 -2.9842884e+01 -2.9696549e+01 -2.9633547e+01 -5.2644820e+00 -3.2611767e+00 -3.1260664e+00 -2.5701232e-02 +2.1925308e-01 +9.7293564e-01 +2.7391745e+00 +3.1998428e+00 +3.3811356e+00 +3.6225732e+00 +5.6092300e+00 +8.7519468e+00 +9.9285801e+00 
-5.4210638e+01 -5.3866319e+01 -3.0576704e+01 -3.0462717e+01 -3.0414510e+01 -2.9811075e+01 -2.9686738e+01 -2.9633288e+01 -5.3601516e+00 -3.3167537e+00 -3.2070566e+00 +2.8732100e-02 +2.4496201e-01 +8.7437152e-01 +2.7841539e+00 +3.1958974e+00 +3.6211506e+00 +3.8418631e+00 +5.5926417e+00 +8.7860779e+00 +9.8273844e+00 
-5.4215560e+01 -5.3862766e+01 -3.0567652e+01 -3.0472707e+01 -3.0432614e+01 -2.9781421e+01 -2.9677610e+01 -2.9633048e+01 -5.4493326e+00 -3.3692046e+00 -3.2813228e+00 +8.0006883e-02 +2.6712796e-01 +7.8390642e-01 +2.8327223e+00 +3.1928041e+00 +3.8598522e+00 +4.0605840e+00 +5.5772859e+00 +8.8152550e+00 +9.7234231e+00 
-5.4220079e+01 -5.3859499e+01 -3.0559322e+01 -3.0481870e+01 -3.0449208e+01 -2.9754079e+01 -2.9669210e+01 -2.9632827e+01 -5.5314932e+00 -3.4180041e+00 -3.3487797e+00 +1.2775061e-01 +2.8585212e-01 +7.0167148e-01 +2.8834338e+00 +3.1904453e+00 +4.0956523e+00 +4.2763399e+00 +5.5632195e+00 +8.8399808e+00 +9.6173846e+00 
-5.4224174e+01 -5.3856535e+01 -3.0551753e+01 -3.0490167e+01 -3.0464230e+01 -2.9729196e+01 -2.9661578e+01 -2.9632628e+01 -5.6061690e+00 -3.4627065e+00 -3.4093495e+00 +1.7160206e-01 +3.0136005e-01 +6.2778405e-01 +2.9347218e+00 +3.1887051e+00 +4.3265495e+00 +4.4864433e+00 +5.5504943e+00 +8.8607309e+00 +9.5103317e+00 
-5.4227829e+01 -5.3853885e+01 -3.0544984e+01 -3.0497567e+01 -3.0477621e+01 -2.9706907e+01 -2.9654753e+01 -2.9632450e+01 -5.6729572e+00 -3.5029364e+00 -3.4629619e+00 +2.1121666e-01 +3.1395543e-01 +5.6234820e-01 +2.9849591e+00 +3.1874720e+00 +4.5499855e+00 +4.6878277e+00 +5.5391564e+00 +8.8779458e+00 +9.4038064e+00 
-5.4231029e+01 -5.3851564e+01 -3.0539047e+01 -3.0504040e+01 -3.0489331e+01 -2.9687332e+01 -2.9648767e+01 -2.9632293e+01 -5.7315116e+00 -3.5383800e+00 -3.5095543e+00 +2.4627215e-01 +3.2397921e-01 +5.0545504e-01 +3.0325207e+00 +3.1866407e+00 +4.7626612e+00 +4.8769593e+00 +5.5292470e+00 +8.8920252e+00 +9.2999381e+00 
-5.4233759e+01 -5.3849581e+01 -3.0533972e+01 -3.0509560e+01 -3.0499315e+01 -2.9670580e+01 -2.9643651e+01 -2.9632160e+01 -5.7815388e+00 -3.5687782e+00 -3.5490721e+00 +2.7647432e-01 +3.3177625e-01 +4.5718303e-01 +3.0758442e+00 +3.1861148e+00 +4.9603190e+00 +5.0497665e+00 +5.5208017e+00 +8.9033229e+00 +9.2015343e+00 
-5.4236009e+01 -5.3847946e+01 -3.0529785e+01 -3.0514107e+01 -3.0507534e+01 -2.9656743e+01 -2.9639430e+01 -2.9632050e+01 -5.8227950e+00 -3.5939209e+00 -3.5814689e+00 +3.0156266e-01 +3.3766968e-01 +4.1759823e-01 +3.1134884e+00 +3.1858087e+00 +5.1375367e+00 +5.2016307e+00 +5.5138507e+00 +8.9121433e+00 +9.1121095e+00 
-5.4237768e+01 -5.3846666e+01 -3.0526505e+01 -3.0517662e+01 -3.0513959e+01 -2.9645899e+01 -2.9636125e+01 -2.9631963e+01 -5.8550837e+00 -3.6136419e+00 -3.6067064e+00 +3.2131566e-01 +3.4194241e-01 +3.8675447e-01 +3.1441872e+00 +3.1856495e+00 +5.2876566e+00 +5.3275083e+00 +5.5084187e+00 +8.9187384e+00 +9.0357810e+00 
-5.4239030e+01 -5.3845748e+01 -3.0524150e+01 -3.0520211e+01 -3.0518565e+01 -2.9638109e+01 -2.9633752e+01 -2.9631900e+01 -5.8782539e+00 -3.6278158e+00 -3.6247548e+00 +3.3555557e-01 +3.4482448e-01 +3.6469347e-01 +3.1668985e+00 +3.1855788e+00 +5.4030860e+00 +5.4222716e+00 +5.5045248e+00 +8.9233061e+00 +8.9769423e+00 
-5.4239789e+01 -5.3845195e+01 -3.0522732e+01 -3.0521744e+01 -3.0521334e+01 -2.9633416e+01 -2.9632323e+01 -2.9631861e+01 -5.8921984e+00 -3.6363548e+00 -3.6355926e+00 +3.4415239e-01 +3.4648493e-01 +3.5144499e-01 +3.1808454e+00 +3.1855538e+00 +5.4762699e+00 +5.4813224e+00 +5.5021831e+00 +8.9259887e+00 +8.9396599e+00 
-5.4240043e+01 -5.3845011e+01 -3.0522257e+01 -3.0522256e+01 -3.0522256e+01 -2.9631847e+01 -2.9631846e+01 -2.9631846e+01 -5.8968534e+00 -3.6392070e+00 -3.6392070e+00 +3.4702681e-01 +3.4702689e-01 +3.4702689e-01 +3.1855484e+00 +3.1855484e+00 +5.5014015e+00 +5.5014015e+00 +5.5014015e+00 +8.9268716e+00 +8.9268716e+00 
-5.4239784e+01 -5.3845199e+01 -3.0522406e+01 -3.0522406e+01 -3.0520981e+01 -2.9633604e+01 -2.9632019e+01 -2.9632019e+01 -5.8921062e+00 -3.6359093e+00 -3.6359093e+00 +3.4488627e-01 +3.4488627e-01 +3.5232810e-01 +3.1831546e+00 +3.1831546e+00 +5.4687159e+00 +5.4950903e+00 +5.4950903e+00 +8.9348189e+00 +8.9348480e+00 
-5.4239010e+01 -5.3845762e+01 -3.0522849e+01 -3.0522849e+01 -3.0517157e+01 -2.9638858e+01 -2.9632533e+01 -2.9632533e+01 -5.8778875e+00 -3.6260270e+00 -3.6260270e+00 +3.3844705e-01 +3.3844706e-01 +3.6823454e-01 +3.1760796e+00 +3.1760796e+00 +5.3737084e+00 +5.4763688e+00 +5.4763688e+00 +8.9584246e+00 +8.9584246e+00 
-5.4237724e+01 -5.3846697e+01 -3.0523580e+01 -3.0523580e+01 -3.0510809e+01 -2.9647567e+01 -2.9633391e+01 -2.9633391e+01 -5.8542678e+00 -3.6095890e+00 -3.6095890e+00 +3.2765886e-01 +3.2765886e-01 +3.9475375e-01 +3.1646368e+00 +3.1646368e+00 +5.2242929e+00 +5.4458482e+00 +5.4458482e+00 +8.9970179e+00 +8.9970179e+00 
-5.4235931e+01 -5.3847998e+01 -3.0524592e+01 -3.0524592e+01 -3.0501978e+01 -2.9659664e+01 -2.9634595e+01 -2.9634595e+01 -5.8213638e+00 -3.5866441e+00 -3.5866440e+00 +3.1244382e-01 +3.1244383e-01 +4.3189793e-01 +3.1493287e+00 +3.1493287e+00 +5.0305722e+00 +5.4044676e+00 +5.4044676e+00 +9.0495599e+00 +9.0495601e+00 
-5.4233640e+01 -5.3849658e+01 -3.0525873e+01 -3.0525873e+01 -3.0490718e+01 -2.9675053e+01 -2.9636151e+01 -2.9636151e+01 -5.7793368e+00 -3.5572607e+00 -3.5572607e+00 +2.9270561e-01 +2.9270561e-01 +4.7968275e-01 +3.1308197e+00 +3.1308197e+00 +4.8025052e+00 +5.3533966e+00 +5.3533966e+00 +9.1147404e+00 +9.1147404e+00 
-5.4230863e+01 -5.3851666e+01 -3.0527409e+01 -3.0527409e+01 -3.0477102e+01 -2.9693617e+01 -2.9638063e+01 -2.9638063e+01 -5.7283907e+00 -3.5215274e+00 -3.5215274e+00 +2.6834155e-01 +2.6834155e-01 +5.3812609e-01 +3.1098999e+00 +3.1098999e+00 +4.5487050e+00 +5.2939324e+00 +5.2939324e+00 +9.1910795e+00 +9.1910795e+00 
-5.4227611e+01 -5.3854010e+01 -3.0529183e+01 -3.0529183e+01 -3.0461216e+01 -2.9715212e+01 -2.9640338e+01 -2.9640338e+01 -5.6687692e+00 -3.4795531e+00 -3.4795531e+00 +2.3925739e-01 +2.3925739e-01 +6.0724634e-01 +3.0874443e+00 +3.0874443e+00 +4.2761517e+00 +5.2274103e+00 +5.2274103e+00 +9.2770169e+00 +9.2770169e+00 
-5.4223899e+01 -5.3856677e+01 -3.0531175e+01 -3.0531175e+01 -3.0443162e+01 -2.9739675e+01 -2.9642984e+01 -2.9642984e+01 -5.6007527e+00 -3.4314678e+00 -3.4314678e+00 +2.0538383e-01 +2.0538383e-01 +6.8706033e-01 +3.0643685e+00 +3.0643685e+00 +3.9903523e+00 +5.1551339e+00 +5.1551339e+00 +9.3709797e+00 +9.3709799e+00 
-5.4219746e+01 -5.3859649e+01 -3.0533362e+01 -3.0533362e+01 -3.0423057e+01 -2.9766820e+01 -2.9646010e+01 -2.9646010e+01 -5.5246554e+00 -3.3774231e+00 -3.3774231e+00 +1.6669340e-01 +1.6669340e-01 +7.7758094e-01 +3.0415860e+00 +3.0415860e+00 +3.6956315e+00 +5.0783301e+00 +5.0783301e+00 +9.4714270e+00 +9.4714270e+00 
-5.4215170e+01 -5.3862911e+01 -3.0535720e+01 -3.0535720e+01 -3.0401031e+01 -2.9796446e+01 -2.9649424e+01 -2.9649424e+01 -5.4408204e+00 -3.3175927e+00 -3.3175927e+00 +1.2321639e-01 +1.2321639e-01 +8.7881434e-01 +3.0199676e+00 +3.0199676e+00 +3.3954111e+00 +4.9981239e+00 +4.9981239e+00 +9.5768737e+00 +9.5768737e+00 
-5.4210192e+01 -5.3866442e+01 -3.0538221e+01 -3.0538221e+01 -3.0377229e+01 -2.9828334e+01 -2.9653236e+01 -2.9653236e+01 -5.3496169e+00 -3.2521733e+00 -3.2521733e+00 +7.5054059e-02 +7.5054059e-02 +9.9075699e-01 +3.0003076e+00 +3.0003076e+00 +3.0924355e+00 +4.9155291e+00 +4.9155291e+00 +9.6859002e+00 +9.6859002e+00 
-5.4204835e+01 -5.3870222e+01 -3.0540835e+01 -3.0540835e+01 -3.0351809e+01 -2.9862252e+01 -2.9657459e+01 -2.9657459e+01 -5.2514346e+00 -3.1813857e+00 -3.1813857e+00 +2.2387826e-02 +2.2387826e-02 +1.1133924e+00 +2.7889418e+00 +2.9832972e+00 +2.9832972e+00 +4.8314487e+00 +4.8314487e+00 +9.7971512e+00 +9.7971513e+00 
-5.4199124e+01 -5.3874230e+01 -3.0543531e+01 -3.0543531e+01 -3.0324940e+01 -2.9897959e+01 -2.9662101e+01 -2.9662101e+01 -5.1466803e+00 -3.1054756e+00 -3.1054756e+00 -3.4516841e-02 -3.4516841e-02 +1.2466875e+00 +2.4867840e+00 +2.9695066e+00 +2.9695066e+00 +4.7466832e+00 +4.7466832e+00 +9.9093300e+00 +9.9093300e+00 
-5.4193085e+01 -5.3878441e+01 -3.0546277e+01 -3.0546277e+01 -3.0296805e+01 -2.9935200e+01 -2.9667176e+01 -2.9667176e+01 -5.0357732e+00 -3.0247146e+00 -3.0247146e+00 -9.5312053e-02 -9.5312053e-02 +1.3905893e+00 +2.1875235e+00 +2.9593766e+00 +2.9593766e+00 +4.6619400e+00 +4.6619400e+00 +1.0021191e+01 +1.0021191e+01 
-5.4186745e+01 -5.3882832e+01 -3.0549036e+01 -3.0549036e+01 -3.0267596e+01 -2.9973719e+01 -2.9672694e+01 -2.9672694e+01 -4.9191406e+00 -2.9394018e+00 -2.9394018e+00 -1.5957445e-01 -1.5957445e-01 +1.5450211e+00 +1.8924948e+00 +2.9532181e+00 +2.9532181e+00 +4.5778459e+00 +4.5778459e+00 +1.0131534e+01 +1.0131534e+01 
-5.4180134e+01 -5.3887379e+01 -3.0551774e+01 -3.0551774e+01 -3.0237516e+01 -3.0013251e+01 -2.9678667e+01 -2.9678667e+01 -4.7972142e+00 -2.8498647e+00 -2.8498647e+00 -2.2681653e-01 -2.2681653e-01 +1.6028538e+00 +1.7098788e+00 +2.9512191e+00 +2.9512191e+00 +4.4949584e+00 +4.4949584e+00 +1.0239198e+01 +1.0239198e+01 
-5.4173281e+01 -5.3892056e+01 -3.0554454e+01 -3.0554454e+01 -3.0206777e+01 -3.0053530e+01 -2.9685106e+01 -2.9685106e+01 -4.6704266e+00 -2.7564607e+00 -2.7564607e+00 -2.9650089e-01 -2.9650089e-01 +1.3196137e+00 +1.8850274e+00 +2.9534560e+00 +2.9534560e+00 +4.4137766e+00 +4.4137766e+00 +1.0343065e+01 +1.0343065e+01 
-5.4166217e+01 -5.3896836e+01 -3.0557037e+01 -3.0557037e+01 -3.0175597e+01 -3.0094290e+01 -2.9692022e+01 -2.9692022e+01 -4.5392079e+00 -2.6595783e+00 -2.6595783e+00 -3.6805592e-01 -3.6805592e-01 +1.0436715e+00 +2.0702976e+00 +2.9599090e+00 +2.9599090e+00 +4.3347511e+00 +4.3347511e+00 +1.0442061e+01 +1.0442061e+01 
-5.4158974e+01 -5.3901696e+01 -3.0559487e+01 -3.0559487e+01 -3.0144201e+01 -3.0135266e+01 -2.9699427e+01 -2.9699427e+01 -4.4039838e+00 -2.5596385e+00 -2.5596385e+00 -4.4089168e-01 -4.4089168e-01 +7.7582812e-01 +2.2654828e+00 +2.9704779e+00 +2.9704779e+00 +4.2582924e+00 +4.2582924e+00 +1.0535171e+01 +1.0535171e+01 
-5.4151584e+01 -5.3906607e+01 -3.0561765e+01 -3.0561765e+01 -3.0176196e+01 -3.0112821e+01 -2.9707328e+01 -2.9707328e+01 -4.2651732e+00 -2.4570960e+00 -2.4570960e+00 -5.1441438e-01 -5.1441438e-01 +5.1680367e-01 +2.4703363e+00 +2.9849983e+00 +2.9849983e+00 +4.1847784e+00 +4.1847784e+00 +1.0621453e+01 +1.0621453e+01 
-5.4144080e+01 -5.3911545e+01 -3.0563831e+01 -3.0563831e+01 -3.0216822e+01 -3.0081689e+01 -2.9715737e+01 -2.9715737e+01 -4.1231877e+00 -2.3524400e+00 -2.3524400e+00 -5.8803921e-01 -5.8803921e-01 +2.6724874e-01 +2.6845685e+00 +3.0032566e+00 +3.0032566e+00 +4.1145605e+00 +4.1145605e+00 +1.0700060e+01 +1.0700060e+01 
-5.4136493e+01 -5.3916484e+01 -3.0565649e+01 -3.0565649e+01 -3.0256895e+01 -3.0051042e+01 -2.9724660e+01 -2.9724660e+01 -3.9784310e+00 -2.2461946e+00 -2.2461946e+00 -6.6120066e-01 -6.6120066e-01 +2.7753256e-02 +2.9078454e+00 +3.0250024e+00 +3.0250024e+00 +4.0479678e+00 +4.0479678e+00 +1.0770266e+01 +1.0770266e+01 
-5.4128858e+01 -5.3921400e+01 -3.0567181e+01 -3.0567181e+01 -3.0296170e+01 -3.0021115e+01 -2.9734104e+01 -2.9734104e+01 -3.8312998e+00 -2.1389194e+00 -2.1389194e+00 -7.3336072e-01 -7.3336072e-01 -2.0114713e-01 +3.0499596e+00 +3.0499596e+00 +3.1397864e+00 +3.9853114e+00 +3.9853114e+00 +1.0831495e+01 +1.0831495e+01 
-5.4121206e+01 -5.3926267e+01 -3.0568388e+01 -3.0568388e+01 -3.0334414e+01 -2.9992141e+01 -2.9744074e+01 -2.9744074e+01 -3.6821844e+00 -2.0312080e+00 -2.0312080e+00 -8.0401465e-01 -8.0401465e-01 -4.1896630e-01 +3.0778354e+00 +3.0778354e+00 +3.3799636e+00 +3.9268858e+00 +3.9268858e+00 +1.0883346e+01 +1.0883346e+01 
-5.4113570e+01 -5.3931062e+01 -3.0569236e+01 -3.0569236e+01 -3.0371402e+01 -2.9964352e+01 -2.9754575e+01 -2.9754575e+01 -3.5314717e+00 -1.9236870e+00 -1.9236870e+00 -8.7269495e-01 -8.7269495e-01 -6.2526427e-01 +3.1083265e+00 +3.1083265e+00 +3.6279006e+00 +3.8729701e+00 +3.8729701e+00 +1.0925621e+01 +1.0925621e+01 
-5.4105981e+01 -5.3935764e+01 -3.0569689e+01 -3.0569689e+01 -3.0406922e+01 -2.9937972e+01 -2.9765609e+01 -2.9765609e+01 -3.3795474e+00 -1.8170125e+00 -1.8170125e+00 -9.3897362e-01 -9.3897362e-01 -8.1964498e-01 +3.1411251e+00 +3.1411251e+00 +3.8238271e+00 +3.8238271e+00 +3.8830720e+00 +1.0958341e+01 +1.0958341e+01 
-5.4098470e+01 -5.3940350e+01 -3.0569713e+01 -3.0569713e+01 -3.0440772e+01 -2.9913219e+01 -2.9777177e+01 -2.9777177e+01 -3.2267996e+00 -1.7118659e+00 -1.7118659e+00 -1.0024632e+00 -1.0024632e+00 -1.0017549e+00 +3.1759225e+00 +3.1759225e+00 +3.7797004e+00 +3.7797004e+00 +4.1449037e+00 +1.0981756e+01 +1.0981756e+01 
-5.4091066e+01 -5.3944801e+01 -3.0569275e+01 -3.0569275e+01 -3.0472763e+01 -2.9890299e+01 -2.9789276e+01 -2.9789276e+01 -3.0736233e+00 -1.6089472e+00 -1.6089472e+00 -1.1712827e+00 -1.0628169e+00 -1.0628169e+00 +3.2124121e+00 +3.2124121e+00 +3.7408106e+00 +3.7408106e+00 +4.4127730e+00 +1.0246826e+01 +1.0996347e+01 
-5.4083799e+01 -5.3949098e+01 -3.0568346e+01 -3.0568346e+01 -3.0502720e+01 -2.9869409e+01 -2.9801904e+01 -2.9801904e+01 -2.9204243e+00 -1.5089669e+00 -1.5089669e+00 -1.3279587e+00 -1.1197279e+00 -1.1197279e+00 +3.2502918e+00 +3.2502918e+00 +3.7073486e+00 +3.7073486e+00 +4.6860091e+00 +1.0215824e+01 +1.1002809e+01 
-5.4076695e+01 -5.3953225e+01 -3.0566896e+01 -3.0566896e+01 -3.0530483e+01 -2.9850732e+01 -2.9815055e+01 -2.9815055e+01 -2.7676251e+00 -1.4715560e+00 -1.4126353e+00 -1.4126353e+00 -1.1729285e+00 -1.1729285e+00 +3.2892655e+00 +3.2892655e+00 +3.6794679e+00 +3.6794679e+00 +4.9638943e+00 +1.0183354e+01 +1.1002036e+01 
-5.4069780e+01 -5.3957165e+01 -3.0564897e+01 -3.0564897e+01 -3.0555905e+01 -2.9834434e+01 -2.9828721e+01 -2.9828721e+01 -2.6156694e+00 -1.6018914e+00 -1.3206493e+00 -1.3206493e+00 -1.2221884e+00 -1.2221884e+00 +3.3290449e+00 +3.3290449e+00 +3.6572745e+00 +3.6572745e+00 +5.2456652e+00 +1.0149623e+01 +1.0995084e+01 
-5.4063078e+01 -5.3960906e+01 -3.0578853e+01 -3.0562326e+01 -3.0562326e+01 -2.9842893e+01 -2.9842893e+01 -2.9820665e+01 -2.4650287e+00 -1.7188262e+00 -1.2673138e+00 -1.2673138e+00 -1.2336784e+00 -1.2336784e+00 +3.3693502e+00 +3.3693502e+00 +3.6408167e+00 +3.6408167e+00 +5.5305150e+00 +1.0114794e+01 +1.0983141e+01 
-5.4056612e+01 -5.3964435e+01 -3.0599212e+01 -3.0559160e+01 -3.0559160e+01 -2.9857559e+01 -2.9857559e+01 -2.9809556e+01 -2.3162070e+00 -1.8222683e+00 -1.3081453e+00 -1.3081453e+00 -1.1523480e+00 -1.1523480e+00 +3.4099117e+00 +3.4099117e+00 +3.6300731e+00 +3.6300731e+00 +5.8175949e+00 +1.0078988e+01 +1.0967488e+01 
-5.4050400e+01 -5.3967743e+01 -3.0616882e+01 -3.0555377e+01 -3.0555377e+01 -2.9872704e+01 -2.9872704e+01 -2.9801216e+01 -2.1697472e+00 -1.9121740e+00 -1.3445565e+00 -1.3445565e+00 -1.0772235e+00 -1.0772234e+00 +3.4504702e+00 +3.4504702e+00 +3.6249426e+00 +3.6249427e+00 +6.1060177e+00 +1.0042286e+01 +1.0949457e+01 
-5.4044462e+01 -5.3970822e+01 -3.0631777e+01 -3.0550960e+01 -3.0550960e+01 -2.9888312e+01 -2.9888312e+01 -2.9795733e+01 -2.0262360e+00 -1.9885499e+00 -1.3764528e+00 -1.3764528e+00 -1.0087937e+00 -1.0087937e+00 +3.4907789e+00 +3.4907789e+00 +3.6252354e+00 +3.6252354e+00 +6.3948603e+00 +1.0004737e+01 +1.0930398e+01 
-5.4038813e+01 -5.3973666e+01 -3.0643829e+01 -3.0545893e+01 -3.0545893e+01 -2.9904363e+01 -2.9904363e+01 -2.9793175e+01 -2.0514550e+00 -1.8863087e+00 -1.4037699e+00 -1.4037699e+00 -9.4745754e-01 -9.4745752e-01 +3.5306036e+00 +3.5306036e+00 +3.6306668e+00 +3.6306669e+00 +6.6831670e+00 +9.9663595e+00 +1.0911644e+01 
-5.4033466e+01 -5.3976271e+01 -3.0652986e+01 -3.0540165e+01 -3.0540165e+01 -2.9920836e+01 -2.9920836e+01 -2.9793580e+01 -2.1010033e+00 -1.7506530e+00 -1.4264724e+00 -1.4264724e+00 -8.9351224e-01 -8.9351222e-01 +3.5697241e+00 +3.5697241e+00 +3.6408569e+00 +3.6408570e+00 +6.9699516e+00 +9.9271440e+00 +1.0894479e+01 
-5.4028434e+01 -5.3978636e+01 -3.0659212e+01 -3.0533763e+01 -3.0533763e+01 -2.9937709e+01 -2.9937709e+01 -2.9796968e+01 -2.1373665e+00 -1.6200112e+00 -1.4445526e+00 -1.4445526e+00 -8.4714679e-01 -8.4714678e-01 +3.6079348e+00 +3.6079348e+00 +3.6553338e+00 +3.6553339e+00 +7.2541987e+00 +9.8870620e+00 +1.0880115e+01 
-5.4023724e+01 -5.3980760e+01 -3.0662488e+01 -3.0526682e+01 -3.0526682e+01 -2.9954955e+01 -2.9954955e+01 -2.9803331e+01 -2.1607762e+00 -1.4951807e+00 -1.4580298e+00 -1.4580298e+00 -8.0843950e-01 -8.0843949e-01 +3.6450460e+00 +3.6450460e+00 +3.6735439e+00 +3.6735440e+00 +7.5348590e+00 +9.8460693e+00 +1.0869666e+01 
-5.4019342e+01 -5.3982648e+01 -3.0662811e+01 -3.0518915e+01 -3.0518915e+01 -2.9972546e+01 -2.9972546e+01 -2.9812637e+01 -2.1715270e+00 -1.4669488e+00 -1.4669488e+00 -1.3770109e+00 -7.7736040e-01 -7.7736039e-01 +3.6808843e+00 +3.6808843e+00 +3.6948672e+00 +3.6948672e+00 +7.8108365e+00 +9.8041138e+00 +1.0864128e+01 
-5.4015293e+01 -5.3984302e+01 -3.0660193e+01 -3.0510461e+01 -3.0510461e+01 -2.9990454e+01 -2.9990454e+01 -2.9824830e+01 -2.1699799e+00 -1.4713798e+00 -1.4713798e+00 -1.2663976e+00 -7.5377812e-01 -7.5377812e-01 +3.7152930e+00 +3.7152930e+00 +3.7186370e+00 +3.7186370e+00 +8.0809545e+00 +9.7611444e+00 +1.0864367e+01 
-5.4011578e+01 -5.3985729e+01 -3.0654667e+01 -3.0501321e+01 -3.0501321e+01 -3.0008647e+01 -3.0008647e+01 -2.9839830e+01 -2.1565649e+00 -1.4714170e+00 -1.4714170e+00 -1.1642717e+00 -7.3747017e-01 -7.3747017e-01 +3.7441634e+00 +3.7441634e+00 +3.7481327e+00 +3.7481327e+00 +8.3438796e+00 +9.7171213e+00 +1.0871100e+01 
-5.4008195e+01 -5.3986939e+01 -3.0646277e+01 -3.0491498e+01 -3.0491498e+01 -3.0027091e+01 -3.0027091e+01 -2.9857534e+01 -2.1317850e+00 -1.4671782e+00 -1.4671782e+00 -1.0715833e+00 -7.2813563e-01 -7.2813563e-01 +3.7707569e+00 +3.7707570e+00 +3.7792810e+00 +3.7792810e+00 +8.5979536e+00 +9.6720284e+00 +1.0884888e+01 
-5.4005141e+01 -5.3987942e+01 -3.0635086e+01 -3.0480998e+01 -3.0480997e+01 -3.0045752e+01 -3.0045752e+01 -2.9877819e+01 -2.0962195e+00 -1.4588040e+00 -1.4588040e+00 -9.8927903e-01 -7.2540894e-01 -7.2540893e-01 +3.7977527e+00 +3.7977527e+00 +3.8086323e+00 +3.8086323e+00 +8.8408104e+00 +9.6258892e+00 +1.0906133e+01 
-5.4002410e+01 -5.3988749e+01 -3.0621172e+01 -3.0469830e+01 -3.0469830e+01 -3.0064593e+01 -3.0064593e+01 -2.9900540e+01 -2.0505282e+00 -1.4464578e+00 -1.4464578e+00 -9.1827315e-01 -7.2887376e-01 -7.2887376e-01 +3.8245309e+00 +3.8245309e+00 +3.8360969e+00 +3.8360969e+00 +9.0684584e+00 +9.5787837e+00 +1.0935072e+01 
-5.3999993e+01 -5.3989376e+01 -3.0604630e+01 -3.0458005e+01 -3.0458005e+01 -3.0083577e+01 -3.0083577e+01 -2.9925533e+01 -1.9954554e+00 -1.4303247e+00 -1.4303247e+00 -8.5941248e-01 -7.3807595e-01 -7.3807594e-01 +3.8505336e+00 +3.8505337e+00 +3.8615998e+00 +3.8615998e+00 +9.2729811e+00 +9.5308683e+00 +1.0534870e+01 
-5.3997880e+01 -5.3989838e+01 -3.0585569e+01 -3.0445539e+01 -3.0445539e+01 -3.0102666e+01 -3.0102666e+01 -2.9952617e+01 -1.9318336e+00 -1.4106113e+00 -1.4106113e+00 -8.1343568e-01 -7.5253506e-01 -7.5253505e-01 +3.8752773e+00 +3.8752773e+00 +3.8850797e+00 +3.8850797e+00 +9.4371736e+00 +9.4823981e+00 +1.0387106e+01 
-5.3996058e+01 -5.3990152e+01 -3.0564112e+01 -3.0432447e+01 -3.0432447e+01 -3.0121820e+01 -3.0121820e+01 -2.9981598e+01 -1.8605880e+00 -1.3875451e+00 -1.3875451e+00 -7.8093080e-01 -7.7175414e-01 -7.7175413e-01 +3.8983584e+00 +3.8983585e+00 +3.9064863e+00 +3.9064863e+00 +9.4337496e+00 +9.5294020e+00 +1.0327416e+01 
-5.3994513e+01 -5.3990338e+01 -3.0540399e+01 -3.0418750e+01 -3.0418750e+01 -3.0140999e+01 -3.0140999e+01 -3.0012266e+01 -1.7827396e+00 -1.3613744e+00 -1.3613744e+00 -7.9522764e-01 -7.9522764e-01 -7.6229246e-01 +3.9194557e+00 +3.9194558e+00 +3.9257788e+00 +3.9257788e+00 +9.3854436e+00 +9.5293876e+00 +1.0376626e+01 
-5.3993229e+01 -5.3990415e+01 -3.0514583e+01 -3.0404468e+01 -3.0404468e+01 -3.0160162e+01 -3.0160162e+01 -3.0044400e+01 -1.6994078e+00 -1.3323674e+00 -1.3323674e+00 -8.2244770e-01 -8.2244770e-01 -7.5768410e-01 +3.9383264e+00 +3.9383264e+00 +3.9429231e+00 +3.9429231e+00 +9.3381655e+00 +9.4681048e+00 +1.0504211e+01 
-5.3992186e+01 -5.3990405e+01 -3.0486829e+01 -3.0389626e+01 -3.0389626e+01 -3.0179269e+01 -3.0179269e+01 -3.0077770e+01 -1.6118116e+00 -1.3008123e+00 -1.3008123e+00 -8.5290888e-01 -8.5290888e-01 -7.6700905e-01 +3.9547995e+00 +3.9547995e+00 +3.9578894e+00 +3.9578894e+00 +9.2927824e+00 +9.3877379e+00 +1.0668307e+01 
-5.3991366e+01 -5.3990331e+01 -3.0457316e+01 -3.0374250e+01 -3.0374250e+01 -3.0198277e+01 -3.0198277e+01 -3.0112140e+01 -1.5212689e+00 -1.2670162e+00 -1.2670162e+00 -8.8611167e-01 -8.8611167e-01 -7.8989437e-01 +3.9687665e+00 +3.9687665e+00 +3.9706493e+00 +3.9706493e+00 +9.2503518e+00 +9.3102817e+00 +1.0847085e+01 
-5.3990747e+01 -5.3990215e+01 -3.0426235e+01 -3.0358368e+01 -3.0358368e+01 -3.0217145e+01 -3.0217145e+01 -3.0147267e+01 -1.4291917e+00 -1.2313051e+00 -1.2313051e+00 -9.2156519e-01 -9.2156519e-01 -8.2568988e-01 +3.9801704e+00 +3.9801704e+00 +3.9811738e+00 +3.9811738e+00 +9.2121215e+00 +9.2445534e+00 +1.1031727e+01 
-5.3990307e+01 -5.3990082e+01 -3.0393789e+01 -3.0342011e+01 -3.0342011e+01 -3.0235834e+01 -3.0235834e+01 -3.0182905e+01 -1.3370782e+00 -1.1940233e+00 -1.1940233e+00 -9.5878898e-01 -9.5878898e-01 -8.7348292e-01 +3.9889947e+00 +3.9889947e+00 +3.9894310e+00 +3.9894310e+00 +9.1795183e+00 +9.1937105e+00 +1.1218905e+01 
-5.3990024e+01 -5.3989957e+01 -3.0360188e+01 -3.0325210e+01 -3.0325210e+01 -3.0254302e+01 -3.0254302e+01 -3.0218807e+01 -1.2464988e+00 -1.1555327e+00 -1.1555327e+00 -9.9731453e-01 -9.9731453e-01 -9.3212743e-01 +3.9952524e+00 +3.9952524e+00 +3.9953844e+00 +3.9953844e+00 +9.1541206e+00 +9.1584259e+00 +1.1407621e+01 
-5.3989873e+01 -5.3989865e+01 -3.0325655e+01 -3.0308001e+01 -3.0308001e+01 -3.0272510e+01 -3.0272510e+01 -3.0254727e+01 -1.1590759e+00 -1.1162125e+00 -1.1162125e+00 -1.0366863e+00 -1.0366863e+00 -1.0002838e+00 +3.9989761e+00 +3.9989761e+00 +3.9989928e+00 +3.9989928e+00 +9.1376149e+00 +9.1381603e+00 +1.1597952e+01 
-5.3989830e+01 -5.3989830e+01 -3.0290419e+01 -3.0290418e+01 -3.0290418e+01 -3.0290417e+01 -3.0290417e+01 -3.0290417e+01 -1.0764653e+00 -1.0764627e+00 -1.0764627e+00 -1.0764583e+00 -1.0764583e+00 -1.0764566e+00 +4.0002100e+00 +4.0002100e+00 +4.0002101e+00 +4.0002101e+00 +9.1317328e+00 +9.1317328e+00 +1.1790512e+01 
-5.3989869e+01 -5.3989869e+01 -3.0320688e+01 -3.0320688e+01 -3.0290182e+01 -3.0290181e+01 -3.0259840e+01 -3.0259838e+01 -1.1457373e+00 -1.1457347e+00 -1.0775488e+00 -1.0775445e+00 -1.0092324e+00 -1.0092307e+00 +3.9985530e+00 +3.9985531e+00 +3.9994660e+00 +3.9994661e+00 +9.1377681e+00 +9.1377681e+00 +1.1624149e+01 
-5.3989988e+01 -5.3989988e+01 -3.0350513e+01 -3.0350512e+01 -3.0289460e+01 -3.0289459e+01 -3.0229076e+01 -3.0229074e+01 -1.2166545e+00 -1.2166511e+00 -1.0807894e+00 -1.0807851e+00 -9.4443271e-01 -9.4443193e-01 +3.9935719e+00 +3.9935720e+00 +3.9972682e+00 +3.9972686e+00 +9.1557986e+00 +9.1557988e+00 +1.1457572e+01 
-5.3990189e+01 -5.3990189e+01 -3.0379765e+01 -3.0379765e+01 -3.0288256e+01 -3.0288255e+01 -3.0198262e+01 -3.0198261e+01 -1.2887848e+00 -1.2887807e+00 -1.0861322e+00 -1.0861280e+00 -8.8242418e-01 -8.8242403e-01 +3.9851988e+00 +3.9851989e+00 +3.9937059e+00 +3.9937068e+00 +9.1855808e+00 +9.1855811e+00 +1.1290626e+01 
-5.3990469e+01 -5.3990468e+01 -3.0408323e+01 -3.0408322e+01 -3.0286574e+01 -3.0286573e+01 -3.0167535e+01 -3.0167534e+01 -1.3616916e+00 -1.3616869e+00 -1.0934913e+00 -1.0934872e+00 -8.2353200e-01 -8.2353095e-01 +3.9733245e+00 +3.9733246e+00 +3.9889232e+00 +3.9889249e+00 +9.2266709e+00 +9.2266716e+00 +1.1123267e+01 
-5.3990827e+01 -5.3990827e+01 -3.0436069e+01 -3.0436068e+01 -3.0284421e+01 -3.0284420e+01 -3.0137033e+01 -3.0137031e+01 -1.4349326e+00 -1.4349274e+00 -1.1027491e+00 -1.1027451e+00 -7.6804122e-01 -7.6803929e-01 +3.9578036e+00 +3.9578037e+00 +3.9831139e+00 +3.9831164e+00 +9.2783493e+00 +9.2783507e+00 +1.0955663e+01 
-5.3991263e+01 -5.3991262e+01 -3.0462889e+01 -3.0462887e+01 -3.0281807e+01 -3.0281806e+01 -3.0106893e+01 -3.0106892e+01 -1.5080651e+00 -1.5080595e+00 -1.1137589e+00 -1.1137551e+00 -7.1619402e-01 -7.1619125e-01 +3.9384618e+00 +3.9384619e+00 +3.9765126e+00 +3.9765162e+00 +9.3394549e+00 +9.3394575e+00 +1.0788362e+01 
-5.3991773e+01 -5.3991773e+01 -3.0488675e+01 -3.0488673e+01 -3.0278744e+01 -3.0278743e+01 -3.0077254e+01 -3.0077253e+01 -1.5806514e+00 -1.5806455e+00 -1.1263480e+00 -1.1263443e+00 -6.6818435e-01 -6.6818082e-01 +3.9151050e+00 +3.9151051e+00 +3.9693856e+00 +3.9693906e+00 +9.4080050e+00 +9.4080095e+00 +1.0622688e+01 
-5.3992357e+01 -5.3992357e+01 -3.0513324e+01 -3.0513322e+01 -3.0275244e+01 -3.0275243e+01 -3.0048253e+01 -3.0048252e+01 -1.6522634e+00 -1.6522574e+00 -1.1403210e+00 -1.1403174e+00 -6.2415373e-01 -6.2414953e-01 +3.8875286e+00 +3.8875287e+00 +3.9620199e+00 +3.9620263e+00 +9.4802397e+00 +9.4802481e+00 +1.0461699e+01 
-5.3993012e+01 -5.3993012e+01 -3.0536740e+01 -3.0536738e+01 -3.0271322e+01 -3.0271321e+01 -3.0020026e+01 -3.0020025e+01 -1.7224876e+00 -1.7224816e+00 -1.1554635e+00 -1.1554600e+00 -5.8418758e-01 -5.8418282e-01 +3.8555280e+00 +3.8555281e+00 +3.9547111e+00 +3.9547191e+00 +9.5480242e+00 +9.5480401e+00 +1.0312791e+01 
-5.3993734e+01 -5.3993734e+01 -3.0558830e+01 -3.0558828e+01 -3.0266995e+01 -3.0266994e+01 -2.9992705e+01 -2.9992704e+01 -1.7909293e+00 -1.7909234e+00 -1.1715461e+00 -1.1715427e+00 -5.4831210e-01 -5.4830691e-01 +3.8189089e+00 +3.8189091e+00 +3.9477518e+00 +3.9477616e+00 +9.5922088e+00 +9.5922368e+00 +1.0194342e+01 
-5.3994522e+01 -5.3994521e+01 -3.0579510e+01 -3.0579507e+01 -3.0262282e+01 -3.0262281e+01 -2.9966422e+01 -2.9966421e+01 -1.8572164e+00 -1.8572108e+00 -1.1883280e+00 -1.1883246e+00 -5.1649188e-01 -5.1648637e-01 +3.7774977e+00 +3.7774979e+00 +3.9414199e+00 +3.9414316e+00 +9.5770538e+00 +9.5770938e+00 +1.0141298e+01 
-5.3995371e+01 -5.3995370e+01 -3.0598701e+01 -3.0598698e+01 -3.0257203e+01 -3.0257202e+01 -2.9941301e+01 -2.9941300e+01 -1.9210040e+00 -1.9209988e+00 -1.2055608e+00 -1.2055575e+00 -4.8862820e-01 -4.8862251e-01 +3.7311502e+00 +3.7311504e+00 +3.9359680e+00 +3.9359817e+00 +9.4836221e+00 +9.4836652e+00 +1.0171780e+01 
-5.3996278e+01 -5.3996277e+01 -3.0616331e+01 -3.0616328e+01 -3.0251781e+01 -3.0251780e+01 -2.9917465e+01 -2.9917465e+01 -1.9819771e+00 -1.9819724e+00 -1.2229921e+00 -1.2229890e+00 -4.6455828e-01 -4.6455254e-01 +3.6797598e+00 +3.6797600e+00 +3.9316132e+00 +3.9316289e+00 +9.3379425e+00 +9.3379836e+00 +1.0258907e+01 
-5.3997239e+01 -5.3997239e+01 -3.0632334e+01 -3.0632330e+01 -3.0246038e+01 -3.0246037e+01 -2.9895031e+01 -2.9895030e+01 -2.0398543e+00 -2.0398502e+00 -1.2403686e+00 -1.2403656e+00 -4.4405537e-01 -4.4404971e-01 +3.6232644e+00 +3.6232647e+00 +3.9285295e+00 +3.9285474e+00 +9.1666443e+00 +9.1666832e+00 +1.0375183e+01 
-5.3998250e+01 -5.3998250e+01 -3.0646652e+01 -3.0646648e+01 -3.0240000e+01 -3.0239999e+01 -2.9874106e+01 -2.9874106e+01 -2.0943910e+00 -2.0943877e+00 -1.2574394e+00 -1.2574365e+00 -4.2682985e-01 -4.2682440e-01 +3.5616510e+00 +3.5616513e+00 +3.9268413e+00 +3.9268615e+00 +8.9820145e+00 +8.9820527e+00 +1.0507446e+01 
-5.3999308e+01 -5.3999307e+01 -3.0659233e+01 -3.0659229e+01 -3.0233692e+01 -3.0233692e+01 -2.9854795e+01 -2.9854795e+01 -2.1453821e+00 -2.1453797e+00 -1.2739584e+00 -1.2739557e+00 -4.1253125e-01 -4.1252614e-01 +3.4949588e+00 +3.4949591e+00 +3.9266189e+00 +3.9266413e+00 +8.7892559e+00 +8.7892936e+00 +1.0649626e+01 
-5.4000406e+01 -5.4000406e+01 -3.0670034e+01 -3.0670030e+01 -3.0227144e+01 -3.0227143e+01 -2.9837193e+01 -2.9837193e+01 -2.1926645e+00 -2.1926630e+00 -1.2896870e+00 -1.2896844e+00 -4.0075125e-01 -4.0074659e-01 +3.4232808e+00 +3.4232812e+00 +3.9278755e+00 +3.9279001e+00 +8.5908218e+00 +8.5908597e+00 +1.0798416e+01 
-5.4001541e+01 -5.4001540e+01 -3.0679017e+01 -3.0679012e+01 -3.0220382e+01 -3.0220381e+01 -2.9821385e+01 -2.9821385e+01 -2.2361197e+00 -2.2361193e+00 -1.3043962e+00 -1.3043936e+00 -3.9102744e-01 -3.9102332e-01 +3.3467638e+00 +3.3467643e+00 +3.9305659e+00 +3.9305926e+00 +8.3880503e+00 +8.3880885e+00 +1.0951660e+01 
-5.4002708e+01 -5.4002707e+01 -3.0686152e+01 -3.0686146e+01 -3.0213438e+01 -3.0213437e+01 -2.9807450e+01 -2.9807449e+01 -2.2756766e+00 -2.2756758e+00 -1.3178682e+00 -1.3178658e+00 -3.8284779e-01 -3.8284430e-01 +3.2656068e+00 +3.2656073e+00 +3.9345862e+00 +3.9346150e+00 +8.1817900e+00 +8.1818291e+00 +1.1107747e+01 
-5.4003901e+01 -5.4003900e+01 -3.0691417e+01 -3.0691411e+01 -3.0206340e+01 -3.0206340e+01 -2.9795453e+01 -2.9795452e+01 -2.3113109e+00 -2.3113089e+00 -1.3298988e+00 -1.3298965e+00 -3.7565591e-01 -3.7565310e-01 +3.1800580e+00 +3.1800585e+00 +3.9397744e+00 +3.9398052e+00 +7.9726670e+00 +7.9727070e+00 +1.1265376e+01 
-5.4005115e+01 -5.4005114e+01 -3.0694798e+01 -3.0694792e+01 -3.0199122e+01 -3.0199121e+01 -2.9785454e+01 -2.9785453e+01 -2.3430479e+00 -2.3430446e+00 -1.3402983e+00 -1.3402961e+00 -3.6885666e-01 -3.6885458e-01 +3.0904116e+00 +3.0904123e+00 +3.9459105e+00 +3.9459430e+00 +7.7612095e+00 +7.7612507e+00 +1.1423454e+01 
-5.4006345e+01 -5.4006344e+01 -3.0696287e+01 -3.0696281e+01 -3.0191814e+01 -3.0191813e+01 -2.9777497e+01 -2.9777496e+01 -2.3709628e+00 -2.3709581e+00 -1.3488934e+00 -1.3488914e+00 -3.6182253e-01 -3.6182123e-01 +2.9970036e+00 +2.9970043e+00 +3.9527159e+00 +3.9527500e+00 +7.5479150e+00 +7.5479576e+00 +1.1581069e+01 
-5.4007586e+01 -5.4007585e+01 -3.0695886e+01 -3.0695879e+01 -3.0184449e+01 -3.0184449e+01 -2.9771619e+01 -2.9771617e+01 -2.3951799e+00 -2.3951738e+00 -1.3555285e+00 -1.3555266e+00 -3.5390050e-01 -3.5389997e-01 +2.9002068e+00 +2.9002076e+00 +3.9598513e+00 +3.9598868e+00 +7.3332912e+00 +7.3333353e+00 +1.1737475e+01 
-5.4008832e+01 -5.4008831e+01 -3.0693603e+01 -3.0693596e+01 -3.0177061e+01 -3.0177060e+01 -2.9767840e+01 -2.9767838e+01 -2.4158713e+00 -2.4158638e+00 -1.3600667e+00 -1.3600649e+00 -3.4441979e-01 -3.4441954e-01 +2.8004270e+00 +2.8004278e+00 +3.9669112e+00 +3.9669479e+00 +7.1178864e+00 +7.1179322e+00 +1.1892101e+01 
-5.4010077e+01 -5.4010076e+01 -3.0689454e+01 -3.0689447e+01 -3.0169681e+01 -3.0169680e+01 -2.9766174e+01 -2.9766172e+01 -2.4332536e+00 -2.4332446e+00 -1.3623918e+00 -1.3623902e+00 -3.3270019e-01 -3.3269920e-01 +2.6980979e+00 +2.6980989e+00 +3.9734137e+00 +3.9734510e+00 +6.9023167e+00 +6.9023644e+00 +1.2044546e+01 
-5.4011316e+01 -5.4011315e+01 -3.0683466e+01 -3.0683458e+01 -3.0162343e+01 -3.0162342e+01 -2.9766618e+01 -2.9766616e+01 -2.4475834e+00 -2.4475730e+00 -1.3624097e+00 -1.3624081e+00 -3.1806074e-01 -3.1805904e-01 +2.5936778e+00 +2.5936788e+00 +3.9787828e+00 +3.9788205e+00 +6.6872968e+00 +6.6873466e+00 +1.2194581e+01 
-5.4012543e+01 -5.4012542e+01 -3.0675669e+01 -3.0675661e+01 -3.0155080e+01 -3.0155079e+01 -2.9769159e+01 -2.9769156e+01 -2.4591513e+00 -2.4591395e+00 -1.3600497e+00 -1.3600483e+00 -2.9983191e-01 -2.9982958e-01 +2.4876456e+00 +2.4876467e+00 +3.9823215e+00 +3.9823592e+00 +6.4736771e+00 +6.4737294e+00 +1.2342135e+01 
-5.4013753e+01 -5.4013752e+01 -3.0666107e+01 -3.0666098e+01 -3.0147925e+01 -3.0147924e+01 -2.9773769e+01 -2.9773765e+01 -2.4682736e+00 -2.4682605e+00 -1.3552672e+00 -1.3552659e+00 -2.7736735e-01 -2.7736444e-01 +2.3804986e+00 +2.3804998e+00 +3.9831694e+00 +3.9832065e+00 +6.2624944e+00 +6.2625495e+00 +1.2487274e+01 
-5.4014940e+01 -5.4014939e+01 -3.0654829e+01 -3.0654820e+01 -3.0140910e+01 -3.0140909e+01 -2.9780408e+01 -2.9780405e+01 -2.4752828e+00 -2.4752683e+00 -1.3480457e+00 -1.3480444e+00 -2.5005754e-01 -2.5005416e-01 +2.2727503e+00 +2.2727517e+00 +3.9802416e+00 +3.9802775e+00 +6.0550401e+00 +6.0550985e+00 +1.2630171e+01 
-5.4016099e+01 -5.4016097e+01 -3.0641895e+01 -3.0641886e+01 -3.0134066e+01 -3.0134065e+01 -2.9789024e+01 -2.9789020e+01 -2.4805168e+00 -2.4805011e+00 -1.3383992e+00 -1.3383981e+00 -2.1734489e-01 -2.1734114e-01 +2.1649299e+00 +2.1649314e+00 +3.9721438e+00 +3.9721777e+00 +5.8529519e+00 +5.8530141e+00 +1.2771069e+01 
-5.4017224e+01 -5.4017222e+01 -3.0627375e+01 -3.0627365e+01 -3.0127425e+01 -3.0127425e+01 -2.9799549e+01 -2.9799546e+01 -2.4843076e+00 -2.4842907e+00 -1.3263761e+00 -1.3263750e+00 -1.7873982e-01 -1.7873582e-01 +2.0575819e+00 +2.0575834e+00 +3.9570661e+00 +3.9570971e+00 +5.6583255e+00 +5.6583923e+00 +1.2910240e+01 
-5.4018310e+01 -5.4018308e+01 -3.0611348e+01 -3.0611338e+01 -3.0121018e+01 -3.0121017e+01 -2.9811903e+01 -2.9811899e+01 -2.4869700e+00 -2.4869521e+00 -1.3120624e+00 -1.3120615e+00 -1.3383778e-01 -1.3383365e-01 +1.9512674e+00 +1.9512691e+00 +3.9326781e+00 +3.9327052e+00 +5.4738269e+00 +5.4738990e+00 +1.3047934e+01 
-5.4019352e+01 -5.4019351e+01 -3.0593907e+01 -3.0593896e+01 -3.0114873e+01 -3.0114872e+01 -2.9825990e+01 -2.9825986e+01 -2.4887913e+00 -2.4887724e+00 -1.2955864e+00 -1.2955856e+00 -8.2336713e-02 -8.2332575e-02 +1.8465665e+00 +1.8465683e+00 +3.8960984e+00 +3.8961207e+00 +5.3027301e+00 +5.3028083e+00 +1.3184342e+01 
-5.4020346e+01 -5.4020344e+01 -3.0575155e+01 -3.0575144e+01 -3.0109018e+01 -3.0109017e+01 -2.9841697e+01 -2.9841693e+01 -2.4900230e+00 -2.4900032e+00 -1.2771239e+00 -1.2771232e+00 -2.4055365e-02 -2.4051350e-02 +1.7440815e+00 +1.7440834e+00 +3.8440914e+00 +3.8441083e+00 +5.1487304e+00 +5.1488150e+00 +1.3319540e+01 
-5.4021286e+01 -5.4021284e+01 -3.0555214e+01 -3.0555203e+01 -3.0103481e+01 -3.0103480e+01 -2.9858896e+01 -2.9858891e+01 -2.4908746e+00 -2.4908541e+00 -1.2569034e+00 -1.2569028e+00 +4.1047050e-02 +4.1050820e-02 +1.6444409e+00 +1.6444429e+00 +3.7736923e+00 +3.7737037e+00 +5.0153329e+00 +5.0154238e+00 +1.3453453e+01 
-5.4022168e+01 -5.4022166e+01 -3.0534222e+01 -3.0534210e+01 -3.0098286e+01 -3.0098286e+01 -2.9877435e+01 -2.9877431e+01 -2.4915113e+00 -2.4914901e+00 -1.2352125e+00 -1.2352120e+00 +1.1284811e-01 +1.1285153e-01 +1.5483045e+00 +1.5483067e+00 +3.6832632e+00 +3.6832698e+00 +4.9048146e+00 +4.9049111e+00 +1.3585802e+01 
-5.4022988e+01 -5.4022987e+01 -3.0512341e+01 -3.0512329e+01 -3.0093459e+01 -3.0093458e+01 -2.9897140e+01 -2.9897136e+01 -2.4920536e+00 -2.4920318e+00 -1.2124037e+00 -1.2124034e+00 +1.9103330e-01 +1.9103626e-01 +1.4563688e+00 +1.4563711e+00 +3.5734754e+00 +3.5734785e+00 +4.8172711e+00 +4.8173715e+00 +1.3716067e+01 
-5.4023743e+01 -5.4023741e+01 -3.0489765e+01 -3.0489752e+01 -3.0089021e+01 -3.0089020e+01 -2.9917805e+01 -2.9917800e+01 -2.4925799e+00 -2.4925577e+00 -1.1889004e+00 -1.1889001e+00 +2.7505579e-01 +2.7505820e-01 +1.3693716e+00 +1.3693740e+00 +3.4474478e+00 +3.4474487e+00 +4.7505191e+00 +4.7506220e+00 +1.3843431e+01 
-5.4024428e+01 -5.4024426e+01 -3.0466729e+01 -3.0466716e+01 -3.0084992e+01 -3.0084991e+01 -2.9939178e+01 -2.9939174e+01 -2.4931321e+00 -2.4931095e+00 -1.1651997e+00 -1.1651995e+00 +3.6407688e-01 +3.6407866e-01 +1.2880951e+00 +1.2880976e+00 +3.3099302e+00 +3.3099303e+00 +4.7009760e+00 +4.7010802e+00 +1.3966747e+01 
-5.4025040e+01 -5.4025038e+01 -3.0443528e+01 -3.0443514e+01 -3.0081391e+01 -3.0081391e+01 -2.9960953e+01 -2.9960949e+01 -2.4937214e+00 -2.4936985e+00 -1.1418727e+00 -1.1418726e+00 +4.5687499e-01 +4.5687609e-01 +1.2133658e+00 +1.2133683e+00 +3.1662597e+00 +3.1662601e+00 +4.6647999e+00 +4.6649045e+00 +1.4084488e+01 
-5.4025577e+01 -5.4025575e+01 -3.0420542e+01 -3.0420528e+01 -3.0078236e+01 -3.0078235e+01 -2.9982734e+01 -2.9982731e+01 -2.4943360e+00 -2.4943129e+00 -1.1195588e+00 -1.1195588e+00 +5.5170616e-01 +5.5170654e-01 +1.1460480e+00 +1.1460507e+00 +3.0217628e+00 +3.0217631e+00 +4.6386332e+00 +4.6387376e+00 +1.4194726e+01 
-5.4026036e+01 -5.4026034e+01 -3.0398278e+01 -3.0398263e+01 -3.0075541e+01 -3.0075540e+01 -3.0004003e+01 -3.0004000e+01 -2.4949482e+00 -2.4949249e+00 -1.0989503e+00 -1.0989503e+00 +6.4609546e-01 +6.4609582e-01 +1.0870294e+00 +1.0870322e+00 +2.8817158e+00 +2.8817160e+00 +4.6198546e+00 +4.6199587e+00 +1.4295135e+01 
-5.4026414e+01 -5.4026412e+01 -3.0377426e+01 -3.0377411e+01 -3.0073317e+01 -3.0073317e+01 -3.0024056e+01 -3.0024053e+01 -2.4955219e+00 -2.4954985e+00 -1.0807662e+00 -1.0807661e+00 +7.3655025e-01 +7.3655133e-01 +1.0371939e+00 +1.0371967e+00 +2.7516741e+00 +2.7516742e+00 +4.6065439e+00 +4.6066477e+00 +1.4383047e+01 
-5.4026710e+01 -5.4026708e+01 -3.0358934e+01 -3.0358918e+01 -3.0071577e+01 -3.0071576e+01 -3.0041937e+01 -3.0041935e+01 -2.4960184e+00 -2.4959949e+00 -1.0657121e+00 -1.0657121e+00 +8.1823793e-01 +8.1823968e-01 +9.9738220e-01 +9.9738505e-01 +2.6379318e+00 +2.6379319e+00 +4.5973500e+00 +4.5974534e+00 +1.4455595e+01 
-5.4026923e+01 -5.4026921e+01 -3.0344049e+01 -3.0344031e+01 -3.0070327e+01 -3.0070326e+01 -3.0056392e+01 -3.0056391e+01 -2.4964021e+00 -2.4963785e+00 -1.0544288e+00 -1.0544287e+00 +8.8483962e-01 +8.8484193e-01 +9.6833982e-01 +9.6834268e-01 +2.5478058e+00 +2.5478059e+00 +4.5913560e+00 +4.5914592e+00 +1.4509956e+01 
-5.4027051e+01 -5.4027048e+01 -3.0334230e+01 -3.0334212e+01 -3.0069573e+01 -3.0069573e+01 -3.0065954e+01 -3.0065953e+01 -2.4966445e+00 -2.4966208e+00 -1.0474328e+00 -1.0474328e+00 +9.2910342e-01 +9.2910610e-01 +9.5065845e-01 +9.5066130e-01 +2.4891896e+00 +2.4891898e+00 +4.5879757e+00 +4.5880787e+00 +1.4543692e+01 
-5.4027093e+01 -5.4027091e+01 -3.0330776e+01 -3.0330758e+01 -3.0069321e+01 -3.0069320e+01 -3.0069320e+01 -3.0069319e+01 -2.4967274e+00 -2.4967037e+00 -1.0450617e+00 -1.0450617e+00 +9.4472025e-01 +9.4472032e-01 +9.4472308e-01 +9.4472314e-01 +2.4687506e+00 +2.4687507e+00 +4.5868836e+00 +4.5869865e+00 +1.4555135e+01 
-5.4007929e+01 -5.4007929e+01 -3.0929554e+01 -3.0929554e+01 -3.0042671e+01 -3.0042671e+01 -2.9643407e+01 -2.9643406e+01 -3.6640613e+00 -3.6640603e+00 -1.6276660e+00 -1.6276657e+00 +2.2474818e+00 +2.2474822e+00 +3.2078406e+00 +3.2078409e+00 +3.8721760e+00 +3.8721761e+00 +6.2569937e+00 +6.2569938e+00 +1.1647900e+01 
-5.4007888e+01 -5.4007888e+01 -3.0928837e+01 -3.0928836e+01 -3.0043248e+01 -3.0043248e+01 -2.9644141e+01 -2.9644141e+01 -3.6593381e+00 -3.6593372e+00 -1.6280917e+00 -1.6280914e+00 +2.2373853e+00 +2.2373856e+00 +3.2093420e+00 +3.2093423e+00 +3.8724598e+00 +3.8724599e+00 +6.2694281e+00 +6.2694281e+00 +1.1653298e+01 
-5.4007766e+01 -5.4007766e+01 -3.0926686e+01 -3.0926686e+01 -3.0044966e+01 -3.0044965e+01 -2.9646343e+01 -2.9646343e+01 -3.6451910e+00 -3.6451900e+00 -1.6293509e+00 -1.6293506e+00 +2.2074975e+00 +2.2074978e+00 +3.2138388e+00 +3.2138391e+00 +3.8733088e+00 +3.8733089e+00 +6.3063274e+00 +6.3063275e+00 +1.1669425e+01 
-5.4007563e+01 -5.4007563e+01 -3.0923108e+01 -3.0923107e+01 -3.0047808e+01 -3.0047807e+01 -2.9650007e+01 -2.9650007e+01 -3.6216871e+00 -3.6216861e+00 -1.6313903e+00 -1.6313900e+00 +2.1589603e+00 +2.1589606e+00 +3.2213090e+00 +3.2213093e+00 +3.8747158e+00 +3.8747158e+00 +6.3665442e+00 +6.3665443e+00 +1.1696076e+01 
-5.4007282e+01 -5.4007282e+01 -3.0918108e+01 -3.0918108e+01 -3.0051746e+01 -3.0051746e+01 -2.9655125e+01 -2.9655125e+01 -3.5889390e+00 -3.5889380e+00 -1.6341223e+00 -1.6341220e+00 +2.0934869e+00 +2.0934872e+00 +3.2317161e+00 +3.2317164e+00 +3.8766687e+00 +3.8766688e+00 +6.4483556e+00 +6.4483556e+00 +1.1664517e+01 
-5.4006925e+01 -5.4006924e+01 -3.0911699e+01 -3.0911698e+01 -3.0056744e+01 -3.0056744e+01 -2.9661686e+01 -2.9661685e+01 -3.5471048e+00 -3.5471039e+00 -1.6374270e+00 -1.6374267e+00 +2.0131425e+00 +2.0131427e+00 +3.2450082e+00 +3.2450085e+00 +3.8791510e+00 +3.8791511e+00 +6.5496829e+00 +6.5496830e+00 +1.1779449e+01 
-5.4006495e+01 -5.4006495e+01 -3.0903893e+01 -3.0903892e+01 -3.0062753e+01 -3.0062753e+01 -2.9669674e+01 -2.9669673e+01 -3.4963895e+00 -3.4963885e+00 -1.6411543e+00 -1.6411540e+00 +1.9201307e+00 +1.9201310e+00 +3.2611179e+00 +3.2611182e+00 +3.8821415e+00 +3.8821415e+00 +6.6683049e+00 +6.6683049e+00 +1.1541216e+01 
-5.4005996e+01 -5.4005996e+01 -3.0894707e+01 -3.0894706e+01 -3.0069715e+01 -3.0069715e+01 -2.9679071e+01 -2.9679071e+01 -3.4370452e+00 -3.4370443e+00 -1.6451271e+00 -1.6451268e+00 +1.8166255e+00 +1.8166258e+00 +3.2799616e+00 +3.2799619e+00 +3.8856144e+00 +3.8856145e+00 +6.8020257e+00 +6.8020257e+00 +1.1464136e+01 
-5.4005432e+01 -5.4005432e+01 -3.0884161e+01 -3.0884160e+01 -3.0077565e+01 -3.0077565e+01 -2.9689857e+01 -2.9689856e+01 -3.3693734e+00 -3.3693725e+00 -1.6491445e+00 -1.6491442e+00 +1.7046596e+00 +1.7046598e+00 +3.3014389e+00 +3.3014392e+00 +3.8895401e+00 +3.8895401e+00 +6.9487863e+00 +6.9487864e+00 +1.1378008e+01 
-5.4004810e+01 -5.4004810e+01 -3.0872277e+01 -3.0872276e+01 -3.0086227e+01 -3.0086227e+01 -2.9702006e+01 -2.9702005e+01 -3.2937260e+00 -3.2937251e+00 -1.6529855e+00 -1.6529852e+00 +1.5860654e+00 +1.5860657e+00 +3.3254314e+00 +3.3254317e+00 +3.8938846e+00 +3.8938846e+00 +7.1067231e+00 +7.1067232e+00 +1.1283835e+01 
-5.4004134e+01 -5.4004133e+01 -3.0859080e+01 -3.0859080e+01 -3.0095619e+01 -3.0095619e+01 -2.9715491e+01 -2.9715490e+01 -3.2105073e+00 -3.2105064e+00 -1.6564130e+00 -1.6564127e+00 +1.4624553e+00 +1.4624556e+00 +3.3518023e+00 +3.3518026e+00 +3.8986103e+00 +3.8986103e+00 +7.2741876e+00 +7.2741877e+00 +1.1182649e+01 
-5.4003410e+01 -5.4003410e+01 -3.0844600e+01 -3.0844599e+01 -3.0105654e+01 -3.0105654e+01 -2.9730281e+01 -2.9730281e+01 -3.1201766e+00 -3.1201757e+00 -1.6591771e+00 -1.6591768e+00 +1.3352256e+00 +1.3352259e+00 +3.3803950e+00 +3.3803952e+00 +3.9036760e+00 +3.9036761e+00 +7.4497413e+00 +7.4497414e+00 +1.1075491e+01 
-5.4002645e+01 -5.4002644e+01 -3.0828866e+01 -3.0828866e+01 -3.0116237e+01 -3.0116237e+01 -2.9746343e+01 -2.9746342e+01 -3.0232502e+00 -3.0232493e+00 -1.6610191e+00 -1.6610188e+00 +1.2055743e+00 +1.2055746e+00 +3.4110320e+00 +3.4110322e+00 +3.9090376e+00 +3.9090377e+00 +7.6321378e+00 +7.6321379e+00 +1.0963401e+01 
-5.4001845e+01 -5.4001845e+01 -3.0811914e+01 -3.0811913e+01 -3.0127270e+01 -3.0127270e+01 -2.9763639e+01 -2.9763638e+01 -2.9203049e+00 -2.9203040e+00 -1.6616754e+00 -1.6616751e+00 +1.0745247e+00 +1.0745249e+00 +3.4435142e+00 +3.4435144e+00 +3.9146479e+00 +3.9146480e+00 +7.8202982e+00 +7.8202983e+00 +1.0847406e+01 
-5.4001019e+01 -5.4001019e+01 -3.0793779e+01 -3.0793778e+01 -3.0138650e+01 -3.0138650e+01 -2.9782130e+01 -2.9782130e+01 -2.8119808e+00 -2.8119800e+00 -1.6608805e+00 -1.6608802e+00 +9.4294913e-01 +9.4294938e-01 +3.4776195e+00 +3.4776197e+00 +3.9204573e+00 +3.9204574e+00 +8.0132861e+00 +8.0132862e+00 +1.0728513e+01 
-5.4000174e+01 -5.4000173e+01 -3.0774501e+01 -3.0774500e+01 -3.0150273e+01 -3.0150272e+01 -2.9801774e+01 -2.9801774e+01 -2.6989850e+00 -2.6989842e+00 -1.6583698e+00 -1.6583695e+00 +8.1159232e-01 +8.1159257e-01 +3.5131021e+00 +3.5131023e+00 +3.9264142e+00 +3.9264143e+00 +8.2102832e+00 +8.2102834e+00 +1.0607706e+01 
-5.3999316e+01 -5.3999316e+01 -3.0754121e+01 -3.0754120e+01 -3.0162031e+01 -3.0162031e+01 -2.9822526e+01 -2.9822525e+01 -2.5820946e+00 -2.5820938e+00 -1.6538833e+00 -1.6538830e+00 +6.8109117e-01 +6.8109142e-01 +3.5496918e+00 +3.5496920e+00 +3.9324654e+00 +3.9324654e+00 +8.4105681e+00 +8.4105683e+00 +1.0485946e+01 
-5.3998454e+01 -5.3998454e+01 -3.0732684e+01 -3.0732684e+01 -3.0173819e+01 -3.0173819e+01 -2.9844337e+01 -2.9844337e+01 -2.4621605e+00 -2.4621597e+00 -1.6471671e+00 -1.6471668e+00 +5.5199215e-01 +5.5199240e-01 +3.5870935e+00 +3.5870937e+00 +3.9385564e+00 +3.9385564e+00 +8.6134967e+00 +8.6134968e+00 +1.0364173e+01 
-5.3997597e+01 -5.3997597e+01 -3.0710237e+01 -3.0710237e+01 -3.0185529e+01 -3.0185529e+01 -2.9867159e+01 -2.9867158e+01 -2.3401102e+00 -2.3401095e+00 -1.6379761e+00 -1.6379758e+00 +4.2476578e-01 +4.2476604e-01 +3.6249879e+00 +3.6249881e+00 +3.9446321e+00 +3.9446322e+00 +8.8184856e+00 +8.8184858e+00 +1.0243307e+01 
-5.3996750e+01 -5.3996750e+01 -3.0686829e+01 -3.0686829e+01 -3.0197056e+01 -3.0197056e+01 -2.9890937e+01 -2.9890936e+01 -2.2169504e+00 -2.2169497e+00 -1.6260753e+00 -1.6260750e+00 +2.9981857e-01 +2.9981883e-01 +3.6630319e+00 +3.6630321e+00 +3.9506373e+00 +3.9506374e+00 +9.0249980e+00 +9.0249981e+00 +1.0124257e+01 
-5.3995923e+01 -5.3995923e+01 -3.0662511e+01 -3.0662511e+01 -3.0208298e+01 -3.0208298e+01 -2.9915618e+01 -2.9915617e+01 -2.0937676e+00 -2.0937670e+00 -1.6112420e+00 -1.6112417e+00 +1.7750285e-01 +1.7750310e-01 +3.7008606e+00 +3.7008608e+00 +3.9565169e+00 +3.9565170e+00 +9.2325301e+00 +9.2325303e+00 +1.0007918e+01 
-5.3995123e+01 -5.3995123e+01 -3.0637337e+01 -3.0637337e+01 -3.0219153e+01 -3.0219153e+01 -2.9941144e+01 -2.9941143e+01 -1.9717281e+00 -1.9717275e+00 -1.5932662e+00 -1.5932659e+00 +5.8124666e-02 +5.8124921e-02 +3.7380905e+00 +3.7380907e+00 +3.9622169e+00 +3.9622170e+00 +9.4406005e+00 +9.4406007e+00 +9.8951797e+00 
-5.3994357e+01 -5.3994356e+01 -3.0611363e+01 -3.0611362e+01 -3.0229527e+01 -3.0229527e+01 -2.9967457e+01 -2.9967456e+01 -1.8520737e+00 -1.8520731e+00 -1.5719520e+00 -1.5719517e+00 -5.8049669e-02 -5.8049412e-02 +3.7743235e+00 +3.7743236e+00 +3.9676843e+00 +3.9676844e+00 +9.6487386e+00 +9.6487388e+00 +9.7869302e+00 
-5.3993631e+01 -5.3993631e+01 -3.0584645e+01 -3.0584645e+01 -3.0239328e+01 -3.0239328e+01 -2.9994495e+01 -2.9994495e+01 -1.7361156e+00 -1.7361150e+00 -1.5471181e+00 -1.5471179e+00 -1.7078836e-01 -1.7078810e-01 +3.8091522e+00 +3.8091523e+00 +3.9728683e+00 +3.9728684e+00 +9.6840545e+00 +9.8564757e+00 +9.8564759e+00 
-5.3992953e+01 -5.3992953e+01 -3.0557244e+01 -3.0557244e+01 -3.0248470e+01 -3.0248470e+01 -3.0022197e+01 -3.0022196e+01 -1.6252223e+00 -1.6252218e+00 -1.5185987e+00 -1.5185985e+00 -2.7988990e-01 -2.7988964e-01 +3.8421675e+00 +3.8421677e+00 +3.9777203e+00 +3.9777204e+00 +9.5874353e+00 +1.0063335e+01 +1.0063335e+01 
-5.3992329e+01 -5.3992329e+01 -3.0529221e+01 -3.0529220e+01 -3.0256873e+01 -3.0256873e+01 -3.0050498e+01 -3.0050497e+01 -1.5208031e+00 -1.5208027e+00 -1.4862433e+00 -1.4862430e+00 -3.8517964e-01 -3.8517938e-01 +3.8729666e+00 +3.8729668e+00 +3.9821946e+00 +3.9821947e+00 +9.4979485e+00 +1.0268821e+01 +1.0268821e+01 
-5.3991764e+01 -5.3991764e+01 -3.0500637e+01 -3.0500637e+01 -3.0264466e+01 -3.0264465e+01 -3.0079332e+01 -3.0079332e+01 -1.4499171e+00 -1.4499168e+00 -1.4242839e+00 -1.4242835e+00 -4.8650711e-01 -4.8650685e-01 +3.9011621e+00 +3.9011621e+00 +3.9862489e+00 +3.9862490e+00 +9.4164553e+00 +1.0472412e+01 +1.0472413e+01 
-5.3991264e+01 -5.3991264e+01 -3.0471559e+01 -3.0471558e+01 -3.0271181e+01 -3.0271181e+01 -3.0108634e+01 -3.0108634e+01 -1.4095012e+00 -1.4095009e+00 -1.3370772e+00 -1.3370769e+00 -5.8374380e-01 -5.8374352e-01 +3.9263908e+00 +3.9263909e+00 +3.9898447e+00 +3.9898448e+00 +9.3437901e+00 +9.3437902e+00 +1.0673551e+01 
-5.3990833e+01 -5.3990833e+01 -3.0442050e+01 -3.0442049e+01 -3.0276962e+01 -3.0276962e+01 -3.0138336e+01 -3.0138335e+01 -1.3648928e+00 -1.3648925e+00 -1.2605446e+00 -1.2605443e+00 -6.7678144e-01 -6.7678116e-01 +3.9483238e+00 +3.9483239e+00 +3.9929478e+00 +3.9929478e+00 +9.2807440e+00 +9.2807441e+00 +1.0871631e+01 
-5.3990476e+01 -5.3990475e+01 -3.0412177e+01 -3.0412177e+01 -3.0281759e+01 -3.0281759e+01 -3.0168368e+01 -3.0168368e+01 -1.3160045e+00 -1.3160042e+00 -1.1959534e+00 -1.1959532e+00 -7.6553061e-01 -7.6553033e-01 +3.9666732e+00 +3.9666733e+00 +3.9955283e+00 +3.9955284e+00 +9.2280443e+00 +9.2280443e+00 +1.1065993e+01 
-5.3990194e+01 -5.3990194e+01 -3.0382009e+01 -3.0382009e+01 -3.0285531e+01 -3.0285531e+01 -3.0198663e+01 -3.0198662e+01 -1.2627650e+00 -1.2627647e+00 -1.1444304e+00 -1.1444303e+00 -8.4991974e-01 -8.4991946e-01 +3.9811987e+00 +3.9811988e+00 +3.9975616e+00 +3.9975617e+00 +9.1863315e+00 +9.1863315e+00 +1.1255907e+01 
-5.3989991e+01 -5.3989991e+01 -3.0351614e+01 -3.0351613e+01 -3.0288245e+01 -3.0288245e+01 -3.0229149e+01 -3.0229149e+01 -1.2051184e+00 -1.2051181e+00 -1.1069140e+00 -1.1069139e+00 -9.2989427e-01 -9.2989398e-01 +3.9917113e+00 +3.9917113e+00 +3.9990282e+00 +3.9990282e+00 +9.1561355e+00 +9.1561356e+00 +1.1440570e+01 
-5.3989870e+01 -5.3989870e+01 -3.0321060e+01 -3.0321059e+01 -3.0289879e+01 -3.0289879e+01 -3.0259758e+01 -3.0259757e+01 -1.1430245e+00 -1.1430243e+00 -1.0841109e+00 -1.0841108e+00 -1.0054161e+00 -1.0054158e+00 +3.9980755e+00 +3.9980756e+00 +3.9999138e+00 +3.9999139e+00 +9.1378538e+00 +9.1378539e+00 +1.1619096e+01 
-5.3989830e+01 -5.3989830e+01 -3.0290419e+01 -3.0290418e+01 -3.0290418e+01 -3.0290417e+01 -3.0290417e+01 -3.0290417e+01 -1.0764653e+00 -1.0764627e+00 -1.0764627e+00 -1.0764583e+00 -1.0764583e+00 -1.0764566e+00 +4.0002100e+00 +4.0002100e+00 +4.0002101e+00 +4.0002101e+00 +9.1317328e+00 +9.1317328e+00 +1.1790512e+01 
