# num high symmetry points
8
# label high symmetry points
G X M G R X M R 
# indices high symmetry points
1 16 31 52 78 99 100 115 
# nk, nb, ns
115 44 1
# k-points (frac coords)
+0.0000000e+00 +0.0000000e+00 +0.0000000e+00 
+0.0000000e+00 +3.3333333e-02 +0.0000000e+00 
+0.0000000e+00 +6.6666667e-02 +0.0000000e+00 
+0.0000000e+00 +1.0000000e-01 +0.0000000e+00 
+0.0000000e+00 +1.3333333e-01 +0.0000000e+00 
+0.0000000e+00 +1.6666667e-01 +0.0000000e+00 
+0.0000000e+00 +2.0000000e-01 +0.0000000e+00 
+0.0000000e+00 +2.3333333e-01 +0.0000000e+00 
+0.0000000e+00 +2.6666667e-01 +0.0000000e+00 
+0.0000000e+00 +3.0000000e-01 +0.0000000e+00 
+0.0000000e+00 +3.3333333e-01 +0.0000000e+00 
+0.0000000e+00 +3.6666667e-01 +0.0000000e+00 
+0.0000000e+00 +4.0000000e-01 +0.0000000e+00 
+0.0000000e+00 +4.3333333e-01 +0.0000000e+00 
+0.0000000e+00 +4.6666667e-01 +0.0000000e+00 
+0.0000000e+00 +5.0000000e-01 +0.0000000e+00 
+3.3333333e-02 +5.0000000e-01 +0.0000000e+00 
+6.6666667e-02 +5.0000000e-01 +0.0000000e+00 
+1.0000000e-01 +5.0000000e-01 +0.0000000e+00 
+1.3333333e-01 +5.0000000e-01 +0.0000000e+00 
+1.6666667e-01 +5.0000000e-01 +0.0000000e+00 
+2.0000000e-01 +5.0000000e-01 +0.0000000e+00 
+2.3333333e-01 +5.0000000e-01 +0.0000000e+00 
+2.6666667e-01 +5.0000000e-01 +0.0000000e+00 
+3.0000000e-01 +5.0000000e-01 +0.0000000e+00 
+3.3333333e-01 +5.0000000e-01 +0.0000000e+00 
+3.6666667e-01 +5.0000000e-01 +0.0000000e+00 
+4.0000000e-01 +5.0000000e-01 +0.0000000e+00 
+4.3333333e-01 +5.0000000e-01 +0.0000000e+00 
+4.6666667e-01 +5.0000000e-01 +0.0000000e+00 
+5.0000000e-01 +5.0000000e-01 +0.0000000e+00 
+4.7619048e-01 +4.7619048e-01 +0.0000000e+00 
+4.5238095e-01 +4.5238095e-01 +0.0000000e+00 
+4.2857143e-01 +4.2857143e-01 +0.0000000e+00 
+4.0476190e-01 +4.0476190e-01 +0.0000000e+00 
+3.8095238e-01 +3.8095238e-01 +0.0000000e+00 
+3.5714286e-01 +3.5714286e-01 +0.0000000e+00 
+3.3333333e-01 +3.3333333e-01 +0.0000000e+00 
+3.0952381e-01 +3.0952381e-01 +0.0000000e+00 
+2.8571429e-01 +2.8571429e-01 +0.0000000e+00 
+2.6190476e-01 +2.6190476e-01 +0.0000000e+00 
+2.3809524e-01 +2.3809524e-01 +0.0000000e+00 
+2.1428571e-01 +2.1428571e-01 +0.0000000e+00 
+1.9047619e-01 +1.9047619e-01 +0.0000000e+00 
+1.6666667e-01 +1.6666667e-01 +0.0000000e+00 
+1.4285714e-01 +1.4285714e-01 +0.0000000e+00 
+1.1904762e-01 +1.1904762e-01 +0.0000000e+00 
+9.5238095e-02 +9.5238095e-02 +0.0000000e+00 
+7.1428571e-02 +7.1428571e-02 +0.0000000e+00 
+4.7619048e-02 +4.7619048e-02 +0.0000000e+00 
+2.3809524e-02 +2.3809524e-02 +0.0000000e+00 
+0.0000000e+00 +0.0000000e+00 +0.0000000e+00 
+1.9230769e-02 +1.9230769e-02 +1.9230769e-02 
+3.8461538e-02 +3.8461538e-02 +3.8461538e-02 
+5.7692308e-02 +5.7692308e-02 +5.7692308e-02 
+7.6923077e-02 +7.6923077e-02 +7.6923077e-02 
+9.6153846e-02 +9.6153846e-02 +9.6153846e-02 
+1.1538462e-01 +1.1538462e-01 +1.1538462e-01 
+1.3461538e-01 +1.3461538e-01 +1.3461538e-01 
+1.5384615e-01 +1.5384615e-01 +1.5384615e-01 
+1.7307692e-01 +1.7307692e-01 +1.7307692e-01 
+1.9230769e-01 +1.9230769e-01 +1.9230769e-01 
+2.1153846e-01 +2.1153846e-01 +2.1153846e-01 
+2.3076923e-01 +2.3076923e-01 +2.3076923e-01 
+2.5000000e-01 +2.5000000e-01 +2.5000000e-01 
+2.6923077e-01 +2.6923077e-01 +2.6923077e-01 
+2.8846154e-01 +2.8846154e-01 +2.8846154e-01 
+3.0769231e-01 +3.0769231e-01 +3.0769231e-01 
+3.2692308e-01 +3.2692308e-01 +3.2692308e-01 
+3.4615385e-01 +3.4615385e-01 +3.4615385e-01 
+3.6538462e-01 +3.6538462e-01 +3.6538462e-01 
+3.8461538e-01 +3.8461538e-01 +3.8461538e-01 
+4.0384615e-01 +4.0384615e-01 +4.0384615e-01 
+4.2307692e-01 +4.2307692e-01 +4.2307692e-01 
+4.4230769e-01 +4.4230769e-01 +4.4230769e-01 
+4.6153846e-01 +4.6153846e-01 +4.6153846e-01 
+4.8076923e-01 +4.8076923e-01 +4.8076923e-01 
+5.0000000e-01 +5.0000000e-01 +5.0000000e-01 
+4.7619048e-01 +5.0000000e-01 +4.7619048e-01 
+4.5238095e-01 +5.0000000e-01 +4.5238095e-01 
+4.2857143e-01 +5.0000000e-01 +4.2857143e-01 
+4.0476190e-01 +5.0000000e-01 +4.0476190e-01 
+3.8095238e-01 +5.0000000e-01 +3.8095238e-01 
+3.5714286e-01 +5.0000000e-01 +3.5714286e-01 
+3.3333333e-01 +5.0000000e-01 +3.3333333e-01 
+3.0952381e-01 +5.0000000e-01 +3.0952381e-01 
+2.8571429e-01 +5.0000000e-01 +2.8571429e-01 
+2.6190476e-01 +5.0000000e-01 +2.6190476e-01 
+2.3809524e-01 +5.0000000e-01 +2.3809524e-01 
+2.1428571e-01 +5.0000000e-01 +2.1428571e-01 
+1.9047619e-01 +5.0000000e-01 +1.9047619e-01 
+1.6666667e-01 +5.0000000e-01 +1.6666667e-01 
+1.4285714e-01 +5.0000000e-01 +1.4285714e-01 
+1.1904762e-01 +5.0000000e-01 +1.1904762e-01 
+9.5238095e-02 +5.0000000e-01 +9.5238095e-02 
+7.1428571e-02 +5.0000000e-01 +7.1428571e-02 
+4.7619048e-02 +5.0000000e-01 +4.7619048e-02 
+2.3809524e-02 +5.0000000e-01 +2.3809524e-02 
+0.0000000e+00 +5.0000000e-01 +0.0000000e+00 
+5.0000000e-01 +5.0000000e-01 +0.0000000e+00 
+5.0000000e-01 +5.0000000e-01 +3.3333333e-02 
+5.0000000e-01 +5.0000000e-01 +6.6666667e-02 
+5.0000000e-01 +5.0000000e-01 +1.0000000e-01 
+5.0000000e-01 +5.0000000e-01 +1.3333333e-01 
+5.0000000e-01 +5.0000000e-01 +1.6666667e-01 
+5.0000000e-01 +5.0000000e-01 +2.0000000e-01 
+5.0000000e-01 +5.0000000e-01 +2.3333333e-01 
+5.0000000e-01 +5.0000000e-01 +2.6666667e-01 
+5.0000000e-01 +5.0000000e-01 +3.0000000e-01 
+5.0000000e-01 +5.0000000e-01 +3.3333333e-01 
+5.0000000e-01 +5.0000000e-01 +3.6666667e-01 
+5.0000000e-01 +5.0000000e-01 +4.0000000e-01 
+5.0000000e-01 +5.0000000e-01 +4.3333333e-01 
+5.0000000e-01 +5.0000000e-01 +4.6666667e-01 
+5.0000000e-01 +5.0000000e-01 +5.0000000e-01 
# energies (kpt,band,spin)
# spin = 1
-4.5435543e+01 -4.5435525e+01 -4.5435525e+01 -4.5435466e+01 -4.5435466e+01 -4.5435466e+01 -4.5435454e+01 -4.5435454e+01 -4.5435363e+01 -4.5435308e+01 -4.5435308e+01 -4.5435308e+01 -4.5435075e+01 -4.5435075e+01 -4.5435075e+01 -4.5434514e+01 -4.5434514e+01 -4.5434241e+01 -4.5434241e+01 -4.5434241e+01 -2.1050272e+01 -2.1016217e+01 -2.1016217e+01 -2.1015823e+01 -7.2415319e+00 -7.2415318e+00 -7.2415318e+00 -6.8079315e+00 -6.8079315e+00 -6.8079315e+00 -6.8077526e+00 -6.8077526e+00 -6.8077526e+00 -6.5365355e+00 -6.5365355e+00 -6.5365355e+00 +8.3345136e-01 +8.5436215e-01 +8.5436216e-01 +1.6882772e+00 +1.6882772e+00 +1.6882773e+00 +3.6062755e+00 +3.6062755e+00 
-4.5435543e+01 -4.5435525e+01 -4.5435525e+01 -4.5435466e+01 -4.5435465e+01 -4.5435465e+01 -4.5435454e+01 -4.5435454e+01 -4.5435363e+01 -4.5435308e+01 -4.5435308e+01 -4.5435308e+01 -4.5435076e+01 -4.5435076e+01 -4.5435075e+01 -4.5434514e+01 -4.5434514e+01 -4.5434241e+01 -4.5434241e+01 -4.5434241e+01 -2.1050180e+01 -2.1016285e+01 -2.1016211e+01 -2.1015845e+01 -7.2406351e+00 -7.2406350e+00 -7.2398541e+00 -6.8091864e+00 -6.8091863e+00 -6.8081405e+00 -6.8079630e+00 -6.8071396e+00 -6.8071396e+00 -6.5387467e+00 -6.5373166e+00 -6.5373165e+00 +8.4050103e-01 +8.6069811e-01 +8.6221711e-01 +1.6913761e+00 +1.6931371e+00 +1.6931371e+00 +3.5973130e+00 +3.6093992e+00 
-4.5435542e+01 -4.5435525e+01 -4.5435524e+01 -4.5435465e+01 -4.5435463e+01 -4.5435463e+01 -4.5435454e+01 -4.5435454e+01 -4.5435363e+01 -4.5435308e+01 -4.5435307e+01 -4.5435307e+01 -4.5435078e+01 -4.5435078e+01 -4.5435075e+01 -4.5434514e+01 -4.5434513e+01 -4.5434241e+01 -4.5434241e+01 -4.5434241e+01 -2.1049903e+01 -2.1016531e+01 -2.1016193e+01 -2.1015872e+01 -7.2379236e+00 -7.2379236e+00 -7.2348325e+00 -6.8131854e+00 -6.8131854e+00 -6.8087576e+00 -6.8085845e+00 -6.8050521e+00 -6.8050521e+00 -6.5453465e+00 -6.5396501e+00 -6.5396500e+00 +8.6104559e-01 +8.7958664e-01 +8.8627901e-01 +1.7006798e+00 +1.7077128e+00 +1.7077128e+00 +3.5707318e+00 +3.6187903e+00 
-4.5435542e+01 -4.5435524e+01 -4.5435522e+01 -4.5435465e+01 -4.5435459e+01 -4.5435459e+01 -4.5435454e+01 -4.5435454e+01 -4.5435363e+01 -4.5435308e+01 -4.5435306e+01 -4.5435306e+01 -4.5435083e+01 -4.5435083e+01 -4.5435075e+01 -4.5434514e+01 -4.5434512e+01 -4.5434243e+01 -4.5434243e+01 -4.5434241e+01 -2.1049445e+01 -2.1016986e+01 -2.1016165e+01 -2.1015870e+01 -7.2333433e+00 -7.2333432e+00 -7.2265020e+00 -6.8197911e+00 -6.8197911e+00 -6.8097537e+00 -6.8095877e+00 -6.8015864e+00 -6.8015864e+00 -6.5562333e+00 -6.5435066e+00 -6.5435065e+00 +8.9379157e-01 +9.1066566e-01 +9.2751099e-01 +1.7162091e+00 +1.7319939e+00 +1.7319939e+00 +3.5274264e+00 +3.6345091e+00 
-4.5435542e+01 -4.5435523e+01 -4.5435520e+01 -4.5435464e+01 -4.5435455e+01 -4.5435454e+01 -4.5435453e+01 -4.5435453e+01 -4.5435364e+01 -4.5435308e+01 -4.5435305e+01 -4.5435305e+01 -4.5435090e+01 -4.5435090e+01 -4.5435075e+01 -4.5434514e+01 -4.5434511e+01 -4.5434245e+01 -4.5434244e+01 -4.5434240e+01 -2.1048812e+01 -2.1017637e+01 -2.1016130e+01 -2.1015845e+01 -7.2268284e+00 -7.2268284e+00 -7.2149210e+00 -6.8289074e+00 -6.8289073e+00 -6.8110825e+00 -6.8109257e+00 -6.7967722e+00 -6.7967722e+00 -6.5712413e+00 -6.5488379e+00 -6.5488379e+00 +9.3766996e-01 +9.5331727e-01 +9.8640412e-01 +1.7379971e+00 +1.7659687e+00 +1.7659687e+00 +3.4688096e+00 +3.6566596e+00 
-4.5435541e+01 -4.5435522e+01 -4.5435517e+01 -4.5435463e+01 -4.5435455e+01 -4.5435453e+01 -4.5435446e+01 -4.5435446e+01 -4.5435365e+01 -4.5435308e+01 -4.5435304e+01 -4.5435304e+01 -4.5435099e+01 -4.5435099e+01 -4.5435075e+01 -4.5434515e+01 -4.5434510e+01 -4.5434247e+01 -4.5434247e+01 -4.5434240e+01 -2.1048011e+01 -2.1018470e+01 -2.1016089e+01 -2.1015810e+01 -7.2183275e+00 -7.2183275e+00 -7.2001706e+00 -6.8404055e+00 -6.8404055e+00 -6.8126826e+00 -6.8125370e+00 -6.7906500e+00 -6.7906499e+00 -6.5901443e+00 -6.5555777e+00 -6.5555776e+00 +9.9183929e-01 +1.0066439e+00 +1.0629309e+00 +1.7660869e+00 +1.8096324e+00 +1.8096324e+00 +3.3967080e+00 +3.6853948e+00 
-4.5435541e+01 -4.5435521e+01 -4.5435514e+01 -4.5435462e+01 -4.5435457e+01 -4.5435453e+01 -4.5435438e+01 -4.5435438e+01 -4.5435366e+01 -4.5435308e+01 -4.5435302e+01 -4.5435302e+01 -4.5435111e+01 -4.5435111e+01 -4.5435075e+01 -4.5434515e+01 -4.5434508e+01 -4.5434251e+01 -4.5434251e+01 -4.5434240e+01 -2.1047050e+01 -2.1019470e+01 -2.1016045e+01 -2.1015769e+01 -7.2078229e+00 -7.2078229e+00 -7.1823557e+00 -6.8541253e+00 -6.8541252e+00 -6.8144811e+00 -6.8143480e+00 -6.7832733e+00 -6.7832732e+00 -6.6126611e+00 -6.5636424e+00 -6.5636424e+00 +1.0552374e+00 +1.0694303e+00 +1.1569287e+00 +1.8005276e+00 +1.8629993e+00 +1.8629994e+00 +3.3132354e+00 +3.7209244e+00 
-4.5435540e+01 -4.5435519e+01 -4.5435510e+01 -4.5435461e+01 -4.5435459e+01 -4.5435453e+01 -4.5435427e+01 -4.5435427e+01 -4.5435368e+01 -4.5435308e+01 -4.5435301e+01 -4.5435301e+01 -4.5435126e+01 -4.5435126e+01 -4.5435075e+01 -4.5434516e+01 -4.5434507e+01 -4.5434256e+01 -4.5434256e+01 -4.5434240e+01 -2.1045942e+01 -2.1020623e+01 -2.1016001e+01 -2.1015727e+01 -7.1953412e+00 -7.1953411e+00 -7.1616045e+00 -6.8698784e+00 -6.8698783e+00 -6.8163975e+00 -6.8162776e+00 -6.7747096e+00 -6.7747095e+00 -6.6384627e+00 -6.5729331e+00 -6.5729331e+00 +1.1263810e+00 +1.1400874e+00 +1.2682104e+00 +1.8413696e+00 +1.9261183e+00 +1.9261184e+00 +3.2206617e+00 +3.7635236e+00 
-4.5435540e+01 -4.5435518e+01 -4.5435505e+01 -4.5435462e+01 -4.5435460e+01 -4.5435453e+01 -4.5435416e+01 -4.5435416e+01 -4.5435370e+01 -4.5435308e+01 -4.5435300e+01 -4.5435300e+01 -4.5435143e+01 -4.5435143e+01 -4.5435075e+01 -4.5434518e+01 -4.5434506e+01 -4.5434262e+01 -4.5434262e+01 -4.5434240e+01 -2.1044697e+01 -2.1021916e+01 -2.1015959e+01 -2.1015686e+01 -7.1809549e+00 -7.1809549e+00 -7.1380695e+00 -6.8874522e+00 -6.8874521e+00 -6.8183470e+00 -6.8182405e+00 -6.7650399e+00 -6.7650399e+00 -6.6671788e+00 -6.5833366e+00 -6.5833366e+00 +1.2032889e+00 +1.2165748e+00 +1.3965241e+00 +1.8886579e+00 +1.9990928e+00 +1.9990928e+00 +3.1212883e+00 +3.8135456e+00 
-4.5435539e+01 -4.5435516e+01 -4.5435500e+01 -4.5435465e+01 -4.5435459e+01 -4.5435454e+01 -4.5435402e+01 -4.5435402e+01 -4.5435373e+01 -4.5435308e+01 -4.5435299e+01 -4.5435299e+01 -4.5435161e+01 -4.5435161e+01 -4.5435075e+01 -4.5434519e+01 -4.5434505e+01 -4.5434268e+01 -4.5434268e+01 -4.5434239e+01 -2.1043330e+01 -2.1023331e+01 -2.1015921e+01 -2.1015647e+01 -7.1647790e+00 -7.1647789e+00 -7.1119284e+00 -6.9066139e+00 -6.9066138e+00 -6.8202448e+00 -6.8201513e+00 -6.7543585e+00 -6.7543584e+00 -6.6984063e+00 -6.5947275e+00 -6.5947274e+00 +1.2834012e+00 +1.2963024e+00 +1.5414923e+00 +1.9424237e+00 +2.0821047e+00 +2.0821047e+00 +3.0173428e+00 +3.8714343e+00 
-4.5435538e+01 -4.5435515e+01 -4.5435495e+01 -4.5435469e+01 -4.5435458e+01 -4.5435455e+01 -4.5435388e+01 -4.5435388e+01 -4.5435376e+01 -4.5435308e+01 -4.5435299e+01 -4.5435299e+01 -4.5435182e+01 -4.5435182e+01 -4.5435075e+01 -4.5434521e+01 -4.5434504e+01 -4.5434273e+01 -4.5434273e+01 -4.5434239e+01 -2.1041855e+01 -2.1024853e+01 -2.1015887e+01 -2.1015614e+01 -7.1469642e+00 -7.1469641e+00 -7.0833854e+00 -6.9271146e+00 -6.9271146e+00 -6.8220094e+00 -6.8219280e+00 -6.7427720e+00 -6.7427719e+00 -6.7317169e+00 -6.6069699e+00 -6.6069698e+00 +1.3634807e+00 +1.3760207e+00 +1.7025563e+00 +2.0026735e+00 +2.1754442e+00 +2.1754442e+00 +2.9108974e+00 +3.8862244e+00 
-4.5435537e+01 -4.5435513e+01 -4.5435490e+01 -4.5435474e+01 -4.5435457e+01 -4.5435456e+01 -4.5435379e+01 -4.5435372e+01 -4.5435372e+01 -4.5435308e+01 -4.5435298e+01 -4.5435298e+01 -4.5435203e+01 -4.5435203e+01 -4.5435075e+01 -4.5434522e+01 -4.5434503e+01 -4.5434279e+01 -4.5434279e+01 -4.5434239e+01 -2.1040286e+01 -2.1026463e+01 -2.1015859e+01 -2.1015585e+01 -7.1276909e+00 -7.1276908e+00 -7.0526730e+00 -6.9486934e+00 -6.9486934e+00 -6.8235660e+00 -6.8234952e+00 -6.7666658e+00 -6.7303982e+00 -6.7303982e+00 -6.6199193e+00 -6.6199193e+00 +1.4395363e+00 +1.4517390e+00 +1.8789282e+00 +2.0693763e+00 +2.2795449e+00 +2.2795449e+00 +2.8038143e+00 +3.6385833e+00 
-4.5435537e+01 -4.5435511e+01 -4.5435485e+01 -4.5435478e+01 -4.5435458e+01 -4.5435456e+01 -4.5435381e+01 -4.5435354e+01 -4.5435354e+01 -4.5435308e+01 -4.5435298e+01 -4.5435298e+01 -4.5435225e+01 -4.5435225e+01 -4.5435075e+01 -4.5434523e+01 -4.5434503e+01 -4.5434283e+01 -4.5434283e+01 -4.5434239e+01 -2.1038641e+01 -2.1028143e+01 -2.1015836e+01 -2.1015562e+01 -7.1071631e+00 -7.1071631e+00 -7.0200533e+00 -6.9710812e+00 -6.9710812e+00 -6.8248491e+00 -6.8247878e+00 -6.8027994e+00 -6.7173654e+00 -6.7173653e+00 -6.6334251e+00 -6.6334250e+00 +1.5068503e+00 +1.5187514e+00 +2.0695537e+00 +2.1424475e+00 +2.3950254e+00 +2.3950255e+00 +2.6977140e+00 +3.3987165e+00 
-4.5435536e+01 -4.5435508e+01 -4.5435482e+01 -4.5435479e+01 -4.5435461e+01 -4.5435455e+01 -4.5435383e+01 -4.5435336e+01 -4.5435336e+01 -4.5435308e+01 -4.5435297e+01 -4.5435297e+01 -4.5435247e+01 -4.5435247e+01 -4.5435075e+01 -4.5434524e+01 -4.5434502e+01 -4.5434287e+01 -4.5434287e+01 -4.5434239e+01 -2.1036937e+01 -2.1029873e+01 -2.1015820e+01 -2.1015546e+01 -7.0856043e+00 -7.0856043e+00 -6.9940046e+00 -6.9940045e+00 -6.9858191e+00 -6.8396697e+00 -6.8258054e+00 -6.8257473e+00 -6.7038103e+00 -6.7038102e+00 -6.6473317e+00 -6.6473317e+00 +1.5602534e+00 +1.5719096e+00 +2.2217296e+00 +2.2730857e+00 +2.5227388e+00 +2.5227389e+00 +2.5939662e+00 +3.1789071e+00 
-4.5435536e+01 -4.5435507e+01 -4.5435485e+01 -4.5435474e+01 -4.5435465e+01 -4.5435455e+01 -4.5435385e+01 -4.5435318e+01 -4.5435318e+01 -4.5435308e+01 -4.5435296e+01 -4.5435296e+01 -4.5435268e+01 -4.5435268e+01 -4.5435075e+01 -4.5434525e+01 -4.5434502e+01 -4.5434289e+01 -4.5434289e+01 -4.5434239e+01 -2.1035192e+01 -2.1031634e+01 -2.1015810e+01 -2.1015536e+01 -7.0632533e+00 -7.0632532e+00 -7.0171888e+00 -7.0171887e+00 -6.9502946e+00 -6.8768227e+00 -6.8263955e+00 -6.8263426e+00 -6.6898772e+00 -6.6898772e+00 -6.6614813e+00 -6.6614812e+00 +1.5947904e+00 +1.6062843e+00 +2.3069705e+00 +2.4878731e+00 +2.4936956e+00 +2.6638293e+00 +2.6638293e+00 +2.9431353e+00 
-4.5435536e+01 -4.5435506e+01 -4.5435486e+01 -4.5435471e+01 -4.5435468e+01 -4.5435455e+01 -4.5435385e+01 -4.5435309e+01 -4.5435309e+01 -4.5435308e+01 -4.5435291e+01 -4.5435291e+01 -4.5435283e+01 -4.5435283e+01 -4.5435075e+01 -4.5434525e+01 -4.5434502e+01 -4.5434289e+01 -4.5434289e+01 -4.5434239e+01 -2.1033548e+01 -2.1033285e+01 -2.1015807e+01 -2.1015533e+01 -7.0404188e+00 -7.0404188e+00 -7.0403033e+00 -7.0403033e+00 -6.9139040e+00 -6.9137650e+00 -6.8265949e+00 -6.8265435e+00 -6.6758222e+00 -6.6758221e+00 -6.6756094e+00 -6.6756094e+00 +1.6067643e+00 +1.6182011e+00 +2.3975777e+00 +2.3980200e+00 +2.7118331e+00 +2.7120987e+00 +2.8197767e+00 +2.8197768e+00 
-4.5435536e+01 -4.5435506e+01 -4.5435486e+01 -4.5435471e+01 -4.5435468e+01 -4.5435454e+01 -4.5435386e+01 -4.5435310e+01 -4.5435308e+01 -4.5435306e+01 -4.5435291e+01 -4.5435290e+01 -4.5435283e+01 -4.5435282e+01 -4.5435076e+01 -4.5434525e+01 -4.5434502e+01 -4.5434290e+01 -4.5434289e+01 -4.5434239e+01 -2.1033513e+01 -2.1033250e+01 -2.1015856e+01 -2.1015582e+01 -7.0422520e+00 -7.0421347e+00 -7.0395233e+00 -7.0394065e+00 -6.9160168e+00 -6.9158834e+00 -6.8240169e+00 -6.8239640e+00 -6.6768973e+00 -6.6766844e+00 -6.6744347e+00 -6.6742276e+00 +1.6145031e+00 +1.6258972e+00 +2.3986901e+00 +2.3991239e+00 +2.7179518e+00 +2.7182397e+00 +2.8176565e+00 +2.8177075e+00 
-4.5435535e+01 -4.5435506e+01 -4.5435487e+01 -4.5435471e+01 -4.5435469e+01 -4.5435452e+01 -4.5435388e+01 -4.5435313e+01 -4.5435306e+01 -4.5435305e+01 -4.5435291e+01 -4.5435287e+01 -4.5435282e+01 -4.5435280e+01 -4.5435079e+01 -4.5434524e+01 -4.5434503e+01 -4.5434290e+01 -4.5434288e+01 -4.5434240e+01 -2.1033410e+01 -2.1033147e+01 -2.1016003e+01 -2.1015730e+01 -7.0474101e+00 -7.0472878e+00 -7.0368393e+00 -7.0367185e+00 -6.9221405e+00 -6.9220227e+00 -6.8166328e+00 -6.8165755e+00 -6.6801083e+00 -6.6798951e+00 -6.6704849e+00 -6.6702931e+00 +1.6375919e+00 +1.6488564e+00 +2.4020177e+00 +2.4024263e+00 +2.7361727e+00 +2.7365261e+00 +2.8117815e+00 +2.8118637e+00 
-4.5435533e+01 -4.5435506e+01 -4.5435488e+01 -4.5435472e+01 -4.5435470e+01 -4.5435449e+01 -4.5435391e+01 -4.5435315e+01 -4.5435304e+01 -4.5435303e+01 -4.5435292e+01 -4.5435281e+01 -4.5435281e+01 -4.5435277e+01 -4.5435085e+01 -4.5434522e+01 -4.5434503e+01 -4.5434290e+01 -4.5434286e+01 -4.5434242e+01 -2.1033236e+01 -2.1032974e+01 -2.1016248e+01 -2.1015975e+01 -7.0550414e+00 -7.0549114e+00 -7.0323759e+00 -7.0322488e+00 -6.9317117e+00 -6.9316165e+00 -6.8053186e+00 -6.8052548e+00 -6.6854127e+00 -6.6851990e+00 -6.6645277e+00 -6.6643581e+00 +1.6756325e+00 +1.6866751e+00 +2.4075308e+00 +2.4078984e+00 +2.7660750e+00 +2.7665246e+00 +2.8035574e+00 +2.8036865e+00 
-4.5435532e+01 -4.5435507e+01 -4.5435490e+01 -4.5435472e+01 -4.5435472e+01 -4.5435444e+01 -4.5435394e+01 -4.5435318e+01 -4.5435303e+01 -4.5435300e+01 -4.5435292e+01 -4.5435280e+01 -4.5435275e+01 -4.5435272e+01 -4.5435093e+01 -4.5434520e+01 -4.5434503e+01 -4.5434291e+01 -4.5434283e+01 -4.5434245e+01 -2.1032992e+01 -2.1032730e+01 -2.1016590e+01 -2.1016318e+01 -7.0641275e+00 -7.0639886e+00 -7.0261523e+00 -7.0260173e+00 -6.9439948e+00 -6.9439261e+00 -6.7911326e+00 -6.7910613e+00 -6.6927405e+00 -6.6925261e+00 -6.6572811e+00 -6.6571372e+00 +1.7279011e+00 +1.7386195e+00 +2.4151796e+00 +2.4154916e+00 +2.7951483e+00 +2.7951817e+00 +2.8001172e+00 +2.8002403e+00 
-4.5435529e+01 -4.5435507e+01 -4.5435492e+01 -4.5435474e+01 -4.5435473e+01 -4.5435439e+01 -4.5435399e+01 -4.5435322e+01 -4.5435302e+01 -4.5435297e+01 -4.5435293e+01 -4.5435278e+01 -4.5435267e+01 -4.5435265e+01 -4.5435104e+01 -4.5434518e+01 -4.5434503e+01 -4.5434291e+01 -4.5434279e+01 -4.5434249e+01 -2.1032675e+01 -2.1032414e+01 -2.1017028e+01 -2.1016757e+01 -7.0737355e+00 -7.0735870e+00 -7.0182025e+00 -7.0180585e+00 -6.9582404e+00 -6.9581995e+00 -6.7750624e+00 -6.7749834e+00 -6.7019956e+00 -6.7017804e+00 -6.6494650e+00 -6.6493478e+00 +1.7932443e+00 +1.8035184e+00 +2.4248927e+00 +2.4251366e+00 +2.7894320e+00 +2.7895596e+00 +2.7895702e+00 +2.7895991e+00 
-4.5435526e+01 -4.5435507e+01 -4.5435494e+01 -4.5435475e+01 -4.5435473e+01 -4.5435432e+01 -4.5435405e+01 -4.5435325e+01 -4.5435301e+01 -4.5435295e+01 -4.5435293e+01 -4.5435277e+01 -4.5435258e+01 -4.5435257e+01 -4.5435117e+01 -4.5434517e+01 -4.5434502e+01 -4.5434292e+01 -4.5434276e+01 -4.5434254e+01 -2.1032283e+01 -2.1032023e+01 -2.1017560e+01 -2.1017290e+01 -7.0831102e+00 -7.0829523e+00 -7.0085792e+00 -7.0084259e+00 -6.9737699e+00 -6.9737566e+00 -6.7579315e+00 -6.7578453e+00 -6.7130578e+00 -6.7128417e+00 -6.6417132e+00 -6.6416223e+00 +1.8699052e+00 +1.8795862e+00 +2.4365765e+00 +2.4367420e+00 +2.7767173e+00 +2.7769350e+00 +2.7901157e+00 +2.7902514e+00 
-4.5435523e+01 -4.5435507e+01 -4.5435497e+01 -4.5435476e+01 -4.5435474e+01 -4.5435423e+01 -4.5435411e+01 -4.5435329e+01 -4.5435301e+01 -4.5435294e+01 -4.5435292e+01 -4.5435275e+01 -4.5435248e+01 -4.5435248e+01 -4.5435132e+01 -4.5434516e+01 -4.5434500e+01 -4.5434292e+01 -4.5434271e+01 -4.5434259e+01 -2.1031814e+01 -2.1031555e+01 -2.1018183e+01 -2.1017914e+01 -7.0916727e+00 -7.0915061e+00 -6.9973563e+00 -6.9971936e+00 -6.9900127e+00 -6.9899993e+00 -6.7403985e+00 -6.7403063e+00 -6.7257848e+00 -6.7255679e+00 -6.6345468e+00 -6.6344808e+00 +1.9552754e+00 +1.9641734e+00 +2.4501147e+00 +2.4501942e+00 +2.7621561e+00 +2.7624285e+00 +2.8011871e+00 +2.8016291e+00 
-4.5435520e+01 -4.5435507e+01 -4.5435499e+01 -4.5435477e+01 -4.5435474e+01 -4.5435418e+01 -4.5435413e+01 -4.5435332e+01 -4.5435300e+01 -4.5435294e+01 -4.5435290e+01 -4.5435273e+01 -4.5435239e+01 -4.5435239e+01 -4.5435148e+01 -4.5434516e+01 -4.5434497e+01 -4.5434293e+01 -4.5434267e+01 -4.5434265e+01 -2.1031267e+01 -2.1031009e+01 -2.1018892e+01 -2.1018624e+01 -7.0989882e+00 -7.0988142e+00 -7.0064708e+00 -7.0064321e+00 -6.9846292e+00 -6.9844575e+00 -6.7400150e+00 -6.7397974e+00 -6.7229885e+00 -6.7228917e+00 -6.6283791e+00 -6.6283364e+00 +2.0456485e+00 +2.0535273e+00 +2.4653569e+00 +2.4653679e+00 +2.7459459e+00 +2.7462743e+00 +2.8280679e+00 +2.8290284e+00 
-4.5435517e+01 -4.5435506e+01 -4.5435502e+01 -4.5435478e+01 -4.5435474e+01 -4.5435425e+01 -4.5435402e+01 -4.5435335e+01 -4.5435300e+01 -4.5435295e+01 -4.5435289e+01 -4.5435272e+01 -4.5435230e+01 -4.5435230e+01 -4.5435166e+01 -4.5434516e+01 -4.5434493e+01 -4.5434293e+01 -4.5434271e+01 -4.5434262e+01 -2.1030640e+01 -2.1030384e+01 -2.1019680e+01 -2.1019413e+01 -7.1047334e+00 -7.1045536e+00 -7.0227045e+00 -7.0226421e+00 -6.9705144e+00 -6.9703343e+00 -6.7555701e+00 -6.7553520e+00 -6.7061240e+00 -6.7060245e+00 -6.6235313e+00 -6.6235101e+00 +2.1362792e+00 +2.1428845e+00 +2.4820716e+00 +2.4821745e+00 +2.7282927e+00 +2.7286753e+00 +2.8768982e+00 +2.8786199e+00 
-4.5435514e+01 -4.5435504e+01 -4.5435503e+01 -4.5435478e+01 -4.5435475e+01 -4.5435432e+01 -4.5435390e+01 -4.5435338e+01 -4.5435299e+01 -4.5435295e+01 -4.5435287e+01 -4.5435270e+01 -4.5435221e+01 -4.5435221e+01 -4.5435185e+01 -4.5434517e+01 -4.5434489e+01 -4.5434293e+01 -4.5434277e+01 -4.5434258e+01 -2.1029935e+01 -2.1029681e+01 -2.1020539e+01 -2.1020272e+01 -7.1086717e+00 -7.1084881e+00 -7.0383421e+00 -7.0382576e+00 -6.9551475e+00 -6.9549600e+00 -6.7722581e+00 -6.7720398e+00 -6.6901496e+00 -6.6900494e+00 -6.6202478e+00 -6.6202465e+00 +2.2223354e+00 +2.2274848e+00 +2.5001599e+00 +2.5003526e+00 +2.7094066e+00 +2.7098382e+00 +2.9536420e+00 +2.9563539e+00 
-4.5435512e+01 -4.5435506e+01 -4.5435500e+01 -4.5435479e+01 -4.5435475e+01 -4.5435440e+01 -4.5435377e+01 -4.5435341e+01 -4.5435299e+01 -4.5435296e+01 -4.5435286e+01 -4.5435269e+01 -4.5435213e+01 -4.5435213e+01 -4.5435204e+01 -4.5434518e+01 -4.5434485e+01 -4.5434293e+01 -4.5434283e+01 -4.5434254e+01 -2.1029155e+01 -2.1028903e+01 -2.1021458e+01 -2.1021190e+01 -7.1106366e+00 -7.1104514e+00 -7.0530554e+00 -7.0529507e+00 -6.9386817e+00 -6.9384876e+00 -6.7898764e+00 -6.7896582e+00 -6.6753486e+00 -6.6752497e+00 -6.6187259e+00 -6.6187091e+00 +2.3008916e+00 +2.3045856e+00 +2.5194253e+00 +2.5197024e+00 +2.6894994e+00 +2.6899712e+00 +2.9365703e+00 +2.9376949e+00 
-4.5435511e+01 -4.5435507e+01 -4.5435495e+01 -4.5435479e+01 -4.5435475e+01 -4.5435447e+01 -4.5435364e+01 -4.5435343e+01 -4.5435298e+01 -4.5435296e+01 -4.5435285e+01 -4.5435268e+01 -4.5435223e+01 -4.5435207e+01 -4.5435207e+01 -4.5434519e+01 -4.5434482e+01 -4.5434293e+01 -4.5434287e+01 -4.5434251e+01 -2.1028305e+01 -2.1028057e+01 -2.1022424e+01 -2.1022153e+01 -7.1105212e+00 -7.1103368e+00 -7.0665541e+00 -7.0664312e+00 -6.9212856e+00 -6.9210858e+00 -6.8082144e+00 -6.8079968e+00 -6.6619538e+00 -6.6618583e+00 -6.6190744e+00 -6.6190413e+00 +2.3724807e+00 +2.3749143e+00 +2.5396571e+00 +2.5400102e+00 +2.6687832e+00 +2.6692835e+00 +2.8416082e+00 +2.8424058e+00 
-4.5435510e+01 -4.5435509e+01 -4.5435489e+01 -4.5435479e+01 -4.5435475e+01 -4.5435454e+01 -4.5435351e+01 -4.5435344e+01 -4.5435298e+01 -4.5435297e+01 -4.5435284e+01 -4.5435267e+01 -4.5435239e+01 -4.5435202e+01 -4.5435202e+01 -4.5434520e+01 -4.5434479e+01 -4.5434293e+01 -4.5434291e+01 -4.5434249e+01 -2.1027395e+01 -2.1027154e+01 -2.1023421e+01 -2.1023144e+01 -7.1082723e+00 -7.1080910e+00 -7.0785835e+00 -7.0784449e+00 -6.9031407e+00 -6.9029362e+00 -6.8270569e+00 -6.8268403e+00 -6.6501547e+00 -6.6500646e+00 -6.6213702e+00 -6.6213224e+00 +2.4404748e+00 +2.4419299e+00 +2.5606344e+00 +2.5610525e+00 +2.6474719e+00 +2.6479861e+00 +2.7482049e+00 +2.7487037e+00 
-4.5435510e+01 -4.5435509e+01 -4.5435484e+01 -4.5435480e+01 -4.5435477e+01 -4.5435460e+01 -4.5435345e+01 -4.5435340e+01 -4.5435298e+01 -4.5435297e+01 -4.5435284e+01 -4.5435267e+01 -4.5435252e+01 -4.5435199e+01 -4.5435199e+01 -4.5434520e+01 -4.5434478e+01 -4.5434293e+01 -4.5434293e+01 -4.5434247e+01 -2.1026437e+01 -2.1026215e+01 -2.1024433e+01 -2.1024139e+01 -7.1038873e+00 -7.1037110e+00 -7.0889257e+00 -7.0887743e+00 -6.8844399e+00 -6.8842319e+00 -6.8461862e+00 -6.8459709e+00 -6.6401020e+00 -6.6400189e+00 -6.6256482e+00 -6.6255879e+00 +2.5091075e+00 +2.5098455e+00 +2.5821288e+00 +2.5826002e+00 +2.6257830e+00 +2.6262930e+00 +2.6613750e+00 +2.6615561e+00 
-4.5435509e+01 -4.5435509e+01 -4.5435480e+01 -4.5435480e+01 -4.5435479e+01 -4.5435462e+01 -4.5435345e+01 -4.5435336e+01 -4.5435298e+01 -4.5435298e+01 -4.5435284e+01 -4.5435267e+01 -4.5435257e+01 -4.5435198e+01 -4.5435198e+01 -4.5434520e+01 -4.5434477e+01 -4.5434293e+01 -4.5434293e+01 -4.5434247e+01 -2.1025460e+01 -2.1025460e+01 -2.1025429e+01 -2.1024913e+01 -7.0975962e+00 -7.0972659e+00 -7.0972173e+00 -7.0972173e+00 -6.8654153e+00 -6.8653553e+00 -6.8653553e+00 -6.8649913e+00 -6.6320439e+00 -6.6318987e+00 -6.6317692e+00 -6.6317692e+00 +2.5810286e+00 +2.5814554e+00 +2.5829787e+00 +2.5829787e+00 +2.6033852e+00 +2.6043832e+00 +2.6044629e+00 +2.6044629e+00 
-4.5435510e+01 -4.5435509e+01 -4.5435483e+01 -4.5435481e+01 -4.5435476e+01 -4.5435460e+01 -4.5435345e+01 -4.5435340e+01 -4.5435302e+01 -4.5435293e+01 -4.5435284e+01 -4.5435267e+01 -4.5435252e+01 -4.5435201e+01 -4.5435198e+01 -4.5434520e+01 -4.5434478e+01 -4.5434293e+01 -4.5434293e+01 -4.5434247e+01 -2.1026805e+01 -2.1025407e+01 -2.1025130e+01 -2.1023881e+01 -7.1057250e+00 -7.0976790e+00 -7.0974673e+00 -7.0843506e+00 -6.8927945e+00 -6.8650411e+00 -6.8648890e+00 -6.8380979e+00 -6.6424199e+00 -6.6337140e+00 -6.6335126e+00 -6.6217811e+00 +2.4741556e+00 +2.5799742e+00 +2.5876731e+00 +2.5895439e+00 +2.5968295e+00 +2.5973949e+00 +2.6426895e+00 +2.6905924e+00 
-4.5435511e+01 -4.5435508e+01 -4.5435487e+01 -4.5435485e+01 -4.5435472e+01 -4.5435454e+01 -4.5435350e+01 -4.5435344e+01 -4.5435313e+01 -4.5435284e+01 -4.5435281e+01 -4.5435267e+01 -4.5435241e+01 -4.5435207e+01 -4.5435197e+01 -4.5434520e+01 -4.5434479e+01 -4.5434292e+01 -4.5434292e+01 -4.5434249e+01 -2.1028305e+01 -2.1025250e+01 -2.1024968e+01 -2.1022590e+01 -7.1094951e+00 -7.0984480e+00 -7.0982398e+00 -7.0669655e+00 -6.9204627e+00 -6.8641049e+00 -6.8639524e+00 -6.8114221e+00 -6.6533604e+00 -6.6388606e+00 -6.6386609e+00 -6.6122104e+00 +2.3662749e+00 +2.5695023e+00 +2.5760820e+00 +2.5766107e+00 +2.6041246e+00 +2.6064791e+00 +2.6962303e+00 +2.7997872e+00 
-4.5435512e+01 -4.5435506e+01 -4.5435490e+01 -4.5435489e+01 -4.5435469e+01 -4.5435447e+01 -4.5435360e+01 -4.5435342e+01 -4.5435325e+01 -4.5435285e+01 -4.5435269e+01 -4.5435267e+01 -4.5435229e+01 -4.5435218e+01 -4.5435196e+01 -4.5434519e+01 -4.5434482e+01 -4.5434290e+01 -4.5434290e+01 -4.5434251e+01 -2.1029841e+01 -2.1024992e+01 -2.1024710e+01 -2.1021394e+01 -7.1086951e+00 -7.0998044e+00 -7.0996024e+00 -7.0454204e+00 -6.9480980e+00 -6.8625665e+00 -6.8624133e+00 -6.7854095e+00 -6.6646156e+00 -6.6471692e+00 -6.6469724e+00 -6.6032032e+00 +2.2579757e+00 +2.5427826e+00 +2.5432874e+00 +2.5722565e+00 +2.6191330e+00 +2.6226038e+00 +2.7656827e+00 +2.9094276e+00 
-4.5435515e+01 -4.5435503e+01 -4.5435493e+01 -4.5435493e+01 -4.5435466e+01 -4.5435440e+01 -4.5435371e+01 -4.5435340e+01 -4.5435337e+01 -4.5435286e+01 -4.5435270e+01 -4.5435251e+01 -4.5435232e+01 -4.5435215e+01 -4.5435194e+01 -4.5434518e+01 -4.5434485e+01 -4.5434288e+01 -4.5434287e+01 -4.5434254e+01 -2.1031394e+01 -2.1024640e+01 -2.1024359e+01 -2.1020317e+01 -7.1034953e+00 -7.1018515e+00 -7.1016655e+00 -7.0200479e+00 -6.9755066e+00 -6.8604584e+00 -6.8603042e+00 -6.7602078e+00 -6.6760983e+00 -6.6582487e+00 -6.6580564e+00 -6.5947948e+00 +2.1489780e+00 +2.4986974e+00 +2.4991496e+00 +2.5876861e+00 +2.6040699e+00 +2.6096567e+00 +2.8521434e+00 +3.0186279e+00 
-4.5435517e+01 -4.5435500e+01 -4.5435496e+01 -4.5435496e+01 -4.5435464e+01 -4.5435432e+01 -4.5435381e+01 -4.5435350e+01 -4.5435337e+01 -4.5435287e+01 -4.5435272e+01 -4.5435249e+01 -4.5435235e+01 -4.5435202e+01 -4.5435191e+01 -4.5434517e+01 -4.5434489e+01 -4.5434285e+01 -4.5434284e+01 -4.5434257e+01 -2.1032955e+01 -2.1024200e+01 -2.1023921e+01 -2.1019369e+01 -7.1047625e+00 -7.1045765e+00 -7.0941314e+00 -7.0024908e+00 -6.9912425e+00 -6.8578252e+00 -6.8576697e+00 -6.7359517e+00 -6.6877134e+00 -6.6715769e+00 -6.6713910e+00 -6.5870093e+00 +2.0393419e+00 +2.4458221e+00 +2.4462185e+00 +2.5235101e+00 +2.5314180e+00 +2.6152776e+00 +2.8841837e+00 +2.9569813e+00 
-4.5435521e+01 -4.5435500e+01 -4.5435499e+01 -4.5435494e+01 -4.5435462e+01 -4.5435424e+01 -4.5435391e+01 -4.5435362e+01 -4.5435334e+01 -4.5435289e+01 -4.5435275e+01 -4.5435268e+01 -4.5435218e+01 -4.5435188e+01 -4.5435188e+01 -4.5434516e+01 -4.5434493e+01 -4.5434282e+01 -4.5434280e+01 -4.5434259e+01 -2.1034515e+01 -2.1023683e+01 -2.1023406e+01 -2.1018555e+01 -7.1086824e+00 -7.1085107e+00 -7.0809823e+00 -7.0288501e+00 -6.9594493e+00 -6.8547230e+00 -6.8545661e+00 -6.7127620e+00 -6.6993593e+00 -6.6865278e+00 -6.6863506e+00 -6.5798597e+00 +1.9294811e+00 +2.3853366e+00 +2.3862541e+00 +2.3865941e+00 +2.3945982e+00 +2.6544190e+00 +2.7447380e+00 +3.0818875e+00 
-4.5435524e+01 -4.5435503e+01 -4.5435501e+01 -4.5435490e+01 -4.5435460e+01 -4.5435415e+01 -4.5435400e+01 -4.5435374e+01 -4.5435331e+01 -4.5435296e+01 -4.5435284e+01 -4.5435277e+01 -4.5435201e+01 -4.5435183e+01 -4.5435175e+01 -4.5434515e+01 -4.5434497e+01 -4.5434278e+01 -4.5434276e+01 -4.5434262e+01 -2.1036070e+01 -2.1023100e+01 -2.1022825e+01 -2.1017873e+01 -7.1138086e+00 -7.1136533e+00 -7.0644588e+00 -7.0543842e+00 -6.9251588e+00 -6.8512182e+00 -6.8510597e+00 -6.7109290e+00 -6.7024068e+00 -6.7022409e+00 -6.6907455e+00 -6.5733491e+00 +1.8200775e+00 +2.2221290e+00 +2.2321247e+00 +2.3220220e+00 +2.3223077e+00 +2.6144870e+00 +2.7043750e+00 +3.2289176e+00 
-4.5435527e+01 -4.5435506e+01 -4.5435503e+01 -4.5435485e+01 -4.5435458e+01 -4.5435408e+01 -4.5435407e+01 -4.5435386e+01 -4.5435327e+01 -4.5435313e+01 -4.5435289e+01 -4.5435280e+01 -4.5435184e+01 -4.5435177e+01 -4.5435162e+01 -4.5434513e+01 -4.5434501e+01 -4.5434274e+01 -4.5434271e+01 -4.5434263e+01 -2.1037613e+01 -2.1022464e+01 -2.1022193e+01 -2.1017317e+01 -7.1203092e+00 -7.1201727e+00 -7.0788952e+00 -7.0450494e+00 -6.8889056e+00 -6.8473865e+00 -6.8472261e+00 -6.7223123e+00 -6.7184974e+00 -6.7183458e+00 -6.6699950e+00 -6.5674711e+00 +1.7119610e+00 +2.0532687e+00 +2.0637750e+00 +2.2550064e+00 +2.2552420e+00 +2.4926732e+00 +2.7642400e+00 +3.4005168e+00 
-4.5435530e+01 -4.5435508e+01 -4.5435505e+01 -4.5435479e+01 -4.5435457e+01 -4.5435416e+01 -4.5435399e+01 -4.5435397e+01 -4.5435334e+01 -4.5435324e+01 -4.5435291e+01 -4.5435283e+01 -4.5435170e+01 -4.5435168e+01 -4.5435150e+01 -4.5434512e+01 -4.5434504e+01 -4.5434270e+01 -4.5434266e+01 -4.5434264e+01 -2.1039135e+01 -2.1021791e+01 -2.1021523e+01 -2.1016877e+01 -7.1282999e+00 -7.1281838e+00 -7.1021901e+00 -7.0232974e+00 -6.8512693e+00 -6.8433110e+00 -6.8431488e+00 -6.7341264e+00 -6.7339814e+00 -6.7333862e+00 -6.6505892e+00 -6.5622109e+00 +1.6060105e+00 +1.8875317e+00 +1.8984547e+00 +2.1869087e+00 +2.1870995e+00 +2.3787955e+00 +2.8328935e+00 +3.4973163e+00 
-4.5435533e+01 -4.5435510e+01 -4.5435507e+01 -4.5435474e+01 -4.5435456e+01 -4.5435424e+01 -4.5435407e+01 -4.5435392e+01 -4.5435354e+01 -4.5435320e+01 -4.5435293e+01 -4.5435286e+01 -4.5435162e+01 -4.5435152e+01 -4.5435139e+01 -4.5434511e+01 -4.5434507e+01 -4.5434266e+01 -4.5434263e+01 -4.5434262e+01 -2.1040625e+01 -2.1021095e+01 -2.1020831e+01 -2.1016542e+01 -7.1378021e+00 -7.1377077e+00 -7.1240846e+00 -6.9997931e+00 -6.8390813e+00 -6.8389171e+00 -6.8128746e+00 -6.7486755e+00 -6.7485542e+00 -6.7440635e+00 -6.6325936e+00 -6.5575465e+00 +1.5031045e+00 +1.7292847e+00 +1.7405605e+00 +2.1192475e+00 +2.1193991e+00 +2.2726653e+00 +2.9089620e+00 +3.5635987e+00 
-4.5435535e+01 -4.5435512e+01 -4.5435509e+01 -4.5435469e+01 -4.5435455e+01 -4.5435431e+01 -4.5435417e+01 -4.5435385e+01 -4.5435374e+01 -4.5435317e+01 -4.5435295e+01 -4.5435289e+01 -4.5435153e+01 -4.5435137e+01 -4.5435128e+01 -4.5434510e+01 -4.5434509e+01 -4.5434262e+01 -4.5434262e+01 -4.5434257e+01 -2.1042069e+01 -2.1020394e+01 -2.1020133e+01 -2.1016298e+01 -7.1487076e+00 -7.1486346e+00 -7.1444070e+00 -6.9751650e+00 -6.8347908e+00 -6.8346246e+00 -6.7743891e+00 -6.7617149e+00 -6.7616111e+00 -6.7542122e+00 -6.6160612e+00 -6.5534504e+00 +1.4041161e+00 +1.5810356e+00 +1.5925979e+00 +2.0533678e+00 +2.0534860e+00 +2.1743700e+00 +2.9907901e+00 +3.6151928e+00 
-4.5435537e+01 -4.5435514e+01 -4.5435511e+01 -4.5435465e+01 -4.5435454e+01 -4.5435437e+01 -4.5435426e+01 -4.5435392e+01 -4.5435379e+01 -4.5435315e+01 -4.5435297e+01 -4.5435292e+01 -4.5435142e+01 -4.5435123e+01 -4.5435118e+01 -4.5434510e+01 -4.5434510e+01 -4.5434260e+01 -4.5434258e+01 -4.5434252e+01 -2.1043450e+01 -2.1019704e+01 -2.1019447e+01 -2.1016131e+01 -7.1630031e+00 -7.1607585e+00 -7.1607057e+00 -6.9500705e+00 -6.8305352e+00 -6.8303670e+00 -6.7729612e+00 -6.7728782e+00 -6.7637314e+00 -6.7365095e+00 -6.6010335e+00 -6.5498907e+00 +1.3099323e+00 +1.4443939e+00 +1.4561578e+00 +1.9904551e+00 +1.9905453e+00 +2.0841887e+00 +3.0764257e+00 +3.6512089e+00 
-4.5435538e+01 -4.5435516e+01 -4.5435513e+01 -4.5435461e+01 -4.5435454e+01 -4.5435443e+01 -4.5435434e+01 -4.5435408e+01 -4.5435374e+01 -4.5435312e+01 -4.5435298e+01 -4.5435295e+01 -4.5435131e+01 -4.5435111e+01 -4.5435109e+01 -4.5434512e+01 -4.5434510e+01 -4.5434257e+01 -4.5434255e+01 -4.5434249e+01 -2.1044751e+01 -2.1019042e+01 -2.1018789e+01 -2.1016028e+01 -7.1797413e+00 -7.1735549e+00 -7.1735199e+00 -6.9251846e+00 -6.8264104e+00 -6.8262403e+00 -6.7823137e+00 -6.7822476e+00 -6.7725209e+00 -6.6999682e+00 -6.5875422e+00 -6.5468326e+00 +1.2214736e+00 +1.3204753e+00 +1.3323208e+00 +1.9315480e+00 +1.9316152e+00 +2.0024957e+00 +3.1636263e+00 +3.6719330e+00 
-4.5435540e+01 -4.5435517e+01 -4.5435515e+01 -4.5435459e+01 -4.5435454e+01 -4.5435448e+01 -4.5435441e+01 -4.5435422e+01 -4.5435370e+01 -4.5435311e+01 -4.5435300e+01 -4.5435298e+01 -4.5435119e+01 -4.5435101e+01 -4.5435101e+01 -4.5434512e+01 -4.5434510e+01 -4.5434253e+01 -4.5434251e+01 -4.5434245e+01 -2.1045954e+01 -2.1018423e+01 -2.1018174e+01 -2.1015973e+01 -7.1945187e+00 -7.1865884e+00 -7.1865677e+00 -6.9011861e+00 -6.8225102e+00 -6.8223382e+00 -6.7898245e+00 -6.7897739e+00 -6.7804887e+00 -6.6654973e+00 -6.5756102e+00 -6.5442406e+00 +1.1396920e+00 +1.2101043e+00 +1.2218479e+00 +1.8775506e+00 +1.8775992e+00 +1.9296777e+00 +3.2498909e+00 +3.6789448e+00 
-4.5435541e+01 -4.5435519e+01 -4.5435517e+01 -4.5435456e+01 -4.5435454e+01 -4.5435452e+01 -4.5435447e+01 -4.5435434e+01 -4.5435367e+01 -4.5435309e+01 -4.5435302e+01 -4.5435301e+01 -4.5435108e+01 -4.5435094e+01 -4.5435093e+01 -4.5434513e+01 -4.5434510e+01 -4.5434250e+01 -4.5434249e+01 -4.5434243e+01 -2.1047039e+01 -2.1017861e+01 -2.1017619e+01 -2.1015953e+01 -7.2072662e+00 -7.1992928e+00 -7.1992828e+00 -6.8787424e+00 -6.8189238e+00 -6.8187501e+00 -6.7956561e+00 -6.7956189e+00 -6.7875526e+00 -6.6338233e+00 -6.5652534e+00 -6.5420791e+00 +1.0655328e+00 +1.1139483e+00 +1.1252861e+00 +1.8292412e+00 +1.8292751e+00 +1.8660771e+00 +3.3325233e+00 +3.6749548e+00 
-4.5435541e+01 -4.5435521e+01 -4.5435519e+01 -4.5435456e+01 -4.5435455e+01 -4.5435454e+01 -4.5435453e+01 -4.5435444e+01 -4.5435365e+01 -4.5435308e+01 -4.5435303e+01 -4.5435303e+01 -4.5435098e+01 -4.5435088e+01 -4.5435086e+01 -4.5434513e+01 -4.5434511e+01 -4.5434247e+01 -4.5434246e+01 -4.5434241e+01 -2.1047991e+01 -2.1017370e+01 -2.1017138e+01 -2.1015954e+01 -7.2179525e+00 -7.2111000e+00 -7.2110968e+00 -6.8584908e+00 -6.8157341e+00 -6.8155589e+00 -6.8000335e+00 -6.8000073e+00 -6.7936416e+00 -6.6056424e+00 -6.5564821e+00 -6.5403145e+00 +9.9985014e-01 +1.0326347e+00 +1.0430337e+00 +1.7872806e+00 +1.7873030e+00 +1.8119627e+00 +3.4087285e+00 +3.6633977e+00 
-4.5435542e+01 -4.5435522e+01 -4.5435521e+01 -4.5435460e+01 -4.5435457e+01 -4.5435454e+01 -4.5435454e+01 -4.5435452e+01 -4.5435364e+01 -4.5435308e+01 -4.5435305e+01 -4.5435305e+01 -4.5435089e+01 -4.5435084e+01 -4.5435081e+01 -4.5434513e+01 -4.5434512e+01 -4.5434244e+01 -4.5434244e+01 -4.5434241e+01 -2.1048793e+01 -2.1016959e+01 -2.1016744e+01 -2.1015961e+01 -7.2265836e+00 -7.2214878e+00 -7.2214874e+00 -6.8410194e+00 -6.8130153e+00 -6.8128389e+00 -6.8032019e+00 -6.8031842e+00 -6.7986970e+00 -6.5815979e+00 -6.5493022e+00 -6.5389163e+00 +9.4334811e-01 +9.6680453e-01 +9.7538415e-01 +1.7522179e+00 +1.7522317e+00 +1.7675249e+00 +3.4757405e+00 +3.6479301e+00 
-4.5435542e+01 -4.5435524e+01 -4.5435523e+01 -4.5435462e+01 -4.5435461e+01 -4.5435458e+01 -4.5435454e+01 -4.5435454e+01 -4.5435364e+01 -4.5435308e+01 -4.5435306e+01 -4.5435306e+01 -4.5435083e+01 -4.5435080e+01 -4.5435078e+01 -4.5434514e+01 -4.5434513e+01 -4.5434243e+01 -4.5434243e+01 -4.5434240e+01 -2.1049432e+01 -2.1016636e+01 -2.1016456e+01 -2.1015954e+01 -7.2331981e+00 -7.2300152e+00 -7.2300137e+00 -6.8268462e+00 -6.8108312e+00 -6.8106537e+00 -6.8053944e+00 -6.8053823e+00 -6.8026724e+00 -6.5622569e+00 -6.5437168e+00 -6.5378579e+00 +8.9690537e-01 +9.1676041e-01 +9.2255536e-01 +1.7244957e+00 +1.7245032e+00 +1.7328844e+00 +3.5309753e+00 +3.6302407e+00 
-4.5435542e+01 -4.5435524e+01 -4.5435524e+01 -4.5435464e+01 -4.5435464e+01 -4.5435463e+01 -4.5435454e+01 -4.5435454e+01 -4.5435363e+01 -4.5435308e+01 -4.5435307e+01 -4.5435307e+01 -4.5435078e+01 -4.5435077e+01 -4.5435076e+01 -4.5434514e+01 -4.5434513e+01 -4.5434242e+01 -4.5434241e+01 -4.5434240e+01 -2.1049896e+01 -2.1016403e+01 -2.1016291e+01 -2.1015911e+01 -7.2378551e+00 -7.2363385e+00 -7.2363374e+00 -6.8163995e+00 -6.8092331e+00 -6.8090549e+00 -6.8068111e+00 -6.8068002e+00 -6.8055322e+00 -6.5480881e+00 -6.5397271e+00 -6.5371178e+00 +8.6213234e-01 +8.8187058e-01 +8.8470787e-01 +1.7044540e+00 +1.7044572e+00 +1.7081102e+00 +3.5721940e+00 +3.6169217e+00 
-4.5435543e+01 -4.5435525e+01 -4.5435525e+01 -4.5435465e+01 -4.5435465e+01 -4.5435465e+01 -4.5435454e+01 -4.5435454e+01 -4.5435363e+01 -4.5435308e+01 -4.5435308e+01 -4.5435308e+01 -4.5435076e+01 -4.5435075e+01 -4.5435075e+01 -4.5434514e+01 -4.5434514e+01 -4.5434241e+01 -4.5434241e+01 -4.5434241e+01 -2.1050178e+01 -2.1016263e+01 -2.1016230e+01 -2.1015850e+01 -7.2406171e+00 -7.2402225e+00 -7.2402222e+00 -6.8100012e+00 -6.8082589e+00 -6.8080801e+00 -6.8076135e+00 -6.8075864e+00 -6.8072422e+00 -6.5394420e+00 -6.5373334e+00 -6.5366802e+00 +8.4068357e-01 +8.6121613e-01 +8.6195425e-01 +1.6923333e+00 +1.6923341e+00 +1.6932364e+00 +3.5976608e+00 +3.6089363e+00 
-4.5435543e+01 -4.5435525e+01 -4.5435525e+01 -4.5435466e+01 -4.5435466e+01 -4.5435466e+01 -4.5435454e+01 -4.5435454e+01 -4.5435363e+01 -4.5435308e+01 -4.5435308e+01 -4.5435308e+01 -4.5435075e+01 -4.5435075e+01 -4.5435075e+01 -4.5434514e+01 -4.5434514e+01 -4.5434241e+01 -4.5434241e+01 -4.5434241e+01 -2.1050272e+01 -2.1016217e+01 -2.1016217e+01 -2.1015823e+01 -7.2415319e+00 -7.2415318e+00 -7.2415318e+00 -6.8079315e+00 -6.8079315e+00 -6.8079315e+00 -6.8077526e+00 -6.8077526e+00 -6.8077526e+00 -6.5365355e+00 -6.5365355e+00 -6.5365355e+00 +8.3345136e-01 +8.5436215e-01 +8.5436216e-01 +1.6882772e+00 +1.6882772e+00 +1.6882773e+00 +3.6062755e+00 +3.6062755e+00 
-4.5435543e+01 -4.5435525e+01 -4.5435525e+01 -4.5435465e+01 -4.5435465e+01 -4.5435465e+01 -4.5435454e+01 -4.5435454e+01 -4.5435363e+01 -4.5435308e+01 -4.5435308e+01 -4.5435308e+01 -4.5435076e+01 -4.5435075e+01 -4.5435075e+01 -4.5434514e+01 -4.5434514e+01 -4.5434241e+01 -4.5434241e+01 -4.5434241e+01 -2.1050180e+01 -2.1016245e+01 -2.1016245e+01 -2.1015851e+01 -7.2403802e+00 -7.2403802e+00 -7.2403799e+00 -6.8090622e+00 -6.8090621e+00 -6.8089253e+00 -6.8073231e+00 -6.8071852e+00 -6.8071852e+00 -6.5395937e+00 -6.5368896e+00 -6.5368895e+00 +8.4054258e-01 +8.6142406e-01 +8.6142406e-01 +1.6925398e+00 +1.6925406e+00 +1.6925407e+00 +3.5979878e+00 +3.6090414e+00 
-4.5435542e+01 -4.5435524e+01 -4.5435524e+01 -4.5435464e+01 -4.5435463e+01 -4.5435463e+01 -4.5435454e+01 -4.5435454e+01 -4.5435363e+01 -4.5435308e+01 -4.5435307e+01 -4.5435307e+01 -4.5435078e+01 -4.5435077e+01 -4.5435077e+01 -4.5434514e+01 -4.5434514e+01 -4.5434242e+01 -4.5434242e+01 -4.5434240e+01 -2.1049904e+01 -2.1016331e+01 -2.1016331e+01 -2.1015937e+01 -7.2369589e+00 -7.2369589e+00 -7.2369578e+00 -6.8125147e+00 -6.8125147e+00 -6.8123815e+00 -6.8055038e+00 -6.8053667e+00 -6.8053667e+00 -6.5487077e+00 -6.5379461e+00 -6.5379461e+00 +8.6176543e-01 +8.8255779e-01 +8.8255780e-01 +1.7052843e+00 +1.7052890e+00 +1.7052891e+00 +3.5731498e+00 +3.6172311e+00 
-4.5435542e+01 -4.5435523e+01 -4.5435523e+01 -4.5435462e+01 -4.5435460e+01 -4.5435460e+01 -4.5435454e+01 -4.5435454e+01 -4.5435364e+01 -4.5435308e+01 -4.5435306e+01 -4.5435306e+01 -4.5435081e+01 -4.5435080e+01 -4.5435080e+01 -4.5434513e+01 -4.5434513e+01 -4.5434243e+01 -4.5434243e+01 -4.5434240e+01 -2.1049451e+01 -2.1016475e+01 -2.1016475e+01 -2.1016081e+01 -7.2313758e+00 -7.2313758e+00 -7.2313741e+00 -6.8180645e+00 -6.8180645e+00 -6.8179333e+00 -6.8024922e+00 -6.8023529e+00 -6.8023529e+00 -6.5636977e+00 -6.5396886e+00 -6.5396886e+00 +8.9696702e-01 +9.1760674e-01 +9.1760674e-01 +1.7263780e+00 +1.7263934e+00 +1.7263935e+00 +3.5318506e+00 +3.6305059e+00 
-4.5435542e+01 -4.5435522e+01 -4.5435522e+01 -4.5435458e+01 -4.5435456e+01 -4.5435456e+01 -4.5435454e+01 -4.5435454e+01 -4.5435364e+01 -4.5435308e+01 -4.5435305e+01 -4.5435305e+01 -4.5435086e+01 -4.5435084e+01 -4.5435084e+01 -4.5434513e+01 -4.5434513e+01 -4.5434244e+01 -4.5434244e+01 -4.5434240e+01 -2.1048827e+01 -2.1016680e+01 -2.1016680e+01 -2.1016285e+01 -7.2238323e+00 -7.2238322e+00 -7.2238313e+00 -6.8253892e+00 -6.8253892e+00 -6.8252594e+00 -6.7983204e+00 -6.7981778e+00 -6.7981778e+00 -6.5842711e+00 -6.5420896e+00 -6.5420896e+00 +9.4588894e-01 +9.6630572e-01 +9.6630572e-01 +1.7555865e+00 +1.7556263e+00 +1.7556263e+00 +3.4742821e+00 +3.6482540e+00 
-4.5435541e+01 -4.5435520e+01 -4.5435520e+01 -4.5435455e+01 -4.5435455e+01 -4.5435454e+01 -4.5435450e+01 -4.5435450e+01 -4.5435366e+01 -4.5435308e+01 -4.5435303e+01 -4.5435303e+01 -4.5435092e+01 -4.5435089e+01 -4.5435089e+01 -4.5434512e+01 -4.5434512e+01 -4.5434247e+01 -4.5434247e+01 -4.5434241e+01 -2.1048046e+01 -2.1016945e+01 -2.1016945e+01 -2.1016551e+01 -7.2146551e+00 -7.2146529e+00 -7.2146529e+00 -6.8340215e+00 -6.8340214e+00 -6.8338915e+00 -6.7930359e+00 -6.7928892e+00 -6.7928891e+00 -6.6100329e+00 -6.5451117e+00 -6.5451116e+00 +1.0081560e+00 +1.0282687e+00 +1.0282687e+00 +1.7925510e+00 +1.7926401e+00 +1.7926401e+00 +3.4007980e+00 +3.6695170e+00 
-4.5435541e+01 -4.5435519e+01 -4.5435519e+01 -4.5435455e+01 -4.5435455e+01 -4.5435449e+01 -4.5435443e+01 -4.5435443e+01 -4.5435368e+01 -4.5435309e+01 -4.5435301e+01 -4.5435301e+01 -4.5435100e+01 -4.5435097e+01 -4.5435097e+01 -4.5434512e+01 -4.5434512e+01 -4.5434250e+01 -4.5434250e+01 -4.5434242e+01 -2.1047120e+01 -2.1017272e+01 -2.1017272e+01 -2.1016877e+01 -7.2043312e+00 -7.2043218e+00 -7.2043218e+00 -6.8433273e+00 -6.8433273e+00 -6.8431947e+00 -6.7867024e+00 -6.7865507e+00 -6.7865506e+00 -6.6404987e+00 -6.5487076e+00 -6.5487076e+00 +1.0832476e+00 +1.1029585e+00 +1.1029585e+00 +1.8367514e+00 +1.8369313e+00 +1.8369313e+00 +3.3119836e+00 +3.6928875e+00 
-4.5435540e+01 -4.5435517e+01 -4.5435517e+01 -4.5435456e+01 -4.5435456e+01 -4.5435443e+01 -4.5435434e+01 -4.5435434e+01 -4.5435371e+01 -4.5435310e+01 -4.5435300e+01 -4.5435300e+01 -4.5435108e+01 -4.5435105e+01 -4.5435105e+01 -4.5434511e+01 -4.5434511e+01 -4.5434253e+01 -4.5434253e+01 -4.5434244e+01 -2.1046065e+01 -2.1017658e+01 -2.1017658e+01 -2.1017262e+01 -7.1935420e+00 -7.1935202e+00 -7.1935201e+00 -6.8524833e+00 -6.8524833e+00 -6.8523439e+00 -6.7793999e+00 -6.7792425e+00 -6.7792425e+00 -6.6751097e+00 -6.5528219e+00 -6.5528219e+00 +1.1704359e+00 +1.1896216e+00 +1.1896216e+00 +1.8874477e+00 +1.8877855e+00 +1.8877855e+00 +3.2087240e+00 +3.7163966e+00 
-4.5435539e+01 -4.5435516e+01 -4.5435516e+01 -4.5435458e+01 -4.5435458e+01 -4.5435436e+01 -4.5435424e+01 -4.5435424e+01 -4.5435376e+01 -4.5435311e+01 -4.5435298e+01 -4.5435298e+01 -4.5435117e+01 -4.5435115e+01 -4.5435115e+01 -4.5434511e+01 -4.5434511e+01 -4.5434257e+01 -4.5434257e+01 -4.5434246e+01 -2.1044900e+01 -2.1018099e+01 -2.1018099e+01 -2.1017702e+01 -7.1831903e+00 -7.1831497e+00 -7.1831496e+00 -6.8604630e+00 -6.8604629e+00 -6.8603116e+00 -6.7712243e+00 -6.7710609e+00 -6.7710608e+00 -6.7132490e+00 -6.5573912e+00 -6.5573912e+00 +1.2686620e+00 +1.2871593e+00 +1.2871593e+00 +1.9435999e+00 +1.9442023e+00 +1.9442023e+00 +3.0922602e+00 +3.7374528e+00 
-4.5435538e+01 -4.5435515e+01 -4.5435515e+01 -4.5435460e+01 -4.5435460e+01 -4.5435427e+01 -4.5435412e+01 -4.5435412e+01 -4.5435381e+01 -4.5435313e+01 -4.5435296e+01 -4.5435296e+01 -4.5435126e+01 -4.5435126e+01 -4.5435126e+01 -4.5434510e+01 -4.5434510e+01 -4.5434261e+01 -4.5434261e+01 -4.5434248e+01 -2.1043643e+01 -2.1018590e+01 -2.1018590e+01 -2.1018192e+01 -7.1743758e+00 -7.1743099e+00 -7.1743098e+00 -6.8660673e+00 -6.8660673e+00 -6.8658985e+00 -6.7622865e+00 -6.7621165e+00 -6.7621164e+00 -6.7542579e+00 -6.5623459e+00 -6.5623459e+00 +1.3762946e+00 +1.3938760e+00 +1.3938760e+00 +2.0037800e+00 +2.0048162e+00 +2.0048162e+00 +2.9642197e+00 +3.7529615e+00 
-4.5435536e+01 -4.5435514e+01 -4.5435514e+01 -4.5435463e+01 -4.5435463e+01 -4.5435418e+01 -4.5435400e+01 -4.5435400e+01 -4.5435389e+01 -4.5435314e+01 -4.5435294e+01 -4.5435294e+01 -4.5435136e+01 -4.5435136e+01 -4.5435135e+01 -4.5434510e+01 -4.5434510e+01 -4.5434264e+01 -4.5434264e+01 -4.5434251e+01 -2.1042312e+01 -2.1019124e+01 -2.1019124e+01 -2.1018724e+01 -7.1682715e+00 -7.1681750e+00 -7.1681750e+00 -6.8680527e+00 -6.8680527e+00 -6.8678616e+00 -6.7974515e+00 -6.7527104e+00 -6.7525333e+00 -6.7525333e+00 -6.5676109e+00 -6.5676108e+00 +1.4906518e+00 +1.5069839e+00 +1.5069839e+00 +2.0661637e+00 +2.0679040e+00 +2.0679040e+00 +2.8266130e+00 +3.7597926e+00 
-4.5435535e+01 -4.5435514e+01 -4.5435514e+01 -4.5435466e+01 -4.5435466e+01 -4.5435408e+01 -4.5435397e+01 -4.5435386e+01 -4.5435386e+01 -4.5435315e+01 -4.5435293e+01 -4.5435293e+01 -4.5435147e+01 -4.5435147e+01 -4.5435144e+01 -4.5434509e+01 -4.5434509e+01 -4.5434268e+01 -4.5434268e+01 -4.5434254e+01 -2.1040929e+01 -2.1019693e+01 -2.1019693e+01 -2.1019291e+01 -7.1658677e+00 -7.1657387e+00 -7.1657386e+00 -6.8653891e+00 -6.8653891e+00 -6.8651746e+00 -6.8421327e+00 -6.7426311e+00 -6.7424466e+00 -6.7424466e+00 -6.5731071e+00 -6.5731070e+00 +1.6070364e+00 +1.6216131e+00 +1.6216132e+00 +2.1289099e+00 +2.1317837e+00 +2.1317837e+00 +2.6817925e+00 +3.7556196e+00 
-4.5435533e+01 -4.5435513e+01 -4.5435513e+01 -4.5435470e+01 -4.5435470e+01 -4.5435407e+01 -4.5435396e+01 -4.5435371e+01 -4.5435371e+01 -4.5435316e+01 -4.5435292e+01 -4.5435292e+01 -4.5435158e+01 -4.5435158e+01 -4.5435152e+01 -4.5434508e+01 -4.5434508e+01 -4.5434271e+01 -4.5434271e+01 -4.5434256e+01 -2.1039512e+01 -2.1020288e+01 -2.1020288e+01 -2.1019884e+01 -7.1676644e+00 -7.1675047e+00 -7.1675047e+00 -6.8876116e+00 -6.8575715e+00 -6.8575715e+00 -6.8573313e+00 -6.7321929e+00 -6.7320008e+00 -6.7320007e+00 -6.5787526e+00 -6.5787526e+00 +1.7168584e+00 +1.7289401e+00 +1.7289401e+00 +2.1916993e+00 +2.1963386e+00 +2.1963386e+00 +2.5323744e+00 +3.7397597e+00 
-4.5435531e+01 -4.5435513e+01 -4.5435513e+01 -4.5435474e+01 -4.5435474e+01 -4.5435417e+01 -4.5435384e+01 -4.5435356e+01 -4.5435356e+01 -4.5435316e+01 -4.5435291e+01 -4.5435291e+01 -4.5435168e+01 -4.5435168e+01 -4.5435160e+01 -4.5434506e+01 -4.5434506e+01 -4.5434273e+01 -4.5434273e+01 -4.5434258e+01 -2.1038081e+01 -2.1020901e+01 -2.1020901e+01 -2.1020495e+01 -7.1735106e+00 -7.1733252e+00 -7.1733252e+00 -6.9331997e+00 -6.8447833e+00 -6.8447833e+00 -6.8445251e+00 -6.7215471e+00 -6.7213472e+00 -6.7213472e+00 -6.5844642e+00 -6.5844641e+00 +1.8051168e+00 +1.8139067e+00 +1.8139067e+00 +2.2590635e+00 +2.2661024e+00 +2.2661024e+00 +2.3811354e+00 +3.7134091e+00 
-4.5435529e+01 -4.5435514e+01 -4.5435514e+01 -4.5435479e+01 -4.5435479e+01 -4.5435428e+01 -4.5435370e+01 -4.5435340e+01 -4.5435340e+01 -4.5435315e+01 -4.5435290e+01 -4.5435290e+01 -4.5435177e+01 -4.5435177e+01 -4.5435166e+01 -4.5434505e+01 -4.5434505e+01 -4.5434275e+01 -4.5434275e+01 -4.5434259e+01 -2.1036656e+01 -2.1021522e+01 -2.1021522e+01 -2.1021114e+01 -7.1827151e+00 -7.1825101e+00 -7.1825101e+00 -6.9782431e+00 -6.8277878e+00 -6.8277878e+00 -6.8275159e+00 -6.7108500e+00 -6.7106421e+00 -6.7106421e+00 -6.5901581e+00 -6.5901580e+00 +1.8524379e+00 +1.8578795e+00 +1.8578795e+00 +2.2308487e+00 +2.3412981e+00 +2.3505246e+00 +2.3505246e+00 +3.6790946e+00 
-4.5435527e+01 -4.5435514e+01 -4.5435514e+01 -4.5435483e+01 -4.5435483e+01 -4.5435440e+01 -4.5435357e+01 -4.5435324e+01 -4.5435324e+01 -4.5435314e+01 -4.5435290e+01 -4.5435290e+01 -4.5435185e+01 -4.5435185e+01 -4.5435172e+01 -4.5434503e+01 -4.5434503e+01 -4.5434275e+01 -4.5434275e+01 -4.5434260e+01 -2.1035256e+01 -2.1022141e+01 -2.1022141e+01 -2.1021731e+01 -7.1943202e+00 -7.1941018e+00 -7.1941017e+00 -7.0221142e+00 -6.8076538e+00 -6.8076538e+00 -6.8073727e+00 -6.7002599e+00 -6.7000442e+00 -6.7000441e+00 -6.5957517e+00 -6.5957516e+00 +1.8490863e+00 +1.8522502e+00 +1.8522502e+00 +2.0842864e+00 +2.4441908e+00 +2.4542924e+00 +2.4542924e+00 +3.6398001e+00 
-4.5435525e+01 -4.5435515e+01 -4.5435515e+01 -4.5435488e+01 -4.5435488e+01 -4.5435452e+01 -4.5435343e+01 -4.5435312e+01 -4.5435309e+01 -4.5435309e+01 -4.5435290e+01 -4.5435290e+01 -4.5435191e+01 -4.5435191e+01 -4.5435177e+01 -4.5434500e+01 -4.5434500e+01 -4.5434276e+01 -4.5434276e+01 -4.5434261e+01 -2.1033898e+01 -2.1022751e+01 -2.1022751e+01 -2.1022338e+01 -7.2073473e+00 -7.2071204e+00 -7.2071204e+00 -7.0642234e+00 -6.7855098e+00 -6.7855098e+00 -6.7852229e+00 -6.6899356e+00 -6.6897120e+00 -6.6897120e+00 -6.6011644e+00 -6.6011644e+00 +1.8035283e+00 +1.8055537e+00 +1.8055537e+00 +1.9439283e+00 +2.5618119e+00 +2.5714423e+00 +2.5714423e+00 +3.5983011e+00 
-4.5435523e+01 -4.5435516e+01 -4.5435516e+01 -4.5435493e+01 -4.5435493e+01 -4.5435464e+01 -4.5435329e+01 -4.5435309e+01 -4.5435296e+01 -4.5435296e+01 -4.5435290e+01 -4.5435290e+01 -4.5435197e+01 -4.5435197e+01 -4.5435181e+01 -4.5434498e+01 -4.5434498e+01 -4.5434275e+01 -4.5434275e+01 -4.5434261e+01 -2.1032602e+01 -2.1023341e+01 -2.1023341e+01 -2.1022926e+01 -7.2209289e+00 -7.2206976e+00 -7.2206976e+00 -7.1040233e+00 -6.7624101e+00 -6.7624101e+00 -6.7621198e+00 -6.6800330e+00 -6.6798020e+00 -6.6798020e+00 -6.6063191e+00 -6.6063190e+00 +1.7316467e+00 +1.7331513e+00 +1.7331513e+00 +1.8120088e+00 +2.6845298e+00 +2.6930173e+00 +2.6930173e+00 +3.5568617e+00 
-4.5435521e+01 -4.5435517e+01 -4.5435517e+01 -4.5435498e+01 -4.5435498e+01 -4.5435475e+01 -4.5435318e+01 -4.5435304e+01 -4.5435293e+01 -4.5435293e+01 -4.5435282e+01 -4.5435282e+01 -4.5435201e+01 -4.5435201e+01 -4.5435184e+01 -4.5434496e+01 -4.5434496e+01 -4.5434274e+01 -4.5434274e+01 -4.5434261e+01 -2.1031386e+01 -2.1023904e+01 -2.1023904e+01 -2.1023485e+01 -7.2343509e+00 -7.2341183e+00 -7.2341183e+00 -7.1410123e+00 -6.7392909e+00 -6.7392909e+00 -6.7389986e+00 -6.6707037e+00 -6.6704654e+00 -6.6704654e+00 -6.6111427e+00 -6.6111427e+00 +1.6471297e+00 +1.6483799e+00 +1.6483799e+00 +1.6904187e+00 +2.8053207e+00 +2.8124944e+00 +2.8124944e+00 +3.5171915e+00 
-4.5435520e+01 -4.5435518e+01 -4.5435518e+01 -4.5435502e+01 -4.5435502e+01 -4.5435485e+01 -4.5435310e+01 -4.5435296e+01 -4.5435294e+01 -4.5435294e+01 -4.5435272e+01 -4.5435272e+01 -4.5435203e+01 -4.5435203e+01 -4.5435187e+01 -4.5434494e+01 -4.5434494e+01 -4.5434273e+01 -4.5434273e+01 -4.5434262e+01 -2.1030266e+01 -2.1024429e+01 -2.1024429e+01 -2.1024008e+01 -7.2470500e+00 -7.2468185e+00 -7.2468185e+00 -7.1747370e+00 -6.7169698e+00 -6.7169698e+00 -6.7166766e+00 -6.6620912e+00 -6.6618464e+00 -6.6618464e+00 -6.6155676e+00 -6.6155676e+00 +1.5596094e+00 +1.5607192e+00 +1.5607192e+00 +1.5806900e+00 +2.9198547e+00 +2.9257910e+00 +2.9257910e+00 +3.4805204e+00 
-4.5435519e+01 -4.5435518e+01 -4.5435518e+01 -4.5435506e+01 -4.5435506e+01 -4.5435494e+01 -4.5435305e+01 -4.5435295e+01 -4.5435295e+01 -4.5435286e+01 -4.5435264e+01 -4.5435264e+01 -4.5435203e+01 -4.5435203e+01 -4.5435189e+01 -4.5434492e+01 -4.5434492e+01 -4.5434271e+01 -4.5434271e+01 -4.5434262e+01 -2.1029258e+01 -2.1024910e+01 -2.1024910e+01 -2.1024485e+01 -7.2585974e+00 -7.2583689e+00 -7.2583689e+00 -7.2047938e+00 -6.6961584e+00 -6.6961584e+00 -6.6958648e+00 -6.6543297e+00 -6.6540789e+00 -6.6540789e+00 -6.6195323e+00 -6.6195323e+00 +1.4755103e+00 +1.4765382e+00 +1.4765382e+00 +1.4840097e+00 +3.0252514e+00 +3.0301217e+00 +3.0301217e+00 +3.4477039e+00 
-4.5435519e+01 -4.5435519e+01 -4.5435518e+01 -4.5435509e+01 -4.5435509e+01 -4.5435503e+01 -4.5435302e+01 -4.5435296e+01 -4.5435296e+01 -4.5435276e+01 -4.5435259e+01 -4.5435259e+01 -4.5435202e+01 -4.5435202e+01 -4.5435191e+01 -4.5434491e+01 -4.5434491e+01 -4.5434270e+01 -4.5434270e+01 -4.5434263e+01 -2.1028380e+01 -2.1025337e+01 -2.1025337e+01 -2.1024907e+01 -7.2686812e+00 -7.2684568e+00 -7.2684568e+00 -7.2308304e+00 -6.6774730e+00 -6.6774729e+00 -6.6771793e+00 -6.6475409e+00 -6.6472849e+00 -6.6472849e+00 -6.6229821e+00 -6.6229821e+00 +1.3990915e+00 +1.4001113e+00 +1.4001113e+00 +1.4012835e+00 +3.1192224e+00 +3.1232183e+00 +3.1232183e+00 +3.4193214e+00 
-4.5435520e+01 -4.5435520e+01 -4.5435518e+01 -4.5435512e+01 -4.5435512e+01 -4.5435510e+01 -4.5435299e+01 -4.5435298e+01 -4.5435298e+01 -4.5435268e+01 -4.5435256e+01 -4.5435256e+01 -4.5435200e+01 -4.5435200e+01 -4.5435193e+01 -4.5434490e+01 -4.5434490e+01 -4.5434268e+01 -4.5434268e+01 -4.5434263e+01 -2.1027645e+01 -2.1025703e+01 -2.1025703e+01 -2.1025264e+01 -7.2770896e+00 -7.2768696e+00 -7.2768696e+00 -7.2525466e+00 -6.6614408e+00 -6.6614408e+00 -6.6611473e+00 -6.6418321e+00 -6.6415719e+00 -6.6415719e+00 -6.6258698e+00 -6.6258698e+00 +1.3327040e+00 +1.3337004e+00 +1.3343688e+00 +1.3343688e+00 +3.1996907e+00 +3.2029930e+00 +3.2029930e+00 +3.3957559e+00 
-4.5435521e+01 -4.5435521e+01 -4.5435517e+01 -4.5435515e+01 -4.5435514e+01 -4.5435514e+01 -4.5435299e+01 -4.5435299e+01 -4.5435296e+01 -4.5435262e+01 -4.5435255e+01 -4.5435255e+01 -4.5435198e+01 -4.5435198e+01 -4.5435194e+01 -4.5434489e+01 -4.5434489e+01 -4.5434267e+01 -4.5434267e+01 -4.5434264e+01 -2.1027069e+01 -2.1025998e+01 -2.1025998e+01 -2.1025545e+01 -7.2836939e+00 -7.2834780e+00 -7.2834780e+00 -7.2696950e+00 -6.6485015e+00 -6.6485015e+00 -6.6482079e+00 -6.6372942e+00 -6.6370311e+00 -6.6370310e+00 -6.6281561e+00 -6.6281561e+00 +1.2793790e+00 +1.2806767e+00 +1.2813647e+00 +1.2813647e+00 +3.2647151e+00 +3.2674796e+00 +3.2674796e+00 +3.3772568e+00 
-4.5435522e+01 -4.5435522e+01 -4.5435519e+01 -4.5435517e+01 -4.5435516e+01 -4.5435516e+01 -4.5435300e+01 -4.5435300e+01 -4.5435294e+01 -4.5435257e+01 -4.5435254e+01 -4.5435254e+01 -4.5435197e+01 -4.5435197e+01 -4.5435195e+01 -4.5434489e+01 -4.5434489e+01 -4.5434266e+01 -4.5434266e+01 -4.5434265e+01 -2.1026668e+01 -2.1026215e+01 -2.1026215e+01 -2.1025734e+01 -7.2884297e+00 -7.2882163e+00 -7.2882163e+00 -7.2820817e+00 -6.6390042e+00 -6.6390042e+00 -6.6387101e+00 -6.6339996e+00 -6.6337360e+00 -6.6337360e+00 -6.6298090e+00 -6.6298090e+00 +1.2410022e+00 +1.2420058e+00 +1.2425419e+00 +1.2425419e+00 +3.3125688e+00 +3.3149005e+00 +3.3149005e+00 +3.3639945e+00 
-4.5435522e+01 -4.5435522e+01 -4.5435522e+01 -4.5435517e+01 -4.5435517e+01 -4.5435517e+01 -4.5435301e+01 -4.5435301e+01 -4.5435293e+01 -4.5435255e+01 -4.5435254e+01 -4.5435254e+01 -4.5435196e+01 -4.5435196e+01 -4.5435195e+01 -4.5434489e+01 -4.5434489e+01 -4.5434266e+01 -4.5434266e+01 -4.5434265e+01 -2.1026452e+01 -2.1026348e+01 -2.1026348e+01 -2.1025823e+01 -7.2912780e+00 -7.2910610e+00 -7.2910610e+00 -7.2895641e+00 -6.6332056e+00 -6.6332056e+00 -6.6329082e+00 -6.6320014e+00 -6.6317489e+00 -6.6317488e+00 -6.6307953e+00 -6.6307952e+00 +1.2176921e+00 +1.2186702e+00 +1.2188715e+00 +1.2188715e+00 +3.3418761e+00 +3.3435793e+00 +3.3435793e+00 +3.3559504e+00 
-4.5435522e+01 -4.5435522e+01 -4.5435522e+01 -4.5435517e+01 -4.5435517e+01 -4.5435517e+01 -4.5435302e+01 -4.5435302e+01 -4.5435293e+01 -4.5435254e+01 -4.5435254e+01 -4.5435254e+01 -4.5435195e+01 -4.5435195e+01 -4.5435195e+01 -4.5434489e+01 -4.5434489e+01 -4.5434266e+01 -4.5434266e+01 -4.5434266e+01 -2.1026393e+01 -2.1026393e+01 -2.1026393e+01 -2.1025840e+01 -7.2922857e+00 -7.2920088e+00 -7.2920088e+00 -7.2920088e+00 -6.6313318e+00 -6.6313318e+00 -6.6313318e+00 -6.6311750e+00 -6.6311750e+00 -6.6309569e+00 -6.6309568e+00 -6.6309568e+00 +1.2098264e+00 +1.2109193e+00 +1.2109193e+00 +1.2109193e+00 +3.3507771e+00 +3.3507771e+00 +3.3517478e+00 +3.3517478e+00 
-4.5435522e+01 -4.5435522e+01 -4.5435522e+01 -4.5435517e+01 -4.5435517e+01 -4.5435517e+01 -4.5435301e+01 -4.5435301e+01 -4.5435293e+01 -4.5435255e+01 -4.5435254e+01 -4.5435254e+01 -4.5435196e+01 -4.5435195e+01 -4.5435195e+01 -4.5434489e+01 -4.5434489e+01 -4.5434266e+01 -4.5434266e+01 -4.5434265e+01 -2.1026431e+01 -2.1026386e+01 -2.1026330e+01 -2.1025823e+01 -7.2913935e+00 -7.2912384e+00 -7.2901693e+00 -7.2900459e+00 -6.6337514e+00 -6.6335589e+00 -6.6318873e+00 -6.6317079e+00 -6.6315484e+00 -6.6315027e+00 -6.6313531e+00 -6.6312576e+00 +1.2178701e+00 +1.2188602e+00 +1.2189839e+00 +1.2190870e+00 +3.3412012e+00 +3.3417671e+00 +3.3488573e+00 +3.3531205e+00 
-4.5435522e+01 -4.5435521e+01 -4.5435520e+01 -4.5435517e+01 -4.5435516e+01 -4.5435515e+01 -4.5435301e+01 -4.5435300e+01 -4.5435294e+01 -4.5435257e+01 -4.5435254e+01 -4.5435254e+01 -4.5435197e+01 -4.5435196e+01 -4.5435195e+01 -4.5434489e+01 -4.5434489e+01 -4.5434266e+01 -4.5434266e+01 -4.5434265e+01 -2.1026547e+01 -2.1026412e+01 -2.1026143e+01 -2.1025727e+01 -7.2890585e+00 -7.2889131e+00 -7.2843238e+00 -7.2841857e+00 -6.6411635e+00 -6.6409626e+00 -6.6336718e+00 -6.6334952e+00 -6.6325187e+00 -6.6323434e+00 -6.6322550e+00 -6.6320365e+00 +1.2417787e+00 +1.2425792e+00 +1.2431379e+00 +1.2434310e+00 +3.3078045e+00 +3.3086517e+00 +3.3418475e+00 +3.3458296e+00 
-4.5435522e+01 -4.5435520e+01 -4.5435516e+01 -4.5435516e+01 -4.5435516e+01 -4.5435513e+01 -4.5435300e+01 -4.5435299e+01 -4.5435296e+01 -4.5435262e+01 -4.5435255e+01 -4.5435254e+01 -4.5435200e+01 -4.5435196e+01 -4.5435195e+01 -4.5434490e+01 -4.5434488e+01 -4.5434267e+01 -4.5434267e+01 -4.5434264e+01 -2.1026738e+01 -2.1026542e+01 -2.1025837e+01 -2.1025483e+01 -7.2851413e+00 -7.2849949e+00 -7.2746611e+00 -7.2745168e+00 -6.6532844e+00 -6.6530817e+00 -6.6366876e+00 -6.6365152e+00 -6.6340859e+00 -6.6339198e+00 -6.6334866e+00 -6.6332759e+00 +1.2811017e+00 +1.2817687e+00 +1.2830511e+00 +1.2834775e+00 +3.2530771e+00 +3.2541980e+00 +3.3304306e+00 +3.3343107e+00 
-4.5435521e+01 -4.5435518e+01 -4.5435516e+01 -4.5435515e+01 -4.5435513e+01 -4.5435508e+01 -4.5435300e+01 -4.5435299e+01 -4.5435296e+01 -4.5435269e+01 -4.5435256e+01 -4.5435254e+01 -4.5435203e+01 -4.5435197e+01 -4.5435194e+01 -4.5434491e+01 -4.5434488e+01 -4.5434269e+01 -4.5434268e+01 -4.5434263e+01 -2.1027005e+01 -2.1026780e+01 -2.1025418e+01 -2.1025096e+01 -7.2795823e+00 -7.2794326e+00 -7.2613427e+00 -7.2611933e+00 -6.6697716e+00 -6.6695678e+00 -6.6409216e+00 -6.6407526e+00 -6.6362072e+00 -6.6360495e+00 -6.6351705e+00 -6.6349626e+00 +1.3353345e+00 +1.3359185e+00 +1.3379421e+00 +1.3384494e+00 +3.1789372e+00 +3.1804282e+00 +3.3150607e+00 +3.3188615e+00 
-4.5435521e+01 -4.5435516e+01 -4.5435515e+01 -4.5435514e+01 -4.5435510e+01 -4.5435502e+01 -4.5435303e+01 -4.5435298e+01 -4.5435294e+01 -4.5435279e+01 -4.5435258e+01 -4.5435254e+01 -4.5435206e+01 -4.5435199e+01 -4.5435194e+01 -4.5434493e+01 -4.5434488e+01 -4.5434270e+01 -4.5434269e+01 -4.5434263e+01 -2.1027343e+01 -2.1027104e+01 -2.1024898e+01 -2.1024593e+01 -7.2723305e+00 -7.2721768e+00 -7.2445951e+00 -7.2444416e+00 -6.6901696e+00 -6.6899652e+00 -6.6463719e+00 -6.6462064e+00 -6.6388164e+00 -6.6386683e+00 -6.6372684e+00 -6.6370614e+00 +1.4037763e+00 +1.4042997e+00 +1.4067220e+00 +1.4072839e+00 +3.0876824e+00 +3.0896509e+00 +3.2963272e+00 +3.3000485e+00 
-4.5435520e+01 -4.5435515e+01 -4.5435512e+01 -4.5435512e+01 -4.5435507e+01 -4.5435494e+01 -4.5435306e+01 -4.5435297e+01 -4.5435292e+01 -4.5435291e+01 -4.5435260e+01 -4.5435255e+01 -4.5435210e+01 -4.5435202e+01 -4.5435192e+01 -4.5434495e+01 -4.5434489e+01 -4.5434272e+01 -4.5434271e+01 -4.5434262e+01 -2.1027747e+01 -2.1027500e+01 -2.1024288e+01 -2.1023993e+01 -7.2633524e+00 -7.2631944e+00 -7.2247202e+00 -7.2245645e+00 -6.7139292e+00 -6.7137246e+00 -6.6530368e+00 -6.6528751e+00 -6.6418326e+00 -6.6416957e+00 -6.6397321e+00 -6.6395254e+00 +1.4854311e+00 +1.4859116e+00 +1.4880614e+00 +1.4886539e+00 +2.9819446e+00 +2.9845010e+00 +3.2749323e+00 +3.2785705e+00 
-4.5435520e+01 -4.5435515e+01 -4.5435511e+01 -4.5435508e+01 -4.5435503e+01 -4.5435485e+01 -4.5435310e+01 -4.5435307e+01 -4.5435296e+01 -4.5435290e+01 -4.5435261e+01 -4.5435256e+01 -4.5435215e+01 -4.5435206e+01 -4.5435189e+01 -4.5434497e+01 -4.5434490e+01 -4.5434273e+01 -4.5434273e+01 -4.5434262e+01 -2.1028207e+01 -2.1027956e+01 -2.1023603e+01 -2.1023315e+01 -7.2526436e+00 -7.2524816e+00 -7.2020963e+00 -7.2019409e+00 -6.7404287e+00 -6.7402246e+00 -6.6609106e+00 -6.6607535e+00 -6.6451635e+00 -6.6450396e+00 -6.6425053e+00 -6.6422984e+00 +1.5788668e+00 +1.5793724e+00 +1.5804479e+00 +1.5809935e+00 +2.8645876e+00 +2.8678406e+00 +3.2516314e+00 +3.2551834e+00 
-4.5435520e+01 -4.5435514e+01 -4.5435509e+01 -4.5435505e+01 -4.5435500e+01 -4.5435475e+01 -4.5435324e+01 -4.5435313e+01 -4.5435295e+01 -4.5435288e+01 -4.5435263e+01 -4.5435258e+01 -4.5435220e+01 -4.5435211e+01 -4.5435184e+01 -4.5434499e+01 -4.5434492e+01 -4.5434275e+01 -4.5434273e+01 -4.5434263e+01 -2.1028711e+01 -2.1028458e+01 -2.1022861e+01 -2.1022577e+01 -7.2402373e+00 -7.2400723e+00 -7.1771748e+00 -7.1770228e+00 -6.7689966e+00 -6.7687939e+00 -6.6699808e+00 -6.6698289e+00 -6.6487082e+00 -6.6485993e+00 -6.6455247e+00 -6.6453175e+00 +1.6814779e+00 +1.6825249e+00 +1.6827434e+00 +1.6827740e+00 +2.7386471e+00 +2.7426953e+00 +3.2271145e+00 +3.2305776e+00 
-4.5435520e+01 -4.5435513e+01 -4.5435507e+01 -4.5435501e+01 -4.5435496e+01 -4.5435464e+01 -4.5435341e+01 -4.5435316e+01 -4.5435295e+01 -4.5435287e+01 -4.5435264e+01 -4.5435260e+01 -4.5435226e+01 -4.5435217e+01 -4.5435179e+01 -4.5434501e+01 -4.5434494e+01 -4.5434277e+01 -4.5434273e+01 -4.5434264e+01 -2.1029247e+01 -2.1028992e+01 -2.1022079e+01 -2.1021798e+01 -7.2262098e+00 -7.2260427e+00 -7.1504732e+00 -7.1503285e+00 -6.7989330e+00 -6.7987325e+00 -6.6802239e+00 -6.6800780e+00 -6.6523601e+00 -6.6522686e+00 -6.6487216e+00 -6.6485139e+00 +1.7903774e+00 +1.7912881e+00 +1.7932391e+00 +1.7932938e+00 +2.6073123e+00 +2.6122327e+00 +3.2017772e+00 +3.2051455e+00 
-4.5435520e+01 -4.5435513e+01 -4.5435505e+01 -4.5435497e+01 -4.5435492e+01 -4.5435454e+01 -4.5435358e+01 -4.5435319e+01 -4.5435294e+01 -4.5435287e+01 -4.5435265e+01 -4.5435263e+01 -4.5435232e+01 -4.5435224e+01 -4.5435171e+01 -4.5434502e+01 -4.5434497e+01 -4.5434279e+01 -4.5434272e+01 -4.5434266e+01 -2.1029798e+01 -2.1029543e+01 -2.1021276e+01 -2.1020997e+01 -7.2106815e+00 -7.2105138e+00 -7.1225669e+00 -7.1224337e+00 -6.8295289e+00 -6.8293318e+00 -6.6916007e+00 -6.6914617e+00 -6.6560105e+00 -6.6559387e+00 -6.6520238e+00 -6.6518155e+00 +1.9042531e+00 +1.9051731e+00 +1.9072456e+00 +1.9072706e+00 +2.4739078e+00 +2.4797435e+00 +3.1752973e+00 +3.1785519e+00 
-4.5435521e+01 -4.5435512e+01 -4.5435503e+01 -4.5435493e+01 -4.5435488e+01 -4.5435443e+01 -4.5435375e+01 -4.5435321e+01 -4.5435294e+01 -4.5435289e+01 -4.5435266e+01 -4.5435266e+01 -4.5435239e+01 -4.5435232e+01 -4.5435162e+01 -4.5434504e+01 -4.5434500e+01 -4.5434281e+01 -4.5434270e+01 -4.5434269e+01 -2.1030352e+01 -2.1030095e+01 -2.1020471e+01 -2.1020195e+01 -7.1938192e+00 -7.1936523e+00 -7.0940781e+00 -7.0939608e+00 -6.8600838e+00 -6.8598912e+00 -6.7040503e+00 -6.7039190e+00 -6.6595515e+00 -6.6595021e+00 -6.6553566e+00 -6.6551476e+00 +2.0195219e+00 +2.0196238e+00 +2.0212551e+00 +2.0219563e+00 +2.3418179e+00 +2.3485689e+00 +3.1459981e+00 +3.1490904e+00 
-4.5435523e+01 -4.5435511e+01 -4.5435501e+01 -4.5435489e+01 -4.5435485e+01 -4.5435433e+01 -4.5435391e+01 -4.5435322e+01 -4.5435295e+01 -4.5435290e+01 -4.5435269e+01 -4.5435267e+01 -4.5435246e+01 -4.5435241e+01 -4.5435151e+01 -4.5434504e+01 -4.5434504e+01 -4.5434282e+01 -4.5434271e+01 -4.5434266e+01 -2.1030893e+01 -2.1030635e+01 -2.1019684e+01 -2.1019409e+01 -7.1758367e+00 -7.1756722e+00 -7.0656628e+00 -7.0655661e+00 -6.8899204e+00 -6.8897339e+00 -6.7174817e+00 -6.7173589e+00 -6.6628808e+00 -6.6628568e+00 -6.6586453e+00 -6.6584358e+00 +2.1244426e+00 +2.1245869e+00 +2.1385264e+00 +2.1393394e+00 +2.2143482e+00 +2.2219500e+00 +3.1104106e+00 +3.1132437e+00 
-4.5435524e+01 -4.5435510e+01 -4.5435498e+01 -4.5435486e+01 -4.5435482e+01 -4.5435423e+01 -4.5435405e+01 -4.5435323e+01 -4.5435295e+01 -4.5435292e+01 -4.5435273e+01 -4.5435268e+01 -4.5435254e+01 -4.5435249e+01 -4.5435139e+01 -4.5434507e+01 -4.5434505e+01 -4.5434284e+01 -4.5434274e+01 -4.5434262e+01 -2.1031407e+01 -2.1031148e+01 -2.1018933e+01 -2.1018660e+01 -7.1570001e+00 -7.1568396e+00 -7.0379952e+00 -7.0379236e+00 -6.9183986e+00 -6.9182193e+00 -6.7317624e+00 -6.7316489e+00 -6.6659102e+00 -6.6659060e+00 -6.6618168e+00 -6.6616066e+00 +2.0943434e+00 +2.1028343e+00 +2.2157546e+00 +2.2159087e+00 +2.2541974e+00 +2.2549839e+00 +3.0643723e+00 +3.0668135e+00 
-4.5435526e+01 -4.5435509e+01 -4.5435496e+01 -4.5435482e+01 -4.5435479e+01 -4.5435418e+01 -4.5435415e+01 -4.5435322e+01 -4.5435296e+01 -4.5435295e+01 -4.5435277e+01 -4.5435270e+01 -4.5435261e+01 -4.5435257e+01 -4.5435127e+01 -4.5434511e+01 -4.5434505e+01 -4.5434286e+01 -4.5434277e+01 -4.5434258e+01 -2.1031882e+01 -2.1031623e+01 -2.1018237e+01 -2.1017964e+01 -7.1376372e+00 -7.1374820e+00 -7.0117486e+00 -7.0117064e+00 -6.9449260e+00 -6.9447554e+00 -6.7467025e+00 -6.7465987e+00 -6.6685856e+00 -6.6685504e+00 -6.6648007e+00 -6.6645899e+00 +1.9845189e+00 +1.9937099e+00 +2.2886734e+00 +2.2889092e+00 +2.3658023e+00 +2.3665309e+00 +3.0065356e+00 +3.0084852e+00 
-4.5435528e+01 -4.5435508e+01 -4.5435494e+01 -4.5435479e+01 -4.5435476e+01 -4.5435428e+01 -4.5435407e+01 -4.5435321e+01 -4.5435297e+01 -4.5435297e+01 -4.5435280e+01 -4.5435272e+01 -4.5435268e+01 -4.5435265e+01 -4.5435114e+01 -4.5434514e+01 -4.5434504e+01 -4.5434287e+01 -4.5434280e+01 -4.5434253e+01 -2.1032310e+01 -2.1032049e+01 -2.1017610e+01 -2.1017338e+01 -7.1181551e+00 -7.1180064e+00 -6.9875737e+00 -6.9875644e+00 -6.9689695e+00 -6.9688084e+00 -6.7620301e+00 -6.7619365e+00 -6.6708277e+00 -6.6707593e+00 -6.6675315e+00 -6.6673202e+00 +1.8867227e+00 +1.8965271e+00 +2.3414417e+00 +2.3417251e+00 +2.4709469e+00 +2.4715910e+00 +2.9410299e+00 +2.9424844e+00 
-4.5435530e+01 -4.5435508e+01 -4.5435492e+01 -4.5435476e+01 -4.5435474e+01 -4.5435437e+01 -4.5435401e+01 -4.5435319e+01 -4.5435299e+01 -4.5435299e+01 -4.5435283e+01 -4.5435275e+01 -4.5435274e+01 -4.5435271e+01 -4.5435103e+01 -4.5434517e+01 -4.5434504e+01 -4.5434288e+01 -4.5434283e+01 -4.5434249e+01 -2.1032681e+01 -2.1032420e+01 -2.1017065e+01 -2.1016793e+01 -7.0990703e+00 -7.0989288e+00 -6.9900636e+00 -6.9899132e+00 -6.9660984e+00 -6.9660733e+00 -6.7773565e+00 -6.7772732e+00 -6.6726099e+00 -6.6725072e+00 -6.6699496e+00 -6.6697379e+00 +1.8023949e+00 +1.8127112e+00 +2.3752411e+00 +2.3755588e+00 +2.5671626e+00 +2.5676983e+00 +2.8754619e+00 +2.8764971e+00 
-4.5435532e+01 -4.5435507e+01 -4.5435490e+01 -4.5435473e+01 -4.5435473e+01 -4.5435444e+01 -4.5435395e+01 -4.5435317e+01 -4.5435301e+01 -4.5435301e+01 -4.5435286e+01 -4.5435280e+01 -4.5435277e+01 -4.5435276e+01 -4.5435093e+01 -4.5434520e+01 -4.5434503e+01 -4.5434289e+01 -4.5434285e+01 -4.5434245e+01 -2.1032990e+01 -2.1032728e+01 -2.1016614e+01 -2.1016341e+01 -7.0810545e+00 -7.0809205e+00 -7.0078184e+00 -7.0076783e+00 -6.9478372e+00 -6.9477776e+00 -6.7921259e+00 -6.7920524e+00 -6.6739389e+00 -6.6738027e+00 -6.6720028e+00 -6.6717907e+00 +1.7325127e+00 +1.7432399e+00 +2.3934014e+00 +2.3937499e+00 +2.6518352e+00 +2.6522447e+00 +2.8170070e+00 +2.8177259e+00 
-4.5435534e+01 -4.5435507e+01 -4.5435488e+01 -4.5435472e+01 -4.5435471e+01 -4.5435449e+01 -4.5435391e+01 -4.5435315e+01 -4.5435304e+01 -4.5435303e+01 -4.5435288e+01 -4.5435285e+01 -4.5435279e+01 -4.5435279e+01 -4.5435085e+01 -4.5434522e+01 -4.5434503e+01 -4.5434289e+01 -4.5434287e+01 -4.5434242e+01 -2.1033233e+01 -2.1032970e+01 -2.1016260e+01 -2.1015987e+01 -7.0649917e+00 -7.0648649e+00 -7.0219240e+00 -7.0217936e+00 -6.9332135e+00 -6.9331224e+00 -6.8055540e+00 -6.8054894e+00 -6.6748556e+00 -6.6746889e+00 -6.6736469e+00 -6.6734345e+00 +1.6777044e+00 +1.6887456e+00 +2.4002830e+00 +2.4006634e+00 +2.7221691e+00 +2.7224464e+00 +2.7703336e+00 +2.7708336e+00 
-4.5435535e+01 -4.5435506e+01 -4.5435487e+01 -4.5435471e+01 -4.5435469e+01 -4.5435452e+01 -4.5435388e+01 -4.5435312e+01 -4.5435306e+01 -4.5435305e+01 -4.5435290e+01 -4.5435288e+01 -4.5435282e+01 -4.5435281e+01 -4.5435079e+01 -4.5434524e+01 -4.5434503e+01 -4.5434289e+01 -4.5434288e+01 -4.5434240e+01 -2.1033407e+01 -2.1033145e+01 -2.1016008e+01 -2.1015734e+01 -7.0520166e+00 -7.0518957e+00 -7.0321509e+00 -7.0320284e+00 -6.9225534e+00 -6.9224369e+00 -6.8165873e+00 -6.8165297e+00 -6.6754270e+00 -6.6752358e+00 -6.6748468e+00 -6.6746342e+00 +1.6383514e+00 +1.6496135e+00 +2.4005677e+00 +2.4009787e+00 +2.7373785e+00 +2.7377418e+00 +2.7752758e+00 +2.7754317e+00 
-4.5435536e+01 -4.5435506e+01 -4.5435486e+01 -4.5435471e+01 -4.5435468e+01 -4.5435454e+01 -4.5435386e+01 -4.5435310e+01 -4.5435308e+01 -4.5435306e+01 -4.5435291e+01 -4.5435290e+01 -4.5435283e+01 -4.5435282e+01 -4.5435076e+01 -4.5434525e+01 -4.5434502e+01 -4.5434289e+01 -4.5434289e+01 -4.5434239e+01 -2.1033513e+01 -2.1033250e+01 -2.1015857e+01 -2.1015583e+01 -7.0434388e+00 -7.0433220e+00 -7.0383448e+00 -7.0382275e+00 -6.9160761e+00 -6.9159429e+00 -6.8239754e+00 -6.8239225e+00 -6.6757291e+00 -6.6755770e+00 -6.6755219e+00 -6.6753643e+00 +1.6146691e+00 +1.6260624e+00 +2.3986139e+00 +2.3990477e+00 +2.7181244e+00 +2.7184132e+00 +2.8084682e+00 +2.8085387e+00 
-4.5435536e+01 -4.5435506e+01 -4.5435486e+01 -4.5435471e+01 -4.5435468e+01 -4.5435455e+01 -4.5435385e+01 -4.5435309e+01 -4.5435309e+01 -4.5435308e+01 -4.5435291e+01 -4.5435291e+01 -4.5435283e+01 -4.5435283e+01 -4.5435075e+01 -4.5434525e+01 -4.5434502e+01 -4.5434289e+01 -4.5434289e+01 -4.5434239e+01 -2.1033548e+01 -2.1033285e+01 -2.1015807e+01 -2.1015533e+01 -7.0404188e+00 -7.0404188e+00 -7.0403033e+00 -7.0403033e+00 -6.9139040e+00 -6.9137650e+00 -6.8265949e+00 -6.8265435e+00 -6.6758222e+00 -6.6758221e+00 -6.6756094e+00 -6.6756094e+00 +1.6067643e+00 +1.6182011e+00 +2.3975777e+00 +2.3980200e+00 +2.7118331e+00 +2.7120987e+00 +2.8197767e+00 +2.8197768e+00 
-4.5435509e+01 -4.5435509e+01 -4.5435480e+01 -4.5435480e+01 -4.5435479e+01 -4.5435462e+01 -4.5435345e+01 -4.5435336e+01 -4.5435298e+01 -4.5435298e+01 -4.5435284e+01 -4.5435267e+01 -4.5435257e+01 -4.5435198e+01 -4.5435198e+01 -4.5434520e+01 -4.5434477e+01 -4.5434293e+01 -4.5434293e+01 -4.5434247e+01 -2.1025460e+01 -2.1025460e+01 -2.1025429e+01 -2.1024913e+01 -7.0975962e+00 -7.0972659e+00 -7.0972173e+00 -7.0972173e+00 -6.8654153e+00 -6.8653553e+00 -6.8653553e+00 -6.8649913e+00 -6.6320439e+00 -6.6318987e+00 -6.6317692e+00 -6.6317692e+00 +2.5810286e+00 +2.5814554e+00 +2.5829787e+00 +2.5829787e+00 +2.6033852e+00 +2.6043832e+00 +2.6044629e+00 +2.6044629e+00 
-4.5435510e+01 -4.5435510e+01 -4.5435480e+01 -4.5435480e+01 -4.5435479e+01 -4.5435463e+01 -4.5435345e+01 -4.5435335e+01 -4.5435297e+01 -4.5435297e+01 -4.5435284e+01 -4.5435267e+01 -4.5435256e+01 -4.5435198e+01 -4.5435198e+01 -4.5434520e+01 -4.5434477e+01 -4.5434293e+01 -4.5434293e+01 -4.5434247e+01 -2.1025468e+01 -2.1025468e+01 -2.1025438e+01 -2.1024921e+01 -7.1018703e+00 -7.1015367e+00 -7.1014941e+00 -7.1014941e+00 -6.8607321e+00 -6.8606717e+00 -6.8606717e+00 -6.8603140e+00 -6.6320366e+00 -6.6318913e+00 -6.6317618e+00 -6.6317618e+00 +2.4809981e+00 +2.4818644e+00 +2.4820757e+00 +2.4820757e+00 +2.6807286e+00 +2.6813398e+00 +2.6829960e+00 +2.6829960e+00 
-4.5435510e+01 -4.5435510e+01 -4.5435482e+01 -4.5435482e+01 -4.5435481e+01 -4.5435465e+01 -4.5435343e+01 -4.5435331e+01 -4.5435295e+01 -4.5435295e+01 -4.5435284e+01 -4.5435268e+01 -4.5435253e+01 -4.5435198e+01 -4.5435198e+01 -4.5434519e+01 -4.5434478e+01 -4.5434292e+01 -4.5434292e+01 -4.5434247e+01 -2.1025494e+01 -2.1025494e+01 -2.1025465e+01 -2.1024947e+01 -7.1136184e+00 -7.1132772e+00 -7.1132487e+00 -7.1132487e+00 -6.8477714e+00 -6.8477116e+00 -6.8477116e+00 -6.8473686e+00 -6.6320147e+00 -6.6318691e+00 -6.6317398e+00 -6.6317398e+00 +2.3525588e+00 +2.3535154e+00 +2.3535154e+00 +2.3537576e+00 +2.7489024e+00 +2.7505083e+00 +2.7525995e+00 +2.7525995e+00 
-4.5435510e+01 -4.5435510e+01 -4.5435485e+01 -4.5435485e+01 -4.5435484e+01 -4.5435469e+01 -4.5435340e+01 -4.5435325e+01 -4.5435291e+01 -4.5435291e+01 -4.5435285e+01 -4.5435270e+01 -4.5435248e+01 -4.5435198e+01 -4.5435198e+01 -4.5434517e+01 -4.5434478e+01 -4.5434290e+01 -4.5434290e+01 -4.5434248e+01 -2.1025536e+01 -2.1025536e+01 -2.1025509e+01 -2.1024989e+01 -7.1304764e+00 -7.1301276e+00 -7.1301143e+00 -7.1301143e+00 -6.8289427e+00 -6.8288868e+00 -6.8288868e+00 -6.8285603e+00 -6.6319792e+00 -6.6318331e+00 -6.6317039e+00 -6.6317039e+00 +2.2146016e+00 +2.2155329e+00 +2.2155329e+00 +2.2158778e+00 +2.8073150e+00 +2.8095607e+00 +2.8120359e+00 +2.8120359e+00 
-4.5435511e+01 -4.5435511e+01 -4.5435488e+01 -4.5435488e+01 -4.5435487e+01 -4.5435475e+01 -4.5435336e+01 -4.5435318e+01 -4.5435286e+01 -4.5435286e+01 -4.5435286e+01 -4.5435272e+01 -4.5435243e+01 -4.5435198e+01 -4.5435198e+01 -4.5434514e+01 -4.5434478e+01 -4.5434288e+01 -4.5434288e+01 -4.5434249e+01 -2.1025594e+01 -2.1025594e+01 -2.1025569e+01 -2.1025047e+01 -7.1501223e+00 -7.1497688e+00 -7.1497678e+00 -7.1497678e+00 -6.8066425e+00 -6.8065942e+00 -6.8065942e+00 -6.8062818e+00 -6.6319314e+00 -6.6317846e+00 -6.6316558e+00 -6.6316558e+00 +2.0749496e+00 +2.0758963e+00 +2.0758963e+00 +2.0762070e+00 +2.8630955e+00 +2.8655932e+00 +2.8683883e+00 +2.8683883e+00 
-4.5435512e+01 -4.5435512e+01 -4.5435492e+01 -4.5435492e+01 -4.5435491e+01 -4.5435481e+01 -4.5435331e+01 -4.5435310e+01 -4.5435287e+01 -4.5435281e+01 -4.5435281e+01 -4.5435275e+01 -4.5435237e+01 -4.5435198e+01 -4.5435198e+01 -4.5434511e+01 -4.5434479e+01 -4.5434285e+01 -4.5434285e+01 -4.5434251e+01 -2.1025666e+01 -2.1025666e+01 -2.1025643e+01 -2.1025118e+01 -7.1708179e+00 -7.1704711e+00 -7.1704711e+00 -7.1704636e+00 -6.7827110e+00 -6.7826736e+00 -6.7826736e+00 -6.7823720e+00 -6.6318732e+00 -6.6317255e+00 -6.6315971e+00 -6.6315971e+00 +1.9389737e+00 +1.9399488e+00 +1.9399488e+00 +1.9401887e+00 +2.9199540e+00 +2.9223942e+00 +2.9254588e+00 +2.9254588e+00 
-4.5435512e+01 -4.5435512e+01 -4.5435497e+01 -4.5435497e+01 -4.5435495e+01 -4.5435487e+01 -4.5435326e+01 -4.5435301e+01 -4.5435288e+01 -4.5435278e+01 -4.5435276e+01 -4.5435276e+01 -4.5435230e+01 -4.5435198e+01 -4.5435198e+01 -4.5434508e+01 -4.5434480e+01 -4.5434282e+01 -4.5434282e+01 -4.5434252e+01 -2.1025750e+01 -2.1025750e+01 -2.1025729e+01 -2.1025201e+01 -7.1913740e+00 -7.1910351e+00 -7.1910351e+00 -7.1910228e+00 -6.7584651e+00 -6.7584410e+00 -6.7584410e+00 -6.7581470e+00 -6.6318070e+00 -6.6316582e+00 -6.6315302e+00 -6.6315302e+00 +1.8101526e+00 +1.8111567e+00 +1.8111567e+00 +1.8113279e+00 +2.9788816e+00 +2.9810501e+00 +2.9843495e+00 +2.9843495e+00 
-4.5435513e+01 -4.5435513e+01 -4.5435501e+01 -4.5435501e+01 -4.5435499e+01 -4.5435493e+01 -4.5435321e+01 -4.5435292e+01 -4.5435290e+01 -4.5435282e+01 -4.5435271e+01 -4.5435271e+01 -4.5435223e+01 -4.5435198e+01 -4.5435198e+01 -4.5434505e+01 -4.5434481e+01 -4.5434279e+01 -4.5434279e+01 -4.5434254e+01 -2.1025842e+01 -2.1025842e+01 -2.1025824e+01 -2.1025292e+01 -7.2109852e+00 -7.2106549e+00 -7.2106549e+00 -7.2106406e+00 -6.7348604e+00 -6.7348505e+00 -6.7348505e+00 -6.7345617e+00 -6.6317353e+00 -6.6315854e+00 -6.6314578e+00 -6.6314578e+00 +1.6907817e+00 +1.6918112e+00 +1.6918112e+00 +1.6919271e+00 +3.0392382e+00 +3.0410011e+00 +3.0445101e+00 +3.0445101e+00 
-4.5435514e+01 -4.5435514e+01 -4.5435505e+01 -4.5435505e+01 -4.5435503e+01 -4.5435499e+01 -4.5435315e+01 -4.5435291e+01 -4.5435285e+01 -4.5435284e+01 -4.5435266e+01 -4.5435266e+01 -4.5435217e+01 -4.5435198e+01 -4.5435198e+01 -4.5434501e+01 -4.5434482e+01 -4.5434276e+01 -4.5434276e+01 -4.5434256e+01 -2.1025939e+01 -2.1025939e+01 -2.1025925e+01 -2.1025389e+01 -7.2290971e+00 -7.2287758e+00 -7.2287758e+00 -7.2287617e+00 -6.7126234e+00 -6.7126234e+00 -6.7126187e+00 -6.7123379e+00 -6.6316611e+00 -6.6315100e+00 -6.6313829e+00 -6.6313829e+00 +1.5824663e+00 +1.5835159e+00 +1.5835159e+00 +1.5835911e+00 +3.0994879e+00 +3.1007745e+00 +3.1044718e+00 +3.1044718e+00 
-4.5435515e+01 -4.5435515e+01 -4.5435509e+01 -4.5435509e+01 -4.5435507e+01 -4.5435505e+01 -4.5435310e+01 -4.5435293e+01 -4.5435289e+01 -4.5435276e+01 -4.5435262e+01 -4.5435262e+01 -4.5435211e+01 -4.5435197e+01 -4.5435197e+01 -4.5434498e+01 -4.5434484e+01 -4.5434273e+01 -4.5434273e+01 -4.5434258e+01 -2.1026037e+01 -2.1026037e+01 -2.1026026e+01 -2.1025487e+01 -7.2453213e+00 -7.2450093e+00 -7.2450093e+00 -7.2449968e+00 -6.6923266e+00 -6.6923266e+00 -6.6923080e+00 -6.6920431e+00 -6.6315876e+00 -6.6314353e+00 -6.6313086e+00 -6.6313086e+00 +1.4864077e+00 +1.4874726e+00 +1.4874726e+00 +1.4875192e+00 +3.1576436e+00 +3.1584325e+00 +3.1622968e+00 +3.1622968e+00 
-4.5435517e+01 -4.5435517e+01 -4.5435512e+01 -4.5435512e+01 -4.5435510e+01 -4.5435510e+01 -4.5435306e+01 -4.5435295e+01 -4.5435292e+01 -4.5435269e+01 -4.5435259e+01 -4.5435259e+01 -4.5435206e+01 -4.5435197e+01 -4.5435197e+01 -4.5434495e+01 -4.5434485e+01 -4.5434271e+01 -4.5434271e+01 -4.5434260e+01 -2.1026132e+01 -2.1026132e+01 -2.1026124e+01 -2.1025581e+01 -7.2593832e+00 -7.2590803e+00 -7.2590803e+00 -7.2590704e+00 -6.6744179e+00 -6.6744179e+00 -6.6743864e+00 -6.6741353e+00 -6.6315182e+00 -6.6313647e+00 -6.6312383e+00 -6.6312383e+00 +1.4035576e+00 +1.4046334e+00 +1.4046334e+00 +1.4046609e+00 +3.2115496e+00 +3.2118587e+00 +3.2158667e+00 +3.2158667e+00 
-4.5435518e+01 -4.5435518e+01 -4.5435514e+01 -4.5435514e+01 -4.5435514e+01 -4.5435512e+01 -4.5435303e+01 -4.5435296e+01 -4.5435295e+01 -4.5435264e+01 -4.5435257e+01 -4.5435257e+01 -4.5435202e+01 -4.5435196e+01 -4.5435196e+01 -4.5434493e+01 -4.5434486e+01 -4.5434269e+01 -4.5434269e+01 -4.5434262e+01 -2.1026218e+01 -2.1026218e+01 -2.1026213e+01 -2.1025666e+01 -7.2710895e+00 -7.2707951e+00 -7.2707951e+00 -7.2707880e+00 -6.6592694e+00 -6.6592694e+00 -6.6592265e+00 -6.6589871e+00 -6.6314559e+00 -6.6313013e+00 -6.6311751e+00 -6.6311751e+00 +1.3346941e+00 +1.3357774e+00 +1.3357774e+00 +1.3357926e+00 +3.2589594e+00 +3.2590814e+00 +3.2630835e+00 +3.2630835e+00 
-4.5435520e+01 -4.5435520e+01 -4.5435518e+01 -4.5435516e+01 -4.5435516e+01 -4.5435514e+01 -4.5435301e+01 -4.5435298e+01 -4.5435295e+01 -4.5435259e+01 -4.5435255e+01 -4.5435255e+01 -4.5435199e+01 -4.5435196e+01 -4.5435196e+01 -4.5434491e+01 -4.5434487e+01 -4.5434267e+01 -4.5434267e+01 -4.5434264e+01 -2.1026291e+01 -2.1026291e+01 -2.1026288e+01 -2.1025738e+01 -7.2803065e+00 -7.2800193e+00 -7.2800193e+00 -7.2800151e+00 -6.6471799e+00 -6.6471799e+00 -6.6471273e+00 -6.6468971e+00 -6.6314038e+00 -6.6312483e+00 -6.6311218e+00 -6.6311218e+00 +1.2804542e+00 +1.2815423e+00 +1.2815423e+00 +1.2815498e+00 +3.2978173e+00 +3.2982980e+00 +3.3020216e+00 +3.3020216e+00 
-4.5435521e+01 -4.5435521e+01 -4.5435520e+01 -4.5435516e+01 -4.5435516e+01 -4.5435516e+01 -4.5435301e+01 -4.5435300e+01 -4.5435294e+01 -4.5435256e+01 -4.5435254e+01 -4.5435254e+01 -4.5435197e+01 -4.5435195e+01 -4.5435195e+01 -4.5434490e+01 -4.5434488e+01 -4.5434266e+01 -4.5434266e+01 -4.5434265e+01 -2.1026347e+01 -2.1026347e+01 -2.1026345e+01 -2.1025793e+01 -7.2869448e+00 -7.2866632e+00 -7.2866632e+00 -7.2866612e+00 -6.6383812e+00 -6.6383812e+00 -6.6383201e+00 -6.6380965e+00 -6.6313645e+00 -6.6312083e+00 -6.6310801e+00 -6.6310801e+00 +1.2413416e+00 +1.2424326e+00 +1.2424326e+00 +1.2424356e+00 +3.3268134e+00 +3.3275624e+00 +3.3310318e+00 +3.3310318e+00 
-4.5435522e+01 -4.5435522e+01 -4.5435522e+01 -4.5435517e+01 -4.5435517e+01 -4.5435517e+01 -4.5435301e+01 -4.5435301e+01 -4.5435293e+01 -4.5435254e+01 -4.5435254e+01 -4.5435254e+01 -4.5435196e+01 -4.5435195e+01 -4.5435195e+01 -4.5434489e+01 -4.5434489e+01 -4.5434266e+01 -4.5434266e+01 -4.5434265e+01 -2.1026381e+01 -2.1026381e+01 -2.1026381e+01 -2.1025828e+01 -7.2909480e+00 -7.2906700e+00 -7.2906700e+00 -7.2906695e+00 -6.6330444e+00 -6.6330444e+00 -6.6329696e+00 -6.6327500e+00 -6.6313401e+00 -6.6311834e+00 -6.6310457e+00 -6.6310457e+00 +1.2177241e+00 +1.2188166e+00 +1.2188166e+00 +1.2188173e+00 +3.3447213e+00 +3.3456360e+00 +3.3486125e+00 +3.3486125e+00 
-4.5435522e+01 -4.5435522e+01 -4.5435522e+01 -4.5435517e+01 -4.5435517e+01 -4.5435517e+01 -4.5435302e+01 -4.5435302e+01 -4.5435293e+01 -4.5435254e+01 -4.5435254e+01 -4.5435254e+01 -4.5435195e+01 -4.5435195e+01 -4.5435195e+01 -4.5434489e+01 -4.5434489e+01 -4.5434266e+01 -4.5434266e+01 -4.5434266e+01 -2.1026393e+01 -2.1026393e+01 -2.1026393e+01 -2.1025840e+01 -7.2922857e+00 -7.2920088e+00 -7.2920088e+00 -7.2920088e+00 -6.6313318e+00 -6.6313318e+00 -6.6313318e+00 -6.6311750e+00 -6.6311750e+00 -6.6309569e+00 -6.6309568e+00 -6.6309568e+00 +1.2098264e+00 +1.2109193e+00 +1.2109193e+00 +1.2109193e+00 +3.3507771e+00 +3.3507771e+00 +3.3517478e+00 +3.3517478e+00 
