# num high symmetry points
8
# label high symmetry points
G X M G R X M R 
# indices high symmetry points
1 35 69 118 178 227 228 262 
# nk, nb, ns
262 22 1
# k-points (frac coords)
+0.0000000e+00 +0.0000000e+00 +0.0000000e+00 
+0.0000000e+00 +1.4705882e-02 +0.0000000e+00 
+0.0000000e+00 +2.9411765e-02 +0.0000000e+00 
+0.0000000e+00 +4.4117647e-02 +0.0000000e+00 
+0.0000000e+00 +5.8823529e-02 +0.0000000e+00 
+0.0000000e+00 +7.3529412e-02 +0.0000000e+00 
+0.0000000e+00 +8.8235294e-02 +0.0000000e+00 
+0.0000000e+00 +1.0294118e-01 +0.0000000e+00 
+0.0000000e+00 +1.1764706e-01 +0.0000000e+00 
+0.0000000e+00 +1.3235294e-01 +0.0000000e+00 
+0.0000000e+00 +1.4705882e-01 +0.0000000e+00 
+0.0000000e+00 +1.6176471e-01 +0.0000000e+00 
+0.0000000e+00 +1.7647059e-01 +0.0000000e+00 
+0.0000000e+00 +1.9117647e-01 +0.0000000e+00 
+0.0000000e+00 +2.0588235e-01 +0.0000000e+00 
+0.0000000e+00 +2.2058824e-01 +0.0000000e+00 
+0.0000000e+00 +2.3529412e-01 +0.0000000e+00 
+0.0000000e+00 +2.5000000e-01 +0.0000000e+00 
+0.0000000e+00 +2.6470588e-01 +0.0000000e+00 
+0.0000000e+00 +2.7941176e-01 +0.0000000e+00 
+0.0000000e+00 +2.9411765e-01 +0.0000000e+00 
+0.0000000e+00 +3.0882353e-01 +0.0000000e+00 
+0.0000000e+00 +3.2352941e-01 +0.0000000e+00 
+0.0000000e+00 +3.3823529e-01 +0.0000000e+00 
+0.0000000e+00 +3.5294118e-01 +0.0000000e+00 
+0.0000000e+00 +3.6764706e-01 +0.0000000e+00 
+0.0000000e+00 +3.8235294e-01 +0.0000000e+00 
+0.0000000e+00 +3.9705882e-01 +0.0000000e+00 
+0.0000000e+00 +4.1176471e-01 +0.0000000e+00 
+0.0000000e+00 +4.2647059e-01 +0.0000000e+00 
+0.0000000e+00 +4.4117647e-01 +0.0000000e+00 
+0.0000000e+00 +4.5588235e-01 +0.0000000e+00 
+0.0000000e+00 +4.7058824e-01 +0.0000000e+00 
+0.0000000e+00 +4.8529412e-01 +0.0000000e+00 
+0.0000000e+00 +5.0000000e-01 +0.0000000e+00 
+1.4705882e-02 +5.0000000e-01 +0.0000000e+00 
+2.9411765e-02 +5.0000000e-01 +0.0000000e+00 
+4.4117647e-02 +5.0000000e-01 +0.0000000e+00 
+5.8823529e-02 +5.0000000e-01 +0.0000000e+00 
+7.3529412e-02 +5.0000000e-01 +0.0000000e+00 
+8.8235294e-02 +5.0000000e-01 +0.0000000e+00 
+1.0294118e-01 +5.0000000e-01 +0.0000000e+00 
+1.1764706e-01 +5.0000000e-01 +0.0000000e+00 
+1.3235294e-01 +5.0000000e-01 +0.0000000e+00 
+1.4705882e-01 +5.0000000e-01 +0.0000000e+00 
+1.6176471e-01 +5.0000000e-01 +0.0000000e+00 
+1.7647059e-01 +5.0000000e-01 +0.0000000e+00 
+1.9117647e-01 +5.0000000e-01 +0.0000000e+00 
+2.0588235e-01 +5.0000000e-01 +0.0000000e+00 
+2.2058824e-01 +5.0000000e-01 +0.0000000e+00 
+2.3529412e-01 +5.0000000e-01 +0.0000000e+00 
+2.5000000e-01 +5.0000000e-01 +0.0000000e+00 
+2.6470588e-01 +5.0000000e-01 +0.0000000e+00 
+2.7941176e-01 +5.0000000e-01 +0.0000000e+00 
+2.9411765e-01 +5.0000000e-01 +0.0000000e+00 
+3.0882353e-01 +5.0000000e-01 +0.0000000e+00 
+3.2352941e-01 +5.0000000e-01 +0.0000000e+00 
+3.3823529e-01 +5.0000000e-01 +0.0000000e+00 
+3.5294118e-01 +5.0000000e-01 +0.0000000e+00 
+3.6764706e-01 +5.0000000e-01 +0.0000000e+00 
+3.8235294e-01 +5.0000000e-01 +0.0000000e+00 
+3.9705882e-01 +5.0000000e-01 +0.0000000e+00 
+4.1176471e-01 +5.0000000e-01 +0.0000000e+00 
+4.2647059e-01 +5.0000000e-01 +0.0000000e+00 
+4.4117647e-01 +5.0000000e-01 +0.0000000e+00 
+4.5588235e-01 +5.0000000e-01 +0.0000000e+00 
+4.7058824e-01 +5.0000000e-01 +0.0000000e+00 
+4.8529412e-01 +5.0000000e-01 +0.0000000e+00 
+5.0000000e-01 +5.0000000e-01 +0.0000000e+00 
+4.8979592e-01 +4.8979592e-01 +0.0000000e+00 
+4.7959184e-01 +4.7959184e-01 +0.0000000e+00 
+4.6938776e-01 +4.6938776e-01 +0.0000000e+00 
+4.5918367e-01 +4.5918367e-01 +0.0000000e+00 
+4.4897959e-01 +4.4897959e-01 +0.0000000e+00 
+4.3877551e-01 +4.3877551e-01 +0.0000000e+00 
+4.2857143e-01 +4.2857143e-01 +0.0000000e+00 
+4.1836735e-01 +4.1836735e-01 +0.0000000e+00 
+4.0816327e-01 +4.0816327e-01 +0.0000000e+00 
+3.9795918e-01 +3.9795918e-01 +0.0000000e+00 
+3.8775510e-01 +3.8775510e-01 +0.0000000e+00 
+3.7755102e-01 +3.7755102e-01 +0.0000000e+00 
+3.6734694e-01 +3.6734694e-01 +0.0000000e+00 
+3.5714286e-01 +3.5714286e-01 +0.0000000e+00 
+3.4693878e-01 +3.4693878e-01 +0.0000000e+00 
+3.3673469e-01 +3.3673469e-01 +0.0000000e+00 
+3.2653061e-01 +3.2653061e-01 +0.0000000e+00 
+3.1632653e-01 +3.1632653e-01 +0.0000000e+00 
+3.0612245e-01 +3.0612245e-01 +0.0000000e+00 
+2.9591837e-01 +2.9591837e-01 +0.0000000e+00 
+2.8571429e-01 +2.8571429e-01 +0.0000000e+00 
+2.7551020e-01 +2.7551020e-01 +0.0000000e+00 
+2.6530612e-01 +2.6530612e-01 +0.0000000e+00 
+2.5510204e-01 +2.5510204e-01 +0.0000000e+00 
+2.4489796e-01 +2.4489796e-01 +0.0000000e+00 
+2.3469388e-01 +2.3469388e-01 +0.0000000e+00 
+2.2448980e-01 +2.2448980e-01 +0.0000000e+00 
+2.1428571e-01 +2.1428571e-01 +0.0000000e+00 
+2.0408163e-01 +2.0408163e-01 +0.0000000e+00 
+1.9387755e-01 +1.9387755e-01 +0.0000000e+00 
+1.8367347e-01 +1.8367347e-01 +0.0000000e+00 
+1.7346939e-01 +1.7346939e-01 +0.0000000e+00 
+1.6326531e-01 +1.6326531e-01 +0.0000000e+00 
+1.5306122e-01 +1.5306122e-01 +0.0000000e+00 
+1.4285714e-01 +1.4285714e-01 +0.0000000e+00 
+1.3265306e-01 +1.3265306e-01 +0.0000000e+00 
+1.2244898e-01 +1.2244898e-01 +0.0000000e+00 
+1.1224490e-01 +1.1224490e-01 +0.0000000e+00 
+1.0204082e-01 +1.0204082e-01 +0.0000000e+00 
+9.1836735e-02 +9.1836735e-02 +0.0000000e+00 
+8.1632653e-02 +8.1632653e-02 +0.0000000e+00 
+7.1428571e-02 +7.1428571e-02 +0.0000000e+00 
+6.1224490e-02 +6.1224490e-02 +0.0000000e+00 
+5.1020408e-02 +5.1020408e-02 +0.0000000e+00 
+4.0816327e-02 +4.0816327e-02 +0.0000000e+00 
+3.0612245e-02 +3.0612245e-02 +0.0000000e+00 
+2.0408163e-02 +2.0408163e-02 +0.0000000e+00 
+1.0204082e-02 +1.0204082e-02 +0.0000000e+00 
+0.0000000e+00 +0.0000000e+00 +0.0000000e+00 
+8.3333333e-03 +8.3333333e-03 +8.3333333e-03 
+1.6666667e-02 +1.6666667e-02 +1.6666667e-02 
+2.5000000e-02 +2.5000000e-02 +2.5000000e-02 
+3.3333333e-02 +3.3333333e-02 +3.3333333e-02 
+4.1666667e-02 +4.1666667e-02 +4.1666667e-02 
+5.0000000e-02 +5.0000000e-02 +5.0000000e-02 
+5.8333333e-02 +5.8333333e-02 +5.8333333e-02 
+6.6666667e-02 +6.6666667e-02 +6.6666667e-02 
+7.5000000e-02 +7.5000000e-02 +7.5000000e-02 
+8.3333333e-02 +8.3333333e-02 +8.3333333e-02 
+9.1666667e-02 +9.1666667e-02 +9.1666667e-02 
+1.0000000e-01 +1.0000000e-01 +1.0000000e-01 
+1.0833333e-01 +1.0833333e-01 +1.0833333e-01 
+1.1666667e-01 +1.1666667e-01 +1.1666667e-01 
+1.2500000e-01 +1.2500000e-01 +1.2500000e-01 
+1.3333333e-01 +1.3333333e-01 +1.3333333e-01 
+1.4166667e-01 +1.4166667e-01 +1.4166667e-01 
+1.5000000e-01 +1.5000000e-01 +1.5000000e-01 
+1.5833333e-01 +1.5833333e-01 +1.5833333e-01 
+1.6666667e-01 +1.6666667e-01 +1.6666667e-01 
+1.7500000e-01 +1.7500000e-01 +1.7500000e-01 
+1.8333333e-01 +1.8333333e-01 +1.8333333e-01 
+1.9166667e-01 +1.9166667e-01 +1.9166667e-01 
+2.0000000e-01 +2.0000000e-01 +2.0000000e-01 
+2.0833333e-01 +2.0833333e-01 +2.0833333e-01 
+2.1666667e-01 +2.1666667e-01 +2.1666667e-01 
+2.2500000e-01 +2.2500000e-01 +2.2500000e-01 
+2.3333333e-01 +2.3333333e-01 +2.3333333e-01 
+2.4166667e-01 +2.4166667e-01 +2.4166667e-01 
+2.5000000e-01 +2.5000000e-01 +2.5000000e-01 
+2.5833333e-01 +2.5833333e-01 +2.5833333e-01 
+2.6666667e-01 +2.6666667e-01 +2.6666667e-01 
+2.7500000e-01 +2.7500000e-01 +2.7500000e-01 
+2.8333333e-01 +2.8333333e-01 +2.8333333e-01 
+2.9166667e-01 +2.9166667e-01 +2.9166667e-01 
+3.0000000e-01 +3.0000000e-01 +3.0000000e-01 
+3.0833333e-01 +3.0833333e-01 +3.0833333e-01 
+3.1666667e-01 +3.1666667e-01 +3.1666667e-01 
+3.2500000e-01 +3.2500000e-01 +3.2500000e-01 
+3.3333333e-01 +3.3333333e-01 +3.3333333e-01 
+3.4166667e-01 +3.4166667e-01 +3.4166667e-01 
+3.5000000e-01 +3.5000000e-01 +3.5000000e-01 
+3.5833333e-01 +3.5833333e-01 +3.5833333e-01 
+3.6666667e-01 +3.6666667e-01 +3.6666667e-01 
+3.7500000e-01 +3.7500000e-01 +3.7500000e-01 
+3.8333333e-01 +3.8333333e-01 +3.8333333e-01 
+3.9166667e-01 +3.9166667e-01 +3.9166667e-01 
+4.0000000e-01 +4.0000000e-01 +4.0000000e-01 
+4.0833333e-01 +4.0833333e-01 +4.0833333e-01 
+4.1666667e-01 +4.1666667e-01 +4.1666667e-01 
+4.2500000e-01 +4.2500000e-01 +4.2500000e-01 
+4.3333333e-01 +4.3333333e-01 +4.3333333e-01 
+4.4166667e-01 +4.4166667e-01 +4.4166667e-01 
+4.5000000e-01 +4.5000000e-01 +4.5000000e-01 
+4.5833333e-01 +4.5833333e-01 +4.5833333e-01 
+4.6666667e-01 +4.6666667e-01 +4.6666667e-01 
+4.7500000e-01 +4.7500000e-01 +4.7500000e-01 
+4.8333333e-01 +4.8333333e-01 +4.8333333e-01 
+4.9166667e-01 +4.9166667e-01 +4.9166667e-01 
+5.0000000e-01 +5.0000000e-01 +5.0000000e-01 
+4.8979592e-01 +5.0000000e-01 +4.8979592e-01 
+4.7959184e-01 +5.0000000e-01 +4.7959184e-01 
+4.6938776e-01 +5.0000000e-01 +4.6938776e-01 
+4.5918367e-01 +5.0000000e-01 +4.5918367e-01 
+4.4897959e-01 +5.0000000e-01 +4.4897959e-01 
+4.3877551e-01 +5.0000000e-01 +4.3877551e-01 
+4.2857143e-01 +5.0000000e-01 +4.2857143e-01 
+4.1836735e-01 +5.0000000e-01 +4.1836735e-01 
+4.0816327e-01 +5.0000000e-01 +4.0816327e-01 
+3.9795918e-01 +5.0000000e-01 +3.9795918e-01 
+3.8775510e-01 +5.0000000e-01 +3.8775510e-01 
+3.7755102e-01 +5.0000000e-01 +3.7755102e-01 
+3.6734694e-01 +5.0000000e-01 +3.6734694e-01 
+3.5714286e-01 +5.0000000e-01 +3.5714286e-01 
+3.4693878e-01 +5.0000000e-01 +3.4693878e-01 
+3.3673469e-01 +5.0000000e-01 +3.3673469e-01 
+3.2653061e-01 +5.0000000e-01 +3.2653061e-01 
+3.1632653e-01 +5.0000000e-01 +3.1632653e-01 
+3.0612245e-01 +5.0000000e-01 +3.0612245e-01 
+2.9591837e-01 +5.0000000e-01 +2.9591837e-01 
+2.8571429e-01 +5.0000000e-01 +2.8571429e-01 
+2.7551020e-01 +5.0000000e-01 +2.7551020e-01 
+2.6530612e-01 +5.0000000e-01 +2.6530612e-01 
+2.5510204e-01 +5.0000000e-01 +2.5510204e-01 
+2.4489796e-01 +5.0000000e-01 +2.4489796e-01 
+2.3469388e-01 +5.0000000e-01 +2.3469388e-01 
+2.2448980e-01 +5.0000000e-01 +2.2448980e-01 
+2.1428571e-01 +5.0000000e-01 +2.1428571e-01 
+2.0408163e-01 +5.0000000e-01 +2.0408163e-01 
+1.9387755e-01 +5.0000000e-01 +1.9387755e-01 
+1.8367347e-01 +5.0000000e-01 +1.8367347e-01 
+1.7346939e-01 +5.0000000e-01 +1.7346939e-01 
+1.6326531e-01 +5.0000000e-01 +1.6326531e-01 
+1.5306122e-01 +5.0000000e-01 +1.5306122e-01 
+1.4285714e-01 +5.0000000e-01 +1.4285714e-01 
+1.3265306e-01 +5.0000000e-01 +1.3265306e-01 
+1.2244898e-01 +5.0000000e-01 +1.2244898e-01 
+1.1224490e-01 +5.0000000e-01 +1.1224490e-01 
+1.0204082e-01 +5.0000000e-01 +1.0204082e-01 
+9.1836735e-02 +5.0000000e-01 +9.1836735e-02 
+8.1632653e-02 +5.0000000e-01 +8.1632653e-02 
+7.1428571e-02 +5.0000000e-01 +7.1428571e-02 
+6.1224490e-02 +5.0000000e-01 +6.1224490e-02 
+5.1020408e-02 +5.0000000e-01 +5.1020408e-02 
+4.0816327e-02 +5.0000000e-01 +4.0816327e-02 
+3.0612245e-02 +5.0000000e-01 +3.0612245e-02 
+2.0408163e-02 +5.0000000e-01 +2.0408163e-02 
+1.0204082e-02 +5.0000000e-01 +1.0204082e-02 
+0.0000000e+00 +5.0000000e-01 +0.0000000e+00 
+5.0000000e-01 +5.0000000e-01 +0.0000000e+00 
+5.0000000e-01 +5.0000000e-01 +1.4705882e-02 
+5.0000000e-01 +5.0000000e-01 +2.9411765e-02 
+5.0000000e-01 +5.0000000e-01 +4.4117647e-02 
+5.0000000e-01 +5.0000000e-01 +5.8823529e-02 
+5.0000000e-01 +5.0000000e-01 +7.3529412e-02 
+5.0000000e-01 +5.0000000e-01 +8.8235294e-02 
+5.0000000e-01 +5.0000000e-01 +1.0294118e-01 
+5.0000000e-01 +5.0000000e-01 +1.1764706e-01 
+5.0000000e-01 +5.0000000e-01 +1.3235294e-01 
+5.0000000e-01 +5.0000000e-01 +1.4705882e-01 
+5.0000000e-01 +5.0000000e-01 +1.6176471e-01 
+5.0000000e-01 +5.0000000e-01 +1.7647059e-01 
+5.0000000e-01 +5.0000000e-01 +1.9117647e-01 
+5.0000000e-01 +5.0000000e-01 +2.0588235e-01 
+5.0000000e-01 +5.0000000e-01 +2.2058824e-01 
+5.0000000e-01 +5.0000000e-01 +2.3529412e-01 
+5.0000000e-01 +5.0000000e-01 +2.5000000e-01 
+5.0000000e-01 +5.0000000e-01 +2.6470588e-01 
+5.0000000e-01 +5.0000000e-01 +2.7941176e-01 
+5.0000000e-01 +5.0000000e-01 +2.9411765e-01 
+5.0000000e-01 +5.0000000e-01 +3.0882353e-01 
+5.0000000e-01 +5.0000000e-01 +3.2352941e-01 
+5.0000000e-01 +5.0000000e-01 +3.3823529e-01 
+5.0000000e-01 +5.0000000e-01 +3.5294118e-01 
+5.0000000e-01 +5.0000000e-01 +3.6764706e-01 
+5.0000000e-01 +5.0000000e-01 +3.8235294e-01 
+5.0000000e-01 +5.0000000e-01 +3.9705882e-01 
+5.0000000e-01 +5.0000000e-01 +4.1176471e-01 
+5.0000000e-01 +5.0000000e-01 +4.2647059e-01 
+5.0000000e-01 +5.0000000e-01 +4.4117647e-01 
+5.0000000e-01 +5.0000000e-01 +4.5588235e-01 
+5.0000000e-01 +5.0000000e-01 +4.7058824e-01 
+5.0000000e-01 +5.0000000e-01 +4.8529412e-01 
+5.0000000e-01 +5.0000000e-01 +5.0000000e-01 
# energies (kpt,band,spin)
# spin = 1
-7.4374212e+01 -7.4161434e+01 -3.8818652e+01 -3.8818652e+01 -3.8818652e+01 -3.7976666e+01 -3.7976666e+01 -3.7976666e+01 -9.6914383e+00 -5.8865033e+00 -5.8865032e+00 -1.3916643e+00 -1.3916643e+00 -1.3916643e+00 +2.0991836e+00 +2.0991837e+00 +4.8201033e+00 +4.8201033e+00 +4.8201033e+00 +8.7812361e+00 +8.7812361e+00 +8.7812361e+00 
-7.4374083e+01 -7.4161531e+01 -3.8818677e+01 -3.8818201e+01 -3.8818201e+01 -3.7977620e+01 -3.7977109e+01 -3.7977109e+01 -9.6870380e+00 -5.8837376e+00 -5.8823953e+00 -1.3920248e+00 -1.3920248e+00 -1.3892239e+00 +2.0924823e+00 +2.1016979e+00 +4.7966551e+00 +4.7966551e+00 +4.8157330e+00 +8.7538944e+00 +8.8090673e+00 +8.8090673e+00 
-7.4373696e+01 -7.4161823e+01 -3.8818746e+01 -3.8816848e+01 -3.8816848e+01 -3.7980476e+01 -3.7978436e+01 -3.7978436e+01 -9.6737239e+00 -5.8754413e+00 -5.8700882e+00 -1.3930904e+00 -1.3930904e+00 -1.3819044e+00 +2.0724189e+00 +2.1092362e+00 +4.7282618e+00 +4.7282618e+00 +4.8026328e+00 +8.6734225e+00 +8.8906684e+00 +8.8906684e+00 
-7.4373052e+01 -7.4162308e+01 -3.8818843e+01 -3.8814594e+01 -3.8814593e+01 -3.7985220e+01 -3.7980645e+01 -3.7980645e+01 -9.6512059e+00 -5.8616164e+00 -5.8496384e+00 -1.3948140e+00 -1.3948140e+00 -1.3697101e+00 +2.0391171e+00 +2.1217796e+00 +4.6201284e+00 +4.6201284e+00 +4.7808357e+00 +8.5445551e+00 +9.0210031e+00 +9.0210031e+00 
-7.4372153e+01 -7.4162987e+01 -3.8818948e+01 -3.8811437e+01 -3.8811437e+01 -3.7991825e+01 -3.7983728e+01 -3.7983728e+01 -9.6191324e+00 -5.8422661e+00 -5.8211607e+00 -1.3971178e+00 -1.3971178e+00 -1.3526485e+00 +1.9927888e+00 +2.1392817e+00 +4.4792149e+00 +4.4792149e+00 +4.7504017e+00 +8.3750471e+00 +9.1933663e+00 +9.1933663e+00 
-7.4371002e+01 -7.4163860e+01 -3.8819036e+01 -3.8807382e+01 -3.8807382e+01 -3.8000254e+01 -3.7987676e+01 -3.7987676e+01 -9.5772038e+00 -5.8173953e+00 -5.7848534e+00 -1.3998946e+00 -1.3998946e+00 -1.3307300e+00 +1.9337402e+00 +2.1616576e+00 +4.3127512e+00 +4.3127512e+00 +4.7114231e+00 +8.1745005e+00 +9.4008378e+00 +9.4008378e+00 
-7.4369602e+01 -7.4164924e+01 -3.8819085e+01 -3.8802432e+01 -3.8802432e+01 -3.8010458e+01 -3.7992478e+01 -3.7992478e+01 -9.5252399e+00 -5.7870105e+00 -5.7410172e+00 -1.4030092e+00 -1.4030092e+00 -1.3039673e+00 +1.8623743e+00 +2.1887793e+00 +4.1272878e+00 +4.1272878e+00 +4.6640320e+00 +7.9521512e+00 +9.6371932e+00 +9.6371932e+00 
-7.4367958e+01 -7.4166179e+01 -3.8819067e+01 -3.8796597e+01 -3.8796597e+01 -3.8022378e+01 -3.7998119e+01 -3.7998119e+01 -9.4631958e+00 -5.7511201e+00 -5.6900551e+00 -1.4063003e+00 -1.4063003e+00 -1.2723760e+00 +1.7791890e+00 +2.2204765e+00 +3.9283102e+00 +3.9283102e+00 +4.6084062e+00 +7.7149658e+00 +9.8972546e+00 +9.8972546e+00 
-7.4366073e+01 -7.4167623e+01 -3.8818949e+01 -3.8789885e+01 -3.8789885e+01 -3.8035943e+01 -3.8004583e+01 -3.8004583e+01 -9.3911465e+00 -5.7097356e+00 -5.6324623e+00 -1.4095825e+00 -1.4095825e+00 -1.2359736e+00 +1.6847668e+00 +2.2565403e+00 +3.7202133e+00 +3.7202133e+00 +4.5447745e+00 +7.4673125e+00 +1.0176887e+01 +1.0176887e+01 
-7.4363954e+01 -7.4169256e+01 -3.8818695e+01 -3.8782312e+01 -3.8782312e+01 -3.8051074e+01 -3.8011851e+01 -3.8011851e+01 -9.3092620e+00 -5.6628718e+00 -5.5688198e+00 -1.4126481e+00 -1.4126481e+00 -1.1947800e+00 +1.5797597e+00 +2.2967258e+00 +3.5064369e+00 +3.5064369e+00 +4.4734185e+00 +7.2118820e+00 +1.0472845e+01 +1.0472845e+01 
-7.4361606e+01 -7.4171075e+01 -3.8818259e+01 -3.8773894e+01 -3.8773894e+01 -3.8067683e+01 -3.8019906e+01 -3.8019906e+01 -9.2177834e+00 -5.6105484e+00 -5.4997982e+00 -1.4152696e+00 -1.4152696e+00 -1.1488170e+00 +1.4648677e+00 +2.3407528e+00 +3.2896466e+00 +3.2896466e+00 +4.3946700e+00 +6.9507308e+00 +1.0782577e+01 +1.0782577e+01 
-7.4359036e+01 -7.4173078e+01 -3.8817592e+01 -3.8764649e+01 -3.8764649e+01 -3.8085673e+01 -3.8028731e+01 -3.8028731e+01 -9.1170050e+00 -5.5527902e+00 -5.4261672e+00 -1.4172013e+00 -1.4172013e+00 -1.0981081e+00 +1.3408154e+00 +2.3883053e+00 +3.0719026e+00 +3.0719026e+00 +4.3089051e+00 +6.6858573e+00 +1.1104063e+01 +1.1104063e+01 
-7.4356251e+01 -7.4175263e+01 -3.8816643e+01 -3.8754600e+01 -3.8754600e+01 -3.8104942e+01 -3.8038308e+01 -3.8038308e+01 -9.0072628e+00 -5.4896285e+00 -5.3488078e+00 -1.4181815e+00 -1.4181815e+00 -1.0426784e+00 +1.2083287e+00 +2.4390280e+00 +2.8548016e+00 +2.8548016e+00 +4.2165340e+00 +6.4193631e+00 +1.1435669e+01 +1.1435669e+01 
-7.4353258e+01 -7.4177627e+01 -3.8815357e+01 -3.8743768e+01 -3.8743768e+01 -3.8125383e+01 -3.8048622e+01 -3.8048622e+01 -8.8889271e+00 -5.4211000e+00 -5.2687225e+00 -1.4179350e+00 -1.4179350e+00 -9.8255452e-01 +1.0681135e+00 +2.4925224e+00 +2.6395883e+00 +2.6395883e+00 +4.1179884e+00 +6.1534238e+00 +1.1776052e+01 +1.1776052e+01 
-7.4350067e+01 -7.4180167e+01 -3.8813676e+01 -3.8732180e+01 -3.8732180e+01 -3.8146882e+01 -3.8059655e+01 -3.8059655e+01 -8.7623983e+00 -5.3472465e+00 -5.1870436e+00 -1.4161750e+00 -1.4161750e+00 -9.1776436e-01 +9.2083738e-01 +2.4272412e+00 +2.4272412e+00 +2.5483428e+00 +4.0137078e+00 +5.8902188e+00 +1.2124078e+01 +1.2124078e+01 
-7.4346685e+01 -7.4182880e+01 -3.8811544e+01 -3.8719861e+01 -3.8719861e+01 -3.8169323e+01 -3.8071390e+01 -3.8071390e+01 -8.6281049e+00 -5.2681128e+00 -5.1050394e+00 -1.4126060e+00 -1.4126060e+00 -8.4833722e-01 +7.6711613e-01 +2.2185376e+00 +2.2185377e+00 +2.6059917e+00 +3.9041266e+00 +5.6318775e+00 +1.2478773e+01 +1.2478773e+01 
-7.4343122e+01 -7.4185762e+01 -3.8808902e+01 -3.8706839e+01 -3.8706839e+01 -3.8192588e+01 -3.8083808e+01 -3.8083808e+01 -8.4865023e+00 -5.1837453e+00 -5.0241151e+00 -1.4069264e+00 -1.4069264e+00 -7.7430375e-01 +6.0750403e-01 +2.0141027e+00 +2.0141027e+00 +2.6649171e+00 +3.7896635e+00 +5.3804487e+00 +1.2839284e+01 +1.2839284e+01 
-7.4339387e+01 -7.4188811e+01 -3.8805694e+01 -3.8693145e+01 -3.8693145e+01 -3.8216554e+01 -3.8096888e+01 -3.8096888e+01 -8.3380732e+00 -5.0941896e+00 -4.9458094e+00 -1.3988309e+00 -1.3988309e+00 -6.9569613e-01 +4.4248913e-01 +1.8144458e+00 +1.8144458e+00 +2.7245117e+00 +3.6707143e+00 +5.1378859e+00 +1.3204849e+01 +1.3204849e+01 
-7.4335491e+01 -7.4192020e+01 -3.8801863e+01 -3.8678808e+01 -3.8678808e+01 -3.8241102e+01 -3.8110606e+01 -3.8110606e+01 -8.1833287e+00 -4.9994886e+00 -4.8717833e+00 -1.3880126e+00 -1.3880126e+00 -6.1254845e-01 +2.7249298e-01 +1.6199881e+00 +1.6199881e+00 +2.7841145e+00 +3.5476478e+00 +4.9060382e+00 +1.3574785e+01 +1.3574785e+01 
-7.4331444e+01 -7.4195386e+01 -3.8797355e+01 -3.8663862e+01 -3.8663862e+01 -3.8266107e+01 -3.8124936e+01 -3.8124936e+01 -8.0228096e+00 -4.8996813e+00 -4.8037990e+00 -1.3741662e+00 -1.3741662e+00 -5.2489723e-01 +9.7875514e-02 +1.4310828e+00 +1.4310828e+00 +2.8430165e+00 +3.4208061e+00 +4.6866383e+00 +1.3948475e+01 +1.3948475e+01 
-7.4327257e+01 -7.4198904e+01 -3.8792116e+01 -3.8648338e+01 -3.8648338e+01 -3.8291452e+01 -3.8139852e+01 -3.8139852e+01 -7.8570887e+00 -4.7948006e+00 -4.7436875e+00 -1.3569892e+00 -1.3569892e+00 -4.3278232e-01 -8.1054388e-02 +1.2480303e+00 +1.2480304e+00 +2.9004715e+00 +3.2905078e+00 +4.4812814e+00 +1.4325367e+01 +1.4325367e+01 
-7.4322942e+01 -7.4202569e+01 -3.8786098e+01 -3.8632272e+01 -3.8632272e+01 -3.8317015e+01 -3.8155325e+01 -3.8155325e+01 -7.6867734e+00 -4.6933025e+00 -4.6848723e+00 -1.3361849e+00 -1.3361849e+00 -3.3624817e-01 -2.6402174e-01 +1.0710885e+00 +1.0710885e+00 +2.9557126e+00 +3.1570531e+00 +4.2913930e+00 +1.4704971e+01 +1.4704971e+01 
-7.4318508e+01 -7.4206374e+01 -3.8779253e+01 -3.8615699e+01 -3.8615699e+01 -3.8342680e+01 -3.8171322e+01 -3.8171322e+01 -7.5125081e+00 -4.6544604e+00 -4.5699130e+00 -1.3114643e+00 -1.3114643e+00 -4.5076113e-01 -2.3534545e-01 +9.0047951e-01 +9.0047952e-01 +3.0079770e+00 +3.0207308e+00 +4.1181827e+00 +1.5086873e+01 +1.5086873e+01 
-7.4313969e+01 -7.4210314e+01 -3.8771539e+01 -3.8598654e+01 -3.8598654e+01 -3.8368334e+01 -3.8187813e+01 -3.8187812e+01 -7.3349769e+00 -4.6288683e+00 -4.4499282e+00 -1.2825484e+00 -1.2825484e+00 -6.4098536e-01 -1.3013323e-01 +7.3639291e-01 +7.3639292e-01 +2.8818258e+00 +3.0565375e+00 +3.9625878e+00 +1.5470736e+01 +1.5470736e+01 
-7.4309334e+01 -7.4214381e+01 -3.8762918e+01 -3.8581175e+01 -3.8581175e+01 -3.8393868e+01 -3.8204762e+01 -3.8204762e+01 -7.1549055e+00 -4.6180439e+00 -4.3249101e+00 -1.2491716e+00 -1.2491716e+00 -8.3434877e-01 -2.0681674e-02 +5.7898518e-01 +5.7898519e-01 +2.7406260e+00 +3.1007424e+00 +3.8252105e+00 +1.5856316e+01 +1.5856316e+01 
-7.4304618e+01 -7.4218570e+01 -3.8753355e+01 -3.8563299e+01 -3.8563299e+01 -3.8419176e+01 -3.8222135e+01 -3.8222135e+01 -6.9730631e+00 -4.6232352e+00 -4.1948351e+00 -1.2110841e+00 -1.2110841e+00 -1.0304094e+00 +9.2924785e-02 +4.2837520e-01 +4.2837521e-01 +2.5974294e+00 +3.1400614e+00 +3.7062582e+00 +1.6243461e+01 +1.6243461e+01 
-7.4299830e+01 -7.4222873e+01 -3.8742823e+01 -3.8545065e+01 -3.8545065e+01 -3.8444158e+01 -3.8239897e+01 -3.8239897e+01 -6.7902647e+00 -4.6453486e+00 -4.0596627e+00 -1.2285967e+00 -1.1680562e+00 -1.1680562e+00 +2.1058385e-01 +2.8463613e-01 +2.8463614e-01 +2.4525490e+00 +3.1741320e+00 +3.6054961e+00 +1.6632115e+01 +1.6632115e+01 
-7.4294984e+01 -7.4227282e+01 -3.8731300e+01 -3.8526513e+01 -3.8526513e+01 -3.8468720e+01 -3.8258010e+01 -3.8258010e+01 -6.6073729e+00 -4.6848953e+00 -3.9193337e+00 -1.4281930e+00 -1.1198829e+00 -1.1198828e+00 +1.4778474e-01 +1.4778474e-01 +3.3217142e-01 +2.3063167e+00 +3.2028025e+00 +3.5222239e+00 +1.7022297e+01 +1.7022297e+01 
-7.4290090e+01 -7.4231789e+01 -3.8718767e+01 -3.8507684e+01 -3.8507684e+01 -3.8492773e+01 -3.8276437e+01 -3.8276437e+01 -6.4253028e+00 -4.7419645e+00 -3.7737722e+00 -1.6283378e+00 -1.0663881e+00 -1.0663881e+00 +1.7771247e-02 +1.7771250e-02 +4.5753766e-01 +2.1590854e+00 +3.2261639e+00 +3.4552851e+00 +1.7414073e+01 +1.7414073e+01 
-7.4285161e+01 -7.4236385e+01 -3.8705214e+01 -3.8516233e+01 -3.8488621e+01 -3.8488621e+01 -3.8295139e+01 -3.8295139e+01 -6.2450296e+00 -4.8162267e+00 -3.6228892e+00 -1.8280584e+00 -1.0074308e+00 -1.0074308e+00 -1.0552525e-01 -1.0552524e-01 +5.8650320e-01 +2.0112289e+00 +3.2445651e+00 +3.4031123e+00 +1.7807506e+01 +1.7807506e+01 
-7.4280208e+01 -7.4241062e+01 -3.8690638e+01 -3.8539027e+01 -3.8469371e+01 -3.8469371e+01 -3.8314078e+01 -3.8314078e+01 -6.0676008e+00 -4.9069676e+00 -3.4665914e+00 -2.0263266e+00 -9.4290864e-01 -9.4290864e-01 -2.2228959e-01 -2.2228959e-01 +7.1885603e-01 +1.8631393e+00 +3.2586129e+00 +3.3638067e+00 +1.8202602e+01 +1.8202602e+01 
-7.4275243e+01 -7.4245810e+01 -3.8675041e+01 -3.8561084e+01 -3.8449979e+01 -3.8449979e+01 -3.8333215e+01 -3.8333215e+01 -5.8941508e+00 -5.0131455e+00 -3.3047960e+00 -2.2221297e+00 -8.7275971e-01 -8.7275970e-01 -3.3274785e-01 -3.3274784e-01 +8.5434935e-01 +1.7152236e+00 +3.2691599e+00 +3.3352430e+00 +1.8599251e+01 +1.8599251e+01 
-7.4270277e+01 -7.4250620e+01 -3.8658434e+01 -3.8582344e+01 -3.8430493e+01 -3.8430493e+01 -3.8352511e+01 -3.8352511e+01 -5.7259158e+00 -5.1334658e+00 -3.1374532e+00 -2.4145437e+00 -7.9695898e-01 -7.9695897e-01 -4.3713140e-01 -4.3713139e-01 +9.9270078e-01 +1.5678976e+00 +3.2772914e+00 +3.3151863e+00 +1.8676517e+01 +1.8997189e+01 
-7.4265321e+01 -7.4255482e+01 -3.8640832e+01 -3.8602752e+01 -3.8410960e+01 -3.8410960e+01 -3.8371927e+01 -3.8371927e+01 -5.5642417e+00 -5.2664626e+00 -2.9645751e+00 -2.6027907e+00 -7.1550650e-01 -7.1550649e-01 -5.3563834e-01 -5.3563833e-01 +1.1335933e+00 +1.4215786e+00 +3.2843170e+00 +3.3014057e+00 +1.8741942e+01 +1.8933371e+01 
-7.4260386e+01 -7.4260386e+01 -3.8622261e+01 -3.8622261e+01 -3.8391424e+01 -3.8391424e+01 -3.8391424e+01 -3.8391424e+01 -5.4105794e+00 -5.4105794e+00 -2.7862723e+00 -2.7862723e+00 -6.2840629e-01 -6.2840629e-01 -6.2840629e-01 -6.2840629e-01 +1.2766780e+00 +1.2766780e+00 +3.2917701e+00 +3.2917701e+00 +1.8830116e+01 +1.8830116e+01 
-7.4260369e+01 -7.4260369e+01 -3.8625494e+01 -3.8625494e+01 -3.8391375e+01 -3.8391375e+01 -3.8388514e+01 -3.8388514e+01 -5.4099008e+00 -5.4099008e+00 -2.7896185e+00 -2.7896185e+00 -6.4879050e-01 -6.4879050e-01 -6.1785352e-01 -6.1785352e-01 +1.2989709e+00 +1.2989709e+00 +3.2928879e+00 +3.2928879e+00 +1.8737023e+01 +1.8737023e+01 
-7.4260320e+01 -7.4260320e+01 -3.8634726e+01 -3.8634726e+01 -3.8391230e+01 -3.8391230e+01 -3.8380251e+01 -3.8380251e+01 -5.4080101e+00 -5.4080101e+00 -2.7989697e+00 -2.7989697e+00 -7.0711257e-01 -7.0711257e-01 -5.8676051e-01 -5.8676051e-01 +1.3630383e+00 +1.3630383e+00 +3.2962425e+00 +3.2962425e+00 +1.8515272e+01 +1.8515272e+01 
-7.4260238e+01 -7.4260238e+01 -3.8648835e+01 -3.8648835e+01 -3.8390989e+01 -3.8390989e+01 -3.8367747e+01 -3.8367747e+01 -5.4053381e+00 -5.4053381e+00 -2.8123966e+00 -2.8123966e+00 -7.9638547e-01 -7.9638547e-01 -5.3668612e-01 -5.3668612e-01 +1.4619508e+00 +1.4619508e+00 +3.3018323e+00 +3.3018323e+00 +1.8234143e+01 +1.8234143e+01 
-7.4260125e+01 -7.4260125e+01 -3.8666568e+01 -3.8666568e+01 -3.8390655e+01 -3.8390655e+01 -3.8352239e+01 -3.8352239e+01 -5.4025864e+00 -5.4025864e+00 -2.8270758e+00 -2.8270758e+00 -9.0842307e-01 -9.0842307e-01 -4.6983902e-01 -4.6983902e-01 +1.5876156e+00 +1.5876156e+00 +3.3096406e+00 +3.3096406e+00 +1.7922820e+01 +1.7922820e+01 
-7.4259981e+01 -7.4259981e+01 -3.8686865e+01 -3.8686865e+01 -3.8390232e+01 -3.8390232e+01 -3.8334765e+01 -3.8334765e+01 -5.4006944e+00 -5.4006944e+00 -2.8397391e+00 -2.8397391e+00 -1.0359403e+00 -1.0359403e+00 -3.8868075e-01 -3.8868075e-01 +1.7328725e+00 +1.7328725e+00 +3.3196191e+00 +3.3196191e+00 +1.7591243e+01 +1.7591243e+01 
-7.4259810e+01 -7.4259810e+01 -3.8708933e+01 -3.8708933e+01 -3.8389722e+01 -3.8389722e+01 -3.8316092e+01 -3.8316092e+01 -5.4007837e+00 -5.4007837e+00 -2.8471419e+00 -2.8471419e+00 -1.1732576e+00 -1.1732576e+00 -2.9562332e-01 -2.9562332e-01 +1.8921889e+00 +1.8921889e+00 +3.3316729e+00 +3.3316729e+00 +1.7241925e+01 +1.7241925e+01 
-7.4259611e+01 -7.4259611e+01 -3.8732199e+01 -3.8732199e+01 -3.8389130e+01 -3.8389130e+01 -3.8296762e+01 -3.8296762e+01 -5.4040725e+00 -5.4040725e+00 -2.8465201e+00 -2.8465201e+00 -1.3162038e+00 -1.3162038e+00 -1.9290857e-01 -1.9290857e-01 +2.0615494e+00 +2.0615494e+00 +3.3456530e+00 +3.3456530e+00 +1.6874365e+01 +1.6874365e+01 
-7.4259387e+01 -7.4259387e+01 -3.8756249e+01 -3.8756249e+01 -3.8388460e+01 -3.8388460e+01 -3.8277152e+01 -3.8277152e+01 -5.4117598e+00 -5.4117598e+00 -2.8359810e+00 -2.8359810e+00 -1.4617790e+00 -1.4617790e+00 -8.2681087e-02 -8.2681087e-02 +2.2380997e+00 +2.2380997e+00 +3.3613618e+00 +3.3613618e+00 +1.6487513e+01 +1.6487513e+01 
-7.4259136e+01 -7.4259136e+01 -3.8780771e+01 -3.8780771e+01 -3.8387718e+01 -3.8387718e+01 -3.8257530e+01 -3.8257530e+01 -5.4248910e+00 -5.4248910e+00 -2.8146373e+00 -2.8146373e+00 -1.6078283e+00 -1.6078283e+00 +3.2836084e-02 +3.2836084e-02 +2.4197980e+00 +2.4197980e+00 +3.3785681e+00 +3.3785681e+00 +1.6081969e+01 +1.6081969e+01 
-7.4258855e+01 -7.4258855e+01 -3.8805528e+01 -3.8805528e+01 -3.8386909e+01 -3.8386909e+01 -3.8238090e+01 -3.8238090e+01 -5.4442263e+00 -5.4442263e+00 -2.7822197e+00 -2.7822197e+00 -1.7527902e+00 -1.7527902e+00 +1.5128073e-01 +1.5128073e-01 +2.6051402e+00 +2.6051402e+00 +3.3970159e+00 +3.3970159e+00 +1.5661853e+01 +1.5661853e+01 
-7.4258545e+01 -7.4258545e+01 -3.8830327e+01 -3.8830327e+01 -3.8386040e+01 -3.8386040e+01 -3.8218976e+01 -3.8218976e+01 -5.4701472e+00 -5.4701472e+00 -2.7382695e+00 -2.7382695e+00 -1.8955172e+00 -1.8955172e+00 +2.7040416e-01 +2.7040416e-01 +2.7929594e+00 +2.7929594e+00 +3.4164036e+00 +3.4164036e+00 +1.5235386e+01 +1.5235386e+01 
-7.4258210e+01 -7.4258210e+01 -3.8855011e+01 -3.8855011e+01 -3.8385117e+01 -3.8385117e+01 -3.8200298e+01 -3.8200298e+01 -5.5026259e+00 -5.5026259e+00 -2.6816284e+00 -2.6816284e+00 -2.0351511e+00 -2.0351511e+00 +3.8850454e-01 +3.8850454e-01 +2.9822853e+00 +2.9822853e+00 +3.4363316e+00 +3.4363316e+00 +1.4813377e+01 +1.4813377e+01 
-7.4257856e+01 -7.4257856e+01 -3.8879446e+01 -3.8879446e+01 -3.8384148e+01 -3.8384148e+01 -3.8182141e+01 -3.8182141e+01 -5.5412590e+00 -5.5412590e+00 -2.6107615e+00 -2.6107615e+00 -2.1710369e+00 -2.1710369e+00 +5.0462707e-01 +5.0462707e-01 +3.1722486e+00 +3.1722486e+00 +3.4562547e+00 +3.4562547e+00 +1.4406203e+01 +1.4406203e+01 
-7.4257489e+01 -7.4257489e+01 -3.8903509e+01 -3.8903509e+01 -3.8383139e+01 -3.8383139e+01 -3.8164573e+01 -3.8164573e+01 -5.5853447e+00 -5.5853447e+00 -2.5244959e+00 -2.5244959e+00 -2.3026622e+00 -2.3026622e+00 +6.1837144e-01 +6.1837144e-01 +3.3620194e+00 +3.3620194e+00 +3.4754733e+00 +3.4754733e+00 +1.4021136e+01 +1.4021136e+01 
-7.4257114e+01 -7.4257114e+01 -3.8927090e+01 -3.8927090e+01 -3.8382100e+01 -3.8382100e+01 -3.8147650e+01 -3.8147650e+01 -5.6339768e+00 -5.6339768e+00 -2.4296156e+00 -2.4296156e+00 -2.4224586e+00 -2.4224586e+00 +7.2955505e-01 +7.2955505e-01 +3.4931597e+00 +3.4931597e+00 +3.5507700e+00 +3.5507700e+00 +1.3661500e+01 +1.3661500e+01 
-7.4256735e+01 -7.4256735e+01 -3.8950086e+01 -3.8950086e+01 -3.8381038e+01 -3.8381038e+01 -3.8131417e+01 -3.8131417e+01 -5.6861384e+00 -5.6861384e+00 -2.5515583e+00 -2.5515583e+00 -2.3050548e+00 -2.3050548e+00 +8.3798832e-01 +8.3798832e-01 +3.5083938e+00 +3.5083938e+00 +3.7376551e+00 +3.7376551e+00 +1.3327498e+01 +1.3327498e+01 
-7.4256353e+01 -7.4256353e+01 -3.8972401e+01 -3.8972401e+01 -3.8379962e+01 -3.8379962e+01 -3.8115912e+01 -3.8115912e+01 -5.7407808e+00 -5.7407808e+00 -2.6682035e+00 -2.6682035e+00 -2.1732310e+00 -2.1732310e+00 +9.4340262e-01 +9.4340262e-01 +3.5201932e+00 +3.5201932e+00 +3.9218024e+00 +3.9218024e+00 +1.3017647e+01 +1.3017647e+01 
-7.4255974e+01 -7.4255974e+01 -3.8993945e+01 -3.8993945e+01 -3.8378880e+01 -3.8378880e+01 -3.8101168e+01 -3.8101168e+01 -5.7968829e+00 -5.7968829e+00 -2.7793035e+00 -2.7793035e+00 -2.0282434e+00 -2.0282434e+00 +1.0454595e+00 +1.0454595e+00 +3.5275400e+00 +3.5275400e+00 +4.1023119e+00 +4.1023119e+00 +1.2729947e+01 +1.2729947e+01 
-7.4255599e+01 -7.4255599e+01 -3.9014631e+01 -3.9014631e+01 -3.8377802e+01 -3.8377802e+01 -3.8087211e+01 -3.8087211e+01 -5.8534891e+00 -5.8534891e+00 -2.8846397e+00 -2.8846397e+00 -1.8715075e+00 -1.8715075e+00 +1.1437791e+00 +1.1437791e+00 +3.5294071e+00 +3.5294071e+00 +4.2782576e+00 +4.2782576e+00 +1.2462542e+01 +1.2462542e+01 
-7.4255231e+01 -7.4255231e+01 -3.9034380e+01 -3.9034380e+01 -3.8376736e+01 -3.8376736e+01 -3.8074066e+01 -3.8074066e+01 -5.9097301e+00 -5.9097301e+00 -2.9840173e+00 -2.9840173e+00 -1.7045253e+00 -1.7045253e+00 +1.2379612e+00 +1.2379612e+00 +3.5247890e+00 +3.5247890e+00 +4.4486929e+00 +4.4486929e+00 +1.2213970e+01 +1.2213970e+01 
-7.4254874e+01 -7.4254874e+01 -3.9053113e+01 -3.9053113e+01 -3.8375691e+01 -3.8375691e+01 -3.8061753e+01 -3.8061753e+01 -5.9648302e+00 -5.9648302e+00 -3.0772600e+00 -3.0772600e+00 -1.5288654e+00 -1.5288654e+00 +1.3275965e+00 +1.3275965e+00 +3.5127381e+00 +3.5127381e+00 +4.6126571e+00 +4.6126571e+00 +1.1983205e+01 +1.1983205e+01 
-7.4254530e+01 -7.4254530e+01 -3.9070761e+01 -3.9070761e+01 -3.8374674e+01 -3.8374674e+01 -3.8050290e+01 -3.8050290e+01 -6.0181071e+00 -6.0181071e+00 -3.1642083e+00 -3.1642083e+00 -1.3461771e+00 -1.3461771e+00 +1.4122696e+00 +1.4122696e+00 +3.4924119e+00 +3.4924119e+00 +4.7691838e+00 +4.7691838e+00 +1.1769604e+01 +1.1769604e+01 
-7.4254202e+01 -7.4254202e+01 -3.9087254e+01 -3.9087254e+01 -3.8373693e+01 -3.8373693e+01 -3.8039693e+01 -3.8039693e+01 -6.0689662e+00 -6.0689662e+00 -3.2447169e+00 -3.2447169e+00 -1.1582256e+00 -1.1582256e+00 +1.4915618e+00 +1.4915618e+00 +3.4631321e+00 +3.4631321e+00 +4.9173107e+00 +4.9173107e+00 +1.1572833e+01 +1.1572833e+01 
-7.4253893e+01 -7.4253893e+01 -3.9102530e+01 -3.9102530e+01 -3.8372757e+01 -3.8372757e+01 -3.8029976e+01 -3.8029976e+01 -6.1168929e+00 -6.1168929e+00 -3.3186543e+00 -3.3186543e+00 -9.6694466e-01 -9.6694466e-01 +1.5650529e+00 +1.5650529e+00 +3.4244649e+00 +3.4244649e+00 +5.0560915e+00 +5.0560915e+00 +1.1392794e+01 +1.1392794e+01 
-7.4253604e+01 -7.4253604e+01 -3.9116531e+01 -3.9116531e+01 -3.8371871e+01 -3.8371871e+01 -3.8021149e+01 -3.8021149e+01 -6.1614439e+00 -6.1614439e+00 -3.3859014e+00 -3.3859014e+00 -7.7450473e-01 -7.7450473e-01 +1.6323266e+00 +1.6323266e+00 +3.3763255e+00 +3.3763255e+00 +5.1846095e+00 +5.1846095e+00 +1.1229549e+01 +1.1229549e+01 
-7.4253340e+01 -7.4253340e+01 -3.9129203e+01 -3.9129203e+01 -3.8371044e+01 -3.8371044e+01 -3.8013224e+01 -3.8013224e+01 -6.2022392e+00 -6.2022392e+00 -3.4463515e+00 -3.4463515e+00 -5.8339955e-01 -5.8339955e-01 +1.6929780e+00 +1.6929780e+00 +3.3191138e+00 +3.3191138e+00 +5.3019933e+00 +5.3019933e+00 +1.1083242e+01 +1.1083242e+01 
-7.4253101e+01 -7.4253101e+01 -3.9140498e+01 -3.9140498e+01 -3.8370281e+01 -3.8370281e+01 -3.8006210e+01 -3.8006210e+01 -6.2389542e+00 -6.2389542e+00 -3.4999098e+00 -3.4999098e+00 -3.9655404e-01 -3.9655404e-01 +1.7466240e+00 +1.7466240e+00 +3.2538829e+00 +3.2538829e+00 +5.4074339e+00 +5.4074339e+00 +1.0954037e+01 +1.0954037e+01 
-7.4252890e+01 -7.4252890e+01 -3.9150372e+01 -3.9150372e+01 -3.8369589e+01 -3.8369589e+01 -3.8000113e+01 -3.8000113e+01 -6.2713131e+00 -6.2713131e+00 -3.5464934e+00 -3.5464934e+00 -2.1745501e-01 -2.1745501e-01 +1.7929197e+00 +1.7929197e+00 +3.1825354e+00 +3.1825354e+00 +5.5002020e+00 +5.5002020e+00 +1.0842055e+01 +1.0842055e+01 
-7.4252708e+01 -7.4252708e+01 -3.9158789e+01 -3.9158789e+01 -3.8368976e+01 -3.8368976e+01 -3.7994942e+01 -3.7994942e+01 -6.2990838e+00 -6.2990838e+00 -3.5860306e+00 -3.5860306e+00 -5.0297825e-02 -5.0297825e-02 +1.8315866e+00 +1.8315866e+00 +3.1080295e+00 +3.1080295e+00 +5.5796661e+00 +5.5796661e+00 +1.0747351e+01 +1.0747351e+01 
-7.4252558e+01 -7.4252558e+01 -3.9165715e+01 -3.9165715e+01 -3.8368451e+01 -3.8368451e+01 -3.7990700e+01 -3.7990700e+01 -6.3220726e+00 -6.3220726e+00 -3.6184610e+00 -3.6184610e+00 +9.9881696e-02 +9.9881696e-02 +1.8624650e+00 +1.8624650e+00 +3.0345360e+00 +3.0345360e+00 +5.6453053e+00 +5.6453053e+00 +1.0669917e+01 +1.0669917e+01 
-7.4252440e+01 -7.4252440e+01 -3.9171126e+01 -3.9171126e+01 -3.8368024e+01 -3.8368024e+01 -3.7987394e+01 -3.7987394e+01 -6.3401215e+00 -6.3401215e+00 -3.6437357e+00 -3.6437357e+00 +2.2717470e-01 +2.2717470e-01 +1.8855983e+00 +1.8855983e+00 +2.9674292e+00 +2.9674292e+00 +5.6967172e+00 +5.6967172e+00 +1.0609715e+01 +1.0609715e+01 
-7.4252355e+01 -7.4252355e+01 -3.9175003e+01 -3.9175003e+01 -3.8367706e+01 -3.8367706e+01 -3.7985027e+01 -3.7985027e+01 -6.3531059e+00 -6.3531059e+00 -3.6618163e+00 -3.6618163e+00 +3.2504172e-01 +3.2504172e-01 +1.9013268e+00 +1.9013268e+00 +2.9129119e+00 +2.9129119e+00 +5.7336159e+00 +5.7336159e+00 +1.0566713e+01 +1.0566713e+01 
-7.4252304e+01 -7.4252304e+01 -3.9177333e+01 -3.9177333e+01 -3.8367509e+01 -3.8367509e+01 -3.7983605e+01 -3.7983605e+01 -6.3609343e+00 -6.3609343e+00 -3.6726756e+00 -3.6726756e+00 +3.8707517e-01 +3.8707517e-01 +1.9102872e+00 +1.9102872e+00 +2.8770928e+00 +2.8770928e+00 +5.7558195e+00 +5.7558195e+00 +1.0540902e+01 +1.0540902e+01 
-7.4252287e+01 -7.4252287e+01 -3.9178110e+01 -3.9178110e+01 -3.8367443e+01 -3.8367443e+01 -3.7983131e+01 -3.7983131e+01 -6.3635502e+00 -6.3635502e+00 -3.6762972e+00 -3.6762972e+00 +4.0837481e-01 +4.0837481e-01 +1.9131709e+00 +1.9131709e+00 +2.8645769e+00 +2.8645769e+00 +5.7632307e+00 +5.7632307e+00 +1.0532296e+01 +1.0532296e+01 
-7.4252413e+01 -7.4252194e+01 -3.9177757e+01 -3.9176965e+01 -3.8367928e+01 -3.8367086e+01 -3.7984047e+01 -3.7983128e+01 -6.3630429e+00 -6.3590237e+00 -3.6743908e+00 -3.6712287e+00 +3.8453266e-01 +3.9123520e-01 +1.9034497e+00 +1.9173232e+00 +2.8633248e+00 +2.8899596e+00 +5.7499897e+00 +5.7622077e+00 +1.0530629e+01 +1.0550519e+01 
-7.4252791e+01 -7.4251914e+01 -3.9176701e+01 -3.9173535e+01 -3.8369381e+01 -3.8366009e+01 -3.7986793e+01 -3.7983118e+01 -6.3615726e+00 -6.3454776e+00 -3.6686752e+00 -3.6560274e+00 +3.1571602e-01 +3.4109138e-01 +1.8744612e+00 +1.9288129e+00 +2.8595061e+00 +2.9632183e+00 +5.7104289e+00 +5.7591429e+00 +1.0525630e+01 +1.0604946e+01 
-7.4253419e+01 -7.4251450e+01 -3.9174942e+01 -3.9167830e+01 -3.8371794e+01 -3.8364199e+01 -3.7991352e+01 -3.7983099e+01 -6.3592953e+00 -6.3230116e+00 -3.6591617e+00 -3.6307059e+00 +2.0873995e-01 +2.6134751e-01 +1.8267535e+00 +1.9451422e+00 +2.8529605e+00 +3.0770427e+00 +5.6450632e+00 +5.7540494e+00 +1.0517310e+01 +1.0694878e+01 
-7.4254295e+01 -7.4250803e+01 -3.9172484e+01 -3.9159866e+01 -3.8375158e+01 -3.8361639e+01 -3.7997703e+01 -3.7983069e+01 -6.3564724e+00 -6.2917909e+00 -3.6458685e+00 -3.5952851e+00 +7.1845688e-02 +1.5659443e-01 +1.7612935e+00 +1.9631774e+00 +2.8434967e+00 +3.2224926e+00 +5.5548196e+00 +5.7469495e+00 +1.0505709e+01 +1.0819234e+01 
-7.4255416e+01 -7.4249976e+01 -3.9169333e+01 -3.9149670e+01 -3.8379455e+01 -3.8358323e+01 -3.8005812e+01 -3.7983027e+01 -6.3534733e+00 -6.2520464e+00 -3.6288215e+00 -3.5497941e+00 -8.7350374e-02 +3.1725623e-02 +1.6794920e+00 +1.9799635e+00 +2.8309642e+00 +3.3911901e+00 +5.4410763e+00 +5.7378742e+00 +1.0490905e+01 +1.0976652e+01 
-7.4256777e+01 -7.4248972e+01 -3.9165500e+01 -3.9137274e+01 -3.8384667e+01 -3.8354250e+01 -3.8015641e+01 -3.7982970e+01 -6.3507791e+00 -6.2040779e+00 -3.6080537e+00 -3.4942701e+00 -2.6266465e-01 -1.0858758e-01 +1.5831783e+00 +1.9931672e+00 +2.8153043e+00 +3.5762499e+00 +5.3056411e+00 +5.7268645e+00 +1.0473017e+01 +1.1165617e+01 
-7.4258372e+01 -7.4247796e+01 -3.9160998e+01 -3.9122719e+01 -3.8390768e+01 -3.8349431e+01 -3.8027141e+01 -3.7982898e+01 -6.3489859e+00 -6.1482600e+00 -3.5836060e+00 -3.4287580e+00 -4.4935377e-01 -2.6009196e-01 +1.4745255e+00 +2.0011904e+00 +2.7965687e+00 +3.7723653e+00 +5.1506638e+00 +5.7139703e+00 +1.0452201e+01 +1.1384583e+01 
-7.4260195e+01 -7.4246453e+01 -3.9155843e+01 -3.9106052e+01 -3.8397730e+01 -3.8343883e+01 -3.8040256e+01 -3.7982811e+01 -6.3488079e+00 -6.0850498e+00 -3.5555267e+00 -3.3533101e+00 -6.4384034e-01 -4.1896308e-01 +1.3559525e+00 +2.0031032e+00 +2.7749141e+00 +3.9755599e+00 +4.9785083e+00 +5.6992512e+00 +1.0428631e+01 +1.1632092e+01 
-7.4262239e+01 -7.4244947e+01 -3.9150054e+01 -3.9087330e+01 -3.8405522e+01 -3.8337626e+01 -3.8054923e+01 -3.7982710e+01 -6.3510779e+00 -6.0149971e+00 -3.5238726e+00 -3.2679859e+00 -8.4342109e-01 -5.8174471e-01 +1.2300264e+00 +1.9985142e+00 +2.7505822e+00 +4.1828824e+00 +4.7916181e+00 +5.6827758e+00 +1.0402486e+01 +1.1906880e+01 
-7.4264494e+01 -7.4243286e+01 -3.9143653e+01 -3.9066615e+01 -3.8414106e+01 -3.8330687e+01 -3.8071072e+01 -3.7982594e+01 -6.3567433e+00 -5.9387561e+00 -3.4887087e+00 -3.1728513e+00 -1.0460361e+00 -7.4527716e-01 +1.0993835e+00 +1.9874384e+00 +2.7238765e+00 +4.3921406e+00 +4.5924008e+00 +5.6646214e+00 +1.0373943e+01 +1.2207980e+01 
-7.4266952e+01 -7.4241476e+01 -3.9136665e+01 -3.9043979e+01 -3.8423445e+01 -3.8323094e+01 -3.8088626e+01 -3.7982465e+01 -6.3668551e+00 -5.8570989e+00 -3.4501093e+00 -3.0679788e+00 -1.2501018e+00 -9.0663942e-01 +9.6667428e-01 +1.9701836e+00 +2.6951402e+00 +4.3831444e+00 +4.6016930e+00 +5.6448734e+00 +1.0343177e+01 +1.2534825e+01 
-7.4269601e+01 -7.4239524e+01 -3.9129117e+01 -3.9019499e+01 -3.8433496e+01 -3.8314878e+01 -3.8107501e+01 -3.7982323e+01 -6.3825460e+00 -5.7709303e+00 -3.4081584e+00 -2.9534476e+00 -1.4543909e+00 -1.0631136e+00 +8.3452973e-01 +1.9472619e+00 +2.6647396e+00 +4.1659661e+00 +4.8102933e+00 +5.6236245e+00 +1.0310354e+01 +1.2887386e+01 
-7.4272433e+01 -7.4237440e+01 -3.9121037e+01 -3.8993261e+01 -3.8444212e+01 -3.8306071e+01 -3.8127611e+01 -3.7982170e+01 -6.4049958e+00 -5.6813030e+00 -3.3629501e+00 -2.8293441e+00 -1.6579451e+00 -1.2121736e+00 +7.0554238e-01 +1.9193225e+00 +2.6330499e+00 +3.9427876e+00 +5.0169771e+00 +5.6009745e+00 +1.0275647e+01 +1.3266351e+01 
-7.4275434e+01 -7.4235233e+01 -3.9112457e+01 -3.8965355e+01 -3.8455546e+01 -3.8296710e+01 -3.8148860e+01 -3.7982007e+01 -6.4353798e+00 -5.5894323e+00 -3.3145896e+00 -2.6957635e+00 -1.8600095e+00 -1.3514979e+00 +5.8225368e-01 +1.8871028e+00 +2.6004465e+00 +3.7153298e+00 +5.2209803e+00 +5.5770291e+00 +1.0239230e+01 +1.3673395e+01 
-7.4278592e+01 -7.4232912e+01 -3.9103410e+01 -3.8935880e+01 -3.8467448e+01 -3.8286832e+01 -3.8171151e+01 -3.7981834e+01 -6.4748022e+00 -5.4967081e+00 -3.2631933e+00 -2.5528121e+00 -2.0599829e+00 -1.4790029e+00 +4.6713887e-01 +1.8513946e+00 +2.5672980e+00 +3.4851197e+00 +5.4216829e+00 +5.5518994e+00 +1.0201289e+01 +1.4111560e+01 
-7.4281895e+01 -7.4230487e+01 -3.9093931e+01 -3.8904942e+01 -3.8479863e+01 -3.8276478e+01 -3.8194382e+01 -3.7981652e+01 -6.5242161e+00 -5.4047003e+00 -3.2088903e+00 -2.4006105e+00 -2.2573791e+00 -1.5928924e+00 +3.6258234e-01 +1.8130198e+00 +2.5339618e+00 +3.2535038e+00 +5.5257011e+00 +5.6185698e+00 +1.0162018e+01 +1.4585773e+01 
-7.4285329e+01 -7.4227972e+01 -3.9084057e+01 -3.8872652e+01 -3.8492739e+01 -3.8265689e+01 -3.8218448e+01 -3.7981463e+01 -6.5843383e+00 -5.3151533e+00 -3.1518220e+00 -2.4517982e+00 -2.2392986e+00 -1.6917145e+00 +2.7083993e-01 +1.7728162e+00 +2.5007805e+00 +3.0216643e+00 +5.4985539e+00 +5.8112050e+00 +1.0121622e+01 +1.5103402e+01 
-7.4288879e+01 -7.4225377e+01 -3.9073826e+01 -3.8839128e+01 -3.8506018e+01 -3.8254510e+01 -3.8243240e+01 -3.7981268e+01 -6.6555715e+00 -5.2299635e+00 -3.0921436e+00 -2.6429039e+00 -2.0690398e+00 -1.7744179e+00 +1.9399174e-01 +1.7316267e+00 +2.4680796e+00 +2.7906361e+00 +5.4705806e+00 +5.9992144e+00 +1.0080311e+01 +1.5674629e+01 
-7.4292529e+01 -7.4222716e+01 -3.9063278e+01 -3.8804494e+01 -3.8519642e+01 -3.8268647e+01 -3.8242988e+01 -3.7981067e+01 -6.7379512e+00 -5.1511327e+00 -3.0300242e+00 -2.8304068e+00 -1.8900274e+00 -1.8404012e+00 +1.3389881e-01 +1.6902928e+00 +2.4361645e+00 +2.5613218e+00 +5.4419064e+00 +6.1822748e+00 +1.0038291e+01 +1.6125867e+01 
-7.4296263e+01 -7.4220000e+01 -3.9052456e+01 -3.8768878e+01 -3.8533554e+01 -3.8294559e+01 -3.8231171e+01 -3.7980862e+01 -6.8311368e+00 -5.0806919e+00 -3.0140521e+00 -2.9656472e+00 -1.8895556e+00 -1.7024896e+00 +9.2184590e-02 +1.6496448e+00 +2.3345065e+00 +2.4053175e+00 +5.4126585e+00 +6.3601054e+00 +9.9957505e+00 +1.5883964e+01 
-7.4300063e+01 -7.4217241e+01 -3.9041401e+01 -3.8732415e+01 -3.8547694e+01 -3.8320860e+01 -3.8219110e+01 -3.7980654e+01 -6.9344595e+00 -5.0205896e+00 -3.1936101e+00 -2.8992113e+00 -1.9223030e+00 -1.5066937e+00 +7.0257829e-02 +1.6104889e+00 +2.1108700e+00 +2.3757943e+00 +5.3829647e+00 +6.5324627e+00 +9.9528514e+00 +1.5635335e+01 
-7.4303911e+01 -7.4214447e+01 -3.9030159e+01 -3.8695245e+01 -3.8562003e+01 -3.8347437e+01 -3.8206859e+01 -3.7980443e+01 -7.0470207e+00 -4.9725484e+00 -3.3688691e+00 -2.8309303e+00 -1.9396149e+00 -1.3029484e+00 +6.9369798e-02 +1.5735921e+00 +1.8909990e+00 +2.3478186e+00 +5.3529535e+00 +6.6991340e+00 +9.9097122e+00 +1.5380752e+01 
-7.4307790e+01 -7.4211621e+01 -3.9018774e+01 -3.8657511e+01 -3.8576422e+01 -3.8374179e+01 -3.8194472e+01 -3.7980231e+01 -7.1677977e+00 -4.9379035e+00 -3.5396313e+00 -2.7610337e+00 -1.9429718e+00 -1.0916031e+00 +9.0662410e-02 +1.5396723e+00 +1.6753987e+00 +2.3215764e+00 +5.3227531e+00 +6.8599327e+00 +9.8664028e+00 +1.5120892e+01 
-7.4311683e+01 -7.4208768e+01 -3.9007292e+01 -3.8619363e+01 -3.8590890e+01 -3.8400976e+01 -3.8182005e+01 -3.7980019e+01 -7.2957009e+00 -4.9174522e+00 -3.7057081e+00 -2.6897666e+00 -1.9342241e+00 -8.7304362e-01 +1.3514820e-01 +1.4645058e+00 +1.5094031e+00 +2.2972088e+00 +5.2924905e+00 +7.0146906e+00 +9.8229450e+00 +1.4856339e+01 
-7.4315577e+01 -7.4205891e+01 -3.8995760e+01 -3.8605349e+01 -3.8580953e+01 -3.8427719e+01 -3.8169513e+01 -3.7979807e+01 -7.4295667e+00 -4.9113558e+00 -3.8669188e+00 -2.6173900e+00 -1.9153852e+00 -6.4768453e-01 +2.0359595e-01 +1.2587028e+00 +1.4834303e+00 +2.2748058e+00 +5.2622915e+00 +7.1632511e+00 +9.7793210e+00 +1.4587587e+01 
-7.4319457e+01 -7.4203000e+01 -3.8984225e+01 -3.8619740e+01 -3.8542437e+01 -3.8454301e+01 -3.8157051e+01 -3.7979597e+01 -7.5681342e+00 -4.9191259e+00 -4.0230881e+00 -2.5441805e+00 -1.8884475e+00 -4.1595880e-01 +2.9636256e-01 +1.0583345e+00 +1.4623832e+00 +2.2544012e+00 +5.2322796e+00 +7.3054603e+00 +9.7354889e+00 +1.4315059e+01 
-7.4323311e+01 -7.4200109e+01 -3.8972736e+01 -3.8634006e+01 -3.8503972e+01 -3.8480618e+01 -3.8144671e+01 -3.7979389e+01 -7.7100578e+00 -4.9397031e+00 -4.1740451e+00 -2.4704297e+00 -1.8552886e+00 -1.7830618e-01 +4.1325489e-01 +8.6372452e-01 +1.4468676e+00 +2.2359706e+00 +5.2025758e+00 +7.4411579e+00 +9.6913986e+00 +1.4039120e+01 
-7.4327124e+01 -7.4197235e+01 -3.8961339e+01 -3.8648089e+01 -3.8506564e+01 -3.8465718e+01 -3.8132420e+01 -3.7979184e+01 -7.8539594e+00 -4.9716032e+00 -4.3196230e+00 -2.3964439e+00 -1.8176513e+00 +6.4837612e-02 +5.5348767e-01 +6.7519070e-01 +1.4374425e+00 +2.2194349e+00 +5.1732981e+00 +7.5701688e+00 +9.6470063e+00 +1.3760102e+01 
-7.4330881e+01 -7.4194393e+01 -3.8950083e+01 -3.8661933e+01 -3.8532039e+01 -3.8427837e+01 -3.8120342e+01 -3.7978983e+01 -7.9984877e+00 -5.0130888e+00 -4.4596582e+00 -2.3225434e+00 -1.7771497e+00 +3.1304858e-01 +4.9305639e-01 +7.1574627e-01 +1.4345871e+00 +2.2046686e+00 +5.1445607e+00 +7.6922958e+00 +9.6022834e+00 +1.3478324e+01 
-7.4334567e+01 -7.4191600e+01 -3.8939016e+01 -3.8675484e+01 -3.8556943e+01 -3.8390490e+01 -3.8108475e+01 -3.7978786e+01 -8.1423626e+00 -5.0623276e+00 -4.5939904e+00 -2.2490608e+00 -1.7352654e+00 +3.1765534e-01 +5.6591712e-01 +8.9831536e-01 +1.4386667e+00 +2.1915131e+00 +5.1164745e+00 +7.8073162e+00 +9.5572206e+00 +1.3194111e+01 
-7.4338168e+01 -7.4188869e+01 -3.8928184e+01 -3.8688686e+01 -3.8581177e+01 -3.8353841e+01 -3.8096854e+01 -3.7978595e+01 -8.2843977e+00 -5.1175154e+00 -4.7224624e+00 -2.1763401e+00 -1.6933307e+00 +1.4932983e-01 +8.2304410e-01 +1.0992219e+00 +1.4498995e+00 +2.1797930e+00 +5.0891457e+00 +7.9149837e+00 +9.5118277e+00 +1.2907821e+01 
-7.4341667e+01 -7.4186212e+01 -3.8917636e+01 -3.8701488e+01 -3.8604651e+01 -3.8318050e+01 -3.8085516e+01 -3.7978409e+01 -8.4235077e+00 -5.1769558e+00 -4.8449202e+00 -2.1047351e+00 -1.6525025e+00 -1.1576849e-02 +1.0840296e+00 +1.3163544e+00 +1.4683263e+00 +2.1693331e+00 +5.0626766e+00 +8.0150396e+00 +9.4661306e+00 +1.2619863e+01 
-7.4345051e+01 -7.4183641e+01 -3.8907415e+01 -3.8713839e+01 -3.8627274e+01 -3.8283279e+01 -3.8074497e+01 -3.7978230e+01 -8.5587054e+00 -5.2391055e+00 -4.9612131e+00 -2.0346069e+00 -1.6137383e+00 -1.6473076e-01 +1.3484543e+00 +1.4937857e+00 +1.5475408e+00 +2.1599711e+00 +5.0371648e+00 +8.1072349e+00 +9.4201656e+00 +1.2330721e+01 
-7.4348305e+01 -7.4181168e+01 -3.8897569e+01 -3.8725690e+01 -3.8648961e+01 -3.8249684e+01 -3.8063838e+01 -3.7978058e+01 -8.6890950e+00 -5.3025906e+00 -5.0711938e+00 -1.9663218e+00 -1.5777796e+00 -3.0981768e-01 +1.5258976e+00 +1.6158528e+00 +1.7905838e+00 +2.1515677e+00 +5.0127031e+00 +8.1913686e+00 +9.3739717e+00 +1.2040977e+01 
-7.4351417e+01 -7.4178801e+01 -3.8888139e+01 -3.8736995e+01 -3.8669631e+01 -3.8217421e+01 -3.8053585e+01 -3.7977894e+01 -8.8138633e+00 -5.3662069e+00 -5.1747185e+00 -1.9002486e+00 -1.5451458e+00 -4.4655111e-01 +1.5640580e+00 +1.8856801e+00 +2.0432585e+00 +2.1440094e+00 +4.9893799e+00 +8.2673423e+00 +9.3275784e+00 +1.1751328e+01 
-7.4354373e+01 -7.4176551e+01 -3.8879169e+01 -3.8747710e+01 -3.8689207e+01 -3.8186640e+01 -3.8043785e+01 -3.7977738e+01 -8.9322705e+00 -5.4289098e+00 -5.2716475e+00 -1.8367559e+00 -1.5161422e+00 -5.7467696e-01 +1.6074479e+00 +2.1372079e+00 +2.1572686e+00 +2.3032793e+00 +4.9672785e+00 +8.3352290e+00 +9.2809897e+00 +1.1462615e+01 
-7.4357161e+01 -7.4174427e+01 -3.8870697e+01 -3.8757794e+01 -3.8707618e+01 -3.8157488e+01 -3.8034487e+01 -3.7977590e+01 -9.0436429e+00 -5.4897987e+00 -5.3618461e+00 -1.7762084e+00 -1.4908791e+00 -6.9397489e-01 +1.6550541e+00 +2.1310964e+00 +2.4297766e+00 +2.5682409e+00 +4.9464777e+00 +8.3953509e+00 +9.2341671e+00 +1.1175846e+01 
-7.4359770e+01 -7.4172437e+01 -3.8862762e+01 -3.8767207e+01 -3.8724796e+01 -3.8130103e+01 -3.8025741e+01 -3.7977452e+01 -9.1473663e+00 -5.5481007e+00 -5.4451855e+00 -1.7189638e+00 -1.4693011e+00 -8.0425709e-01 +1.7057029e+00 +2.1256238e+00 +2.7021238e+00 +2.8355414e+00 +4.9270514e+00 +8.4483450e+00 +9.1870215e+00 +1.0892235e+01 
-7.4362190e+01 -7.4170591e+01 -3.8855398e+01 -3.8775913e+01 -3.8740677e+01 -3.8104619e+01 -3.8017593e+01 -3.7977322e+01 -9.2428845e+00 -5.6031544e+00 -5.5215448e+00 -1.6653691e+00 -1.4512214e+00 -9.0536547e-01 +1.7581014e+00 +2.1207500e+00 +2.9729112e+00 +3.1022918e+00 +4.9090687e+00 +8.4951913e+00 +9.1394356e+00 +1.0613244e+01 
-7.4364410e+01 -7.4168896e+01 -3.8848636e+01 -3.8783881e+01 -3.8755206e+01 -3.8081160e+01 -3.8010087e+01 -3.7977203e+01 -9.3297027e+00 -5.6543949e+00 -5.5908147e+00 -1.6157569e+00 -1.4363588e+00 -9.9716804e-01 +1.8108842e+00 +2.1164415e+00 +3.2403222e+00 +3.3652260e+00 +4.8925938e+00 +8.5371645e+00 +9.0913399e+00 +1.0340655e+01 
-7.4366422e+01 -7.4167359e+01 -3.8842506e+01 -3.8791078e+01 -3.8768330e+01 -3.8059841e+01 -3.8003262e+01 -3.7977095e+01 -9.4074016e+00 -5.7013416e+00 -5.6529007e+00 -1.5704416e+00 -1.4243726e+00 -1.0795552e+00 +1.8626620e+00 +2.1126692e+00 +3.5019986e+00 +3.6206253e+00 +4.8776857e+00 +8.5756789e+00 +9.0428543e+00 +1.0076659e+01 
-7.4368217e+01 -7.4165989e+01 -3.8837032e+01 -3.8797481e+01 -3.8780004e+01 -3.8040769e+01 -3.7997157e+01 -3.7976997e+01 -9.4756615e+00 -5.7435890e+00 -5.7077279e+00 -1.5297159e+00 -1.4148938e+00 -1.1524363e+00 +1.9120683e+00 +2.1094066e+00 +3.7548893e+00 +3.8642749e+00 +4.8643986e+00 +8.6120215e+00 +8.9944644e+00 +9.8239944e+00 
-7.4369788e+01 -7.4164790e+01 -3.8832236e+01 -3.8803065e+01 -3.8790187e+01 -3.8024036e+01 -3.7991802e+01 -3.7976911e+01 -9.5342973e+00 -5.7807993e+00 -5.7552445e+00 -1.4938470e+00 -1.4075515e+00 -1.2157365e+00 +1.9578033e+00 +2.1066295e+00 +3.9950727e+00 +4.0914661e+00 +4.8527809e+00 +8.6470173e+00 +8.9471563e+00 +9.5861131e+00 
-7.4371128e+01 -7.4163770e+01 -3.8828136e+01 -3.8807812e+01 -3.8798848e+01 -3.8009727e+01 -3.7987224e+01 -3.7976838e+01 -9.5832901e+00 -5.8126972e+00 -5.7954233e+00 -1.4630738e+00 -1.4019937e+00 -1.2693947e+00 +1.9986733e+00 +2.1043165e+00 +4.2175688e+00 +4.2970596e+00 +4.8428755e+00 +8.6807296e+00 +8.9024272e+00 +9.3673871e+00 
-7.4372232e+01 -7.4162931e+01 -3.8824751e+01 -3.8811709e+01 -3.8805961e+01 -3.7997914e+01 -3.7983448e+01 -3.7976776e+01 -9.6227923e+00 -5.8390640e+00 -5.8282597e+00 -1.4376036e+00 -1.3979033e+00 -1.3133612e+00 +2.0336229e+00 +2.1024491e+00 +4.4161954e+00 +4.4756366e+00 +4.8347194e+00 +8.7123189e+00 +8.8621415e+00 +9.1732903e+00 
-7.4373096e+01 -7.4162276e+01 -3.8822097e+01 -3.8814745e+01 -3.8811507e+01 -3.7988658e+01 -3.7980492e+01 -3.7976728e+01 -9.6530817e+00 -5.8597320e+00 -5.8537656e+00 -1.4176096e+00 -1.3950102e+00 -1.3475969e+00 +2.0617607e+00 +2.1010120e+00 +4.5835902e+00 +4.6217675e+00 +4.8283433e+00 +8.7401527e+00 +8.8282758e+00 +9.0104373e+00 
-7.4373715e+01 -7.4161808e+01 -3.8820188e+01 -3.8816915e+01 -3.8815475e+01 -3.7982009e+01 -3.7978370e+01 -3.7976694e+01 -9.6744699e+00 -5.8745780e+00 -5.8719617e+00 -1.4032289e+00 -1.3930994e+00 -1.3720719e+00 +2.0823769e+00 +2.0999936e+00 +4.7116208e+00 +4.7304162e+00 +4.8237714e+00 +8.7621605e+00 +8.8026420e+00 +8.8862526e+00 
-7.4374088e+01 -7.4161528e+01 -3.8819037e+01 -3.8818218e+01 -3.8817857e+01 -3.7978004e+01 -3.7977092e+01 -3.7976673e+01 -9.6872073e+00 -5.8835180e+00 -5.8828692e+00 -1.3945605e+00 -1.3920153e+00 -1.3867652e+00 +2.0949557e+00 +2.0993858e+00 +4.7924273e+00 +4.7974415e+00 +4.8210212e+00 +8.7763362e+00 +8.7866636e+00 +8.8080120e+00 
-7.4374212e+01 -7.4161434e+01 -3.8818652e+01 -3.8818652e+01 -3.8818652e+01 -3.7976666e+01 -3.7976666e+01 -3.7976666e+01 -9.6914383e+00 -5.8865033e+00 -5.8865032e+00 -1.3916643e+00 -1.3916643e+00 -1.3916643e+00 +2.0991836e+00 +2.0991837e+00 +4.8201033e+00 +4.8201033e+00 +4.8201033e+00 +8.7812361e+00 +8.7812361e+00 +8.7812361e+00 
-7.4374088e+01 -7.4161528e+01 -3.8818764e+01 -3.8818764e+01 -3.8817584e+01 -3.7978144e+01 -3.7976813e+01 -3.7976813e+01 -9.6872075e+00 -5.8831922e+00 -5.8831921e+00 -1.3937144e+00 -1.3937144e+00 -1.3859125e+00 +2.0971709e+00 +2.0971709e+00 +4.7845625e+00 +4.8131465e+00 +4.8131465e+00 +8.7869355e+00 +8.7869355e+00 +8.7971609e+00 
-7.4373715e+01 -7.4161809e+01 -3.8819097e+01 -3.8819097e+01 -3.8814383e+01 -3.7982566e+01 -3.7977254e+01 -3.7977254e+01 -9.6744951e+00 -5.8732632e+00 -5.8732631e+00 -1.3998800e+00 -1.3998800e+00 -1.3686562e+00 +2.0911980e+00 +2.0911980e+00 +4.6806031e+00 +4.7924572e+00 +4.7924572e+00 +8.8041143e+00 +8.8041143e+00 +8.8429975e+00 
-7.4373096e+01 -7.4162277e+01 -3.8819647e+01 -3.8819647e+01 -3.8809059e+01 -3.7989899e+01 -3.7977989e+01 -3.7977989e+01 -9.6532268e+00 -5.8567300e+00 -5.8567299e+00 -1.4102054e+00 -1.4102054e+00 -1.3398932e+00 +2.0814589e+00 +2.0814590e+00 +4.5153957e+00 +4.7585731e+00 +4.7585731e+00 +8.8329632e+00 +8.8329632e+00 +8.9135690e+00 
-7.4372232e+01 -7.4162931e+01 -3.8820405e+01 -3.8820405e+01 -3.8801632e+01 -3.8000087e+01 -3.7979019e+01 -3.7979019e+01 -9.6232536e+00 -5.8336177e+00 -5.8336177e+00 -1.4247607e+00 -1.4247607e+00 -1.2996216e+00 +2.0682700e+00 +2.0682701e+00 +4.2987010e+00 +4.7123676e+00 +4.7123676e+00 +8.8736512e+00 +8.8736512e+00 +9.0019112e+00 
-7.4371129e+01 -7.4163768e+01 -3.8821361e+01 -3.8821361e+01 -3.8792134e+01 -3.8013054e+01 -3.7980345e+01 -3.7980345e+01 -9.5843604e+00 -5.8039665e+00 -5.8039665e+00 -1.4436362e+00 -1.4436362e+00 -1.2478409e+00 +2.0520586e+00 +2.0520586e+00 +4.0408971e+00 +4.6550040e+00 +4.6550040e+00 +8.9261650e+00 +8.9261650e+00 +9.1006815e+00 
-7.4369791e+01 -7.4164786e+01 -3.8822502e+01 -3.8822502e+01 -3.8780613e+01 -3.8028706e+01 -3.7981970e+01 -3.7981970e+01 -9.5363194e+00 -5.7678360e+00 -5.7678359e+00 -1.4669352e+00 -1.4669352e+00 -1.1845528e+00 +2.0333485e+00 +2.0333485e+00 +3.7516201e+00 +4.5878608e+00 +4.5878608e+00 +8.9901747e+00 +8.9901747e+00 +9.2030487e+00 
-7.4368224e+01 -7.4165977e+01 -3.8823814e+01 -3.8823814e+01 -3.8767132e+01 -3.8046933e+01 -3.7983895e+01 -3.7983895e+01 -9.4789641e+00 -5.7253102e+00 -5.7253101e+00 -1.4947649e+00 -1.4947649e+00 -1.1097608e+00 +2.0127411e+00 +2.0127412e+00 +3.4391085e+00 +4.5124341e+00 +4.5124341e+00 +9.0649665e+00 +9.0649665e+00 +9.3030887e+00 
-7.4366435e+01 -7.4167337e+01 -3.8825282e+01 -3.8825282e+01 -3.8751766e+01 -3.8067610e+01 -3.7986126e+01 -3.7986126e+01 -9.4122454e+00 -5.6765020e+00 -5.6765019e+00 -1.5272261e+00 -1.5272261e+00 -1.0234706e+00 +1.9908942e+00 +1.9908943e+00 +3.1100491e+00 +4.4302346e+00 +4.4302346e+00 +9.1494508e+00 +9.1494508e+00 +9.3959004e+00 
-7.4364432e+01 -7.4168857e+01 -3.8826889e+01 -3.8826889e+01 -3.8734605e+01 -3.8090596e+01 -3.7988666e+01 -3.7988666e+01 -9.3362504e+00 -5.6215550e+00 -5.6215549e+00 -1.5644022e+00 -1.5644022e+00 -9.2569135e-01 +1.9684984e+00 +1.9684985e+00 +2.7696951e+00 +4.3426992e+00 +4.3426992e+00 +9.2422332e+00 +9.2422332e+00 +9.4776202e+00 
-7.4362223e+01 -7.4170526e+01 -3.8828617e+01 -3.8828617e+01 -3.8715750e+01 -3.8115738e+01 -3.7991523e+01 -3.7991523e+01 -9.2511883e+00 -5.5606435e+00 -5.5606435e+00 -1.6063473e+00 -1.6063473e+00 -8.1643727e-01 +1.9462538e+00 +1.9462539e+00 +2.4220949e+00 +4.2511312e+00 +4.2511312e+00 +9.3417219e+00 +9.3417219e+00 +9.5454161e+00 
-7.4359819e+01 -7.4172336e+01 -3.8830447e+01 -3.8830447e+01 -3.8695313e+01 -3.8142868e+01 -3.7994703e+01 -3.7994703e+01 -9.1573616e+00 -5.4939707e+00 -5.4939706e+00 -1.6530746e+00 -1.6530746e+00 -6.9573015e-01 +1.9248476e+00 +1.9248476e+00 +2.0703448e+00 +4.1566748e+00 +4.1566748e+00 +9.4462430e+00 +9.4462430e+00 +9.5974835e+00 
-7.4357229e+01 -7.4174273e+01 -3.8832356e+01 -3.8832356e+01 -3.8673419e+01 -3.8171809e+01 -3.7998214e+01 -3.7998214e+01 -9.0551350e+00 -5.4217652e+00 -5.4217651e+00 -1.7045449e+00 -1.7045449e+00 -5.6360210e-01 +1.7168254e+00 +1.9049336e+00 +1.9049337e+00 +4.0603167e+00 +4.0603167e+00 +9.5541421e+00 +9.5541421e+00 +9.6330344e+00 
-7.4354465e+01 -7.4176324e+01 -3.8834322e+01 -3.8834322e+01 -3.8650201e+01 -3.8202371e+01 -3.8002066e+01 -3.8002066e+01 -8.9449112e+00 -5.3442794e+00 -5.3442793e+00 -1.7606572e+00 -1.7606572e+00 -4.2009847e-01 +1.3634160e+00 +1.8871156e+00 +1.8871157e+00 +3.9629056e+00 +3.9629056e+00 +9.6522581e+00 +9.6638587e+00 +9.6638587e+00 
-7.4351539e+01 -7.4178477e+01 -3.8836323e+01 -3.8836323e+01 -3.8625802e+01 -3.8234358e+01 -3.8006267e+01 -3.8006267e+01 -8.8271132e+00 -5.2617882e+00 -5.2617881e+00 -1.8212407e+00 -1.8212407e+00 -2.6528074e-01 +1.0116851e+00 +1.8719336e+00 +1.8719336e+00 +3.8651776e+00 +3.8651776e+00 +9.6562309e+00 +9.7739710e+00 +9.7739710e+00 
-7.4348463e+01 -7.4180719e+01 -3.8838332e+01 -3.8838332e+01 -3.8600375e+01 -3.8267568e+01 -3.8010827e+01 -3.8010827e+01 -8.7021725e+00 -5.1745889e+00 -5.1745888e+00 -1.8860497e+00 -1.8860497e+00 -9.9229449e-02 +6.6305592e-01 +1.8598541e+00 +1.8598542e+00 +3.7677813e+00 +3.7677813e+00 +9.6467544e+00 +9.8832154e+00 +9.8832154e+00 
-7.4345249e+01 -7.4183041e+01 -3.8840324e+01 -3.8840324e+01 -3.8574076e+01 -3.8301791e+01 -3.8015755e+01 -3.8015755e+01 -8.5705218e+00 -5.0830029e+00 -5.0830028e+00 -1.9547631e+00 -1.9547631e+00 +7.7953052e-02 +3.1892932e-01 +1.8512646e+00 +1.8512646e+00 +3.6712978e+00 +3.6712978e+00 +9.6261139e+00 +9.9904868e+00 +9.9904868e+00 
-7.4341912e+01 -7.4185434e+01 -3.8842272e+01 -3.8842272e+01 -3.8547070e+01 -3.8336817e+01 -3.8021061e+01 -3.8021061e+01 -8.4325896e+00 -4.9873771e+00 -4.9873771e+00 -2.0269857e+00 -2.0269857e+00 -1.9257724e-02 +2.6613995e-01 +1.8464698e+00 +1.8464698e+00 +3.5762561e+00 +3.5762561e+00 +9.5967771e+00 +1.0094830e+01 +1.0094830e+01 
-7.4338465e+01 -7.4187892e+01 -3.8844150e+01 -3.8844150e+01 -3.8519523e+01 -3.8372432e+01 -3.8026753e+01 -3.8026753e+01 -8.2887966e+00 -4.8880862e+00 -4.8880862e+00 -2.1022550e+00 -2.1022550e+00 -3.5005130e-01 +4.6517754e-01 +1.8456924e+00 +1.8456924e+00 +3.4831438e+00 +3.4831438e+00 +9.5610833e+00 +1.0195422e+01 +1.0195422e+01 
-7.4334923e+01 -7.4190408e+01 -3.8845929e+01 -3.8845929e+01 -3.8491610e+01 -3.8408422e+01 -3.8032842e+01 -3.8032842e+01 -8.1395524e+00 -4.7855341e+00 -4.7855341e+00 -2.1800500e+00 -2.1800500e+00 -6.7205974e-01 +6.7488299e-01 +1.8490742e+00 +1.8490743e+00 +3.3924151e+00 +3.3924151e+00 +9.5209902e+00 +1.0291562e+01 +1.0291562e+01 
-7.4331301e+01 -7.4192973e+01 -3.8847580e+01 -3.8847580e+01 -3.8463508e+01 -3.8444577e+01 -3.8039334e+01 -3.8039334e+01 -7.9852533e+00 -4.6801557e+00 -4.6801557e+00 -2.2598030e+00 -2.2598030e+00 -9.8404880e-01 +8.9504230e-01 +1.8566803e+00 +1.8566803e+00 +3.3044967e+00 +3.3044967e+00 +9.4779329e+00 +1.0382650e+01 +1.0382650e+01 
-7.4327612e+01 -7.4195575e+01 -3.8849076e+01 -3.8849076e+01 -3.8480685e+01 -3.8435400e+01 -3.8046239e+01 -3.8046239e+01 -7.8262807e+00 -4.5724175e+00 -4.5724175e+00 -2.3409132e+00 -2.3409132e+00 -1.2850070e+00 +1.1254082e+00 +1.8685023e+00 +1.8685024e+00 +3.2197920e+00 +3.2197920e+00 +9.4328115e+00 +1.0468179e+01 +1.0468179e+01 
-7.4323873e+01 -7.4198202e+01 -3.8850387e+01 -3.8850387e+01 -3.8516540e+01 -3.8407471e+01 -3.8053563e+01 -3.8053563e+01 -7.6629995e+00 -4.4628181e+00 -4.4628180e+00 -2.4227620e+00 -2.4227620e+00 -1.5741596e+00 +1.3656975e+00 +1.8844644e+00 +1.8844644e+00 +3.1386850e+00 +3.1386850e+00 +9.3860781e+00 +1.0547723e+01 +1.0547723e+01 
-7.4320099e+01 -7.4200842e+01 -3.8851485e+01 -3.8851485e+01 -3.8551943e+01 -3.8379909e+01 -3.8061312e+01 -3.8061312e+01 -7.4957589e+00 -4.3518875e+00 -4.3518875e+00 -2.5047274e+00 -2.5047274e+00 -1.8509388e+00 +1.6155882e+00 +1.9044280e+00 +1.9044280e+00 +3.0615422e+00 +3.0615422e+00 +9.3378720e+00 +1.0620932e+01 +1.0620932e+01 
-7.4316305e+01 -7.4203481e+01 -3.8852342e+01 -3.8852342e+01 -3.8586696e+01 -3.8352905e+01 -3.8069491e+01 -3.8069491e+01 -7.3248947e+00 -4.2401865e+00 -4.2401865e+00 -2.5861994e+00 -2.5861994e+00 -2.1149331e+00 +1.8747148e+00 +1.9281986e+00 +1.9281986e+00 +2.9887144e+00 +2.9887144e+00 +9.2881549e+00 +1.0687525e+01 +1.0687525e+01 
-7.4312506e+01 -7.4206107e+01 -3.8852930e+01 -3.8852930e+01 -3.8620611e+01 -3.8326645e+01 -3.8078106e+01 -3.8078106e+01 -7.1507325e+00 -4.1283041e+00 -4.1283041e+00 -2.6665930e+00 -2.6665930e+00 -2.3658355e+00 +1.9555330e+00 +1.9555331e+00 +2.1426622e+00 +2.9205370e+00 +2.9205370e+00 +9.2368152e+00 +1.0747293e+01 +1.0747293e+01 
-7.4308717e+01 -7.4208707e+01 -3.8853221e+01 -3.8853221e+01 -3.8653507e+01 -3.8301317e+01 -3.8087160e+01 -3.8087160e+01 -6.9735935e+00 -4.0168549e+00 -4.0168548e+00 -2.7453601e+00 -2.7453601e+00 -2.6034031e+00 +1.9861479e+00 +1.9861480e+00 +2.4189595e+00 +2.8573296e+00 +2.8573296e+00 +9.1837343e+00 +1.0800095e+01 +1.0800095e+01 
-7.4304954e+01 -7.4211269e+01 -3.8853189e+01 -3.8853189e+01 -3.8685211e+01 -3.8277101e+01 -3.8096653e+01 -3.8096653e+01 -6.7938015e+00 -3.9064749e+00 -3.9064749e+00 -2.8274296e+00 -2.8219983e+00 -2.8219983e+00 +2.0197295e+00 +2.0197296e+00 +2.7030723e+00 +2.7993942e+00 +2.7993942e+00 +9.1288178e+00 +1.0845871e+01 +1.0845871e+01 
-7.4301229e+01 -7.4213782e+01 -3.8852809e+01 -3.8852809e+01 -3.8715560e+01 -3.8254176e+01 -3.8106588e+01 -3.8106588e+01 -6.6116887e+00 -3.7978164e+00 -3.7978163e+00 -3.0377303e+00 -2.8960573e+00 -2.8960573e+00 +2.0559442e+00 +2.0559442e+00 +2.7470129e+00 +2.7470129e+00 +2.9943980e+00 +9.0720038e+00 +1.0884636e+01 +1.0884636e+01 
-7.4297558e+01 -7.4216235e+01 -3.8852056e+01 -3.8852056e+01 -3.8744398e+01 -3.8232710e+01 -3.8116963e+01 -3.8116963e+01 -6.4276019e+00 -3.6915410e+00 -3.6915410e+00 -3.2341342e+00 -2.9671417e+00 -2.9671417e+00 +2.0944490e+00 +2.0944490e+00 +2.7004432e+00 +2.7004432e+00 +3.2922625e+00 +9.0132574e+00 +1.0916499e+01 +1.0916499e+01 
-7.4293953e+01 -7.4218619e+01 -3.8850906e+01 -3.8850906e+01 -3.8771582e+01 -3.8212865e+01 -3.8127777e+01 -3.8127777e+01 -6.2419060e+00 -3.5883121e+00 -3.5883121e+00 -3.4164820e+00 -3.0349105e+00 -3.0349105e+00 +2.1349012e+00 +2.1349012e+00 +2.6599137e+00 +2.6599137e+00 +3.5959221e+00 +8.9525592e+00 +1.0941657e+01 +1.0941657e+01 
-7.4290425e+01 -7.4220924e+01 -3.8849338e+01 -3.8849338e+01 -3.8796979e+01 -3.8194794e+01 -3.8139024e+01 -3.8139024e+01 -6.0549865e+00 -3.5846270e+00 -3.4887851e+00 -3.4887850e+00 -3.0990744e+00 -3.0990744e+00 +2.1769660e+00 +2.1769661e+00 +2.6256175e+00 +2.6256175e+00 +3.9045687e+00 +8.8898939e+00 +1.0960413e+01 +1.0960413e+01 
-7.4286985e+01 -7.4223142e+01 -3.8847330e+01 -3.8847330e+01 -3.8820467e+01 -3.8178638e+01 -3.8150700e+01 -3.8150700e+01 -5.8672512e+00 -3.7384372e+00 -3.3935966e+00 -3.3935965e+00 -3.1593893e+00 -3.1593893e+00 +2.2203209e+00 +2.2203209e+00 +2.5977050e+00 +2.5977050e+00 +4.2173371e+00 +8.8252407e+00 +1.0973172e+01 +1.0973172e+01 
-7.4283645e+01 -7.4225265e+01 -3.8844864e+01 -3.8844864e+01 -3.8841934e+01 -3.8164524e+01 -3.8162796e+01 -3.8162796e+01 -5.6791317e+00 -3.8777989e+00 -3.3033529e+00 -3.3033529e+00 -3.2156498e+00 -3.2156498e+00 +2.2646555e+00 +2.2646555e+00 +2.5762766e+00 +2.5762766e+00 +4.5333145e+00 +8.7585668e+00 +1.0980451e+01 +1.0980451e+01 
-7.4280412e+01 -7.4227287e+01 -3.8861283e+01 -3.8841922e+01 -3.8841921e+01 -3.8175305e+01 -3.8175305e+01 -3.8152569e+01 -5.4910861e+00 -4.0026205e+00 -3.2676799e+00 -3.2676799e+00 -3.2186174e+00 -3.2186174e+00 +2.3096678e+00 +2.3096678e+00 +2.5613747e+00 +2.5613747e+00 +4.8515490e+00 +8.6898256e+00 +1.0982883e+01 +1.0982883e+01 
-7.4277297e+01 -7.4229201e+01 -3.8878426e+01 -3.8838486e+01 -3.8838486e+01 -3.8188215e+01 -3.8188215e+01 -3.8142872e+01 -5.3036029e+00 -4.1128371e+00 -3.3153257e+00 -3.3153257e+00 -3.1398982e+00 -3.1398982e+00 +2.3550568e+00 +2.3550568e+00 +2.5529754e+00 +2.5529754e+00 +5.1710554e+00 +8.6189573e+00 +1.0981224e+01 +1.0981224e+01 
-7.4274306e+01 -7.4231002e+01 -3.8893288e+01 -3.8834544e+01 -3.8834544e+01 -3.8201513e+01 -3.8201513e+01 -3.8135518e+01 -5.1172065e+00 -4.2084153e+00 -3.3584488e+00 -3.3584488e+00 -3.0676361e+00 -3.0676361e+00 +2.4005132e+00 +2.4005133e+00 +2.5509811e+00 +2.5509811e+00 +5.4908171e+00 +8.5458939e+00 +1.0976366e+01 +1.0976366e+01 
-7.4271446e+01 -7.4232686e+01 -3.8905805e+01 -3.8830081e+01 -3.8830081e+01 -3.8215185e+01 -3.8215185e+01 -3.8130574e+01 -4.9324640e+00 -4.2893589e+00 -3.3969235e+00 -3.3969235e+00 -3.0021947e+00 -3.0021946e+00 +2.4457129e+00 +2.4457130e+00 +2.5552131e+00 +2.5552131e+00 +5.8097817e+00 +8.4705663e+00 +1.0969353e+01 +1.0969353e+01 
-7.4268724e+01 -7.4234250e+01 -3.8915928e+01 -3.8825087e+01 -3.8825087e+01 -3.8229215e+01 -3.8229215e+01 -3.8128093e+01 -4.7499920e+00 -4.3557144e+00 -3.4306382e+00 -3.4306382e+00 -2.9438519e+00 -2.9438519e+00 +2.4903155e+00 +2.4903155e+00 +2.5654025e+00 +2.5654025e+00 +6.1268444e+00 +8.3929143e+00 +1.0961404e+01 +1.0961404e+01 
-7.4266144e+01 -7.4235691e+01 -3.8923617e+01 -3.8819551e+01 -3.8819551e+01 -3.8243587e+01 -3.8243587e+01 -3.8128105e+01 -4.5704644e+00 -4.4075770e+00 -3.4595011e+00 -3.4595011e+00 -2.8927955e+00 -2.8927955e+00 +2.5339723e+00 +2.5339723e+00 +2.5811796e+00 +2.5811796e+00 +6.4408118e+00 +8.3128977e+00 +1.0953940e+01 +1.0953940e+01 
-7.4263712e+01 -7.4237009e+01 -3.8928846e+01 -3.8813468e+01 -3.8813468e+01 -3.8258283e+01 -3.8258283e+01 -3.8130625e+01 -4.4450966e+00 -4.3946195e+00 -3.4834490e+00 -3.4834490e+00 -2.8491208e+00 -2.8491207e+00 +2.5763437e+00 +2.5763437e+00 +2.6020577e+00 +2.6020577e+00 +6.7503292e+00 +8.2305098e+00 +1.0948610e+01 +1.0948610e+01 
-7.4261429e+01 -7.4238204e+01 -3.8931601e+01 -3.8806830e+01 -3.8806830e+01 -3.8273284e+01 -3.8273284e+01 -3.8135650e+01 -4.4684833e+00 -4.2232663e+00 -3.5024564e+00 -3.5024564e+00 -2.8128326e+00 -2.8128326e+00 +2.6171218e+00 +2.6171218e+00 +2.6274111e+00 +2.6274111e+00 +7.0537360e+00 +8.1457924e+00 +1.0947280e+01 +1.0947280e+01 
-7.4259300e+01 -7.4239275e+01 -3.8931879e+01 -3.8799635e+01 -3.8799635e+01 -3.8288569e+01 -3.8288569e+01 -3.8143156e+01 -4.4780128e+00 -4.0572897e+00 -3.5165421e+00 -3.5165421e+00 -2.7838506e+00 -2.7838505e+00 +2.6560536e+00 +2.6560537e+00 +2.6564492e+00 +2.6564492e+00 +7.3487729e+00 +8.0588509e+00 +1.0951977e+01 +1.0951977e+01 
-7.4257324e+01 -7.4240226e+01 -3.8929692e+01 -3.8791881e+01 -3.8791881e+01 -3.8304119e+01 -3.8304119e+01 -3.8153102e+01 -4.4740317e+00 -3.8976532e+00 -3.5257714e+00 -3.5257714e+00 -2.7620159e+00 -2.7620159e+00 +2.6881972e+00 +2.6881972e+00 +2.6929570e+00 +2.6929571e+00 +7.6319587e+00 +7.9698724e+00 +1.0953859e+01 +1.0964728e+01 
-7.4255502e+01 -7.4241060e+01 -3.8925061e+01 -3.8783568e+01 -3.8783568e+01 -3.8319911e+01 -3.8319911e+01 -3.8165430e+01 -4.4569623e+00 -3.7453993e+00 -3.5302531e+00 -3.5302531e+00 -2.7471012e+00 -2.7471012e+00 +2.7215052e+00 +2.7215053e+00 +2.7277254e+00 +2.7277254e+00 +7.8791438e+00 +7.8971835e+00 +1.0551974e+01 +1.0987289e+01 
-7.4253834e+01 -7.4241780e+01 -3.8918022e+01 -3.8774700e+01 -3.8774700e+01 -3.8335922e+01 -3.8335922e+01 -3.8180063e+01 -4.4273075e+00 -3.6016451e+00 -3.5301333e+00 -3.5301333e+00 -2.7388197e+00 -2.7388197e+00 +2.7551143e+00 +2.7551143e+00 +2.7603204e+00 +2.7603204e+00 +7.7870722e+00 +8.1323877e+00 +1.0195606e+01 +1.1020801e+01 
-7.4252318e+01 -7.4242393e+01 -3.8908622e+01 -3.8765281e+01 -3.8765281e+01 -3.8352128e+01 -3.8352128e+01 -3.8196909e+01 -4.3856558e+00 -3.5255874e+00 -3.5255874e+00 -3.4675728e+00 -2.7368347e+00 -2.7368346e+00 +2.7877940e+00 +2.7877940e+00 +2.7907553e+00 +2.7907553e+00 +7.6942072e+00 +8.3122944e+00 +9.9117112e+00 +1.1065503e+01 
-7.4250952e+01 -7.4242904e+01 -3.8896920e+01 -3.8755319e+01 -3.8755319e+01 -3.8368501e+01 -3.8368501e+01 -3.8215859e+01 -4.3326875e+00 -3.5168121e+00 -3.5168121e+00 -3.3444131e+00 -2.7407683e+00 -2.7407683e+00 +2.8185265e+00 +2.8185265e+00 +2.8190735e+00 +2.8190735e+00 +7.6012650e+00 +8.3912737e+00 +9.7476510e+00 +1.1120660e+01 
-7.4249731e+01 -7.4243319e+01 -3.8882988e+01 -3.8744823e+01 -3.8744823e+01 -3.8385016e+01 -3.8385016e+01 -3.8236790e+01 -4.2691802e+00 -3.5040192e+00 -3.5040192e+00 -3.2334198e+00 -2.7502101e+00 -2.7502101e+00 +2.8453275e+00 +2.8453275e+00 +2.8466598e+00 +2.8466599e+00 +7.5091548e+00 +8.3330996e+00 +9.7414045e+00 +1.1184803e+01 
-7.4248652e+01 -7.4243647e+01 -3.8866909e+01 -3.8733804e+01 -3.8733804e+01 -3.8401642e+01 -3.8401642e+01 -3.8259565e+01 -4.1960158e+00 -3.4874320e+00 -3.4874320e+00 -3.1358344e+00 -2.7647247e+00 -2.7647247e+00 +2.8695635e+00 +2.8695635e+00 +2.8719526e+00 +2.8719526e+00 +7.4190093e+00 +8.1698365e+00 +9.8626516e+00 +1.1256189e+01 
-7.4247708e+01 -7.4243896e+01 -3.8848777e+01 -3.8722276e+01 -3.8722276e+01 -3.8418351e+01 -3.8418351e+01 -3.8284035e+01 -4.1141879e+00 -3.4672831e+00 -3.4672831e+00 -3.0528400e+00 -2.7838604e+00 -2.7838604e+00 +2.8918119e+00 +2.8918119e+00 +2.8944871e+00 +2.8944871e+00 +7.3322155e+00 +7.9632225e+00 +1.0051349e+01 +1.1333281e+01 
-7.4246894e+01 -7.4244075e+01 -3.8828699e+01 -3.8710253e+01 -3.8710253e+01 -3.8435111e+01 -3.8435111e+01 -3.8310040e+01 -4.0248091e+00 -3.4438148e+00 -3.4438148e+00 -2.9855048e+00 -2.8071568e+00 -2.8071568e+00 +2.9120838e+00 +2.9120838e+00 +2.9145103e+00 +2.9145103e+00 +7.2504471e+00 +7.7522894e+00 +1.0270058e+01 +1.1415040e+01 
-7.4246203e+01 -7.4244192e+01 -3.8806792e+01 -3.8697752e+01 -3.8697752e+01 -3.8451892e+01 -3.8451892e+01 -3.8337409e+01 -3.9291183e+00 -3.4172797e+00 -3.4172796e+00 -2.9347188e+00 -2.8341509e+00 -2.8341509e+00 +2.9303718e+00 +2.9303718e+00 +2.9322844e+00 +2.9322844e+00 +7.1756853e+00 +7.5560553e+00 +1.0501193e+01 +1.1501000e+01 
-7.4245628e+01 -7.4244257e+01 -3.8783184e+01 -3.8684791e+01 -3.8684791e+01 -3.8468662e+01 -3.8468662e+01 -3.8365964e+01 -3.8284876e+00 -3.3879420e+00 -3.3879420e+00 -2.9011268e+00 -2.8643815e+00 -2.8643815e+00 +2.9466527e+00 +2.9466527e+00 +2.9479981e+00 +2.9479981e+00 +7.1102077e+00 +7.3841512e+00 +1.0736331e+01 +1.1591173e+01 
-7.4245159e+01 -7.4244280e+01 -3.8758013e+01 -3.8671390e+01 -3.8671390e+01 -3.8485388e+01 -3.8485388e+01 -3.8395520e+01 -3.7244273e+00 -3.3560793e+00 -3.3560793e+00 -2.8973924e+00 -2.8973924e+00 -2.8850657e+00 +2.9608915e+00 +2.9608915e+00 +2.9617427e+00 +2.9617428e+00 +7.0564893e+00 +7.2419668e+00 +1.0970986e+01 +1.1685890e+01 
-7.4244789e+01 -7.4244271e+01 -3.8731426e+01 -3.8657571e+01 -3.8657571e+01 -3.8502040e+01 -3.8502040e+01 -3.8425887e+01 -3.6185886e+00 -3.3219832e+00 -3.3219832e+00 -2.9327336e+00 -2.9327336e+00 -2.8865138e+00 +2.9730457e+00 +2.9730457e+00 +2.9735268e+00 +2.9735268e+00 +7.0169041e+00 +7.1325649e+00 +1.1202622e+01 +1.1785648e+01 
-7.4244509e+01 -7.4244238e+01 -3.8703580e+01 -3.8643357e+01 -3.8643357e+01 -3.8518584e+01 -3.8518584e+01 -3.8456870e+01 -3.5127616e+00 -3.2859599e+00 -3.2859599e+00 -2.9699631e+00 -2.9699631e+00 -2.9050620e+00 +2.9830696e+00 +2.9830696e+00 +2.9833064e+00 +2.9833065e+00 +6.9930467e+00 +7.0570123e+00 +1.1430234e+01 +1.1891002e+01 
-7.4244310e+01 -7.4244193e+01 -3.8674642e+01 -3.8628773e+01 -3.8628773e+01 -3.8534988e+01 -3.8534988e+01 -3.8488274e+01 -3.4088659e+00 -3.2483309e+00 -3.2483309e+00 -3.0086475e+00 -3.0086475e+00 -2.9399114e+00 +2.9909186e+00 +2.9909187e+00 +2.9910142e+00 +2.9910142e+00 +6.9845127e+00 +7.0136488e+00 +1.1654997e+01 +1.2002491e+01 
-7.4244181e+01 -7.4244146e+01 -3.8644786e+01 -3.8613843e+01 -3.8613843e+01 -3.8551223e+01 -3.8551223e+01 -3.8519902e+01 -3.3089258e+00 -3.2094323e+00 -3.2094322e+00 -3.0483629e+00 -3.0483629e+00 -2.9899039e+00 +2.9965536e+00 +2.9965536e+00 +2.9965808e+00 +2.9965808e+00 +6.9874279e+00 +6.9966769e+00 +1.1881637e+01 +1.2120606e+01 
-7.4244113e+01 -7.4244108e+01 -3.8614195e+01 -3.8598595e+01 -3.8598595e+01 -3.8567255e+01 -3.8567255e+01 -3.8551560e+01 -3.2150257e+00 -3.1696148e+00 -3.1696148e+00 -3.0886957e+00 -3.0886957e+00 -3.0535792e+00 +2.9999448e+00 +2.9999448e+00 +2.9999481e+00 +2.9999481e+00 +6.9942624e+00 +6.9954773e+00 +1.2119171e+01 +1.2245768e+01 
-7.4244093e+01 -7.4244093e+01 -3.8583056e+01 -3.8583056e+01 -3.8583056e+01 -3.8583056e+01 -3.8583056e+01 -3.8583056e+01 -3.1292432e+00 -3.1292432e+00 -3.1292432e+00 -3.1292432e+00 -3.1292432e+00 -3.1292432e+00 +3.0010761e+00 +3.0010761e+00 +3.0010761e+00 +3.0010761e+00 +6.9973617e+00 +6.9973617e+00 +1.2378323e+01 +1.2378323e+01 
-7.4244110e+01 -7.4244110e+01 -3.8610059e+01 -3.8610059e+01 -3.8582861e+01 -3.8582861e+01 -3.8555808e+01 -3.8555808e+01 -3.2013223e+00 -3.2013223e+00 -3.1302269e+00 -3.1302269e+00 -3.0610590e+00 -3.0610590e+00 +2.9995096e+00 +2.9995096e+00 +3.0003840e+00 +3.0003840e+00 +6.9948708e+00 +6.9948708e+00 +1.2149933e+01 +1.2149933e+01 
-7.4244164e+01 -7.4244164e+01 -3.8636709e+01 -3.8636709e+01 -3.8582277e+01 -3.8582277e+01 -3.8528425e+01 -3.8528425e+01 -3.2770047e+00 -3.2770047e+00 -3.1331615e+00 -3.1331615e+00 -2.9969924e+00 -2.9969924e+00 +2.9948025e+00 +2.9948025e+00 +2.9983309e+00 +2.9983309e+00 +6.9920386e+00 +6.9920386e+00 +1.1933866e+01 +1.1933866e+01 
-7.4244251e+01 -7.4244251e+01 -3.8662901e+01 -3.8662901e+01 -3.8581306e+01 -3.8581306e+01 -3.8501016e+01 -3.8501016e+01 -3.3559313e+00 -3.3559313e+00 -3.1379981e+00 -3.1379981e+00 -2.9372031e+00 -2.9372031e+00 +2.9869311e+00 +2.9869311e+00 +2.9949791e+00 +2.9949791e+00 +6.9989251e+00 +6.9989251e+00 +1.1724576e+01 +1.1724576e+01 
-7.4244374e+01 -7.4244374e+01 -3.8688531e+01 -3.8688531e+01 -3.8579953e+01 -3.8579953e+01 -3.8473692e+01 -3.8473692e+01 -3.4376851e+00 -3.4376851e+00 -3.1446561e+00 -3.1446561e+00 -2.8817908e+00 -2.8817908e+00 +2.9758527e+00 +2.9758527e+00 +2.9904180e+00 +2.9904180e+00 +7.0243805e+00 +7.0243805e+00 +1.1517661e+01 +1.1517661e+01 
-7.4244532e+01 -7.4244532e+01 -3.8713499e+01 -3.8713499e+01 -3.8578222e+01 -3.8578222e+01 -3.8446566e+01 -3.8446566e+01 -3.5218048e+00 -3.5218048e+00 -3.1530251e+00 -3.1530251e+00 -2.8307949e+00 -2.8307949e+00 +2.9614992e+00 +2.9614992e+00 +2.9847556e+00 +2.9847556e+00 +7.0730243e+00 +7.0730243e+00 +1.1310809e+01 +1.1310809e+01 
-7.4244727e+01 -7.4244727e+01 -3.8737710e+01 -3.8737710e+01 -3.8576121e+01 -3.8576121e+01 -3.8419750e+01 -3.8419750e+01 -3.6077946e+00 -3.6077946e+00 -3.1629667e+00 -3.1629667e+00 -2.7841933e+00 -2.7841933e+00 +2.9437630e+00 +2.9437630e+00 +2.9781186e+00 +2.9781186e+00 +7.1458271e+00 +7.1458271e+00 +1.1103266e+01 +1.1103266e+01 
-7.4244961e+01 -7.4244961e+01 -3.8761070e+01 -3.8761070e+01 -3.8573657e+01 -3.8573657e+01 -3.8393355e+01 -3.8393355e+01 -3.6951328e+00 -3.6951328e+00 -3.1743172e+00 -3.1743172e+00 -2.7419036e+00 -2.7419036e+00 +2.9224739e+00 +2.9224739e+00 +2.9706525e+00 +2.9706525e+00 +7.2416665e+00 +7.2416665e+00 +1.0895113e+01 +1.0895113e+01 
-7.4245238e+01 -7.4245238e+01 -3.8783492e+01 -3.8783492e+01 -3.8570841e+01 -3.8570841e+01 -3.8367493e+01 -3.8367493e+01 -3.7832779e+00 -3.7832779e+00 -3.1868906e+00 -3.1868906e+00 -2.7037873e+00 -2.7037873e+00 +2.8973642e+00 +2.8973642e+00 +2.9625225e+00 +2.9625225e+00 +7.3584612e+00 +7.3584612e+00 +1.0686845e+01 +1.0686845e+01 
-7.4245560e+01 -7.4245560e+01 -3.8804894e+01 -3.8804894e+01 -3.8567684e+01 -3.8567684e+01 -3.8342274e+01 -3.8342274e+01 -3.8716763e+00 -3.8716763e+00 -3.2004812e+00 -3.2004812e+00 -2.6696552e+00 -2.6696552e+00 +2.8680299e+00 +2.8680299e+00 +2.9539104e+00 +2.9539104e+00 +7.4937015e+00 +7.4937015e+00 +1.0479252e+01 +1.0479252e+01 
-7.4245929e+01 -7.4245929e+01 -3.8825197e+01 -3.8825197e+01 -3.8564199e+01 -3.8564199e+01 -3.8317806e+01 -3.8317806e+01 -3.9597718e+00 -3.9597718e+00 -3.2148671e+00 -3.2148671e+00 -2.6392742e+00 -2.6392742e+00 +2.8339117e+00 +2.8339117e+00 +2.9450107e+00 +2.9450107e+00 +7.6445296e+00 +7.6445296e+00 +1.0273544e+01 +1.0273544e+01 
-7.4246343e+01 -7.4246343e+01 -3.8844330e+01 -3.8844330e+01 -3.8560399e+01 -3.8560399e+01 -3.8294196e+01 -3.8294196e+01 -4.0470188e+00 -4.0470188e+00 -3.2298131e+00 -3.2298131e+00 -2.6123722e+00 -2.6123722e+00 +2.7943362e+00 +2.7943362e+00 +2.9360239e+00 +2.9360239e+00 +7.8074339e+00 +7.8074339e+00 +1.0071735e+01 +1.0071735e+01 
-7.4246799e+01 -7.4246799e+01 -3.8862226e+01 -3.8862226e+01 -3.8556300e+01 -3.8556300e+01 -3.8271547e+01 -3.8271547e+01 -4.1328982e+00 -4.1328982e+00 -3.2450744e+00 -3.2450744e+00 -2.5886425e+00 -2.5886425e+00 +2.7486499e+00 +2.7486499e+00 +2.9271488e+00 +2.9271488e+00 +7.9773826e+00 +7.9773826e+00 +9.8775284e+00 +9.8775284e+00 
-7.4247293e+01 -7.4247293e+01 -3.8878824e+01 -3.8878824e+01 -3.8551919e+01 -3.8551919e+01 -3.8249959e+01 -3.8249959e+01 -4.2169333e+00 -4.2169333e+00 -3.2603993e+00 -3.2603993e+00 -2.5677464e+00 -2.5677464e+00 +2.6964183e+00 +2.6964183e+00 +2.9185742e+00 +2.9185742e+00 +8.1457676e+00 +8.1457676e+00 +9.6983399e+00 +9.6983399e+00 
-7.4247817e+01 -7.4247817e+01 -3.8894069e+01 -3.8894069e+01 -3.8547272e+01 -3.8547272e+01 -3.8229529e+01 -3.8229529e+01 -4.2987028e+00 -4.2987028e+00 -3.2755326e+00 -3.2755326e+00 -2.5493146e+00 -2.5493146e+00 +2.6375765e+00 +2.6375765e+00 +2.9104710e+00 +2.9104710e+00 +8.2957619e+00 +8.2957619e+00 +9.5498825e+00 +9.5498825e+00 
-7.4248362e+01 -7.4248362e+01 -3.8907910e+01 -3.8907910e+01 -3.8542379e+01 -3.8542379e+01 -3.8210349e+01 -3.8210349e+01 -4.3778473e+00 -4.3778473e+00 -3.2902188e+00 -3.2902188e+00 -2.5329476e+00 -2.5329476e+00 +2.5724187e+00 +2.5724187e+00 +2.9029859e+00 +2.9029859e+00 +8.3950392e+00 +8.3950392e+00 +9.4633782e+00 +9.4633782e+00 
-7.4248921e+01 -7.4248921e+01 -3.8920301e+01 -3.8920301e+01 -3.8537260e+01 -3.8537260e+01 -3.8192505e+01 -3.8192505e+01 -4.4540706e+00 -4.4540706e+00 -3.3042040e+00 -3.3042040e+00 -2.5182174e+00 -2.5182174e+00 +2.5014382e+00 +2.5014382e+00 +2.8962368e+00 +2.8962368e+00 +8.4027222e+00 +8.4027222e+00 +9.4785554e+00 +9.4785554e+00 
-7.4249487e+01 -7.4249487e+01 -3.8931200e+01 -3.8931200e+01 -3.8531935e+01 -3.8531935e+01 -3.8176078e+01 -3.8176078e+01 -4.5271374e+00 -4.5271374e+00 -3.3172387e+00 -3.3172387e+00 -2.5046689e+00 -2.5046689e+00 +2.4251401e+00 +2.4251401e+00 +2.8903105e+00 +2.8903105e+00 +8.3123982e+00 +8.3123982e+00 +9.6006043e+00 +9.6006043e+00 
-7.4250051e+01 -7.4250051e+01 -3.8940572e+01 -3.8940572e+01 -3.8526425e+01 -3.8526425e+01 -3.8161142e+01 -3.8161142e+01 -4.5968698e+00 -4.5968698e+00 -3.3290796e+00 -3.3290796e+00 -2.4918229e+00 -2.4918229e+00 +2.3439325e+00 +2.3439325e+00 +2.8852601e+00 +2.8852601e+00 +8.1572276e+00 +8.1572276e+00 +9.7950743e+00 +9.7950743e+00 
-7.4250608e+01 -7.4250608e+01 -3.8948387e+01 -3.8948387e+01 -3.8520754e+01 -3.8520754e+01 -3.8147764e+01 -3.8147764e+01 -4.6631439e+00 -4.6631439e+00 -3.3394915e+00 -3.3394915e+00 -2.4791788e+00 -2.4791788e+00 +2.2581127e+00 +2.2581127e+00 +2.8811048e+00 +2.8811048e+00 +7.9672109e+00 +7.9672109e+00 +1.0030643e+01 +1.0030643e+01 
-7.4251149e+01 -7.4251149e+01 -3.8954619e+01 -3.8954619e+01 -3.8514944e+01 -3.8514944e+01 -3.8136004e+01 -3.8136004e+01 -4.7258863e+00 -4.7258863e+00 -3.3482486e+00 -3.3482486e+00 -2.4662180e+00 -2.4662180e+00 +2.1679054e+00 +2.1679054e+00 +2.8778280e+00 +2.8778280e+00 +7.7580799e+00 +7.7580799e+00 +1.0290290e+01 +1.0290290e+01 
-7.4251671e+01 -7.4251671e+01 -3.8959251e+01 -3.8959251e+01 -3.8509018e+01 -3.8509018e+01 -3.8125914e+01 -3.8125914e+01 -4.7850686e+00 -4.7850686e+00 -3.3551362e+00 -3.3551362e+00 -2.4524078e+00 -2.4524078e+00 +2.0735108e+00 +2.0735108e+00 +2.8753778e+00 +2.8753778e+00 +7.5373699e+00 +7.5373699e+00 +1.0565296e+01 +1.0565296e+01 
-7.4252172e+01 -7.4252172e+01 -3.8962269e+01 -3.8962269e+01 -3.8503002e+01 -3.8503002e+01 -3.8117538e+01 -3.8117538e+01 -4.8407004e+00 -4.8407004e+00 -3.3599512e+00 -3.3599512e+00 -2.4372071e+00 -2.4372071e+00 +1.9751427e+00 +1.9751427e+00 +2.8736662e+00 +2.8736662e+00 +7.3089027e+00 +7.3089027e+00 +1.0850844e+01 +1.0850844e+01 
-7.4252651e+01 -7.4252651e+01 -3.8963667e+01 -3.8963667e+01 -3.8496918e+01 -3.8496918e+01 -3.8110911e+01 -3.8110911e+01 -4.8928223e+00 -4.8928223e+00 -3.3625035e+00 -3.3625035e+00 -2.4200709e+00 -2.4200709e+00 +1.8730496e+00 +1.8730496e+00 +2.8725689e+00 +2.8725689e+00 +7.0748260e+00 +7.0748260e+00 +1.1144031e+01 +1.1144031e+01 
-7.4253112e+01 -7.4253112e+01 -3.8963447e+01 -3.8963447e+01 -3.8490793e+01 -3.8490793e+01 -3.8106061e+01 -3.8106061e+01 -4.9414991e+00 -4.9414991e+00 -3.3626158e+00 -3.3626158e+00 -2.4004574e+00 -2.4004574e+00 +1.7675238e+00 +1.7675238e+00 +2.8719252e+00 +2.8719252e+00 +6.8365059e+00 +6.8365059e+00 +1.1443007e+01 +1.1443007e+01 
-7.4253557e+01 -7.4253557e+01 -3.8961613e+01 -3.8961613e+01 -3.8484652e+01 -3.8484652e+01 -3.8103004e+01 -3.8103004e+01 -4.9868154e+00 -4.9868154e+00 -3.3601241e+00 -3.3601241e+00 -2.3778335e+00 -2.3778335e+00 +1.6589009e+00 +1.6589009e+00 +2.8715363e+00 +2.8715363e+00 +6.5949338e+00 +6.5949338e+00 +1.1746560e+01 +1.1746560e+01 
-7.4253990e+01 -7.4253990e+01 -3.8958179e+01 -3.8958179e+01 -3.8478519e+01 -3.8478519e+01 -3.8101749e+01 -3.8101749e+01 -5.0288734e+00 -5.0288734e+00 -3.3548781e+00 -3.3548781e+00 -2.3516806e+00 -2.3516806e+00 +1.5475550e+00 +1.5475550e+00 +2.8711615e+00 +2.8711615e+00 +6.3509220e+00 +6.3509220e+00 +1.2053883e+01 +1.2053883e+01 
-7.4254414e+01 -7.4254414e+01 -3.8953164e+01 -3.8953164e+01 -3.8472419e+01 -3.8472419e+01 -3.8102295e+01 -3.8102295e+01 -5.0677922e+00 -5.0677922e+00 -3.3467408e+00 -3.3467408e+00 -2.3215005e+00 -2.3215005e+00 +1.4338896e+00 +1.4338896e+00 +2.8705121e+00 +2.8705121e+00 +6.1052087e+00 +6.1052087e+00 +1.2364415e+01 +1.2364415e+01 
-7.4254831e+01 -7.4254831e+01 -3.8946592e+01 -3.8946592e+01 -3.8466379e+01 -3.8466379e+01 -3.8104631e+01 -3.8104631e+01 -5.1037070e+00 -5.1037070e+00 -3.3355894e+00 -3.3355894e+00 -2.2868202e+00 -2.2868202e+00 +1.3183272e+00 +1.3183272e+00 +2.8692390e+00 +2.8692390e+00 +5.8585250e+00 +5.8585250e+00 +1.2677723e+01 +1.2677723e+01 
-7.4255243e+01 -7.4255243e+01 -3.8938496e+01 -3.8938496e+01 -3.8460423e+01 -3.8460423e+01 -3.8108736e+01 -3.8108736e+01 -5.1367674e+00 -5.1367674e+00 -3.3213165e+00 -3.3213165e+00 -2.2471978e+00 -2.2471978e+00 +1.2012968e+00 +1.2012968e+00 +2.8669120e+00 +2.8669120e+00 +5.6116564e+00 +5.6116564e+00 +1.2993409e+01 +1.2993409e+01 
-7.4255650e+01 -7.4255650e+01 -3.8928914e+01 -3.8928914e+01 -3.8454575e+01 -3.8454575e+01 -3.8114579e+01 -3.8114579e+01 -5.1671351e+00 -5.1671351e+00 -3.3038335e+00 -3.3038335e+00 -2.2022278e+00 -2.2022278e+00 +1.0832185e+00 +1.0832185e+00 +2.8629851e+00 +2.8629851e+00 +5.3655136e+00 +5.3655136e+00 +1.3311036e+01 +1.3311036e+01 
-7.4256050e+01 -7.4256050e+01 -3.8917890e+01 -3.8917890e+01 -3.8448860e+01 -3.8448860e+01 -3.8122118e+01 -3.8122118e+01 -5.1949803e+00 -5.1949803e+00 -3.2830781e+00 -3.2830781e+00 -2.1515483e+00 -2.1515483e+00 +9.6448585e-01 +9.6448585e-01 +2.8567385e+00 +2.8567385e+00 +5.1212277e+00 +5.1212277e+00 +1.3630073e+01 +1.3630073e+01 
-7.4256444e+01 -7.4256444e+01 -3.8905477e+01 -3.8905477e+01 -3.8443302e+01 -3.8443302e+01 -3.8131303e+01 -3.8131303e+01 -5.2204768e+00 -5.2204768e+00 -3.2590284e+00 -3.2590284e+00 -2.0948480e+00 -2.0948480e+00 +8.4544438e-01 +8.4544438e-01 +2.8471854e+00 +2.8471854e+00 +4.8802783e+00 +4.8802783e+00 +1.3949866e+01 +1.3949866e+01 
-7.4256829e+01 -7.4256829e+01 -3.8891733e+01 -3.8891733e+01 -3.8437924e+01 -3.8437924e+01 -3.8142072e+01 -3.8142072e+01 -5.2437975e+00 -5.2437975e+00 -3.2317285e+00 -3.2317285e+00 -2.0318753e+00 -2.0318753e+00 +7.2637107e-01 +7.2637107e-01 +2.8329267e+00 +2.8329267e+00 +4.6446689e+00 +4.6446689e+00 +1.4269639e+01 +1.4269639e+01 
-7.4257204e+01 -7.4257204e+01 -3.8876726e+01 -3.8876726e+01 -3.8432748e+01 -3.8432748e+01 -3.8154351e+01 -3.8154351e+01 -5.2651100e+00 -5.2651100e+00 -3.2013300e+00 -3.2013300e+00 -1.9624477e+00 -1.9624477e+00 +6.0746241e-01 +6.0746241e-01 +2.8119392e+00 +2.8119392e+00 +4.4171565e+00 +4.4171565e+00 +1.4588539e+01 +1.4588539e+01 
-7.4257568e+01 -7.4257568e+01 -3.8860534e+01 -3.8860534e+01 -3.8427797e+01 -3.8427797e+01 -3.8168055e+01 -3.8168055e+01 -5.2845720e+00 -5.2845720e+00 -3.1681471e+00 -3.1681471e+00 -1.8864645e+00 -1.8864645e+00 +4.8885062e-01 +4.8885062e-01 +2.7813068e+00 +2.7813068e+00 +4.2015187e+00 +4.2015187e+00 +1.4905729e+01 +1.4905729e+01 
-7.4257918e+01 -7.4257918e+01 -3.8843247e+01 -3.8843247e+01 -3.8423090e+01 -3.8423090e+01 -3.8183086e+01 -3.8183086e+01 -5.3023278e+00 -5.3023278e+00 -3.1327115e+00 -3.1327115e+00 -1.8039217e+00 -1.8039217e+00 +3.7067607e-01 +3.7067607e-01 +2.7370058e+00 +2.7370058e+00 +4.0027462e+00 +4.0027462e+00 +1.5220533e+01 +1.5220533e+01 
-7.4258253e+01 -7.4258253e+01 -3.8824965e+01 -3.8824965e+01 -3.8418649e+01 -3.8418649e+01 -3.8199332e+01 -3.8199332e+01 -5.3185051e+00 -5.3185051e+00 -3.0957891e+00 -3.0957891e+00 -1.7149323e+00 -1.7149323e+00 +2.5323631e-01 +2.5323631e-01 +2.6740974e+00 +2.6740974e+00 +3.8268129e+00 +3.8268129e+00 +1.5532582e+01 +1.5532582e+01 
-7.4258570e+01 -7.4258570e+01 -3.8805807e+01 -3.8805807e+01 -3.8414490e+01 -3.8414490e+01 -3.8216664e+01 -3.8216664e+01 -5.3332131e+00 -5.3332131e+00 -3.0583086e+00 -3.0583086e+00 -1.6197540e+00 -1.6197540e+00 +1.3718523e-01 +1.3718523e-01 +2.5879480e+00 +2.5879480e+00 +3.6794179e+00 +3.6794179e+00 +1.5841941e+01 +1.5841941e+01 
-7.4258867e+01 -7.4258867e+01 -3.8785915e+01 -3.8785915e+01 -3.8410632e+01 -3.8410632e+01 -3.8234931e+01 -3.8234931e+01 -5.3465408e+00 -5.3465408e+00 -3.0211912e+00 -3.0211912e+00 -1.5188292e+00 -1.5188292e+00 +2.3679146e-02 +2.3679146e-02 +2.4766001e+00 +2.4766001e+00 +3.5635968e+00 +3.5635968e+00 +1.6149112e+01 +1.6149112e+01 
-7.4259143e+01 -7.4259143e+01 -3.8765455e+01 -3.8765455e+01 -3.8407089e+01 -3.8407089e+01 -3.8253955e+01 -3.8253955e+01 -5.3585573e+00 -5.3585573e+00 -2.9851610e+00 -2.9851610e+00 -1.4128423e+00 -1.4128423e+00 -8.5659665e-02 -8.5659665e-02 +2.3426413e+00 +2.3426413e+00 +3.4778747e+00 +3.4778747e+00 +1.6454902e+01 +1.6454902e+01 
-7.4259395e+01 -7.4259395e+01 -3.8744631e+01 -3.8744631e+01 -3.8403877e+01 -3.8403877e+01 -3.8273522e+01 -3.8273522e+01 -5.3693111e+00 -5.3693111e+00 -2.9506722e+00 -2.9506722e+00 -1.3028022e+00 -1.3028022e+00 -1.8898194e-01 -1.8898194e-01 +2.1924943e+00 +2.1924943e+00 +3.4170530e+00 +3.4170530e+00 +1.6760154e+01 +1.6760154e+01 
-7.4259622e+01 -7.4259622e+01 -3.8723702e+01 -3.8723702e+01 -3.8401010e+01 -3.8401010e+01 -3.8293367e+01 -3.8293367e+01 -5.3788321e+00 -5.3788321e+00 -2.9180113e+00 -2.9180113e+00 -1.1901596e+00 -1.1901596e+00 -2.8450571e-01 -2.8450571e-01 +2.0339627e+00 +2.0339627e+00 +3.3748000e+00 +3.3748000e+00 +1.7065394e+01 +1.7065394e+01 
-7.4259821e+01 -7.4259821e+01 -3.8702999e+01 -3.8702999e+01 -3.8398499e+01 -3.8398499e+01 -3.8313147e+01 -3.8313147e+01 -5.3871326e+00 -5.3871326e+00 -2.8874874e+00 -2.8874874e+00 -1.0769720e+00 -1.0769720e+00 -3.7068803e-01 -3.7068803e-01 +1.8744609e+00 +1.8744609e+00 +3.3456248e+00 +3.3456248e+00 +1.7370456e+01 +1.7370456e+01 
-7.4259992e+01 -7.4259992e+01 -3.8682969e+01 -3.8682969e+01 -3.8396356e+01 -3.8396356e+01 -3.8332410e+01 -3.8332410e+01 -5.3942101e+00 -5.3942101e+00 -2.8595810e+00 -2.8595810e+00 -9.6612693e-01 -9.6612693e-01 -4.4622900e-01 -4.4622900e-01 +1.7206747e+00 +1.7206747e+00 +3.3254838e+00 +3.3254838e+00 +1.7674082e+01 +1.7674082e+01 
-7.4260133e+01 -7.4260133e+01 -3.8664222e+01 -3.8664222e+01 -3.8394591e+01 -3.8394591e+01 -3.8350540e+01 -3.8350540e+01 -5.4000501e+00 -5.4000501e+00 -2.8349841e+00 -2.8349841e+00 -8.6161511e-01 -8.6161511e-01 -5.0999155e-01 -5.0999155e-01 +1.5790362e+00 +1.5790362e+00 +3.3116266e+00 +3.3116266e+00 +1.7973336e+01 +1.7973336e+01 
-7.4260243e+01 -7.4260243e+01 -3.8647597e+01 -3.8647597e+01 -3.8393210e+01 -3.8393210e+01 -3.8366690e+01 -3.8366690e+01 -5.4046306e+00 -5.4046306e+00 -2.8145420e+00 -2.8145420e+00 -7.6877867e-01 -7.6877867e-01 -5.6093747e-01 -5.6093747e-01 +1.4563566e+00 +1.4563566e+00 +3.3022550e+00 +3.3022550e+00 +1.8262293e+01 +1.8262293e+01 
-7.4260322e+01 -7.4260322e+01 -3.8634209e+01 -3.8634209e+01 -3.8392219e+01 -3.8392219e+01 -3.8379743e+01 -3.8379743e+01 -5.4079265e+00 -5.4079265e+00 -2.7991348e+00 -2.7991348e+00 -6.9430185e-01 -6.9430185e-01 -5.9812879e-01 -5.9812879e-01 +1.3601534e+00 +1.3601534e+00 +3.2962281e+00 +3.2962281e+00 +1.8528286e+01 +1.8528286e+01 
-7.4260370e+01 -7.4260370e+01 -3.8625371e+01 -3.8625371e+01 -3.8391623e+01 -3.8391623e+01 -3.8388381e+01 -3.8388381e+01 -5.4099148e+00 -5.4099148e+00 -2.7895351e+00 -2.7895351e+00 -6.4548607e-01 -6.4548607e-01 -6.2079115e-01 -6.2079115e-01 +1.2981674e+00 +1.2981674e+00 +3.2928557e+00 +3.2928557e+00 +1.8740559e+01 +1.8740559e+01 
-7.4260386e+01 -7.4260386e+01 -3.8622261e+01 -3.8622261e+01 -3.8391424e+01 -3.8391424e+01 -3.8391424e+01 -3.8391424e+01 -5.4105794e+00 -5.4105794e+00 -2.7862723e+00 -2.7862723e+00 -6.2840629e-01 -6.2840629e-01 -6.2840629e-01 -6.2840629e-01 +1.2766780e+00 +1.2766780e+00 +3.2917701e+00 +3.2917701e+00 +1.8830116e+01 +1.8830116e+01 
-7.4252287e+01 -7.4252287e+01 -3.9178110e+01 -3.9178110e+01 -3.8367443e+01 -3.8367443e+01 -3.7983131e+01 -3.7983131e+01 -6.3635502e+00 -6.3635502e+00 -3.6762972e+00 -3.6762972e+00 +4.0837481e-01 +4.0837481e-01 +1.9131709e+00 +1.9131709e+00 +2.8645769e+00 +2.8645769e+00 +5.7632307e+00 +5.7632307e+00 +1.0532296e+01 +1.0532296e+01 
-7.4252269e+01 -7.4252269e+01 -3.9177479e+01 -3.9177479e+01 -3.8367913e+01 -3.8367913e+01 -3.7983772e+01 -3.7983772e+01 -6.3582280e+00 -6.3582280e+00 -3.6768068e+00 -3.6768068e+00 +3.9893597e-01 +3.9893597e-01 +1.9153534e+00 +1.9153534e+00 +2.8649433e+00 +2.8649433e+00 +5.7755648e+00 +5.7755648e+00 +1.0525002e+01 +1.0525002e+01 
-7.4252216e+01 -7.4252216e+01 -3.9175588e+01 -3.9175588e+01 -3.8369318e+01 -3.8369318e+01 -3.7985693e+01 -3.7985693e+01 -6.3422851e+00 -6.3422851e+00 -3.6783200e+00 -3.6783200e+00 +3.7091114e-01 +3.7091114e-01 +1.9218756e+00 +1.9218756e+00 +2.8660334e+00 +2.8660334e+00 +5.8122785e+00 +5.8122785e+00 +1.0503148e+01 +1.0503148e+01 
-7.4252128e+01 -7.4252128e+01 -3.9172441e+01 -3.9172441e+01 -3.8371646e+01 -3.8371646e+01 -3.7988890e+01 -3.7988890e+01 -6.3157914e+00 -6.3157914e+00 -3.6807889e+00 -3.6807889e+00 +3.2514002e-01 +3.2514002e-01 +1.9326692e+00 +1.9326692e+00 +2.8678209e+00 +2.8678209e+00 +5.8725396e+00 +5.8725396e+00 +1.0466834e+01 +1.0466834e+01 
-7.4252006e+01 -7.4252006e+01 -3.9168044e+01 -3.9168044e+01 -3.8374876e+01 -3.8374876e+01 -3.7993356e+01 -3.7993356e+01 -6.2788596e+00 -6.2788596e+00 -3.6841342e+00 -3.6841342e+00 +2.6291431e-01 +2.6291431e-01 +1.9476387e+00 +1.9476387e+00 +2.8702650e+00 +2.8702650e+00 +5.9550648e+00 +5.9550648e+00 +1.0416246e+01 +1.0416246e+01 
-7.4251851e+01 -7.4251851e+01 -3.9162407e+01 -3.9162407e+01 -3.8378978e+01 -3.8378978e+01 -3.7999082e+01 -3.7999082e+01 -6.2316436e+00 -6.2316436e+00 -3.6882457e+00 -3.6882457e+00 +1.8584558e-01 +1.8584558e-01 +1.9666747e+00 +1.9666747e+00 +2.8733147e+00 +2.8733147e+00 +6.0582475e+00 +6.0582475e+00 +1.0351670e+01 +1.0351670e+01 
-7.4251665e+01 -7.4251665e+01 -3.9155540e+01 -3.9155540e+01 -3.8383916e+01 -3.8383916e+01 -3.8006054e+01 -3.8006054e+01 -6.1743375e+00 -6.1743375e+00 -3.6929830e+00 -3.6929830e+00 +9.5725901e-02 +9.5725901e-02 +1.9896567e+00 +1.9896567e+00 +2.8769128e+00 +2.8769128e+00 +6.1802932e+00 +6.1802932e+00 +1.0273500e+01 +1.0273500e+01 
-7.4251449e+01 -7.4251449e+01 -3.9147459e+01 -3.9147459e+01 -3.8389644e+01 -3.8389644e+01 -3.8014259e+01 -3.8014259e+01 -6.1071783e+00 -6.1071783e+00 -3.6981781e+00 -3.6981781e+00 -5.5956533e-03 -5.5956533e-03 +2.0164505e+00 +2.0164505e+00 +2.8809996e+00 +2.8809996e+00 +6.3193407e+00 +6.3193407e+00 +1.0182232e+01 +1.0182232e+01 
-7.4251205e+01 -7.4251205e+01 -3.9138179e+01 -3.9138179e+01 -3.8396111e+01 -3.8396111e+01 -3.8023678e+01 -3.8023678e+01 -6.0304470e+00 -6.0304470e+00 -3.7036376e+00 -3.7036376e+00 -1.1630825e-01 -1.1630825e-01 +2.0469027e+00 +2.0469027e+00 +2.8855162e+00 +2.8855162e+00 +6.4735563e+00 +6.4735563e+00 +1.0078463e+01 +1.0078463e+01 
-7.4250935e+01 -7.4250935e+01 -3.9127720e+01 -3.9127720e+01 -3.8403260e+01 -3.8403260e+01 -3.8034293e+01 -3.8034293e+01 -5.9444715e+00 -5.9444715e+00 -3.7091459e+00 -3.7091459e+00 -2.3470348e-01 -2.3470348e-01 +2.0808354e+00 +2.0808354e+00 +2.8904055e+00 +2.8904055e+00 +6.6411973e+00 +6.6411973e+00 +9.9628829e+00 +9.9628829e+00 
-7.4250642e+01 -7.4250642e+01 -3.9116104e+01 -3.9116104e+01 -3.8411027e+01 -3.8411027e+01 -3.8046079e+01 -3.8046079e+01 -5.8496291e+00 -5.8496291e+00 -3.7144688e+00 -3.7144688e+00 -3.5921209e-01 -3.5921209e-01 +2.1180423e+00 +2.1180423e+00 +2.8956135e+00 +2.8956135e+00 +6.8206489e+00 +6.8206489e+00 +9.8362704e+00 +9.8362704e+00 
-7.4250328e+01 -7.4250328e+01 -3.9103355e+01 -3.9103355e+01 -3.8419342e+01 -3.8419342e+01 -3.8059014e+01 -3.8059014e+01 -5.7463492e+00 -5.7463492e+00 -3.7193575e+00 -3.7193575e+00 -4.8841973e-01 -4.8841973e-01 +2.1582863e+00 +2.1582863e+00 +2.9010893e+00 +2.9010893e+00 +7.0104399e+00 +7.0104399e+00 +9.6994952e+00 +9.6994952e+00 
-7.4249996e+01 -7.4249996e+01 -3.9089499e+01 -3.9089499e+01 -3.8428133e+01 -3.8428133e+01 -3.8073068e+01 -3.8073068e+01 -5.6351162e+00 -5.6351162e+00 -3.7235515e+00 -3.7235515e+00 -6.2106825e-01 -6.2106825e-01 +2.2012970e+00 +2.2012970e+00 +2.9067845e+00 +2.9067845e+00 +7.2092439e+00 +7.2092439e+00 +9.5535181e+00 +9.5535181e+00 
-7.4249649e+01 -7.4249649e+01 -3.9074565e+01 -3.9074565e+01 -3.8437322e+01 -3.8437322e+01 -3.8088213e+01 -3.8088213e+01 -5.5164732e+00 -5.5164732e+00 -3.7267828e+00 -3.7267828e+00 -7.5604816e-01 -7.5604816e-01 +2.2467703e+00 +2.2467703e+00 +2.9126525e+00 +2.9126525e+00 +7.4158718e+00 +7.4158718e+00 +9.3993971e+00 +9.3993971e+00 
-7.4249290e+01 -7.4249290e+01 -3.9058584e+01 -3.9058584e+01 -3.8446828e+01 -3.8446828e+01 -3.8104417e+01 -3.8104417e+01 -5.3910259e+00 -5.3910259e+00 -3.7287782e+00 -3.7287782e+00 -8.9238639e-01 -8.9238639e-01 +2.2943677e+00 +2.2943677e+00 +2.9186483e+00 +2.9186483e+00 +7.6292600e+00 +7.6292600e+00 +9.2382980e+00 +9.2382980e+00 
-7.4248922e+01 -7.4248922e+01 -3.9041590e+01 -3.9041590e+01 -3.8456570e+01 -3.8456570e+01 -3.8121645e+01 -3.8121645e+01 -5.2594471e+00 -5.2594471e+00 -3.7292618e+00 -3.7292618e+00 -1.0292322e+00 -1.0292322e+00 +2.3437165e+00 +2.3437165e+00 +2.9247272e+00 +2.9247272e+00 +7.8484563e+00 +7.8484563e+00 +9.0715109e+00 +9.0715109e+00 
-7.4248548e+01 -7.4248548e+01 -3.9023618e+01 -3.9023618e+01 -3.8466461e+01 -3.8466461e+01 -3.8139860e+01 -3.8139860e+01 -5.1224814e+00 -5.1224814e+00 -3.7279564e+00 -3.7279564e+00 -1.1658429e+00 -1.1658429e+00 +2.3944101e+00 +2.3944101e+00 +2.9308453e+00 +2.9308453e+00 +8.0726074e+00 +8.0726074e+00 +8.9004734e+00 +8.9004734e+00 
-7.4248171e+01 -7.4248171e+01 -3.9004704e+01 -3.9004704e+01 -3.8476418e+01 -3.8476418e+01 -3.8159024e+01 -3.8159024e+01 -4.9809511e+00 -4.9809511e+00 -3.7245845e+00 -3.7245845e+00 -1.3015707e+00 -1.3015707e+00 +2.4460096e+00 +2.4460096e+00 +2.9369584e+00 +2.9369584e+00 +8.3009476e+00 +8.3009476e+00 +8.7267992e+00 +8.7267992e+00 
-7.4247795e+01 -7.4247795e+01 -3.8984889e+01 -3.8984889e+01 -3.8486355e+01 -3.8486355e+01 -3.8179096e+01 -3.8179096e+01 -4.8357619e+00 -4.8357619e+00 -3.7188676e+00 -3.7188676e+00 -1.4358510e+00 -1.4358510e+00 +2.4980452e+00 +2.4980452e+00 +2.9430224e+00 +2.9430224e+00 +8.5327897e+00 +8.5327897e+00 +8.5523019e+00 +8.5523019e+00 
-7.4247423e+01 -7.4247423e+01 -3.8964211e+01 -3.8964211e+01 -3.8496186e+01 -3.8496186e+01 -3.8200032e+01 -3.8200032e+01 -4.6879103e+00 -4.6879103e+00 -3.7105258e+00 -3.7105258e+00 -1.5681916e+00 -1.5681916e+00 +2.5500172e+00 +2.5500172e+00 +2.9489931e+00 +2.9489931e+00 +8.3789898e+00 +8.3789898e+00 +8.7675187e+00 +8.7675187e+00 
-7.4247058e+01 -7.4247058e+01 -3.8942714e+01 -3.8942714e+01 -3.8505828e+01 -3.8505828e+01 -3.8221786e+01 -3.8221786e+01 -4.5384934e+00 -4.5384934e+00 -3.6992775e+00 -3.6992775e+00 -1.6981647e+00 -1.6981647e+00 +2.6013975e+00 +2.6013975e+00 +2.9548269e+00 +2.9548269e+00 +8.2089816e+00 +8.2089816e+00 +9.0045864e+00 +9.0045864e+00 
-7.4246702e+01 -7.4246702e+01 -3.8920439e+01 -3.8920439e+01 -3.8515199e+01 -3.8515199e+01 -3.8244311e+01 -3.8244311e+01 -4.3887208e+00 -4.3887208e+00 -3.6848417e+00 -3.6848417e+00 -1.8253987e+00 -1.8253987e+00 +2.6516300e+00 +2.6516300e+00 +2.9604802e+00 +2.9604802e+00 +8.0442906e+00 +8.0442906e+00 +9.2435064e+00 +9.2435064e+00 
-7.4246360e+01 -7.4246360e+01 -3.8897433e+01 -3.8897433e+01 -3.8524220e+01 -3.8524220e+01 -3.8267556e+01 -3.8267556e+01 -4.2399291e+00 -4.2399291e+00 -3.6669457e+00 -3.6669457e+00 -1.9495720e+00 -1.9495720e+00 +2.7001347e+00 +2.7001347e+00 +2.9659106e+00 +2.9659106e+00 +7.8865072e+00 +7.8865072e+00 +9.4838471e+00 +9.4838471e+00 
-7.4246033e+01 -7.4246033e+01 -3.8873740e+01 -3.8873740e+01 -3.8532818e+01 -3.8532818e+01 -3.8291469e+01 -3.8291469e+01 -4.0935881e+00 -4.0935881e+00 -3.6453396e+00 -3.6453396e+00 -2.0704063e+00 -2.0704063e+00 +2.7463237e+00 +2.7463237e+00 +2.9710770e+00 +2.9710770e+00 +7.7366007e+00 +7.7366007e+00 +9.7252237e+00 +9.7252237e+00 
-7.4245724e+01 -7.4245724e+01 -3.8849410e+01 -3.8849410e+01 -3.8540925e+01 -3.8540925e+01 -3.8315995e+01 -3.8315995e+01 -3.9512900e+00 -3.9512900e+00 -3.6198142e+00 -3.6198142e+00 -2.1876608e+00 -2.1876608e+00 +2.7896326e+00 +2.7896326e+00 +2.9759396e+00 +2.9759396e+00 +7.5951636e+00 +7.5951636e+00 +9.9672880e+00 +9.9672880e+00 
-7.4245437e+01 -7.4245437e+01 -3.8824493e+01 -3.8824493e+01 -3.8548476e+01 -3.8548476e+01 -3.8341080e+01 -3.8341080e+01 -3.8147220e+00 -3.8147220e+00 -3.5902151e+00 -3.5902151e+00 -2.3011270e+00 -2.3011270e+00 +2.8295595e+00 +2.8295595e+00 +2.9804610e+00 +2.9804610e+00 +7.4630744e+00 +7.4630744e+00 +1.0209721e+01 +1.0209721e+01 
-7.4245171e+01 -7.4245171e+01 -3.8799041e+01 -3.8799041e+01 -3.8555410e+01 -3.8555410e+01 -3.8366669e+01 -3.8366669e+01 -3.6856381e+00 -3.6856381e+00 -3.5564422e+00 -3.5564422e+00 -2.4106237e+00 -2.4106237e+00 +2.8656931e+00 +2.8656931e+00 +2.9846061e+00 +2.9846061e+00 +7.3420659e+00 +7.3420659e+00 +1.0452228e+01 +1.0452228e+01 
-7.4244931e+01 -7.4244931e+01 -3.8773110e+01 -3.8773110e+01 -3.8561670e+01 -3.8561670e+01 -3.8392709e+01 -3.8392709e+01 -3.5658385e+00 -3.5658385e+00 -3.5184332e+00 -3.5184332e+00 -2.5159938e+00 -2.5159938e+00 +2.8977250e+00 +2.8977250e+00 +2.9883428e+00 +2.9883428e+00 +7.2347691e+00 +7.2347691e+00 +1.0694546e+01 +1.0694546e+01 
-7.4244718e+01 -7.4244718e+01 -3.8746756e+01 -3.8746756e+01 -3.8567203e+01 -3.8567203e+01 -3.8419149e+01 -3.8419149e+01 -3.4761404e+00 -3.4761404e+00 -3.4571447e+00 -3.4571447e+00 -2.6171018e+00 -2.6171018e+00 +2.9254551e+00 +2.9254551e+00 +2.9916420e+00 +2.9916420e+00 +7.1443225e+00 +7.1443225e+00 +1.0936458e+01 +1.0936458e+01 
-7.4244533e+01 -7.4244533e+01 -3.8720038e+01 -3.8720038e+01 -3.8571964e+01 -3.8571964e+01 -3.8445935e+01 -3.8445935e+01 -3.4295134e+00 -3.4295134e+00 -3.3613591e+00 -3.3613591e+00 -2.7138333e+00 -2.7138333e+00 +2.9487910e+00 +2.9487910e+00 +2.9944780e+00 +2.9944780e+00 +7.0738008e+00 +7.0738008e+00 +1.1177807e+01 +1.1177807e+01 
-7.4244379e+01 -7.4244379e+01 -3.8693013e+01 -3.8693013e+01 -3.8575913e+01 -3.8575913e+01 -3.8473010e+01 -3.8473010e+01 -3.3784930e+00 -3.3784930e+00 -3.2802041e+00 -3.2802041e+00 -2.8060937e+00 -2.8060937e+00 +2.9677373e+00 +2.9677373e+00 +2.9968288e+00 +2.9968288e+00 +7.0254444e+00 +7.0254444e+00 +1.1418530e+01 +1.1418530e+01 
-7.4244256e+01 -7.4244256e+01 -3.8665743e+01 -3.8665743e+01 -3.8579019e+01 -3.8579019e+01 -3.8500320e+01 -3.8500320e+01 -3.3230142e+00 -3.3230142e+00 -3.2152480e+00 -3.2152480e+00 -2.8938089e+00 -2.8938089e+00 +2.9823657e+00 +2.9823657e+00 +2.9986762e+00 +2.9986762e+00 +6.9994116e+00 +6.9994116e+00 +1.1658675e+01 +1.1658675e+01 
-7.4244166e+01 -7.4244166e+01 -3.8638286e+01 -3.8638286e+01 -3.8581256e+01 -3.8581256e+01 -3.8527803e+01 -3.8527803e+01 -3.2630139e+00 -3.2630139e+00 -3.1678221e+00 -3.1678221e+00 -2.9769248e+00 -2.9769248e+00 +2.9927660e+00 +2.9927660e+00 +3.0000061e+00 +3.0000061e+00 +6.9920207e+00 +6.9920207e+00 +1.1898432e+01 +1.1898432e+01 
-7.4244111e+01 -7.4244111e+01 -3.8610704e+01 -3.8610704e+01 -3.8582605e+01 -3.8582605e+01 -3.8555402e+01 -3.8555402e+01 -3.1984372e+00 -3.1984372e+00 -3.1389420e+00 -3.1389420e+00 -3.0554076e+00 -3.0554076e+00 +2.9989979e+00 +2.9989979e+00 +3.0008081e+00 +3.0008081e+00 +6.9947925e+00 +6.9947925e+00 +1.2138146e+01 +1.2138146e+01 
-7.4244093e+01 -7.4244093e+01 -3.8583056e+01 -3.8583056e+01 -3.8583056e+01 -3.8583056e+01 -3.8583056e+01 -3.8583056e+01 -3.1292432e+00 -3.1292432e+00 -3.1292432e+00 -3.1292432e+00 -3.1292432e+00 -3.1292432e+00 +3.0010761e+00 +3.0010761e+00 +3.0010761e+00 +3.0010761e+00 +6.9973617e+00 +6.9973617e+00 +1.2378323e+01 +1.2378323e+01 
