# num high symmetry points
8
# label high symmetry points
G X M G R X M R 
# indices high symmetry points
1 34 67 114 171 218 219 252 
# nk, nb, ns
252 21 1
# k-points (frac coords)
+0.0000000e+00 +0.0000000e+00 +0.0000000e+00 
+0.0000000e+00 +1.5151515e-02 +0.0000000e+00 
+0.0000000e+00 +3.0303030e-02 +0.0000000e+00 
+0.0000000e+00 +4.5454545e-02 +0.0000000e+00 
+0.0000000e+00 +6.0606061e-02 +0.0000000e+00 
+0.0000000e+00 +7.5757576e-02 +0.0000000e+00 
+0.0000000e+00 +9.0909091e-02 +0.0000000e+00 
+0.0000000e+00 +1.0606061e-01 +0.0000000e+00 
+0.0000000e+00 +1.2121212e-01 +0.0000000e+00 
+0.0000000e+00 +1.3636364e-01 +0.0000000e+00 
+0.0000000e+00 +1.5151515e-01 +0.0000000e+00 
+0.0000000e+00 +1.6666667e-01 +0.0000000e+00 
+0.0000000e+00 +1.8181818e-01 +0.0000000e+00 
+0.0000000e+00 +1.9696970e-01 +0.0000000e+00 
+0.0000000e+00 +2.1212121e-01 +0.0000000e+00 
+0.0000000e+00 +2.2727273e-01 +0.0000000e+00 
+0.0000000e+00 +2.4242424e-01 +0.0000000e+00 
+0.0000000e+00 +2.5757576e-01 +0.0000000e+00 
+0.0000000e+00 +2.7272727e-01 +0.0000000e+00 
+0.0000000e+00 +2.8787879e-01 +0.0000000e+00 
+0.0000000e+00 +3.0303030e-01 +0.0000000e+00 
+0.0000000e+00 +3.1818182e-01 +0.0000000e+00 
+0.0000000e+00 +3.3333333e-01 +0.0000000e+00 
+0.0000000e+00 +3.4848485e-01 +0.0000000e+00 
+0.0000000e+00 +3.6363636e-01 +0.0000000e+00 
+0.0000000e+00 +3.7878788e-01 +0.0000000e+00 
+0.0000000e+00 +3.9393939e-01 +0.0000000e+00 
+0.0000000e+00 +4.0909091e-01 +0.0000000e+00 
+0.0000000e+00 +4.2424242e-01 +0.0000000e+00 
+0.0000000e+00 +4.3939394e-01 +0.0000000e+00 
+0.0000000e+00 +4.5454545e-01 +0.0000000e+00 
+0.0000000e+00 +4.6969697e-01 +0.0000000e+00 
+0.0000000e+00 +4.8484848e-01 +0.0000000e+00 
+0.0000000e+00 +5.0000000e-01 +0.0000000e+00 
+1.5151515e-02 +5.0000000e-01 +0.0000000e+00 
+3.0303030e-02 +5.0000000e-01 +0.0000000e+00 
+4.5454545e-02 +5.0000000e-01 +0.0000000e+00 
+6.0606061e-02 +5.0000000e-01 +0.0000000e+00 
+7.5757576e-02 +5.0000000e-01 +0.0000000e+00 
+9.0909091e-02 +5.0000000e-01 +0.0000000e+00 
+1.0606061e-01 +5.0000000e-01 +0.0000000e+00 
+1.2121212e-01 +5.0000000e-01 +0.0000000e+00 
+1.3636364e-01 +5.0000000e-01 +0.0000000e+00 
+1.5151515e-01 +5.0000000e-01 +0.0000000e+00 
+1.6666667e-01 +5.0000000e-01 +0.0000000e+00 
+1.8181818e-01 +5.0000000e-01 +0.0000000e+00 
+1.9696970e-01 +5.0000000e-01 +0.0000000e+00 
+2.1212121e-01 +5.0000000e-01 +0.0000000e+00 
+2.2727273e-01 +5.0000000e-01 +0.0000000e+00 
+2.4242424e-01 +5.0000000e-01 +0.0000000e+00 
+2.5757576e-01 +5.0000000e-01 +0.0000000e+00 
+2.7272727e-01 +5.0000000e-01 +0.0000000e+00 
+2.8787879e-01 +5.0000000e-01 +0.0000000e+00 
+3.0303030e-01 +5.0000000e-01 +0.0000000e+00 
+3.1818182e-01 +5.0000000e-01 +0.0000000e+00 
+3.3333333e-01 +5.0000000e-01 +0.0000000e+00 
+3.4848485e-01 +5.0000000e-01 +0.0000000e+00 
+3.6363636e-01 +5.0000000e-01 +0.0000000e+00 
+3.7878788e-01 +5.0000000e-01 +0.0000000e+00 
+3.9393939e-01 +5.0000000e-01 +0.0000000e+00 
+4.0909091e-01 +5.0000000e-01 +0.0000000e+00 
+4.2424242e-01 +5.0000000e-01 +0.0000000e+00 
+4.3939394e-01 +5.0000000e-01 +0.0000000e+00 
+4.5454545e-01 +5.0000000e-01 +0.0000000e+00 
+4.6969697e-01 +5.0000000e-01 +0.0000000e+00 
+4.8484848e-01 +5.0000000e-01 +0.0000000e+00 
+5.0000000e-01 +5.0000000e-01 +0.0000000e+00 
+4.8936170e-01 +4.8936170e-01 +0.0000000e+00 
+4.7872340e-01 +4.7872340e-01 +0.0000000e+00 
+4.6808511e-01 +4.6808511e-01 +0.0000000e+00 
+4.5744681e-01 +4.5744681e-01 +0.0000000e+00 
+4.4680851e-01 +4.4680851e-01 +0.0000000e+00 
+4.3617021e-01 +4.3617021e-01 +0.0000000e+00 
+4.2553191e-01 +4.2553191e-01 +0.0000000e+00 
+4.1489362e-01 +4.1489362e-01 +0.0000000e+00 
+4.0425532e-01 +4.0425532e-01 +0.0000000e+00 
+3.9361702e-01 +3.9361702e-01 +0.0000000e+00 
+3.8297872e-01 +3.8297872e-01 +0.0000000e+00 
+3.7234043e-01 +3.7234043e-01 +0.0000000e+00 
+3.6170213e-01 +3.6170213e-01 +0.0000000e+00 
+3.5106383e-01 +3.5106383e-01 +0.0000000e+00 
+3.4042553e-01 +3.4042553e-01 +0.0000000e+00 
+3.2978723e-01 +3.2978723e-01 +0.0000000e+00 
+3.1914894e-01 +3.1914894e-01 +0.0000000e+00 
+3.0851064e-01 +3.0851064e-01 +0.0000000e+00 
+2.9787234e-01 +2.9787234e-01 +0.0000000e+00 
+2.8723404e-01 +2.8723404e-01 +0.0000000e+00 
+2.7659574e-01 +2.7659574e-01 +0.0000000e+00 
+2.6595745e-01 +2.6595745e-01 +0.0000000e+00 
+2.5531915e-01 +2.5531915e-01 +0.0000000e+00 
+2.4468085e-01 +2.4468085e-01 +0.0000000e+00 
+2.3404255e-01 +2.3404255e-01 +0.0000000e+00 
+2.2340426e-01 +2.2340426e-01 +0.0000000e+00 
+2.1276596e-01 +2.1276596e-01 +0.0000000e+00 
+2.0212766e-01 +2.0212766e-01 +0.0000000e+00 
+1.9148936e-01 +1.9148936e-01 +0.0000000e+00 
+1.8085106e-01 +1.8085106e-01 +0.0000000e+00 
+1.7021277e-01 +1.7021277e-01 +0.0000000e+00 
+1.5957447e-01 +1.5957447e-01 +0.0000000e+00 
+1.4893617e-01 +1.4893617e-01 +0.0000000e+00 
+1.3829787e-01 +1.3829787e-01 +0.0000000e+00 
+1.2765957e-01 +1.2765957e-01 +0.0000000e+00 
+1.1702128e-01 +1.1702128e-01 +0.0000000e+00 
+1.0638298e-01 +1.0638298e-01 +0.0000000e+00 
+9.5744681e-02 +9.5744681e-02 +0.0000000e+00 
+8.5106383e-02 +8.5106383e-02 +0.0000000e+00 
+7.4468085e-02 +7.4468085e-02 +0.0000000e+00 
+6.3829787e-02 +6.3829787e-02 +0.0000000e+00 
+5.3191489e-02 +5.3191489e-02 +0.0000000e+00 
+4.2553191e-02 +4.2553191e-02 +0.0000000e+00 
+3.1914894e-02 +3.1914894e-02 +0.0000000e+00 
+2.1276596e-02 +2.1276596e-02 +0.0000000e+00 
+1.0638298e-02 +1.0638298e-02 +0.0000000e+00 
+0.0000000e+00 +0.0000000e+00 +0.0000000e+00 
+8.7719298e-03 +8.7719298e-03 +8.7719298e-03 
+1.7543860e-02 +1.7543860e-02 +1.7543860e-02 
+2.6315789e-02 +2.6315789e-02 +2.6315789e-02 
+3.5087719e-02 +3.5087719e-02 +3.5087719e-02 
+4.3859649e-02 +4.3859649e-02 +4.3859649e-02 
+5.2631579e-02 +5.2631579e-02 +5.2631579e-02 
+6.1403509e-02 +6.1403509e-02 +6.1403509e-02 
+7.0175439e-02 +7.0175439e-02 +7.0175439e-02 
+7.8947368e-02 +7.8947368e-02 +7.8947368e-02 
+8.7719298e-02 +8.7719298e-02 +8.7719298e-02 
+9.6491228e-02 +9.6491228e-02 +9.6491228e-02 
+1.0526316e-01 +1.0526316e-01 +1.0526316e-01 
+1.1403509e-01 +1.1403509e-01 +1.1403509e-01 
+1.2280702e-01 +1.2280702e-01 +1.2280702e-01 
+1.3157895e-01 +1.3157895e-01 +1.3157895e-01 
+1.4035088e-01 +1.4035088e-01 +1.4035088e-01 
+1.4912281e-01 +1.4912281e-01 +1.4912281e-01 
+1.5789474e-01 +1.5789474e-01 +1.5789474e-01 
+1.6666667e-01 +1.6666667e-01 +1.6666667e-01 
+1.7543860e-01 +1.7543860e-01 +1.7543860e-01 
+1.8421053e-01 +1.8421053e-01 +1.8421053e-01 
+1.9298246e-01 +1.9298246e-01 +1.9298246e-01 
+2.0175439e-01 +2.0175439e-01 +2.0175439e-01 
+2.1052632e-01 +2.1052632e-01 +2.1052632e-01 
+2.1929825e-01 +2.1929825e-01 +2.1929825e-01 
+2.2807018e-01 +2.2807018e-01 +2.2807018e-01 
+2.3684211e-01 +2.3684211e-01 +2.3684211e-01 
+2.4561404e-01 +2.4561404e-01 +2.4561404e-01 
+2.5438596e-01 +2.5438596e-01 +2.5438596e-01 
+2.6315789e-01 +2.6315789e-01 +2.6315789e-01 
+2.7192982e-01 +2.7192982e-01 +2.7192982e-01 
+2.8070175e-01 +2.8070175e-01 +2.8070175e-01 
+2.8947368e-01 +2.8947368e-01 +2.8947368e-01 
+2.9824561e-01 +2.9824561e-01 +2.9824561e-01 
+3.0701754e-01 +3.0701754e-01 +3.0701754e-01 
+3.1578947e-01 +3.1578947e-01 +3.1578947e-01 
+3.2456140e-01 +3.2456140e-01 +3.2456140e-01 
+3.3333333e-01 +3.3333333e-01 +3.3333333e-01 
+3.4210526e-01 +3.4210526e-01 +3.4210526e-01 
+3.5087719e-01 +3.5087719e-01 +3.5087719e-01 
+3.5964912e-01 +3.5964912e-01 +3.5964912e-01 
+3.6842105e-01 +3.6842105e-01 +3.6842105e-01 
+3.7719298e-01 +3.7719298e-01 +3.7719298e-01 
+3.8596491e-01 +3.8596491e-01 +3.8596491e-01 
+3.9473684e-01 +3.9473684e-01 +3.9473684e-01 
+4.0350877e-01 +4.0350877e-01 +4.0350877e-01 
+4.1228070e-01 +4.1228070e-01 +4.1228070e-01 
+4.2105263e-01 +4.2105263e-01 +4.2105263e-01 
+4.2982456e-01 +4.2982456e-01 +4.2982456e-01 
+4.3859649e-01 +4.3859649e-01 +4.3859649e-01 
+4.4736842e-01 +4.4736842e-01 +4.4736842e-01 
+4.5614035e-01 +4.5614035e-01 +4.5614035e-01 
+4.6491228e-01 +4.6491228e-01 +4.6491228e-01 
+4.7368421e-01 +4.7368421e-01 +4.7368421e-01 
+4.8245614e-01 +4.8245614e-01 +4.8245614e-01 
+4.9122807e-01 +4.9122807e-01 +4.9122807e-01 
+5.0000000e-01 +5.0000000e-01 +5.0000000e-01 
+4.8936170e-01 +5.0000000e-01 +4.8936170e-01 
+4.7872340e-01 +5.0000000e-01 +4.7872340e-01 
+4.6808511e-01 +5.0000000e-01 +4.6808511e-01 
+4.5744681e-01 +5.0000000e-01 +4.5744681e-01 
+4.4680851e-01 +5.0000000e-01 +4.4680851e-01 
+4.3617021e-01 +5.0000000e-01 +4.3617021e-01 
+4.2553191e-01 +5.0000000e-01 +4.2553191e-01 
+4.1489362e-01 +5.0000000e-01 +4.1489362e-01 
+4.0425532e-01 +5.0000000e-01 +4.0425532e-01 
+3.9361702e-01 +5.0000000e-01 +3.9361702e-01 
+3.8297872e-01 +5.0000000e-01 +3.8297872e-01 
+3.7234043e-01 +5.0000000e-01 +3.7234043e-01 
+3.6170213e-01 +5.0000000e-01 +3.6170213e-01 
+3.5106383e-01 +5.0000000e-01 +3.5106383e-01 
+3.4042553e-01 +5.0000000e-01 +3.4042553e-01 
+3.2978723e-01 +5.0000000e-01 +3.2978723e-01 
+3.1914894e-01 +5.0000000e-01 +3.1914894e-01 
+3.0851064e-01 +5.0000000e-01 +3.0851064e-01 
+2.9787234e-01 +5.0000000e-01 +2.9787234e-01 
+2.8723404e-01 +5.0000000e-01 +2.8723404e-01 
+2.7659574e-01 +5.0000000e-01 +2.7659574e-01 
+2.6595745e-01 +5.0000000e-01 +2.6595745e-01 
+2.5531915e-01 +5.0000000e-01 +2.5531915e-01 
+2.4468085e-01 +5.0000000e-01 +2.4468085e-01 
+2.3404255e-01 +5.0000000e-01 +2.3404255e-01 
+2.2340426e-01 +5.0000000e-01 +2.2340426e-01 
+2.1276596e-01 +5.0000000e-01 +2.1276596e-01 
+2.0212766e-01 +5.0000000e-01 +2.0212766e-01 
+1.9148936e-01 +5.0000000e-01 +1.9148936e-01 
+1.8085106e-01 +5.0000000e-01 +1.8085106e-01 
+1.7021277e-01 +5.0000000e-01 +1.7021277e-01 
+1.5957447e-01 +5.0000000e-01 +1.5957447e-01 
+1.4893617e-01 +5.0000000e-01 +1.4893617e-01 
+1.3829787e-01 +5.0000000e-01 +1.3829787e-01 
+1.2765957e-01 +5.0000000e-01 +1.2765957e-01 
+1.1702128e-01 +5.0000000e-01 +1.1702128e-01 
+1.0638298e-01 +5.0000000e-01 +1.0638298e-01 
+9.5744681e-02 +5.0000000e-01 +9.5744681e-02 
+8.5106383e-02 +5.0000000e-01 +8.5106383e-02 
+7.4468085e-02 +5.0000000e-01 +7.4468085e-02 
+6.3829787e-02 +5.0000000e-01 +6.3829787e-02 
+5.3191489e-02 +5.0000000e-01 +5.3191489e-02 
+4.2553191e-02 +5.0000000e-01 +4.2553191e-02 
+3.1914894e-02 +5.0000000e-01 +3.1914894e-02 
+2.1276596e-02 +5.0000000e-01 +2.1276596e-02 
+1.0638298e-02 +5.0000000e-01 +1.0638298e-02 
+0.0000000e+00 +5.0000000e-01 +0.0000000e+00 
+5.0000000e-01 +5.0000000e-01 +0.0000000e+00 
+5.0000000e-01 +5.0000000e-01 +1.5151515e-02 
+5.0000000e-01 +5.0000000e-01 +3.0303030e-02 
+5.0000000e-01 +5.0000000e-01 +4.5454545e-02 
+5.0000000e-01 +5.0000000e-01 +6.0606061e-02 
+5.0000000e-01 +5.0000000e-01 +7.5757576e-02 
+5.0000000e-01 +5.0000000e-01 +9.0909091e-02 
+5.0000000e-01 +5.0000000e-01 +1.0606061e-01 
+5.0000000e-01 +5.0000000e-01 +1.2121212e-01 
+5.0000000e-01 +5.0000000e-01 +1.3636364e-01 
+5.0000000e-01 +5.0000000e-01 +1.5151515e-01 
+5.0000000e-01 +5.0000000e-01 +1.6666667e-01 
+5.0000000e-01 +5.0000000e-01 +1.8181818e-01 
+5.0000000e-01 +5.0000000e-01 +1.9696970e-01 
+5.0000000e-01 +5.0000000e-01 +2.1212121e-01 
+5.0000000e-01 +5.0000000e-01 +2.2727273e-01 
+5.0000000e-01 +5.0000000e-01 +2.4242424e-01 
+5.0000000e-01 +5.0000000e-01 +2.5757576e-01 
+5.0000000e-01 +5.0000000e-01 +2.7272727e-01 
+5.0000000e-01 +5.0000000e-01 +2.8787879e-01 
+5.0000000e-01 +5.0000000e-01 +3.0303030e-01 
+5.0000000e-01 +5.0000000e-01 +3.1818182e-01 
+5.0000000e-01 +5.0000000e-01 +3.3333333e-01 
+5.0000000e-01 +5.0000000e-01 +3.4848485e-01 
+5.0000000e-01 +5.0000000e-01 +3.6363636e-01 
+5.0000000e-01 +5.0000000e-01 +3.7878788e-01 
+5.0000000e-01 +5.0000000e-01 +3.9393939e-01 
+5.0000000e-01 +5.0000000e-01 +4.0909091e-01 
+5.0000000e-01 +5.0000000e-01 +4.2424242e-01 
+5.0000000e-01 +5.0000000e-01 +4.3939394e-01 
+5.0000000e-01 +5.0000000e-01 +4.5454545e-01 
+5.0000000e-01 +5.0000000e-01 +4.6969697e-01 
+5.0000000e-01 +5.0000000e-01 +4.8484848e-01 
+5.0000000e-01 +5.0000000e-01 +5.0000000e-01 
# energies (kpt,band,spin)
# spin = 1
-6.7197781e+01 -6.7011251e+01 -3.3909140e+01 -3.3909139e+01 -3.3909139e+01 -3.3133362e+01 -3.3133361e+01 -3.3133361e+01 -7.8612786e+00 -3.7123561e+00 -3.7123561e+00 +7.2435328e-01 +7.2435334e-01 +7.2435334e-01 +3.9361416e+00 +3.9361416e+00 +6.6922528e+00 +6.6922529e+00 +6.6922529e+00 +8.4176098e+00 +8.4176098e+00 
-6.7197661e+01 -6.7011342e+01 -3.3909162e+01 -3.3908687e+01 -3.3908686e+01 -3.3134310e+01 -3.3133784e+01 -3.3133783e+01 -7.8562175e+00 -3.7096587e+00 -3.7084661e+00 +7.2353208e-01 +7.2353212e-01 +7.2673635e-01 +3.9272679e+00 +3.9390592e+00 +6.6463373e+00 +6.6463375e+00 +6.6868740e+00 +8.3989373e+00 +8.4690423e+00 
-6.7197301e+01 -6.7011614e+01 -3.3909229e+01 -3.3907330e+01 -3.3907330e+01 -3.3137149e+01 -3.3135050e+01 -3.3135049e+01 -7.8410482e+00 -3.7015676e+00 -3.6968360e+00 +7.2109307e-01 +7.2109311e-01 +7.3388385e-01 +3.9007740e+00 +3.9477964e+00 +6.5221751e+00 +6.5221752e+00 +6.6707796e+00 +8.3437409e+00 +8.6097502e+00 
-6.7196703e+01 -6.7012066e+01 -3.3909329e+01 -3.3905073e+01 -3.3905072e+01 -3.3141860e+01 -3.3137157e+01 -3.3137156e+01 -7.8158120e+00 -3.6880860e+00 -3.6775864e+00 +7.1711002e-01 +7.1711006e-01 +7.4579089e-01 +3.8570359e+00 +3.9623057e+00 +6.3466032e+00 +6.3466033e+00 +6.6440957e+00 +8.2543591e+00 +8.8128820e+00 
-6.7195867e+01 -6.7012699e+01 -3.3909448e+01 -3.3901920e+01 -3.3901920e+01 -3.3148412e+01 -3.3140101e+01 -3.3140101e+01 -7.7805780e+00 -3.6692194e+00 -3.6509204e+00 +7.1170395e-01 +7.1170400e-01 +7.6244922e-01 +3.7966573e+00 +3.9825072e+00 +6.1418389e+00 +6.1418390e+00 +6.6070288e+00 +8.1342909e+00 +9.0561960e+00 
-6.7194797e+01 -6.7013512e+01 -3.3909564e+01 -3.3897880e+01 -3.3897879e+01 -3.3156763e+01 -3.3143877e+01 -3.3143876e+01 -7.7354426e+00 -3.6449752e+00 -3.6171262e+00 +7.0504054e-01 +7.0504059e-01 +7.8384729e-01 +3.7204391e+00 +4.0082867e+00 +5.9217599e+00 +5.9217599e+00 +6.5598606e+00 +7.9877423e+00 +9.3257797e+00 
-6.7193496e+01 -6.7014504e+01 -3.3909651e+01 -3.3892962e+01 -3.3892961e+01 -3.3166858e+01 -3.3148477e+01 -3.3148476e+01 -7.6805296e+00 -3.6153633e+00 -3.5765810e+00 +6.9732651e-01 +6.9732656e-01 +8.0997014e-01 +3.6293415e+00 +4.0394940e+00 +5.6944050e+00 +5.6944051e+00 +6.5029410e+00 +7.8191980e+00 +9.6135492e+00 
-6.7191968e+01 -6.7015673e+01 -3.3909675e+01 -3.3887178e+01 -3.3887177e+01 -3.3178633e+01 -3.3153893e+01 -3.3153892e+01 -7.6159895e+00 -3.5803958e+00 -3.5297561e+00 +6.8880539e-01 +6.8880544e-01 +8.4079939e-01 +3.5244424e+00 +4.0759403e+00 +5.4644699e+00 +5.4644700e+00 +6.4366805e+00 +7.6330945e+00 +9.9147524e+00 
-6.7190218e+01 -6.7017018e+01 -3.3909599e+01 -3.3880541e+01 -3.3880540e+01 -3.3192012e+01 -3.3160113e+01 -3.3160112e+01 -7.5419994e+00 -3.5400872e+00 -3.4772228e+00 +6.7975269e-01 +6.7975273e-01 +8.7631319e-01 +3.4068967e+00 +4.1173945e+00 +5.2348016e+00 +5.2348017e+00 +6.3615405e+00 +7.4336169e+00 +1.0226474e+01 
-6.7188250e+01 -6.7018539e+01 -3.3909381e+01 -3.3873068e+01 -3.3873067e+01 -3.3206911e+01 -3.3167125e+01 -3.3167125e+01 -7.4587630e+00 -3.4944541e+00 -3.4196596e+00 +6.7047073e-01 +6.7047078e-01 +9.1648611e-01 +3.2778990e+00 +4.1635798e+00 +5.0072045e+00 +5.0072046e+00 +6.2780246e+00 +7.2246030e+00 +1.0546830e+01 
-6.7186070e+01 -6.7020231e+01 -3.3908976e+01 -3.3864777e+01 -3.3864776e+01 -3.3223236e+01 -3.3174917e+01 -3.3174916e+01 -7.3665096e+00 -3.4435158e+00 -3.3578600e+00 +6.6128346e-01 +6.6128351e-01 +9.6128907e-01 +3.1386507e+00 +4.2141685e+00 +4.7828732e+00 +4.7828732e+00 +6.1866687e+00 +7.0095243e+00 +1.0874530e+01 
-6.7183686e+01 -6.7022095e+01 -3.3908333e+01 -3.3855688e+01 -3.3855687e+01 -3.3240888e+01 -3.3183472e+01 -3.3183471e+01 -7.2654948e+00 -3.3872942e+00 -3.2927405e+00 +6.5253118e-01 +6.5253123e-01 +1.0106892e+00 +2.9903340e+00 +4.2687766e+00 +4.5626305e+00 +4.5626306e+00 +6.0880321e+00 +6.7915124e+00 +1.1208643e+01 
-6.7181105e+01 -6.7024127e+01 -3.3907401e+01 -3.3845822e+01 -3.3845821e+01 -3.3259760e+01 -3.3192773e+01 -3.3192772e+01 -7.1559995e+00 -3.3258136e+00 -3.2253487e+00 +6.4456548e-01 +6.4456553e-01 +1.0646499e+00 +2.8340913e+00 +4.3269585e+00 +4.3470643e+00 +4.3470644e+00 +5.9826887e+00 +6.5734077e+00 +1.1548456e+01 
-6.7178333e+01 -6.7026324e+01 -3.3906124e+01 -3.3835204e+01 -3.3835203e+01 -3.3279738e+01 -3.3202802e+01 -3.3202801e+01 -7.0383308e+00 -3.2591013e+00 -3.1568702e+00 +6.3774454e-01 +6.3774459e-01 +1.1231304e+00 +2.6710115e+00 +4.1366076e+00 +4.1366076e+00 +4.3881995e+00 +5.8712198e+00 +6.3578153e+00 +1.1893391e+01 
-6.7175379e+01 -6.7028685e+01 -3.3904447e+01 -3.3823858e+01 -3.3823858e+01 -3.3300707e+01 -3.3213538e+01 -3.3213538e+01 -6.9128215e+00 -3.1871872e+00 -3.0886329e+00 +6.3242882e-01 +6.3242887e-01 +1.1860858e+00 +2.5021202e+00 +3.9315879e+00 +3.9315880e+00 +4.4519096e+00 +5.7542063e+00 +6.1471575e+00 +1.2242955e+01 
-6.7172251e+01 -6.7031204e+01 -3.3902313e+01 -3.3811813e+01 -3.3811812e+01 -3.3322545e+01 -3.3224961e+01 -3.3224960e+01 -6.7798307e+00 -3.1101045e+00 -3.0221071e+00 +6.2897716e-01 +6.2897721e-01 +1.2534670e+00 +2.3283749e+00 +3.7322590e+00 +3.7322591e+00 +4.5174159e+00 +5.6322237e+00 +5.9437171e+00 +1.2596709e+01 
-6.7168960e+01 -6.7033880e+01 -3.3899663e+01 -3.3799097e+01 -3.3799096e+01 -3.3345129e+01 -3.3237046e+01 -3.3237045e+01 -6.6397446e+00 -3.0278895e+00 -2.9588997e+00 +6.2774341e-01 +6.2774347e-01 +1.3252203e+00 +2.1506627e+00 +3.5388209e+00 +3.5388210e+00 +4.5839566e+00 +5.5058365e+00 +5.7496674e+00 +1.2954235e+01 
-6.7165514e+01 -6.7036707e+01 -3.3896440e+01 -3.3785740e+01 -3.3785739e+01 -3.3368336e+01 -3.3249769e+01 -3.3249768e+01 -6.4929773e+00 -2.9405819e+00 -2.9007380e+00 +6.2907359e-01 +6.2907365e-01 +1.4012873e+00 +1.9698013e+00 +3.3514335e+00 +3.3514336e+00 +4.6506748e+00 +5.3755948e+00 +5.5670863e+00 +1.3315127e+01 
-6.7161923e+01 -6.7039682e+01 -3.3892589e+01 -3.3771775e+01 -3.3771774e+01 -3.3392041e+01 -3.3263104e+01 -3.3263103e+01 -6.3399723e+00 -2.8494422e+00 -2.8482248e+00 +6.3330344e-01 +6.3330350e-01 +1.4816046e+00 +1.7865410e+00 +3.1702256e+00 +3.1702257e+00 +4.7166161e+00 +5.2420308e+00 +5.3979511e+00 +1.3678973e+01 
-6.7158197e+01 -6.7042801e+01 -3.3888055e+01 -3.3757235e+01 -3.3757234e+01 -3.3416119e+01 -3.3277022e+01 -3.3277022e+01 -6.1812040e+00 -2.8068819e+00 -2.7508653e+00 +6.4075650e-01 +6.4075655e-01 +1.5661040e+00 +1.6015677e+00 +2.9953017e+00 +2.9953018e+00 +4.7807282e+00 +5.1056564e+00 +5.2441126e+00 +1.4045340e+01 
-6.7154347e+01 -6.7046057e+01 -3.3882785e+01 -3.3742154e+01 -3.3742153e+01 -3.3440450e+01 -3.3291496e+01 -3.3291495e+01 -6.0171802e+00 -2.7749176e+00 -2.6485545e+00 +6.5174260e-01 +6.5174265e-01 +1.4155075e+00 +1.6547113e+00 +2.8267459e+00 +2.8267460e+00 +4.8418672e+00 +4.9669620e+00 +5.1072478e+00 +1.4413762e+01 
-6.7150383e+01 -6.7049446e+01 -3.3876730e+01 -3.3726569e+01 -3.3726569e+01 -3.3464911e+01 -3.3306493e+01 -3.3306492e+01 -5.8484452e+00 -2.7553255e+00 -2.5413478e+00 +6.6655673e-01 +6.6655679e-01 +1.2289305e+00 +1.7473470e+00 +2.6646255e+00 +2.6646255e+00 +4.8264153e+00 +4.8988115e+00 +4.9887928e+00 +1.4783726e+01 
-6.7146317e+01 -6.7052963e+01 -3.3869845e+01 -3.3710518e+01 -3.3710517e+01 -3.3489387e+01 -3.3321983e+01 -3.3321982e+01 -5.6755826e+00 -2.7497112e+00 -2.4293053e+00 +6.8547821e-01 +6.8547827e-01 +1.0423558e+00 +1.8439253e+00 +2.5089928e+00 +2.5089928e+00 +4.6844605e+00 +4.8898602e+00 +4.9502861e+00 +1.5154650e+01 
-6.7142159e+01 -6.7056600e+01 -3.3862087e+01 -3.3694037e+01 -3.3694037e+01 -3.3513765e+01 -3.3337932e+01 -3.3337931e+01 -5.4992200e+00 -2.7594206e+00 -2.3124921e+00 +7.0877026e-01 +7.0877032e-01 +8.5625538e-01 +1.9443542e+00 +2.3598871e+00 +2.3598872e+00 +4.5415185e+00 +4.8111515e+00 +4.9950004e+00 +1.5525864e+01 
-6.7137921e+01 -6.7060352e+01 -3.3853420e+01 -3.3677167e+01 -3.3677166e+01 -3.3537937e+01 -3.3354305e+01 -3.3354304e+01 -5.3200339e+00 -2.7854576e+00 -2.1909787e+00 +6.7105843e-01 +7.3667959e-01 +7.3667965e-01 +2.0485347e+00 +2.2173357e+00 +2.2173357e+00 +4.3979873e+00 +4.7528742e+00 +5.0317011e+00 +1.5896580e+01 
-6.7133614e+01 -6.7064212e+01 -3.3843812e+01 -3.3659947e+01 -3.3659947e+01 -3.3561798e+01 -3.3371068e+01 -3.3371067e+01 -5.1387550e+00 -2.8284224e+00 -2.0648412e+00 +4.8715544e-01 +7.6943643e-01 +7.6943649e-01 +2.0813541e+00 +2.0813541e+00 +2.1563608e+00 +4.2542417e+00 +4.7146790e+00 +5.0592412e+00 +1.5076595e+01 
-6.7129249e+01 -6.7068172e+01 -3.3833237e+01 -3.3642419e+01 -3.3642418e+01 -3.3585253e+01 -3.3388183e+01 -3.3388182e+01 -4.9561747e+00 -2.8884795e+00 -1.9341624e+00 +3.0490180e-01 +8.0725457e-01 +8.0725463e-01 +1.9519473e+00 +1.9519474e+00 +2.2677185e+00 +4.1106349e+00 +4.6956275e+00 +5.0766640e+00 +1.4857446e+01 
-6.7124838e+01 -6.7072224e+01 -3.3821674e+01 -3.3624622e+01 -3.3624622e+01 -3.3608210e+01 -3.3405613e+01 -3.3405613e+01 -4.7731521e+00 -2.9653607e+00 -1.7990315e+00 +1.2462113e-01 +8.5033166e-01 +8.5033172e-01 +1.8291094e+00 +1.8291095e+00 +2.3824861e+00 +3.9674987e+00 +4.6941983e+00 +5.0832955e+00 +1.4671583e+01 
-6.7120392e+01 -6.7076362e+01 -3.3809110e+01 -3.3630584e+01 -3.3606600e+01 -3.3606599e+01 -3.3423320e+01 -3.3423319e+01 -4.5906212e+00 -3.0584028e+00 -1.6595456e+00 -5.3391588e-02 +8.9884945e-01 +8.9884951e-01 +1.7128240e+00 +1.7128241e+00 +2.5005329e+00 +3.8251446e+00 +4.7083320e+00 +5.0788394e+00 +1.4520028e+01 
-6.7115921e+01 -6.7080576e+01 -3.3795538e+01 -3.3652300e+01 -3.3588395e+01 -3.3588394e+01 -3.3441263e+01 -3.3441263e+01 -4.4095979e+00 -3.1666110e+00 -1.5158095e+00 -2.2886725e-01 +9.5297425e-01 +9.5297431e-01 +1.6030641e+00 +1.6030642e+00 +2.6217190e+00 +3.6838645e+00 +4.7355107e+00 +5.0634603e+00 +1.4403384e+01 
-6.7111438e+01 -6.7084858e+01 -3.3780958e+01 -3.3673286e+01 -3.3570048e+01 -3.3570048e+01 -3.3459403e+01 -3.3459403e+01 -4.2311865e+00 -3.2887385e+00 -1.3679370e+00 -4.0156008e-01 +1.0128574e+00 +1.0128574e+00 +1.4997920e+00 +1.4997920e+00 +2.7458948e+00 +3.5439323e+00 +4.7728639e+00 +5.0378459e+00 +1.4321782e+01 
-6.7106952e+01 -6.7089199e+01 -3.3765378e+01 -3.3693481e+01 -3.3551604e+01 -3.3551603e+01 -3.3477699e+01 -3.3477698e+01 -4.0565841e+00 -3.4233688e+00 -1.2160518e+00 -5.7124549e-01 +1.0786356e+00 +1.0786357e+00 +1.4029588e+00 +1.4029589e+00 +2.8729000e+00 +3.4056041e+00 +4.8172918e+00 +5.0032355e+00 +1.4274846e+01 
-6.7102476e+01 -6.7093588e+01 -3.3748813e+01 -3.3712830e+01 -3.3533104e+01 -3.3533103e+01 -3.3496109e+01 -3.3496109e+01 -3.8870817e+00 -3.5689928e+00 -1.0602878e+00 -7.3771785e-01 +1.1504317e+00 +1.1504318e+00 +1.3125046e+00 +1.3125046e+00 +3.0025632e+00 +3.2691199e+00 +4.8655983e+00 +4.9614100e+00 +1.4261707e+01 
-6.7098018e+01 -6.7098017e+01 -3.3731286e+01 -3.3731286e+01 -3.3514592e+01 -3.3514592e+01 -3.3514591e+01 -3.3514591e+01 -3.7240731e+00 -3.7240604e+00 -9.0079106e-01 -9.0078878e-01 +1.2283550e+00 +1.2283551e+00 +1.2283576e+00 +1.2283576e+00 +3.1347008e+00 +3.1347041e+00 +4.9146270e+00 +4.9146428e+00 +1.4281034e+01 
-6.7098002e+01 -6.7098001e+01 -3.3734403e+01 -3.3734403e+01 -3.3514543e+01 -3.3514543e+01 -3.3511792e+01 -3.3511792e+01 -3.7230390e+00 -3.7230263e+00 -9.0418083e-01 -9.0417858e-01 +1.2102448e+00 +1.2102473e+00 +1.2375287e+00 +1.2375312e+00 +3.1559230e+00 +3.1559264e+00 +4.9161749e+00 +4.9161906e+00 +1.4271335e+01 
-6.7097953e+01 -6.7097953e+01 -3.3743292e+01 -3.3743291e+01 -3.3514398e+01 -3.3514398e+01 -3.3503853e+01 -3.3503852e+01 -3.7200448e+00 -3.7200322e+00 -9.1386489e-01 -9.1386268e-01 +1.1582611e+00 +1.1582636e+00 +1.2646514e+00 +1.2646538e+00 +3.2172299e+00 +3.2172333e+00 +4.9207939e+00 +4.9208094e+00 +1.4242516e+01 
-6.7097873e+01 -6.7097872e+01 -3.3756852e+01 -3.3756850e+01 -3.3514159e+01 -3.3514158e+01 -3.3491866e+01 -3.3491865e+01 -3.7154132e+00 -3.7154006e+00 -9.2846371e-01 -9.2846155e-01 +1.0782792e+00 +1.0782817e+00 +1.3086013e+00 +1.3086035e+00 +3.3127078e+00 +3.3127113e+00 +4.9284097e+00 +4.9284250e+00 +1.4195394e+01 
-6.7097762e+01 -6.7097761e+01 -3.3773861e+01 -3.3773860e+01 -3.3513826e+01 -3.3513826e+01 -3.3477037e+01 -3.3477036e+01 -3.7096701e+00 -3.7096577e+00 -9.4590414e-01 -9.4590204e-01 +9.7733581e-01 +9.7733816e-01 +1.3677230e+00 +1.3677250e+00 +3.4352561e+00 +3.4352597e+00 +4.9388979e+00 +4.9389127e+00 +1.4131232e+01 
-6.7097620e+01 -6.7097620e+01 -3.3793296e+01 -3.3793295e+01 -3.3513403e+01 -3.3513403e+01 -3.3460370e+01 -3.3460369e+01 -3.7035253e+00 -3.7035131e+00 -9.6367456e-01 -9.6367249e-01 +8.6184557e-01 +8.6184782e-01 +1.4400632e+00 +1.4400648e+00 +3.5783695e+00 +3.5783732e+00 +4.9520822e+00 +4.9520965e+00 +1.4051637e+01 
-6.7097450e+01 -6.7097449e+01 -3.3814395e+01 -3.3814393e+01 -3.3512895e+01 -3.3512895e+01 -3.3442600e+01 -3.3442599e+01 -3.6978392e+00 -3.6978272e+00 -9.7906997e-01 -9.7906790e-01 +7.3691951e-01 +7.3692163e-01 +1.5235822e+00 +1.5235834e+00 +3.7368194e+00 +3.7368232e+00 +4.9677338e+00 +4.9677474e+00 +1.3958430e+01 
-6.7097253e+01 -6.7097252e+01 -3.3836608e+01 -3.3836606e+01 -3.3512305e+01 -3.3512305e+01 -3.3424245e+01 -3.3424244e+01 -3.6935740e+00 -3.6935623e+00 -9.8939364e-01 -9.8939152e-01 +6.0638110e-01 +6.0638312e-01 +1.6163067e+00 +1.6163076e+00 +3.9066367e+00 +3.9066406e+00 +4.9855692e+00 +4.9855820e+00 +1.3853534e+01 
-6.7097030e+01 -6.7097029e+01 -3.3859539e+01 -3.3859538e+01 -3.3511639e+01 -3.3511638e+01 -3.3405665e+01 -3.3405664e+01 -3.6917274e+00 -3.6917160e+00 -9.9211193e-01 -9.9210972e-01 +4.7302696e-01 +4.7302889e-01 +1.7164174e+00 +1.7164179e+00 +4.0848495e+00 +4.0848535e+00 +5.0052483e+00 +5.0052603e+00 +1.3738889e+01 
-6.7096783e+01 -6.7096783e+01 -3.3882894e+01 -3.3882892e+01 -3.3510902e+01 -3.3510902e+01 -3.3387113e+01 -3.3387111e+01 -3.6932514e+00 -3.6932404e+00 -9.8497336e-01 -9.8497100e-01 +3.3890273e-01 +3.3890456e-01 +1.8222856e+00 +1.8222856e+00 +4.2692064e+00 +4.2692104e+00 +5.0263738e+00 +5.0263847e+00 +1.3616379e+01 
-6.7096516e+01 -6.7096515e+01 -3.3906443e+01 -3.3906441e+01 -3.3510102e+01 -3.3510102e+01 -3.3368773e+01 -3.3368771e+01 -3.6989653e+00 -3.6989547e+00 -9.6610198e-01 -9.6609943e-01 +2.0552294e-01 +2.0552469e-01 +1.9324769e+00 +1.9324774e+00 +4.4579540e+00 +4.4579582e+00 +5.0484892e+00 +5.0484991e+00 +1.3487798e+01 
-6.7096229e+01 -6.7096229e+01 -3.3930001e+01 -3.3929999e+01 -3.3509245e+01 -3.3509245e+01 -3.3350781e+01 -3.3350780e+01 -3.7094746e+00 -3.7094645e+00 -9.3406692e-01 -9.3406412e-01 +7.4029487e-02 +7.4031143e-02 +2.0457383e+00 +2.0457392e+00 +4.6496772e+00 +4.6496814e+00 +5.0710797e+00 +5.0710884e+00 +1.3354828e+01 
-6.7095927e+01 -6.7095926e+01 -3.3953413e+01 -3.3953411e+01 -3.3508340e+01 -3.3508340e+01 -3.3333242e+01 -3.3333241e+01 -3.7251126e+00 -3.7251031e+00 -8.8792352e-01 -8.8792044e-01 -5.4698824e-02 -5.4697262e-02 +2.1609746e+00 +2.1609760e+00 +4.8431863e+00 +4.8431906e+00 +5.0935727e+00 +5.0935802e+00 +1.3219029e+01 
-6.7095611e+01 -6.7095610e+01 -3.3976543e+01 -3.3976541e+01 -3.3507395e+01 -3.3507395e+01 -3.3316236e+01 -3.3316234e+01 -3.7459148e+00 -3.7459058e+00 -8.2722038e-01 -8.2721700e-01 -1.7997126e-01 -1.7996977e-01 +2.2772252e+00 +2.2772271e+00 +5.0374399e+00 +5.0374442e+00 +5.1153413e+00 +5.1153475e+00 +1.3081840e+01 
-6.7095284e+01 -6.7095284e+01 -3.3999271e+01 -3.3999269e+01 -3.3506417e+01 -3.3506417e+01 -3.3299827e+01 -3.3299825e+01 -3.7716306e+00 -3.7716222e+00 -7.5197202e-01 -7.5196832e-01 -3.0123380e-01 -3.0123241e-01 +2.3936402e+00 +2.3936425e+00 +5.1357097e+00 +5.1357145e+00 +5.2314898e+00 +5.2314942e+00 +1.2944589e+01 
-6.7094950e+01 -6.7094949e+01 -3.4021487e+01 -3.4021485e+01 -3.3505416e+01 -3.3505416e+01 -3.3284066e+01 -3.3284065e+01 -3.8017662e+00 -3.8017583e+00 -6.6260432e-01 -6.6260031e-01 -4.1803369e-01 -4.1803240e-01 +2.5094591e+00 +2.5094620e+00 +5.1539614e+00 +5.1539649e+00 +5.4244428e+00 +5.4244472e+00 +1.2808502e+01 
-6.7094611e+01 -6.7094610e+01 -3.4043088e+01 -3.4043086e+01 -3.3504402e+01 -3.3504401e+01 -3.3268998e+01 -3.3268996e+01 -3.8356466e+00 -3.8356394e+00 -5.5988548e-01 -5.5988118e-01 -5.2999473e-01 -5.2999352e-01 +2.6239918e+00 +2.6239951e+00 +5.1693522e+00 +5.1693543e+00 +5.6154318e+00 +5.6154363e+00 +1.2674706e+01 
-6.7094270e+01 -6.7094270e+01 -3.4063980e+01 -3.4063978e+01 -3.3503382e+01 -3.3503382e+01 -3.3254657e+01 -3.3254655e+01 -3.8724832e+00 -3.8724765e+00 -6.3679964e-01 -6.3679852e-01 -4.4485645e-01 -4.4485188e-01 +2.7366008e+00 +2.7366045e+00 +5.1811271e+00 +5.1811278e+00 +5.8035947e+00 +5.8035992e+00 +1.2544233e+01 
-6.7093932e+01 -6.7093931e+01 -3.4084073e+01 -3.4084071e+01 -3.3502366e+01 -3.3502366e+01 -3.3241074e+01 -3.3241072e+01 -3.9114351e+00 -3.9114289e+00 -7.3817760e-01 -7.3817657e-01 -3.1877213e-01 -3.1876733e-01 +2.8466868e+00 +2.8466909e+00 +5.1885423e+00 +5.1885430e+00 +5.9880580e+00 +5.9880625e+00 +1.2418038e+01 
-6.7093597e+01 -6.7093597e+01 -3.4103282e+01 -3.4103280e+01 -3.3501365e+01 -3.3501364e+01 -3.3228274e+01 -3.3228272e+01 -3.9516586e+00 -3.9516529e+00 -8.3389506e-01 -8.3389411e-01 -1.8305968e-01 -1.8305468e-01 +2.9536744e+00 +2.9536788e+00 +5.1908969e+00 +5.1908988e+00 +6.1679245e+00 +6.1679289e+00 +1.2296991e+01 
-6.7093271e+01 -6.7093270e+01 -3.4121529e+01 -3.4121527e+01 -3.3500385e+01 -3.3500385e+01 -3.3216280e+01 -3.3216278e+01 -3.9923431e+00 -3.9923379e+00 -9.2374901e-01 -9.2374814e-01 -3.9296060e-02 -3.9290908e-02 +3.0570007e+00 +3.0570054e+00 +5.1875694e+00 +5.1875726e+00 +6.3422635e+00 +6.3422678e+00 +1.2181883e+01 
-6.7092954e+01 -6.7092954e+01 -3.4138738e+01 -3.4138736e+01 -3.3499438e+01 -3.3499438e+01 -3.3205110e+01 -3.3205109e+01 -4.0327334e+00 -4.0327288e+00 -1.0075620e+00 -1.0075612e+00 +1.1079580e-01 +1.1080108e-01 +3.1561052e+00 +3.1561101e+00 +5.1780631e+00 +5.1780672e+00 +6.5101049e+00 +6.5101091e+00 +1.2073425e+01 
-6.7092652e+01 -6.7092651e+01 -3.4154840e+01 -3.4154838e+01 -3.3498530e+01 -3.3498530e+01 -3.3194782e+01 -3.3194781e+01 -4.0721424e+00 -4.0721382e+00 -1.0851783e+00 -1.0851775e+00 +2.6533478e-01 +2.6534011e-01 +3.2504221e+00 +3.2504272e+00 +5.1620611e+00 +5.1620662e+00 +6.6704352e+00 +6.6704393e+00 +1.1972247e+01 
-6.7092365e+01 -6.7092365e+01 -3.4169768e+01 -3.4169766e+01 -3.3497671e+01 -3.3497671e+01 -3.3185310e+01 -3.3185308e+01 -4.1099558e+00 -4.1099520e+00 -1.1564610e+00 -1.1564604e+00 +4.2225572e-01 +4.2226105e-01 +3.3393747e+00 +3.3393799e+00 +5.1394907e+00 +5.1394964e+00 +6.8221981e+00 +6.8222020e+00 +1.1878895e+01 
-6.7092098e+01 -6.7092098e+01 -3.4183464e+01 -3.4183462e+01 -3.3496868e+01 -3.3496868e+01 -3.3176705e+01 -3.3176703e+01 -4.1456321e+00 -4.1456288e+00 -1.2212902e+00 -1.2212897e+00 +5.7927367e-01 +5.7927892e-01 +3.4223737e+00 +3.4223788e+00 +5.1105941e+00 +5.1106003e+00 +6.9642990e+00 +6.9643027e+00 +1.1793839e+01 
-6.7091851e+01 -6.7091851e+01 -3.4195870e+01 -3.4195868e+01 -3.3496128e+01 -3.3496128e+01 -3.3168979e+01 -3.3168978e+01 -4.1787001e+00 -4.1786972e+00 -1.2795606e+00 -1.2795602e+00 +7.3384195e-01 +7.3384705e-01 +3.4988181e+00 +3.4988231e+00 +5.0760036e+00 +5.0760101e+00 +7.0956141e+00 +7.0956176e+00 +1.1717470e+01 
-6.7091629e+01 -6.7091628e+01 -3.4206938e+01 -3.4206936e+01 -3.3495459e+01 -3.3495459e+01 -3.3162142e+01 -3.3162140e+01 -4.2087544e+00 -4.2087519e+00 -1.3311809e+00 -1.3311805e+00 +8.8311106e-01 +8.8311592e-01 +3.5681022e+00 +3.5681069e+00 +5.0368123e+00 +5.0368189e+00 +7.2150066e+00 +7.2150098e+00 +1.1650112e+01 
-6.7091431e+01 -6.7091431e+01 -3.4216622e+01 -3.4216620e+01 -3.3494866e+01 -3.3494866e+01 -3.3156201e+01 -3.3156199e+01 -4.2354506e+00 -4.2354485e+00 -1.3760721e+00 -1.3760718e+00 +1.0238997e+00 +1.0239042e+00 +3.6296259e+00 +3.6296302e+00 +4.9946284e+00 +4.9946347e+00 +7.3213481e+00 +7.3213510e+00 +1.1592034e+01 
-6.7091261e+01 -6.7091261e+01 -3.4224883e+01 -3.4224881e+01 -3.3494355e+01 -3.3494355e+01 -3.3151162e+01 -3.3151160e+01 -4.2585007e+00 -4.2584990e+00 -1.4141673e+00 -1.4141671e+00 +1.1526966e+00 +1.1527006e+00 +3.6828115e+00 +3.6828153e+00 +4.9515907e+00 +4.9515965e+00 +7.4135472e+00 +7.4135497e+00 +1.1543461e+01 
-6.7091120e+01 -6.7091120e+01 -3.4231689e+01 -3.4231687e+01 -3.3493930e+01 -3.3493930e+01 -3.3147033e+01 -3.3147031e+01 -4.2776684e+00 -4.2776671e+00 -1.4454107e+00 -1.4454105e+00 +1.2657223e+00 +1.2657257e+00 +3.7271245e+00 +3.7271277e+00 +4.9103176e+00 +4.9103227e+00 +7.4905835e+00 +7.4905856e+00 +1.1504571e+01 
-6.7091009e+01 -6.7091009e+01 -3.4237010e+01 -3.4237008e+01 -3.3493596e+01 -3.3493596e+01 -3.3143816e+01 -3.3143814e+01 -4.2927658e+00 -4.2927649e+00 -1.4697573e+00 -1.4697572e+00 +1.3590848e+00 +1.3590874e+00 +3.7620972e+00 +3.7620998e+00 +4.8737527e+00 +4.8737568e+00 +7.5515462e+00 +7.5515479e+00 +1.1475451e+01 
-6.7090929e+01 -6.7090929e+01 -3.4240827e+01 -3.4240825e+01 -3.3493355e+01 -3.3493355e+01 -3.3141516e+01 -3.3141514e+01 -4.3036497e+00 -4.3036492e+00 -1.4871723e+00 -1.4871722e+00 +1.4290587e+00 +1.4290605e+00 +3.7873512e+00 +3.7873530e+00 +4.8448828e+00 +4.8448856e+00 +7.5956736e+00 +7.5956748e+00 +1.1455920e+01 
-6.7090881e+01 -6.7090881e+01 -3.4243123e+01 -3.4243121e+01 -3.3493209e+01 -3.3493209e+01 -3.3140134e+01 -3.3140132e+01 -4.3102198e+00 -4.3102196e+00 -1.4976311e+00 -1.4976311e+00 +1.4724838e+00 +1.4724846e+00 +3.8026124e+00 +3.8026134e+00 +4.8263363e+00 +4.8263377e+00 +7.6223901e+00 +7.6223907e+00 +1.1445208e+01 
-6.7090866e+01 -6.7090866e+01 -3.4243889e+01 -3.4243887e+01 -3.3493161e+01 -3.3493161e+01 -3.3139673e+01 -3.3139671e+01 -4.3124165e+00 -4.3124163e+00 -1.5011192e+00 -1.5011191e+00 +1.4872142e+00 +1.4872145e+00 +3.8077178e+00 +3.8077181e+00 +4.8199361e+00 +4.8199361e+00 +7.6313366e+00 +7.6313368e+00 +1.1441917e+01 
-6.7090985e+01 -6.7090776e+01 -3.4243525e+01 -3.4242741e+01 -3.3493645e+01 -3.3492773e+01 -3.3140589e+01 -3.3139664e+01 -4.3126678e+00 -4.3078379e+00 -1.4991700e+00 -1.4961900e+00 +1.4718609e+00 +1.4735367e+00 +3.7946119e+00 +3.8107411e+00 +4.8173525e+00 +4.8351783e+00 +7.6148695e+00 +7.6301878e+00 +1.1455064e+01 
-6.7091345e+01 -6.7090511e+01 -3.4242440e+01 -3.4239298e+01 -3.3495094e+01 -3.3491610e+01 -3.3143331e+01 -3.3139643e+01 -4.3134883e+00 -4.2941331e+00 -1.4933268e+00 -1.4814080e+00 +1.4267062e+00 +1.4332969e+00 +3.7557841e+00 +3.8192533e+00 +4.8096553e+00 +4.8799824e+00 +7.5660053e+00 +7.6267480e+00 +1.1494375e+01 
-6.7091944e+01 -6.7090070e+01 -3.4240635e+01 -3.4233574e+01 -3.3497502e+01 -3.3489678e+01 -3.3147883e+01 -3.3139606e+01 -4.3150763e+00 -4.2713940e+00 -1.4836012e+00 -1.4567886e+00 +1.3542275e+00 +1.3687142e+00 +3.6926413e+00 +3.8317328e+00 +4.7970007e+00 +4.9518172e+00 +7.4862823e+00 +7.6210374e+00 +1.1559469e+01 
-6.7092778e+01 -6.7089456e+01 -3.4238119e+01 -3.4225588e+01 -3.3500855e+01 -3.3486984e+01 -3.3154221e+01 -3.3139554e+01 -4.3177635e+00 -4.2397767e+00 -1.4700127e+00 -1.4223571e+00 +1.2579234e+00 +1.2830532e+00 +3.6073566e+00 +3.8460641e+00 +4.7796405e+00 +5.0470941e+00 +7.3780560e+00 +7.6130890e+00 +1.1388604e+01 
-6.7093845e+01 -6.7088671e+01 -3.4234901e+01 -3.4215369e+01 -3.3505138e+01 -3.3483538e+01 -3.3162312e+01 -3.3139488e+01 -4.3220160e+00 -4.1995045e+00 -1.4525886e+00 -1.3781494e+00 +1.1416888e+00 +1.1801707e+00 +3.5026590e+00 +3.8599691e+00 +4.7579098e+00 +5.1617938e+00 +7.2442471e+00 +7.6029487e+00 +1.1369504e+01 
-6.7095138e+01 -6.7087719e+01 -3.4230995e+01 -3.4202954e+01 -3.3510329e+01 -3.3479356e+01 -3.3172112e+01 -3.3139407e+01 -4.3284350e+00 -4.1508737e+00 -1.4313644e+00 -1.3242110e+00 +1.0093254e+00 +1.0641336e+00 +3.3816131e+00 +3.8713577e+00 +4.7322125e+00 +5.2919562e+00 +7.0880767e+00 +7.5906749e+00 +1.1348262e+01 
-6.7096653e+01 -6.7086604e+01 -3.4226417e+01 -3.4188387e+01 -3.3516401e+01 -3.3474453e+01 -3.3183569e+01 -3.3139313e+01 -4.3377546e+00 -4.0942601e+00 -1.4063838e+00 -1.2605977e+00 +8.6425841e-01 +9.3896393e-01 +3.2474272e+00 +3.8785397e+00 +4.7030038e+00 +5.4339655e+00 +6.9128366e+00 +7.5763374e+00 +1.1324584e+01 
-6.7098383e+01 -6.7085331e+01 -3.4221185e+01 -3.4171721e+01 -3.3523325e+01 -3.3468849e+01 -3.3196624e+01 -3.3139206e+01 -4.3508345e+00 -4.0301282e+00 -1.3776991e+00 -1.1873752e+00 +7.0942745e-01 +8.0850148e-01 +3.1033093e+00 +3.8803085e+00 +4.6707741e+00 +5.5846614e+00 +6.7217160e+00 +7.5600175e+00 +1.1298321e+01 
-6.7100318e+01 -6.7083905e+01 -3.4215321e+01 -3.4153016e+01 -3.3531067e+01 -3.3462568e+01 -3.3211207e+01 -3.3139086e+01 -4.3686460e+00 -3.9590426e+00 -1.3453712e+00 -1.1046191e+00 +5.4728593e-01 +6.7634456e-01 +2.9523773e+00 +3.8759361e+00 +4.6360319e+00 +5.7413428e+00 +6.5176894e+00 +7.5418067e+00 +1.1269429e+01 
-6.7102452e+01 -6.7082334e+01 -3.4208849e+01 -3.4132340e+01 -3.3539587e+01 -3.3455635e+01 -3.3227242e+01 -3.3138954e+01 -4.3922473e+00 -3.8816817e+00 -1.3094702e+00 -1.0124147e+00 +3.7985359e-01 +5.4582918e-01 +2.7976163e+00 +3.8651190e+00 +4.5992900e+00 +5.9017181e+00 +6.3034568e+00 +7.5218060e+00 +1.1237927e+01 
-6.7104773e+01 -6.7080623e+01 -3.4201796e+01 -3.4109770e+01 -3.3548844e+01 -3.3448078e+01 -3.3244647e+01 -3.3138811e+01 -4.4227458e+00 -3.7988531e+00 -1.2700756e+00 -9.1085714e-01 +2.0878590e-01 +4.2001840e-01 +2.6418724e+00 +3.8479029e+00 +4.5610518e+00 +6.0638412e+00 +6.0814237e+00 +7.5001254e+00 +1.1203881e+01 
-6.7107272e+01 -6.7078780e+01 -3.4194192e+01 -3.4085390e+01 -3.3558793e+01 -3.3439929e+01 -3.3263332e+01 -3.3138657e+01 -4.4612454e+00 -3.7115124e+00 -1.2272769e+00 -8.0005102e-01 +3.5442454e-02 +3.0168453e-01 +2.4878721e+00 +3.8246072e+00 +4.5218028e+00 +5.8537058e+00 +6.2260475e+00 +7.4768823e+00 +1.1167382e+01 
-6.7109936e+01 -6.7076814e+01 -3.4186068e+01 -3.4059291e+01 -3.3569386e+01 -3.3431221e+01 -3.3283203e+01 -3.3138494e+01 -4.5087799e+00 -3.6207818e+00 -1.1811737e+00 -6.8011064e-01 -1.3905323e-01 +1.9327718e-01 +2.3382563e+00 +3.7957541e+00 +4.4820016e+00 +5.6221495e+00 +6.3869017e+00 +7.4522012e+00 +1.1128539e+01 
-6.7112754e+01 -6.7074733e+01 -3.4177457e+01 -3.4031572e+01 -3.3580570e+01 -3.3421990e+01 -3.3304160e+01 -3.3138321e+01 -4.5662364e+00 -3.5279693e+00 -1.1318766e+00 -5.5115979e-01 -3.1376465e-01 +9.6877983e-02 +2.1956215e+00 +3.7620108e+00 +4.4420749e+00 +5.3883588e+00 +6.5451552e+00 +7.4262123e+00 +1.1087471e+01 
-6.7115714e+01 -6.7072546e+01 -3.4168397e+01 -3.4002340e+01 -3.3592294e+01 -3.3412275e+01 -3.3326097e+01 -3.3138141e+01 -4.6342783e+00 -3.4345831e+00 -1.0795075e+00 -4.8790315e-01 -4.1333175e-01 +1.4149106e-02 +2.0625593e+00 +3.7241424e+00 +4.4024132e+00 +5.1537249e+00 +6.6997166e+00 +7.3990507e+00 +1.1044302e+01 
-6.7118801e+01 -6.7070263e+01 -3.4158926e+01 -3.3971706e+01 -3.3604499e+01 -3.3402117e+01 -3.3348908e+01 -3.3137953e+01 -4.7132767e+00 -3.3423380e+00 -1.0242004e+00 -6.6079727e-01 -2.6676932e-01 -5.3713204e-02 +1.9416865e+00 +3.6829764e+00 +4.3633692e+00 +4.9194551e+00 +6.8496301e+00 +7.3708556e+00 +1.0999153e+01 
-6.7122002e+01 -6.7067895e+01 -3.4149083e+01 -3.3939791e+01 -3.3617130e+01 -3.3391558e+01 -3.3372481e+01 -3.3137759e+01 -4.8032653e+00 -3.2531446e+00 -9.6610164e-01 -8.3186888e-01 -1.1162484e-01 -1.0600736e-01 +1.8356580e+00 +3.6393770e+00 +4.3252564e+00 +4.6865986e+00 +6.9940618e+00 +7.3417689e+00 +1.0952145e+01 
-6.7125302e+01 -6.7065451e+01 -3.4138911e+01 -3.3906723e+01 -3.3630125e+01 -3.3396702e+01 -3.3380644e+01 -3.3137559e+01 -4.9039252e+00 -3.1690731e+00 -1.0006147e+00 -9.0537110e-01 -1.4252841e-01 +5.1939758e-02 +1.7471500e+00 +3.5942276e+00 +4.2883494e+00 +4.4560704e+00 +7.1322923e+00 +7.3119349e+00 +1.0903388e+01 
-6.7128686e+01 -6.7062942e+01 -3.4128455e+01 -3.3872633e+01 -3.3643426e+01 -3.3421456e+01 -3.3369421e+01 -3.3137355e+01 -5.0146036e+00 -3.0922802e+00 -1.1665919e+00 -8.4218244e-01 -1.6354011e-01 +2.2375275e-01 +1.6788050e+00 +3.5484195e+00 +4.2286711e+00 +4.2528842e+00 +7.2637125e+00 +7.2814988e+00 +1.0852980e+01 
-6.7132139e+01 -6.7060380e+01 -3.4117758e+01 -3.3837662e+01 -3.3656969e+01 -3.3446627e+01 -3.3357937e+01 -3.3137148e+01 -5.1343606e+00 -3.0248939e+00 -1.3294070e+00 -7.7672412e-01 -1.6972052e-01 +4.0363244e-01 +1.6331313e+00 +3.5028456e+00 +4.0051047e+00 +4.2190597e+00 +7.2506064e+00 +7.3878229e+00 +1.0801006e+01 
-6.7135646e+01 -6.7057776e+01 -3.4106867e+01 -3.3801952e+01 -3.3670693e+01 -3.3472097e+01 -3.3346242e+01 -3.3136938e+01 -5.2620365e+00 -2.9688577e+00 -1.4887072e+00 -7.0920002e-01 -1.6209061e-01 +5.9138687e-01 +1.6123594e+00 +3.4583969e+00 +3.7859925e+00 +4.1870387e+00 +7.2194030e+00 +7.5042335e+00 +1.0747531e+01 
-6.7139191e+01 -6.7055141e+01 -3.4095831e+01 -3.3765655e+01 -3.3684535e+01 -3.3497750e+01 -3.3334388e+01 -3.3136727e+01 -5.3963247e+00 -2.9257520e+00 -1.6441734e+00 -6.3983016e-01 -1.4193703e-01 +7.8681347e-01 +1.6182736e+00 +3.4159618e+00 +3.5718858e+00 +4.1569502e+00 +7.1880329e+00 +7.6126640e+00 +1.0692598e+01 
-6.7142758e+01 -6.7052488e+01 -3.4084697e+01 -3.3728925e+01 -3.3698433e+01 -3.3523469e+01 -3.3322426e+01 -3.3136515e+01 -5.5358426e+00 -2.8966250e+00 -1.7955151e+00 -5.6885148e-01 -1.1073863e-01 +9.8969852e-01 +1.6520505e+00 +3.3632762e+00 +3.3764250e+00 +4.1288905e+00 +7.1566384e+00 +7.7129438e+00 +1.0636224e+01 
-6.7146330e+01 -6.7049828e+01 -3.4073516e+01 -3.3712324e+01 -3.3691920e+01 -3.3549139e+01 -3.3310409e+01 -3.3136304e+01 -5.6791910e+00 -2.8818755e+00 -1.9424658e+00 -4.9651848e-01 -7.0102862e-02 +1.1998166e+00 +1.7141484e+00 +3.1606036e+00 +3.3406667e+00 +4.1029255e+00 +7.1253595e+00 +7.8050097e+00 +1.0578391e+01 
-6.7149893e+01 -6.7047173e+01 -3.4062336e+01 -3.3726147e+01 -3.3654804e+01 -3.3574647e+01 -3.3298390e+01 -3.3136095e+01 -5.8250003e+00 -2.8812201e+00 -2.0847799e+00 -4.2310381e-01 -2.1714103e-02 +1.4169296e+00 +1.8042780e+00 +2.9642640e+00 +3.3095577e+00 +4.0790923e+00 +7.0943333e+00 +7.8889022e+00 +1.0519048e+01 
-6.7153430e+01 -6.7044535e+01 -3.4051208e+01 -3.3739840e+01 -3.3617741e+01 -3.3599881e+01 -3.3286424e+01 -3.3135887e+01 -5.9719621e+00 -2.8937531e+00 -2.2222301e+00 -3.4889877e-01 +3.2707744e-02 +1.6407860e+00 +1.9214652e+00 +2.7746148e+00 +3.2839516e+00 +4.0574011e+00 +7.0636934e+00 +7.9647595e+00 +1.0458099e+01 
-6.7156925e+01 -6.7041925e+01 -3.4040182e+01 -3.3753344e+01 -3.3624732e+01 -3.3580900e+01 -3.3274565e+01 -3.3135683e+01 -6.1188490e+00 -2.9180807e+00 -2.3546051e+00 -2.7421368e-01 +9.1441835e-02 +1.8711192e+00 +2.0641865e+00 +2.5919800e+00 +3.2646699e+00 +4.0378369e+00 +7.0335694e+00 +8.0328091e+00 +1.0395399e+01 
-6.7160363e+01 -6.7039356e+01 -3.4029309e+01 -3.3766599e+01 -3.3649094e+01 -3.3544451e+01 -3.3262866e+01 -3.3135483e+01 -6.2645247e+00 -2.9524921e+00 -2.4817080e+00 -1.9937802e-01 +1.5279859e-01 +2.1076461e+00 +2.2305393e+00 +2.4166545e+00 +3.2524788e+00 +4.0203618e+00 +7.0040866e+00 +8.0933578e+00 +1.0330748e+01 
-6.7163729e+01 -6.7036839e+01 -3.4018637e+01 -3.3779549e+01 -3.3672864e+01 -3.3508563e+01 -3.3251382e+01 -3.3135288e+01 -6.4079464e+00 -2.9951276e+00 -2.6033548e+00 -1.2474029e-01 +2.1515359e-01 +2.2489067e+00 +2.3500649e+00 +2.4184073e+00 +3.2480569e+00 +4.0049161e+00 +6.9753654e+00 +8.1467798e+00 +1.0263882e+01 
-6.7167008e+01 -6.7034385e+01 -3.4008217e+01 -3.3792139e+01 -3.3695944e+01 -3.3473408e+01 -3.3240164e+01 -3.3135099e+01 -6.5481640e+00 -3.0441172e+00 -2.7193738e+00 -5.0667640e-02 +2.7698559e-01 +2.0889823e+00 +2.5980522e+00 +2.6255952e+00 +3.2519532e+00 +3.9914212e+00 +6.9475216e+00 +8.1935043e+00 +1.0194464e+01 
-6.7170184e+01 -6.7032006e+01 -3.3998095e+01 -3.3804314e+01 -3.3718239e+01 -3.3439156e+01 -3.3229266e+01 -3.3134917e+01 -6.6843151e+00 -3.0976792e+00 -2.8296042e+00 +2.2454987e-02 +3.3691881e-01 +1.9371057e+00 +2.8499210e+00 +2.8512595e+00 +3.2645373e+00 +3.9797806e+00 +6.9206654e+00 +8.2340022e+00 +1.0122077e+01 
-6.7173245e+01 -6.7029711e+01 -3.3988319e+01 -3.3816024e+01 -3.3739657e+01 -3.3405973e+01 -3.3218737e+01 -3.3134741e+01 -6.8156192e+00 -3.1541791e+00 -2.9338960e+00 +9.4226119e-02 +3.9376657e-01 +1.7934828e+00 +3.0892653e+00 +3.1093079e+00 +3.2859467e+00 +3.9698826e+00 +6.8949017e+00 +8.2687732e+00 +1.0046219e+01 
-6.7176177e+01 -6.7027511e+01 -3.3978936e+01 -3.3827220e+01 -3.3760111e+01 -3.3374026e+01 -3.3208629e+01 -3.3134574e+01 -6.9413718e+00 -3.2121573e+00 -3.0321091e+00 +1.6422954e-01 +4.4657108e-01 +1.6583017e+00 +3.3160368e+00 +3.3415874e+00 +3.3717814e+00 +3.9616024e+00 +6.8703294e+00 +8.2983335e+00 +9.9662960e+00 
-6.7178966e+01 -6.7025417e+01 -3.3969988e+01 -3.3837854e+01 -3.3779521e+01 -3.3343476e+01 -3.3198987e+01 -3.3134416e+01 -7.0609378e+00 -3.2703354e+00 -3.1241130e+00 +2.3203689e-01 +4.9463219e-01 +1.5317350e+00 +3.3543435e+00 +3.6049142e+00 +3.6382172e+00 +3.9548043e+00 +6.8470417e+00 +8.3232038e+00 +9.8816230e+00 
-6.7181601e+01 -6.7023437e+01 -3.3961519e+01 -3.3847884e+01 -3.3797810e+01 -3.3314478e+01 -3.3189859e+01 -3.3134266e+01 -7.1737459e+00 -3.3276086e+00 -3.2097866e+00 +2.9721058e-01 +5.3751904e-01 +1.4139398e+00 +3.4000639e+00 +3.8773106e+00 +3.9080918e+00 +3.9493438e+00 +6.8251259e+00 +8.3438997e+00 +9.7914349e+00 
-6.7184070e+01 -6.7021581e+01 -3.3953568e+01 -3.3857268e+01 -3.3814905e+01 -3.3287184e+01 -3.3181288e+01 -3.3134127e+01 -7.2792828e+00 -3.3830315e+00 -3.2890182e+00 +3.5930776e-01 +5.7506105e-01 +1.3050598e+00 +3.4520607e+00 +3.9450710e+00 +4.1568346e+00 +4.1808004e+00 +6.8046628e+00 +8.3609221e+00 +9.6949087e+00 
-6.7186362e+01 -6.7019857e+01 -3.3946173e+01 -3.3865967e+01 -3.3830740e+01 -3.3261737e+01 -3.3173315e+01 -3.3133998e+01 -7.3770895e+00 -3.4358007e+00 -3.3617050e+00 +4.1788492e-01 +6.0731890e-01 +1.2052247e+00 +3.5088913e+00 +3.9418328e+00 +4.4414768e+00 +4.4556256e+00 +6.7857273e+00 +8.3747500e+00 +9.5912097e+00 
-6.7188467e+01 -6.7018272e+01 -3.3939370e+01 -3.3873947e+01 -3.3845255e+01 -3.3238273e+01 -3.3165979e+01 -3.3133879e+01 -7.4667566e+00 -3.4852379e+00 -3.4277529e+00 +4.7250328e-01 +6.3454034e-01 +1.1145521e+00 +3.5688569e+00 +3.9394756e+00 +4.7290810e+00 +4.7316877e+00 +6.7683879e+00 +8.3858340e+00 +9.4795710e+00 
-6.7190376e+01 -6.7016834e+01 -3.3933191e+01 -3.3881175e+01 -3.3858392e+01 -3.3216917e+01 -3.3159315e+01 -3.3133772e+01 -7.5479215e+00 -3.5307728e+00 -3.4870772e+00 +5.2273483e-01 +6.5710773e-01 +1.0331470e+00 +3.6300677e+00 +3.9378485e+00 +5.0078646e+00 +5.0172351e+00 +6.7527065e+00 +8.3945914e+00 +9.3594230e+00 
-6.7192080e+01 -6.7015550e+01 -3.3927667e+01 -3.3887622e+01 -3.3870103e+01 -3.3197785e+01 -3.3153355e+01 -3.3133677e+01 -7.6202653e+00 -3.5719297e+00 -3.5396017e+00 +5.6816898e-01 +6.7548472e-01 +9.6110259e-01 +3.6905173e+00 +3.9368062e+00 +5.2826555e+00 +5.3031110e+00 +6.7387387e+00 +8.4014022e+00 +9.2305990e+00 
-6.7193573e+01 -6.7014425e+01 -3.3922823e+01 -3.3893263e+01 -3.3880343e+01 -3.3180983e+01 -3.3148130e+01 -3.3133594e+01 -7.6835109e+00 -3.6083140e+00 -3.5852591e+00 +6.0841972e-01 +6.9016780e-01 +8.9850065e-01 +3.7481617e+00 +3.9362119e+00 +5.5539410e+00 +5.5832144e+00 +6.7265338e+00 +8.4066063e+00 +9.0936550e+00 
-6.7194847e+01 -6.7013465e+01 -3.3918684e+01 -3.3898073e+01 -3.3889073e+01 -3.3166604e+01 -3.3143664e+01 -3.3133523e+01 -7.7374210e+00 -3.6396027e+00 -3.6239913e+00 +6.4313293e-01 +7.0164610e-01 +8.4541157e-01 +3.8010012e+00 +3.9359401e+00 +5.8185456e+00 +5.8529681e+00 +6.7161343e+00 +8.4105008e+00 +8.9503759e+00 
-6.7195897e+01 -6.7012673e+01 -3.3915270e+01 -3.3902036e+01 -3.3896261e+01 -3.3154727e+01 -3.3139979e+01 -3.3133465e+01 -7.7817969e+00 -3.6655355e+00 -3.6557487e+00 +6.7199368e-01 +7.1037054e-01 +8.0189465e-01 +3.8471609e+00 +3.9358794e+00 +6.0714097e+00 +6.1059997e+00 +6.7075764e+00 +8.4133393e+00 +8.8045884e+00 
-6.7196719e+01 -6.7012053e+01 -3.3912597e+01 -3.3905134e+01 -3.3901879e+01 -3.3145419e+01 -3.3137095e+01 -3.3133419e+01 -7.8164773e+00 -3.6859080e+00 -3.6804909e+00 +6.9473316e-01 +7.1673140e-01 +7.6799824e-01 +3.8849697e+00 +3.9359351e+00 +6.3040282e+00 +6.3329433e+00 +6.7008896e+00 +8.4153301e+00 +8.6634557e+00 
-6.7197308e+01 -6.7011608e+01 -3.3910679e+01 -3.3907356e+01 -3.3905908e+01 -3.3138733e+01 -3.3135024e+01 -3.3133387e+01 -7.8413375e+00 -3.7005664e+00 -3.6981864e+00 +7.1113505e-01 +7.2104371e-01 +7.4375984e-01 +3.9130353e+00 +3.9360309e+00 +6.5017557e+00 +6.5197344e+00 +6.6960969e+00 +8.4166356e+00 +8.5392625e+00 
-6.7197663e+01 -6.7011341e+01 -3.3909524e+01 -3.3908693e+01 -3.3908331e+01 -3.3134706e+01 -3.3133777e+01 -3.3133367e+01 -7.8562889e+00 -3.7094035e+00 -3.7088126e+00 +7.2104072e-01 +7.2353770e-01 +7.2920619e-01 +3.9303098e+00 +3.9361110e+00 +6.6408857e+00 +6.6466083e+00 +6.6932147e+00 +8.4173722e+00 +8.4504730e+00 
-6.7197781e+01 -6.7011251e+01 -3.3909140e+01 -3.3909139e+01 -3.3909139e+01 -3.3133362e+01 -3.3133361e+01 -3.3133361e+01 -7.8612786e+00 -3.7123561e+00 -3.7123561e+00 +7.2435328e-01 +7.2435334e-01 +7.2435334e-01 +3.9361416e+00 +3.9361416e+00 +6.6922528e+00 +6.6922529e+00 +6.6922529e+00 +8.4176098e+00 +8.4176098e+00 
-6.7197661e+01 -6.7011342e+01 -3.3909249e+01 -3.3909249e+01 -3.3908032e+01 -3.3134872e+01 -3.3133507e+01 -3.3133507e+01 -7.8561901e+00 -3.7090434e+00 -3.7090434e+00 +7.2182152e-01 +7.2182153e-01 +7.3015404e-01 +3.9331542e+00 +3.9331542e+00 +6.6243422e+00 +6.6772147e+00 +6.6772147e+00 +8.4349899e+00 +8.4349961e+00 
-6.7197299e+01 -6.7011615e+01 -3.3909579e+01 -3.3909579e+01 -3.3904718e+01 -3.3139392e+01 -3.3133945e+01 -3.3133945e+01 -7.8409441e+00 -3.6991157e+00 -3.6991157e+00 +7.1420428e-01 +7.1420429e-01 +7.4755683e-01 +3.9243341e+00 +3.9243341e+00 +6.4416803e+00 +6.6338807e+00 +6.6338807e+00 +8.4853334e+00 +8.4853334e+00 
-6.7196698e+01 -6.7012068e+01 -3.3910125e+01 -3.3910125e+01 -3.3899216e+01 -3.3146886e+01 -3.3134678e+01 -3.3134678e+01 -7.8155996e+00 -3.6826049e+00 -3.6826049e+00 +7.0143979e-01 +7.0143980e-01 +7.7656157e-01 +3.9100983e+00 +3.9100983e+00 +6.1834309e+00 +6.5667738e+00 +6.5667738e+00 +8.5640701e+00 +8.5640701e+00 
-6.7195861e+01 -6.7012698e+01 -3.3910880e+01 -3.3910880e+01 -3.3891562e+01 -3.3157295e+01 -3.3135707e+01 -3.3135707e+01 -7.7802542e+00 -3.6595647e+00 -3.6595647e+00 +6.8343273e-01 +6.8343274e-01 +8.1716768e-01 +3.8911129e+00 +3.8911129e+00 +5.8796837e+00 +6.4814438e+00 +6.4814438e+00 +8.6655704e+00 +8.6655705e+00 
-6.7194792e+01 -6.7013502e+01 -3.3911835e+01 -3.3911835e+01 -3.3881804e+01 -3.3170538e+01 -3.3137037e+01 -3.3137037e+01 -7.7350429e+00 -3.6300701e+00 -3.6300701e+00 +6.6006567e-01 +6.6006568e-01 +8.6937336e-01 +3.8682522e+00 +3.8682522e+00 +5.5485793e+00 +6.3830927e+00 +6.3830928e+00 +8.7845202e+00 +8.7845202e+00 
-6.7193496e+01 -6.7014476e+01 -3.3912979e+01 -3.3912979e+01 -3.3870003e+01 -3.3186514e+01 -3.3138671e+01 -3.3138671e+01 -7.6801367e+00 -3.5942188e+00 -3.5942187e+00 +6.3121436e-01 +6.3121437e-01 +9.3317465e-01 +3.8425472e+00 +3.8425472e+00 +5.2008683e+00 +6.2759773e+00 +6.2759773e+00 +8.9165166e+00 +8.9165166e+00 
-6.7191980e+01 -6.7015613e+01 -3.3914298e+01 -3.3914298e+01 -3.3856235e+01 -3.3205099e+01 -3.3140616e+01 -3.3140616e+01 -7.6157405e+00 -3.5521305e+00 -3.5521305e+00 +5.9676628e-01 +5.9676628e-01 +1.0085641e+00 +3.8151275e+00 +3.8151275e+00 +4.8433106e+00 +6.1633560e+00 +6.1633560e+00 +9.0581203e+00 +9.0581203e+00 
-6.7190250e+01 -6.7016907e+01 -3.3915776e+01 -3.3915776e+01 -3.3840586e+01 -3.3226151e+01 -3.3142876e+01 -3.3142876e+01 -7.5420908e+00 -3.5039485e+00 -3.5039485e+00 +5.5664099e-01 +5.5664100e-01 +1.0955294e+00 +3.7871610e+00 +3.7871610e+00 +4.4804784e+00 +6.0476583e+00 +6.0476583e+00 +9.2066845e+00 +9.2066845e+00 
-6.7188316e+01 -6.7018351e+01 -3.3917395e+01 -3.3917395e+01 -3.3823158e+01 -3.3249513e+01 -3.3145460e+01 -3.3145460e+01 -7.4594530e+00 -3.4498398e+00 -3.4498398e+00 +5.1081090e-01 +5.1081091e-01 +1.1940514e+00 +3.7597964e+00 +3.7597964e+00 +4.1156708e+00 +5.9306906e+00 +5.9306906e+00 +9.3601479e+00 +9.3601480e+00 
-6.7186186e+01 -6.7019936e+01 -3.3919134e+01 -3.3919134e+01 -3.3804063e+01 -3.3275010e+01 -3.3148374e+01 -3.3148374e+01 -7.3681185e+00 -3.3899961e+00 -3.3899961e+00 +4.5932025e-01 +4.5932029e-01 +1.3041023e+00 +3.7341125e+00 +3.7341125e+00 +3.7513960e+00 +5.8138103e+00 +5.8138103e+00 +9.5168589e+00 +9.5168595e+00 
-6.7183871e+01 -6.7021654e+01 -3.3920971e+01 -3.3920971e+01 -3.3783426e+01 -3.3302453e+01 -3.3151628e+01 -3.3151628e+01 -7.2684019e+00 -3.3246345e+00 -3.3246345e+00 +4.0230027e-01 +4.0230031e-01 +1.4256435e+00 +3.3896386e+00 +3.7110755e+00 +3.7110756e+00 +5.6980566e+00 +5.6980566e+00 +9.6754427e+00 +9.6754427e+00 
-6.7181382e+01 -6.7023495e+01 -3.3922883e+01 -3.3922883e+01 -3.3761383e+01 -3.3331642e+01 -3.3155228e+01 -3.3155228e+01 -7.1606373e+00 -3.2539986e+00 -3.2539986e+00 +3.3997891e-01 +3.3997891e-01 +1.5586228e+00 +3.0320191e+00 +3.6915097e+00 +3.6915097e+00 +5.5842442e+00 +5.5842442e+00 +9.7968121e+00 +9.8347070e+00 
-6.7178731e+01 -6.7025448e+01 -3.3924843e+01 -3.3924843e+01 -3.3738081e+01 -3.3362368e+01 -3.3159185e+01 -3.3159185e+01 -7.0451754e+00 -3.1783597e+00 -3.1783597e+00 +2.7268354e-01 +2.7268357e-01 +1.7029724e+00 +2.6798934e+00 +3.6760783e+00 +3.6760783e+00 +5.4730283e+00 +5.4730283e+00 +9.8198021e+00 +9.9935754e+00 
-6.7175930e+01 -6.7027503e+01 -3.3926826e+01 -3.3926826e+01 -3.3713676e+01 -3.3394412e+01 -3.3163507e+01 -3.3163507e+01 -6.9223801e+00 -3.0980178e+00 -3.0980178e+00 +2.0083722e-01 +2.0083725e-01 +1.8586053e+00 +2.3344187e+00 +3.6652782e+00 +3.6652782e+00 +5.3649504e+00 +5.3649504e+00 +9.8294446e+00 +1.0151042e+01 
-6.7172993e+01 -6.7029648e+01 -3.3928802e+01 -3.3928802e+01 -3.3688334e+01 -3.3427551e+01 -3.3168205e+01 -3.3168205e+01 -6.7926252e+00 -3.0133025e+00 -3.0133025e+00 +1.2494794e-01 +1.2494795e-01 +1.9965985e+00 +2.0254133e+00 +3.6594437e+00 +3.6594437e+00 +5.2604706e+00 +5.2604706e+00 +9.8274569e+00 +1.0306138e+01 
-6.7169934e+01 -6.7031872e+01 -3.3930743e+01 -3.3930743e+01 -3.3662230e+01 -3.3461557e+01 -3.3173286e+01 -3.3173286e+01 -6.6562916e+00 -2.9245747e+00 -2.9245746e+00 +4.5593522e-02 +4.5593570e-02 +1.6673151e+00 +2.2032637e+00 +3.6587590e+00 +3.6587590e+00 +5.1599905e+00 +5.1599905e+00 +9.8153954e+00 +1.0457914e+01 
-6.7166766e+01 -6.7034162e+01 -3.3932619e+01 -3.3932619e+01 -3.3635546e+01 -3.3496200e+01 -3.3178761e+01 -3.3178761e+01 -6.5137641e+00 -2.8322270e+00 -2.8322270e+00 -3.6596679e-02 -3.6596676e-02 +1.3473523e+00 +2.3919959e+00 +3.6632759e+00 +3.6632759e+00 +5.0638692e+00 +5.0638692e+00 +9.7946365e+00 +1.0605425e+01 
-6.7163505e+01 -6.7036507e+01 -3.3934400e+01 -3.3934400e+01 -3.3608471e+01 -3.3531248e+01 -3.3184639e+01 -3.3184639e+01 -6.3654293e+00 -2.7366856e+00 -2.7366855e+00 -1.2096104e-01 -1.2096104e-01 +1.0374134e+00 +2.5914192e+00 +3.6729345e+00 +3.6729346e+00 +4.9724355e+00 +4.9724356e+00 +9.7663816e+00 +1.0747729e+01 
-6.7160166e+01 -6.7038893e+01 -3.3936054e+01 -3.3936054e+01 -3.3581198e+01 -3.3566472e+01 -3.3190927e+01 -3.3190927e+01 -6.2116729e+00 -2.6384098e+00 -2.6384098e+00 -2.0682429e-01 -2.0682428e-01 +7.3813365e-01 +2.8013091e+00 +3.6875845e+00 +3.6875845e+00 +4.8859963e+00 +4.8859963e+00 +9.7316669e+00 +1.0883885e+01 
-6.7156763e+01 -6.7041309e+01 -3.3937551e+01 -3.3937551e+01 -3.3601646e+01 -3.3553926e+01 -3.3197635e+01 -3.3197635e+01 -6.0528787e+00 -2.5378936e+00 -2.5378936e+00 -2.9351417e-01 -2.9351417e-01 +4.5009028e-01 +3.0214048e+00 +3.7070046e+00 +3.7070046e+00 +4.8048419e+00 +4.8048419e+00 +9.6913826e+00 +1.1012965e+01 
-6.7153311e+01 -6.7043742e+01 -3.3938858e+01 -3.3938858e+01 -3.3636546e+01 -3.3526857e+01 -3.3204769e+01 -3.3204769e+01 -5.8894263e+00 -2.4356649e+00 -2.4356648e+00 -3.8037545e-01 -3.8037544e-01 +1.7380962e-01 +3.2514060e+00 +3.7309210e+00 +3.7309210e+00 +4.7292503e+00 +4.7292503e+00 +9.6462848e+00 +1.1134069e+01 
-6.7149827e+01 -6.7046179e+01 -3.3939946e+01 -3.3939946e+01 -3.3670956e+01 -3.3500192e+01 -3.3212335e+01 -3.3212335e+01 -5.7216913e+00 -2.3322846e+00 -2.3322846e+00 -4.6678084e-01 -4.6678084e-01 -9.0227380e-02 +3.4909707e+00 +3.7590218e+00 +3.7590219e+00 +4.6594887e+00 +4.6594887e+00 +9.5970118e+00 +1.1246346e+01 
-6.7146326e+01 -6.7048609e+01 -3.3940783e+01 -3.3940783e+01 -3.3704665e+01 -3.3474134e+01 -3.3220340e+01 -3.3220340e+01 -5.5500441e+00 -2.2283455e+00 -2.2283455e+00 -5.5213919e-01 -5.5213918e-01 -3.4158118e-01 +3.7397119e+00 +3.7909698e+00 +3.7909698e+00 +4.5958136e+00 +4.5958136e+00 +9.5440975e+00 +1.1349023e+01 
-6.7142821e+01 -6.7051020e+01 -3.3941339e+01 -3.3941339e+01 -3.3737470e+01 -3.3448885e+01 -3.3228787e+01 -3.3228787e+01 -5.3748512e+00 -2.1244693e+00 -2.1244693e+00 -6.3590092e-01 -6.3590091e-01 -5.7985094e-01 +3.8264112e+00 +3.8264112e+00 +3.9971957e+00 +4.5384697e+00 +4.5384697e+00 +9.4879827e+00 +1.1441438e+01 
-6.7139330e+01 -6.7053399e+01 -3.3941585e+01 -3.3941585e+01 -3.3769177e+01 -3.3424641e+01 -3.3237681e+01 -3.3237681e+01 -5.1964753e+00 -2.0213023e+00 -2.0213023e+00 -8.0467281e-01 -7.1756136e-01 -7.1756136e-01 +3.8649835e+00 +3.8649835e+00 +4.2629387e+00 +4.4876857e+00 +4.4876857e+00 +9.4290260e+00 +1.1523074e+01 
-6.7135865e+01 -6.7055737e+01 -3.3941491e+01 -3.3941491e+01 -3.3799603e+01 -3.3401597e+01 -3.3247023e+01 -3.3247023e+01 -5.0152774e+00 -1.9195101e+00 -1.9195101e+00 -1.0157188e+00 -7.9666236e-01 -7.9666236e-01 +3.9063202e+00 +3.9063202e+00 +4.4436700e+00 +4.4436700e+00 +4.5364062e+00 +9.3675120e+00 +1.1593599e+01 
-6.7132440e+01 -6.7058023e+01 -3.3941032e+01 -3.3941032e+01 -3.3828574e+01 -3.3379939e+01 -3.3256813e+01 -3.3256813e+01 -4.8316186e+00 -1.8197700e+00 -1.8197700e+00 -1.2126968e+00 -8.7279239e-01 -8.7279239e-01 +3.9500555e+00 +3.9500555e+00 +4.4066035e+00 +4.4066035e+00 +4.8170105e+00 +9.3036594e+00 +1.1652893e+01 
-6.7129070e+01 -6.7060247e+01 -3.3940179e+01 -3.3940179e+01 -3.3855927e+01 -3.3359846e+01 -3.3267051e+01 -3.3267051e+01 -4.6458629e+00 -1.7227622e+00 -1.7227622e+00 -1.3953502e+00 -9.4558602e-01 -9.4558602e-01 +3.9958260e+00 +3.9958260e+00 +4.3766305e+00 +4.3766305e+00 +5.1041089e+00 +9.2376275e+00 +1.1701076e+01 
-6.7125767e+01 -6.7062398e+01 -3.3938909e+01 -3.3938909e+01 -3.3881513e+01 -3.3341485e+01 -3.3277735e+01 -3.3277735e+01 -4.4583809e+00 -1.6291588e+00 -1.6291588e+00 -1.5634597e+00 -1.0147225e+00 -1.0147225e+00 +4.0432739e+00 +4.0432739e+00 +4.3538493e+00 +4.3538493e+00 +5.3970033e+00 +9.1695223e+00 +1.1738519e+01 
-6.7122544e+01 -6.7064470e+01 -3.3937197e+01 -3.3937197e+01 -3.3905191e+01 -3.3325013e+01 -3.3288859e+01 -3.3288859e+01 -4.2695536e+00 -1.7168433e+00 -1.5396110e+00 -1.5396110e+00 -1.0799240e+00 -1.0799240e+00 +4.0920476e+00 +4.0920476e+00 +4.3383000e+00 +4.3383000e+00 +5.6949394e+00 +9.0994018e+00 +1.1765848e+01 
-6.7119412e+01 -6.7066455e+01 -3.3935022e+01 -3.3935022e+01 -3.3926838e+01 -3.3310574e+01 -3.3300418e+01 -3.3300418e+01 -4.0797773e+00 -1.8553588e+00 -1.4547362e+00 -1.4547362e+00 -1.1409540e+00 -1.1409540e+00 +4.1418036e+00 +4.1418036e+00 +4.3299529e+00 +4.3299529e+00 +5.9971067e+00 +9.0272821e+00 +1.1783929e+01 
-6.7116381e+01 -6.7068344e+01 -3.3946341e+01 -3.3932363e+01 -3.3932363e+01 -3.3312404e+01 -3.3312404e+01 -3.3298297e+01 -3.8894689e+00 -1.9789054e+00 -1.3751034e+00 -1.3751034e+00 -1.1976146e+00 -1.1976146e+00 +4.1922074e+00 +4.1922074e+00 +4.3286962e+00 +4.3286962e+00 +6.3026397e+00 +8.9531418e+00 +1.1793841e+01 
-6.7113461e+01 -6.7070133e+01 -3.3963601e+01 -3.3929203e+01 -3.3929203e+01 -3.3324807e+01 -3.3324807e+01 -3.3288295e+01 -3.6990717e+00 -2.0874256e+00 -1.3012196e+00 -1.3012196e+00 -1.2497452e+00 -1.2497452e+00 +4.2429346e+00 +4.2429346e+00 +4.3343262e+00 +4.3343262e+00 +6.6106201e+00 +8.8769288e+00 +1.1796839e+01 
-6.7110661e+01 -6.7071816e+01 -3.3978532e+01 -3.3925525e+01 -3.3925525e+01 -3.3337616e+01 -3.3337616e+01 -3.3280664e+01 -3.5090631e+00 -2.1809086e+00 -1.2972203e+00 -1.2972203e+00 -1.2335170e+00 -1.2335170e+00 +4.2936722e+00 +4.2936722e+00 +4.3465382e+00 +4.3465382e+00 +6.9200804e+00 +8.7985660e+00 +1.1794314e+01 
-6.7107990e+01 -6.7073389e+01 -3.3991065e+01 -3.3921314e+01 -3.3921314e+01 -3.3350818e+01 -3.3350818e+01 -3.3275479e+01 -3.3199610e+00 -2.2593920e+00 -1.3399478e+00 -1.3399478e+00 -1.1723430e+00 -1.1723430e+00 +4.3441201e+00 +4.3441201e+00 +4.3649226e+00 +4.3649226e+00 +7.2300089e+00 +8.7179589e+00 +1.1787744e+01 
-6.7105453e+01 -6.7074848e+01 -3.4001141e+01 -3.3916558e+01 -3.3916558e+01 -3.3364396e+01 -3.3364396e+01 -3.3272799e+01 -3.1323331e+00 -2.3229661e+00 -1.3778671e+00 -1.3778671e+00 -1.1179522e+00 -1.1179522e+00 +4.3889641e+00 +4.3889641e+00 +4.3939919e+00 +4.3939919e+00 +7.5393579e+00 +8.6350037e+00 +1.1778647e+01 
-6.7103056e+01 -6.7076192e+01 -3.4008717e+01 -3.3911247e+01 -3.3911247e+01 -3.3378335e+01 -3.3378335e+01 -3.3272660e+01 -2.9468049e+00 -2.3717768e+00 -1.4109476e+00 -1.4109476e+00 -1.0705028e+00 -1.0705028e+00 +4.4180473e+00 +4.4180473e+00 +4.4430167e+00 +4.4430167e+00 +7.8470530e+00 +8.5495974e+00 +1.1768533e+01 
-6.7100805e+01 -6.7077419e+01 -3.4013766e+01 -3.3905374e+01 -3.3905374e+01 -3.3392615e+01 -3.3392615e+01 -3.3275081e+01 -2.7640699e+00 -2.4060300e+00 -1.4391877e+00 -1.4391877e+00 -1.0300565e+00 -1.0300565e+00 +4.4514673e+00 +4.4514673e+00 +4.4909404e+00 +4.4909404e+00 +8.1520065e+00 +8.4616493e+00 +1.1758872e+01 
-6.7098702e+01 -6.7078530e+01 -3.4016273e+01 -3.3898932e+01 -3.3898932e+01 -3.3407214e+01 -3.3407214e+01 -3.3280057e+01 -2.5848989e+00 -2.4259958e+00 -1.4626131e+00 -1.4626131e+00 -9.9658198e-01 -9.9658197e-01 +4.4884458e+00 +4.4884458e+00 +4.5375268e+00 +4.5375268e+00 +8.3710944e+00 +8.4531319e+00 +1.1751047e+01 
-6.7096750e+01 -6.7079524e+01 -3.4016237e+01 -3.3891918e+01 -3.3891918e+01 -3.3422112e+01 -3.3422112e+01 -3.3287563e+01 -2.4320141e+00 -2.4101499e+00 -1.4812756e+00 -1.4812756e+00 -9.6996145e-01 -9.6996142e-01 +4.5281517e+00 +4.5281517e+00 +4.5825592e+00 +4.5825592e+00 +8.2779087e+00 +8.7493631e+00 +1.0715594e+01 
-6.7094950e+01 -6.7080404e+01 -3.4013674e+01 -3.3884332e+01 -3.3884332e+01 -3.3437283e+01 -3.3437283e+01 -3.3297554e+01 -2.4244997e+00 -2.2407769e+00 -1.4952526e+00 -1.4952526e+00 -9.5000009e-01 -9.5000009e-01 +4.5697254e+00 +4.5697254e+00 +4.6258410e+00 +4.6258410e+00 +8.1821267e+00 +9.0396679e+00 +1.0304587e+01 
-6.7093303e+01 -6.7081172e+01 -3.4008611e+01 -3.3876173e+01 -3.3876173e+01 -3.3452702e+01 -3.3452702e+01 -3.3309965e+01 -2.4039497e+00 -2.0778371e+00 -1.5046456e+00 -1.5046456e+00 -9.3643660e-01 -9.3643659e-01 +4.6123050e+00 +4.6123050e+00 +4.6671962e+00 +4.6671962e+00 +8.0838607e+00 +9.3230180e+00 +9.9099271e+00 
-6.7091807e+01 -6.7081833e+01 -3.4001091e+01 -3.3867447e+01 -3.3867447e+01 -3.3468341e+01 -3.3468341e+01 -3.3324710e+01 -2.3709509e+00 -1.9224953e+00 -1.5095795e+00 -1.5095795e+00 -9.2895451e-01 -9.2895450e-01 +4.6550522e+00 +4.6550522e+00 +4.7064701e+00 +4.7064701e+00 +7.9833218e+00 +9.5300943e+00 +9.6014988e+00 
-6.7090460e+01 -6.7082391e+01 -3.3991171e+01 -3.3858159e+01 -3.3858159e+01 -3.3484173e+01 -3.3484173e+01 -3.3341687e+01 -2.3261882e+00 -1.7760219e+00 -1.5102020e+00 -1.5102020e+00 -9.2719343e-01 -9.2719342e-01 +4.6971776e+00 +4.6971776e+00 +4.7435284e+00 +4.7435284e+00 +7.8808422e+00 +9.1742580e+00 +9.8667076e+00 
-6.7089259e+01 -6.7082851e+01 -3.3978921e+01 -3.3848317e+01 -3.3848317e+01 -3.3500167e+01 -3.3500167e+01 -3.3360773e+01 -2.2704547e+00 -1.6397847e+00 -1.5066825e+00 -1.5066825e+00 -9.3075941e-01 -9.3075940e-01 +4.7379618e+00 +4.7379618e+00 +4.7782568e+00 +4.7782568e+00 +7.7768973e+00 +8.8370909e+00 +1.0124956e+01 
-6.7088200e+01 -6.7083220e+01 -3.3964424e+01 -3.3837932e+01 -3.3837932e+01 -3.3516292e+01 -3.3516292e+01 -3.3381833e+01 -2.2046626e+00 -1.5152284e+00 -1.4992115e+00 -1.4992115e+00 -9.3923418e-01 -9.3923417e-01 +4.7767724e+00 +4.7767724e+00 +4.8105591e+00 +4.8105591e+00 +7.6721287e+00 +8.5221815e+00 +1.0373859e+01 
-6.7087278e+01 -6.7083506e+01 -3.3947777e+01 -3.3827015e+01 -3.3827015e+01 -3.3532517e+01 -3.3532517e+01 -3.3404714e+01 -2.1298552e+00 -1.4880002e+00 -1.4880002e+00 -1.4038404e+00 -9.5218297e-01 -9.5218296e-01 +4.8130759e+00 +4.8130759e+00 +4.8403554e+00 +4.8403554e+00 +7.5673653e+00 +8.2312046e+00 +1.0613149e+01 
-6.7086486e+01 -6.7083716e+01 -3.3929089e+01 -3.3815583e+01 -3.3815583e+01 -3.3548809e+01 -3.3548809e+01 -3.3429251e+01 -2.0472199e+00 -1.4732793e+00 -1.4732793e+00 -1.3070992e+00 -9.6916095e-01 -9.6916094e-01 +4.8464429e+00 +4.8464430e+00 +4.8675795e+00 +4.8675795e+00 +7.4636430e+00 +7.9657537e+00 +1.0842805e+01 
-6.7085818e+01 -6.7083860e+01 -3.3908484e+01 -3.3803651e+01 -3.3803651e+01 -3.3565135e+01 -3.3565135e+01 -3.3455266e+01 -1.9581009e+00 -1.4552985e+00 -1.4552985e+00 -1.2264040e+00 -9.8971825e-01 -9.8971825e-01 +4.8765485e+00 +4.8765485e+00 +4.8921753e+00 +4.8921753e+00 +7.3622207e+00 +7.7273028e+00 +1.1063023e+01 
-6.7085265e+01 -6.7083946e+01 -3.3886093e+01 -3.3791239e+01 -3.3791239e+01 -3.3581460e+01 -3.3581460e+01 -3.3482574e+01 -1.8640115e+00 -1.4343257e+00 -1.4343257e+00 -1.1629868e+00 -1.0134039e+00 -1.0134039e+00 +4.9031662e+00 +4.9031662e+00 +4.9140937e+00 +4.9140937e+00 +7.2645922e+00 +7.5171235e+00 +1.1274211e+01 
-6.7084819e+01 -6.7083984e+01 -3.3862063e+01 -3.3778367e+01 -3.3778367e+01 -3.3597752e+01 -3.3597752e+01 -3.3510978e+01 -1.7666432e+00 -1.4106466e+00 -1.4106466e+00 -1.1178138e+00 -1.0397686e+00 -1.0397686e+00 +4.9261590e+00 +4.9261590e+00 +4.9332884e+00 +4.9332884e+00 +7.1724921e+00 +7.3361859e+00 +1.1476978e+01 
-6.7084471e+01 -6.7083986e+01 -3.3836550e+01 -3.3765058e+01 -3.3765058e+01 -3.3613974e+01 -3.3613974e+01 -3.3540276e+01 -1.6678709e+00 -1.3845633e+00 -1.3845633e+00 -1.0914843e+00 -1.0683672e+00 -1.0683672e+00 +4.9454662e+00 +4.9454662e+00 +4.9497121e+00 +4.9497121e+00 +7.0878941e+00 +7.1850591e+00 +1.1672118e+01 
-6.7084211e+01 -6.7083962e+01 -3.3809721e+01 -3.3751336e+01 -3.3751336e+01 -3.3630093e+01 -3.3630093e+01 -3.3570262e+01 -1.5697483e+00 -1.3563943e+00 -1.3563943e+00 -1.0987599e+00 -1.0987599e+00 -1.0841448e+00 +4.9610891e+00 +4.9610892e+00 +4.9633127e+00 +4.9633127e+00 +7.0129988e+00 +7.0638242e+00 +1.1860589e+01 
-6.7084029e+01 -6.7083923e+01 -3.3781749e+01 -3.3737227e+01 -3.3737227e+01 -3.3646075e+01 -3.3646075e+01 -3.3600725e+01 -1.4744933e+00 -1.3264728e+00 -1.3264728e+00 -1.1305138e+00 -1.1305138e+00 -1.0954314e+00 +4.9730762e+00 +4.9730763e+00 +4.9740305e+00 +4.9740305e+00 +6.9502067e+00 +6.9720182e+00 +1.2043487e+01 
-6.7083913e+01 -6.7083881e+01 -3.3752820e+01 -3.3722759e+01 -3.3722759e+01 -3.3661886e+01 -3.3661886e+01 -3.3631454e+01 -1.3844546e+00 -1.2951465e+00 -1.2951465e+00 -1.1632040e+00 -1.1632040e+00 -1.1244534e+00 +4.9815087e+00 +4.9815088e+00 +4.9817949e+00 +4.9817949e+00 +6.9020757e+00 +6.9086193e+00 +1.2222021e+01 
-6.7083852e+01 -6.7083848e+01 -3.3723126e+01 -3.3707960e+01 -3.3707960e+01 -3.3677491e+01 -3.3677491e+01 -3.3662237e+01 -1.3020595e+00 -1.2627768e+00 -1.2627768e+00 -1.1964139e+00 -1.1964139e+00 -1.1698249e+00 +4.9864875e+00 +4.9864875e+00 +4.9865236e+00 +4.9865236e+00 +6.8712563e+00 +6.8720804e+00 +1.2485337e+01 
-6.7083835e+01 -6.7083835e+01 -3.3692863e+01 -3.3692863e+01 -3.3692860e+01 -3.3692860e+01 -3.3692860e+01 -3.3692860e+01 -1.2297381e+00 -1.2297374e+00 -1.2297374e+00 -1.2297366e+00 -1.2297366e+00 -1.2297364e+00 +4.9881225e+00 +4.9881225e+00 +4.9881225e+00 +4.9881225e+00 +6.8604054e+00 +6.8604055e+00 +1.2571214e+01 
-6.7083850e+01 -6.7083850e+01 -3.3718859e+01 -3.3718855e+01 -3.3692664e+01 -3.3692663e+01 -3.3666622e+01 -3.3666619e+01 -1.2892261e+00 -1.2892256e+00 -1.2306091e+00 -1.2306082e+00 -1.1751799e+00 -1.1751795e+00 +4.9859354e+00 +4.9859355e+00 +4.9871374e+00 +4.9871375e+00 +6.8714491e+00 +6.8714491e+00 +1.2421411e+01 
-6.7083896e+01 -6.7083896e+01 -3.3744496e+01 -3.3744493e+01 -3.3692074e+01 -3.3692074e+01 -3.3640249e+01 -3.3640246e+01 -1.3535967e+00 -1.3535963e+00 -1.2332069e+00 -1.2332061e+00 -1.1254914e+00 -1.1254909e+00 +4.9793477e+00 +4.9793477e+00 +4.9841903e+00 +4.9841904e+00 +6.9044724e+00 +6.9044725e+00 +1.2269048e+01 
-6.7083974e+01 -6.7083974e+01 -3.3769667e+01 -3.3769664e+01 -3.3691094e+01 -3.3691094e+01 -3.3613859e+01 -3.3613857e+01 -1.4226848e+00 -1.4226845e+00 -1.2374826e+00 -1.2374818e+00 -1.0805072e+00 -1.0805065e+00 +4.9682802e+00 +4.9682803e+00 +4.9793078e+00 +4.9793079e+00 +6.9591539e+00 +6.9591541e+00 +1.2113794e+01 
-6.7084082e+01 -6.7084082e+01 -3.3794266e+01 -3.3794263e+01 -3.3689728e+01 -3.3689728e+01 -3.3587571e+01 -3.3587568e+01 -1.4962115e+00 -1.4962112e+00 -1.2433565e+00 -1.2433557e+00 -1.0399775e+00 -1.0399766e+00 +4.9526064e+00 +4.9526064e+00 +4.9725428e+00 +4.9725428e+00 +7.0349645e+00 +7.0349649e+00 +1.1955338e+01 
-6.7084221e+01 -6.7084221e+01 -3.3818190e+01 -3.3818187e+01 -3.3687981e+01 -3.3687981e+01 -3.3561500e+01 -3.3561498e+01 -1.5737933e+00 -1.5737931e+00 -1.2507197e+00 -1.2507189e+00 -1.0035843e+00 -1.0035833e+00 +4.9321587e+00 +4.9321587e+00 +4.9639826e+00 +4.9639827e+00 +7.1311809e+00 +7.1311815e+00 +1.1793401e+01 
-6.7084389e+01 -6.7084389e+01 -3.3841341e+01 -3.3841338e+01 -3.3685862e+01 -3.3685862e+01 -3.3535767e+01 -3.3535764e+01 -1.6549573e+00 -1.6549571e+00 -1.2594356e+00 -1.2594349e+00 -9.7095984e-01 -9.7095858e-01 +4.9067379e+00 +4.9067379e+00 +4.9537552e+00 +4.9537553e+00 +7.2469046e+00 +7.2469055e+00 +1.1627737e+01 
-6.7084587e+01 -6.7084587e+01 -3.3863624e+01 -3.3863621e+01 -3.3683379e+01 -3.3683379e+01 -3.3510487e+01 -3.3510484e+01 -1.7391601e+00 -1.7391598e+00 -1.2693433e+00 -1.2693426e+00 -9.4170274e-01 -9.4170128e-01 +4.8761246e+00 +4.8761248e+00 +4.9420294e+00 +4.9420295e+00 +7.3810875e+00 +7.3810886e+00 +1.1458144e+01 
-6.7084813e+01 -6.7084813e+01 -3.3884950e+01 -3.3884947e+01 -3.3680543e+01 -3.3680543e+01 -3.3485778e+01 -3.3485775e+01 -1.8258089e+00 -1.8258085e+00 -1.2802599e+00 -1.2802592e+00 -9.1539235e-01 -9.1539069e-01 +4.8400917e+00 +4.8400919e+00 +4.9290107e+00 +4.9290109e+00 +7.5325598e+00 +7.5325611e+00 +1.1284464e+01 
-6.7085066e+01 -6.7085066e+01 -3.3905233e+01 -3.3905230e+01 -3.3677367e+01 -3.3677366e+01 -3.3461754e+01 -3.3461752e+01 -1.9142830e+00 -1.9142826e+00 -1.2919841e+00 -1.2919835e+00 -8.9159942e-01 -8.9159755e-01 +4.7984168e+00 +4.7984171e+00 +4.9149331e+00 +4.9149334e+00 +7.7000589e+00 +7.7000607e+00 +1.1106578e+01 
-6.7085345e+01 -6.7085345e+01 -3.3924394e+01 -3.3924391e+01 -3.3673864e+01 -3.3673863e+01 -3.3438530e+01 -3.3438527e+01 -2.0039539e+00 -2.0039533e+00 -1.3042996e+00 -1.3042990e+00 -8.6989351e-01 -8.6989145e-01 +4.7508961e+00 +4.7508965e+00 +4.9000484e+00 +4.9000488e+00 +7.8822551e+00 +7.8822574e+00 +1.0924411e+01 
-6.7085649e+01 -6.7085649e+01 -3.3942357e+01 -3.3942354e+01 -3.3670049e+01 -3.3670049e+01 -3.3416214e+01 -3.3416211e+01 -2.0942024e+00 -2.0942016e+00 -1.3169783e+00 -1.3169777e+00 -8.4984753e-01 -8.4984529e-01 +4.6973565e+00 +4.6973570e+00 +4.8846143e+00 +4.8846149e+00 +8.0777710e+00 +8.0777736e+00 +1.0737924e+01 
-6.7085976e+01 -6.7085976e+01 -3.3959054e+01 -3.3959051e+01 -3.3665940e+01 -3.3665939e+01 -3.3394913e+01 -3.3394910e+01 -2.1844337e+00 -2.1844328e+00 -1.3297840e+00 -1.3297834e+00 -8.3103983e-01 -8.3103742e-01 +4.6376666e+00 +4.6376672e+00 +4.8688842e+00 +4.8688849e+00 +8.2851944e+00 +8.2851975e+00 +1.0547115e+01 
-6.7086326e+01 -6.7086326e+01 -3.3974419e+01 -3.3974417e+01 -3.3661553e+01 -3.3661553e+01 -3.3374729e+01 -3.3374727e+01 -2.2740889e+00 -2.2740877e+00 -1.3424753e+00 -1.3424748e+00 -8.1305450e-01 -8.1305193e-01 +4.5717463e+00 +4.5717470e+00 +4.8530968e+00 +4.8530978e+00 +8.5030838e+00 +8.5030873e+00 +1.0352022e+01 
-6.7086696e+01 -6.7086696e+01 -3.3988397e+01 -3.3988394e+01 -3.3656909e+01 -3.3656909e+01 -3.3355761e+01 -3.3355758e+01 -2.3626530e+00 -2.3626516e+00 -1.3548090e+00 -1.3548086e+00 -7.9548054e-01 -7.9547781e-01 +4.4995740e+00 +4.4995747e+00 +4.8374690e+00 +4.8374702e+00 +8.7299594e+00 +8.7299632e+00 +1.0152730e+01 
-6.7087085e+01 -6.7087085e+01 -3.4000933e+01 -3.4000930e+01 -3.3652028e+01 -3.3652028e+01 -3.3338100e+01 -3.3338097e+01 -2.4496612e+00 -2.4496594e+00 -1.3665432e+00 -1.3665428e+00 -7.7791041e-01 -7.7790757e-01 +4.4211911e+00 +4.4211919e+00 +4.8221883e+00 +4.8221898e+00 +8.9642557e+00 +8.9642599e+00 +9.9494172e+00 
-6.7087491e+01 -6.7087491e+01 -3.4011982e+01 -3.4011980e+01 -3.3646930e+01 -3.3646930e+01 -3.3321831e+01 -3.3321829e+01 -2.5347018e+00 -2.5346998e+00 -1.3774391e+00 -1.3774389e+00 -7.5993855e-01 -7.5993561e-01 +4.3367047e+00 +4.3367056e+00 +4.8074092e+00 +4.8074111e+00 +9.2040316e+00 +9.2040355e+00 +9.7426490e+00 
-6.7087912e+01 -6.7087912e+01 -3.4021505e+01 -3.4021502e+01 -3.3641639e+01 -3.3641639e+01 -3.3307035e+01 -3.3307032e+01 -2.6174184e+00 -2.6174160e+00 -1.3872646e+00 -1.3872644e+00 -7.4115998e-01 -7.4115696e-01 +4.2462874e+00 +4.2462884e+00 +4.7932491e+00 +4.7932513e+00 +9.4383638e+00 +9.4383639e+00 +9.5419797e+00 
-6.7088347e+01 -6.7088347e+01 -3.4029467e+01 -3.4029464e+01 -3.3636178e+01 -3.3636178e+01 -3.3293783e+01 -3.3293781e+01 -2.6975091e+00 -2.6975063e+00 -1.3957956e+00 -1.3957954e+00 -7.2116942e-01 -7.2116634e-01 +4.1501755e+00 +4.1501765e+00 +4.7797863e+00 +4.7797888e+00 +9.3099893e+00 +9.3099971e+00 +9.7033004e+00 
-6.7088794e+01 -6.7088794e+01 -3.4035842e+01 -3.4035839e+01 -3.3630570e+01 -3.3630570e+01 -3.3282139e+01 -3.3282137e+01 -2.7747257e+00 -2.7747225e+00 -1.4028184e+00 -1.4028183e+00 -6.9956107e-01 -6.9955796e-01 +4.0486645e+00 +4.0486656e+00 +4.7670591e+00 +4.7670620e+00 +9.0924823e+00 +9.0924900e+00 +9.9516903e+00 
-6.7089250e+01 -6.7089250e+01 -3.4040607e+01 -3.4040605e+01 -3.3624841e+01 -3.3624841e+01 -3.3272160e+01 -3.3272158e+01 -2.8488716e+00 -2.8488680e+00 -1.4081316e+00 -1.4081316e+00 -6.7592909e-01 -6.7592598e-01 +3.9421051e+00 +3.9421062e+00 +4.7550652e+00 +4.7550686e+00 +8.8704036e+00 +8.8704115e+00 +1.0201264e+01 
-6.7089714e+01 -6.7089714e+01 -3.4043751e+01 -3.4043748e+01 -3.3619016e+01 -3.3619016e+01 -3.3263892e+01 -3.3263890e+01 -2.9197985e+00 -2.9197944e+00 -1.4115479e+00 -1.4115478e+00 -6.4986890e-01 -6.4986581e-01 +3.8308961e+00 +3.8308973e+00 +4.7437616e+00 +4.7437654e+00 +8.6449472e+00 +8.6449553e+00 +1.0449551e+01 
-6.7090184e+01 -6.7090183e+01 -3.4045264e+01 -3.4045261e+01 -3.3613121e+01 -3.3613120e+01 -3.3257374e+01 -3.3257372e+01 -2.9874028e+00 -2.9873983e+00 -1.4128951e+00 -1.4128950e+00 -6.2097922e-01 -6.2097619e-01 +3.7154789e+00 +3.7154801e+00 +4.7330643e+00 +4.7330686e+00 +8.4165923e+00 +8.4166004e+00 +1.0694878e+01 
-6.7090656e+01 -6.7090656e+01 -3.4045146e+01 -3.4045143e+01 -3.3607181e+01 -3.3607181e+01 -3.3252634e+01 -3.3252631e+01 -3.0516221e+00 -3.0516171e+00 -1.4120187e+00 -1.4120186e+00 -5.8886498e-01 -5.8886202e-01 +3.5963299e+00 +3.5963311e+00 +4.7228476e+00 +4.7228524e+00 +8.1857599e+00 +8.1857679e+00 +1.0935744e+01 
-6.7091131e+01 -6.7091130e+01 -3.4043403e+01 -3.4043400e+01 -3.3601224e+01 -3.3601224e+01 -3.3249689e+01 -3.3249687e+01 -3.1124303e+00 -3.1124249e+00 -1.4087827e+00 -1.4087824e+00 -5.5314094e-01 -5.5313809e-01 +3.4739552e+00 +3.4739565e+00 +4.7129412e+00 +4.7129465e+00 +7.9529008e+00 +7.9529089e+00 +1.1170828e+01 
-6.7091604e+01 -6.7091604e+01 -3.4040048e+01 -3.4040045e+01 -3.3595277e+01 -3.3595276e+01 -3.3248550e+01 -3.3248548e+01 -3.1698334e+00 -3.1698275e+00 -1.4030715e+00 -1.4030712e+00 -5.1343598e-01 -5.1343326e-01 +3.3488844e+00 +3.3488858e+00 +4.7031258e+00 +4.7031316e+00 +7.7185248e+00 +7.7185328e+00 +1.1398969e+01 
-6.7092074e+01 -6.7092074e+01 -3.4035100e+01 -3.4035098e+01 -3.3589364e+01 -3.3589364e+01 -3.3249213e+01 -3.3249211e+01 -3.2238647e+00 -3.2238584e+00 -1.3947920e+00 -1.3947916e+00 -4.6939803e-01 -4.6939546e-01 +3.2216662e+00 +3.2216676e+00 +4.6931237e+00 +4.6931301e+00 +7.4832195e+00 +7.4832274e+00 +1.1619247e+01 
-6.7092540e+01 -6.7092539e+01 -3.4028588e+01 -3.4028585e+01 -3.3583514e+01 -3.3583514e+01 -3.3251667e+01 -3.3251665e+01 -3.2745801e+00 -3.2745733e+00 -1.3838756e+00 -1.3838752e+00 -4.2069967e-01 -4.2069727e-01 +3.0928638e+00 +3.0928652e+00 +4.6825834e+00 +4.6825903e+00 +7.2476723e+00 +7.2476801e+00 +1.1831022e+01 
-6.7092998e+01 -6.7092998e+01 -3.4020544e+01 -3.4020542e+01 -3.3577753e+01 -3.3577753e+01 -3.3255888e+01 -3.3255886e+01 -3.3220533e+00 -3.3220460e+00 -1.3702805e+00 -1.3702799e+00 -3.6704427e-01 -3.6704207e-01 +2.9630529e+00 +2.9630543e+00 +4.6710537e+00 +4.6710611e+00 +7.0127010e+00 +7.0127085e+00 +1.2033925e+01 
-6.7093447e+01 -6.7093447e+01 -3.4011013e+01 -3.4011010e+01 -3.3572106e+01 -3.3572106e+01 -3.3261841e+01 -3.3261839e+01 -3.3663713e+00 -3.3663635e+00 -1.3539944e+00 -1.3539938e+00 -3.0817273e-01 -3.0817075e-01 +2.8328196e+00 +2.8328210e+00 +4.6579419e+00 +4.6579497e+00 +6.7792994e+00 +6.7793067e+00 +1.2227897e+01 
-6.7093885e+01 -6.7093885e+01 -3.4000043e+01 -3.4000040e+01 -3.3566599e+01 -3.3566599e+01 -3.3269483e+01 -3.3269481e+01 -3.4076303e+00 -3.4076221e+00 -1.3350385e+00 -1.3350378e+00 -2.4387102e-01 -2.4386927e-01 +2.7027603e+00 +2.7027618e+00 +4.6424463e+00 +4.6424544e+00 +6.5487092e+00 +6.5487159e+00 +1.2413126e+01 
-6.7094310e+01 -6.7094309e+01 -3.3987693e+01 -3.3987690e+01 -3.3561256e+01 -3.3561256e+01 -3.3278755e+01 -3.3278753e+01 -3.4459318e+00 -3.4459231e+00 -1.3134708e+00 -1.3134700e+00 -1.7397862e-01 -1.7397712e-01 +2.5734832e+00 +2.5734847e+00 +4.6234493e+00 +4.6234576e+00 +6.3225307e+00 +6.3225368e+00 +1.2589992e+01 
-6.7094720e+01 -6.7094719e+01 -3.3974030e+01 -3.3974028e+01 -3.3556103e+01 -3.3556103e+01 -3.3289590e+01 -3.3289588e+01 -3.4813786e+00 -3.4813695e+00 -1.2893915e+00 -1.2893906e+00 -9.8398308e-02 -9.8397063e-02 +2.4456101e+00 +2.4456116e+00 +4.5993528e+00 +4.5993611e+00 +6.1028934e+00 +6.1028987e+00 +1.2758994e+01 
-6.7095112e+01 -6.7095112e+01 -3.3959132e+01 -3.3959130e+01 -3.3551162e+01 -3.3551162e+01 -3.3301906e+01 -3.3301904e+01 -3.5140726e+00 -3.5140630e+00 -1.2629489e+00 -1.2629479e+00 -1.7107860e-02 -1.7106882e-02 +2.3197813e+00 +2.3197829e+00 +4.5678428e+00 +4.5678509e+00 +5.8926989e+00 +5.8927030e+00 +1.2920659e+01 
-6.7095486e+01 -6.7095486e+01 -3.3943088e+01 -3.3943085e+01 -3.3546456e+01 -3.3546456e+01 -3.3315611e+01 -3.3315609e+01 -3.5441116e+00 -3.5441016e+00 -1.2343457e+00 -1.2343446e+00 +6.9825296e-02 +6.9825993e-02 +2.1966608e+00 +2.1966624e+00 +4.5256203e+00 +4.5256277e+00 +5.6959006e+00 +5.6959032e+00 +1.3075458e+01 
-6.7095840e+01 -6.7095839e+01 -3.3925998e+01 -3.3925996e+01 -3.3542006e+01 -3.3542006e+01 -3.3330594e+01 -3.3330592e+01 -3.5715878e+00 -3.5715775e+00 -1.2038479e+00 -1.2038467e+00 +1.6222497e-01 +1.6222538e-01 +2.0769436e+00 +2.0769453e+00 +4.4682996e+00 +4.4683058e+00 +5.5176202e+00 +5.5176208e+00 +1.3223732e+01 
-6.7096172e+01 -6.7096171e+01 -3.3907980e+01 -3.3907978e+01 -3.3537833e+01 -3.3537833e+01 -3.3346729e+01 -3.3346727e+01 -3.5965862e+00 -3.5965755e+00 -1.1717934e+00 -1.1717921e+00 +2.5978055e-01 +2.5978067e-01 +1.9613644e+00 +1.9613662e+00 +4.3910126e+00 +4.3910171e+00 +5.3635638e+00 +5.3635659e+00 +1.3365621e+01 
-6.7096480e+01 -6.7096479e+01 -3.3889171e+01 -3.3889169e+01 -3.3533956e+01 -3.3533956e+01 -3.3363871e+01 -3.3363869e+01 -3.6191835e+00 -3.6191724e+00 -1.1386021e+00 -1.1386008e+00 +3.6201103e-01 +3.6201120e-01 +1.8507072e+00 +1.8507091e+00 +4.2903164e+00 +4.2903188e+00 +5.2381522e+00 +5.2381571e+00 +1.3501020e+01 
-6.7096763e+01 -6.7096762e+01 -3.3869733e+01 -3.3869731e+01 -3.3530392e+01 -3.3530392e+01 -3.3381844e+01 -3.3381843e+01 -3.6394479e+00 -3.6394365e+00 -1.1047864e+00 -1.1047849e+00 +4.6821448e-01 +4.6821494e-01 +1.7458155e+00 +1.7458174e+00 +4.1666835e+00 +4.1666839e+00 +5.1420751e+00 +5.1420827e+00 +1.3629533e+01 
-6.7097020e+01 -6.7097019e+01 -3.3849864e+01 -3.3849862e+01 -3.3527157e+01 -3.3527157e+01 -3.3400442e+01 -3.3400440e+01 -3.6574388e+00 -3.6574272e+00 -1.0709592e+00 -1.0709576e+00 +5.7739445e-01 +5.7739521e-01 +1.6476010e+00 +1.6476030e+00 +4.0251148e+00 +4.0251160e+00 +5.0717480e+00 +5.0717580e+00 +1.3750459e+01 
-6.7097249e+01 -6.7097249e+01 -3.3829812e+01 -3.3829810e+01 -3.3524268e+01 -3.3524268e+01 -3.3419403e+01 -3.3419402e+01 -3.6732072e+00 -3.6731953e+00 -1.0378402e+00 -1.0378385e+00 +6.8815357e-01 +6.8815463e-01 +1.5570495e+00 +1.5570515e+00 +3.8731428e+00 +3.8731450e+00 +5.0214183e+00 +5.0214300e+00 +1.3862786e+01 
-6.7097450e+01 -6.7097450e+01 -3.3809898e+01 -3.3809896e+01 -3.3521736e+01 -3.3521736e+01 -3.3438398e+01 -3.3438396e+01 -3.6867957e+00 -3.6867837e+00 -1.0062536e+00 -1.0062518e+00 +7.9854207e-01 +7.9854342e-01 +1.4752189e+00 +1.4752211e+00 +3.7185641e+00 +3.7185670e+00 +4.9855780e+00 +4.9855911e+00 +1.3965206e+01 
-6.7097622e+01 -6.7097621e+01 -3.3790551e+01 -3.3790549e+01 -3.3519574e+01 -3.3519574e+01 -3.3456985e+01 -3.3456984e+01 -3.6982397e+00 -3.6982274e+00 -9.7711470e-01 -9.7711277e-01 +9.0585094e-01 +9.0585258e-01 +1.4032264e+00 +1.4032287e+00 +3.5685871e+00 +3.5685904e+00 +4.9600233e+00 +4.9600374e+00 +1.4056167e+01 
-6.7097764e+01 -6.7097763e+01 -3.3772365e+01 -3.3772363e+01 -3.3517791e+01 -3.3517791e+01 -3.3474564e+01 -3.3474563e+01 -3.7075672e+00 -3.7075548e+00 -9.5139842e-01 -9.5139639e-01 +1.0063601e+00 +1.0063620e+00 +1.3422173e+00 +1.3422196e+00 +3.4300688e+00 +3.4300722e+00 +4.9418689e+00 +4.9418836e+00 +1.4133956e+01 
-6.7097875e+01 -6.7097874e+01 -3.3756162e+01 -3.3756160e+01 -3.3516396e+01 -3.3516395e+01 -3.3490303e+01 -3.3490301e+01 -3.7148005e+00 -3.7147879e+00 -9.3008619e-01 -9.3008407e-01 +1.0951157e+00 +1.0951178e+00 +1.2933115e+00 +1.2933139e+00 +3.3100564e+00 +3.3100598e+00 +4.9292279e+00 +4.9292431e+00 +1.4196815e+01 
-6.7097954e+01 -6.7097953e+01 -3.3743049e+01 -3.3743048e+01 -3.3515394e+01 -3.3515394e+01 -3.3503088e+01 -3.3503087e+01 -3.7199558e+00 -3.7199432e+00 -9.1408977e-01 -9.1408757e-01 +1.1659578e+00 +1.1659601e+00 +1.2575288e+00 +1.2575312e+00 +3.2160689e+00 +3.2160723e+00 +4.9209023e+00 +4.9209178e+00 +1.4243104e+01 
-6.7098002e+01 -6.7098001e+01 -3.3734355e+01 -3.3734354e+01 -3.3514792e+01 -3.3514792e+01 -3.3511588e+01 -3.3511588e+01 -3.7230444e+00 -3.7230318e+00 -9.0415919e-01 -9.0415694e-01 +1.2122088e+00 +1.2122113e+00 +1.2356957e+00 +1.2356983e+00 +3.1556261e+00 +3.1556295e+00 +4.9161652e+00 +4.9161809e+00 +1.4271474e+01 
-6.7098018e+01 -6.7098017e+01 -3.3731286e+01 -3.3731286e+01 -3.3514592e+01 -3.3514592e+01 -3.3514591e+01 -3.3514591e+01 -3.7240731e+00 -3.7240604e+00 -9.0079106e-01 -9.0078878e-01 +1.2283550e+00 +1.2283551e+00 +1.2283576e+00 +1.2283576e+00 +3.1347008e+00 +3.1347041e+00 +4.9146270e+00 +4.9146428e+00 +1.4281034e+01 
-6.7090866e+01 -6.7090866e+01 -3.4243889e+01 -3.4243887e+01 -3.3493161e+01 -3.3493161e+01 -3.3139673e+01 -3.3139671e+01 -4.3124165e+00 -4.3124163e+00 -1.5011192e+00 -1.5011191e+00 +1.4872142e+00 +1.4872145e+00 +3.8077178e+00 +3.8077181e+00 +4.8199361e+00 +4.8199361e+00 +7.6313366e+00 +7.6313368e+00 +1.1441917e+01 
-6.7090850e+01 -6.7090850e+01 -3.4243268e+01 -3.4243266e+01 -3.3493621e+01 -3.3493621e+01 -3.3140299e+01 -3.3140297e+01 -4.3071828e+00 -4.3071826e+00 -1.5019878e+00 -1.5019877e+00 +1.4806021e+00 +1.4806024e+00 +3.8098609e+00 +3.8098611e+00 +4.8203068e+00 +4.8203068e+00 +7.6403598e+00 +7.6403598e+00 +1.1430279e+01 
-6.7090802e+01 -6.7090802e+01 -3.4241406e+01 -3.4241404e+01 -3.3494998e+01 -3.3494998e+01 -3.3142174e+01 -3.3142172e+01 -4.2915008e+00 -4.2915006e+00 -1.5045716e+00 -1.5045715e+00 +1.4609072e+00 +1.4609075e+00 +3.8162822e+00 +3.8162825e+00 +4.8214160e+00 +4.8214160e+00 +7.6672852e+00 +7.6672853e+00 +1.1395603e+01 
-6.7090723e+01 -6.7090723e+01 -3.4238307e+01 -3.4238305e+01 -3.3497279e+01 -3.3497279e+01 -3.3145296e+01 -3.3145293e+01 -4.2654302e+00 -4.2654300e+00 -1.5088042e+00 -1.5088041e+00 +1.4285443e+00 +1.4285445e+00 +3.8269582e+00 +3.8269584e+00 +4.8232543e+00 +4.8232543e+00 +7.7116912e+00 +7.7116913e+00 +1.1338585e+01 
-6.7090614e+01 -6.7090614e+01 -3.4233979e+01 -3.4233977e+01 -3.3500441e+01 -3.3500441e+01 -3.3149655e+01 -3.3149653e+01 -4.2290708e+00 -4.2290706e+00 -1.5145770e+00 -1.5145769e+00 +1.3841705e+00 +1.3841708e+00 +3.8418489e+00 +3.8418491e+00 +4.8258064e+00 +4.8258064e+00 +7.7729085e+00 +7.7729086e+00 +1.1260319e+01 
-6.7090475e+01 -6.7090475e+01 -3.4228430e+01 -3.4228428e+01 -3.3504456e+01 -3.3504456e+01 -3.3155244e+01 -3.3155242e+01 -4.1825634e+00 -4.1825632e+00 -1.5217411e+00 -1.5217409e+00 +1.3286414e+00 +1.3286417e+00 +3.8608976e+00 +3.8608978e+00 +4.8290508e+00 +4.8290508e+00 +7.8500649e+00 +7.8500652e+00 +1.1162216e+01 
-6.7090307e+01 -6.7090307e+01 -3.4221673e+01 -3.4221670e+01 -3.3509284e+01 -3.3509283e+01 -3.3162050e+01 -3.3162048e+01 -4.1260906e+00 -4.1260904e+00 -1.5301110e+00 -1.5301109e+00 +1.2629579e+00 +1.2629582e+00 +3.8840300e+00 +3.8840303e+00 +4.8329603e+00 +4.8329603e+00 +7.9421380e+00 +7.9421383e+00 +1.1045900e+01 
-6.7090113e+01 -6.7090113e+01 -3.4213722e+01 -3.4213719e+01 -3.3514879e+01 -3.3514879e+01 -3.3170057e+01 -3.3170055e+01 -4.0598783e+00 -4.0598781e+00 -1.5394685e+00 -1.5394684e+00 +1.1882131e+00 +1.1882133e+00 +3.9111530e+00 +3.9111532e+00 +4.8375018e+00 +4.8375018e+00 +8.0480080e+00 +8.0480082e+00 +1.0913125e+01 
-6.7089894e+01 -6.7089894e+01 -3.4204594e+01 -3.4204592e+01 -3.3521189e+01 -3.3521189e+01 -3.3179248e+01 -3.3179246e+01 -3.9841972e+00 -3.9841970e+00 -1.5495672e+00 -1.5495670e+00 +1.1055431e+00 +1.1055433e+00 +3.9421530e+00 +3.9421532e+00 +4.8426369e+00 +4.8426369e+00 +8.1665065e+00 +8.1665068e+00 +1.0765689e+01 
-6.7089652e+01 -6.7089652e+01 -3.4194311e+01 -3.4194309e+01 -3.3528154e+01 -3.3528154e+01 -3.3189603e+01 -3.3189601e+01 -3.8993652e+00 -3.8993650e+00 -1.5601369e+00 -1.5601368e+00 +1.0160864e+00 +1.0160866e+00 +3.9768948e+00 +3.9768950e+00 +4.8483218e+00 +4.8483218e+00 +8.2964577e+00 +8.2964580e+00 +1.0605380e+01 
-6.7089389e+01 -6.7089389e+01 -3.4182894e+01 -3.4182892e+01 -3.3535709e+01 -3.3535708e+01 -3.3201097e+01 -3.3201095e+01 -3.8057501e+00 -3.8057499e+00 -1.5708891e+00 -1.5708889e+00 +9.2095157e-01 +9.2095179e-01 +4.0152189e+00 +4.0152191e+00 +4.8545079e+00 +4.8545079e+00 +8.4367090e+00 +8.4367094e+00 +1.0433929e+01 
-6.7089107e+01 -6.7089107e+01 -3.4170369e+01 -3.4170366e+01 -3.3543782e+01 -3.3543782e+01 -3.3213706e+01 -3.3213704e+01 -3.7037724e+00 -3.7037722e+00 -1.5815215e+00 -1.5815213e+00 +8.2119533e-01 +8.2119555e-01 +4.0569393e+00 +4.0569395e+00 +4.8611420e+00 +4.8611420e+00 +8.5861537e+00 +8.5861540e+00 +1.0252993e+01 
-6.7088810e+01 -6.7088810e+01 -3.4156762e+01 -3.4156760e+01 -3.3552299e+01 -3.3552299e+01 -3.3227401e+01 -3.3227399e+01 -3.5939095e+00 -3.5939093e+00 -1.5917229e+00 -1.5917228e+00 +7.1780799e-01 +7.1780820e-01 +4.1018409e+00 +4.1018412e+00 +4.8681666e+00 +4.8681666e+00 +8.7437436e+00 +8.7437439e+00 +1.0064145e+01 
-6.7088499e+01 -6.7088499e+01 -3.4142105e+01 -3.4142102e+01 -3.3561180e+01 -3.3561180e+01 -3.3242151e+01 -3.3242149e+01 -3.4767003e+00 -3.4767001e+00 -1.6011779e+00 -1.6011777e+00 +6.1170587e-01 +6.1170608e-01 +4.1496761e+00 +4.1496764e+00 +4.8755204e+00 +4.8755204e+00 +8.9084965e+00 +8.9084967e+00 +9.8688734e+00 
-6.7088178e+01 -6.7088178e+01 -3.4126429e+01 -3.4126426e+01 -3.3570344e+01 -3.3570344e+01 -3.3257924e+01 -3.3257922e+01 -3.3527506e+00 -3.3527504e+00 -1.6095704e+00 -1.6095703e+00 +5.0372867e-01 +5.0372887e-01 +4.2001612e+00 +4.2001615e+00 +4.8831390e+00 +4.8831390e+00 +9.0794971e+00 +9.0794974e+00 +9.6685996e+00 
-6.7087849e+01 -6.7087849e+01 -3.4109769e+01 -3.4109766e+01 -3.3579706e+01 -3.3579706e+01 -3.3274684e+01 -3.3274682e+01 -3.2227390e+00 -3.2227389e+00 -1.6165881e+00 -1.6165880e+00 +3.9464018e-01 +3.9464037e-01 +4.2529728e+00 +4.2529730e+00 +4.8909550e+00 +4.8909550e+00 +9.2558951e+00 +9.2558964e+00 +9.4646887e+00 
-6.7087516e+01 -6.7087516e+01 -3.4092162e+01 -3.4092159e+01 -3.3589181e+01 -3.3589181e+01 -3.3292393e+01 -3.3292390e+01 -3.0874250e+00 -3.0874248e+00 -1.6219254e+00 -1.6219253e+00 +2.8513144e-01 +2.8513162e-01 +4.3077433e+00 +4.3077436e+00 +4.8988988e+00 +4.8988988e+00 +9.2584727e+00 +9.2584728e+00 +9.4369000e+00 
-6.7087182e+01 -6.7087182e+01 -3.4073647e+01 -3.4073644e+01 -3.3598682e+01 -3.3598682e+01 -3.3311010e+01 -3.3311008e+01 -2.9476561e+00 -2.9476559e+00 -1.6252861e+00 -1.6252860e+00 +1.7582509e-01 +1.7582527e-01 +4.3640573e+00 +4.3640575e+00 +4.9068992e+00 +4.9068992e+00 +9.0512721e+00 +9.0512721e+00 +9.6217745e+00 
-6.7086848e+01 -6.7086848e+01 -3.4054265e+01 -3.4054263e+01 -3.3608124e+01 -3.3608124e+01 -3.3330495e+01 -3.3330493e+01 -2.8043778e+00 -2.8043776e+00 -1.6263861e+00 -1.6263860e+00 +6.7280534e-02 +6.7280710e-02 +4.4214468e+00 +4.4214470e+00 +4.9148837e+00 +4.9148837e+00 +8.8444194e+00 +8.8444194e+00 +9.8098266e+00 
-6.7086520e+01 -6.7086520e+01 -3.4034060e+01 -3.4034058e+01 -3.3617421e+01 -3.3617421e+01 -3.3350803e+01 -3.3350801e+01 -2.6586430e+00 -2.6586428e+00 -1.6249553e+00 -1.6249552e+00 -4.0000882e-02 -4.0000711e-02 +4.4793884e+00 +4.4793886e+00 +4.9227797e+00 +4.9227797e+00 +8.6392827e+00 +8.6392827e+00 +1.0000402e+01 
-6.7086199e+01 -6.7086199e+01 -3.4013076e+01 -3.4013074e+01 -3.3626490e+01 -3.3626490e+01 -3.3371887e+01 -3.3371885e+01 -2.5116221e+00 -2.5116219e+00 -1.6207391e+00 -1.6207389e+00 -1.4557066e-01 -1.4557049e-01 +4.5373008e+00 +4.5373010e+00 +4.9305147e+00 +4.9305147e+00 +8.4372884e+00 +8.4372885e+00 +1.0192872e+01 
-6.7085888e+01 -6.7085888e+01 -3.3991361e+01 -3.3991359e+01 -3.3635251e+01 -3.3635250e+01 -3.3393700e+01 -3.3393698e+01 -2.3646128e+00 -2.3646126e+00 -1.6134996e+00 -1.6134994e+00 -2.4902834e-01 -2.4902817e-01 +4.5945449e+00 +4.5945451e+00 +4.9380171e+00 +4.9380171e+00 +8.2399411e+00 +8.2399411e+00 +1.0386631e+01 
-6.7085590e+01 -6.7085590e+01 -3.3968963e+01 -3.3968961e+01 -3.3643625e+01 -3.3643625e+01 -3.3416192e+01 -3.3416190e+01 -2.2190488e+00 -2.2190486e+00 -1.6030168e+00 -1.6030166e+00 -3.5001708e-01 -3.5001691e-01 +4.6504273e+00 +4.6504275e+00 +4.9452170e+00 +4.9452170e+00 +8.0488386e+00 +8.0488386e+00 +1.0581077e+01 
-6.7085309e+01 -6.7085309e+01 -3.3945933e+01 -3.3945931e+01 -3.3651539e+01 -3.3651539e+01 -3.3439312e+01 -3.3439310e+01 -2.0765050e+00 -2.0765049e+00 -1.5890891e+00 -1.5890889e+00 -4.4821963e-01 -4.4821947e-01 +4.7042093e+00 +4.7042095e+00 +4.9520470e+00 +4.9520470e+00 +7.8656800e+00 +7.8656801e+00 +1.0775612e+01 
-6.7085046e+01 -6.7085046e+01 -3.3922323e+01 -3.3922320e+01 -3.3658923e+01 -3.3658923e+01 -3.3463007e+01 -3.3463005e+01 -1.9386980e+00 -1.9386979e+00 -1.5715338e+00 -1.5715337e+00 -5.4335487e-01 -5.4335472e-01 +4.7551232e+00 +4.7551234e+00 +4.9584423e+00 +4.9584424e+00 +7.6922628e+00 +7.6922628e+00 +1.0969623e+01 
-6.7084804e+01 -6.7084804e+01 -3.3898185e+01 -3.3898183e+01 -3.3665713e+01 -3.3665713e+01 -3.3487222e+01 -3.3487220e+01 -1.8074785e+00 -1.8074784e+00 -1.5501875e+00 -1.5501874e+00 -6.3517467e-01 -6.3517454e-01 +4.8023985e+00 +4.8023987e+00 +4.9643424e+00 +4.9643424e+00 +7.5304636e+00 +7.5304636e+00 +1.1162478e+01 
-6.7084585e+01 -6.7084585e+01 -3.3873574e+01 -3.3873572e+01 -3.3671850e+01 -3.3671850e+01 -3.3511904e+01 -3.3511902e+01 -1.6848116e+00 -1.6848115e+00 -1.5249062e+00 -1.5249060e+00 -7.2346137e-01 -7.2346124e-01 +4.8452994e+00 +4.8452995e+00 +4.9696907e+00 +4.9696907e+00 +7.3822000e+00 +7.3822002e+00 +1.1353510e+01 
-6.7084391e+01 -6.7084391e+01 -3.3848547e+01 -3.3848545e+01 -3.3677279e+01 -3.3677279e+01 -3.3536994e+01 -3.3536992e+01 -1.5727420e+00 -1.5727419e+00 -1.4955652e+00 -1.4955650e+00 -8.0802535e-01 -8.0802522e-01 +4.8831719e+00 +4.8831720e+00 +4.9744357e+00 +4.9744357e+00 +7.2493704e+00 +7.2493705e+00 +1.1542007e+01 
-6.7084224e+01 -6.7084224e+01 -3.3823159e+01 -3.3823157e+01 -3.3681955e+01 -3.3681955e+01 -3.3562437e+01 -3.3562434e+01 -1.4733399e+00 -1.4733398e+00 -1.4620594e+00 -1.4620593e+00 -8.8870323e-01 -8.8870309e-01 +4.9154965e+00 +4.9154967e+00 +4.9785318e+00 +4.9785318e+00 +7.1337738e+00 +7.1337738e+00 +1.1727201e+01 
-6.7084085e+01 -6.7084085e+01 -3.3797469e+01 -3.3797467e+01 -3.3685837e+01 -3.3685837e+01 -3.3588172e+01 -3.3588170e+01 -1.4243032e+00 -1.4243030e+00 -1.3886257e+00 -1.3886256e+00 -9.6535621e-01 -9.6535606e-01 +4.9419327e+00 +4.9419328e+00 +4.9819390e+00 +4.9819390e+00 +7.0370204e+00 +7.0370204e+00 +1.1908252e+01 
-6.7083976e+01 -6.7083976e+01 -3.3771535e+01 -3.3771533e+01 -3.3688891e+01 -3.3688891e+01 -3.3614142e+01 -3.3614140e+01 -1.3822302e+00 -1.3822300e+00 -1.3204757e+00 -1.3204756e+00 -1.0378688e+00 -1.0378686e+00 +4.9623382e+00 +4.9623383e+00 +4.9846243e+00 +4.9846243e+00 +6.9604505e+00 +6.9604505e+00 +1.2084242e+01 
-6.7083897e+01 -6.7083897e+01 -3.3745416e+01 -3.3745414e+01 -3.3691091e+01 -3.3691091e+01 -3.3640287e+01 -3.3640285e+01 -1.3357934e+00 -1.3357932e+00 -1.2705136e+00 -1.2705135e+00 -1.1061476e+00 -1.1061475e+00 +4.9767459e+00 +4.9767460e+00 +4.9865613e+00 +4.9865613e+00 +6.9050826e+00 +6.9050826e+00 +1.2254159e+01 
-6.7083850e+01 -6.7083850e+01 -3.3719172e+01 -3.3719170e+01 -3.3692418e+01 -3.3692418e+01 -3.3666547e+01 -3.3666545e+01 -1.2849653e+00 -1.2849651e+00 -1.2400003e+00 -1.2400002e+00 -1.1701207e+00 -1.1701206e+00 +4.9852931e+00 +4.9852932e+00 +4.9877312e+00 +4.9877312e+00 +6.8716054e+00 +6.8716054e+00 +1.2416889e+01 
-6.7083835e+01 -6.7083835e+01 -3.3692863e+01 -3.3692863e+01 -3.3692860e+01 -3.3692860e+01 -3.3692860e+01 -3.3692860e+01 -1.2297381e+00 -1.2297374e+00 -1.2297374e+00 -1.2297366e+00 -1.2297366e+00 -1.2297364e+00 +4.9881225e+00 +4.9881225e+00 +4.9881225e+00 +4.9881225e+00 +6.8604054e+00 +6.8604055e+00 +1.2571214e+01 
