# num high symmetry points
12
# label high symmetry points
G M K G A L H A L M K H 
# indices high symmetry points
1 40 62 107 128 167 189 234 235 256 257 278 
# nk, nb, ns
278 20 1
# k-points (frac coords)
+0.0000000e+00 +0.0000000e+00 +0.0000000e+00 
+1.2820513e-02 +0.0000000e+00 +0.0000000e+00 
+2.5641026e-02 +0.0000000e+00 +0.0000000e+00 
+3.8461538e-02 +0.0000000e+00 +0.0000000e+00 
+5.1282051e-02 +0.0000000e+00 +0.0000000e+00 
+6.4102564e-02 +0.0000000e+00 +0.0000000e+00 
+7.6923077e-02 +0.0000000e+00 +0.0000000e+00 
+8.9743590e-02 +0.0000000e+00 +0.0000000e+00 
+1.0256410e-01 +0.0000000e+00 +0.0000000e+00 
+1.1538462e-01 +0.0000000e+00 +0.0000000e+00 
+1.2820513e-01 +0.0000000e+00 +0.0000000e+00 
+1.4102564e-01 +0.0000000e+00 +0.0000000e+00 
+1.5384615e-01 +0.0000000e+00 +0.0000000e+00 
+1.6666667e-01 +0.0000000e+00 +0.0000000e+00 
+1.7948718e-01 +0.0000000e+00 +0.0000000e+00 
+1.9230769e-01 +0.0000000e+00 +0.0000000e+00 
+2.0512821e-01 +0.0000000e+00 +0.0000000e+00 
+2.1794872e-01 +0.0000000e+00 +0.0000000e+00 
+2.3076923e-01 +0.0000000e+00 +0.0000000e+00 
+2.4358974e-01 +0.0000000e+00 +0.0000000e+00 
+2.5641026e-01 +0.0000000e+00 +0.0000000e+00 
+2.6923077e-01 +0.0000000e+00 +0.0000000e+00 
+2.8205128e-01 +0.0000000e+00 +0.0000000e+00 
+2.9487179e-01 +0.0000000e+00 +0.0000000e+00 
+3.0769231e-01 +0.0000000e+00 +0.0000000e+00 
+3.2051282e-01 +0.0000000e+00 +0.0000000e+00 
+3.3333333e-01 +0.0000000e+00 +0.0000000e+00 
+3.4615385e-01 +0.0000000e+00 +0.0000000e+00 
+3.5897436e-01 +0.0000000e+00 +0.0000000e+00 
+3.7179487e-01 +0.0000000e+00 +0.0000000e+00 
+3.8461538e-01 +0.0000000e+00 +0.0000000e+00 
+3.9743590e-01 +0.0000000e+00 +0.0000000e+00 
+4.1025641e-01 +0.0000000e+00 +0.0000000e+00 
+4.2307692e-01 +0.0000000e+00 +0.0000000e+00 
+4.3589744e-01 +0.0000000e+00 +0.0000000e+00 
+4.4871795e-01 +0.0000000e+00 +0.0000000e+00 
+4.6153846e-01 +0.0000000e+00 +0.0000000e+00 
+4.7435897e-01 +0.0000000e+00 +0.0000000e+00 
+4.8717949e-01 +0.0000000e+00 +0.0000000e+00 
+5.0000000e-01 +0.0000000e+00 +0.0000000e+00 
+4.9242424e-01 +1.5151515e-02 +0.0000000e+00 
+4.8484848e-01 +3.0303030e-02 +0.0000000e+00 
+4.7727273e-01 +4.5454545e-02 +0.0000000e+00 
+4.6969697e-01 +6.0606061e-02 +0.0000000e+00 
+4.6212121e-01 +7.5757576e-02 +0.0000000e+00 
+4.5454545e-01 +9.0909091e-02 +0.0000000e+00 
+4.4696970e-01 +1.0606061e-01 +0.0000000e+00 
+4.3939394e-01 +1.2121212e-01 +0.0000000e+00 
+4.3181818e-01 +1.3636364e-01 +0.0000000e+00 
+4.2424242e-01 +1.5151515e-01 +0.0000000e+00 
+4.1666667e-01 +1.6666667e-01 +0.0000000e+00 
+4.0909091e-01 +1.8181818e-01 +0.0000000e+00 
+4.0151515e-01 +1.9696970e-01 +0.0000000e+00 
+3.9393939e-01 +2.1212121e-01 +0.0000000e+00 
+3.8636364e-01 +2.2727273e-01 +0.0000000e+00 
+3.7878788e-01 +2.4242424e-01 +0.0000000e+00 
+3.7121212e-01 +2.5757576e-01 +0.0000000e+00 
+3.6363636e-01 +2.7272727e-01 +0.0000000e+00 
+3.5606061e-01 +2.8787879e-01 +0.0000000e+00 
+3.4848485e-01 +3.0303030e-01 +0.0000000e+00 
+3.4090909e-01 +3.1818182e-01 +0.0000000e+00 
+3.3333333e-01 +3.3333333e-01 +0.0000000e+00 
+3.2592593e-01 +3.2592593e-01 +0.0000000e+00 
+3.1851852e-01 +3.1851852e-01 +0.0000000e+00 
+3.1111111e-01 +3.1111111e-01 +0.0000000e+00 
+3.0370370e-01 +3.0370370e-01 +0.0000000e+00 
+2.9629630e-01 +2.9629630e-01 +0.0000000e+00 
+2.8888889e-01 +2.8888889e-01 +0.0000000e+00 
+2.8148148e-01 +2.8148148e-01 +0.0000000e+00 
+2.7407407e-01 +2.7407407e-01 +0.0000000e+00 
+2.6666667e-01 +2.6666667e-01 +0.0000000e+00 
+2.5925926e-01 +2.5925926e-01 +0.0000000e+00 
+2.5185185e-01 +2.5185185e-01 +0.0000000e+00 
+2.4444444e-01 +2.4444444e-01 +0.0000000e+00 
+2.3703704e-01 +2.3703704e-01 +0.0000000e+00 
+2.2962963e-01 +2.2962963e-01 +0.0000000e+00 
+2.2222222e-01 +2.2222222e-01 +0.0000000e+00 
+2.1481481e-01 +2.1481481e-01 +0.0000000e+00 
+2.0740741e-01 +2.0740741e-01 +0.0000000e+00 
+2.0000000e-01 +2.0000000e-01 +0.0000000e+00 
+1.9259259e-01 +1.9259259e-01 +0.0000000e+00 
+1.8518519e-01 +1.8518519e-01 +0.0000000e+00 
+1.7777778e-01 +1.7777778e-01 +0.0000000e+00 
+1.7037037e-01 +1.7037037e-01 +0.0000000e+00 
+1.6296296e-01 +1.6296296e-01 +0.0000000e+00 
+1.5555556e-01 +1.5555556e-01 +0.0000000e+00 
+1.4814815e-01 +1.4814815e-01 +0.0000000e+00 
+1.4074074e-01 +1.4074074e-01 +0.0000000e+00 
+1.3333333e-01 +1.3333333e-01 +0.0000000e+00 
+1.2592593e-01 +1.2592593e-01 +0.0000000e+00 
+1.1851852e-01 +1.1851852e-01 +0.0000000e+00 
+1.1111111e-01 +1.1111111e-01 +0.0000000e+00 
+1.0370370e-01 +1.0370370e-01 +0.0000000e+00 
+9.6296296e-02 +9.6296296e-02 +0.0000000e+00 
+8.8888889e-02 +8.8888889e-02 +0.0000000e+00 
+8.1481481e-02 +8.1481481e-02 +0.0000000e+00 
+7.4074074e-02 +7.4074074e-02 +0.0000000e+00 
+6.6666667e-02 +6.6666667e-02 +0.0000000e+00 
+5.9259259e-02 +5.9259259e-02 +0.0000000e+00 
+5.1851852e-02 +5.1851852e-02 +0.0000000e+00 
+4.4444444e-02 +4.4444444e-02 +0.0000000e+00 
+3.7037037e-02 +3.7037037e-02 +0.0000000e+00 
+2.9629630e-02 +2.9629630e-02 +0.0000000e+00 
+2.2222222e-02 +2.2222222e-02 +0.0000000e+00 
+1.4814815e-02 +1.4814815e-02 +0.0000000e+00 
+7.4074074e-03 +7.4074074e-03 +0.0000000e+00 
+0.0000000e+00 +0.0000000e+00 +0.0000000e+00 
+0.0000000e+00 +0.0000000e+00 +2.3809524e-02 
+0.0000000e+00 +0.0000000e+00 +4.7619048e-02 
+0.0000000e+00 +0.0000000e+00 +7.1428571e-02 
+0.0000000e+00 +0.0000000e+00 +9.5238095e-02 
+0.0000000e+00 +0.0000000e+00 +1.1904762e-01 
+0.0000000e+00 +0.0000000e+00 +1.4285714e-01 
+0.0000000e+00 +0.0000000e+00 +1.6666667e-01 
+0.0000000e+00 +0.0000000e+00 +1.9047619e-01 
+0.0000000e+00 +0.0000000e+00 +2.1428571e-01 
+0.0000000e+00 +0.0000000e+00 +2.3809524e-01 
+0.0000000e+00 +0.0000000e+00 +2.6190476e-01 
+0.0000000e+00 +0.0000000e+00 +2.8571429e-01 
+0.0000000e+00 +0.0000000e+00 +3.0952381e-01 
+0.0000000e+00 +0.0000000e+00 +3.3333333e-01 
+0.0000000e+00 +0.0000000e+00 +3.5714286e-01 
+0.0000000e+00 +0.0000000e+00 +3.8095238e-01 
+0.0000000e+00 +0.0000000e+00 +4.0476190e-01 
+0.0000000e+00 +0.0000000e+00 +4.2857143e-01 
+0.0000000e+00 +0.0000000e+00 +4.5238095e-01 
+0.0000000e+00 +0.0000000e+00 +4.7619048e-01 
+0.0000000e+00 +0.0000000e+00 +5.0000000e-01 
+1.2820513e-02 +0.0000000e+00 +5.0000000e-01 
+2.5641026e-02 +0.0000000e+00 +5.0000000e-01 
+3.8461538e-02 +0.0000000e+00 +5.0000000e-01 
+5.1282051e-02 +0.0000000e+00 +5.0000000e-01 
+6.4102564e-02 +0.0000000e+00 +5.0000000e-01 
+7.6923077e-02 +0.0000000e+00 +5.0000000e-01 
+8.9743590e-02 +0.0000000e+00 +5.0000000e-01 
+1.0256410e-01 +0.0000000e+00 +5.0000000e-01 
+1.1538462e-01 +0.0000000e+00 +5.0000000e-01 
+1.2820513e-01 +0.0000000e+00 +5.0000000e-01 
+1.4102564e-01 +0.0000000e+00 +5.0000000e-01 
+1.5384615e-01 +0.0000000e+00 +5.0000000e-01 
+1.6666667e-01 +0.0000000e+00 +5.0000000e-01 
+1.7948718e-01 +0.0000000e+00 +5.0000000e-01 
+1.9230769e-01 +0.0000000e+00 +5.0000000e-01 
+2.0512821e-01 +0.0000000e+00 +5.0000000e-01 
+2.1794872e-01 +0.0000000e+00 +5.0000000e-01 
+2.3076923e-01 +0.0000000e+00 +5.0000000e-01 
+2.4358974e-01 +0.0000000e+00 +5.0000000e-01 
+2.5641026e-01 +0.0000000e+00 +5.0000000e-01 
+2.6923077e-01 +0.0000000e+00 +5.0000000e-01 
+2.8205128e-01 +0.0000000e+00 +5.0000000e-01 
+2.9487179e-01 +0.0000000e+00 +5.0000000e-01 
+3.0769231e-01 +0.0000000e+00 +5.0000000e-01 
+3.2051282e-01 +0.0000000e+00 +5.0000000e-01 
+3.3333333e-01 +0.0000000e+00 +5.0000000e-01 
+3.4615385e-01 +0.0000000e+00 +5.0000000e-01 
+3.5897436e-01 +0.0000000e+00 +5.0000000e-01 
+3.7179487e-01 +0.0000000e+00 +5.0000000e-01 
+3.8461538e-01 +0.0000000e+00 +5.0000000e-01 
+3.9743590e-01 +0.0000000e+00 +5.0000000e-01 
+4.1025641e-01 +0.0000000e+00 +5.0000000e-01 
+4.2307692e-01 +0.0000000e+00 +5.0000000e-01 
+4.3589744e-01 +0.0000000e+00 +5.0000000e-01 
+4.4871795e-01 +0.0000000e+00 +5.0000000e-01 
+4.6153846e-01 +0.0000000e+00 +5.0000000e-01 
+4.7435897e-01 +0.0000000e+00 +5.0000000e-01 
+4.8717949e-01 +0.0000000e+00 +5.0000000e-01 
+5.0000000e-01 +0.0000000e+00 +5.0000000e-01 
+4.9242424e-01 +1.5151515e-02 +5.0000000e-01 
+4.8484848e-01 +3.0303030e-02 +5.0000000e-01 
+4.7727273e-01 +4.5454545e-02 +5.0000000e-01 
+4.6969697e-01 +6.0606061e-02 +5.0000000e-01 
+4.6212121e-01 +7.5757576e-02 +5.0000000e-01 
+4.5454545e-01 +9.0909091e-02 +5.0000000e-01 
+4.4696970e-01 +1.0606061e-01 +5.0000000e-01 
+4.3939394e-01 +1.2121212e-01 +5.0000000e-01 
+4.3181818e-01 +1.3636364e-01 +5.0000000e-01 
+4.2424242e-01 +1.5151515e-01 +5.0000000e-01 
+4.1666667e-01 +1.6666667e-01 +5.0000000e-01 
+4.0909091e-01 +1.8181818e-01 +5.0000000e-01 
+4.0151515e-01 +1.9696970e-01 +5.0000000e-01 
+3.9393939e-01 +2.1212121e-01 +5.0000000e-01 
+3.8636364e-01 +2.2727273e-01 +5.0000000e-01 
+3.7878788e-01 +2.4242424e-01 +5.0000000e-01 
+3.7121212e-01 +2.5757576e-01 +5.0000000e-01 
+3.6363636e-01 +2.7272727e-01 +5.0000000e-01 
+3.5606061e-01 +2.8787879e-01 +5.0000000e-01 
+3.4848485e-01 +3.0303030e-01 +5.0000000e-01 
+3.4090909e-01 +3.1818182e-01 +5.0000000e-01 
+3.3333333e-01 +3.3333333e-01 +5.0000000e-01 
+3.2592593e-01 +3.2592593e-01 +5.0000000e-01 
+3.1851852e-01 +3.1851852e-01 +5.0000000e-01 
+3.1111111e-01 +3.1111111e-01 +5.0000000e-01 
+3.0370370e-01 +3.0370370e-01 +5.0000000e-01 
+2.9629630e-01 +2.9629630e-01 +5.0000000e-01 
+2.8888889e-01 +2.8888889e-01 +5.0000000e-01 
+2.8148148e-01 +2.8148148e-01 +5.0000000e-01 
+2.7407407e-01 +2.7407407e-01 +5.0000000e-01 
+2.6666667e-01 +2.6666667e-01 +5.0000000e-01 
+2.5925926e-01 +2.5925926e-01 +5.0000000e-01 
+2.5185185e-01 +2.5185185e-01 +5.0000000e-01 
+2.4444444e-01 +2.4444444e-01 +5.0000000e-01 
+2.3703704e-01 +2.3703704e-01 +5.0000000e-01 
+2.2962963e-01 +2.2962963e-01 +5.0000000e-01 
+2.2222222e-01 +2.2222222e-01 +5.0000000e-01 
+2.1481481e-01 +2.1481481e-01 +5.0000000e-01 
+2.0740741e-01 +2.0740741e-01 +5.0000000e-01 
+2.0000000e-01 +2.0000000e-01 +5.0000000e-01 
+1.9259259e-01 +1.9259259e-01 +5.0000000e-01 
+1.8518519e-01 +1.8518519e-01 +5.0000000e-01 
+1.7777778e-01 +1.7777778e-01 +5.0000000e-01 
+1.7037037e-01 +1.7037037e-01 +5.0000000e-01 
+1.6296296e-01 +1.6296296e-01 +5.0000000e-01 
+1.5555556e-01 +1.5555556e-01 +5.0000000e-01 
+1.4814815e-01 +1.4814815e-01 +5.0000000e-01 
+1.4074074e-01 +1.4074074e-01 +5.0000000e-01 
+1.3333333e-01 +1.3333333e-01 +5.0000000e-01 
+1.2592593e-01 +1.2592593e-01 +5.0000000e-01 
+1.1851852e-01 +1.1851852e-01 +5.0000000e-01 
+1.1111111e-01 +1.1111111e-01 +5.0000000e-01 
+1.0370370e-01 +1.0370370e-01 +5.0000000e-01 
+9.6296296e-02 +9.6296296e-02 +5.0000000e-01 
+8.8888889e-02 +8.8888889e-02 +5.0000000e-01 
+8.1481481e-02 +8.1481481e-02 +5.0000000e-01 
+7.4074074e-02 +7.4074074e-02 +5.0000000e-01 
+6.6666667e-02 +6.6666667e-02 +5.0000000e-01 
+5.9259259e-02 +5.9259259e-02 +5.0000000e-01 
+5.1851852e-02 +5.1851852e-02 +5.0000000e-01 
+4.4444444e-02 +4.4444444e-02 +5.0000000e-01 
+3.7037037e-02 +3.7037037e-02 +5.0000000e-01 
+2.9629630e-02 +2.9629630e-02 +5.0000000e-01 
+2.2222222e-02 +2.2222222e-02 +5.0000000e-01 
+1.4814815e-02 +1.4814815e-02 +5.0000000e-01 
+7.4074074e-03 +7.4074074e-03 +5.0000000e-01 
+0.0000000e+00 +0.0000000e+00 +5.0000000e-01 
+5.0000000e-01 +0.0000000e+00 +5.0000000e-01 
+5.0000000e-01 +0.0000000e+00 +4.7619048e-01 
+5.0000000e-01 +0.0000000e+00 +4.5238095e-01 
+5.0000000e-01 +0.0000000e+00 +4.2857143e-01 
+5.0000000e-01 +0.0000000e+00 +4.0476190e-01 
+5.0000000e-01 +0.0000000e+00 +3.8095238e-01 
+5.0000000e-01 +0.0000000e+00 +3.5714286e-01 
+5.0000000e-01 +0.0000000e+00 +3.3333333e-01 
+5.0000000e-01 +0.0000000e+00 +3.0952381e-01 
+5.0000000e-01 +0.0000000e+00 +2.8571429e-01 
+5.0000000e-01 +0.0000000e+00 +2.6190476e-01 
+5.0000000e-01 +0.0000000e+00 +2.3809524e-01 
+5.0000000e-01 +0.0000000e+00 +2.1428571e-01 
+5.0000000e-01 +0.0000000e+00 +1.9047619e-01 
+5.0000000e-01 +0.0000000e+00 +1.6666667e-01 
+5.0000000e-01 +0.0000000e+00 +1.4285714e-01 
+5.0000000e-01 +0.0000000e+00 +1.1904762e-01 
+5.0000000e-01 +0.0000000e+00 +9.5238095e-02 
+5.0000000e-01 +0.0000000e+00 +7.1428571e-02 
+5.0000000e-01 +0.0000000e+00 +4.7619048e-02 
+5.0000000e-01 +0.0000000e+00 +2.3809524e-02 
+5.0000000e-01 +0.0000000e+00 +0.0000000e+00 
+3.3333333e-01 +3.3333333e-01 +0.0000000e+00 
+3.3333333e-01 +3.3333333e-01 +2.3809524e-02 
+3.3333333e-01 +3.3333333e-01 +4.7619048e-02 
+3.3333333e-01 +3.3333333e-01 +7.1428571e-02 
+3.3333333e-01 +3.3333333e-01 +9.5238095e-02 
+3.3333333e-01 +3.3333333e-01 +1.1904762e-01 
+3.3333333e-01 +3.3333333e-01 +1.4285714e-01 
+3.3333333e-01 +3.3333333e-01 +1.6666667e-01 
+3.3333333e-01 +3.3333333e-01 +1.9047619e-01 
+3.3333333e-01 +3.3333333e-01 +2.1428571e-01 
+3.3333333e-01 +3.3333333e-01 +2.3809524e-01 
+3.3333333e-01 +3.3333333e-01 +2.6190476e-01 
+3.3333333e-01 +3.3333333e-01 +2.8571429e-01 
+3.3333333e-01 +3.3333333e-01 +3.0952381e-01 
+3.3333333e-01 +3.3333333e-01 +3.3333333e-01 
+3.3333333e-01 +3.3333333e-01 +3.5714286e-01 
+3.3333333e-01 +3.3333333e-01 +3.8095238e-01 
+3.3333333e-01 +3.3333333e-01 +4.0476190e-01 
+3.3333333e-01 +3.3333333e-01 +4.2857143e-01 
+3.3333333e-01 +3.3333333e-01 +4.5238095e-01 
+3.3333333e-01 +3.3333333e-01 +4.7619048e-01 
+3.3333333e-01 +3.3333333e-01 +5.0000000e-01 
# energies (kpt,band,spin)
# spin = 1
-4.8798263e+01 -4.8654328e+01 -2.7306655e+01 -2.6454181e+01 -2.6454180e+01 -2.6349229e+01 -2.6322083e+01 -2.6322081e+01 -5.5545499e+00 -2.9284168e+00 +9.5107175e-01 +9.5108074e-01 +1.0161405e+00 +1.1490948e+00 +1.6178327e+00 +1.6178424e+00 +2.2292347e+00 +2.2292418e+00 +4.4573466e+00 +4.4573525e+00 
-4.8798079e+01 -4.8654247e+01 -2.7306166e+01 -2.6455293e+01 -2.6454546e+01 -2.6349429e+01 -2.6323243e+01 -2.6322230e+01 -5.5499215e+00 -2.9240974e+00 +9.1051454e-01 +9.5533653e-01 +1.0540374e+00 +1.1395553e+00 +1.6135340e+00 +1.6218450e+00 +2.2226174e+00 +2.2249729e+00 +4.4604875e+00 +4.4732493e+00 
-4.8797530e+01 -4.8654005e+01 -2.7304702e+01 -2.6458624e+01 -2.6455637e+01 -2.6350029e+01 -2.6326719e+01 -2.6322673e+01 -5.5360563e+00 -2.9111763e+00 +8.4585855e-01 +9.6811729e-01 +1.1107757e+00 +1.1111707e+00 +1.6007458e+00 +1.6338662e+00 +2.2034970e+00 +2.2122863e+00 +4.4697862e+00 +4.5200161e+00 
-4.8796617e+01 -4.8653605e+01 -2.7302267e+01 -2.6464150e+01 -2.6457444e+01 -2.6351029e+01 -2.6332477e+01 -2.6323411e+01 -5.5130138e+00 -2.8897662e+00 +7.7541379e-01 +9.8939620e-01 +1.0646507e+00 +1.1682704e+00 +1.5798896e+00 +1.6538735e+00 +2.1738104e+00 +2.1915125e+00 +4.4849262e+00 +4.5951060e+00 
-4.8795347e+01 -4.8653050e+01 -2.7298869e+01 -2.6471837e+01 -2.6459949e+01 -2.6352431e+01 -2.6340471e+01 -2.6324444e+01 -5.4808939e+00 -2.8600583e+00 +7.0079357e-01 +1.0011863e+00 +1.0191397e+00 +1.2251232e+00 +1.5517765e+00 +1.6818245e+00 +2.1360445e+00 +2.1631701e+00 +4.5054090e+00 +4.6950061e+00 
-4.8793724e+01 -4.8652344e+01 -2.7294520e+01 -2.6481633e+01 -2.6463128e+01 -2.6354236e+01 -2.6350632e+01 -2.6325773e+01 -5.4398364e+00 -2.8223271e+00 +6.2244666e-01 +9.2241207e-01 +1.0573005e+00 +1.2806130e+00 +1.5180616e+00 +1.7176600e+00 +2.0925925e+00 +2.1279188e+00 +4.5306036e+00 +4.8159110e+00 
-4.8791757e+01 -4.8651496e+01 -2.7289232e+01 -2.6493475e+01 -2.6466951e+01 -2.6362874e+01 -2.6356447e+01 -2.6327396e+01 -5.3900212e+00 -2.7769384e+00 +5.4075839e-01 +8.3029972e-01 +1.1038173e+00 +1.3313216e+00 +1.4834708e+00 +1.7613025e+00 +2.0453664e+00 +2.0865102e+00 +4.5597966e+00 +4.9542076e+00 
-4.8789457e+01 -4.8650512e+01 -2.7283024e+01 -2.6507286e+01 -2.6471385e+01 -2.6377096e+01 -2.6359064e+01 -2.6329310e+01 -5.3316693e+00 -2.7243597e+00 +4.5622300e-01 +7.2700103e-01 +1.1586148e+00 +1.3587281e+00 +1.4679872e+00 +1.8126567e+00 +1.9957003e+00 +2.0397412e+00 +4.5922400e+00 +5.1067189e+00 
-4.8786835e+01 -4.8649401e+01 -2.7275916e+01 -2.6522975e+01 -2.6476391e+01 -2.6393180e+01 -2.6362091e+01 -2.6331510e+01 -5.2650424e+00 -2.6651745e+00 +3.6947769e-01 +6.1468379e-01 +1.2216025e+00 +1.3346331e+00 +1.5013461e+00 +1.8716080e+00 +1.9444389e+00 +1.9884152e+00 +4.6271903e+00 +5.2707691e+00 
-4.8783905e+01 -4.8648175e+01 -2.7267930e+01 -2.6540440e+01 -2.6481925e+01 -2.6410995e+01 -2.6365529e+01 -2.6333991e+01 -5.1904444e+00 -2.6001005e+00 +2.8130397e-01 +4.9540070e-01 +1.2845274e+00 +1.2926749e+00 +1.5596281e+00 +1.8920910e+00 +1.9333140e+00 +1.9380221e+00 +4.6639382e+00 +5.4441491e+00 
-4.8780680e+01 -4.8646843e+01 -2.7259094e+01 -2.6559568e+01 -2.6487944e+01 -2.6430398e+01 -2.6369381e+01 -2.6336744e+01 -5.1082218e+00 -2.5300133e+00 +1.9262144e-01 +3.7100908e-01 +1.2262515e+00 +1.3717101e+00 +1.6265797e+00 +1.8389708e+00 +1.8751786e+00 +2.0117438e+00 +4.7018285e+00 +5.6250451e+00 
-4.8777178e+01 -4.8645419e+01 -2.7249436e+01 -2.6580233e+01 -2.6494399e+01 -2.6451237e+01 -2.6373649e+01 -2.6339756e+01 -5.0187653e+00 -2.4559755e+00 +1.0448284e-01 +2.4313794e-01 +1.1645542e+00 +1.4585693e+00 +1.6990461e+00 +1.7852988e+00 +1.8146983e+00 +2.0925958e+00 +4.7402713e+00 +5.8119593e+00 
-4.8773417e+01 -4.8643916e+01 -2.7238989e+01 -2.6602300e+01 -2.6501241e+01 -2.6473349e+01 -2.6378335e+01 -2.6343013e+01 -4.9225111e+00 -2.3792710e+00 +1.8073169e-02 +1.1318839e-01 +1.1016395e+00 +1.5530952e+00 +1.7312630e+00 +1.7525058e+00 +1.7764266e+00 +2.1803772e+00 +4.7787476e+00 +6.0036386e+00 
-4.8769415e+01 -4.8642348e+01 -2.7227789e+01 -2.6625624e+01 -2.6508419e+01 -2.6496566e+01 -2.6383440e+01 -2.6346498e+01 -4.8199431e+00 -2.3014423e+00 -6.5287537e-02 -1.7646932e-02 +1.0391464e+00 +1.6551110e+00 +1.6770492e+00 +1.6891769e+00 +1.8587038e+00 +2.2748616e+00 +4.8168101e+00 +6.1990152e+00 
-4.8765194e+01 -4.8640730e+01 -2.7215872e+01 -2.6650053e+01 -2.6520716e+01 -2.6515883e+01 -2.6388965e+01 -2.6350193e+01 -4.7115953e+00 -2.2243251e+00 -1.4835656e-01 -1.4414359e-01 +9.7857823e-01 +1.6228535e+00 +1.6252326e+00 +1.7644180e+00 +1.9460298e+00 +2.3757956e+00 +4.8540805e+00 +6.3971590e+00 
-4.8760775e+01 -4.8639079e+01 -2.7203281e+01 -2.6675425e+01 -2.6545624e+01 -2.6523580e+01 -2.6394908e+01 -2.6354073e+01 -4.5980542e+00 -2.1500653e+00 -2.7808176e-01 -2.1691726e-01 +9.2143532e-01 +1.5611424e+00 +1.5688840e+00 +1.8807937e+00 +2.0386126e+00 +2.4828960e+00 +4.8902463e+00 +6.5972405e+00 
-4.8756181e+01 -4.8637409e+01 -2.7190060e+01 -2.6701572e+01 -2.6571113e+01 -2.6531457e+01 -2.6401269e+01 -2.6358116e+01 -4.4799624e+00 -2.0810952e+00 -4.0609027e-01 -2.8195887e-01 +8.6926958e-01 +1.4973286e+00 +1.5153581e+00 +2.0039888e+00 +2.1366802e+00 +2.5958476e+00 +4.9250549e+00 +6.7985003e+00 
-4.8751435e+01 -4.8635737e+01 -2.7176255e+01 -2.6728323e+01 -2.6597008e+01 -2.6539462e+01 -2.6408044e+01 -2.6362295e+01 -4.3580220e+00 -2.0200290e+00 -5.3175366e-01 -3.3766441e-01 +8.2370648e-01 +1.4341710e+00 +1.4624975e+00 +2.1337232e+00 +2.2404684e+00 +2.7143006e+00 +4.9583090e+00 +7.0002270e+00 
-4.8746564e+01 -4.8634080e+01 -2.7161918e+01 -2.6755499e+01 -2.6623134e+01 -2.6547544e+01 -2.6415227e+01 -2.6366583e+01 -4.2329974e+00 -1.9694406e+00 -6.5452854e-01 -3.8268905e-01 +7.8643742e-01 +1.3720110e+00 +1.4105233e+00 +2.2696820e+00 +2.3502184e+00 +2.8378667e+00 +4.9898604e+00 +7.2017375e+00 
-4.8741591e+01 -4.8632455e+01 -2.7147101e+01 -2.6782920e+01 -2.6649319e+01 -2.6555649e+01 -2.6422812e+01 -2.6370949e+01 -4.1057192e+00 -1.9315120e+00 -7.7394138e-01 -4.1624827e-01 +7.5916976e-01 +1.3111554e+00 +1.3596517e+00 +2.4115089e+00 +2.4661759e+00 +2.9661170e+00 +5.0196044e+00 +7.4023628e+00 
-4.8736544e+01 -4.8630877e+01 -2.7131862e+01 -2.6810404e+01 -2.6675397e+01 -2.6563728e+01 -2.6430788e+01 -2.6375364e+01 -3.9770857e+00 -1.9076209e+00 -8.8957628e-01 -4.3841828e-01 +7.4351524e-01 +1.2518804e+00 +1.3100909e+00 +2.5587993e+00 +2.5885914e+00 +3.0985777e+00 +5.0474747e+00 +7.6014355e+00 
-4.8731450e+01 -4.8629362e+01 -2.7116263e+01 -2.6837771e+01 -2.6701204e+01 -2.6571731e+01 -2.6439141e+01 -2.6379796e+01 -3.8480636e+00 -1.8980269e+00 -1.0010653e+00 -4.5026429e-01 +7.4080483e-01 +1.1944348e+00 +1.2620380e+00 +2.7110901e+00 +2.7177189e+00 +3.2347277e+00 +5.0734378e+00 +7.7982785e+00 
-4.8726336e+01 -4.8627926e+01 -2.7100367e+01 -2.6864838e+01 -2.6726583e+01 -2.6579610e+01 -2.6447852e+01 -2.6384214e+01 -3.7196851e+00 -1.9018221e+00 -1.1080810e+00 -4.5364640e-01 +7.5184583e-01 +1.1390424e+00 +1.2156780e+00 +2.8538126e+00 +2.8678475e+00 +3.3739959e+00 +5.0974885e+00 +7.9921986e+00 
-4.8721231e+01 -4.8626583e+01 -2.7084245e+01 -2.6891430e+01 -2.6751380e+01 -2.6587315e+01 -2.6456900e+01 -2.6388586e+01 -3.5930401e+00 -1.9171835e+00 -1.2103301e+00 -4.5072668e-01 +7.7668189e-01 +1.0859050e+00 +1.1711821e+00 +2.9971214e+00 +3.0284502e+00 +3.5157597e+00 +5.1196448e+00 +8.1824767e+00 
-4.8716164e+01 -4.8625346e+01 -2.7067973e+01 -2.6917372e+01 -2.6775452e+01 -2.6594803e+01 -2.6466254e+01 -2.6392881e+01 -3.4692629e+00 -1.9417955e+00 -1.3075490e+00 -4.4340375e-01 +8.1444927e-01 +1.0352046e+00 +1.1287076e+00 +3.1478796e+00 +3.1921684e+00 +3.6593459e+00 +5.1399442e+00 +8.3683630e+00 
-4.8711164e+01 -4.8624227e+01 -2.7051632e+01 -2.6942496e+01 -2.6798658e+01 -2.6602029e+01 -2.6475878e+01 -2.6397067e+01 -3.3495081e+00 -1.9732547e+00 -1.3995001e+00 -4.3293730e-01 +8.6340419e-01 +9.8710470e-01 +1.0883979e+00 +3.3062953e+00 +3.3581350e+00 +3.8040340e+00 +5.1584390e+00 +8.5490707e+00 
-4.8706262e+01 -4.8623236e+01 -2.7035311e+01 -2.6966640e+01 -2.6820866e+01 -2.6608952e+01 -2.6485728e+01 -2.6401114e+01 -3.2349178e+00 -2.0093451e+00 -1.4859686e+00 -4.1987836e-01 +9.2112182e-01 +9.4175263e-01 +1.0503823e+00 +3.4725355e+00 +3.5253097e+00 +3.9490650e+00 +5.1751934e+00 +8.7237734e+00 
-4.8701488e+01 -4.8622380e+01 -2.7019110e+01 -2.6989651e+01 -2.6841951e+01 -2.6615530e+01 -2.6495747e+01 -2.6404993e+01 -3.1265763e+00 -2.0481689e+00 -1.5667603e+00 -4.0424377e-01 +8.9928059e-01 +9.8479369e-01 +1.0147771e+00 +3.6467099e+00 +3.6924327e+00 +4.0936540e+00 +5.1902797e+00 +8.8916013e+00 
-4.8696875e+01 -4.8621665e+01 -2.7011383e+01 -2.7003137e+01 -2.6861796e+01 -2.6621728e+01 -2.6505867e+01 -2.6408675e+01 -3.0254559e+00 -2.0881775e+00 -1.6417001e+00 -3.8579680e-01 +8.5980694e-01 +9.8168579e-01 +1.0515281e+00 +3.8288545e+00 +3.8579697e+00 +4.2370082e+00 +5.2037753e+00 +9.0516409e+00 
-4.8692455e+01 -4.8621092e+01 -2.7031700e+01 -2.6987518e+01 -2.6880293e+01 -2.6627508e+01 -2.6516002e+01 -2.6412134e+01 -2.9323568e+00 -2.1281497e+00 -1.7106300e+00 -3.6431944e-01 +8.2343735e-01 +9.5119979e-01 +1.1185907e+00 +4.0189173e+00 +4.0200561e+00 +4.3783413e+00 +5.2157604e+00 +9.2029366e+00 
-4.8688265e+01 -4.8620659e+01 -2.7050475e+01 -2.6972391e+01 -2.6897340e+01 -2.6632840e+01 -2.6526049e+01 -2.6415343e+01 -2.8478500e+00 -2.1671519e+00 -1.7734083e+00 -3.3981861e-01 +7.9026564e-01 +9.2339942e-01 +1.1835661e+00 +4.1764605e+00 +4.2167464e+00 +4.5168659e+00 +5.2263152e+00 +8.2421875e+00 
-4.8684340e+01 -4.8620361e+01 -2.7067592e+01 -2.6957916e+01 -2.6912845e+01 -2.6637693e+01 -2.6535883e+01 -2.6418281e+01 -2.7722329e+00 -2.2044976e+00 -1.8299087e+00 -3.1265100e-01 +7.6037459e-01 +8.9835453e-01 +1.2444513e+00 +4.3246102e+00 +4.4220827e+00 +4.6517239e+00 +5.2355182e+00 +8.1450346e+00 
-4.8680720e+01 -4.8620186e+01 -2.7082946e+01 -2.6944277e+01 -2.6926726e+01 -2.6642040e+01 -2.6545350e+01 -2.6420925e+01 -2.7055045e+00 -2.2397169e+00 -1.8800195e+00 -2.8357019e-01 +7.3383665e-01 +8.7612530e-01 +1.2996967e+00 +4.4617331e+00 +4.6345550e+00 +4.7818065e+00 +5.2434438e+00 +7.9946443e+00 
-4.8677447e+01 -4.8620118e+01 -2.7096444e+01 -2.6938907e+01 -2.6931681e+01 -2.6645857e+01 -2.6554272e+01 -2.6423257e+01 -2.6473673e+00 -2.2725354e+00 -1.9236432e+00 -2.5370565e-01 +7.1071450e-01 +8.5676299e-01 +1.3482079e+00 +4.5851339e+00 +4.8536718e+00 +4.9054617e+00 +5.2501613e+00 +7.7963642e+00 
-4.8674564e+01 -4.8620135e+01 -2.7108005e+01 -2.6949324e+01 -2.6920363e+01 -2.6649122e+01 -2.6562439e+01 -2.6425259e+01 -2.5972543e+00 -2.3028644e+00 -1.9606959e+00 -2.2448465e-01 +6.9106152e-01 +8.4031056e-01 +1.3893159e+00 +4.6925107e+00 +5.0201995e+00 +5.0787973e+00 +5.2557333e+00 +7.5686320e+00 
-4.8672117e+01 -4.8620211e+01 -2.7117558e+01 -2.6957922e+01 -2.6910576e+01 -2.6651818e+01 -2.6569618e+01 -2.6426917e+01 -2.5543778e+00 -2.3307957e+00 -1.9911072e+00 -1.9751053e-01 +6.7492223e-01 +8.2680328e-01 +1.4227179e+00 +4.7821396e+00 +5.1226077e+00 +5.2602144e+00 +5.3090728e+00 +7.3263449e+00 
-4.8670152e+01 -4.8620315e+01 -2.7125047e+01 -2.6964655e+01 -2.6902588e+01 -2.6653930e+01 -2.6575559e+01 -2.6428218e+01 -2.5178013e+00 -2.3565869e+00 -2.0148195e+00 -1.7441237e-01 +6.6233265e-01 +8.1626928e-01 +1.4483913e+00 +4.8528457e+00 +5.2085975e+00 +5.2636506e+00 +5.5431572e+00 +7.0785385e+00 
-4.8668711e+01 -4.8620418e+01 -2.7130427e+01 -2.6969489e+01 -2.6896654e+01 -2.6655447e+01 -2.6580021e+01 -2.6429154e+01 -2.4865807e+00 -2.3805816e+00 -2.0317885e+00 -1.5668302e-01 +6.5332044e-01 +8.0873002e-01 +1.4664893e+00 +4.9038538e+00 +5.2660786e+00 +5.2739261e+00 +5.7782117e+00 +6.8319123e+00 
-4.8667831e+01 -4.8620492e+01 -2.7133666e+01 -2.6972398e+01 -2.6892994e+01 -2.6656360e+01 -2.6582794e+01 -2.6429718e+01 -2.4603434e+00 -2.4026825e+00 -2.0419826e+00 -1.4552352e-01 +6.4790530e-01 +8.0420053e-01 +1.4772279e+00 +4.9346573e+00 +5.2675247e+00 +5.3148558e+00 +6.0040069e+00 +6.5985995e+00 
-4.8667535e+01 -4.8620519e+01 -2.7134745e+01 -2.6973366e+01 -2.6891756e+01 -2.6656663e+01 -2.6583736e+01 -2.6429905e+01 -2.4453579e+00 -2.4163228e+00 -2.0453826e+00 -1.4171288e-01 +6.4609896e-01 +8.0268975e-01 +1.4807849e+00 +4.9449587e+00 +5.2680050e+00 +5.3288062e+00 +6.1418823e+00 +6.4581376e+00 
-4.8667435e+01 -4.8620525e+01 -2.7134297e+01 -2.6972948e+01 -2.6891361e+01 -2.6657543e+01 -2.6584025e+01 -2.6430949e+01 -2.4402972e+00 -2.4117701e+00 -2.0447774e+00 -1.4533851e-01 +6.4298180e-01 +8.0145927e-01 +1.4817440e+00 +4.9440318e+00 +5.2635899e+00 +5.3072767e+00 +6.1444149e+00 +6.4794957e+00 
-4.8667137e+01 -4.8620542e+01 -2.7132950e+01 -2.6971693e+01 -2.6890177e+01 -2.6660169e+01 -2.6584895e+01 -2.6434065e+01 -2.4251678e+00 -2.3981699e+00 -2.0429794e+00 -1.5615548e-01 +6.3373367e-01 +7.9776753e-01 +1.4846222e+00 +4.9412350e+00 +5.2477817e+00 +5.2505417e+00 +6.1519511e+00 +6.5380607e+00 
-4.8666644e+01 -4.8620573e+01 -2.7130712e+01 -2.6969607e+01 -2.6888209e+01 -2.6664506e+01 -2.6586345e+01 -2.6439221e+01 -2.4001268e+00 -2.3756972e+00 -2.0400415e+00 -1.7398985e-01 +6.1866029e-01 +7.9161417e-01 +1.4894224e+00 +4.9365151e+00 +5.1615449e+00 +5.2294318e+00 +6.1642925e+00 +6.6213380e+00 
-4.8665960e+01 -4.8620622e+01 -2.7127595e+01 -2.6966703e+01 -2.6885464e+01 -2.6670499e+01 -2.6588377e+01 -2.6446357e+01 -2.3654384e+00 -2.3446448e+00 -2.0360511e+00 -1.9855907e-01 +5.9825695e-01 +7.8300049e-01 +1.4961508e+00 +4.9297856e+00 +5.0595549e+00 +5.2011506e+00 +6.1811124e+00 +6.7162262e+00 
-4.8665091e+01 -4.8620692e+01 -2.7123617e+01 -2.6962997e+01 -2.6881951e+01 -2.6678069e+01 -2.6590992e+01 -2.6455393e+01 -2.3214769e+00 -2.3054254e+00 -2.0311295e+00 -2.2948211e-01 +5.7318849e-01 +7.7193245e-01 +1.5048183e+00 +4.9209302e+00 +4.9499889e+00 +5.1668280e+00 +6.2019601e+00 +6.8116799e+00 
-4.8664044e+01 -4.8620790e+01 -2.7118802e+01 -2.6958513e+01 -2.6877684e+01 -2.6687116e+01 -2.6594193e+01 -2.6466227e+01 -2.2687309e+00 -2.2585727e+00 -2.0254298e+00 -2.6629249e-01 +5.4426378e-01 +7.5842457e-01 +1.5154422e+00 +4.8384136e+00 +4.9098067e+00 +5.1277438e+00 +6.2262652e+00 +6.8987859e+00 
-4.8662828e+01 -4.8620921e+01 -2.7113180e+01 -2.6953278e+01 -2.6872676e+01 -2.6697521e+01 -2.6597981e+01 -2.6478735e+01 -2.2078096e+00 -2.2047436e+00 -2.0191348e+00 -3.0845282e-01 +5.1240647e-01 +7.4250450e-01 +1.5280471e+00 +4.7286128e+00 +4.8962531e+00 +5.0852410e+00 +6.2533395e+00 +6.9705001e+00 
-4.8661452e+01 -4.8621094e+01 -2.7106788e+01 -2.6947329e+01 -2.6866947e+01 -2.6709141e+01 -2.6602359e+01 -2.6492774e+01 -2.1447187e+00 -2.1394491e+00 -2.0124526e+00 -3.5536983e-01 +4.7862394e-01 +7.2421809e-01 +1.5426644e+00 +4.6232554e+00 +4.8800935e+00 +5.0406516e+00 +6.2823737e+00 +7.0217962e+00 
-4.8659929e+01 -4.8621317e+01 -2.7099670e+01 -2.6940709e+01 -2.6860516e+01 -2.6721817e+01 -2.6607331e+01 -2.6508177e+01 -2.0793999e+00 -2.0645213e+00 -2.0056114e+00 -4.0640881e-01 +4.4397561e-01 +7.0363460e-01 +1.5593285e+00 +4.5243227e+00 +4.8611451e+00 +4.9952385e+00 +6.3124301e+00 +7.0500337e+00 
-4.8658271e+01 -4.8621599e+01 -2.7091881e+01 -2.6933472e+01 -2.6853405e+01 -2.6735368e+01 -2.6612897e+01 -2.6524761e+01 -2.0098063e+00 -1.9988515e+00 -1.9840426e+00 -4.6090617e-01 +4.0954180e-01 +6.8085166e-01 +1.5780678e+00 +4.4333649e+00 +4.8392257e+00 +4.9501542e+00 +6.3424281e+00 +7.0550594e+00 
-4.8656492e+01 -4.8621952e+01 -2.7083489e+01 -2.6925682e+01 -2.6845641e+01 -2.6749594e+01 -2.6619060e+01 -2.6542318e+01 -1.9924155e+00 -1.9370632e+00 -1.8991846e+00 -5.1817938e-01 +3.7639343e-01 +6.5599951e-01 +1.5988889e+00 +4.3516563e+00 +4.8141598e+00 +4.9064152e+00 +6.3711293e+00 +7.0387946e+00 
-4.8654608e+01 -4.8622385e+01 -2.7074575e+01 -2.6917421e+01 -2.6837250e+01 -2.6764270e+01 -2.6625822e+01 -2.6560618e+01 -1.9865354e+00 -1.8623850e+00 -1.8112849e+00 -5.7753270e-01 +3.4556313e-01 +6.2924441e-01 +1.6217509e+00 +4.2802898e+00 +4.7857844e+00 +4.8648880e+00 +6.3971355e+00 +7.0044724e+00 
-4.8652633e+01 -4.8622909e+01 -2.7065244e+01 -2.6908792e+01 -2.6828261e+01 -2.6779147e+01 -2.6633185e+01 -2.6579407e+01 -1.9814186e+00 -1.7870489e+00 -1.7218597e+00 -6.3825680e-01 +3.1801775e-01 +6.0079051e-01 +1.6465290e+00 +4.2202372e+00 +4.7539525e+00 +4.8262853e+00 +6.4189278e+00 +6.9558847e+00 
-4.8650585e+01 -4.8623537e+01 -2.7055628e+01 -2.6899926e+01 -2.6818706e+01 -2.6793946e+01 -2.6641148e+01 -2.6598393e+01 -1.9772314e+00 -1.7123594e+00 -1.6326193e+00 -6.9961822e-01 +2.9463283e-01 +5.7088045e-01 +1.6729676e+00 +4.1723859e+00 +4.7185348e+00 +4.7911683e+00 +6.4350038e+00 +6.8968685e+00 
-4.8648480e+01 -4.8624281e+01 -2.7045896e+01 -2.6890999e+01 -2.6808618e+01 -2.6808345e+01 -2.6649711e+01 -2.6617244e+01 -1.9740831e+00 -1.6396022e+00 -1.5454935e+00 -7.6083011e-01 +2.7616989e-01 +5.3979417e-01 +1.7006261e+00 +4.1375577e+00 +4.6794184e+00 +4.7599538e+00 +6.4441826e+00 +6.8310531e+00 
-4.8646337e+01 -4.8625151e+01 -2.7036277e+01 -2.6882245e+01 -2.6821968e+01 -2.6798031e+01 -2.6658872e+01 -2.6635564e+01 -1.9720108e+00 -1.5699912e+00 -1.4626830e+00 -8.2098452e-01 +2.6325761e-01 +5.0784625e-01 +1.7288274e+00 +4.1165048e+00 +4.6365042e+00 +4.7329253e+00 +6.4461040e+00 +6.7617930e+00 
-4.8644172e+01 -4.8626160e+01 -2.7027071e+01 -2.6873986e+01 -2.6834368e+01 -2.6786981e+01 -2.6668629e+01 -2.6652876e+01 -1.9709683e+00 -1.5046120e+00 -1.3867829e+00 -8.7889803e-01 +2.5637832e-01 +4.7538181e-01 +1.7566204e+00 +4.1098776e+00 +4.5897037e+00 +4.7102445e+00 +6.4417771e+00 +6.6921976e+00 
-4.8642005e+01 -4.8627319e+01 -2.7018666e+01 -2.6866659e+01 -2.6845013e+01 -2.6775506e+01 -2.6678976e+01 -2.6668588e+01 -1.9708198e+00 -1.4443677e+00 -1.3210913e+00 -9.3275491e-01 +2.5586098e-01 +4.4277136e-01 +1.7827755e+00 +4.1181513e+00 +4.5389382e+00 +4.6919657e+00 +6.4338243e+00 +6.6252055e+00 
-4.8639854e+01 -4.8628639e+01 -2.7011539e+01 -2.6860837e+01 -2.6853288e+01 -2.6763643e+01 -2.6689909e+01 -2.6681979e+01 -1.9713392e+00 -1.3899364e+00 -1.2703186e+00 -9.7933236e-01 +2.6188138e-01 +4.1040477e-01 +1.8058274e+00 +4.1415031e+00 +4.4841435e+00 +4.6780488e+00 +6.4261022e+00 +6.5636767e+00 
-4.8637735e+01 -4.8630130e+01 -2.7006189e+01 -2.6858564e+01 -2.6857185e+01 -2.6751433e+01 -2.6701419e+01 -2.6692240e+01 -1.9722165e+00 -1.3417446e+00 -1.2414345e+00 -1.0130736e+00 +2.7446945e-01 +3.7868491e-01 +1.8241718e+00 +4.1796368e+00 +4.4252797e+00 +4.6683732e+00 +6.4227807e+00 +6.5104896e+00 
-4.8635667e+01 -4.8631803e+01 -2.7002985e+01 -2.6860347e+01 -2.6856310e+01 -2.6738914e+01 -2.6713496e+01 -2.6698631e+01 -1.9730691e+00 -1.2999622e+00 -1.2407152e+00 -1.0289498e+00 +2.9352284e-01 +3.4802119e-01 +1.8362065e+00 +4.2315694e+00 +4.3623482e+00 +4.6627510e+00 +6.4272793e+00 +6.4686422e+00 
-4.8633667e+01 -4.8633667e+01 -2.7001975e+01 -2.6858476e+01 -2.6858476e+01 -2.6726129e+01 -2.6726128e+01 -2.6700758e+01 -1.9734579e+00 -1.2645214e+00 -1.2645136e+00 -1.0316001e+00 +3.1882254e-01 +3.1882559e-01 +1.8404914e+00 +4.2954060e+00 +4.2954156e+00 +4.6609387e+00 +6.4413501e+00 +6.4413542e+00 
-4.8635680e+01 -4.8631792e+01 -2.7002772e+01 -2.6863284e+01 -2.6853355e+01 -2.6739004e+01 -2.6713408e+01 -2.6698860e+01 -1.9729314e+00 -1.3010839e+00 -1.2357258e+00 -1.0324604e+00 +2.9208161e-01 +3.4930664e-01 +1.8360945e+00 +4.2262126e+00 +4.3665133e+00 +4.6625748e+00 +6.4321045e+00 +6.4637143e+00 
-4.8637888e+01 -4.8630012e+01 -2.7004722e+01 -2.6870070e+01 -2.6845499e+01 -2.6752382e+01 -2.6700508e+01 -2.6693606e+01 -1.9710389e+00 -1.3436722e+00 -1.2123343e+00 -1.0389928e+00 +2.6749365e-01 +3.8510946e-01 +1.8225062e+00 +4.1534935e+00 +4.4423958e+00 +4.6672776e+00 +6.4436581e+00 +6.4909615e+00 
-4.8640298e+01 -4.8628341e+01 -2.7007155e+01 -2.6878011e+01 -2.6835502e+01 -2.6766244e+01 -2.6687469e+01 -2.6685731e+01 -1.9673106e+00 -1.3893556e+00 -1.1938402e+00 -1.0540256e+00 +2.4541621e-01 +4.2582306e-01 +1.7994284e+00 +4.0775124e+00 +4.5184188e+00 +4.6747227e+00 +6.4796581e+00 +6.5160818e+00 
-4.8642912e+01 -4.8626792e+01 -2.7009466e+01 -2.6886346e+01 -2.6823904e+01 -2.6780571e+01 -2.6675916e+01 -2.6674326e+01 -1.9612865e+00 -1.4375421e+00 -1.1796957e+00 -1.0776931e+00 +2.2618676e-01 +4.7100530e-01 +1.7669441e+00 +3.9985726e+00 +4.5895227e+00 +4.6845691e+00 +6.5293426e+00 +6.5434891e+00 
-4.8645733e+01 -4.8625376e+01 -2.7011171e+01 -2.6894469e+01 -2.6811136e+01 -2.6795341e+01 -2.6664704e+01 -2.6661119e+01 -1.9525260e+00 -1.4890073e+00 -1.1693475e+00 -1.1084472e+00 +2.1012312e-01 +5.2019272e-01 +1.7254709e+00 +3.9170110e+00 +4.6508662e+00 +4.6964649e+00 +6.5211391e+00 +6.6377171e+00 
-4.8648763e+01 -4.8624103e+01 -2.7011904e+01 -2.6901923e+01 -2.6810529e+01 -2.6797525e+01 -2.6652497e+01 -2.6647884e+01 -1.9406164e+00 -1.5454733e+00 -1.1622746e+00 -1.1435391e+00 +1.9752135e-01 +5.7291062e-01 +1.6757004e+00 +3.8331818e+00 +4.6984905e+00 +4.7100531e+00 +6.4857368e+00 +6.7635237e+00 
-4.8652001e+01 -4.8622984e+01 -2.7011389e+01 -2.6908370e+01 -2.6826108e+01 -2.6783319e+01 -2.6639592e+01 -2.6634656e+01 -1.9251773e+00 -1.6092374e+00 -1.1794607e+00 -1.1580188e+00 +1.8865414e-01 +6.2868114e-01 +1.6185372e+00 +3.7474436e+00 +4.7249753e+00 +4.7297034e+00 +6.4223984e+00 +6.9204171e+00 
-4.8655444e+01 -4.8622026e+01 -2.7009425e+01 -2.6913564e+01 -2.6842049e+01 -2.6768703e+01 -2.6626206e+01 -2.6621472e+01 -1.9058651e+00 -1.6825879e+00 -1.2125999e+00 -1.1562098e+00 +1.8376960e-01 +6.8702903e-01 +1.5550452e+00 +3.6601495e+00 +4.7408763e+00 +4.7430202e+00 +6.3334927e+00 +7.1063982e+00 
-4.8659091e+01 -4.8621235e+01 -2.7005866e+01 -2.6917324e+01 -2.6858321e+01 -2.6753823e+01 -2.6612504e+01 -2.6608364e+01 -1.8823734e+00 -1.7670966e+00 -1.2400114e+00 -1.1565850e+00 +1.8309046e-01 +7.4748602e-01 +1.4864044e+00 +3.5716416e+00 +4.7377807e+00 +4.7574072e+00 +6.2223493e+00 +7.3184489e+00 
-4.8662935e+01 -4.8620616e+01 -2.7000610e+01 -2.6919521e+01 -2.6874891e+01 -2.6738794e+01 -2.6598614e+01 -2.6595367e+01 -1.8631894e+00 -1.8544342e+00 -1.2598998e+00 -1.1590050e+00 +1.8681350e-01 +8.0959412e-01 +1.4138793e+00 +3.4822468e+00 +4.7137257e+00 +4.7742285e+00 +6.0922355e+00 +7.5530685e+00 
-4.8666969e+01 -4.8620173e+01 -2.6993590e+01 -2.6920061e+01 -2.6891722e+01 -2.6723708e+01 -2.6584640e+01 -2.6582512e+01 -1.9702419e+00 -1.8218173e+00 -1.2715636e+00 -1.1634650e+00 +1.9510900e-01 +8.7290812e-01 +1.3387973e+00 +3.3922759e+00 +4.6707429e+00 +4.7910128e+00 +5.9461089e+00 +7.8066133e+00 
-4.8671187e+01 -4.8619907e+01 -2.6984765e+01 -2.6918886e+01 -2.6908776e+01 -2.6708643e+01 -2.6570664e+01 -2.6569828e+01 -2.0869979e+00 -1.7843289e+00 -1.2750042e+00 -1.1701042e+00 +2.0812070e-01 +9.3699775e-01 +1.2625350e+00 +3.3020224e+00 +4.6088265e+00 +4.8074468e+00 +5.7866339e+00 +8.0752408e+00 
-4.8675576e+01 -4.8619820e+01 -2.6974125e+01 -2.6926015e+01 -2.6915961e+01 -2.6693664e+01 -2.6557344e+01 -2.6556757e+01 -2.2119738e+00 -1.7418105e+00 -1.2705391e+00 -1.1792083e+00 +2.2596546e-01 +1.0014496e+00 +1.1865090e+00 +3.2117628e+00 +4.5281865e+00 +4.8232338e+00 +5.6162369e+00 +8.3536729e+00 
-4.8680127e+01 -4.8619909e+01 -2.6961678e+01 -2.6943397e+01 -2.6911276e+01 -2.6678828e+01 -2.6545087e+01 -2.6542980e+01 -2.3437011e+00 -1.6941377e+00 -1.2585679e+00 -1.1912078e+00 +2.4873304e-01 +1.0658694e+00 +1.1121683e+00 +3.1217570e+00 +4.4294054e+00 +4.8380955e+00 +5.4371444e+00 +8.6240232e+00 
-4.8684826e+01 -4.8620172e+01 -2.6960877e+01 -2.6947455e+01 -2.6904840e+01 -2.6664182e+01 -2.6533083e+01 -2.6529386e+01 -2.4808303e+00 -1.6412180e+00 -1.2394709e+00 -1.2066657e+00 +2.7648586e-01 +1.0409814e+00 +1.1298833e+00 +3.0322481e+00 +4.3135580e+00 +4.8517727e+00 +5.2514020e+00 +8.7430421e+00 
-4.8689659e+01 -4.8620604e+01 -2.6978413e+01 -2.6931506e+01 -2.6896683e+01 -2.6649769e+01 -2.6521355e+01 -2.6516021e+01 -2.6221563e+00 -1.5829903e+00 -1.2262518e+00 -1.2135820e+00 +3.0925871e-01 +9.7441535e-01 +1.1931411e+00 +2.9434633e+00 +4.1822412e+00 +4.8640275e+00 +5.0608838e+00 +8.7010286e+00 
-4.8694610e+01 -4.8621200e+01 -2.6995959e+01 -2.6913901e+01 -2.6886851e+01 -2.6635623e+01 -2.6509924e+01 -2.6502926e+01 -2.7666110e+00 -1.5194232e+00 -1.2507012e+00 -1.1811917e+00 +3.4705831e-01 +9.1389999e-01 +1.2553176e+00 +2.8556137e+00 +4.0375081e+00 +4.8672979e+00 +4.8746433e+00 +8.6571563e+00 
-4.8699661e+01 -4.8621953e+01 -2.7013466e+01 -2.6894724e+01 -2.6875407e+01 -2.6621776e+01 -2.6498811e+01 -2.6490137e+01 -2.9132448e+00 -1.4505142e+00 -1.2807547e+00 -1.1425598e+00 +3.8986273e-01 +8.6077697e-01 +1.3161153e+00 +2.7688946e+00 +3.8817307e+00 +4.6721931e+00 +4.8834259e+00 +8.6283199e+00 
-4.8704795e+01 -4.8622854e+01 -2.7030889e+01 -2.6874079e+01 -2.6862430e+01 -2.6608252e+01 -2.6488033e+01 -2.6477687e+01 -3.0612070e+00 -1.3762894e+00 -1.3170843e+00 -1.0979288e+00 +4.3762063e-01 +8.1623461e-01 +1.3752671e+00 +2.6834853e+00 +3.7174358e+00 +4.4769655e+00 +4.8902038e+00 +8.6150640e+00 
-4.8709992e+01 -4.8623893e+01 -2.7048178e+01 -2.6852087e+01 -2.6848010e+01 -2.6595072e+01 -2.6477606e+01 -2.6465606e+01 -3.2097271e+00 -1.3602134e+00 -1.2968030e+00 -1.0475355e+00 +4.9025032e-01 +7.8123718e-01 +1.4325378e+00 +2.5995488e+00 +3.5471515e+00 +4.2828685e+00 +4.8948281e+00 +8.6157678e+00 
-4.8715232e+01 -4.8625059e+01 -2.7065284e+01 -2.6832255e+01 -2.6828883e+01 -2.6582250e+01 -2.6467546e+01 -2.6453919e+01 -3.3581000e+00 -1.4104438e+00 -1.2121379e+00 -9.9162135e-01 +5.4763859e-01 +7.5646214e-01 +1.4877267e+00 +2.5172315e+00 +3.3732867e+00 +4.0910219e+00 +4.8971721e+00 +8.6283205e+00 
-4.8720494e+01 -4.8626341e+01 -2.7082158e+01 -2.6815282e+01 -2.6804620e+01 -2.6569795e+01 -2.6457864e+01 -2.6442651e+01 -3.5056731e+00 -1.4678068e+00 -1.1224060e+00 -9.3043922e-01 +6.0963929e-01 +7.4225943e-01 +1.5406691e+00 +2.4366624e+00 +3.1980525e+00 +3.9024231e+00 +4.8971315e+00 +8.6505392e+00 
-4.8725755e+01 -4.8627724e+01 -2.7098752e+01 -2.6797221e+01 -2.6779466e+01 -2.6557710e+01 -2.6448571e+01 -2.6431822e+01 -3.6518359e+00 -1.5320465e+00 -1.0277501e+00 -8.6426015e-01 +6.7607151e-01 +7.3864297e-01 +1.5912379e+00 +2.3579525e+00 +3.0234196e+00 +3.7179576e+00 +4.8946236e+00 +8.6803194e+00 
-4.8730994e+01 -4.8629196e+01 -2.7115016e+01 -2.6778212e+01 -2.6753605e+01 -2.6545988e+01 -2.6439677e+01 -2.6421451e+01 -3.7960118e+00 -1.6026378e+00 -9.2834571e-01 -7.9337813e-01 +7.4531523e-01 +7.4671759e-01 +1.6393446e+00 +2.2811929e+00 +2.8511028e+00 +3.5384102e+00 +4.8895872e+00 +8.7156957e+00 
-4.8736188e+01 -4.8630741e+01 -2.7130902e+01 -2.6758405e+01 -2.6727243e+01 -2.6534613e+01 -2.6431188e+01 -2.6411556e+01 -3.9376517e+00 -1.6788315e+00 -8.2440401e-01 -7.1811425e-01 +7.6171699e-01 +8.2132057e-01 +1.6849396e+00 +2.2064537e+00 +2.6825658e+00 +3.3644750e+00 +4.8819824e+00 +8.7548634e+00 
-4.8741314e+01 -4.8632346e+01 -2.7146361e+01 -2.6737958e+01 -2.6700601e+01 -2.6523556e+01 -2.6423113e+01 -2.6402150e+01 -4.0762292e+00 -1.7597128e+00 -7.1617609e-01 -6.3882005e-01 +7.8708880e-01 +8.9958141e-01 +1.7280129e+00 +2.1337812e+00 +2.5190352e+00 +3.1967659e+00 +4.8717908e+00 +8.7961823e+00 
-4.8746348e+01 -4.8633993e+01 -2.7161348e+01 -2.6717036e+01 -2.6673927e+01 -2.6512770e+01 -2.6415454e+01 -2.6393248e+01 -4.2112366e+00 -1.8442608e+00 -6.0395830e-01 -5.5588028e-01 +8.2053159e-01 +9.8115544e-01 +1.7685939e+00 +2.0631956e+00 +2.3615214e+00 +3.0358266e+00 +4.8590168e+00 +8.8381752e+00 
-4.8751268e+01 -4.8635668e+01 -2.7175816e+01 -2.6695808e+01 -2.6647499e+01 -2.6502181e+01 -2.6408216e+01 -2.6384859e+01 -4.3421829e+00 -1.9314007e+00 -4.8809938e-01 -4.6971488e-01 +8.6105720e-01 +1.0656487e+00 +1.8067512e+00 +1.9946873e+00 +2.2108420e+00 +2.8821399e+00 +4.8436884e+00 +8.8795239e+00 
-4.8756051e+01 -4.8637354e+01 -2.7189720e+01 -2.6674450e+01 -2.6621633e+01 -2.6491679e+01 -2.6401402e+01 -2.6376996e+01 -4.4685921e+00 -2.0200441e+00 -3.8078021e-01 -3.6900966e-01 +9.0762531e-01 +1.1526131e+00 +1.8425923e+00 +1.9282127e+00 +2.0676454e+00 +2.7361369e+00 +4.8258610e+00 +8.9190681e+00 
-4.8760674e+01 -4.8639035e+01 -2.7203018e+01 -2.6653140e+01 -2.6596697e+01 -2.6481106e+01 -2.6395011e+01 -2.6369665e+01 -4.5900026e+00 -2.1091176e+00 -2.8956926e-01 -2.4717299e-01 +9.5916648e-01 +1.2415415e+00 +1.8636900e+00 +1.8762631e+00 +1.9324354e+00 +2.5982060e+00 +4.8056209e+00 +6.6606287e+00 
-4.8765115e+01 -4.8640696e+01 -2.7215667e+01 -2.6632056e+01 -2.6573122e+01 -2.6470242e+01 -2.6389046e+01 -2.6362874e+01 -4.7059672e+00 -2.1975822e+00 -1.9661055e-01 -1.2316179e-01 +1.0145928e+00 +1.3318620e+00 +1.8009946e+00 +1.8055957e+00 +1.9079485e+00 +2.4687000e+00 +4.7830912e+00 +6.4493193e+00 
-4.8769353e+01 -4.8642321e+01 -2.7227627e+01 -2.6611378e+01 -2.6551398e+01 -2.6458803e+01 -2.6383504e+01 -2.6356629e+01 -4.8160543e+00 -2.2844453e+00 -1.0246533e-01 +2.3440265e-03 +1.0727966e+00 +1.4229308e+00 +1.6874180e+00 +1.7399563e+00 +1.9378714e+00 +2.3479416e+00 +4.7584391e+00 +6.2414366e+00 
-4.8773368e+01 -4.8643894e+01 -2.7238863e+01 -2.6591284e+01 -2.6532020e+01 -2.6446499e+01 -2.6378386e+01 -2.6350934e+01 -4.9198484e+00 -2.3687683e+00 -7.7228660e-03 +1.2853367e-01 +1.1326295e+00 +1.5140258e+00 +1.5781444e+00 +1.6803593e+00 +1.9662924e+00 +2.2362237e+00 +4.7318857e+00 +6.0376368e+00 
-4.8777140e+01 -4.8645402e+01 -2.7249336e+01 -2.6571949e+01 -2.6515370e+01 -2.6433150e+01 -2.6373690e+01 -2.6345790e+01 -5.0169525e+00 -2.4496716e+00 +8.7006968e-02 +2.5443771e-01 +1.1928061e+00 +1.4780815e+00 +1.6043385e+00 +1.6219492e+00 +1.9935072e+00 +2.1338039e+00 +4.7037168e+00 +5.8387052e+00 
-4.8780650e+01 -4.8646829e+01 -2.7259015e+01 -2.6553545e+01 -2.6501550e+01 -2.6418845e+01 -2.6369413e+01 -2.6341197e+01 -5.1069894e+00 -2.5263378e+00 +1.8110398e-01 +3.7889665e-01 +1.2512166e+00 +1.3883050e+00 +1.5644480e+00 +1.6929675e+00 +2.0198402e+00 +2.0408879e+00 +4.6742960e+00 +5.6455926e+00 
-4.8783881e+01 -4.8648164e+01 -2.7267869e+01 -2.6536240e+01 -2.6490348e+01 -2.6403981e+01 -2.6365554e+01 -2.6337150e+01 -5.1896045e+00 -2.5980140e+00 +2.7395123e-01 +5.0052882e-01 +1.2845810e+00 +1.3310231e+00 +1.5075789e+00 +1.7789120e+00 +1.9576053e+00 +2.0456283e+00 +4.6440775e+00 +5.4594590e+00 
-4.8786817e+01 -4.8649393e+01 -2.7275868e+01 -2.6520194e+01 -2.6481358e+01 -2.6389138e+01 -2.6362110e+01 -2.6333642e+01 -5.2644675e+00 -2.6640141e+00 +3.6495183e-01 +6.1770387e-01 +1.2243599e+00 +1.3736851e+00 +1.4510942e+00 +1.8610685e+00 +1.8839802e+00 +2.0711898e+00 +4.6136182e+00 +5.2817300e+00 
-4.8789443e+01 -4.8650506e+01 -2.7282988e+01 -2.6505565e+01 -2.6474154e+01 -2.6374904e+01 -2.6359079e+01 -2.6330659e+01 -5.3312751e+00 -2.7237201e+00 +4.5354873e-01 +7.2853350e-01 +1.1608591e+00 +1.3947948e+00 +1.4248980e+00 +1.8199137e+00 +1.9382330e+00 +2.0967645e+00 +4.5835862e+00 +5.1141625e+00 
-4.8791747e+01 -4.8651491e+01 -2.7289206e+01 -2.6492502e+01 -2.6468386e+01 -2.6361777e+01 -2.6356458e+01 -2.6328180e+01 -5.3897531e+00 -2.7765838e+00 +5.3924567e-01 +8.3089645e-01 +1.1052035e+00 +1.3385261e+00 +1.4724773e+00 +1.7651910e+00 +2.0091125e+00 +2.1224158e+00 +4.5547604e+00 +4.9589158e+00 
-4.8793717e+01 -4.8652341e+01 -2.7294502e+01 -2.6481148e+01 -2.6463799e+01 -2.6354244e+01 -2.6350143e+01 -2.6326179e+01 -5.4396588e+00 -2.8221277e+00 +6.2162618e-01 +9.2251696e-01 +1.0580459e+00 +1.2821488e+00 +1.5147660e+00 +1.7195204e+00 +2.0723496e+00 +2.1478889e+00 +4.5280184e+00 +4.8186126e+00 
-4.8795342e+01 -4.8653047e+01 -2.7298858e+01 -2.6471637e+01 -2.6460219e+01 -2.6352436e+01 -2.6340289e+01 -2.6324622e+01 -5.4807831e+00 -2.8599465e+00 +7.0036272e-01 +1.0011067e+00 +1.0194875e+00 +1.2255036e+00 +1.5507417e+00 +1.6825913e+00 +2.1265667e+00 +2.1724481e+00 +4.5043045e+00 +4.6963579e+00 
-4.8796615e+01 -4.8653603e+01 -2.7302261e+01 -2.6464090e+01 -2.6457530e+01 -2.6351032e+01 -2.6332428e+01 -2.6323471e+01 -5.5129521e+00 -2.8897072e+00 +7.7519136e-01 +9.8953099e-01 +1.0645550e+00 +1.1684159e+00 +1.5795950e+00 +1.6541290e+00 +2.1704325e+00 +2.1947639e+00 +4.4845760e+00 +4.5956603e+00 
-4.8797529e+01 -4.8654005e+01 -2.7304699e+01 -2.6458615e+01 -2.6455655e+01 -2.6350030e+01 -2.6326713e+01 -2.6322686e+01 -5.5360289e+00 -2.9111506e+00 +8.4574719e-01 +9.6815623e-01 +1.1108605e+00 +1.1111176e+00 +1.6006815e+00 +1.6339264e+00 +2.2027501e+00 +2.2129720e+00 +4.4697255e+00 +4.5201830e+00 
-4.8798079e+01 -4.8654247e+01 -2.7306165e+01 -2.6455293e+01 -2.6454548e+01 -2.6349429e+01 -2.6323244e+01 -2.6322232e+01 -5.5499147e+00 -2.9240909e+00 +9.1047123e-01 +9.5534153e-01 +1.0540781e+00 +1.1395412e+00 +1.6135277e+00 +1.6218508e+00 +2.2225592e+00 +2.2250150e+00 +4.4604885e+00 +4.4732764e+00 
-4.8798263e+01 -4.8654328e+01 -2.7306655e+01 -2.6454181e+01 -2.6454180e+01 -2.6349229e+01 -2.6322083e+01 -2.6322081e+01 -5.5545499e+00 -2.9284168e+00 +9.5107175e-01 +9.5108074e-01 +1.0161405e+00 +1.1490948e+00 +1.6178327e+00 +1.6178424e+00 +2.2292347e+00 +2.2292418e+00 +4.4573466e+00 +4.4573525e+00 
-4.8798065e+01 -4.8654533e+01 -2.7305400e+01 -2.6453999e+01 -2.6453997e+01 -2.6350664e+01 -2.6322270e+01 -2.6322268e+01 -5.5498539e+00 -2.9287299e+00 +9.4819450e-01 +9.4820348e-01 +1.0124622e+00 +1.1397764e+00 +1.6142079e+00 +1.6142175e+00 +2.2367437e+00 +2.2367507e+00 +4.4588690e+00 +4.4588748e+00 
-4.8797472e+01 -4.8655145e+01 -2.7301643e+01 -2.6453451e+01 -2.6453450e+01 -2.6354961e+01 -2.6322828e+01 -2.6322827e+01 -5.5357876e+00 -2.9297393e+00 +9.3983785e-01 +9.3984669e-01 +1.0014748e+00 +1.1122052e+00 +1.6034381e+00 +1.6034477e+00 +2.2589734e+00 +2.2589803e+00 +4.4632843e+00 +4.4632902e+00 
-4.8796487e+01 -4.8656162e+01 -2.7295400e+01 -2.6452542e+01 -2.6452541e+01 -2.6362089e+01 -2.6323756e+01 -2.6323754e+01 -5.5124160e+00 -2.9316566e+00 +9.2676391e-01 +9.2677254e-01 +9.8331919e-01 +1.0675014e+00 +1.5858289e+00 +1.5858384e+00 +2.2950950e+00 +2.2951017e+00 +4.4701492e+00 +4.4701549e+00 
-4.8795116e+01 -4.8657577e+01 -2.7286700e+01 -2.6451276e+01 -2.6451275e+01 -2.6371999e+01 -2.6325047e+01 -2.6325045e+01 -5.4798480e+00 -2.9348355e+00 +9.1006334e-01 +9.1007167e-01 +9.5822938e-01 +1.0074354e+00 +1.5618630e+00 +1.5618724e+00 +2.3439061e+00 +2.3439125e+00 +4.4787574e+00 +4.4787630e+00 
-4.8793366e+01 -4.8659382e+01 -2.7275583e+01 -2.6449661e+01 -2.6449659e+01 -2.6384624e+01 -2.6326694e+01 -2.6326693e+01 -5.4382368e+00 -2.9397741e+00 +8.9096965e-01 +8.9097770e-01 +9.2653020e-01 +9.3430351e-01 +1.5321660e+00 +1.5321752e+00 +2.4040155e+00 +2.4040216e+00 +4.4881863e+00 +4.4881918e+00 
-4.8791245e+01 -4.8661567e+01 -2.7262102e+01 -2.6447704e+01 -2.6447703e+01 -2.6399878e+01 -2.6328688e+01 -2.6328687e+01 -5.3877811e+00 -2.9471144e+00 +8.5078868e-01 +8.7070513e-01 +8.7071291e-01 +8.8863468e-01 +1.4974656e+00 +1.4974747e+00 +2.4739962e+00 +2.4740020e+00 +4.4973516e+00 +4.4973570e+00 
-4.8788766e+01 -4.8664118e+01 -2.7246319e+01 -2.6445417e+01 -2.6445415e+01 -2.6417657e+01 -2.6331017e+01 -2.6331016e+01 -5.3287260e+00 -2.9576378e+00 +7.5982374e-01 +8.4504057e-01 +8.5038329e-01 +8.5039082e-01 +1.4585519e+00 +1.4585608e+00 +2.5524814e+00 +2.5524868e+00 +4.5050677e+00 +4.5050729e+00 
-4.8785942e+01 -4.8667022e+01 -2.7228308e+01 -2.6442812e+01 -2.6442810e+01 -2.6437843e+01 -2.6333668e+01 -2.6333666e+01 -5.2613653e+00 -2.9722538e+00 +6.6446886e-01 +7.9632627e-01 +8.3096362e-01 +8.3097092e-01 +1.4162407e+00 +1.4162494e+00 +2.6382077e+00 +2.6382129e+00 +4.5101071e+00 +4.5101121e+00 
-4.8782788e+01 -4.8670260e+01 -2.7208155e+01 -2.6460301e+01 -2.6439903e+01 -2.6439901e+01 -2.6336625e+01 -2.6336624e+01 -5.1860433e+00 -2.9919760e+00 +5.6780484e-01 +7.4314613e-01 +8.1324224e-01 +8.1324933e-01 +1.3713439e+00 +1.3713524e+00 +2.7300229e+00 +2.7300279e+00 +4.5112574e+00 +4.5112622e+00 
-4.8779320e+01 -4.8673814e+01 -2.7185956e+01 -2.6484885e+01 -2.6436706e+01 -2.6436704e+01 -2.6339872e+01 -2.6339871e+01 -5.1031580e+00 -3.0178827e+00 +4.7283794e-01 +6.8622561e-01 +7.9786224e-01 +7.9786918e-01 +1.3246471e+00 +1.3246554e+00 +2.8268733e+00 +2.8268781e+00 +4.5073726e+00 +4.5073773e+00 
-4.8775558e+01 -4.8677663e+01 -2.7161816e+01 -2.6511432e+01 -2.6433239e+01 -2.6433237e+01 -2.6343390e+01 -2.6343389e+01 -5.0131649e+00 -3.0510585e+00 +3.8240926e-01 +6.2635642e-01 +7.8533233e-01 +7.8533913e-01 +1.2768937e+00 +1.2769019e+00 +2.9277829e+00 +2.9277874e+00 +4.4974187e+00 +4.4974232e+00 
-4.8771522e+01 -4.8681786e+01 -2.7135854e+01 -2.6539775e+01 -2.6429520e+01 -2.6429518e+01 -2.6347159e+01 -2.6347158e+01 -4.9165809e+00 -3.0925163e+00 +2.9910294e-01 +5.6439213e-01 +7.7604679e-01 +7.7605349e-01 +1.2287760e+00 +1.2287839e+00 +3.0318310e+00 +3.0318354e+00 +4.4805110e+00 +4.4805155e+00 
-4.8767234e+01 -4.8686158e+01 -2.7108195e+01 -2.6569731e+01 -2.6425570e+01 -2.6425568e+01 -2.6351158e+01 -2.6351156e+01 -4.8139902e+00 -3.1431060e+00 +2.2515342e-01 +5.0124444e-01 +7.7030402e-01 +7.7031064e-01 +1.1809293e+00 +1.1809371e+00 +3.1381326e+00 +3.1381369e+00 +4.4559442e+00 +4.4559485e+00 
-4.8762716e+01 -4.8690755e+01 -2.7078976e+01 -2.6601114e+01 -2.6421410e+01 -2.6421409e+01 -2.6355363e+01 -2.6355361e+01 -4.7060503e+00 -3.2034216e+00 +1.6235886e-01 +4.3788047e-01 +7.6832209e-01 +7.6832867e-01 +1.1339314e+00 +1.1339390e+00 +3.2458210e+00 +3.2458251e+00 +4.4232121e+00 +4.4232163e+00 
-4.8757995e+01 -4.8695549e+01 -2.7048343e+01 -2.6633730e+01 -2.6417064e+01 -2.6417063e+01 -2.6359751e+01 -2.6359749e+01 -4.5934993e+00 -3.2737228e+00 +1.1201386e-01 +3.7532111e-01 +7.7025135e-01 +7.7025788e-01 +1.0883026e+00 +1.0883100e+00 +3.3540348e+00 +3.3540388e+00 +4.3820188e+00 +4.3820229e+00 
-4.8753094e+01 -4.8700514e+01 -2.7016450e+01 -2.6667381e+01 -2.6412556e+01 -2.6412554e+01 -2.6364296e+01 -2.6364295e+01 -4.4771626e+00 -3.3538885e+00 +7.4875932e-02 +3.1464031e-01 +7.7618417e-01 +7.7619069e-01 +1.0445081e+00 +1.0445154e+00 +3.4619093e+00 +3.4619132e+00 +4.3322787e+00 +4.3322827e+00 
-4.8748042e+01 -4.8705620e+01 -2.6983461e+01 -2.6701865e+01 -2.6407910e+01 -2.6407908e+01 -2.6368974e+01 -2.6368973e+01 -4.3579614e+00 -3.4434132e+00 +5.1175231e-02 +2.5696479e-01 +7.8616242e-01 +7.8616895e-01 +1.0029611e+00 +1.0029683e+00 +3.5685712e+00 +3.5685751e+00 +4.2741080e+00 +4.2741120e+00 
-4.8742866e+01 -4.8710840e+01 -2.6949546e+01 -2.6736978e+01 -2.6403151e+01 -2.6403150e+01 -2.6373758e+01 -2.6373756e+01 -4.2369181e+00 -3.5414465e+00 +4.0666631e-02 +2.0347311e-01 +8.0018285e-01 +8.0018942e-01 +9.6402576e-01 +9.6403279e-01 +3.6731381e+00 +3.6731420e+00 +4.2078080e+00 +4.2078119e+00 
-4.8737594e+01 -4.8716144e+01 -2.6914882e+01 -2.6772515e+01 -2.6398308e+01 -2.6398306e+01 -2.6378620e+01 -2.6378619e+01 -4.1151603e+00 -3.6468645e+00 +4.2713354e-02 +1.5539251e-01 +8.1820093e-01 +8.1820754e-01 +9.2802025e-01 +9.2802718e-01 +3.7747219e+00 +3.7747257e+00 +4.1338418e+00 +4.1338457e+00 
-4.8732256e+01 -4.8721501e+01 -2.6879655e+01 -2.6808275e+01 -2.6393405e+01 -2.6393404e+01 -2.6383534e+01 -2.6383532e+01 -3.9939190e+00 -3.7583579e+00 +5.6385458e-02 +1.1399087e-01 +8.4013326e-01 +8.4013992e-01 +8.9521977e-01 +8.9522661e-01 +3.8724366e+00 +3.8724404e+00 +4.0528078e+00 +4.0528116e+00 
-4.8726882e+01 -4.8726882e+01 -2.6844054e+01 -2.6844054e+01 -2.6388472e+01 -2.6388472e+01 -2.6388469e+01 -2.6388469e+01 -3.8745195e+00 -3.8745192e+00 +8.0556628e-02 +8.0560616e-02 +8.6585885e-01 +8.6585891e-01 +8.6586562e-01 +8.6586567e-01 +3.9654110e+00 +3.9654115e+00 +3.9654149e+00 +3.9654153e+00 
-4.8726749e+01 -4.8726748e+01 -2.6844171e+01 -2.6844171e+01 -2.6389300e+01 -2.6389300e+01 -2.6388729e+01 -2.6388729e+01 -3.8704115e+00 -3.8704111e+00 +7.6080518e-02 +7.6084468e-02 +8.6478692e-01 +8.6478700e-01 +8.6924325e-01 +8.6924333e-01 +3.9643601e+00 +3.9643605e+00 +3.9660473e+00 +3.9660478e+00 
-4.8726350e+01 -4.8726350e+01 -2.6844530e+01 -2.6844530e+01 -2.6391776e+01 -2.6391776e+01 -2.6389501e+01 -2.6389501e+01 -3.8581236e+00 -3.8581233e+00 +6.2828926e-02 +6.2832790e-02 +8.6146121e-01 +8.6146138e-01 +8.7937228e-01 +8.7937234e-01 +3.9612259e+00 +3.9612264e+00 +3.9679969e+00 +3.9679974e+00 
-4.8725689e+01 -4.8725689e+01 -2.6845150e+01 -2.6845150e+01 -2.6395857e+01 -2.6395857e+01 -2.6390782e+01 -2.6390782e+01 -3.8377661e+00 -3.8377657e+00 +4.1308062e-02 +4.1311788e-02 +8.5562938e-01 +8.5562965e-01 +8.9619033e-01 +8.9619040e-01 +3.9560933e+00 +3.9560938e+00 +3.9713848e+00 +3.9713854e+00 
-4.8724769e+01 -4.8724769e+01 -2.6846061e+01 -2.6846061e+01 -2.6401477e+01 -2.6401477e+01 -2.6392564e+01 -2.6392564e+01 -3.8095242e+00 -3.8095239e+00 +1.2289869e-02 +1.2293408e-02 +8.4693979e-01 +8.4694023e-01 +9.1960077e-01 +9.1960084e-01 +3.9490990e+00 +3.9490995e+00 +3.9763952e+00 +3.9763959e+00 
-4.8723596e+01 -4.8723596e+01 -2.6847310e+01 -2.6847310e+01 -2.6408539e+01 -2.6408539e+01 -2.6394833e+01 -2.6394833e+01 -3.7736622e+00 -3.7736618e+00 -2.3270171e-02 -2.3266868e-02 +8.3503580e-01 +8.3503642e-01 +9.4946560e-01 +9.4946567e-01 +3.9404340e+00 +3.9404345e+00 +3.9832430e+00 +3.9832438e+00 
-4.8722179e+01 -4.8722179e+01 -2.6848953e+01 -2.6848953e+01 -2.6416923e+01 -2.6416923e+01 -2.6397575e+01 -2.6397575e+01 -3.7305271e+00 -3.7305268e+00 -6.4312045e-02 -6.4308998e-02 +8.1964086e-01 +8.1964166e-01 +9.8560276e-01 +9.8560284e-01 +3.9303439e+00 +3.9303444e+00 +3.9921409e+00 +3.9921417e+00 
-4.8720525e+01 -4.8720525e+01 -2.6851063e+01 -2.6851063e+01 -2.6426480e+01 -2.6426480e+01 -2.6400771e+01 -2.6400771e+01 -3.6805552e+00 -3.6805549e+00 -1.0973354e-01 -1.0973079e-01 +8.0062449e-01 +8.0062547e-01 +1.0277825e+00 +1.0277825e+00 +3.9191292e+00 +3.9191297e+00 +4.0032677e+00 +4.0032687e+00 
-4.8718644e+01 -4.8718644e+01 -2.6853726e+01 -2.6853726e+01 -2.6437037e+01 -2.6437037e+01 -2.6404399e+01 -2.6404399e+01 -3.6242788e+00 -3.6242785e+00 -1.5843223e-01 -1.5842973e-01 +7.7804336e-01 +7.7804450e-01 +1.0757226e+00 +1.0757227e+00 +3.9071464e+00 +3.9071469e+00 +4.0167447e+00 +4.0167459e+00 
-4.8716550e+01 -4.8716550e+01 -2.6857042e+01 -2.6857042e+01 -2.6448397e+01 -2.6448397e+01 -2.6408435e+01 -2.6408435e+01 -3.5623348e+00 -3.5623345e+00 -2.0932943e-01 -2.0932718e-01 +7.5215949e-01 +7.5216078e-01 +1.1290830e+00 +1.1290831e+00 +3.8948091e+00 +3.8948096e+00 +4.0326202e+00 +4.0326215e+00 
-4.8714255e+01 -4.8714255e+01 -2.6861120e+01 -2.6861120e+01 -2.6460339e+01 -2.6460339e+01 -2.6412850e+01 -2.6412850e+01 -3.4954739e+00 -3.4954736e+00 -2.6138260e-01 -2.6138062e-01 +7.2344147e-01 +7.2344288e-01 +1.1874587e+00 +1.1874588e+00 +3.8825904e+00 +3.8825908e+00 +4.0508655e+00 +4.0508670e+00 
-4.8711774e+01 -4.8711774e+01 -2.6866081e+01 -2.6866081e+01 -2.6472627e+01 -2.6472627e+01 -2.6417616e+01 -2.6417616e+01 -3.4245695e+00 -3.4245693e+00 -3.1359169e-01 -3.1358994e-01 +6.9255553e-01 +6.9255704e-01 +1.2503723e+00 +1.2503725e+00 +3.8710257e+00 +3.8710262e+00 +4.0713810e+00 +4.0713827e+00 
-4.8709123e+01 -4.8709123e+01 -2.6872047e+01 -2.6872047e+01 -2.6485015e+01 -2.6485015e+01 -2.6422701e+01 -2.6422701e+01 -3.3506261e+00 -3.3506258e+00 -3.6500507e-01 -3.6500354e-01 +6.6035220e-01 +6.6035378e-01 +1.3172654e+00 +1.3172655e+00 +3.8607166e+00 +3.8607171e+00 +4.0940095e+00 +4.0940114e+00 
-4.8706317e+01 -4.8706317e+01 -2.6879136e+01 -2.6879136e+01 -2.6497251e+01 -2.6497250e+01 -2.6428069e+01 -2.6428069e+01 -3.2747825e+00 -3.2747822e+00 -4.1473004e-01 -4.1472872e-01 +6.2785380e-01 +6.2785542e-01 +1.3874896e+00 +1.3874898e+00 +3.8523341e+00 +3.8523345e+00 +4.1185551e+00 +4.1185572e+00 
-4.8703376e+01 -4.8703376e+01 -2.6887454e+01 -2.6887454e+01 -2.6509093e+01 -2.6509093e+01 -2.6433687e+01 -2.6433686e+01 -3.1983095e+00 -3.1983093e+00 -4.6195218e-01 -4.6195106e-01 +5.9624479e-01 +5.9624645e-01 +1.4602988e+00 +1.4602991e+00 +3.8466214e+00 +3.8466218e+00 +4.1448040e+00 +4.1448063e+00 
-4.8700319e+01 -4.8700319e+01 -2.6897082e+01 -2.6897081e+01 -2.6520322e+01 -2.6520322e+01 -2.6439515e+01 -2.6439515e+01 -3.1225946e+00 -3.1225944e+00 -5.0596710e-01 -5.0596616e-01 +5.6686558e-01 +5.6686724e-01 +1.5348437e+00 +1.5348440e+00 +3.8443945e+00 +3.8443949e+00 +4.1725461e+00 +4.1725486e+00 
-4.8697163e+01 -4.8697163e+01 -2.6908062e+01 -2.6908062e+01 -2.6530748e+01 -2.6530748e+01 -2.6445516e+01 -2.6445515e+01 -3.0491102e+00 -3.0491100e+00 -5.4622620e-01 -5.4622541e-01 +5.4120621e-01 +5.4120787e-01 +1.6101709e+00 +1.6101713e+00 +3.8465367e+00 +3.8465371e+00 +4.2015951e+00 +4.2015978e+00 
-4.8693931e+01 -4.8693931e+01 -2.6920396e+01 -2.6920395e+01 -2.6540227e+01 -2.6540227e+01 -2.6451649e+01 -2.6451649e+01 -2.9793589e+00 -2.9793587e+00 -5.8239404e-01 -5.8239336e-01 +5.2089272e-01 +5.2089436e-01 +1.6852311e+00 +1.6852315e+00 +3.8539851e+00 +3.8539855e+00 +4.2318056e+00 +4.2318085e+00 
-4.8690643e+01 -4.8690643e+01 -2.6934031e+01 -2.6934030e+01 -2.6548663e+01 -2.6548663e+01 -2.6457875e+01 -2.6457875e+01 -2.9147944e+00 -2.9147942e+00 -6.1440781e-01 -6.1440722e-01 +5.0765378e-01 +5.0765540e-01 +1.7588998e+00 +1.7589003e+00 +3.8677037e+00 +3.8677041e+00 +4.2630881e+00 +4.2630912e+00 
-4.8687319e+01 -4.8687319e+01 -2.6948865e+01 -2.6948864e+01 -2.6556013e+01 -2.6556012e+01 -2.6464154e+01 -2.6464154e+01 -2.8567220e+00 -2.8567218e+00 -6.4251992e-01 -6.4251939e-01 +5.0325240e-01 +5.0325398e-01 +1.8300151e+00 +1.8300156e+00 +3.8886393e+00 +3.8886396e+00 +4.2954199e+00 +4.2954232e+00 
-4.8683982e+01 -4.8683982e+01 -2.6964749e+01 -2.6964749e+01 -2.6562280e+01 -2.6562280e+01 -2.6470443e+01 -2.6470443e+01 -2.8061900e+00 -2.8061898e+00 -6.6729844e-01 -6.6729793e-01 +5.0936861e-01 +5.0937015e-01 +1.8974344e+00 +1.8974350e+00 +3.9176579e+00 +3.9176582e+00 +4.3288526e+00 +4.3288561e+00 
-4.8680654e+01 -4.8680654e+01 -2.6981499e+01 -2.6981499e+01 -2.6567508e+01 -2.6567508e+01 -2.6476703e+01 -2.6476702e+01 -2.7638937e+00 -2.7638935e+00 -6.8956318e-01 -6.8956267e-01 +5.2743166e-01 +5.2743316e-01 +1.9601082e+00 +1.9601088e+00 +3.9554636e+00 +3.9554639e+00 +4.3635164e+00 +4.3635199e+00 
-4.8677354e+01 -4.8677354e+01 -2.6998901e+01 -2.6998901e+01 -2.6571770e+01 -2.6571770e+01 -2.6482892e+01 -2.6482892e+01 -2.7301142e+00 -2.7301139e+00 -7.1025595e-01 -7.1025539e-01 +5.5842269e-01 +5.5842416e-01 +2.0171612e+00 +2.0171618e+00 +4.0025100e+00 +4.0025102e+00 +4.3996191e+00 +4.3996227e+00 
-4.8674107e+01 -4.8674106e+01 -2.7016728e+01 -2.7016727e+01 -2.6575157e+01 -2.6575157e+01 -2.6488972e+01 -2.6488972e+01 -2.7047096e+00 -2.7047094e+00 -7.3027397e-01 -7.3027339e-01 +6.0269425e-01 +6.0269571e-01 +2.0679662e+00 +2.0679669e+00 +4.0589169e+00 +4.0589171e+00 +4.4374416e+00 +4.4374453e+00 
-4.8670931e+01 -4.8670931e+01 -2.7034746e+01 -2.7034746e+01 -2.6577773e+01 -2.6577773e+01 -2.6494903e+01 -2.6494902e+01 -2.6871605e+00 -2.6871603e+00 -7.5031883e-01 -7.5031822e-01 +6.5986117e-01 +6.5986265e-01 +2.1121938e+00 +2.1121945e+00 +4.1244133e+00 +4.1244134e+00 +4.4773263e+00 +4.4773301e+00 
-4.8667849e+01 -4.8667849e+01 -2.7052725e+01 -2.7052725e+01 -2.6579722e+01 -2.6579721e+01 -2.6500647e+01 -2.6500647e+01 -2.6766557e+00 -2.6766554e+00 -7.7080739e-01 -7.7080675e-01 +7.2879745e-01 +7.2879898e-01 +2.1498236e+00 +2.1498244e+00 +4.1983156e+00 +4.1983158e+00 +4.5196580e+00 +4.5196618e+00 
-4.8664880e+01 -4.8664880e+01 -2.7070442e+01 -2.7070442e+01 -2.6581106e+01 -2.6581106e+01 -2.6506168e+01 -2.6506168e+01 -2.6721969e+00 -2.6721966e+00 -7.9186076e-01 -7.9186011e-01 +8.0773400e-01 +8.0773560e-01 +2.1811164e+00 +2.1811172e+00 +4.2795480e+00 +4.2795481e+00 +4.5648351e+00 +4.5648388e+00 
-4.8662044e+01 -4.8662044e+01 -2.7087686e+01 -2.7087686e+01 -2.6582024e+01 -2.6582024e+01 -2.6511432e+01 -2.6511432e+01 -2.6726996e+00 -2.6726993e+00 -8.1335384e-01 -8.1335319e-01 +8.9441957e-01 +8.9442127e-01 +2.2065547e+00 +2.2065555e+00 +4.3666925e+00 +4.3666926e+00 +4.6132276e+00 +4.6132314e+00 
-4.8659360e+01 -4.8659360e+01 -2.7104261e+01 -2.7104261e+01 -2.6582564e+01 -2.6582564e+01 -2.6516404e+01 -2.6516404e+01 -2.6770756e+00 -2.6770753e+00 -8.3499242e-01 -8.3499177e-01 +9.8629961e-01 +9.8630143e-01 +2.2267689e+00 +2.2267698e+00 +4.4580572e+00 +4.4580573e+00 +4.6651207e+00 +4.6651244e+00 
-4.8656846e+01 -4.8656846e+01 -2.7119988e+01 -2.7119987e+01 -2.6582807e+01 -2.6582807e+01 -2.6521055e+01 -2.6521055e+01 -2.6842917e+00 -2.6842913e+00 -8.5638954e-01 -8.5638891e-01 +1.0806800e+00 +1.0806820e+00 +2.2424649e+00 +2.2424657e+00 +4.5517456e+00 +4.5517457e+00 +4.7206395e+00 +4.7206430e+00 
-4.8654517e+01 -4.8654517e+01 -2.7134700e+01 -2.7134700e+01 -2.6582826e+01 -2.6582826e+01 -2.6525354e+01 -2.6525354e+01 -2.6934050e+00 -2.6934046e+00 -8.7712592e-01 -8.7712530e-01 +1.1748633e+00 +1.1748654e+00 +2.2543623e+00 +2.2543632e+00 +4.6457192e+00 +4.6457193e+00 +4.7796554e+00 +4.7796588e+00 
-4.8652390e+01 -4.8652390e+01 -2.7148253e+01 -2.7148252e+01 -2.6582684e+01 -2.6582684e+01 -2.6529275e+01 -2.6529275e+01 -2.7035807e+00 -2.7035803e+00 -8.9679070e-01 -8.9679011e-01 +1.2662562e+00 +1.2662585e+00 +2.2631506e+00 +2.2631515e+00 +4.7378515e+00 +4.7378516e+00 +4.8416788e+00 +4.8416820e+00 
-4.8650478e+01 -4.8650478e+01 -2.7160513e+01 -2.7160513e+01 -2.6582436e+01 -2.6582436e+01 -2.6532794e+01 -2.6532794e+01 -2.7140970e+00 -2.7140966e+00 -9.1500555e-01 -9.1500498e-01 +1.3524541e+00 +1.3524566e+00 +2.2694606e+00 +2.2694616e+00 +4.8259754e+00 +4.8259754e+00 +4.9057438e+00 +4.9057468e+00 
-4.8648795e+01 -4.8648795e+01 -2.7171367e+01 -2.7171367e+01 -2.6582130e+01 -2.6582130e+01 -2.6535888e+01 -2.6535888e+01 -2.7243423e+00 -2.7243419e+00 -9.3143669e-01 -9.3143616e-01 +1.4313057e+00 +1.4313083e+00 +2.2738486e+00 +2.2738495e+00 +4.9079306e+00 +4.9079307e+00 +4.9703052e+00 +4.9703080e+00 
-4.8647352e+01 -4.8647352e+01 -2.7180717e+01 -2.7180716e+01 -2.6581806e+01 -2.6581806e+01 -2.6538539e+01 -2.6538539e+01 -2.7338089e+00 -2.7338084e+00 -9.4579945e-01 -9.4579894e-01 +1.5009579e+00 +1.5009606e+00 +2.2767901e+00 +2.2767911e+00 +4.9816173e+00 +4.9816174e+00 +5.0331764e+00 +5.0331789e+00 
-4.8646157e+01 -4.8646157e+01 -2.7188478e+01 -2.7188477e+01 -2.6581497e+01 -2.6581496e+01 -2.6540731e+01 -2.6540731e+01 -2.7420842e+00 -2.7420838e+00 -9.5785848e-01 -9.5785801e-01 +1.5598802e+00 +1.5598830e+00 +2.2786795e+00 +2.2786805e+00 +5.0450587e+00 +5.0450587e+00 +5.0915485e+00 +5.0915507e+00 
-4.8645220e+01 -4.8645220e+01 -2.7194583e+01 -2.7194583e+01 -2.6581229e+01 -2.6581229e+01 -2.6542449e+01 -2.6542449e+01 -2.7488432e+00 -2.7488427e+00 -9.6742605e-01 -9.6742561e-01 +1.6068687e+00 +1.6068717e+00 +2.2798320e+00 +2.2798330e+00 +5.0964744e+00 +5.0964744e+00 +5.1421418e+00 +5.1421437e+00 
-4.8644546e+01 -4.8644546e+01 -2.7198980e+01 -2.7198980e+01 -2.6581023e+01 -2.6581023e+01 -2.6543683e+01 -2.6543683e+01 -2.7538409e+00 -2.7538404e+00 -9.7435951e-01 -9.7435911e-01 +1.6410313e+00 +1.6410343e+00 +2.2804875e+00 +2.2804885e+00 +5.1343614e+00 +5.1343615e+00 +5.1815281e+00 +5.1815298e+00 
-4.8644140e+01 -4.8644140e+01 -2.7201632e+01 -2.7201632e+01 -2.6580893e+01 -2.6580893e+01 -2.6544426e+01 -2.6544426e+01 -2.7569065e+00 -2.7569060e+00 -9.7855893e-01 -9.7855856e-01 +1.6617614e+00 +1.6617644e+00 +2.2808144e+00 +2.2808154e+00 +5.1575744e+00 +5.1575744e+00 +5.2066216e+00 +5.2066230e+00 
-4.8644004e+01 -4.8644004e+01 -2.7202516e+01 -2.7202516e+01 -2.6580848e+01 -2.6580848e+01 -2.6544673e+01 -2.6544673e+01 -2.7579394e+00 -2.7579389e+00 -9.7996514e-01 -9.7996479e-01 +1.6687099e+00 +1.6687129e+00 +2.2809123e+00 +2.2809133e+00 +5.1653940e+00 +5.1653941e+00 +5.2152487e+00 +5.2152501e+00 
-4.8643957e+01 -4.8643957e+01 -2.7202065e+01 -2.7202064e+01 -2.6583232e+01 -2.6583232e+01 -2.6543207e+01 -2.6543206e+01 -2.7535397e+00 -2.7535393e+00 -9.7714046e-01 -9.7714011e-01 +1.6406763e+00 +1.6406793e+00 +2.2982790e+00 +2.2982801e+00 +5.0917244e+00 +5.0917246e+00 +5.2961119e+00 +5.2961131e+00 
-4.8643815e+01 -4.8643815e+01 -2.7200710e+01 -2.7200709e+01 -2.6589540e+01 -2.6589540e+01 -2.6539637e+01 -2.6539637e+01 -2.7403837e+00 -2.7403832e+00 -9.6869990e-01 -9.6869954e-01 +1.5658549e+00 +1.5658577e+00 +2.3409711e+00 +2.3409723e+00 +5.0063828e+00 +5.0063829e+00 +5.4032343e+00 +5.4032357e+00 
-4.8643583e+01 -4.8643583e+01 -2.7198460e+01 -2.7198460e+01 -2.6598458e+01 -2.6598458e+01 -2.6535245e+01 -2.6535245e+01 -2.7185992e+00 -2.7185988e+00 -9.5474684e-01 -9.5474648e-01 +1.4609842e+00 +1.4609867e+00 +2.3919494e+00 +2.3919507e+00 +4.9301674e+00 +4.9301679e+00 +5.5163193e+00 +5.5163210e+00 
-4.8643263e+01 -4.8643263e+01 -2.7195332e+01 -2.7195332e+01 -2.6609203e+01 -2.6609203e+01 -2.6530757e+01 -2.6530757e+01 -2.6883980e+00 -2.6883975e+00 -9.3546632e-01 -9.3546595e-01 +1.3385203e+00 +1.3385226e+00 +2.4385260e+00 +2.4385273e+00 +4.8650164e+00 +4.8650172e+00 +5.6340200e+00 +5.6340219e+00 
-4.8642861e+01 -4.8642861e+01 -2.7191347e+01 -2.7191347e+01 -2.6621392e+01 -2.6621392e+01 -2.6526480e+01 -2.6526480e+01 -2.6500721e+00 -2.6500716e+00 -9.1114576e-01 -9.1114539e-01 +1.2059437e+00 +1.2059458e+00 +2.4734148e+00 +2.4734161e+00 +4.8116792e+00 +4.8116804e+00 +5.7559466e+00 +5.7559488e+00 
-4.8642383e+01 -4.8642383e+01 -2.7186534e+01 -2.7186534e+01 -2.6634813e+01 -2.6634813e+01 -2.6522527e+01 -2.6522527e+01 -2.6039904e+00 -2.6039899e+00 -8.8220803e-01 -8.8220766e-01 +1.0678521e+00 +1.0678540e+00 +2.4930170e+00 +2.4930182e+00 +4.7699269e+00 +4.7699283e+00 +5.8821226e+00 +5.8821250e+00 
-4.8641837e+01 -4.8641837e+01 -2.7180931e+01 -2.7180931e+01 -2.6649318e+01 -2.6649318e+01 -2.6518928e+01 -2.6518928e+01 -2.5505923e+00 -2.5505918e+00 -8.4926177e-01 -8.4926139e-01 +9.2738554e-01 +9.2738737e-01 +2.4962748e+00 +2.4962759e+00 +4.7384979e+00 +4.7384997e+00 +6.0128156e+00 +6.0128182e+00 
-4.8641231e+01 -4.8641231e+01 -2.7174583e+01 -2.7174583e+01 -2.6664773e+01 -2.6664773e+01 -2.6515676e+01 -2.6515676e+01 -2.4903806e+00 -2.4903800e+00 -8.1317741e-01 -8.1317703e-01 +7.8698912e-01 +7.8699081e-01 +2.4839929e+00 +2.4839938e+00 +4.7152316e+00 +4.7152337e+00 +6.1483907e+00 +6.1483934e+00 
-4.8640577e+01 -4.8640577e+01 -2.7167547e+01 -2.7167546e+01 -2.6681035e+01 -2.6681035e+01 -2.6512751e+01 -2.6512751e+01 -2.4239126e+00 -2.4239121e+00 -7.7520318e-01 -7.7520280e-01 +6.4885842e-01 +6.4885998e-01 +2.4582859e+00 +2.4582867e+00 +4.6974169e+00 +4.6974191e+00 +6.2891617e+00 +6.2891645e+00 
-4.8639885e+01 -4.8639885e+01 -2.7159889e+01 -2.7159889e+01 -2.6697949e+01 -2.6697949e+01 -2.6510129e+01 -2.6510129e+01 -2.3517899e+00 -2.3517893e+00 -7.3714289e-01 -7.3714253e-01 +5.1527734e-01 +5.1527877e-01 +2.4220585e+00 +2.4220592e+00 +4.6822479e+00 +4.6822503e+00 +6.4352574e+00 +6.4352601e+00 
-4.8639167e+01 -4.8639167e+01 -2.7151693e+01 -2.7151693e+01 -2.6715334e+01 -2.6715334e+01 -2.6507787e+01 -2.6507786e+01 -2.2746466e+00 -2.2746460e+00 -7.0162323e-01 -7.0162290e-01 +3.8896380e-01 +3.8896508e-01 +2.3785582e+00 +2.3785587e+00 +4.6672409e+00 +4.6672433e+00 +6.5865177e+00 +6.5865203e+00 
-4.8638436e+01 -4.8638436e+01 -2.7143059e+01 -2.7143058e+01 -2.6732984e+01 -2.6732984e+01 -2.6505701e+01 -2.6505701e+01 -2.1931381e+00 -2.1931375e+00 -6.7245403e-01 -6.7245376e-01 +2.7347078e-01 +2.7347190e-01 +2.3310476e+00 +2.3310480e+00 +4.6505131e+00 +4.6505155e+00 +6.7424266e+00 +6.7424291e+00 
-4.8637706e+01 -4.8637706e+01 -2.7134108e+01 -2.7134108e+01 -2.6750664e+01 -2.6750663e+01 -2.6503855e+01 -2.6503855e+01 -2.1079305e+00 -2.1079299e+00 -6.5493409e-01 -6.5493392e-01 +1.7352085e-01 +1.7352178e-01 +2.2825993e+00 +2.2825996e+00 +4.6309090e+00 +4.6309113e+00 +6.9020719e+00 +6.9020743e+00 
-4.8636991e+01 -4.8636991e+01 -2.7124992e+01 -2.7124992e+01 -2.6768104e+01 -2.6768103e+01 -2.6502233e+01 -2.6502232e+01 -2.0196928e+00 -2.0196922e+00 -6.5549324e-01 -6.5549315e-01 +9.4684212e-02 +9.4684918e-02 +2.2359742e+00 +2.2359744e+00 +4.6080039e+00 +4.6080060e+00 +7.0641084e+00 +7.0641106e+00 
-4.8636305e+01 -4.8636305e+01 -2.7115895e+01 -2.7115895e+01 -2.6784995e+01 -2.6784995e+01 -2.6500823e+01 -2.6500823e+01 -1.9290949e+00 -1.9290943e+00 -6.7958213e-01 -6.7958192e-01 +4.1329732e-02 +4.1330201e-02 +2.1935396e+00 +2.1935397e+00 +4.5820395e+00 +4.5820415e+00 +7.2266942e+00 +7.2266961e+00 
-4.8635664e+01 -4.8635664e+01 -2.7107045e+01 -2.7107045e+01 -2.6800985e+01 -2.6800985e+01 -2.6499616e+01 -2.6499616e+01 -1.8368159e+00 -1.8368153e+00 -7.2821155e-01 -7.2821116e-01 +1.3268124e-02 +1.3268392e-02 +2.1571825e+00 +2.1571825e+00 +4.5538318e+00 +4.5538335e+00 +7.3873653e+00 +7.3873669e+00 
-4.8635082e+01 -4.8635082e+01 -2.7098720e+01 -2.7098719e+01 -2.6815671e+01 -2.6815671e+01 -2.6498607e+01 -2.6498607e+01 -1.7435728e+00 -1.7435722e+00 -7.9689358e-01 -7.9689307e-01 +4.8549206e-03 +4.8550759e-03 +2.1282007e+00 +2.1282007e+00 +4.5246749e+00 +4.5246765e+00 +7.5428097e+00 +7.5428111e+00 
-4.8634575e+01 -4.8634575e+01 -2.7091242e+01 -2.7091242e+01 -2.6828604e+01 -2.6828604e+01 -2.6497789e+01 -2.6497789e+01 -1.6501969e+00 -1.6501963e+00 -8.7854733e-01 -8.7854673e-01 +8.1363116e-03 +8.1364473e-03 +2.1071730e+00 +2.1071731e+00 +4.4962485e+00 +4.4962498e+00 +7.6885042e+00 +7.6885052e+00 
-4.8634156e+01 -4.8634156e+01 -2.7084972e+01 -2.7084972e+01 -2.6839306e+01 -2.6839306e+01 -2.6497159e+01 -2.6497159e+01 -1.5578475e+00 -1.5578470e+00 -9.6646649e-01 -9.6646582e-01 +1.6199748e-02 +1.6199888e-02 +2.0938417e+00 +2.0938418e+00 +4.4705193e+00 +4.4705203e+00 +7.8182166e+00 +7.8182173e+00 
-4.8633840e+01 -4.8633840e+01 -2.7080259e+01 -2.7080258e+01 -2.6847312e+01 -2.6847312e+01 -2.6496714e+01 -2.6496714e+01 -1.4687464e+00 -1.4687460e+00 -1.0546276e+00 -1.0546269e+00 +2.4349594e-02 +2.4349721e-02 +2.0870622e+00 +2.0870624e+00 +4.4496229e+00 +4.4496236e+00 +7.9235408e+00 +7.9235413e+00 
-4.8633641e+01 -4.8633641e+01 -2.7077374e+01 -2.7077373e+01 -2.6852244e+01 -2.6852244e+01 -2.6496450e+01 -2.6496449e+01 -1.3896123e+00 -1.3896120e+00 -1.1340260e+00 -1.1340251e+00 +2.9935400e-02 +2.9935497e-02 +2.0848794e+00 +2.0848796e+00 +4.4357039e+00 +4.4357043e+00 +7.9940710e+00 +7.9940713e+00 
-4.8633572e+01 -4.8633572e+01 -2.7076424e+01 -2.7076424e+01 -2.6853895e+01 -2.6853895e+01 -2.6496362e+01 -2.6496362e+01 -1.3494895e+00 -1.3494894e+00 -1.1743850e+00 -1.1743839e+00 +3.1850998e-02 +3.1851052e-02 +2.0847623e+00 +2.0847625e+00 +4.4307021e+00 +4.4307022e+00 +8.0193698e+00 +8.0193698e+00 
-4.8633642e+01 -4.8633642e+01 -2.7077261e+01 -2.7077260e+01 -2.6852363e+01 -2.6852363e+01 -2.6496444e+01 -2.6496444e+01 -1.3864336e+00 -1.3864335e+00 -1.1371349e+00 -1.1371341e+00 +3.0136910e-02 +3.0137050e-02 +2.0840233e+00 +2.0840236e+00 +4.4358491e+00 +4.4358494e+00 +7.9942651e+00 +7.9942653e+00 
-4.8633858e+01 -4.8633858e+01 -2.7079533e+01 -2.7079532e+01 -2.6847952e+01 -2.6847952e+01 -2.6496684e+01 -2.6496684e+01 -1.4565409e+00 -1.4565406e+00 -1.0661488e+00 -1.0661482e+00 +2.5484675e-02 +2.5484910e-02 +2.0803179e+00 +2.0803181e+00 +4.4516292e+00 +4.4516300e+00 +7.9209442e+00 +7.9209445e+00 
-4.8634230e+01 -4.8634230e+01 -2.7082805e+01 -2.7082804e+01 -2.6841036e+01 -2.6841036e+01 -2.6497074e+01 -2.6497074e+01 -1.5318761e+00 -1.5318758e+00 -9.8965912e-01 -9.8965866e-01 +1.8862707e-02 +1.8863046e-02 +2.0719029e+00 +2.0719031e+00 +4.4778727e+00 +4.4778739e+00 +7.8065397e+00 +7.8065400e+00 
-4.8634766e+01 -4.8634766e+01 -2.7086597e+01 -2.7086597e+01 -2.6832046e+01 -2.6832046e+01 -2.6497603e+01 -2.6497603e+01 -1.6061096e+00 -1.6061093e+00 -9.1456245e-01 -9.1456212e-01 +1.1402801e-02 +1.1403248e-02 +2.0578647e+00 +2.0578648e+00 +4.5134644e+00 +4.5134660e+00 +7.6603808e+00 +7.6603813e+00 
-4.8635474e+01 -4.8635474e+01 -2.7090452e+01 -2.7090452e+01 -2.6821404e+01 -2.6821404e+01 -2.6498258e+01 -2.6498258e+01 -1.6774000e+00 -1.6773997e+00 -8.4348317e-01 -8.4348295e-01 +4.2529875e-03 +4.2535457e-03 +2.0381947e+00 +2.0381948e+00 +4.5564148e+00 +4.5564169e+00 +7.4909415e+00 +7.4909420e+00 
-4.8636359e+01 -4.8636359e+01 -2.7093975e+01 -2.7093975e+01 -2.6809483e+01 -2.6809483e+01 -2.6499021e+01 -2.6499021e+01 -1.7450578e+00 -1.7450575e+00 -7.7804791e-01 -7.7804780e-01 -1.5395004e-03 -1.5388327e-03 +2.0137105e+00 +2.0137106e+00 +4.6040683e+00 +4.6040708e+00 +7.3048144e+00 +7.3048150e+00 
-4.8637426e+01 -4.8637426e+01 -2.7096840e+01 -2.7096839e+01 -2.6796601e+01 -2.6796601e+01 -2.6499873e+01 -2.6499873e+01 -1.8088203e+00 -1.8088200e+00 -7.1952091e-01 -7.1952089e-01 -5.1366691e-03 -5.1359011e-03 +1.9858730e+00 +1.9858730e+00 +4.6533956e+00 +4.6533985e+00 +7.1068654e+00 +7.1068661e+00 
-4.8638677e+01 -4.8638677e+01 -2.7098792e+01 -2.7098792e+01 -2.6783022e+01 -2.6783022e+01 -2.6500787e+01 -2.6500787e+01 -1.8686386e+00 -1.8686384e+00 -6.6889071e-01 -6.6889060e-01 -6.0197195e-03 -6.0188713e-03 +1.9565611e+00 +1.9565611e+00 +4.7013046e+00 +4.7013079e+00 +6.9007109e+00 +6.9007116e+00 
-4.8640115e+01 -4.8640115e+01 -2.7099639e+01 -2.7099639e+01 -2.6768962e+01 -2.6768961e+01 -2.6501734e+01 -2.6501733e+01 -1.9246021e+00 -1.9246019e+00 -6.2680137e-01 -6.2680118e-01 -4.0835612e-03 -4.0826656e-03 +1.9278451e+00 +1.9278451e+00 +4.7449116e+00 +4.7449153e+00 +6.6891558e+00 +6.6891566e+00 
-4.8641740e+01 -4.8641740e+01 -2.7099242e+01 -2.7099242e+01 -2.6754602e+01 -2.6754602e+01 -2.6502676e+01 -2.6502676e+01 -1.9769087e+00 -1.9769086e+00 -5.9346934e-01 -5.9346911e-01 +3.3420608e-04 +3.3510342e-04 +1.9017753e+00 +1.9017754e+00 +4.7817377e+00 +4.7817418e+00 +6.4745205e+00 +6.4745213e+00 
-4.8643548e+01 -4.8643548e+01 -2.7097506e+01 -2.7097505e+01 -2.6740097e+01 -2.6740096e+01 -2.6503572e+01 -2.6503572e+01 -2.0258535e+00 -2.0258534e+00 -5.6867455e-01 -5.6867431e-01 +6.5487279e-03 +6.5495800e-03 +1.8801870e+00 +1.8801870e+00 +4.8098095e+00 +4.8098138e+00 +6.2588763e+00 +6.2588772e+00 
-4.8645539e+01 -4.8645539e+01 -2.7094374e+01 -2.7094374e+01 -2.6725578e+01 -2.6725578e+01 -2.6504373e+01 -2.6504373e+01 -2.0718259e+00 -2.0718258e+00 -5.5185957e-01 -5.5185936e-01 +1.3759250e-02 +1.3759985e-02 +1.8645220e+00 +1.8645221e+00 +4.8276547e+00 +4.8276593e+00 +6.0442319e+00 +6.0442328e+00 
-4.8647705e+01 -4.8647705e+01 -2.7089827e+01 -2.7089827e+01 -2.6711164e+01 -2.6711164e+01 -2.6505020e+01 -2.6505020e+01 -2.1153104e+00 -2.1153103e+00 -5.4229322e-01 -5.4229308e-01 +2.1344689e-02 +2.1345260e-02 +1.8556779e+00 +1.8556780e+00 +4.8341806e+00 +4.8341855e+00 +5.8327199e+00 +5.8327209e+00 
-4.8650042e+01 -4.8650042e+01 -2.7083873e+01 -2.7083873e+01 -2.6696960e+01 -2.6696959e+01 -2.6505450e+01 -2.6505449e+01 -2.1568877e+00 -2.1568877e+00 -5.3920976e-01 -5.3920971e-01 +2.9101446e-02 +2.9101811e-02 +1.8539037e+00 +1.8539039e+00 +4.8283975e+00 +4.8284027e+00 +5.6268602e+00 +5.6268612e+00 
-4.8652542e+01 -4.8652542e+01 -2.7076552e+01 -2.7076551e+01 -2.6683061e+01 -2.6683061e+01 -2.6505588e+01 -2.6505587e+01 -2.1972344e+00 -2.1972344e+00 -5.4185645e-01 -5.4185638e-01 +3.7326687e-02 +3.7326815e-02 +1.8587613e+00 +1.8587615e+00 +4.8088793e+00 +4.8088846e+00 +5.4300392e+00 +5.4300402e+00 
-4.8655193e+01 -4.8655193e+01 -2.7067926e+01 -2.7067926e+01 -2.6669555e+01 -2.6669555e+01 -2.6505354e+01 -2.6505354e+01 -2.2371169e+00 -2.2371168e+00 -5.4944124e-01 -5.4944107e-01 +4.6727209e-02 +4.6727329e-02 +1.8691588e+00 +1.8691590e+00 +4.7727360e+00 +4.7727412e+00 +5.2474601e+00 +5.2474611e+00 
-4.8657987e+01 -4.8657987e+01 -2.7058087e+01 -2.7058087e+01 -2.6656521e+01 -2.6656520e+01 -2.6504664e+01 -2.6504664e+01 -2.2773775e+00 -2.2773774e+00 -5.6102724e-01 -5.6102698e-01 +5.8210635e-02 +5.8211002e-02 +1.8834399e+00 +1.8834402e+00 +4.7141985e+00 +4.7142034e+00 +5.0874800e+00 +5.0874805e+00 
-4.8660911e+01 -4.8660911e+01 -2.7047148e+01 -2.7047148e+01 -2.6644022e+01 -2.6644022e+01 -2.6503430e+01 -2.6503429e+01 -2.3189094e+00 -2.3189093e+00 -5.7544325e-01 -5.7544292e-01 +7.2653231e-02 +7.2653829e-02 +1.8995064e+00 +1.8995067e+00 +4.6262525e+00 +4.6262565e+00 +4.9599046e+00 +4.9599050e+00 
-4.8663950e+01 -4.8663950e+01 -2.7035246e+01 -2.7035246e+01 -2.6632106e+01 -2.6632106e+01 -2.6501570e+01 -2.6501570e+01 -2.3626173e+00 -2.3626172e+00 -5.9126565e-01 -5.9126527e-01 +9.0727185e-02 +9.0727990e-02 +1.9149499e+00 +1.9149502e+00 +4.5111567e+00 +4.5111594e+00 +4.8654027e+00 +4.8654043e+00 
-4.8667091e+01 -4.8667091e+01 -2.7022540e+01 -2.7022540e+01 -2.6620794e+01 -2.6620794e+01 -2.6499018e+01 -2.6499017e+01 -2.4093642e+00 -2.4093641e+00 -6.0688739e-01 -6.0688701e-01 +1.1282398e-01 +1.1282497e-01 +1.9271890e+00 +1.9271893e+00 +4.3837006e+00 +4.3837024e+00 +4.7921719e+00 +4.7921744e+00 
-4.8670318e+01 -4.8670318e+01 -2.7009207e+01 -2.7009207e+01 -2.6610071e+01 -2.6610070e+01 -2.6495730e+01 -2.6495730e+01 -2.4599086e+00 -2.4599084e+00 -6.2064972e-01 -6.2064937e-01 +1.3905971e-01 +1.3906085e-01 +1.9336240e+00 +1.9336243e+00 +4.2581794e+00 +4.2581806e+00 +4.7288516e+00 +4.7288545e+00 
-4.8673613e+01 -4.8673613e+01 -2.6995445e+01 -2.6995445e+01 -2.6599876e+01 -2.6599876e+01 -2.6491699e+01 -2.6491699e+01 -2.5148378e+00 -2.5148377e+00 -6.3099304e-01 -6.3099276e-01 +1.6932498e-01 +1.6932624e-01 +1.9318311e+00 +1.9318314e+00 +4.1431002e+00 +4.1431010e+00 +4.6696504e+00 +4.6696535e+00 
-4.8676960e+01 -4.8676960e+01 -2.6981462e+01 -2.6981462e+01 -2.6590106e+01 -2.6590106e+01 -2.6486958e+01 -2.6486958e+01 -2.5745119e+00 -2.5745117e+00 -6.3658831e-01 -6.3658811e-01 +2.0334479e-01 +2.0334616e-01 +1.9198076e+00 +1.9198079e+00 +4.0430558e+00 +4.0430563e+00 +4.6122422e+00 +4.6122454e+00 
-4.8680341e+01 -4.8680341e+01 -2.6967477e+01 -2.6967476e+01 -2.6580610e+01 -2.6580610e+01 -2.6481584e+01 -2.6481584e+01 -2.6390259e+00 -2.6390257e+00 -6.3642553e-01 -6.3642544e-01 +2.4072932e-01 +2.4073077e-01 +1.8962418e+00 +1.8962421e+00 +3.9603624e+00 +3.9603628e+00 +4.5558662e+00 +4.5558695e+00 
-4.8683735e+01 -4.8683735e+01 -2.6953709e+01 -2.6953709e+01 -2.6571212e+01 -2.6571212e+01 -2.6475683e+01 -2.6475683e+01 -2.7082006e+00 -2.7082004e+00 -6.2985293e-01 -6.2985289e-01 +2.8100970e-01 +2.8101121e-01 +1.8607336e+00 +1.8607338e+00 +3.8957294e+00 +3.8957296e+00 +4.5004403e+00 +4.5004435e+00 
-4.8687125e+01 -4.8687125e+01 -2.6940374e+01 -2.6940374e+01 -2.6561727e+01 -2.6561727e+01 -2.6469385e+01 -2.6469385e+01 -2.7816005e+00 -2.7816003e+00 -6.1657153e-01 -6.1657136e-01 +3.2366063e-01 +3.2366220e-01 +1.8138695e+00 +1.8138697e+00 +3.8485661e+00 +3.8485661e+00 +4.4461798e+00 +4.4461829e+00 
-4.8690491e+01 -4.8690491e+01 -2.6927667e+01 -2.6927667e+01 -2.6551983e+01 -2.6551983e+01 -2.6462826e+01 -2.6462826e+01 -2.8585743e+00 -2.8585741e+00 -5.9659783e-01 -5.9659750e-01 +3.6811394e-01 +3.6811555e-01 +1.7571027e+00 +1.7571028e+00 +3.8172734e+00 +3.8172735e+00 +4.3934285e+00 +4.3934314e+00 
-4.8693812e+01 -4.8693812e+01 -2.6915760e+01 -2.6915760e+01 -2.6541844e+01 -2.6541844e+01 -2.6456137e+01 -2.6456137e+01 -2.9383074e+00 -2.9383072e+00 -5.7020977e-01 -5.7020928e-01 +4.1376712e-01 +4.1376876e-01 +1.6924741e+00 +1.6924742e+00 +3.7996034e+00 +3.7996036e+00 +4.3425782e+00 +4.3425810e+00 
-4.8697070e+01 -4.8697070e+01 -2.6904789e+01 -2.6904789e+01 -2.6531225e+01 -2.6531224e+01 -2.6449437e+01 -2.6449437e+01 -3.0198768e+00 -3.0198766e+00 -5.3788862e-01 -5.3788794e-01 +4.5999009e-01 +4.5999174e-01 +1.6222815e+00 +1.6222816e+00 +3.7930319e+00 +3.7930321e+00 +4.2940285e+00 +4.2940312e+00 
-4.8700246e+01 -4.8700246e+01 -2.6894848e+01 -2.6894848e+01 -2.6520097e+01 -2.6520097e+01 -2.6442829e+01 -2.6442829e+01 -3.1023018e+00 -3.1023016e+00 -5.0026623e-01 -5.0026536e-01 +5.0613232e-01 +5.0613397e-01 +1.5487967e+00 +1.5487968e+00 +3.7950633e+00 +3.7950636e+00 +4.2481637e+00 +4.2481661e+00 
-4.8703319e+01 -4.8703319e+01 -2.6885987e+01 -2.6885987e+01 -2.6508495e+01 -2.6508495e+01 -2.6436401e+01 -2.6436401e+01 -3.1845842e+00 -3.1845840e+00 -4.5808259e-01 -4.5808153e-01 +5.5153224e-01 +5.5153387e-01 +1.4740823e+00 +1.4740824e+00 +3.8034273e+00 +3.8034277e+00 +4.2053371e+00 +4.2053394e+00 
-4.8706273e+01 -4.8706272e+01 -2.6878211e+01 -2.6878211e+01 -2.6496511e+01 -2.6496511e+01 -2.6430224e+01 -2.6430224e+01 -3.2657407e+00 -3.2657405e+00 -4.1215486e-01 -4.1215358e-01 +5.9552974e-01 +5.9553134e-01 +1.3999055e+00 +1.3999056e+00 +3.8161725e+00 +3.8161729e+00 +4.1658592e+00 +4.1658613e+00 
-4.8709087e+01 -4.8709087e+01 -2.6871491e+01 -2.6871491e+01 -2.6484285e+01 -2.6484285e+01 -2.6424357e+01 -2.6424357e+01 -3.3448244e+00 -3.3448241e+00 -3.6335686e-01 -3.6335536e-01 +6.3748268e-01 +6.3748423e-01 +1.3277218e+00 +1.3277218e+00 +3.8316870e+00 +3.8316874e+00 +4.1299853e+00 +4.1299872e+00 
-4.8711746e+01 -4.8711746e+01 -2.6865766e+01 -2.6865766e+01 -2.6471994e+01 -2.6471994e+01 -2.6418846e+01 -2.6418846e+01 -3.4209403e+00 -3.4209400e+00 -3.1260727e-01 -3.1260553e-01 +6.7678749e-01 +6.7678896e-01 +1.2586979e+00 +1.2586979e+00 +3.8486777e+00 +3.8486781e+00 +4.0979034e+00 +4.0979051e+00 
-4.8714233e+01 -4.8714233e+01 -2.6860953e+01 -2.6860953e+01 -2.6459839e+01 -2.6459839e+01 -2.6413729e+01 -2.6413729e+01 -3.4932547e+00 -3.4932544e+00 -2.6086400e-01 -2.6086202e-01 +7.1290349e-01 +7.1290487e-01 +1.1937522e+00 +1.1937522e+00 +3.8661308e+00 +3.8661313e+00 +4.0697225e+00 +4.0697240e+00 
-4.8716533e+01 -4.8716533e+01 -2.6856962e+01 -2.6856962e+01 -2.6448036e+01 -2.6448036e+01 -2.6409036e+01 -2.6409036e+01 -3.5610014e+00 -3.5610011e+00 -2.0912279e-01 -2.0912055e-01 +7.4537968e-01 +7.4538095e-01 +1.1335980e+00 +1.1335980e+00 +3.8832676e+00 +3.8832680e+00 +4.0454618e+00 +4.0454631e+00 
-4.8718631e+01 -4.8718631e+01 -2.6853693e+01 -2.6853693e+01 -2.6436800e+01 -2.6436800e+01 -2.6404790e+01 -2.6404790e+01 -3.6234847e+00 -3.6234844e+00 -1.5841743e-01 -1.5841492e-01 +7.7388201e-01 +7.7388314e-01 +1.0787839e+00 +1.0787840e+00 +3.8995019e+00 +3.8995023e+00 +4.0250433e+00 +4.0250444e+00 
-4.8720514e+01 -4.8720514e+01 -2.6851053e+01 -2.6851053e+01 -2.6426341e+01 -2.6426341e+01 -2.6401010e+01 -2.6401010e+01 -3.6800815e+00 -3.6800812e+00 -1.0981936e-01 -1.0981658e-01 +7.9821758e-01 +7.9821855e-01 +1.0297282e+00 +1.0297283e+00 +3.9144036e+00 +3.9144041e+00 +4.0082903e+00 +4.0082913e+00 
-4.8722171e+01 -4.8722171e+01 -2.6848952e+01 -2.6848952e+01 -2.6416852e+01 -2.6416852e+01 -2.6397711e+01 -2.6397711e+01 -3.7302419e+00 -3.7302416e+00 -6.4433465e-02 -6.4430419e-02 +8.1835189e-01 +8.1835270e-01 +9.8674677e-01 +9.8674683e-01 +3.9276669e+00 +3.9276674e+00 +3.9949339e+00 +3.9949347e+00 
-4.8723591e+01 -4.8723591e+01 -2.6847312e+01 -2.6847312e+01 -2.6408511e+01 -2.6408511e+01 -2.6394903e+01 -2.6394903e+01 -3.7734897e+00 -3.7734894e+00 -2.3385793e-02 -2.3382490e-02 +8.3441355e-01 +8.3441418e-01 +9.5007510e-01 +9.5007517e-01 +3.9390835e+00 +3.9390840e+00 +3.9846285e+00 +3.9846292e+00 
-4.8724765e+01 -4.8724765e+01 -2.6846064e+01 -2.6846064e+01 -2.6401471e+01 -2.6401471e+01 -2.6392595e+01 -2.6392595e+01 -3.8094224e+00 -3.8094221e+00 +1.2201509e-02 +1.2205050e-02 +8.4668055e-01 +8.4668101e-01 +9.1988564e-01 +9.1988571e-01 +3.9485205e+00 +3.9485209e+00 +3.9769788e+00 +3.9769795e+00 
-4.8725687e+01 -4.8725687e+01 -2.6845152e+01 -2.6845151e+01 -2.6395860e+01 -2.6395860e+01 -2.6390794e+01 -2.6390794e+01 -3.8377109e+00 -3.8377105e+00 +4.1253077e-02 +4.1256823e-02 +8.5554330e-01 +8.5554361e-01 +8.9630094e-01 +8.9630101e-01 +3.9559004e+00 +3.9559009e+00 +3.9715754e+00 +3.9715760e+00 
-4.8726349e+01 -4.8726349e+01 -2.6844531e+01 -2.6844531e+01 -2.6391779e+01 -2.6391779e+01 -2.6389505e+01 -2.6389505e+01 -3.8580994e+00 -3.8580990e+00 +6.2803100e-02 +6.2807004e-02 +8.6144230e-01 +8.6144248e-01 +8.7940412e-01 +8.7940419e-01 +3.9611844e+00 +3.9611849e+00 +3.9680363e+00 +3.9680368e+00 
-4.8726748e+01 -4.8726748e+01 -2.6844171e+01 -2.6844171e+01 -2.6389301e+01 -2.6389301e+01 -2.6388730e+01 -2.6388730e+01 -3.8704054e+00 -3.8704051e+00 +7.6073852e-02 +7.6077855e-02 +8.6478620e-01 +8.6478630e-01 +8.6924738e-01 +8.6924744e-01 +3.9643572e+00 +3.9643576e+00 +3.9660496e+00 +3.9660501e+00 
-4.8726882e+01 -4.8726882e+01 -2.6844054e+01 -2.6844054e+01 -2.6388472e+01 -2.6388472e+01 -2.6388469e+01 -2.6388469e+01 -3.8745195e+00 -3.8745192e+00 +8.0556628e-02 +8.0560616e-02 +8.6585885e-01 +8.6585891e-01 +8.6586562e-01 +8.6586567e-01 +3.9654110e+00 +3.9654115e+00 +3.9654149e+00 +3.9654153e+00 
-4.8644004e+01 -4.8644004e+01 -2.7202516e+01 -2.7202516e+01 -2.6580848e+01 -2.6580848e+01 -2.6544673e+01 -2.6544673e+01 -2.7579394e+00 -2.7579389e+00 -9.7996514e-01 -9.7996479e-01 +1.6687099e+00 +1.6687129e+00 +2.2809123e+00 +2.2809133e+00 +5.1653940e+00 +5.1653941e+00 +5.2152487e+00 +5.2152501e+00 
-4.8645761e+01 -4.8642248e+01 -2.7208965e+01 -2.7194841e+01 -2.6592026e+01 -2.6570991e+01 -2.6553136e+01 -2.6536195e+01 -2.8015096e+00 -2.7103934e+00 -1.0272929e+00 -9.3429279e-01 +1.5801855e+00 +1.7522041e+00 +2.1366824e+00 +2.4302997e+00 +5.1528097e+00 +5.1690367e+00 +5.1779487e+00 +5.2718638e+00 
-4.8647509e+01 -4.8640501e+01 -2.7214144e+01 -2.7185995e+01 -2.6604467e+01 -2.6562498e+01 -2.6561536e+01 -2.6527748e+01 -2.8402149e+00 -2.6599965e+00 -1.0734793e+00 -8.9321546e-01 +1.4908919e+00 +1.8265972e+00 +1.9979121e+00 +2.5845030e+00 +5.1353501e+00 +5.1402762e+00 +5.1903958e+00 +5.3368139e+00 
-4.8649237e+01 -4.8638775e+01 -2.7218019e+01 -2.7176048e+01 -2.6618104e+01 -2.6569828e+01 -2.6555394e+01 -2.6519381e+01 -2.8733541e+00 -2.6081549e+00 -1.1157946e+00 -8.5983904e-01 +1.4051740e+00 +1.8648751e+00 +1.8881691e+00 +2.7431376e+00 +5.1161977e+00 +5.1278765e+00 +5.2026608e+00 +5.4081895e+00 
-4.8650936e+01 -4.8637077e+01 -2.7220569e+01 -2.7165078e+01 -2.6632854e+01 -2.6577964e+01 -2.6549695e+01 -2.6511141e+01 -2.9003780e+00 -2.5565920e+00 -1.1514975e+00 -8.3736028e-01 +1.3272903e+00 +1.7378175e+00 +1.9337481e+00 +2.9057658e+00 +5.1132269e+00 +5.1156973e+00 +5.2146717e+00 +5.4842807e+00 
-4.8652596e+01 -4.8635419e+01 -2.7221786e+01 -2.7153178e+01 -2.6648622e+01 -2.6585901e+01 -2.6545396e+01 -2.6503074e+01 -2.9208598e+00 -2.5073399e+00 -1.1777982e+00 -8.2884245e-01 +1.2611574e+00 +1.6169619e+00 +1.9609392e+00 +3.0718853e+00 +5.1038285e+00 +5.1274528e+00 +5.2263602e+00 +5.5635802e+00 
-4.8654209e+01 -4.8633809e+01 -2.7221674e+01 -2.7140453e+01 -2.6665302e+01 -2.6593596e+01 -2.6542477e+01 -2.6495228e+01 -2.9344732e+00 -2.4626383e+00 -1.1919196e+00 -8.3683290e-01 +1.2099624e+00 +1.5025107e+00 +1.9683167e+00 +3.2409142e+00 +5.0923657e+00 +5.1590269e+00 +5.2376613e+00 +5.6447633e+00 
-4.8655764e+01 -4.8632256e+01 -2.7220251e+01 -2.7127021e+01 -2.6682776e+01 -2.6601005e+01 -2.6540899e+01 -2.6487647e+01 -2.9409762e+00 -2.4246889e+00 -1.1913116e+00 -8.6290601e-01 +1.1757166e+00 +1.3946479e+00 +1.9555048e+00 +3.4121706e+00 +5.0814119e+00 +5.2071255e+00 +5.2485137e+00 +5.7266596e+00 
-4.8657254e+01 -4.8630769e+01 -2.7217550e+01 -2.7113018e+01 -2.6700911e+01 -2.6608091e+01 -2.6540603e+01 -2.6480374e+01 -2.9401999e+00 -2.3952660e+00 -1.1740172e+00 -9.0731640e-01 +1.1589283e+00 +1.2935409e+00 +1.9231088e+00 +3.5848468e+00 +5.0710825e+00 +5.2588601e+00 +5.2699971e+00 +5.8082206e+00 
-4.8658670e+01 -4.8629356e+01 -2.7213621e+01 -2.7098594e+01 -2.6719562e+01 -2.6614814e+01 -2.6541510e+01 -2.6473453e+01 -2.9320415e+00 -2.3753029e+00 -1.1390722e+00 -9.6894834e-01 +1.1585765e+00 +1.1993422e+00 +1.8725177e+00 +3.7579736e+00 +5.0615137e+00 +5.2686472e+00 +5.3451485e+00 +5.8884902e+00 
-4.8660005e+01 -4.8628026e+01 -2.7208535e+01 -2.7083915e+01 -2.6738566e+01 -2.6621138e+01 -2.6543517e+01 -2.6466923e+01 -2.9164606e+00 -2.3646630e+00 -1.0867283e+00 -1.0455973e+00 +1.1121902e+00 +1.1724182e+00 +1.8056486e+00 +3.9303704e+00 +5.0528784e+00 +5.2778261e+00 +5.4295992e+00 +5.9665781e+00 
-4.8661249e+01 -4.8626784e+01 -2.7202385e+01 -2.7069171e+01 -2.6757743e+01 -2.6627030e+01 -2.6546495e+01 -2.6460823e+01 -2.8934794e+00 -2.3622390e+00 -1.1344356e+00 -1.0183583e+00 +1.0322101e+00 +1.1974836e+00 +1.7247091e+00 +4.1005728e+00 +5.0454173e+00 +5.2863518e+00 +5.5201326e+00 +6.0416381e+00 
-4.8662398e+01 -4.8625639e+01 -2.7195294e+01 -2.7054569e+01 -2.6776886e+01 -2.6632459e+01 -2.6550292e+01 -2.6455189e+01 -2.8631878e+00 -2.3663098e+00 -1.2324581e+00 -9.3611736e-01 +9.5951499e-01 +1.2305552e+00 +1.6320290e+00 +4.2667176e+00 +5.0395044e+00 +5.2941837e+00 +5.6134952e+00 +6.1128515e+00 
-4.8663443e+01 -4.8624597e+01 -2.7187421e+01 -2.7040341e+01 -2.6795762e+01 -2.6637396e+01 -2.6554722e+01 -2.6450054e+01 -2.8257557e+00 -2.3749508e+00 -1.3367819e+00 -8.4256995e-01 +8.9420581e-01 +1.2685083e+00 +1.5299804e+00 +4.4263374e+00 +5.0357959e+00 +5.3012856e+00 +5.7065346e+00 +6.1794172e+00 
-4.8664380e+01 -4.8623663e+01 -2.7178969e+01 -2.7026742e+01 -2.6814095e+01 -2.6641815e+01 -2.6559576e+01 -2.6445448e+01 -2.7814569e+00 -2.3863367e+00 -1.4447787e+00 -7.4045640e-01 +8.3637218e-01 +1.3084972e+00 +1.4209894e+00 +4.5759326e+00 +5.0355998e+00 +5.3076253e+00 +5.7962851e+00 +6.2405483e+00 
-4.8665203e+01 -4.8622843e+01 -2.7170200e+01 -2.7014051e+01 -2.6831561e+01 -2.6645692e+01 -2.6564612e+01 -2.6441399e+01 -2.7307174e+00 -2.3988956e+00 -1.5540712e+00 -6.3266258e-01 +7.8609261e-01 +1.3076441e+00 +1.3480301e+00 +4.7099541e+00 +5.0418430e+00 +5.3131748e+00 +5.8800200e+00 +6.2954754e+00 
-4.8665907e+01 -4.8622141e+01 -2.7161447e+01 -2.7002564e+01 -2.6847770e+01 -2.6649008e+01 -2.6569567e+01 -2.6437931e+01 -2.6742132e+00 -2.4113542e+00 -1.6624165e+00 -5.2239891e-01 +7.4343474e-01 +1.1929260e+00 +1.3849828e+00 +4.8187000e+00 +5.0611525e+00 +5.3179103e+00 +5.9552880e+00 +6.3434594e+00 
-4.8666489e+01 -4.8621562e+01 -2.7153129e+01 -2.6992589e+01 -2.6862256e+01 -2.6651744e+01 -2.6574161e+01 -2.6435065e+01 -2.6130834e+00 -2.4227221e+00 -1.7674500e+00 -4.1361662e-01 +7.0845555e-01 +1.0806306e+00 +1.4175867e+00 +4.8894822e+00 +5.1027308e+00 +5.3218115e+00 +6.0199438e+00 +6.3838092e+00 
-4.8666944e+01 -4.8621108e+01 -2.7145750e+01 -2.6984431e+01 -2.6874474e+01 -2.6653888e+01 -2.6578111e+01 -2.6432818e+01 -2.5494344e+00 -2.4322560e+00 -1.8661331e+00 -3.1174280e-01 +6.8120150e-01 +9.7608857e-01 +1.4444129e+00 +4.9235833e+00 +5.1615464e+00 +5.3248625e+00 +6.0721780e+00 +6.4159061e+00 
-4.8667272e+01 -4.8620782e+01 -2.7139878e+01 -2.6978368e+01 -2.6883825e+01 -2.6655427e+01 -2.6581155e+01 -2.6431203e+01 -2.4876172e+00 -2.4394206e+00 -1.9534336e+00 -2.2475815e-01 +6.6170865e-01 +8.8722508e-01 +1.4643585e+00 +4.9377559e+00 +5.2171300e+00 +5.3270505e+00 +6.1105460e+00 +6.4392309e+00 
-4.8667469e+01 -4.8620585e+01 -2.7136068e+01 -2.6974630e+01 -2.6889732e+01 -2.6656354e+01 -2.6583078e+01 -2.6430230e+01 -2.4438568e+00 -2.4372715e+00 -2.0192482e+00 -1.6395433e-01 +6.5000266e-01 +8.2530276e-01 +1.4766391e+00 +4.9434254e+00 +5.2548179e+00 +5.3283669e+00 +6.1339944e+00 +6.4533901e+00 
-4.8667535e+01 -4.8620519e+01 -2.7134745e+01 -2.6973366e+01 -2.6891756e+01 -2.6656663e+01 -2.6583736e+01 -2.6429905e+01 -2.4453579e+00 -2.4163228e+00 -2.0453826e+00 -1.4171288e-01 +6.4609896e-01 +8.0268975e-01 +1.4807849e+00 +4.9449587e+00 +5.2680050e+00 +5.3288062e+00 +6.1418823e+00 +6.4581376e+00 
-4.8633667e+01 -4.8633667e+01 -2.7001975e+01 -2.6858476e+01 -2.6858476e+01 -2.6726129e+01 -2.6726128e+01 -2.6700758e+01 -1.9734579e+00 -1.2645214e+00 -1.2645136e+00 -1.0316001e+00 +3.1882254e-01 +3.1882559e-01 +1.8404914e+00 +4.2954060e+00 +4.2954156e+00 +4.6609387e+00 +6.4413501e+00 +6.4413542e+00 
-4.8633666e+01 -4.8633666e+01 -2.7001567e+01 -2.6861721e+01 -2.6861721e+01 -2.6722817e+01 -2.6722817e+01 -2.6701194e+01 -1.9706424e+00 -1.2648497e+00 -1.2648419e+00 -1.0312581e+00 +3.1664646e-01 +3.1664947e-01 +1.8396144e+00 +4.2977488e+00 +4.2977584e+00 +4.6417853e+00 +6.4453246e+00 +6.4453286e+00 
-4.8633664e+01 -4.8633664e+01 -2.7000347e+01 -2.6870578e+01 -2.6870578e+01 -2.6713765e+01 -2.6713765e+01 -2.6702498e+01 -1.9622215e+00 -1.2658366e+00 -1.2658289e+00 -1.0302506e+00 +3.1021234e-01 +3.1021532e-01 +1.8370271e+00 +4.3045935e+00 +4.3046031e+00 +4.5861497e+00 +6.4573565e+00 +6.4573605e+00 
-4.8633662e+01 -4.8633662e+01 -2.6998321e+01 -2.6883233e+01 -2.6883232e+01 -2.6704663e+01 -2.6700788e+01 -2.6700788e+01 -1.9482725e+00 -1.2674873e+00 -1.2674797e+00 -1.0286332e+00 +2.9979487e-01 +2.9979778e-01 +1.8328595e+00 +4.3154086e+00 +4.3154182e+00 +4.4988207e+00 +6.4777591e+00 +6.4777631e+00 
-4.8633658e+01 -4.8633658e+01 -2.6995498e+01 -2.6898077e+01 -2.6898077e+01 -2.6707675e+01 -2.6685503e+01 -2.6685502e+01 -1.9289253e+00 -1.2698079e+00 -1.2698005e+00 -1.0264994e+00 +2.8582711e-01 +2.8582994e-01 +1.8273274e+00 +4.3293680e+00 +4.3293776e+00 +4.3860318e+00 +6.5070092e+00 +6.5070136e+00 
-4.8633654e+01 -4.8633654e+01 -2.6991893e+01 -2.6914022e+01 -2.6914021e+01 -2.6711515e+01 -2.6669008e+01 -2.6669008e+01 -1.9043636e+00 -1.2728021e+00 -1.2727949e+00 -1.0239807e+00 +2.6886720e-01 +2.6886992e-01 +1.8207314e+00 +4.2540662e+00 +4.3454362e+00 +4.3454458e+00 +6.5456838e+00 +6.5456888e+00 
-4.8633649e+01 -4.8633649e+01 -2.6987525e+01 -2.6930373e+01 -2.6930373e+01 -2.6716161e+01 -2.6652010e+01 -2.6652010e+01 -1.8748271e+00 -1.2764661e+00 -1.2764591e+00 -1.0212480e+00 +2.4955835e-01 +2.4956093e-01 +1.8134542e+00 +4.1084755e+00 +4.3624752e+00 +4.3624848e+00 +6.5943756e+00 +6.5943809e+00 
-4.8633643e+01 -4.8633643e+01 -2.6982415e+01 -2.6946682e+01 -2.6946682e+01 -2.6721583e+01 -2.6634973e+01 -2.6634972e+01 -1.8406132e+00 -1.2807838e+00 -1.2807771e+00 -1.0185120e+00 +2.2858689e-01 +2.2858931e-01 +1.8059593e+00 +3.9538452e+00 +4.3793598e+00 +4.3793692e+00 +6.6535955e+00 +6.6536011e+00 
-4.8633637e+01 -4.8633637e+01 -2.6976590e+01 -2.6962639e+01 -2.6962639e+01 -2.6727749e+01 -2.6618221e+01 -2.6618221e+01 -1.8020801e+00 -1.2857210e+00 -1.2857146e+00 -1.0160243e+00 +2.0664253e-01 +2.0664478e-01 +1.7987878e+00 +3.7938585e+00 +4.3950876e+00 +4.3950968e+00 +6.7236774e+00 +6.7236833e+00 
-4.8633630e+01 -4.8633630e+01 -2.6978017e+01 -2.6978017e+01 -2.6970080e+01 -2.6734620e+01 -2.6601999e+01 -2.6601999e+01 -1.7596484e+00 -1.2912206e+00 -1.2912146e+00 -1.0140773e+00 +1.8438398e-01 +1.8438605e-01 +1.7925558e+00 +3.6314635e+00 +4.4088676e+00 +4.4088765e+00 +6.8046932e+00 +6.8046994e+00 
-4.8633623e+01 -4.8633623e+01 -2.6992644e+01 -2.6992644e+01 -2.6962918e+01 -2.6742156e+01 -2.6586499e+01 -2.6586499e+01 -1.7138032e+00 -1.2971987e+00 -1.2971931e+00 -1.0130038e+00 +1.6241192e-01 +1.6241380e-01 +1.7879505e+00 +3.4690461e+00 +4.4201740e+00 +4.4201825e+00 +6.8963900e+00 +6.8963964e+00 
-4.8633616e+01 -4.8633616e+01 -2.7006380e+01 -2.7006380e+01 -2.6955141e+01 -2.6750311e+01 -2.6571881e+01 -2.6571881e+01 -1.6650946e+00 -1.3035428e+00 -1.3035377e+00 -1.0131750e+00 +1.4125015e-01 +1.4125183e-01 +1.7857256e+00 +3.3085751e+00 +4.4287624e+00 +4.4287704e+00 +6.9981503e+00 +6.9981567e+00 
-4.8633609e+01 -4.8633609e+01 -2.7019108e+01 -2.7019108e+01 -2.6946790e+01 -2.6759036e+01 -2.6558279e+01 -2.6558279e+01 -1.6141366e+00 -1.3101120e+00 -1.3101074e+00 -1.0149963e+00 +1.2133503e-01 +1.2133651e-01 +1.7866948e+00 +3.1517104e+00 +4.4346500e+00 +4.4346574e+00 +7.1089671e+00 +7.1089736e+00 
-4.8633602e+01 -4.8633602e+01 -2.7030733e+01 -2.7030733e+01 -2.6937908e+01 -2.6768279e+01 -2.6545810e+01 -2.6545810e+01 -1.5616028e+00 -1.3167399e+00 -1.3167358e+00 -1.0189008e+00 +1.0301254e-01 +1.0301382e-01 +1.7917232e+00 +2.9998790e+00 +4.4380701e+00 +4.4380769e+00 +7.2274182e+00 +7.2274248e+00 
-4.8633596e+01 -4.8633596e+01 -2.7041172e+01 -2.7041171e+01 -2.6928542e+01 -2.6777985e+01 -2.6534575e+01 -2.6534575e+01 -1.5082188e+00 -1.3232404e+00 -1.3232367e+00 -1.0253392e+00 +8.6541880e-02 +8.6542976e-02 +1.8017146e+00 +2.8543261e+00 +4.4394124e+00 +4.4394185e+00 +7.3516125e+00 +7.3516189e+00 
-4.8633590e+01 -4.8633590e+01 -2.7050354e+01 -2.7050353e+01 -2.6918742e+01 -2.6788097e+01 -2.6524663e+01 -2.6524663e+01 -1.4547501e+00 -1.3294153e+00 -1.3294121e+00 -1.0347655e+00 +7.2104280e-02 +7.2105191e-02 +1.8175955e+00 +2.7161441e+00 +4.4391609e+00 +4.4391662e+00 +7.4790728e+00 +7.4790791e+00 
-4.8633585e+01 -4.8633585e+01 -2.7058220e+01 -2.7058220e+01 -2.6908560e+01 -2.6798556e+01 -2.6516148e+01 -2.6516148e+01 -1.4019832e+00 -1.3350640e+00 -1.3350613e+00 -1.0476179e+00 +5.9815326e-02 +5.9816055e-02 +1.8402928e+00 +2.5862860e+00 +4.4378363e+00 +4.4378409e+00 +7.6065108e+00 +7.6065168e+00 
-4.8633581e+01 -4.8633581e+01 -2.7064722e+01 -2.7064721e+01 -2.6898050e+01 -2.6809301e+01 -2.6509095e+01 -2.6509095e+01 -1.3507027e+00 -1.3399935e+00 -1.3399914e+00 -1.0642957e+00 +4.9739327e-02 +4.9739884e-02 +1.8707068e+00 +2.4655647e+00 +4.4359485e+00 +4.4359521e+00 +7.7294382e+00 +7.7294438e+00 
-4.8633577e+01 -4.8633577e+01 -2.7069819e+01 -2.7069819e+01 -2.6887269e+01 -2.6820271e+01 -2.6503555e+01 -2.6503555e+01 -1.3440293e+00 -1.3440277e+00 -1.3016621e+00 -1.0851328e+00 +4.1904102e-02 +4.1904508e-02 +1.9096795e+00 +2.3546441e+00 +4.4339576e+00 +4.4339603e+00 +7.8415924e+00 +7.8415972e+00 
-4.8633575e+01 -4.8633575e+01 -2.7073481e+01 -2.7073481e+01 -2.6876276e+01 -2.6831402e+01 -2.6499569e+01 -2.6499569e+01 -1.3470243e+00 -1.3470233e+00 -1.2555522e+00 -1.1103697e+00 +3.6314873e-02 +3.6315118e-02 +1.9579595e+00 +2.2540237e+00 +4.4322470e+00 +4.4322489e+00 +7.9343598e+00 +7.9343633e+00 
-4.8633573e+01 -4.8633573e+01 -2.7075687e+01 -2.7075687e+01 -2.6865131e+01 -2.6842631e+01 -2.6497166e+01 -2.6497166e+01 -1.3488675e+00 -1.3488670e+00 -1.2129687e+00 -1.1401272e+00 +3.2966206e-02 +3.2966299e-02 +2.0161670e+00 +2.1640220e+00 +4.4311030e+00 +4.4311039e+00 +7.9970125e+00 +7.9970145e+00 
-4.8633572e+01 -4.8633572e+01 -2.7076424e+01 -2.7076424e+01 -2.6853895e+01 -2.6853895e+01 -2.6496362e+01 -2.6496362e+01 -1.3494895e+00 -1.3494894e+00 -1.1743850e+00 -1.1743839e+00 +3.1850998e-02 +3.1851052e-02 +2.0847623e+00 +2.0847625e+00 +4.4307021e+00 +4.4307022e+00 +8.0193698e+00 +8.0193698e+00 
