# num high symmetry points
8
# label high symmetry points
G X M G R X M R 
# indices high symmetry points
1 35 69 118 178 227 228 262 
# nk, nb, ns
262 22 1
# k-points (frac coords)
+0.0000000e+00 +0.0000000e+00 +0.0000000e+00 
+0.0000000e+00 +1.4705882e-02 +0.0000000e+00 
+0.0000000e+00 +2.9411765e-02 +0.0000000e+00 
+0.0000000e+00 +4.4117647e-02 +0.0000000e+00 
+0.0000000e+00 +5.8823529e-02 +0.0000000e+00 
+0.0000000e+00 +7.3529412e-02 +0.0000000e+00 
+0.0000000e+00 +8.8235294e-02 +0.0000000e+00 
+0.0000000e+00 +1.0294118e-01 +0.0000000e+00 
+0.0000000e+00 +1.1764706e-01 +0.0000000e+00 
+0.0000000e+00 +1.3235294e-01 +0.0000000e+00 
+0.0000000e+00 +1.4705882e-01 +0.0000000e+00 
+0.0000000e+00 +1.6176471e-01 +0.0000000e+00 
+0.0000000e+00 +1.7647059e-01 +0.0000000e+00 
+0.0000000e+00 +1.9117647e-01 +0.0000000e+00 
+0.0000000e+00 +2.0588235e-01 +0.0000000e+00 
+0.0000000e+00 +2.2058824e-01 +0.0000000e+00 
+0.0000000e+00 +2.3529412e-01 +0.0000000e+00 
+0.0000000e+00 +2.5000000e-01 +0.0000000e+00 
+0.0000000e+00 +2.6470588e-01 +0.0000000e+00 
+0.0000000e+00 +2.7941176e-01 +0.0000000e+00 
+0.0000000e+00 +2.9411765e-01 +0.0000000e+00 
+0.0000000e+00 +3.0882353e-01 +0.0000000e+00 
+0.0000000e+00 +3.2352941e-01 +0.0000000e+00 
+0.0000000e+00 +3.3823529e-01 +0.0000000e+00 
+0.0000000e+00 +3.5294118e-01 +0.0000000e+00 
+0.0000000e+00 +3.6764706e-01 +0.0000000e+00 
+0.0000000e+00 +3.8235294e-01 +0.0000000e+00 
+0.0000000e+00 +3.9705882e-01 +0.0000000e+00 
+0.0000000e+00 +4.1176471e-01 +0.0000000e+00 
+0.0000000e+00 +4.2647059e-01 +0.0000000e+00 
+0.0000000e+00 +4.4117647e-01 +0.0000000e+00 
+0.0000000e+00 +4.5588235e-01 +0.0000000e+00 
+0.0000000e+00 +4.7058824e-01 +0.0000000e+00 
+0.0000000e+00 +4.8529412e-01 +0.0000000e+00 
+0.0000000e+00 +5.0000000e-01 +0.0000000e+00 
+1.4705882e-02 +5.0000000e-01 +0.0000000e+00 
+2.9411765e-02 +5.0000000e-01 +0.0000000e+00 
+4.4117647e-02 +5.0000000e-01 +0.0000000e+00 
+5.8823529e-02 +5.0000000e-01 +0.0000000e+00 
+7.3529412e-02 +5.0000000e-01 +0.0000000e+00 
+8.8235294e-02 +5.0000000e-01 +0.0000000e+00 
+1.0294118e-01 +5.0000000e-01 +0.0000000e+00 
+1.1764706e-01 +5.0000000e-01 +0.0000000e+00 
+1.3235294e-01 +5.0000000e-01 +0.0000000e+00 
+1.4705882e-01 +5.0000000e-01 +0.0000000e+00 
+1.6176471e-01 +5.0000000e-01 +0.0000000e+00 
+1.7647059e-01 +5.0000000e-01 +0.0000000e+00 
+1.9117647e-01 +5.0000000e-01 +0.0000000e+00 
+2.0588235e-01 +5.0000000e-01 +0.0000000e+00 
+2.2058824e-01 +5.0000000e-01 +0.0000000e+00 
+2.3529412e-01 +5.0000000e-01 +0.0000000e+00 
+2.5000000e-01 +5.0000000e-01 +0.0000000e+00 
+2.6470588e-01 +5.0000000e-01 +0.0000000e+00 
+2.7941176e-01 +5.0000000e-01 +0.0000000e+00 
+2.9411765e-01 +5.0000000e-01 +0.0000000e+00 
+3.0882353e-01 +5.0000000e-01 +0.0000000e+00 
+3.2352941e-01 +5.0000000e-01 +0.0000000e+00 
+3.3823529e-01 +5.0000000e-01 +0.0000000e+00 
+3.5294118e-01 +5.0000000e-01 +0.0000000e+00 
+3.6764706e-01 +5.0000000e-01 +0.0000000e+00 
+3.8235294e-01 +5.0000000e-01 +0.0000000e+00 
+3.9705882e-01 +5.0000000e-01 +0.0000000e+00 
+4.1176471e-01 +5.0000000e-01 +0.0000000e+00 
+4.2647059e-01 +5.0000000e-01 +0.0000000e+00 
+4.4117647e-01 +5.0000000e-01 +0.0000000e+00 
+4.5588235e-01 +5.0000000e-01 +0.0000000e+00 
+4.7058824e-01 +5.0000000e-01 +0.0000000e+00 
+4.8529412e-01 +5.0000000e-01 +0.0000000e+00 
+5.0000000e-01 +5.0000000e-01 +0.0000000e+00 
+4.8979592e-01 +4.8979592e-01 +0.0000000e+00 
+4.7959184e-01 +4.7959184e-01 +0.0000000e+00 
+4.6938776e-01 +4.6938776e-01 +0.0000000e+00 
+4.5918367e-01 +4.5918367e-01 +0.0000000e+00 
+4.4897959e-01 +4.4897959e-01 +0.0000000e+00 
+4.3877551e-01 +4.3877551e-01 +0.0000000e+00 
+4.2857143e-01 +4.2857143e-01 +0.0000000e+00 
+4.1836735e-01 +4.1836735e-01 +0.0000000e+00 
+4.0816327e-01 +4.0816327e-01 +0.0000000e+00 
+3.9795918e-01 +3.9795918e-01 +0.0000000e+00 
+3.8775510e-01 +3.8775510e-01 +0.0000000e+00 
+3.7755102e-01 +3.7755102e-01 +0.0000000e+00 
+3.6734694e-01 +3.6734694e-01 +0.0000000e+00 
+3.5714286e-01 +3.5714286e-01 +0.0000000e+00 
+3.4693878e-01 +3.4693878e-01 +0.0000000e+00 
+3.3673469e-01 +3.3673469e-01 +0.0000000e+00 
+3.2653061e-01 +3.2653061e-01 +0.0000000e+00 
+3.1632653e-01 +3.1632653e-01 +0.0000000e+00 
+3.0612245e-01 +3.0612245e-01 +0.0000000e+00 
+2.9591837e-01 +2.9591837e-01 +0.0000000e+00 
+2.8571429e-01 +2.8571429e-01 +0.0000000e+00 
+2.7551020e-01 +2.7551020e-01 +0.0000000e+00 
+2.6530612e-01 +2.6530612e-01 +0.0000000e+00 
+2.5510204e-01 +2.5510204e-01 +0.0000000e+00 
+2.4489796e-01 +2.4489796e-01 +0.0000000e+00 
+2.3469388e-01 +2.3469388e-01 +0.0000000e+00 
+2.2448980e-01 +2.2448980e-01 +0.0000000e+00 
+2.1428571e-01 +2.1428571e-01 +0.0000000e+00 
+2.0408163e-01 +2.0408163e-01 +0.0000000e+00 
+1.9387755e-01 +1.9387755e-01 +0.0000000e+00 
+1.8367347e-01 +1.8367347e-01 +0.0000000e+00 
+1.7346939e-01 +1.7346939e-01 +0.0000000e+00 
+1.6326531e-01 +1.6326531e-01 +0.0000000e+00 
+1.5306122e-01 +1.5306122e-01 +0.0000000e+00 
+1.4285714e-01 +1.4285714e-01 +0.0000000e+00 
+1.3265306e-01 +1.3265306e-01 +0.0000000e+00 
+1.2244898e-01 +1.2244898e-01 +0.0000000e+00 
+1.1224490e-01 +1.1224490e-01 +0.0000000e+00 
+1.0204082e-01 +1.0204082e-01 +0.0000000e+00 
+9.1836735e-02 +9.1836735e-02 +0.0000000e+00 
+8.1632653e-02 +8.1632653e-02 +0.0000000e+00 
+7.1428571e-02 +7.1428571e-02 +0.0000000e+00 
+6.1224490e-02 +6.1224490e-02 +0.0000000e+00 
+5.1020408e-02 +5.1020408e-02 +0.0000000e+00 
+4.0816327e-02 +4.0816327e-02 +0.0000000e+00 
+3.0612245e-02 +3.0612245e-02 +0.0000000e+00 
+2.0408163e-02 +2.0408163e-02 +0.0000000e+00 
+1.0204082e-02 +1.0204082e-02 +0.0000000e+00 
+0.0000000e+00 +0.0000000e+00 +0.0000000e+00 
+8.3333333e-03 +8.3333333e-03 +8.3333333e-03 
+1.6666667e-02 +1.6666667e-02 +1.6666667e-02 
+2.5000000e-02 +2.5000000e-02 +2.5000000e-02 
+3.3333333e-02 +3.3333333e-02 +3.3333333e-02 
+4.1666667e-02 +4.1666667e-02 +4.1666667e-02 
+5.0000000e-02 +5.0000000e-02 +5.0000000e-02 
+5.8333333e-02 +5.8333333e-02 +5.8333333e-02 
+6.6666667e-02 +6.6666667e-02 +6.6666667e-02 
+7.5000000e-02 +7.5000000e-02 +7.5000000e-02 
+8.3333333e-02 +8.3333333e-02 +8.3333333e-02 
+9.1666667e-02 +9.1666667e-02 +9.1666667e-02 
+1.0000000e-01 +1.0000000e-01 +1.0000000e-01 
+1.0833333e-01 +1.0833333e-01 +1.0833333e-01 
+1.1666667e-01 +1.1666667e-01 +1.1666667e-01 
+1.2500000e-01 +1.2500000e-01 +1.2500000e-01 
+1.3333333e-01 +1.3333333e-01 +1.3333333e-01 
+1.4166667e-01 +1.4166667e-01 +1.4166667e-01 
+1.5000000e-01 +1.5000000e-01 +1.5000000e-01 
+1.5833333e-01 +1.5833333e-01 +1.5833333e-01 
+1.6666667e-01 +1.6666667e-01 +1.6666667e-01 
+1.7500000e-01 +1.7500000e-01 +1.7500000e-01 
+1.8333333e-01 +1.8333333e-01 +1.8333333e-01 
+1.9166667e-01 +1.9166667e-01 +1.9166667e-01 
+2.0000000e-01 +2.0000000e-01 +2.0000000e-01 
+2.0833333e-01 +2.0833333e-01 +2.0833333e-01 
+2.1666667e-01 +2.1666667e-01 +2.1666667e-01 
+2.2500000e-01 +2.2500000e-01 +2.2500000e-01 
+2.3333333e-01 +2.3333333e-01 +2.3333333e-01 
+2.4166667e-01 +2.4166667e-01 +2.4166667e-01 
+2.5000000e-01 +2.5000000e-01 +2.5000000e-01 
+2.5833333e-01 +2.5833333e-01 +2.5833333e-01 
+2.6666667e-01 +2.6666667e-01 +2.6666667e-01 
+2.7500000e-01 +2.7500000e-01 +2.7500000e-01 
+2.8333333e-01 +2.8333333e-01 +2.8333333e-01 
+2.9166667e-01 +2.9166667e-01 +2.9166667e-01 
+3.0000000e-01 +3.0000000e-01 +3.0000000e-01 
+3.0833333e-01 +3.0833333e-01 +3.0833333e-01 
+3.1666667e-01 +3.1666667e-01 +3.1666667e-01 
+3.2500000e-01 +3.2500000e-01 +3.2500000e-01 
+3.3333333e-01 +3.3333333e-01 +3.3333333e-01 
+3.4166667e-01 +3.4166667e-01 +3.4166667e-01 
+3.5000000e-01 +3.5000000e-01 +3.5000000e-01 
+3.5833333e-01 +3.5833333e-01 +3.5833333e-01 
+3.6666667e-01 +3.6666667e-01 +3.6666667e-01 
+3.7500000e-01 +3.7500000e-01 +3.7500000e-01 
+3.8333333e-01 +3.8333333e-01 +3.8333333e-01 
+3.9166667e-01 +3.9166667e-01 +3.9166667e-01 
+4.0000000e-01 +4.0000000e-01 +4.0000000e-01 
+4.0833333e-01 +4.0833333e-01 +4.0833333e-01 
+4.1666667e-01 +4.1666667e-01 +4.1666667e-01 
+4.2500000e-01 +4.2500000e-01 +4.2500000e-01 
+4.3333333e-01 +4.3333333e-01 +4.3333333e-01 
+4.4166667e-01 +4.4166667e-01 +4.4166667e-01 
+4.5000000e-01 +4.5000000e-01 +4.5000000e-01 
+4.5833333e-01 +4.5833333e-01 +4.5833333e-01 
+4.6666667e-01 +4.6666667e-01 +4.6666667e-01 
+4.7500000e-01 +4.7500000e-01 +4.7500000e-01 
+4.8333333e-01 +4.8333333e-01 +4.8333333e-01 
+4.9166667e-01 +4.9166667e-01 +4.9166667e-01 
+5.0000000e-01 +5.0000000e-01 +5.0000000e-01 
+4.8979592e-01 +5.0000000e-01 +4.8979592e-01 
+4.7959184e-01 +5.0000000e-01 +4.7959184e-01 
+4.6938776e-01 +5.0000000e-01 +4.6938776e-01 
+4.5918367e-01 +5.0000000e-01 +4.5918367e-01 
+4.4897959e-01 +5.0000000e-01 +4.4897959e-01 
+4.3877551e-01 +5.0000000e-01 +4.3877551e-01 
+4.2857143e-01 +5.0000000e-01 +4.2857143e-01 
+4.1836735e-01 +5.0000000e-01 +4.1836735e-01 
+4.0816327e-01 +5.0000000e-01 +4.0816327e-01 
+3.9795918e-01 +5.0000000e-01 +3.9795918e-01 
+3.8775510e-01 +5.0000000e-01 +3.8775510e-01 
+3.7755102e-01 +5.0000000e-01 +3.7755102e-01 
+3.6734694e-01 +5.0000000e-01 +3.6734694e-01 
+3.5714286e-01 +5.0000000e-01 +3.5714286e-01 
+3.4693878e-01 +5.0000000e-01 +3.4693878e-01 
+3.3673469e-01 +5.0000000e-01 +3.3673469e-01 
+3.2653061e-01 +5.0000000e-01 +3.2653061e-01 
+3.1632653e-01 +5.0000000e-01 +3.1632653e-01 
+3.0612245e-01 +5.0000000e-01 +3.0612245e-01 
+2.9591837e-01 +5.0000000e-01 +2.9591837e-01 
+2.8571429e-01 +5.0000000e-01 +2.8571429e-01 
+2.7551020e-01 +5.0000000e-01 +2.7551020e-01 
+2.6530612e-01 +5.0000000e-01 +2.6530612e-01 
+2.5510204e-01 +5.0000000e-01 +2.5510204e-01 
+2.4489796e-01 +5.0000000e-01 +2.4489796e-01 
+2.3469388e-01 +5.0000000e-01 +2.3469388e-01 
+2.2448980e-01 +5.0000000e-01 +2.2448980e-01 
+2.1428571e-01 +5.0000000e-01 +2.1428571e-01 
+2.0408163e-01 +5.0000000e-01 +2.0408163e-01 
+1.9387755e-01 +5.0000000e-01 +1.9387755e-01 
+1.8367347e-01 +5.0000000e-01 +1.8367347e-01 
+1.7346939e-01 +5.0000000e-01 +1.7346939e-01 
+1.6326531e-01 +5.0000000e-01 +1.6326531e-01 
+1.5306122e-01 +5.0000000e-01 +1.5306122e-01 
+1.4285714e-01 +5.0000000e-01 +1.4285714e-01 
+1.3265306e-01 +5.0000000e-01 +1.3265306e-01 
+1.2244898e-01 +5.0000000e-01 +1.2244898e-01 
+1.1224490e-01 +5.0000000e-01 +1.1224490e-01 
+1.0204082e-01 +5.0000000e-01 +1.0204082e-01 
+9.1836735e-02 +5.0000000e-01 +9.1836735e-02 
+8.1632653e-02 +5.0000000e-01 +8.1632653e-02 
+7.1428571e-02 +5.0000000e-01 +7.1428571e-02 
+6.1224490e-02 +5.0000000e-01 +6.1224490e-02 
+5.1020408e-02 +5.0000000e-01 +5.1020408e-02 
+4.0816327e-02 +5.0000000e-01 +4.0816327e-02 
+3.0612245e-02 +5.0000000e-01 +3.0612245e-02 
+2.0408163e-02 +5.0000000e-01 +2.0408163e-02 
+1.0204082e-02 +5.0000000e-01 +1.0204082e-02 
+0.0000000e+00 +5.0000000e-01 +0.0000000e+00 
+5.0000000e-01 +5.0000000e-01 +0.0000000e+00 
+5.0000000e-01 +5.0000000e-01 +1.4705882e-02 
+5.0000000e-01 +5.0000000e-01 +2.9411765e-02 
+5.0000000e-01 +5.0000000e-01 +4.4117647e-02 
+5.0000000e-01 +5.0000000e-01 +5.8823529e-02 
+5.0000000e-01 +5.0000000e-01 +7.3529412e-02 
+5.0000000e-01 +5.0000000e-01 +8.8235294e-02 
+5.0000000e-01 +5.0000000e-01 +1.0294118e-01 
+5.0000000e-01 +5.0000000e-01 +1.1764706e-01 
+5.0000000e-01 +5.0000000e-01 +1.3235294e-01 
+5.0000000e-01 +5.0000000e-01 +1.4705882e-01 
+5.0000000e-01 +5.0000000e-01 +1.6176471e-01 
+5.0000000e-01 +5.0000000e-01 +1.7647059e-01 
+5.0000000e-01 +5.0000000e-01 +1.9117647e-01 
+5.0000000e-01 +5.0000000e-01 +2.0588235e-01 
+5.0000000e-01 +5.0000000e-01 +2.2058824e-01 
+5.0000000e-01 +5.0000000e-01 +2.3529412e-01 
+5.0000000e-01 +5.0000000e-01 +2.5000000e-01 
+5.0000000e-01 +5.0000000e-01 +2.6470588e-01 
+5.0000000e-01 +5.0000000e-01 +2.7941176e-01 
+5.0000000e-01 +5.0000000e-01 +2.9411765e-01 
+5.0000000e-01 +5.0000000e-01 +3.0882353e-01 
+5.0000000e-01 +5.0000000e-01 +3.2352941e-01 
+5.0000000e-01 +5.0000000e-01 +3.3823529e-01 
+5.0000000e-01 +5.0000000e-01 +3.5294118e-01 
+5.0000000e-01 +5.0000000e-01 +3.6764706e-01 
+5.0000000e-01 +5.0000000e-01 +3.8235294e-01 
+5.0000000e-01 +5.0000000e-01 +3.9705882e-01 
+5.0000000e-01 +5.0000000e-01 +4.1176471e-01 
+5.0000000e-01 +5.0000000e-01 +4.2647059e-01 
+5.0000000e-01 +5.0000000e-01 +4.4117647e-01 
+5.0000000e-01 +5.0000000e-01 +4.5588235e-01 
+5.0000000e-01 +5.0000000e-01 +4.7058824e-01 
+5.0000000e-01 +5.0000000e-01 +4.8529412e-01 
+5.0000000e-01 +5.0000000e-01 +5.0000000e-01 
# energies (kpt,band,spin)
# spin = 1
-7.4425811e+01 -7.4214734e+01 -3.8832139e+01 -3.8832139e+01 -3.8832139e+01 -3.7996917e+01 -3.7996917e+01 -3.7996917e+01 -9.6026486e+00 -5.7886903e+00 -5.7886902e+00 -1.3288554e+00 -1.3288554e+00 -1.3288554e+00 +2.1333469e+00 +2.1333469e+00 +4.8409377e+00 +4.8409377e+00 +4.8409377e+00 +8.8877447e+00 +8.8877447e+00 +8.8877447e+00 
-7.4425689e+01 -7.4214828e+01 -3.8832169e+01 -3.8831694e+01 -3.8831694e+01 -3.7997878e+01 -3.7997381e+01 -3.7997381e+01 -9.5973984e+00 -5.7859062e+00 -5.7845129e+00 -1.3292243e+00 -1.3292243e+00 -1.3264179e+00 +2.1262992e+00 +2.1359898e+00 +4.8184273e+00 +4.8184273e+00 +4.8366408e+00 +8.8579141e+00 +8.9141446e+00 +8.9141446e+00 
-7.4425323e+01 -7.4215112e+01 -3.8832250e+01 -3.8830358e+01 -3.8830358e+01 -3.8000756e+01 -3.7998764e+01 -3.7998764e+01 -9.5816866e+00 -5.7775560e+00 -5.7720159e+00 -1.3303223e+00 -1.3303223e+00 -1.3191077e+00 +2.1051818e+00 +2.1438971e+00 +4.7526504e+00 +4.7526504e+00 +4.8237554e+00 +8.7697848e+00 +8.9916476e+00 +8.9916476e+00 
-7.4424718e+01 -7.4215588e+01 -3.8832365e+01 -3.8828131e+01 -3.8828131e+01 -3.8005529e+01 -3.8001047e+01 -3.8001047e+01 -9.5556224e+00 -5.7636458e+00 -5.7513043e+00 -1.3321208e+00 -1.3321208e+00 -1.3069317e+00 +2.0700756e+00 +2.1570059e+00 +4.6483184e+00 +4.6483184e+00 +4.8023000e+00 +8.6275663e+00 +9.1157092e+00 +9.1157092e+00 
-7.4423877e+01 -7.4216260e+01 -3.8832486e+01 -3.8825012e+01 -3.8825012e+01 -3.8012167e+01 -3.8004203e+01 -3.8004203e+01 -9.5193665e+00 -5.7441856e+00 -5.7225557e+00 -1.3345650e+00 -1.3345650e+00 -1.2899005e+00 +2.0211297e+00 +2.1752124e+00 +4.5118122e+00 +4.5118122e+00 +4.7723126e+00 +8.4385207e+00 +9.2802130e+00 +9.2802130e+00 
-7.4422809e+01 -7.4217132e+01 -3.8832583e+01 -3.8821003e+01 -3.8821003e+01 -3.8020624e+01 -3.8008204e+01 -3.8008204e+01 -9.4731084e+00 -5.7191898e+00 -5.6860237e+00 -1.3375682e+00 -1.3375682e+00 -1.2680278e+00 +1.9585775e+00 +2.1983754e+00 +4.3498654e+00 +4.3498654e+00 +4.7338610e+00 +8.2127370e+00 +9.4787679e+00 +9.4787680e+00 
-7.4421520e+01 -7.4218207e+01 -3.8832630e+01 -3.8816107e+01 -3.8816107e+01 -3.8030848e+01 -3.8013028e+01 -3.8013028e+01 -9.4170476e+00 -5.6886768e+00 -5.6420410e+00 -1.3410086e+00 -1.3410086e+00 -1.2413298e+00 +1.8827526e+00 +2.2263188e+00 +4.1686832e+00 +4.1686832e+00 +4.6870542e+00 +7.9618236e+00 +9.7055650e+00 +9.7055650e+00 
-7.4420019e+01 -7.4219487e+01 -3.8832602e+01 -3.8810330e+01 -3.8810330e+01 -3.8042772e+01 -3.8018655e+01 -3.8018655e+01 -9.3513831e+00 -5.6526688e+00 -5.5910230e+00 -1.3447301e+00 -1.3447301e+00 -1.2098242e+00 +1.7940993e+00 +2.2588361e+00 +3.9735505e+00 +3.9735505e+00 +4.6320528e+00 +7.6965808e+00 +9.9557439e+00 +9.9557439e+00 
-7.4418314e+01 -7.4220974e+01 -3.8832471e+01 -3.8803683e+01 -3.8803683e+01 -3.8056324e+01 -3.8025071e+01 -3.8025071e+01 -9.2763123e+00 -5.6111922e+00 -5.5334690e+00 -1.3485454e+00 -1.3485454e+00 -1.1735302e+00 +1.6931748e+00 +2.2956922e+00 +3.7687709e+00 +3.7687709e+00 +4.5690772e+00 +7.4249063e+00 +1.0225427e+01 +1.0225427e+01 
-7.4416418e+01 -7.4222668e+01 -3.8832208e+01 -3.8796177e+01 -3.8796177e+01 -3.8071421e+01 -3.8032263e+01 -3.8032263e+01 -9.1920353e+00 -5.5642766e+00 -5.4699649e+00 -1.3522393e+00 -1.3522393e+00 -1.1324685e+00 +1.5806428e+00 +2.3366239e+00 +3.5577682e+00 +3.5577682e+00 +4.4984116e+00 +7.1512596e+00 +1.0511591e+01 +1.0511591e+01 
-7.4414341e+01 -7.4224570e+01 -3.8831770e+01 -3.8787829e+01 -3.8787829e+01 -3.8087973e+01 -3.8040219e+01 -3.8040219e+01 -9.0987633e+00 -5.5119549e+00 -5.4011872e+00 -1.3555727e+00 -1.3555727e+00 -1.0866608e+00 +1.4572588e+00 +2.3813386e+00 +3.3432380e+00 +3.3432380e+00 +4.4204017e+00 +6.8776335e+00 +1.0811895e+01 +1.0811895e+01 
-7.4412098e+01 -7.4226679e+01 -3.8831112e+01 -3.8778657e+01 -3.8778657e+01 -3.8105883e+01 -3.8048930e+01 -3.8048930e+01 -8.9967268e+00 -5.4542626e+00 -5.3279091e+00 -1.3582847e+00 -1.3582847e+00 -1.0361304e+00 +1.3238498e+00 +2.4295098e+00 +3.1272977e+00 +3.1272977e+00 +4.3354468e+00 +6.6049438e+00 +1.1124507e+01 +1.1124507e+01 
-7.4409705e+01 -7.4228997e+01 -3.8830179e+01 -3.8768683e+01 -3.8768683e+01 -3.8125048e+01 -3.8058385e+01 -3.8058385e+01 -8.8861822e+00 -5.3912374e+00 -5.2510085e+00 -1.3600955e+00 -1.3600955e+00 -9.8090167e-01 +1.1812919e+00 +2.4807720e+00 +2.9116135e+00 +2.9116135e+00 +4.2439862e+00 +6.3339936e+00 +1.1447959e+01 +1.1447959e+01 
-7.4407180e+01 -7.4231524e+01 -3.8828914e+01 -3.8757929e+01 -3.8757929e+01 -3.8145360e+01 -3.8068572e+01 -3.8068572e+01 -8.7674172e+00 -5.3229187e+00 -5.1714751e+00 -1.3607084e+00 -1.3607084e+00 -9.2100058e-01 +1.0304874e+00 +2.5347154e+00 +2.6975019e+00 +2.6975019e+00 +4.1464799e+00 +6.0658682e+00 +1.1781037e+01 +1.1781037e+01 
-7.4404544e+01 -7.4234259e+01 -3.8827257e+01 -3.8746421e+01 -3.8746421e+01 -3.8166707e+01 -3.8079477e+01 -3.8079477e+01 -8.6407538e+00 -5.2493475e+00 -5.0904174e+00 -1.3598125e+00 -1.3598125e+00 -8.5645436e-01 +8.7234332e-01 +2.4860089e+00 +2.4860089e+00 +2.5908811e+00 +4.0433882e+00 +5.8019744e+00 +1.2122687e+01 +1.2122687e+01 
-7.4401821e+01 -7.4237203e+01 -3.8825148e+01 -3.8734188e+01 -3.8734188e+01 -3.8188972e+01 -3.8091083e+01 -3.8091083e+01 -8.5065498e+00 -5.1705655e+00 -5.0090682e+00 -1.3570864e+00 -1.3570864e+00 -7.8729174e-01 +7.0775439e-01 +2.2779703e+00 +2.2779703e+00 +2.6487587e+00 +3.9351507e+00 +5.5439444e+00 +1.2471962e+01 +1.2471962e+01 
-7.4399034e+01 -7.4240355e+01 -3.8822526e+01 -3.8721257e+01 -3.8721257e+01 -3.8212037e+01 -3.8103373e+01 -3.8103373e+01 -8.3652002e+00 -5.0866158e+00 -4.9287870e+00 -1.3522024e+00 -1.3522024e+00 -7.1354311e-01 +5.3758866e-01 +2.0740578e+00 +2.0740578e+00 +2.7077871e+00 +3.8221700e+00 +5.2935254e+00 +1.2827970e+01 +1.2827970e+01 
-7.4396209e+01 -7.4243713e+01 -3.8819333e+01 -3.8707660e+01 -3.8707660e+01 -3.8235784e+01 -3.8116324e+01 -3.8116324e+01 -8.2171375e+00 -4.9975418e+00 -4.8510581e+00 -1.3448307e+00 -1.3448307e+00 -6.3524079e-01 +3.6267739e-01 +1.8748153e+00 +1.8748153e+00 +2.7673582e+00 +3.7048026e+00 +5.0524952e+00 +1.3189857e+01 +1.3189857e+01 
-7.4393367e+01 -7.4247276e+01 -3.8815511e+01 -3.8693428e+01 -3.8693428e+01 -3.8260090e+01 -3.8129913e+01 -3.8129913e+01 -8.0628331e+00 -4.9033876e+00 -4.7774827e+00 -1.3346440e+00 -1.3346440e+00 -5.5241948e-01 +1.8380815e-01 +1.6806866e+00 +1.6806866e+00 +2.8268243e+00 +3.5833585e+00 +4.8226057e+00 +1.3556784e+01 +1.3556784e+01 
-7.4390525e+01 -7.4251041e+01 -3.8811005e+01 -3.8678595e+01 -3.8678595e+01 -3.8284837e+01 -3.8144113e+01 -3.8144113e+01 -7.9027985e+00 -4.8041975e+00 -4.7097628e+00 -1.3213209e+00 -1.3213209e+00 -4.6511703e-01 +1.7208090e-03 +1.4920364e+00 +1.4920364e+00 +2.8855077e+00 +3.4581094e+00 +4.6055439e+00 +1.3927933e+01 +1.3927933e+01 
-7.4387689e+01 -7.4255005e+01 -3.8805762e+01 -3.8663193e+01 -3.8663193e+01 -3.8309904e+01 -3.8158898e+01 -3.8158898e+01 -7.7375873e+00 -4.7000161e+00 -4.6496730e+00 -1.3045497e+00 -1.3045497e+00 -3.7337541e-01 -1.8289427e-01 +1.3091676e+00 +1.3091676e+00 +2.9427133e+00 +3.3293031e+00 +4.4028991e+00 +1.4302509e+01 +1.4302509e+01 
-7.4384854e+01 -7.4259165e+01 -3.8799735e+01 -3.8647256e+01 -3.8647256e+01 -3.8335174e+01 -3.8174236e+01 -3.8174236e+01 -7.5677981e+00 -4.5990211e+00 -4.5908877e+00 -1.2840309e+00 -1.2840309e+00 -3.6939624e-01 -2.7724217e-01 +1.1323331e+00 +1.1323331e+00 +2.9977419e+00 +3.1971814e+00 +4.2161249e+00 +1.4679750e+01 +1.4679750e+01 
-7.4382000e+01 -7.4263516e+01 -3.8792877e+01 -3.8630818e+01 -3.8630818e+01 -3.8360532e+01 -3.8190096e+01 -3.8190096e+01 -7.3940761e+00 -4.5595936e+00 -4.4768568e+00 -1.2594790e+00 -1.2594790e+00 -5.5719256e-01 -1.7677213e-01 +9.6174462e-01 +9.6174462e-01 +3.0499074e+00 +3.0619959e+00 +4.0464929e+00 +1.5058948e+01 +1.5058948e+01 
-7.4379091e+01 -7.4268053e+01 -3.8785150e+01 -3.8613914e+01 -3.8613914e+01 -3.8385866e+01 -3.8206446e+01 -3.8206446e+01 -7.2171144e+00 -4.5330890e+00 -4.3579684e+00 -1.2306245e+00 -1.2306245e+00 -7.4573677e-01 -7.2029614e-02 +7.9757804e-01 +7.9757804e-01 +2.9240208e+00 +3.0985569e+00 +3.8950333e+00 +1.5439461e+01 +1.5439461e+01 
-7.4376079e+01 -7.4272771e+01 -3.8776515e+01 -3.8596579e+01 -3.8596579e+01 -3.8411068e+01 -3.8223251e+01 -3.8223251e+01 -7.0376536e+00 -4.5210415e+00 -4.2342687e+00 -1.1972155e+00 -1.1972155e+00 -9.3452567e-01 +3.6909022e-02 +6.3997482e-01 +6.3997482e-01 +2.7835603e+00 +3.1430954e+00 +3.7624665e+00 +1.5820736e+01 +1.5820736e+01 
-7.4372899e+01 -7.4277663e+01 -3.8766944e+01 -3.8578848e+01 -3.8578848e+01 -3.8436037e+01 -3.8240476e+01 -3.8240476e+01 -6.8564774e+00 -4.5247411e+00 -4.1058068e+00 -1.1590194e+00 -1.1590194e+00 -1.1230960e+00 +1.4995252e-01 +4.8904053e-01 +4.8904053e-01 +2.6409505e+00 +3.1830122e+00 +3.6491303e+00 +1.6202314e+01 +1.6202314e+01 
-7.4369478e+01 -7.4282725e+01 -3.8756409e+01 -3.8560759e+01 -3.8560759e+01 -3.8460674e+01 -3.8258085e+01 -3.8258085e+01 -6.6744075e+00 -4.5451599e+00 -3.9726370e+00 -1.3110210e+00 -1.1158255e+00 -1.1158255e+00 +2.6699169e-01 +3.4484045e-01 +3.4484045e-01 +2.4965567e+00 +3.2179064e+00 +3.5549135e+00 +1.6583836e+01 +1.6583836e+01 
-7.4365735e+01 -7.4287949e+01 -3.8744892e+01 -3.8542350e+01 -3.8542350e+01 -3.8484890e+01 -3.8276041e+01 -3.8276041e+01 -6.4922966e+00 -4.5828937e+00 -3.8348224e+00 -1.4979059e+00 -1.0674468e+00 -1.0674468e+00 +2.0739323e-01 +2.0739323e-01 +3.8789636e-01 +2.3507688e+00 +3.2475047e+00 +3.4792062e+00 +1.6965030e+01 +1.6965030e+01 
-7.4361592e+01 -7.4293330e+01 -3.8732379e+01 -3.8523662e+01 -3.8523662e+01 -3.8508600e+01 -3.8294306e+01 -3.8294306e+01 -6.3110267e+00 -4.6381272e+00 -3.6924383e+00 -1.6833850e+00 -1.0137234e+00 -1.0137234e+00 +7.6665102e-02 +7.6665102e-02 +5.1251250e-01 +2.2039940e+00 +3.2716706e+00 +3.4208772e+00 +1.7133177e+01 +1.7345674e+01 
-7.4356994e+01 -7.4298861e+01 -3.8718862e+01 -3.8531728e+01 -3.8504741e+01 -3.8504741e+01 -3.8312843e+01 -3.8312843e+01 -6.1315199e+00 -4.7106283e+00 -3.5455772e+00 -1.8671168e+00 -9.5452533e-01 -9.5452533e-01 -4.7432256e-02 -4.7432256e-02 +6.4065980e-01 +2.0566509e+00 +3.2904102e+00 +3.3782883e+00 +1.7103105e+01 +1.7725537e+01 
-7.4351925e+01 -7.4304537e+01 -3.8704342e+01 -3.8554205e+01 -3.8485633e+01 -3.8485633e+01 -3.8331615e+01 -3.8331615e+01 -5.9547661e+00 -4.7997717e+00 -3.3943519e+00 -2.0487808e+00 -8.8975391e-01 -8.8975391e-01 -1.6503616e-01 -1.6503616e-01 +7.7212981e-01 +1.9091620e+00 +3.3038945e+00 +3.3493462e+00 +1.7099515e+01 +1.7955566e+01 
-7.4346430e+01 -7.4310351e+01 -3.8688823e+01 -3.8575968e+01 -3.8466385e+01 -3.8466385e+01 -3.8350583e+01 -3.8350583e+01 -5.7818648e+00 -4.9045856e+00 -3.2388993e+00 -2.2280740e+00 -8.1934178e-01 -8.1934178e-01 -2.7631742e-01 -2.7631742e-01 +9.0668489e-01 +1.7619485e+00 +3.3125137e+00 +3.3315948e+00 +1.7123374e+01 +1.7775690e+01 
-7.4340604e+01 -7.4316291e+01 -3.8672320e+01 -3.8596962e+01 -3.8447049e+01 -3.8447049e+01 -3.8369710e+01 -3.8369710e+01 -5.6140630e+00 -5.0238160e+00 -3.0793811e+00 -2.4047084e+00 -7.4324816e-01 -7.4324816e-01 -3.8145609e-01 -3.8145609e-01 +1.0440580e+00 +1.6154253e+00 +3.3169682e+00 +3.3223404e+00 +1.7174502e+01 +1.7615761e+01 
-7.4334571e+01 -7.4322337e+01 -3.8654852e+01 -3.8617136e+01 -3.8427669e+01 -3.8427669e+01 -3.8388960e+01 -3.8388960e+01 -5.4527699e+00 -5.1559990e+00 -2.9159839e+00 -2.5784097e+00 -6.6144863e-01 -6.6144863e-01 -4.8061486e-01 -4.8061486e-01 +1.1839536e+00 +1.4699959e+00 +3.3183673e+00 +3.3188050e+00 +1.7251581e+01 +1.7474463e+01 
-7.4328451e+01 -7.4328451e+01 -3.8636446e+01 -3.8636446e+01 -3.8408292e+01 -3.8408292e+01 -3.8408292e+01 -3.8408292e+01 -5.2995358e+00 -5.2995358e+00 -2.7489170e+00 -2.7489170e+00 -5.7391882e-01 -5.7391882e-01 -5.7391882e-01 -5.7391882e-01 +1.3260488e+00 +1.3260488e+00 +3.3182950e+00 +3.3182950e+00 +1.7352406e+01 +1.7352406e+01 
-7.4328384e+01 -7.4328384e+01 -3.8639665e+01 -3.8639665e+01 -3.8408252e+01 -3.8408252e+01 -3.8405397e+01 -3.8405397e+01 -5.2989075e+00 -5.2989075e+00 -2.7522651e+00 -2.7522651e+00 -5.9397307e-01 -5.9397307e-01 -5.6406610e-01 -5.6406610e-01 +1.3483431e+00 +1.3483431e+00 +3.3194651e+00 +3.3194651e+00 +1.7313953e+01 +1.7313953e+01 
-7.4328184e+01 -7.4328184e+01 -3.8648853e+01 -3.8648853e+01 -3.8408131e+01 -3.8408131e+01 -3.8397175e+01 -3.8397175e+01 -5.2971722e+00 -5.2971722e+00 -2.7617134e+00 -2.7617134e+00 -6.5137070e-01 -6.5137070e-01 -5.3497919e-01 -5.3497919e-01 +1.4124330e+00 +1.4124330e+00 +3.3229718e+00 +3.3229718e+00 +1.7204467e+01 +1.7204467e+01 
-7.4327858e+01 -7.4327858e+01 -3.8662887e+01 -3.8662887e+01 -3.8407932e+01 -3.8407932e+01 -3.8384742e+01 -3.8384742e+01 -5.2947720e+00 -5.2947720e+00 -2.7755726e+00 -2.7755726e+00 -7.3928422e-01 -7.3928422e-01 -4.8797897e-01 -4.8797897e-01 +1.5114121e+00 +1.5114121e+00 +3.3288036e+00 +3.3288036e+00 +1.7037784e+01 +1.7037784e+01 
-7.4327417e+01 -7.4327417e+01 -3.8680517e+01 -3.8680517e+01 -3.8407661e+01 -3.8407661e+01 -3.8369331e+01 -3.8369331e+01 -5.2924229e+00 -5.2924229e+00 -2.7913149e+00 -2.7913149e+00 -8.4971209e-01 -8.4971209e-01 -4.2499811e-01 -4.2499811e-01 +1.6371637e+00 +1.6371637e+00 +3.3369356e+00 +3.3369356e+00 +1.6828831e+01 +1.6828831e+01 
-7.4326876e+01 -7.4326876e+01 -3.8700689e+01 -3.8700689e+01 -3.8407321e+01 -3.8407321e+01 -3.8351977e+01 -3.8351977e+01 -5.2910758e+00 -5.2910758e+00 -2.8059019e+00 -2.8059019e+00 -9.7553301e-01 -9.7553301e-01 -3.4829028e-01 -3.4829028e-01 +1.7824398e+00 +1.7824398e+00 +3.3473238e+00 +3.3473238e+00 +1.6589489e+01 +1.6589489e+01 
-7.4326256e+01 -7.4326256e+01 -3.8722613e+01 -3.8722613e+01 -3.8406915e+01 -3.8406915e+01 -3.8333444e+01 -3.8333444e+01 -5.2918549e+00 -5.2918549e+00 -2.8161077e+00 -2.8161077e+00 -1.1111937e+00 -1.1111937e+00 -2.6017245e-01 -2.6017245e-01 +1.9415822e+00 +1.9415822e+00 +3.3598975e+00 +3.3598975e+00 +1.6327733e+01 +1.6327733e+01 
-7.4325578e+01 -7.4325578e+01 -3.8745722e+01 -3.8745722e+01 -3.8406444e+01 -3.8406444e+01 -3.8314266e+01 -3.8314266e+01 -5.2959665e+00 -5.2959665e+00 -2.8188000e+00 -2.8188000e+00 -1.2526098e+00 -1.2526098e+00 -1.6284406e-01 -1.6284406e-01 +2.1104597e+00 +2.1104597e+00 +3.3745502e+00 +3.3745502e+00 +1.6048275e+01 +1.6048275e+01 
-7.4324863e+01 -7.4324863e+01 -3.8769609e+01 -3.8769609e+01 -3.8405903e+01 -3.8405903e+01 -3.8294820e+01 -3.8294820e+01 -5.3045816e+00 -5.3045816e+00 -2.8111767e+00 -2.8111767e+00 -1.3968326e+00 -1.3968326e+00 -5.8287969e-02 -5.8287969e-02 +2.2861586e+00 +2.2861586e+00 +3.3911296e+00 +3.3911296e+00 +1.5753609e+01 +1.5753609e+01 
-7.4324131e+01 -7.4324131e+01 -3.8793968e+01 -3.8793968e+01 -3.8405285e+01 -3.8405285e+01 -3.8275373e+01 -3.8275373e+01 -5.3187048e+00 -5.3187048e+00 -2.7909555e+00 -2.7909555e+00 -1.5417285e+00 -1.5417285e+00 +5.1761428e-02 +5.1761428e-02 +2.4666601e+00 +2.4666601e+00 +3.4094206e+00 +3.4094206e+00 +1.5445181e+01 +1.5445181e+01 
-7.4323392e+01 -7.4323392e+01 -3.8818563e+01 -3.8818563e+01 -3.8404582e+01 -3.8404582e+01 -3.8256119e+01 -3.8256119e+01 -5.3390528e+00 -5.3390528e+00 -2.7565005e+00 -2.7565005e+00 -1.6857353e+00 -1.6857353e+00 +1.6580028e-01 +1.6580028e-01 +2.6505589e+00 +2.6505589e+00 +3.4291230e+00 +3.4291230e+00 +1.5124623e+01 +1.5124623e+01 
-7.4322645e+01 -7.4322645e+01 -3.8843206e+01 -3.8843206e+01 -3.8403791e+01 -3.8403791e+01 -3.8237203e+01 -3.8237203e+01 -5.3659689e+00 -5.3659689e+00 -2.7068549e+00 -2.7068549e+00 -1.8276912e+00 -1.8276912e+00 +2.8250439e-01 +2.8250439e-01 +2.8368266e+00 +2.8368266e+00 +3.4498237e+00 +3.4498237e+00 +1.4794844e+01 +1.4794844e+01 
-7.4321885e+01 -7.4321885e+01 -3.8867734e+01 -3.8867734e+01 -3.8402916e+01 -3.8402916e+01 -3.8218730e+01 -3.8218730e+01 -5.3993951e+00 -5.3993951e+00 -2.6416633e+00 -2.6416633e+00 -1.9667158e+00 -1.9667158e+00 +4.0066700e-01 +4.0066700e-01 +3.0246231e+00 +3.0246231e+00 +3.4709769e+00 +3.4709769e+00 +1.4460539e+01 +1.4460539e+01 
-7.4321106e+01 -7.4321106e+01 -3.8892009e+01 -3.8892009e+01 -3.8401965e+01 -3.8401965e+01 -3.8200782e+01 -3.8200782e+01 -5.4389025e+00 -5.4389025e+00 -2.5610147e+00 -2.5610147e+00 -2.1021280e+00 -2.1021280e+00 +5.1915325e-01 +5.1915325e-01 +3.2131676e+00 +3.2131676e+00 +3.4919040e+00 +3.4919040e+00 +1.4127733e+01 +1.4127733e+01 
-7.4320312e+01 -7.4320312e+01 -3.8915906e+01 -3.8915906e+01 -3.8400951e+01 -3.8400951e+01 -3.8183418e+01 -3.8183418e+01 -5.4837682e+00 -5.4837682e+00 -2.4652816e+00 -2.4652816e+00 -2.2333884e+00 -2.2333884e+00 +6.3689234e-01 +6.3689234e-01 +3.4016665e+00 +3.4016665e+00 +3.5118193e+00 +3.5118193e+00 +1.3802528e+01 +1.3802528e+01 
-7.4319517e+01 -7.4319517e+01 -3.8939314e+01 -3.8939314e+01 -3.8399888e+01 -3.8399888e+01 -3.8166686e+01 -3.8166686e+01 -5.5330724e+00 -5.5330724e+00 -2.3600591e+00 -2.3600591e+00 -2.3550203e+00 -2.3550203e+00 +7.5290337e-01 +7.5290337e-01 +3.5298682e+00 +3.5298682e+00 +3.5892870e+00 +3.5892870e+00 +1.3489798e+01 +1.3489798e+01 
-7.4318745e+01 -7.4318745e+01 -3.8962132e+01 -3.8962132e+01 -3.8398791e+01 -3.8398791e+01 -3.8150626e+01 -3.8150626e+01 -5.5857936e+00 -5.5857936e+00 -2.4817767e+00 -2.4817767e+00 -2.2309385e+00 -2.2309385e+00 +8.6632838e-01 +8.6632838e-01 +3.5451574e+00 +3.5451574e+00 +3.7751558e+00 +3.7751558e+00 +1.3192539e+01 +1.3192539e+01 
-7.4318022e+01 -7.4318022e+01 -3.8984264e+01 -3.8984264e+01 -3.8397672e+01 -3.8397672e+01 -3.8135272e+01 -3.8135272e+01 -5.6408872e+00 -5.6408872e+00 -2.5982329e+00 -2.5982329e+00 -2.0938947e+00 -2.0938947e+00 +9.7644766e-01 +9.7644766e-01 +3.5567706e+00 +3.5567706e+00 +3.9583670e+00 +3.9583670e+00 +1.2912000e+01 +1.2912000e+01 
-7.4317372e+01 -7.4317372e+01 -3.9005623e+01 -3.9005623e+01 -3.8396542e+01 -3.8396542e+01 -3.8120657e+01 -3.8120657e+01 -5.6973421e+00 -5.6973421e+00 -2.7091621e+00 -2.7091621e+00 -1.9448943e+00 -1.9448943e+00 +1.0826705e+00 +1.0826705e+00 +3.5637729e+00 +3.5637729e+00 +4.1379904e+00 +4.1379904e+00 +1.2648259e+01 +1.2648259e+01 
-7.4316814e+01 -7.4316814e+01 -3.9026124e+01 -3.9026124e+01 -3.8395413e+01 -3.8395413e+01 -3.8106808e+01 -3.8106808e+01 -5.7542161e+00 -5.7542161e+00 -2.8143324e+00 -2.8143324e+00 -1.7850758e+00 -1.7850758e+00 +1.1845095e+00 +1.1845095e+00 +3.5652178e+00 +3.5652178e+00 +4.3130781e+00 +4.3130781e+00 +1.2400834e+01 +1.2400834e+01 
-7.4316358e+01 -7.4316358e+01 -3.9045689e+01 -3.9045689e+01 -3.8394295e+01 -3.8394295e+01 -3.8093751e+01 -3.8093751e+01 -5.8106539e+00 -5.8106539e+00 -2.9135391e+00 -2.9135391e+00 -1.6156950e+00 -1.6156950e+00 +1.2815497e+00 +1.2815497e+00 +3.5601649e+00 +3.5601649e+00 +4.4826694e+00 +4.4826694e+00 +1.2169117e+01 +1.2169117e+01 
-7.4316010e+01 -7.4316010e+01 -3.9064243e+01 -3.9064243e+01 -3.8393196e+01 -3.8393196e+01 -3.8081509e+01 -3.8081509e+01 -5.8658941e+00 -5.8658941e+00 -3.0066005e+00 -3.0066005e+00 -1.4381173e+00 -1.4381173e+00 +1.3734198e+00 +1.3734198e+00 +3.5477117e+00 +3.5477117e+00 +4.6457963e+00 +4.6457963e+00 +1.1952615e+01 +1.1952615e+01 
-7.4315769e+01 -7.4315769e+01 -3.9081716e+01 -3.9081716e+01 -3.8392126e+01 -3.8392126e+01 -3.8070103e+01 -3.8070103e+01 -5.9192673e+00 -5.9192673e+00 -3.0933548e+00 -3.0933548e+00 -1.2538256e+00 -1.2538256e+00 +1.4597700e+00 +1.4597700e+00 +3.5270420e+00 +3.5270420e+00 +4.8014900e+00 +4.8014900e+00 +1.1751043e+01 +1.1751043e+01 
-7.4315628e+01 -7.4315628e+01 -3.9098041e+01 -3.9098041e+01 -3.8391095e+01 -3.8391095e+01 -3.8059548e+01 -3.8059548e+01 -5.9701902e+00 -5.9701902e+00 -3.1736573e+00 -3.1736573e+00 -1.0644436e+00 -1.0644436e+00 +1.5402569e+00 +1.5402569e+00 +3.4974927e+00 +3.4974927e+00 +4.9487897e+00 +4.9487897e+00 +1.1564347e+01 +1.1564347e+01 
-7.4315577e+01 -7.4315577e+01 -3.9113158e+01 -3.9113158e+01 -3.8390109e+01 -3.8390109e+01 -3.8049861e+01 -3.8049861e+01 -6.0181581e+00 -6.0181581e+00 -3.2473794e+00 -3.2473794e+00 -8.7177750e-01 -8.7177750e-01 +1.6145359e+00 +1.6145359e+00 +3.4586401e+00 +3.4586401e+00 +5.0867532e+00 +5.0867532e+00 +1.1392661e+01 +1.1392661e+01 
-7.4315603e+01 -7.4315603e+01 -3.9127009e+01 -3.9127009e+01 -3.8389178e+01 -3.8389178e+01 -3.8041055e+01 -3.8041055e+01 -6.0627358e+00 -6.0627358e+00 -3.3144067e+00 -3.3144067e+00 -6.7787674e-01 -6.7787674e-01 +1.6822608e+00 +1.6822608e+00 +3.4104097e+00 +3.4104097e+00 +5.2144701e+00 +5.2144701e+00 +1.1236261e+01 +1.1236261e+01 
-7.4315689e+01 -7.4315689e+01 -3.9139542e+01 -3.9139542e+01 -3.8388309e+01 -3.8388309e+01 -3.8033141e+01 -3.8033141e+01 -6.1035495e+00 -6.1035495e+00 -3.3746382e+00 -3.3746382e+00 -4.8511933e-01 -4.8511933e-01 +1.7430878e+00 +1.7430878e+00 +3.3532119e+00 +3.3532119e+00 +5.3310773e+00 +5.3310773e+00 +1.1095486e+01 +1.1095486e+01 
-7.4315820e+01 -7.4315820e+01 -3.9150712e+01 -3.9150712e+01 -3.8387510e+01 -3.8387510e+01 -3.8026128e+01 -3.8026128e+01 -6.1402793e+00 -6.1402793e+00 -3.4279853e+00 -3.4279853e+00 -2.9632581e-01 -2.9632581e-01 +1.7966844e+00 +1.7966844e+00 +3.2881038e+00 +3.2881038e+00 +5.4357752e+00 +5.4357752e+00 +1.0970668e+01 +1.0970668e+01 
-7.4315978e+01 -7.4315978e+01 -3.9160476e+01 -3.9160476e+01 -3.8386787e+01 -3.8386787e+01 -3.8020025e+01 -3.8020025e+01 -6.1726528e+00 -6.1726528e+00 -3.4743710e+00 -3.4743710e+00 -1.1490727e-01 -1.1490727e-01 +1.8427454e+00 +1.8427454e+00 +3.2169750e+00 +3.2169750e+00 +5.5278462e+00 +5.5278462e+00 +1.0862075e+01 +1.0862075e+01 
-7.4316148e+01 -7.4316148e+01 -3.9168799e+01 -3.9168799e+01 -3.8386148e+01 -3.8386148e+01 -3.8014837e+01 -3.8014837e+01 -6.2004398e+00 -6.2004398e+00 -3.5137299e+00 -3.5137299e+00 +5.4957654e-02 +5.4957654e-02 +1.8810231e+00 +1.8810231e+00 +3.1427421e+00 +3.1427421e+00 +5.6066718e+00 +5.6066718e+00 +1.0769882e+01 +1.0769882e+01 
-7.4316314e+01 -7.4316314e+01 -3.9175649e+01 -3.9175649e+01 -3.8385603e+01 -3.8385603e+01 -3.8010571e+01 -3.8010571e+01 -6.2234480e+00 -6.2234480e+00 -3.5460068e+00 -3.5460068e+00 +2.0814871e-01 +2.0814871e-01 +1.9113845e+00 +1.9113845e+00 +3.0695066e+00 +3.0695066e+00 +5.6717473e+00 +5.6717473e+00 +1.0694188e+01 +1.0694188e+01 
-7.4316464e+01 -7.4316464e+01 -3.9181002e+01 -3.9181002e+01 -3.8385161e+01 -3.8385161e+01 -3.8007231e+01 -3.8007231e+01 -6.2415195e+00 -6.2415195e+00 -3.5711572e+00 -3.5711572e+00 +3.3852828e-01 +3.3852828e-01 +1.9339130e+00 +1.9339130e+00 +3.0025683e+00 +3.0025683e+00 +5.7226887e+00 +5.7226887e+00 +1.0635068e+01 +1.0635068e+01 
-7.4316587e+01 -7.4316587e+01 -3.9184839e+01 -3.9184839e+01 -3.8384834e+01 -3.8384834e+01 -3.8004824e+01 -3.8004824e+01 -6.2545277e+00 -6.2545277e+00 -3.5891465e+00 -3.5891465e+00 +4.3916769e-01 +4.3916769e-01 +1.9490289e+00 +1.9490289e+00 +2.9480970e+00 +2.9480970e+00 +5.7592305e+00 +5.7592305e+00 +1.0592635e+01 +1.0592635e+01 
-7.4316670e+01 -7.4316670e+01 -3.9187146e+01 -3.9187146e+01 -3.8384631e+01 -3.8384631e+01 -3.8003366e+01 -3.8003366e+01 -6.2623754e+00 -6.2623754e+00 -3.5999499e+00 -3.5999499e+00 +5.0316526e-01 +5.0316526e-01 +1.9575092e+00 +1.9575092e+00 +2.9122431e+00 +2.9122431e+00 +5.7812102e+00 +5.7812102e+00 +1.0567059e+01 +1.0567059e+01 
-7.4316700e+01 -7.4316700e+01 -3.9187915e+01 -3.9187915e+01 -3.8384563e+01 -3.8384563e+01 -3.8002876e+01 -3.8002876e+01 -6.2649989e+00 -6.2649989e+00 -3.6035527e+00 -3.6035527e+00 +5.2517984e-01 +5.2517984e-01 +1.9602074e+00 +1.9602074e+00 +2.8997002e+00 +2.8997002e+00 +5.7885450e+00 +5.7885450e+00 +1.0558509e+01 +1.0558509e+01 
-7.4316805e+01 -7.4316537e+01 -3.9187565e+01 -3.9186783e+01 -3.8385044e+01 -3.8384213e+01 -3.8003795e+01 -3.8002901e+01 -6.2644665e+00 -6.2604820e+00 -3.6016514e+00 -3.5985153e+00 +5.0031451e-01 +5.0769100e-01 +1.9506887e+00 +1.9645152e+00 +2.8982592e+00 +2.9253159e+00 +5.7754526e+00 +5.7875197e+00 +1.0556847e+01 +1.0576628e+01 
-7.4317118e+01 -7.4316050e+01 -3.9186517e+01 -3.9183390e+01 -3.8386485e+01 -3.8383160e+01 -3.8006547e+01 -3.8002967e+01 -6.2629226e+00 -6.2469627e+00 -3.5959516e+00 -3.5834071e+00 +4.2874173e-01 +4.5657547e-01 +1.9222338e+00 +1.9764007e+00 +2.8939027e+00 +2.9990760e+00 +5.7363190e+00 +5.7844480e+00 +1.0551872e+01 +1.0630711e+01 
-7.4317641e+01 -7.4315250e+01 -3.9184772e+01 -3.9177746e+01 -3.8388879e+01 -3.8381390e+01 -3.8011114e+01 -3.8003057e+01 -6.2605267e+00 -6.2245356e+00 -3.5864653e+00 -3.5582396e+00 +3.1801141e-01 +3.7541321e-01 +1.8752093e+00 +1.9932053e+00 +2.8865520e+00 +3.1132717e+00 +5.6716112e+00 +5.7793423e+00 +1.0543627e+01 +1.0719964e+01 
-7.4318370e+01 -7.4314152e+01 -3.9182337e+01 -3.9169871e+01 -3.8392215e+01 -3.8378890e+01 -3.8017470e+01 -3.8003153e+01 -6.2575451e+00 -6.1933600e+00 -3.5732124e+00 -3.5230322e+00 +1.7713917e-01 +2.6897204e-01 +1.8103777e+00 +2.0116415e+00 +2.8761328e+00 +3.2586951e+00 +5.5821962e+00 +5.7722239e+00 +1.0532192e+01 +1.0843160e+01 
-7.4319304e+01 -7.4312775e+01 -3.9179223e+01 -3.9159789e+01 -3.8396478e+01 -3.8375654e+01 -3.8025579e+01 -3.8003240e+01 -6.2543518e+00 -6.1536620e+00 -3.5562205e+00 -3.4778118e+00 +1.4315723e-02 +1.4226391e-01 +1.7289857e+00 +2.0286636e+00 +2.8626245e+00 +3.4269681e+00 +5.4693945e+00 +5.7631230e+00 +1.0517680e+01 +1.0998760e+01 
-7.4320437e+01 -7.4311139e+01 -3.9175441e+01 -3.9147533e+01 -3.8401646e+01 -3.8371684e+01 -3.8035400e+01 -3.8003311e+01 -6.2514307e+00 -6.1057391e+00 -3.5355249e+00 -3.4226138e+00 -1.6395557e-01 +1.5986364e-05 +1.6327525e+00 +2.0419131e+00 +2.8460859e+00 +3.6114085e+00 +5.3349628e+00 +5.7520793e+00 +1.0500235e+01 +1.1185061e+01 
-7.4321761e+01 -7.4309271e+01 -3.9171006e+01 -3.9133144e+01 -3.8407698e+01 -3.8366989e+01 -3.8046882e+01 -3.8003364e+01 -6.2493782e+00 -6.0499655e+00 -3.5111685e+00 -3.3574814e+00 -3.5282653e-01 -1.5350393e-01 +1.5237761e+00 +2.0498072e+00 +2.8266576e+00 +3.8069869e+00 +5.1810049e+00 +5.7391418e+00 +1.0480008e+01 +1.1400330e+01 
-7.4323270e+01 -7.4307196e+01 -3.9165937e+01 -3.9116670e+01 -3.8414603e+01 -3.8361583e+01 -3.8059969e+01 -3.8003398e+01 -6.2489053e+00 -5.9868000e+00 -3.4832022e+00 -3.2824663e+00 -5.4876303e-01 -3.1447609e-01 +1.4044073e+00 +2.0514485e+00 +2.8045498e+00 +4.0099750e+00 +5.0098418e+00 +5.7243695e+00 +1.0457151e+01 +1.1642934e+01 
-7.4324953e+01 -7.4304943e+01 -3.9160252e+01 -3.9098167e+01 -3.8422331e+01 -3.8355485e+01 -3.8074595e+01 -3.8003413e+01 -6.2508385e+00 -5.9167944e+00 -3.4516847e+00 -3.1976289e+00 -7.4918775e-01 -4.7945410e-01 +1.2771338e+00 +2.0464789e+00 +2.7800235e+00 +4.2175837e+00 +4.8238782e+00 +5.7078302e+00 +1.0431801e+01 +1.1911453e+01 
-7.4326802e+01 -7.4302541e+01 -3.9153974e+01 -3.9077696e+01 -3.8430846e+01 -3.8348716e+01 -3.8090688e+01 -3.8003412e+01 -6.2561154e+00 -5.8406054e+00 -3.4166832e+00 -3.1030385e+00 -9.5219688e-01 -6.4528646e-01 +1.1444919e+00 +2.0349394e+00 +2.7533740e+00 +4.4276814e+00 +4.6254899e+00 +5.6896011e+00 +1.0404080e+01 +1.2204773e+01 
-7.4328806e+01 -7.4300018e+01 -3.9147126e+01 -3.9055327e+01 -3.8440108e+01 -3.8341302e+01 -3.8108171e+01 -3.8003395e+01 -6.2657735e+00 -5.7590072e+00 -3.3782737e+00 -2.9987740e+00 -1.1563572e+00 -8.0905685e-01 +1.0090103e+00 +2.0171539e+00 +2.7249171e+00 +4.4169436e+00 +4.6385948e+00 +5.6697675e+00 +1.0374102e+01 +1.2522162e+01 
-7.4330956e+01 -7.4297402e+01 -3.9139733e+01 -3.9031137e+01 -3.8450076e+01 -3.8333270e+01 -3.8126960e+01 -3.8003362e+01 -6.2809296e+00 -5.6729067e+00 -3.3365419e+00 -2.8849244e+00 -1.3605666e+00 -9.6804929e-01 +8.7318122e-01 +1.9936399e+00 +2.6949787e+00 +4.2003484e+00 +4.8489770e+00 +5.6484224e+00 +1.0341975e+01 +1.2863348e+01 
-7.4333243e+01 -7.4294718e+01 -3.9131820e+01 -3.9005209e+01 -3.8460705e+01 -3.8324647e+01 -3.8146964e+01 -3.8003314e+01 -6.3027441e+00 -5.5833594e+00 -3.2915830e+00 -2.7615893e+00 -1.5639594e+00 -1.1197393e+00 +7.3945386e-01 +1.9650425e+00 +2.6638874e+00 +3.9776314e+00 +5.0577197e+00 +5.6256658e+00 +1.0307806e+01 +1.3228570e+01 
-7.4335660e+01 -7.4291988e+01 -3.9123416e+01 -3.8977634e+01 -3.8471947e+01 -3.8315466e+01 -3.8168092e+01 -3.8003250e+01 -6.3323721e+00 -5.4915855e+00 -3.2435031e+00 -2.6288802e+00 -1.7658425e+00 -1.2618099e+00 +6.1024318e-01 +1.9320868e+00 +2.6319701e+00 +3.7505321e+00 +5.2638961e+00 +5.6016041e+00 +1.0271707e+01 +1.3618611e+01 
-7.4338201e+01 -7.4289230e+01 -3.9114549e+01 -3.8948506e+01 -3.8483751e+01 -3.8305760e+01 -3.8190244e+01 -3.8003170e+01 -6.3708971e+00 -5.3989839e+00 -3.1924193e+00 -2.4869212e+00 -1.9656510e+00 -1.3921900e+00 +4.8795038e-01 +1.8955431e+00 +2.5995477e+00 +3.5206085e+00 +5.4667220e+00 +5.5763490e+00 +1.0233797e+01 +1.4034765e+01 
-7.4340863e+01 -7.4286457e+01 -3.9105248e+01 -3.8917928e+01 -3.8496066e+01 -3.8295565e+01 -3.8213320e+01 -3.8003074e+01 -6.4192540e+00 -5.3071391e+00 -3.1384601e+00 -2.3358504e+00 -2.1629169e+00 -1.5091094e+00 +3.7498929e-01 +1.8562039e+00 +2.5669334e+00 +3.2892488e+00 +5.5500171e+00 +5.6655283e+00 +1.0194204e+01 +1.4478642e+01 
-7.4343645e+01 -7.4283676e+01 -3.9095545e+01 -3.8886010e+01 -3.8508839e+01 -3.8284920e+01 -3.8237216e+01 -3.8002962e+01 -6.4781462e+00 -5.2178174e+00 -3.0817666e+00 -2.3572469e+00 -2.1758208e+00 -1.6111631e+00 +2.7381138e-01 +1.8148667e+00 +2.5344302e+00 +3.0576870e+00 +5.5227286e+00 +5.8597386e+00 +1.0153060e+01 +1.4951632e+01 
-7.4346550e+01 -7.4280884e+01 -3.9085472e+01 -3.8852865e+01 -3.8522013e+01 -3.8273864e+01 -3.8261825e+01 -3.8002832e+01 -6.5479744e+00 -5.1329413e+00 -3.0224924e+00 -2.5483049e+00 -2.0070011e+00 -1.6973719e+00 +1.8691770e-01 +1.7723240e+00 +2.5023293e+00 +2.8270183e+00 +5.4946070e+00 +6.0488514e+00 +1.0110506e+01 +1.5453776e+01 
-7.4349580e+01 -7.4278074e+01 -3.9075065e+01 -3.8818616e+01 -3.8535532e+01 -3.8287040e+01 -3.8262441e+01 -3.8002687e+01 -6.6287919e+00 -5.0545364e+00 -2.9608043e+00 -2.7357984e+00 -1.8295768e+00 -1.7672285e+00 +1.1684271e-01 +1.7293571e+00 +2.4709083e+00 +2.5982131e+00 +5.4657784e+00 +6.2324234e+00 +1.0066682e+01 +1.5981800e+01 
-7.4352739e+01 -7.4275234e+01 -3.9064363e+01 -3.8783391e+01 -3.8549339e+01 -3.8312750e+01 -3.8250695e+01 -3.8002525e+01 -6.7203093e+00 -4.9846424e+00 -2.9194677e+00 -2.8968829e+00 -1.8207149e+00 -1.6437503e+00 +6.6094877e-02 +1.6867365e+00 +2.3721284e+00 +2.4404287e+00 +5.4363701e+00 +6.4100555e+00 +1.0021729e+01 +1.5880064e+01 
-7.4356023e+01 -7.4272354e+01 -3.9053406e+01 -3.8747322e+01 -3.8563375e+01 -3.8338845e+01 -3.8238671e+01 -3.8002349e+01 -6.8219553e+00 -4.9251872e+00 -3.0990768e+00 -2.8309225e+00 -1.8582838e+00 -1.4497416e+00 +3.7046148e-02 +1.6452264e+00 +2.1495139e+00 +2.4111326e+00 +5.4065108e+00 +6.5813812e+00 +9.9757837e+00 +1.5636477e+01 
-7.4359419e+01 -7.4269424e+01 -3.9042239e+01 -3.8710549e+01 -3.8577580e+01 -3.8365214e+01 -3.8226421e+01 -3.8002158e+01 -6.9329677e+00 -4.8778352e+00 -3.2744070e+00 -2.7631321e+00 -1.8808017e+00 -1.2477888e+00 +3.1777908e-02 +1.6055937e+00 +1.9310136e+00 +2.3832390e+00 +5.3763293e+00 +6.7460583e+00 +9.9289792e+00 +1.5386286e+01 
-7.4362897e+01 -7.4266444e+01 -3.9030910e+01 -3.8673210e+01 -3.8591895e+01 -3.8391746e+01 -3.8213997e+01 -3.8001955e+01 -7.0524553e+00 -4.8438306e+00 -3.4452510e+00 -2.6937349e+00 -1.8894642e+00 -1.0381494e+00 +5.1909534e-02 +1.5686126e+00 +1.7171610e+00 +2.3569380e+00 +5.3459540e+00 +6.9037650e+00 +9.8814418e+00 +1.5130094e+01 
-7.4366427e+01 -7.4263418e+01 -3.9019467e+01 -3.8635449e+01 -3.8606261e+01 -3.8418330e+01 -3.8201457e+01 -3.8001741e+01 -7.1793914e+00 -4.8238707e+00 -3.6114096e+00 -2.6229693e+00 -1.8857075e+00 -8.2110258e-01 +9.8448872e-02 +1.5083716e+00 +1.5350599e+00 +2.3323856e+00 +5.3155127e+00 +7.0541999e+00 +9.8332929e+00 +1.4868499e+01 
-7.4369979e+01 -7.4260359e+01 -3.9007963e+01 -3.8620617e+01 -3.8597410e+01 -3.8444857e+01 -3.8188867e+01 -3.8001517e+01 -7.3125777e+00 -4.8180376e+00 -3.7726895e+00 -2.5510884e+00 -1.8711335e+00 -5.9695172e-01 +1.7170352e-01 +1.3049396e+00 +1.5057017e+00 +2.3096967e+00 +5.2851315e+00 +7.1970880e+00 +9.7846500e+00 +1.4602073e+01 
-7.4373535e+01 -7.4257282e+01 -3.8996450e+01 -3.8634904e+01 -3.8559247e+01 -3.8471220e+01 -3.8176298e+01 -3.8001285e+01 -7.4506549e+00 -4.8258085e+00 -3.9289017e+00 -2.4783605e+00 -1.8474525e+00 -3.6602882e-01 +2.7127543e-01 +1.1070502e+00 +1.4812777e+00 +2.2889394e+00 +5.2549348e+00 +7.3321911e+00 +9.7356288e+00 +1.4331360e+01 
-7.4377083e+01 -7.4254205e+01 -3.8984982e+01 -3.8649064e+01 -3.8521117e+01 -3.8497313e+01 -3.8163826e+01 -3.8001047e+01 -7.5921753e+00 -4.8461389e+00 -4.0798617e+00 -2.4050688e+00 -1.8164317e+00 -1.2869910e-01 +3.9613622e-01 +9.1481952e-01 +1.4624877e+00 +2.2701303e+00 +5.2250446e+00 +7.4593252e+00 +9.6863465e+00 +1.4056877e+01 
-7.4380611e+01 -7.4251149e+01 -3.8973610e+01 -3.8663039e+01 -3.8523032e+01 -3.8483181e+01 -3.8151519e+01 -3.8000804e+01 -7.7356922e+00 -4.8775970e+00 -4.2253893e+00 -2.3315114e+00 -1.7798438e+00 +1.1463355e-01 +5.4475819e-01 +7.2836209e-01 +1.4499756e+00 +2.2532331e+00 +5.1955803e+00 +7.5783817e+00 +9.6369264e+00 +1.3779121e+01 
-7.4384108e+01 -7.4248135e+01 -3.8962388e+01 -3.8676775e+01 -3.8548277e+01 -3.8445603e+01 -3.8139434e+01 -3.8000557e+01 -7.8798271e+00 -4.9185142e+00 -4.3653097e+00 -2.2580005e+00 -1.7394163e+00 +3.6352133e-01 +5.4786518e-01 +7.1526642e-01 +1.4443083e+00 +2.2381613e+00 +5.1666578e+00 +7.6893540e+00 +9.5875029e+00 +1.3498577e+01 
-7.4387561e+01 -7.4245183e+01 -3.8951366e+01 -3.8690214e+01 -3.8572949e+01 -3.8408547e+01 -3.8127609e+01 -3.8000307e+01 -8.0233046e+00 -4.9671261e+00 -4.4994542e+00 -2.1848625e+00 -1.6967844e+00 +3.7363382e-01 +6.1746845e-01 +9.0558070e-01 +1.4459465e+00 +2.2247862e+00 +5.1383899e+00 +7.7923651e+00 +9.5382294e+00 +1.3215736e+01 
-7.4390956e+01 -7.4242309e+01 -3.8940594e+01 -3.8703306e+01 -3.8596955e+01 -3.8372176e+01 -3.8116066e+01 -3.8000055e+01 -8.1649626e+00 -5.0216834e+00 -4.6276613e+00 -2.1124363e+00 -1.6534475e+00 +2.0608335e-01 +8.7592972e-01 +1.1135274e+00 +1.4552097e+00 +2.2129485e+00 +5.1108853e+00 +7.8876940e+00 +9.4892858e+00 +1.2931100e+01 
-7.4394277e+01 -7.4239532e+01 -3.8930119e+01 -3.8715998e+01 -3.8620204e+01 -3.8336653e+01 -3.8104828e+01 -3.7999803e+01 -8.3037502e+00 -5.0805293e+00 -4.7497773e+00 -2.0410727e+00 -1.6107311e+00 +4.5687616e-02 +1.1383131e+00 +1.3369133e+00 +1.4722381e+00 +2.2024735e+00 +5.0842487e+00 +7.9757955e+00 +9.4408850e+00 +1.2645201e+01 
-7.4397510e+01 -7.4236865e+01 -3.8919986e+01 -3.8728241e+01 -3.8642608e+01 -3.8302137e+01 -3.8093925e+01 -3.7999551e+01 -8.4387192e+00 -5.1421448e+00 -4.8656577e+00 -1.9711323e+00 -1.5697546e+00 -1.0708487e-01 +1.4039861e+00 +1.4969571e+00 +1.5735618e+00 +2.1931864e+00 +5.0585802e+00 +8.0573067e+00 +9.3932755e+00 +1.2358602e+01 
-7.4400639e+01 -7.4234319e+01 -3.8910239e+01 -3.8739988e+01 -3.8664085e+01 -3.8268787e+01 -3.8083391e+01 -3.7999301e+01 -8.5690134e+00 -5.2051689e+00 -4.9751669e+00 -1.9029838e+00 -1.5314086e+00 -2.5181790e-01 +1.5290483e+00 +1.6722824e+00 +1.8213141e+00 +2.1849253e+00 +5.0339752e+00 +8.1330363e+00 +9.3467349e+00 +1.2071920e+01 
-7.4403647e+01 -7.4231903e+01 -3.8900918e+01 -3.8751194e+01 -3.8684554e+01 -3.8236756e+01 -3.8073272e+01 -3.7999053e+01 -8.6938587e+00 -5.2684018e+00 -5.0781791e+00 -1.8370008e+00 -1.4963442e+00 -3.8816763e-01 +1.5679339e+00 +1.9425014e+00 +2.0780011e+00 +2.1775499e+00 +5.0105244e+00 +8.2039308e+00 +9.3015470e+00 +1.1785846e+01 
-7.4406519e+01 -7.4229625e+01 -3.8892060e+01 -3.8761817e+01 -3.8703942e+01 -3.8206193e+01 -3.8063611e+01 -3.7998811e+01 -8.8125549e+00 -5.3307978e+00 -5.1745780e+00 -1.7735592e+00 -1.4649757e+00 -5.1586141e-01 +1.6127769e+00 +2.1709454e+00 +2.2138895e+00 +2.3413861e+00 +4.9883129e+00 +8.2710159e+00 +9.2579588e+00 +1.1501169e+01 
-7.4409238e+01 -7.4227491e+01 -3.8883700e+01 -3.8771814e+01 -3.8722176e+01 -3.8177243e+01 -3.8054454e+01 -3.7998575e+01 -8.9244699e+00 -5.3914526e+00 -5.2642568e+00 -1.7130331e+00 -1.4374979e+00 -6.3468596e-01 +1.6624989e+00 +2.1650228e+00 +2.4855915e+00 +2.6090842e+00 +4.9674207e+00 +8.3353151e+00 +9.2161183e+00 +1.1218830e+01 
-7.4411789e+01 -7.4225506e+01 -3.8875871e+01 -3.8781148e+01 -3.8739190e+01 -3.8150043e+01 -3.8045844e+01 -3.7998347e+01 -9.0290372e+00 -5.4495881e+00 -5.3471175e+00 -1.6557910e+00 -1.4139145e+00 -7.4447315e-01 +1.7158148e+00 +2.1597145e+00 +2.7565689e+00 +2.8784653e+00 +4.9479223e+00 +8.3977507e+00 +9.1760121e+00 +1.0939969e+01 
-7.4414159e+01 -7.4223675e+01 -3.8868603e+01 -3.8789783e+01 -3.8754923e+01 -3.8124722e+01 -3.8037822e+01 -3.7998130e+01 -9.1257578e+00 -5.5045377e+00 -5.4230711e+00 -1.6021909e+00 -1.3940753e+00 -8.4508766e-01 +1.7712821e+00 +2.1549706e+00 +3.0254879e+00 +3.1465545e+00 +4.9298866e+00 +8.4590347e+00 +9.1374442e+00 +1.0666002e+01 
-7.4416332e+01 -7.4222003e+01 -3.8861925e+01 -3.8797685e+01 -3.8769317e+01 -3.8101403e+01 -3.8030425e+01 -3.7997924e+01 -9.2142056e+00 -5.5557321e+00 -5.4920365e+00 -1.5525756e+00 -1.3777159e+00 -9.3641785e-01 +1.8273599e+00 +2.1507536e+00 +3.2905883e+00 +3.4099547e+00 +4.9133766e+00 +8.5195614e+00 +9.1001088e+00 +1.0398701e+01 
-7.4418299e+01 -7.4220495e+01 -3.8855862e+01 -3.8804824e+01 -3.8782319e+01 -3.8080196e+01 -3.8023687e+01 -3.7997733e+01 -9.2940372e+00 -5.6026870e+00 -5.5539408e+00 -1.5072679e+00 -1.3644974e+00 -1.0183696e+00 +1.8824740e+00 +2.1470346e+00 +3.5495391e+00 +3.6648120e+00 +4.8984497e+00 +8.5793142e+00 +9.0637785e+00 +1.0140287e+01 
-7.4420049e+01 -7.4219155e+01 -3.8850438e+01 -3.8811173e+01 -3.8793885e+01 -3.8061203e+01 -3.8017639e+01 -3.7997557e+01 -9.3650003e+00 -5.6449926e+00 -5.6087184e+00 -1.4665660e+00 -1.3540413e+00 -1.0908623e+00 +1.9350833e+00 +2.1437905e+00 +3.7992872e+00 +3.9068306e+00 +4.8851571e+00 +8.6377991e+00 +9.0285502e+00 +9.8935454e+00 
-7.4421573e+01 -7.4217988e+01 -3.8845676e+01 -3.8816709e+01 -3.8803974e+01 -3.8044513e+01 -3.8012307e+01 -3.7997398e+01 -9.4269348e+00 -5.6823050e+00 -5.6563114e+00 -1.4307388e+00 -1.3459590e+00 -1.1538268e+00 +1.9837408e+00 +2.1410032e+00 +4.0358988e+00 +4.1313307e+00 +4.8735445e+00 +8.6940217e+00 +8.9950161e+00 +9.6619633e+00 
-7.4422867e+01 -7.4216997e+01 -3.8841599e+01 -3.8821414e+01 -3.8812552e+01 -3.8030208e+01 -3.8007719e+01 -3.7997259e+01 -9.4797515e+00 -5.7143380e+00 -5.6966693e+00 -1.4000226e+00 -1.3398740e+00 -1.2072040e+00 +2.0271452e+00 +2.1386582e+00 +4.2544146e+00 +4.3333461e+00 +4.8636514e+00 +8.7465214e+00 +8.9642332e+00 +9.4498691e+00 
-7.4423927e+01 -7.4216183e+01 -3.8838227e+01 -3.8825273e+01 -3.8819593e+01 -3.8018362e+01 -3.8003902e+01 -3.7997140e+01 -9.5233825e+00 -5.7408576e+00 -5.7297488e+00 -1.3746187e+00 -1.3354387e+00 -1.2509441e+00 +2.0641766e+00 +2.1367457e+00 +4.4487677e+00 +4.5077889e+00 +4.8555111e+00 +8.7934742e+00 +8.9374774e+00 +9.2625443e+00 
-7.4424751e+01 -7.4215550e+01 -3.8835579e+01 -3.8828278e+01 -3.8825079e+01 -3.8009048e+01 -3.8000883e+01 -3.7997045e+01 -9.5577136e+00 -5.7616762e+00 -5.7555146e+00 -1.3546914e+00 -1.3323453e+00 -1.2850065e+00 +2.0939173e+00 +2.1352596e+00 +4.6118786e+00 +4.6497139e+00 +4.8491513e+00 +8.8328662e+00 +8.9158997e+00 +9.1061897e+00 
-7.4425340e+01 -7.4215097e+01 -3.8833673e+01 -3.8830424e+01 -3.8829001e+01 -3.8002332e+01 -3.7998693e+01 -3.7996974e+01 -9.5825414e+00 -5.7766496e+00 -5.7739388e+00 -1.3403678e+00 -1.3303365e+00 -1.3093594e+00 +2.1156585e+00 +2.1341976e+00 +4.7361067e+00 +4.7546851e+00 +4.8445933e+00 +8.8627272e+00 +8.9002590e+00 +8.9875705e+00 
-7.4425694e+01 -7.4214825e+01 -3.8832524e+01 -3.8831711e+01 -3.8831355e+01 -3.7998275e+01 -3.7997363e+01 -3.7996932e+01 -9.5975982e+00 -5.7856749e+00 -5.7850014e+00 -1.3317380e+00 -1.3292149e+00 -1.3239803e+00 +2.1289003e+00 +2.1335597e+00 +4.8142344e+00 +4.8191800e+00 +4.8418523e+00 +8.8813921e+00 +8.8908661e+00 +8.9131513e+00 
-7.4425811e+01 -7.4214734e+01 -3.8832139e+01 -3.8832139e+01 -3.8832139e+01 -3.7996917e+01 -3.7996917e+01 -3.7996917e+01 -9.6026486e+00 -5.7886903e+00 -5.7886902e+00 -1.3288554e+00 -1.3288554e+00 -1.3288554e+00 +2.1333469e+00 +2.1333469e+00 +4.8409377e+00 +4.8409377e+00 +4.8409377e+00 +8.8877447e+00 +8.8877447e+00 +8.8877447e+00 
-7.4425693e+01 -7.4214825e+01 -3.8832253e+01 -3.8832253e+01 -3.8831083e+01 -3.7998419e+01 -3.7997076e+01 -3.7997076e+01 -9.5975979e+00 -5.7853367e+00 -5.7853366e+00 -1.3308995e+00 -1.3308995e+00 -1.3231348e+00 +2.1312304e+00 +2.1312305e+00 +4.8066685e+00 +4.8342816e+00 +4.8342816e+00 +8.8920208e+00 +8.8920208e+00 +8.9013943e+00 
-7.4425339e+01 -7.4215096e+01 -3.8832590e+01 -3.8832590e+01 -3.8827918e+01 -3.8002898e+01 -3.7997551e+01 -3.7997551e+01 -9.5825603e+00 -5.7752866e+00 -5.7752865e+00 -1.3370540e+00 -1.3370540e+00 -1.3059723e+00 +2.1249449e+00 +2.1249450e+00 +4.7061816e+00 +4.8144480e+00 +4.8144480e+00 +8.9049672e+00 +8.9049672e+00 +8.9409074e+00 
-7.4424748e+01 -7.4215548e+01 -3.8833146e+01 -3.8833146e+01 -3.8822648e+01 -3.8010290e+01 -3.7998342e+01 -3.7998342e+01 -9.5578225e+00 -5.7585725e+00 -5.7585724e+00 -1.3473831e+00 -1.3473831e+00 -1.2773665e+00 +2.1146812e+00 +2.1146813e+00 +4.5458327e+00 +4.7818402e+00 +4.7818402e+00 +8.9268967e+00 +8.9268967e+00 +9.0023169e+00 
-7.4423918e+01 -7.4216177e+01 -3.8833909e+01 -3.8833909e+01 -3.8815293e+01 -3.8020506e+01 -3.7999446e+01 -3.7999446e+01 -9.5237188e+00 -5.7352477e+00 -5.7352476e+00 -1.3619851e+00 -1.3619851e+00 -1.2373149e+00 +2.1007549e+00 +2.1007550e+00 +4.3345180e+00 +4.7371245e+00 +4.7371245e+00 +8.9582058e+00 +8.9582058e+00 +9.0799550e+00 
-7.4422847e+01 -7.4216981e+01 -3.8834867e+01 -3.8834867e+01 -3.8805882e+01 -3.8033449e+01 -3.8000861e+01 -3.8000861e+01 -9.4805247e+00 -5.7053863e+00 -5.7053863e+00 -1.3809814e+00 -1.3809814e+00 -1.1858143e+00 +2.0836004e+00 +2.0836005e+00 +4.0819873e+00 +4.6812138e+00 +4.6812138e+00 +8.9992389e+00 +8.9992389e+00 +9.1673982e+00 
-7.4421535e+01 -7.4217956e+01 -3.8836007e+01 -3.8836007e+01 -3.8794465e+01 -3.8049021e+01 -3.8002584e+01 -3.8002584e+01 -9.4284214e+00 -5.6690825e+00 -5.6690824e+00 -1.4045040e+00 -1.4045040e+00 -1.1228615e+00 +2.0637614e+00 +2.0637615e+00 +3.7975203e+00 +4.6152313e+00 +4.6152314e+00 +9.0501673e+00 +9.0501673e+00 +9.2582549e+00 
-7.4419983e+01 -7.4219096e+01 -3.8837313e+01 -3.8837313e+01 -3.8781105e+01 -3.8067118e+01 -3.8004614e+01 -3.8004614e+01 -9.3675218e+00 -5.6264499e+00 -5.6264498e+00 -1.4326824e+00 -1.4326824e+00 -1.0484534e+00 +2.0418756e+00 +2.0418756e+00 +3.4891665e+00 +4.5404589e+00 +4.5404589e+00 +9.1109148e+00 +9.1109148e+00 +9.3467332e+00 
-7.4418196e+01 -7.4220398e+01 -3.8838770e+01 -3.8838770e+01 -3.8765879e+01 -3.8087624e+01 -3.8006952e+01 -3.8006952e+01 -9.2979196e+00 -5.5776215e+00 -5.5776215e+00 -1.4656304e+00 -1.4656304e+00 -9.6258861e-01 +2.0186543e+00 +2.0186544e+00 +3.1634774e+00 +4.4582727e+00 +4.4582727e+00 +9.1811325e+00 +9.1811325e+00 +9.4280373e+00 
-7.4416180e+01 -7.4221853e+01 -3.8840362e+01 -3.8840362e+01 -3.8748879e+01 -3.8110410e+01 -3.8009599e+01 -3.8009599e+01 -9.2197311e+00 -5.5227498e+00 -5.5227498e+00 -1.5034320e+00 -1.5034319e+00 -8.6526904e-01 +1.9948581e+00 +1.9948582e+00 +2.8255704e+00 +4.3700789e+00 +4.3700789e+00 +9.2602120e+00 +9.2602120e+00 +9.4986435e+00 
-7.4413945e+01 -7.4223457e+01 -3.8842071e+01 -3.8842071e+01 -3.8730208e+01 -3.8135330e+01 -3.8012559e+01 -3.8012559e+01 -9.1331174e+00 -5.4620064e+00 -5.4620064e+00 -1.5461281e+00 -1.5461281e+00 -7.5650159e-01 +1.9712684e+00 +1.9712684e+00 +2.4793816e+00 +4.2772555e+00 +4.2772555e+00 +9.3473206e+00 +9.3473206e+00 +9.5564498e+00 
-7.4411504e+01 -7.4225201e+01 -3.8843878e+01 -3.8843878e+01 -3.8709977e+01 -3.8162227e+01 -3.8015836e+01 -3.8015836e+01 -9.0382915e+00 -5.3955827e+00 -5.3955827e+00 -1.5937044e+00 -1.5937044e+00 -6.3630059e-01 +1.9486576e+00 +1.9486576e+00 +2.1279990e+00 +4.1811071e+00 +4.1811071e+00 +9.4414420e+00 +9.4414420e+00 +9.6007395e+00 
-7.4408867e+01 -7.4227079e+01 -3.8845764e+01 -3.8845764e+01 -3.8688308e+01 -3.8190925e+01 -3.8019438e+01 -3.8019438e+01 -8.9355139e+00 -5.3236904e+00 -5.3236904e+00 -1.6460802e+00 -1.6460802e+00 -5.0469061e-01 +1.7739871e+00 +1.9277610e+00 +1.9277610e+00 +4.0828328e+00 +4.0828329e+00 +9.5414137e+00 +9.5414137e+00 +9.6319209e+00 
-7.4406050e+01 -7.4229081e+01 -3.8847709e+01 -3.8847709e+01 -3.8665330e+01 -3.8221240e+01 -3.8023371e+01 -3.8023371e+01 -8.8250854e+00 -5.2465624e+00 -5.2465623e+00 -1.7031012e+00 -1.7031012e+00 -3.6170960e-01 +1.4196240e+00 +1.9092507e+00 +1.9092507e+00 +3.9835078e+00 +3.9835078e+00 +9.6459605e+00 +9.6459605e+00 +9.6510948e+00 
-7.4403065e+01 -7.4231198e+01 -3.8849689e+01 -3.8849689e+01 -3.8641178e+01 -3.8252979e+01 -3.8027645e+01 -3.8027645e+01 -8.7073376e+00 -5.1644542e+00 -5.1644542e+00 -1.7645358e+00 -1.7645358e+00 -2.0741257e-01 +1.0670118e+00 +1.8937153e+00 +1.8937153e+00 +3.8840752e+00 +3.8840752e+00 +9.6595968e+00 +9.7537250e+00 +9.7537250e+00 
-7.4399928e+01 -7.4233418e+01 -3.8851682e+01 -3.8851682e+01 -3.8616000e+01 -3.8285942e+01 -3.8032268e+01 -3.8032268e+01 -8.5826251e+00 -5.0776457e+00 -5.0776456e+00 -1.8300749e+00 -1.8300749e+00 -4.1875545e-02 +7.1808169e-01 +1.8816455e+00 +1.8816456e+00 +3.7853481e+00 +3.7853481e+00 +9.6586652e+00 +9.8632980e+00 +9.8632980e+00 
-7.4396654e+01 -7.4235728e+01 -3.8853663e+01 -3.8853663e+01 -3.8589950e+01 -3.8319920e+01 -3.8037249e+01 -3.8037249e+01 -8.4513178e+00 -4.9864427e+00 -4.9864427e+00 -1.8993368e+00 -1.8993368e+00 +1.3480021e-01 +3.7455634e-01 +1.8734267e+00 +1.8734267e+00 +3.6880179e+00 +3.6880179e+00 +9.6493032e+00 +9.9732532e+00 +9.9732532e+00 
-7.4393257e+01 -7.4238114e+01 -3.8855606e+01 -3.8855606e+01 -3.8563188e+01 -3.8354705e+01 -3.8042598e+01 -3.8042598e+01 -8.3137950e+00 -4.8911798e+00 -4.8911797e+00 -1.9718742e+00 -1.9718742e+00 +3.7922472e-02 +3.2248408e-01 +1.8693373e+00 +1.8693373e+00 +3.5926676e+00 +3.5926676e+00 +9.6323009e+00 +1.0082186e+01 +1.0082186e+01 
-7.4389756e+01 -7.4240558e+01 -3.8857485e+01 -3.8857485e+01 -3.8535885e+01 -3.8390084e+01 -3.8048324e+01 -3.8048324e+01 -8.1704401e+00 -4.7922215e+00 -4.7922215e+00 -2.0471856e+00 -2.0471856e+00 -2.9056626e-01 +5.2101249e-01 +1.8695528e+00 +1.8695528e+00 +3.4997885e+00 +3.4997885e+00 +9.6083397e+00 +1.0188754e+01 +1.0188754e+01 
-7.4386165e+01 -7.4243046e+01 -3.8859271e+01 -3.8859271e+01 -3.8508215e+01 -3.8425843e+01 -3.8054435e+01 -3.8054435e+01 -8.0216361e+00 -4.6899648e+00 -4.6899648e+00 -2.1247268e+00 -2.1247268e+00 -6.0986259e-01 +7.3018642e-01 +1.8741531e+00 +1.8741531e+00 +3.4097985e+00 +3.4097985e+00 +9.5781047e+00 +1.0291717e+01 +1.0291717e+01 
-7.4382501e+01 -7.4245562e+01 -3.8860938e+01 -3.8860938e+01 -3.8480355e+01 -3.8461771e+01 -3.8060939e+01 -3.8060939e+01 -7.8677619e+00 -4.5848401e+00 -4.5848400e+00 -2.2039246e+00 -2.2039246e+00 -9.1909095e-01 +9.4977048e-01 +1.8831322e+00 +1.8831322e+00 +3.3230593e+00 +3.3230593e+00 +9.5423596e+00 +1.0389967e+01 +1.0389967e+01 
-7.4378784e+01 -7.4248094e+01 -3.8862456e+01 -3.8862456e+01 -3.8497656e+01 -3.8452490e+01 -3.8067844e+01 -3.8067844e+01 -7.7091893e+00 -4.4773121e+00 -4.4773120e+00 -2.2841899e+00 -2.2841899e+00 -1.2175166e+00 +1.1794942e+00 +1.8964086e+00 +1.8964087e+00 +3.2398930e+00 +3.2398930e+00 +9.5019599e+00 +1.0482558e+01 +1.0482558e+01 
-7.4375030e+01 -7.4250633e+01 -3.8863796e+01 -3.8863796e+01 -3.8533290e+01 -3.8424802e+01 -3.8075157e+01 -3.8075157e+01 -7.5462812e+00 -4.3678800e+00 -4.3678799e+00 -2.3649302e+00 -2.3649302e+00 -1.5045228e+00 +1.4190552e+00 +1.9138362e+00 +1.9138363e+00 +3.1605954e+00 +3.1605954e+00 +9.4577996e+00 +1.0568711e+01 +1.0568711e+01 
-7.4371258e+01 -7.4253173e+01 -3.8864930e+01 -3.8864930e+01 -3.8568468e+01 -3.8397479e+01 -3.8082883e+01 -3.8082883e+01 -7.3793915e+00 -4.2570766e+00 -4.2570765e+00 -2.4455617e+00 -2.4455617e+00 -1.7795928e+00 +1.6681229e+00 +1.9352139e+00 +1.9352140e+00 +3.0854458e+00 +3.0854458e+00 +9.4107095e+00 +1.0647825e+01 +1.0647826e+01 
-7.4367487e+01 -7.4255713e+01 -3.8865828e+01 -3.8865828e+01 -3.8602993e+01 -3.8370706e+01 -3.8091027e+01 -3.8091027e+01 -7.2088658e+00 -4.1454669e+00 -4.1454668e+00 -2.5255196e+00 -2.5255196e+00 -2.0422941e+00 +1.9263411e+00 +1.9602956e+00 +1.9602956e+00 +3.0147141e+00 +3.0147141e+00 +9.3613470e+00 +1.0719465e+01 +1.0719465e+01 
-7.4363735e+01 -7.4258249e+01 -3.8866463e+01 -3.8866463e+01 -3.8636672e+01 -3.8344668e+01 -3.8099595e+01 -3.8099595e+01 -7.0350456e+00 -4.0336455e+00 -4.0336455e+00 -2.6042681e+00 -2.6042681e+00 -2.2922602e+00 +1.9887988e+00 +1.9887988e+00 +2.1933251e+00 +2.9486643e+00 +2.9486643e+00 +9.3101281e+00 +1.0783353e+01 +1.0783353e+01 
-7.4360017e+01 -7.4260774e+01 -3.8866805e+01 -3.8866805e+01 -3.8669323e+01 -3.8319550e+01 -3.8108590e+01 -3.8108590e+01 -6.8582722e+00 -3.9222337e+00 -3.9222336e+00 -2.6813072e+00 -2.6813072e+00 -2.5291717e+00 +2.0204141e+00 +2.0204142e+00 +2.4686514e+00 +2.8875550e+00 +2.8875550e+00 +9.2572279e+00 +1.0839356e+01 +1.0839356e+01 
-7.4356346e+01 -7.4263278e+01 -3.8866827e+01 -3.8866827e+01 -3.8700774e+01 -3.8295532e+01 -3.8118013e+01 -3.8118013e+01 -6.6788915e+00 -3.8118742e+00 -3.8118742e+00 -2.7561795e+00 -2.7561795e+00 -2.7527420e+00 +2.0548136e+00 +2.0548136e+00 +2.7518399e+00 +2.8316376e+00 +2.8316376e+00 +9.2026423e+00 +1.0887475e+01 +1.0887475e+01 
-7.4352730e+01 -7.4265749e+01 -3.8866503e+01 -3.8866503e+01 -3.8730862e+01 -3.8272788e+01 -3.8127865e+01 -3.8127865e+01 -6.4972569e+00 -3.7032266e+00 -3.7032265e+00 -2.9627081e+00 -2.8284741e+00 -2.8284741e+00 +2.0916596e+00 +2.0916596e+00 +2.7811527e+00 +2.7811527e+00 +3.0423343e+00 +9.1462726e+00 +1.0927830e+01 +1.0927830e+01 
-7.4349175e+01 -7.4268173e+01 -3.8865807e+01 -3.8865807e+01 -3.8759439e+01 -3.8251488e+01 -3.8138147e+01 -3.8138146e+01 -6.3137306e+00 -3.5969597e+00 -3.5969596e+00 -3.1588286e+00 -2.8978280e+00 -2.8978280e+00 +2.1306130e+00 +2.1306131e+00 +2.7363244e+00 +2.7363244e+00 +3.3394864e+00 +9.0879983e+00 +1.0960657e+01 +1.0960657e+01 
-7.4345685e+01 -7.4270537e+01 -3.8864713e+01 -3.8864713e+01 -3.8786365e+01 -3.8231792e+01 -3.8148854e+01 -3.8148854e+01 -6.1286824e+00 -3.4937437e+00 -3.4937436e+00 -3.3408846e+00 -2.9639263e+00 -2.9639263e+00 +2.1713405e+00 +2.1713406e+00 +2.6973537e+00 +2.6973537e+00 +3.6425513e+00 +9.0277196e+00 +1.0986295e+01 +1.0986295e+01 
-7.4342263e+01 -7.4272828e+01 -3.8863197e+01 -3.8863197e+01 -3.8811512e+01 -3.8213850e+01 -3.8159983e+01 -3.8159983e+01 -5.9424901e+00 -3.5086838e+00 -3.3942404e+00 -3.3942403e+00 -3.0264989e+00 -3.0264989e+00 +2.2135202e+00 +2.2135202e+00 +2.6644110e+00 +2.6644110e+00 +3.9506950e+00 +8.9653707e+00 +1.1005184e+01 +1.1005184e+01 
-7.4338915e+01 -7.4275037e+01 -3.8861237e+01 -3.8861237e+01 -3.8834760e+01 -3.8197803e+01 -3.8171527e+01 -3.8171527e+01 -5.7555417e+00 -3.6620631e+00 -3.2990924e+00 -3.2990923e+00 -3.0853161e+00 -3.0853161e+00 +2.2568445e+00 +2.2568446e+00 +2.6376267e+00 +2.6376267e+00 +4.2630089e+00 +8.9009147e+00 +1.1017855e+01 +1.1017855e+01 
-7.4335649e+01 -7.4277153e+01 -3.8858810e+01 -3.8858810e+01 -3.8856001e+01 -3.8183777e+01 -3.8183477e+01 -3.8183477e+01 -5.5682405e+00 -3.8008927e+00 -3.2089111e+00 -3.2089111e+00 -3.1401820e+00 -3.1401820e+00 +2.3010212e+00 +2.3010212e+00 +2.6170830e+00 +2.6170830e+00 +4.5785265e+00 +8.8343299e+00 +1.1024934e+01 +1.1024934e+01 
-7.4332473e+01 -7.4279170e+01 -3.8875136e+01 -3.8855897e+01 -3.8855897e+01 -3.8195823e+01 -3.8195823e+01 -3.8171888e+01 -5.3810126e+00 -3.9250779e+00 -3.1909272e+00 -3.1909272e+00 -3.1242642e+00 -3.1242641e+00 +2.3457699e+00 +2.3457699e+00 +2.6028039e+00 +2.6028039e+00 +4.8962390e+00 +8.7655964e+00 +1.1027130e+01 +1.1027130e+01 
-7.4329396e+01 -7.4281079e+01 -3.8892079e+01 -3.8852479e+01 -3.8852479e+01 -3.8208553e+01 -3.8208553e+01 -3.8162235e+01 -5.1943170e+00 -4.0345625e+00 -3.2374014e+00 -3.2374014e+00 -3.0456628e+00 -3.0456627e+00 +2.3908173e+00 +2.3908173e+00 +2.5947461e+00 +2.5947461e+00 +5.2151056e+00 +8.6946863e+00 +1.1025249e+01 +1.1025249e+01 
-7.4326430e+01 -7.4282877e+01 -3.8906752e+01 -3.8848541e+01 -3.8848541e+01 -3.8221653e+01 -3.8221653e+01 -3.8154901e+01 -5.0086548e+00 -4.1293306e+00 -3.2794677e+00 -3.2794677e+00 -2.9735499e+00 -2.9735499e+00 +2.4358906e+00 +2.4358907e+00 +2.5927905e+00 +2.5927905e+00 +5.5340601e+00 +8.6215587e+00 +1.1020195e+01 +1.1020195e+01 
-7.4323582e+01 -7.4284559e+01 -3.8919094e+01 -3.8844068e+01 -3.8844068e+01 -3.8235110e+01 -3.8235110e+01 -3.8149954e+01 -4.8245799e+00 -4.2094102e+00 -3.3169998e+00 -3.3169998e+00 -2.9082900e+00 -2.9082900e+00 +2.4807118e+00 +2.4807118e+00 +2.5967334e+00 +2.5967334e+00 +5.8520115e+00 +8.5461609e+00 +1.1012989e+01 +1.1012989e+01 
-7.4320862e+01 -7.4286122e+01 -3.8929053e+01 -3.8839049e+01 -3.8839049e+01 -3.8248910e+01 -3.8248910e+01 -3.8147444e+01 -4.6427076e+00 -4.2748755e+00 -3.3498828e+00 -3.3498828e+00 -2.8501609e+00 -2.8501609e+00 +2.5249950e+00 +2.5249951e+00 +2.6062788e+00 +2.6062788e+00 +6.1678356e+00 +8.4684333e+00 +1.1004792e+01 +1.1004792e+01 
-7.4318278e+01 -7.4287564e+01 -3.8936590e+01 -3.8833478e+01 -3.8833478e+01 -3.8263041e+01 -3.8263041e+01 -3.8147403e+01 -4.4637222e+00 -4.3258507e+00 -3.3780190e+00 -3.3780190e+00 -2.7993490e+00 -2.7993489e+00 +2.5684500e+00 +2.5684500e+00 +2.6210313e+00 +2.6210313e+00 +6.4803500e+00 +8.3883206e+00 +1.0996924e+01 +1.0996924e+01 
-7.4315835e+01 -7.4288884e+01 -3.8941682e+01 -3.8827350e+01 -3.8827350e+01 -3.8277487e+01 -3.8277487e+01 -3.8149847e+01 -4.3625132e+00 -4.2883835e+00 -3.4013365e+00 -3.4013365e+00 -2.7559474e+00 -2.7559474e+00 +2.6107902e+00 +2.6107902e+00 +2.6404899e+00 +2.6404899e+00 +6.7882562e+00 +8.3057848e+00 +1.0990873e+01 +1.0990873e+01 
-7.4313541e+01 -7.4290083e+01 -3.8944316e+01 -3.8820665e+01 -3.8820665e+01 -3.8292236e+01 -3.8292236e+01 -3.8154771e+01 -4.3850978e+00 -4.1175302e+00 -3.4197984e+00 -3.4197984e+00 -2.7199585e+00 -2.7199585e+00 +2.6517463e+00 +2.6517463e+00 +2.6640453e+00 +2.6640453e+00 +7.0900149e+00 +8.2208237e+00 +1.0988276e+01 +1.0988276e+01 
-7.4311399e+01 -7.4291163e+01 -3.8944491e+01 -3.8813424e+01 -3.8813424e+01 -3.8307270e+01 -3.8307270e+01 -3.8162154e+01 -4.3939004e+00 -3.9520818e+00 -3.4334103e+00 -3.4334103e+00 -2.6912984e+00 -2.6912984e+00 +2.6909831e+00 +2.6909831e+00 +2.6910799e+00 +2.6910799e+00 +7.3835825e+00 +8.1334904e+00 +1.0990853e+01 +1.0990853e+01 
-7.4309412e+01 -7.4292127e+01 -3.8942221e+01 -3.8805631e+01 -3.8805631e+01 -3.8322572e+01 -3.8322572e+01 -3.8171957e+01 -4.3892826e+00 -3.7930376e+00 -3.4422240e+00 -3.4422240e+00 -2.6698044e+00 -2.6698043e+00 +2.7204985e+00 +2.7204985e+00 +2.7285951e+00 +2.7285952e+00 +7.6658367e+00 +8.0439155e+00 +1.0974056e+01 +1.1000293e+01 
-7.4307582e+01 -7.4292978e+01 -3.8937530e+01 -3.8797293e+01 -3.8797293e+01 -3.8338122e+01 -3.8338122e+01 -3.8184121e+01 -4.3716760e+00 -3.6414723e+00 -3.4463360e+00 -3.4463359e+00 -2.6552441e+00 -2.6552441e+00 +2.7517232e+00 +2.7517232e+00 +2.7641456e+00 +2.7641456e+00 +7.9312496e+00 +7.9523302e+00 +1.0565257e+01 +1.1018094e+01 
-7.4305911e+01 -7.4293721e+01 -3.8930455e+01 -3.8788415e+01 -3.8788415e+01 -3.8353897e+01 -3.8353897e+01 -3.8198574e+01 -4.3415873e+00 -3.4985281e+00 -3.4458821e+00 -3.4458821e+00 -2.6473251e+00 -2.6473251e+00 +2.7837667e+00 +2.7837668e+00 +2.7976354e+00 +2.7976354e+00 +7.8590904e+00 +8.1686518e+00 +1.0200544e+01 +1.1045397e+01 
-7.4304397e+01 -7.4294361e+01 -3.8921045e+01 -3.8779004e+01 -3.8779004e+01 -3.8369871e+01 -3.8369871e+01 -3.8215223e+01 -4.2996038e+00 -3.4410303e+00 -3.4410303e+00 -3.3654021e+00 -2.6457048e+00 -2.6457048e+00 +2.8157657e+00 +2.8157658e+00 +2.8290145e+00 +2.8290145e+00 +7.7646994e+00 +8.3536251e+00 +9.9061525e+00 +1.1082856e+01 
-7.4303039e+01 -7.4294906e+01 -3.8909359e+01 -3.8769068e+01 -3.8769068e+01 -3.8386015e+01 -3.8386015e+01 -3.8233963e+01 -4.2463988e+00 -3.4319726e+00 -3.4319726e+00 -3.2433270e+00 -2.6500002e+00 -2.6500002e+00 +2.8469339e+00 +2.8469340e+00 +2.8582694e+00 +2.8582694e+00 +7.6698309e+00 +8.4388054e+00 +9.7312759e+00 +1.1130571e+01 
-7.4301834e+01 -7.4295360e+01 -3.8895471e+01 -3.8758615e+01 -3.8758615e+01 -3.8402301e+01 -3.8402301e+01 -3.8254673e+01 -4.1827391e+00 -3.4189180e+00 -3.4189180e+00 -3.1335454e+00 -2.6597970e+00 -2.6597969e+00 +2.8766052e+00 +2.8766053e+00 +2.8854109e+00 +2.8854109e+00 +7.5753519e+00 +8.3818107e+00 +9.7200977e+00 +1.1188108e+01 
-7.4300777e+01 -7.4295732e+01 -3.8879462e+01 -3.8747654e+01 -3.8747654e+01 -3.8418699e+01 -3.8418699e+01 -3.8277218e+01 -4.1094921e+00 -3.4020885e+00 -3.4020885e+00 -3.0372751e+00 -2.6746581e+00 -2.6746581e+00 +2.9042630e+00 +2.9042631e+00 +2.9104611e+00 +2.9104611e+00 +7.4823445e+00 +8.2145047e+00 +9.8424868e+00 +1.1254602e+01 
-7.4299863e+01 -7.4296029e+01 -3.8861427e+01 -3.8736193e+01 -3.8736193e+01 -3.8435176e+01 -3.8435176e+01 -3.8301450e+01 -4.0276341e+00 -3.3817159e+00 -3.3817159e+00 -2.9556646e+00 -2.6941314e+00 -2.6941314e+00 +2.9295529e+00 +2.9295529e+00 +2.9334417e+00 +2.9334417e+00 +7.3921293e+00 +8.0030306e+00 +1.0033910e+01 +1.1328911e+01 
-7.4299084e+01 -7.4296257e+01 -3.8841471e+01 -3.8724243e+01 -3.8724243e+01 -3.8451703e+01 -3.8451703e+01 -3.8327209e+01 -3.9382593e+00 -3.3580420e+00 -3.3580420e+00 -2.8897411e+00 -2.7177559e+00 -2.7177559e+00 +2.9522773e+00 +2.9522773e+00 +2.9543653e+00 +2.9543653e+00 +7.3062881e+00 +7.7878763e+00 +1.0255303e+01 +1.1409807e+01 
-7.4298433e+01 -7.4296425e+01 -3.8819710e+01 -3.8711817e+01 -3.8711817e+01 -3.8468250e+01 -3.8468250e+01 -3.8354327e+01 -3.8425888e+00 -3.3313184e+00 -3.3313184e+00 -2.8403508e+00 -2.7450672e+00 -2.7450671e+00 +2.9723730e+00 +2.9723730e+00 +2.9732300e+00 +2.9732301e+00 +7.2266802e+00 +7.5879306e+00 +1.0488938e+01 +1.1496163e+01 
-7.4297900e+01 -7.4296538e+01 -3.8796271e+01 -3.8698929e+01 -3.8698929e+01 -3.8484786e+01 -3.8484786e+01 -3.8382626e+01 -3.7419787e+00 -3.3018077e+00 -3.3018077e+00 -2.8080970e+00 -2.7756016e+00 -2.7756016e+00 +2.9898751e+00 +2.9898752e+00 +2.9900184e+00 +2.9900184e+00 +7.1554342e+00 +7.4124201e+00 +1.0726402e+01 +1.1587112e+01 
-7.4297474e+01 -7.4296606e+01 -3.8771289e+01 -3.8685599e+01 -3.8685599e+01 -3.8501283e+01 -3.8501283e+01 -3.8411920e+01 -3.6379268e+00 -3.2697852e+00 -3.2697852e+00 -2.8089001e+00 -2.8089001e+00 -2.7932814e+00 +3.0046986e+00 +3.0046986e+00 +3.0048731e+00 +3.0048731e+00 +7.0948712e+00 +7.2663313e+00 +1.0963102e+01 +1.1682158e+01 
-7.4297144e+01 -7.4296636e+01 -3.8744912e+01 -3.8671849e+01 -3.8671849e+01 -3.8517710e+01 -3.8517710e+01 -3.8442019e+01 -3.5320759e+00 -3.2355392e+00 -3.2355391e+00 -2.8445102e+00 -2.8445102e+00 -2.7958568e+00 +3.0172282e+00 +3.0172282e+00 +3.0174684e+00 +3.0174684e+00 +7.0472684e+00 +7.1523632e+00 +1.1196239e+01 +1.1781208e+01 
-7.4296899e+01 -7.4296635e+01 -3.8717294e+01 -3.8657706e+01 -3.8657706e+01 -3.8534041e+01 -3.8534041e+01 -3.8472731e+01 -3.4262106e+00 -3.1993723e+00 -3.1993723e+00 -2.8819881e+00 -2.8819881e+00 -2.8153968e+00 +3.0275595e+00 +3.0275595e+00 +3.0277429e+00 +3.0277429e+00 +7.0143105e+00 +7.0713168e+00 +1.1424419e+01 +1.1884547e+01 
-7.4296727e+01 -7.4296614e+01 -3.8688599e+01 -3.8643200e+01 -3.8643200e+01 -3.8550244e+01 -3.8550244e+01 -3.8503860e+01 -3.3222450e+00 -3.1616019e+00 -3.1616019e+00 -2.9208999e+00 -2.9208999e+00 -2.8510931e+00 +3.0356454e+00 +3.0356454e+00 +3.0357428e+00 +3.0357428e+00 +6.9960963e+00 +7.0215423e+00 +1.1648304e+01 +1.1992750e+01 
-7.4296617e+01 -7.4296583e+01 -3.8659000e+01 -3.8628361e+01 -3.8628361e+01 -3.8566293e+01 -3.8566293e+01 -3.8535212e+01 -3.2221927e+00 -3.1225601e+00 -3.1225601e+00 -2.9608223e+00 -2.9608223e+00 -2.9017821e+00 +3.0414457e+00 +3.0414458e+00 +3.0414788e+00 +3.0414788e+00 +6.9899302e+00 +6.9978595e+00 +1.1871992e+01 +1.2106558e+01 
-7.4296558e+01 -7.4296554e+01 -3.8628675e+01 -3.8613221e+01 -3.8613221e+01 -3.8582158e+01 -3.8582158e+01 -3.8566592e+01 -3.1281166e+00 -3.0825935e+00 -3.0825935e+00 -3.0013434e+00 -3.0013434e+00 -2.9660014e+00 +3.0449327e+00 +3.0449327e+00 +3.0449372e+00 +3.0449372e+00 +6.9901304e+00 +6.9911582e+00 +1.2103828e+01 +1.2226763e+01 
-7.4296541e+01 -7.4296541e+01 -3.8597810e+01 -3.8597810e+01 -3.8597810e+01 -3.8597810e+01 -3.8597810e+01 -3.8597810e+01 -3.0420630e+00 -3.0420630e+00 -3.0420630e+00 -3.0420630e+00 -3.0420630e+00 -3.0420630e+00 +3.0460947e+00 +3.0460947e+00 +3.0460947e+00 +3.0460947e+00 +6.9908162e+00 +6.9908162e+00 +1.2354096e+01 +1.2354096e+01 
-7.4296556e+01 -7.4296556e+01 -3.8624578e+01 -3.8624578e+01 -3.8597631e+01 -3.8597631e+01 -3.8570804e+01 -3.8570804e+01 -3.1143918e+00 -3.1143918e+00 -3.0430432e+00 -3.0430432e+00 -2.9735561e+00 -2.9735561e+00 +3.0444855e+00 +3.0444855e+00 +3.0453848e+00 +3.0453848e+00 +6.9906453e+00 +6.9906453e+00 +1.2134062e+01 +1.2134062e+01 
-7.4296601e+01 -7.4296601e+01 -3.8651001e+01 -3.8651001e+01 -3.8597092e+01 -3.8597092e+01 -3.8543668e+01 -3.8543668e+01 -3.1902567e+00 -3.1902567e+00 -3.0459673e+00 -3.0459673e+00 -2.9090944e+00 -2.9090944e+00 +3.0396464e+00 +3.0396464e+00 +3.0432727e+00 +3.0432727e+00 +6.9938968e+00 +6.9938968e+00 +1.1924861e+01 +1.1924861e+01 
-7.4296678e+01 -7.4296678e+01 -3.8676975e+01 -3.8676975e+01 -3.8596192e+01 -3.8596192e+01 -3.8516510e+01 -3.8516510e+01 -3.2693058e+00 -3.2693058e+00 -3.0507867e+00 -3.0507867e+00 -2.8488446e+00 -2.8488446e+00 +3.0315400e+00 +3.0315400e+00 +3.0398074e+00 +3.0398074e+00 +7.0087636e+00 +7.0087636e+00 +1.1721090e+01 +1.1721090e+01 
-7.4296789e+01 -7.4296789e+01 -3.8702397e+01 -3.8702397e+01 -3.8594929e+01 -3.8594929e+01 -3.8489439e+01 -3.8489439e+01 -3.3511267e+00 -3.3511267e+00 -3.0574215e+00 -3.0574215e+00 -2.7929182e+00 -2.7929182e+00 +3.0200952e+00 +3.0200952e+00 +3.0350607e+00 +3.0350607e+00 +7.0424910e+00 +7.0424910e+00 +1.1518640e+01 +1.1518640e+01 
-7.4296939e+01 -7.4296939e+01 -3.8727168e+01 -3.8727168e+01 -3.8593298e+01 -3.8593298e+01 -3.8462567e+01 -3.8462567e+01 -3.4352588e+00 -3.4352588e+00 -3.0657618e+00 -3.0657618e+00 -2.7413686e+00 -2.7413686e+00 +3.0051948e+00 +3.0051948e+00 +3.0291254e+00 +3.0291254e+00 +7.0988486e+00 +7.0988486e+00 +1.1315497e+01 +1.1315497e+01 
-7.4297135e+01 -7.4297135e+01 -3.8751191e+01 -3.8751191e+01 -3.8591298e+01 -3.8591298e+01 -3.8436004e+01 -3.8436004e+01 -3.5212059e+00 -3.5212059e+00 -3.0756705e+00 -3.0756705e+00 -2.6941891e+00 -2.6941891e+00 +2.9866594e+00 +2.9866594e+00 +3.0221180e+00 +3.0221180e+00 +7.1785388e+00 +7.1785388e+00 +1.1111165e+01 +1.1111165e+01 
-7.4297383e+01 -7.4297383e+01 -3.8774375e+01 -3.8774375e+01 -3.8588930e+01 -3.8588930e+01 -3.8409861e+01 -3.8409861e+01 -3.6084460e+00 -3.6084460e+00 -3.0869853e+00 -3.0869853e+00 -2.6513146e+00 -2.6513146e+00 +2.9642335e+00 +2.9642335e+00 +3.0141820e+00 +3.0141820e+00 +7.2804461e+00 +7.2804461e+00 +1.0905942e+01 +1.0905942e+01 
-7.4297689e+01 -7.4297689e+01 -3.8796631e+01 -3.8796631e+01 -3.8586198e+01 -3.8586198e+01 -3.8384248e+01 -3.8384248e+01 -3.6964395e+00 -3.6964395e+00 -3.0995214e+00 -3.0995214e+00 -2.6126260e+00 -2.6126260e+00 +2.9375793e+00 +2.9375793e+00 +3.0054874e+00 +3.0054874e+00 +7.4025658e+00 +7.4025658e+00 +1.0700492e+01 +1.0700492e+01 
-7.4298059e+01 -7.4298059e+01 -3.8817877e+01 -3.8817877e+01 -3.8583116e+01 -3.8583116e+01 -3.8359274e+01 -3.8359274e+01 -3.7846371e+00 -3.7846371e+00 -3.1130747e+00 -3.1130747e+00 -2.5779554e+00 -2.5779554e+00 +2.9062892e+00 +2.9062892e+00 +2.9962273e+00 +2.9962273e+00 +7.5424334e+00 +7.5424334e+00 +1.0495749e+01 +1.0495749e+01 
-7.4298496e+01 -7.4298496e+01 -3.8838035e+01 -3.8838035e+01 -3.8579701e+01 -3.8579701e+01 -3.8335046e+01 -3.8335046e+01 -3.8724902e+00 -3.8724902e+00 -3.1274247e+00 -3.1274247e+00 -2.5470907e+00 -2.5470907e+00 +2.8699237e+00 +2.8699237e+00 +2.9866108e+00 +2.9866108e+00 +7.6971656e+00 +7.6971656e+00 +1.0293050e+01 +1.0293050e+01 
-7.4299001e+01 -7.4299001e+01 -3.8857034e+01 -3.8857034e+01 -3.8575975e+01 -3.8575975e+01 -3.8311669e+01 -3.8311669e+01 -3.9594644e+00 -3.9594644e+00 -3.1423377e+00 -3.1423377e+00 -2.5197808e+00 -2.5197808e+00 +2.8280744e+00 +2.8280744e+00 +2.9768557e+00 +2.9768557e+00 +7.8631381e+00 +7.8631381e+00 +1.0094550e+01 +1.0094550e+01 
-7.4299571e+01 -7.4299571e+01 -3.8874808e+01 -3.8874808e+01 -3.8571957e+01 -3.8571957e+01 -3.8289246e+01 -3.8289246e+01 -4.0450549e+00 -4.0450549e+00 -3.1575703e+00 -3.1575703e+00 -2.4957375e+00 -2.4957375e+00 +2.7804367e+00 +2.7804367e+00 +2.9671794e+00 +2.9671794e+00 +8.0350903e+00 +8.0350903e+00 +9.9041608e+00 +9.9041608e+00 
-7.4300199e+01 -7.4300199e+01 -3.8891297e+01 -3.8891297e+01 -3.8567669e+01 -3.8567669e+01 -3.8267878e+01 -3.8267878e+01 -4.1288022e+00 -4.1288022e+00 -3.1728726e+00 -3.1728726e+00 -2.4746374e+00 -2.4746374e+00 +2.7268658e+00 +2.7268658e+00 +2.9577907e+00 +2.9577907e+00 +8.2039789e+00 +8.2039789e+00 +9.7296955e+00 +9.7296955e+00 
-7.4300878e+01 -7.4300878e+01 -3.8906446e+01 -3.8906446e+01 -3.8563127e+01 -3.8563127e+01 -3.8247660e+01 -3.8247660e+01 -4.2103026e+00 -4.2103026e+00 -3.1879919e+00 -3.1879919e+00 -2.4561217e+00 -2.4561217e+00 +2.6673880e+00 +2.6673880e+00 +2.9488815e+00 +2.9488815e+00 +8.3521742e+00 +8.3521742e+00 +9.5876277e+00 +9.5876277e+00 
-7.4301600e+01 -7.4301600e+01 -3.8920203e+01 -3.8920203e+01 -3.8558347e+01 -3.8558347e+01 -3.8228683e+01 -3.8228683e+01 -4.2892114e+00 -4.2892114e+00 -3.2026751e+00 -3.2026751e+00 -2.4397973e+00 -2.4397973e+00 +2.6021624e+00 +2.6021624e+00 +2.9406205e+00 +2.9406205e+00 +8.4465469e+00 +8.4465469e+00 +9.5099441e+00 +9.5099441e+00 
-7.4302357e+01 -7.4302357e+01 -3.8932522e+01 -3.8932522e+01 -3.8553342e+01 -3.8553342e+01 -3.8211032e+01 -3.8211032e+01 -4.3652405e+00 -4.3652405e+00 -3.2166718e+00 -3.2166718e+00 -2.4252381e+00 -2.4252381e+00 +2.5314128e+00 +2.5314128e+00 +2.9331471e+00 +2.9331471e+00 +8.4479641e+00 +8.4479641e+00 +9.5345881e+00 +9.5345881e+00 
-7.4303141e+01 -7.4303141e+01 -3.8943361e+01 -3.8943361e+01 -3.8548128e+01 -3.8548128e+01 -3.8194787e+01 -3.8194787e+01 -4.4381524e+00 -4.4381524e+00 -3.2297364e+00 -3.2297364e+00 -2.4119882e+00 -2.4119882e+00 +2.4553667e+00 +2.4553667e+00 +2.9265683e+00 +2.9265683e+00 +8.3539385e+00 +8.3539385e+00 +9.6627693e+00 +9.6627693e+00 
-7.4303946e+01 -7.4303946e+01 -3.8952684e+01 -3.8952684e+01 -3.8542721e+01 -3.8542721e+01 -3.8180020e+01 -3.8180020e+01 -4.5077556e+00 -4.5077556e+00 -3.2416303e+00 -3.2416303e+00 -2.3995653e+00 -2.3995653e+00 +2.3742220e+00 +2.3742220e+00 +2.9209554e+00 +2.9209554e+00 +8.1979414e+00 +8.1979414e+00 +9.8596398e+00 +9.8596398e+00 
-7.4304766e+01 -7.4304766e+01 -3.8960460e+01 -3.8960460e+01 -3.8537142e+01 -3.8537142e+01 -3.8166797e+01 -3.8166797e+01 -4.5739008e+00 -4.5739008e+00 -3.2521242e+00 -3.2521242e+00 -2.3874656e+00 -2.3874656e+00 +2.2881483e+00 +2.2881483e+00 +2.9163422e+00 +2.9163422e+00 +8.0084407e+00 +8.0084407e+00 +1.0095273e+01 +1.0095273e+01 
-7.4305594e+01 -7.4305594e+01 -3.8966665e+01 -3.8966665e+01 -3.8531411e+01 -3.8531411e+01 -3.8155175e+01 -3.8155175e+01 -4.6364800e+00 -4.6364800e+00 -3.2610002e+00 -3.2610002e+00 -2.3751677e+00 -2.3751677e+00 +2.1973057e+00 +2.1973057e+00 +2.9127243e+00 +2.9127243e+00 +7.8002198e+00 +7.8002198e+00 +1.0353385e+01 +1.0353385e+01 
-7.4306424e+01 -7.4306424e+01 -3.8971279e+01 -3.8971279e+01 -3.8525552e+01 -3.8525552e+01 -3.8145205e+01 -3.8145205e+01 -4.6954252e+00 -4.6954252e+00 -3.2680533e+00 -3.2680533e+00 -2.3621374e+00 -2.3621374e+00 +2.1018692e+00 +2.1018692e+00 +2.9100582e+00 +2.9100582e+00 +7.5803903e+00 +7.5803903e+00 +1.0625375e+01 +1.0625375e+01 
-7.4307252e+01 -7.4307252e+01 -3.8974290e+01 -3.8974290e+01 -3.8519590e+01 -3.8519590e+01 -3.8136930e+01 -3.8136930e+01 -4.7507083e+00 -4.7507083e+00 -3.2730933e+00 -3.2730933e+00 -2.3478322e+00 -2.3478322e+00 +2.0020477e+00 +2.0020477e+00 +2.9082602e+00 +2.9082602e+00 +7.3525801e+00 +7.3525801e+00 +1.0906206e+01 +1.0906206e+01 
-7.4308076e+01 -7.4308076e+01 -3.8975692e+01 -3.8975692e+01 -3.8513550e+01 -3.8513550e+01 -3.8130383e+01 -3.8130383e+01 -4.8023394e+00 -4.8023394e+00 -3.2759466e+00 -3.2759466e+00 -2.3317058e+00 -2.3317058e+00 +1.8980936e+00 +1.8980936e+00 +2.9072059e+00 +2.9072059e+00 +7.1188417e+00 +7.1188417e+00 +1.1192549e+01 +1.1192549e+01 
-7.4308896e+01 -7.4308896e+01 -3.8975484e+01 -3.8975484e+01 -3.8507458e+01 -3.8507458e+01 -3.8125591e+01 -3.8125591e+01 -4.8503658e+00 -4.8503658e+00 -3.2764577e+00 -3.2764577e+00 -2.3132126e+00 -2.3132126e+00 +1.7903061e+00 +1.7903061e+00 +2.9067286e+00 +2.9067286e+00 +6.8804977e+00 +6.8804977e+00 +1.1481989e+01 +1.1481989e+01 
-7.4309716e+01 -7.4309716e+01 -3.8973672e+01 -3.8973672e+01 -3.8501342e+01 -3.8501342e+01 -3.8122570e+01 -3.8122570e+01 -4.8948693e+00 -4.8948693e+00 -3.2744906e+00 -3.2744906e+00 -2.2918120e+00 -2.2918120e+00 +1.6790287e+00 +1.6790287e+00 +2.9066171e+00 +2.9066171e+00 +6.6385354e+00 +6.6385354e+00 +1.1772657e+01 +1.1772657e+01 
-7.4310540e+01 -7.4310540e+01 -3.8970268e+01 -3.8970268e+01 -3.8495226e+01 -3.8495226e+01 -3.8121329e+01 -3.8121329e+01 -4.9359632e+00 -4.9359632e+00 -3.2699313e+00 -3.2699313e+00 -2.2669738e+00 -2.2669738e+00 +1.5646439e+00 +1.5646439e+00 +2.9066112e+00 +2.9066112e+00 +6.3938015e+00 +6.3938015e+00 +1.2063048e+01 +1.2063048e+01 
-7.4311376e+01 -7.4311376e+01 -3.8965291e+01 -3.8965291e+01 -3.8489138e+01 -3.8489138e+01 -3.8121867e+01 -3.8121867e+01 -4.9737887e+00 -4.9737887e+00 -3.2626895e+00 -3.2626895e+00 -2.2381830e+00 -2.2381830e+00 +1.4475674e+00 +1.4475674e+00 +2.9063955e+00 +2.9063955e+00 +6.1471061e+00 +6.1471061e+00 +1.2351916e+01 +1.2351916e+01 
-7.4312232e+01 -7.4312232e+01 -3.8958767e+01 -3.8958767e+01 -3.8483104e+01 -3.8483104e+01 -3.8124174e+01 -3.8124174e+01 -5.0085104e+00 -5.0085104e+00 -3.2527015e+00 -3.2527015e+00 -2.2049461e+00 -2.2049461e+00 +1.3282432e+00 +1.3282432e+00 +2.9055867e+00 +2.9055867e+00 +5.8992862e+00 +5.8992862e+00 +1.2638218e+01 +1.2638218e+01 
-7.4313117e+01 -7.4313117e+01 -3.8950727e+01 -3.8950727e+01 -3.8477150e+01 -3.8477150e+01 -3.8128230e+01 -3.8128230e+01 -5.0403105e+00 -5.0403105e+00 -3.2399336e+00 -3.2399336e+00 -2.1667976e+00 -2.1667976e+00 +1.2071394e+00 +1.2071394e+00 +2.9037150e+00 +2.9037150e+00 +5.6512556e+00 +5.6512556e+00 +1.2921078e+01 +1.2921078e+01 
-7.4314036e+01 -7.4314036e+01 -3.8941210e+01 -3.8941210e+01 -3.8471302e+01 -3.8471302e+01 -3.8134005e+01 -3.8134005e+01 -5.0693830e+00 -5.0693830e+00 -3.2243857e+00 -3.2243857e+00 -2.1233077e+00 -2.1233077e+00 +1.0847472e+00 +1.0847472e+00 +2.9001906e+00 +2.9001906e+00 +5.4040607e+00 +5.4040607e+00 +1.3199781e+01 +1.3199781e+01 
-7.4314993e+01 -7.4314993e+01 -3.8930262e+01 -3.8930262e+01 -3.8465585e+01 -3.8465585e+01 -3.8141460e+01 -3.8141460e+01 -5.0959279e+00 -5.0959279e+00 -3.2060963e+00 -3.2060963e+00 -2.0740908e+00 -2.0740908e+00 +9.6158086e-01 +9.6158086e-01 +2.8942510e+00 +2.8942510e+00 +5.1589552e+00 +5.1589552e+00 +1.3473772e+01 +1.3473772e+01 
-7.4315987e+01 -7.4315987e+01 -3.8917935e+01 -3.8917935e+01 -3.8460024e+01 -3.8460024e+01 -3.8150546e+01 -3.8150546e+01 -5.1201451e+00 -5.1201451e+00 -3.1851468e+00 -3.1851468e+00 -2.0188148e+00 -2.0188148e+00 +8.3818200e-01 +8.3818200e-01 +2.8848752e+00 +2.8848752e+00 +4.9175058e+00 +4.9175058e+00 +1.3742677e+01 +1.3742677e+01 
-7.4317014e+01 -7.4317014e+01 -3.8904289e+01 -3.8904289e+01 -3.8454643e+01 -3.8454643e+01 -3.8161202e+01 -3.8161202e+01 -5.1422289e+00 -5.1422289e+00 -3.1616660e+00 -3.1616660e+00 -1.9572118e+00 -1.9572118e+00 +7.1512491e-01 +7.1512491e-01 +2.8706507e+00 +2.8706507e+00 +4.6817442e+00 +4.6817442e+00 +1.4006323e+01 +1.4006323e+01 
-7.4318061e+01 -7.4318061e+01 -3.8889392e+01 -3.8889392e+01 -3.8449466e+01 -3.8449466e+01 -3.8173356e+01 -3.8173356e+01 -5.1623633e+00 -5.1623633e+00 -3.1358335e+00 -3.1358335e+00 -1.8890904e+00 -1.8890904e+00 +5.9302417e-01 +5.9302417e-01 +2.8495802e+00 +2.8495802e+00 +4.4543752e+00 +4.4543752e+00 +1.4264750e+01 +1.4264750e+01 
-7.4319115e+01 -7.4319115e+01 -3.8873321e+01 -3.8873321e+01 -3.8444515e+01 -3.8444515e+01 -3.8186926e+01 -3.8186926e+01 -5.1807186e+00 -5.1807186e+00 -3.1078795e+00 -3.1078795e+00 -1.8143500e+00 -1.8143500e+00 +4.7254176e-01 +4.7254176e-01 +2.8188350e+00 +2.8188350e+00 +4.2390284e+00 +4.2390284e+00 +1.4518223e+01 +1.4518223e+01 
-7.4320158e+01 -7.4320158e+01 -3.8856164e+01 -3.8856164e+01 -3.8439812e+01 -3.8439812e+01 -3.8201815e+01 -3.8201815e+01 -5.1974481e+00 -5.1974481e+00 -3.0780827e+00 -3.0780827e+00 -1.7329979e+00 -1.7329979e+00 +3.5439141e-01 +3.5439141e-01 +2.7745582e+00 +2.7745582e+00 +4.0404524e+00 +4.0404524e+00 +1.4767221e+01 +1.4767221e+01 
-7.4321174e+01 -7.4321174e+01 -3.8838019e+01 -3.8838019e+01 -3.8435376e+01 -3.8435376e+01 -3.8217911e+01 -3.8217911e+01 -5.2126862e+00 -5.2126862e+00 -3.0467660e+00 -3.0467660e+00 -1.6451707e+00 -1.6451707e+00 +2.3933792e-01 +2.3933792e-01 +2.7120402e+00 +2.7120402e+00 +3.8643276e+00 +3.8643276e+00 +1.5012393e+01 +1.5012393e+01 
-7.4322150e+01 -7.4322150e+01 -3.8819002e+01 -3.8819002e+01 -3.8431226e+01 -3.8431226e+01 -3.8235085e+01 -3.8235085e+01 -5.2265460e+00 -5.2265460e+00 -3.0142934e+00 -3.0142934e+00 -1.5511617e+00 -1.5511617e+00 +1.2819095e-01 +1.2819095e-01 +2.6268414e+00 +2.6268414e+00 +3.7161291e+00 +3.7161291e+00 +1.5254496e+01 +1.5254496e+01 
-7.4323078e+01 -7.4323078e+01 -3.8799249e+01 -3.8799249e+01 -3.8427379e+01 -3.8427379e+01 -3.8253187e+01 -3.8253187e+01 -5.2391181e+00 -5.2391181e+00 -2.9810721e+00 -2.9810721e+00 -1.4514562e+00 -1.4514562e+00 +2.1796054e-02 +2.1796054e-02 +2.5170077e+00 +2.5170077e+00 +3.5988998e+00 +3.5988998e+00 +1.5494271e+01 +1.5494271e+01 
-7.4323953e+01 -7.4323953e+01 -3.8778921e+01 -3.8778921e+01 -3.8423851e+01 -3.8423851e+01 -3.8272039e+01 -3.8272039e+01 -5.2504695e+00 -5.2504695e+00 -2.9475644e+00 -2.9475644e+00 -1.3467807e+00 -1.3467807e+00 -7.8971829e-02 -7.8971829e-02 +2.3848974e+00 +2.3848974e+00 +3.5114310e+00 +3.5114310e+00 +1.5732279e+01 +1.5732279e+01 
-7.4324777e+01 -7.4324777e+01 -3.8758221e+01 -3.8758221e+01 -3.8420655e+01 -3.8420655e+01 -3.8291427e+01 -3.8291427e+01 -5.2606424e+00 -5.2606424e+00 -2.9143064e+00 -2.9143064e+00 -1.2381731e+00 -1.2381731e+00 -1.7320788e-01 -1.7320788e-01 +2.2366282e+00 +2.2366282e+00 +3.4488610e+00 +3.4488610e+00 +1.5968672e+01 +1.5968672e+01 
-7.4325547e+01 -7.4325547e+01 -3.8737404e+01 -3.8737404e+01 -3.8417804e+01 -3.8417804e+01 -3.8311088e+01 -3.8311088e+01 -5.2696567e+00 -5.2696567e+00 -2.8819287e+00 -2.8819287e+00 -1.1270890e+00 -1.1270890e+00 -2.5996991e-01 -2.5996991e-01 +2.0797799e+00 +2.0797799e+00 +3.4050825e+00 +3.4050825e+00 +1.6202900e+01 +1.6202900e+01 
-7.4326256e+01 -7.4326256e+01 -3.8716806e+01 -3.8716806e+01 -3.8415311e+01 -3.8415311e+01 -3.8330684e+01 -3.8330684e+01 -5.2775129e+00 -5.2775129e+00 -2.8511679e+00 -2.8511679e+00 -1.0155574e+00 -1.0155574e+00 -3.3826998e-01 -3.3826998e-01 +1.9216464e+00 +1.9216464e+00 +3.3746873e+00 +3.3746873e+00 +1.6433329e+01 +1.6433329e+01 
-7.4326891e+01 -7.4326891e+01 -3.8696872e+01 -3.8696872e+01 -3.8413184e+01 -3.8413184e+01 -3.8349771e+01 -3.8349771e+01 -5.2841994e+00 -5.2841994e+00 -2.8228618e+00 -2.8228618e+00 -9.0640195e-01 -9.0640195e-01 -4.0707518e-01 -4.0707518e-01 +1.7688654e+00 +1.7688654e+00 +3.3536267e+00 +3.3536267e+00 +1.6656716e+01 +1.6656716e+01 
-7.4327435e+01 -7.4327435e+01 -3.8678213e+01 -3.8678213e+01 -3.8411432e+01 -3.8411432e+01 -3.8367739e+01 -3.8367739e+01 -5.2896986e+00 -5.2896986e+00 -2.7979207e+00 -2.7979207e+00 -8.0351848e-01 -8.0351848e-01 -4.6532737e-01 -4.6532737e-01 +1.6278758e+00 +1.6278758e+00 +3.3391078e+00 +3.3391078e+00 +1.6867489e+01 +1.6867489e+01 
-7.4327873e+01 -7.4327873e+01 -3.8661667e+01 -3.8661667e+01 -3.8410063e+01 -3.8410063e+01 -3.8383752e+01 -3.8383752e+01 -5.2939932e+00 -5.2939932e+00 -2.7772727e+00 -2.7772727e+00 -7.1213381e-01 -7.1213381e-01 -5.1198837e-01 -5.1198837e-01 +1.5055459e+00 +1.5055459e+00 +3.3292823e+00 +3.3292823e+00 +1.7056803e+01 +1.7056803e+01 
-7.4328192e+01 -7.4328192e+01 -3.8648340e+01 -3.8648340e+01 -3.8409080e+01 -3.8409080e+01 -3.8396699e+01 -3.8396699e+01 -5.2970697e+00 -5.2970697e+00 -2.7617857e+00 -2.7617857e+00 -6.3881072e-01 -6.3881072e-01 -5.4611025e-01 -5.4611025e-01 +1.4094855e+00 +1.4094855e+00 +3.3229648e+00 +3.3229648e+00 +1.7211675e+01 +1.7211675e+01 
-7.4328386e+01 -7.4328386e+01 -3.8639542e+01 -3.8639542e+01 -3.8408490e+01 -3.8408490e+01 -3.8405271e+01 -3.8405271e+01 -5.2989189e+00 -5.2989189e+00 -2.7521757e+00 -2.7521757e+00 -5.9074042e-01 -5.9074042e-01 -5.6692247e-01 -5.6692247e-01 +1.3475353e+00 +1.3475353e+00 +3.3194319e+00 +3.3194319e+00 +1.7315500e+01 +1.7315500e+01 
-7.4328451e+01 -7.4328451e+01 -3.8636446e+01 -3.8636446e+01 -3.8408292e+01 -3.8408292e+01 -3.8408292e+01 -3.8408292e+01 -5.2995358e+00 -5.2995358e+00 -2.7489170e+00 -2.7489170e+00 -5.7391882e-01 -5.7391882e-01 -5.7391882e-01 -5.7391882e-01 +1.3260488e+00 +1.3260488e+00 +3.3182950e+00 +3.3182950e+00 +1.7352406e+01 +1.7352406e+01 
-7.4316700e+01 -7.4316700e+01 -3.9187915e+01 -3.9187915e+01 -3.8384563e+01 -3.8384563e+01 -3.8002876e+01 -3.8002876e+01 -6.2649989e+00 -6.2649989e+00 -3.6035527e+00 -3.6035527e+00 +5.2517984e-01 +5.2517984e-01 +1.9602074e+00 +1.9602074e+00 +2.8997002e+00 +2.8997002e+00 +5.7885450e+00 +5.7885450e+00 +1.0558509e+01 +1.0558509e+01 
-7.4316575e+01 -7.4316575e+01 -3.9187290e+01 -3.9187290e+01 -3.8385033e+01 -3.8385033e+01 -3.8003512e+01 -3.8003512e+01 -6.2596853e+00 -6.2596853e+00 -3.6040247e+00 -3.6040247e+00 +5.1555999e-01 +5.1555999e-01 +1.9622989e+00 +1.9622989e+00 +2.9000690e+00 +2.9000690e+00 +5.8010820e+00 +5.8010820e+00 +1.0551740e+01 +1.0551740e+01 
-7.4316221e+01 -7.4316221e+01 -3.9185417e+01 -3.9185417e+01 -3.8386439e+01 -3.8386439e+01 -3.8005417e+01 -3.8005417e+01 -6.2437694e+00 -6.2437694e+00 -3.6054260e+00 -3.6054260e+00 +4.8700713e-01 +4.8700713e-01 +1.9685512e+00 +1.9685512e+00 +2.9011688e+00 +2.9011688e+00 +5.8383876e+00 +5.8383876e+00 +1.0531389e+01 +1.0531389e+01 
-7.4315689e+01 -7.4315689e+01 -3.9182299e+01 -3.9182299e+01 -3.8388768e+01 -3.8388768e+01 -3.8008588e+01 -3.8008588e+01 -6.2173239e+00 -6.2173239e+00 -3.6077123e+00 -3.6077123e+00 +4.4040244e-01 +4.4040244e-01 +1.9789048e+00 +1.9789048e+00 +2.9029804e+00 +2.9029804e+00 +5.8995827e+00 +5.8995827e+00 +1.0497360e+01 +1.0497360e+01 
-7.4315028e+01 -7.4315028e+01 -3.9177942e+01 -3.9177942e+01 -3.8391999e+01 -3.8391999e+01 -3.8013017e+01 -3.8013017e+01 -6.1804664e+00 -6.1804664e+00 -3.6108097e+00 -3.6108097e+00 +3.7709653e-01 +3.7709653e-01 +1.9932772e+00 +1.9932772e+00 +2.9054734e+00 +2.9054734e+00 +5.9833176e+00 +5.9833176e+00 +1.0449596e+01 +1.0449596e+01 
-7.4314280e+01 -7.4314280e+01 -3.9172354e+01 -3.9172354e+01 -3.8396101e+01 -3.8396101e+01 -3.8018694e+01 -3.8018694e+01 -6.1333567e+00 -6.1333567e+00 -3.6146149e+00 -3.6146149e+00 +2.9876645e-01 +2.9876645e-01 +2.0115734e+00 +2.0115734e+00 +2.9086089e+00 +2.9086089e+00 +6.0879108e+00 +6.0879108e+00 +1.0388150e+01 +1.0388150e+01 
-7.4313471e+01 -7.4313471e+01 -3.9165548e+01 -3.9165548e+01 -3.8401038e+01 -3.8401038e+01 -3.8025607e+01 -3.8025607e+01 -6.0761956e+00 -6.0761956e+00 -3.6189954e+00 -3.6189954e+00 +2.0726728e-01 +2.0726728e-01 +2.0336884e+00 +2.0336884e+00 +2.9123414e+00 +2.9123414e+00 +6.2114956e+00 +6.2114956e+00 +1.0313229e+01 +1.0313229e+01 
-7.4312621e+01 -7.4312621e+01 -3.9157537e+01 -3.9157537e+01 -3.8406764e+01 -3.8406764e+01 -3.8033741e+01 -3.8033741e+01 -6.0092251e+00 -6.0092251e+00 -3.6237914e+00 -3.6237914e+00 +1.0450271e-01 +1.0450271e-01 +2.0595042e+00 +2.0595042e+00 +2.9166214e+00 +2.9166214e+00 +6.3521475e+00 +6.3521475e+00 +1.0225199e+01 +1.0225199e+01 
-7.4311745e+01 -7.4311745e+01 -3.9148336e+01 -3.9148336e+01 -3.8413228e+01 -3.8413228e+01 -3.8043080e+01 -3.8043080e+01 -5.9327300e+00 -5.9327300e+00 -3.6288177e+00 -3.6288177e+00 -7.6726718e-03 -7.6726718e-03 +2.0888851e+00 +2.0888851e+00 +2.9213964e+00 +2.9213964e+00 +6.5079811e+00 +6.5079811e+00 +1.0124574e+01 +1.0124574e+01 
-7.4310856e+01 -7.4310856e+01 -3.9137965e+01 -3.9137965e+01 -3.8420371e+01 -3.8420371e+01 -3.8053603e+01 -3.8053603e+01 -5.8470392e+00 -5.8470392e+00 -3.6338661e+00 -3.6338661e+00 -1.2751774e-01 -1.2751774e-01 +2.1216739e+00 +2.1216739e+00 +2.9266126e+00 +2.9266126e+00 +6.6772141e+00 +6.6772141e+00 +1.0012003e+01 +1.0012003e+01 
-7.4309967e+01 -7.4309967e+01 -3.9126445e+01 -3.9126445e+01 -3.8428130e+01 -3.8428130e+01 -3.8065290e+01 -3.8065290e+01 -5.7525285e+00 -5.7525285e+00 -3.6387089e+00 -3.6387089e+00 -2.5344035e-01 -2.5344035e-01 +2.1576888e+00 +2.1576888e+00 +2.9322151e+00 +2.9322151e+00 +6.8582022e+00 +6.8582022e+00 +9.8882558e+00 +9.8882558e+00 
-7.4309084e+01 -7.4309084e+01 -3.9113799e+01 -3.9113799e+01 -3.8436433e+01 -3.8436433e+01 -3.8078115e+01 -3.8078115e+01 -5.6496238e+00 -5.6496238e+00 -3.6431023e+00 -3.6431023e+00 -3.8401133e-01 -3.8401133e-01 +2.1967205e+00 +2.1967205e+00 +2.9381481e+00 +2.9381481e+00 +7.0494524e+00 +7.0494524e+00 +9.7542041e+00 +9.7542041e+00 
-7.4308216e+01 -7.4308216e+01 -3.9100055e+01 -3.9100055e+01 -3.8445208e+01 -3.8445208e+01 -3.8092053e+01 -3.8092053e+01 -5.5388047e+00 -5.5388047e+00 -3.6467895e+00 -3.6467895e+00 -5.1796391e-01 -5.1796391e-01 +2.2385307e+00 +2.2385307e+00 +2.9443555e+00 +2.9443555e+00 +7.2496222e+00 +7.2496222e+00 +9.6108152e+00 +9.6108152e+00 
-7.4307365e+01 -7.4307365e+01 -3.9085239e+01 -3.9085239e+01 -3.8454376e+01 -3.8454376e+01 -3.8107074e+01 -3.8107074e+01 -5.4206085e+00 -5.4206085e+00 -3.6495044e+00 -3.6495044e+00 -6.5418452e-01 -6.5418452e-01 +2.2828499e+00 +2.2828499e+00 +2.9507806e+00 +2.9507806e+00 +7.4575095e+00 +7.4575095e+00 +9.4591436e+00 +9.4591436e+00 
-7.4306533e+01 -7.4306533e+01 -3.9069384e+01 -3.9069384e+01 -3.8463855e+01 -3.8463855e+01 -3.8123147e+01 -3.8123147e+01 -5.2956346e+00 -5.2956346e+00 -3.6509738e+00 -3.6509738e+00 -7.9169917e-01 -7.9169917e-01 +2.3293763e+00 +2.3293763e+00 +2.9573663e+00 +2.9573663e+00 +7.6720384e+00 +7.6720384e+00 +9.3003327e+00 +9.3003327e+00 
-7.4305720e+01 -7.4305720e+01 -3.9052523e+01 -3.9052523e+01 -3.8473559e+01 -3.8473559e+01 -3.8140238e+01 -3.8140238e+01 -5.1645491e+00 -5.1645491e+00 -3.6509203e+00 -3.6509203e+00 -9.2965829e-01 -9.2965829e-01 +2.3777741e+00 +2.3777741e+00 +2.9640555e+00 +2.9640555e+00 +7.8922439e+00 +7.8922439e+00 +9.1356237e+00 +9.1356237e+00 
-7.4304923e+01 -7.4304923e+01 -3.9034691e+01 -3.9034691e+01 -3.8483404e+01 -3.8483404e+01 -3.8158311e+01 -3.8158311e+01 -5.0280896e+00 -5.0280896e+00 -3.6490640e+00 -3.6490640e+00 -1.0673217e+00 -1.0673217e+00 +2.4276727e+00 +2.4276727e+00 +2.9707911e+00 +2.9707911e+00 +8.1172571e+00 +8.1172571e+00 +8.9663749e+00 +8.9663749e+00 
-7.4304141e+01 -7.4304141e+01 -3.9015925e+01 -3.9015925e+01 -3.8493300e+01 -3.8493300e+01 -3.8177327e+01 -3.8177327e+01 -4.8870704e+00 -4.8870704e+00 -3.6451234e+00 -3.6451234e+00 -1.2040447e+00 -1.2040447e+00 +2.4786662e+00 +2.4786662e+00 +2.9775165e+00 +2.9775165e+00 +8.3462924e+00 +8.3462924e+00 +8.7940890e+00 +8.7940890e+00 
-7.4303371e+01 -7.4303371e+01 -3.8996264e+01 -3.8996264e+01 -3.8503160e+01 -3.8503160e+01 -3.8197244e+01 -3.8197244e+01 -4.7423881e+00 -4.7423881e+00 -3.6388165e+00 -3.6388165e+00 -1.3392659e+00 -1.3392659e+00 +2.5303137e+00 +2.5303137e+00 +2.9841758e+00 +2.9841758e+00 +8.5786363e+00 +8.5786363e+00 +8.6204397e+00 +8.6204397e+00 
-7.4302612e+01 -7.4302612e+01 -3.8975748e+01 -3.8975748e+01 -3.8512897e+01 -3.8512897e+01 -3.8218018e+01 -3.8218018e+01 -4.5950296e+00 -4.5950296e+00 -3.6298619e+00 -3.6298619e+00 -1.4724970e+00 -1.4724970e+00 +2.5821398e+00 +2.5821398e+00 +2.9907146e+00 +2.9907146e+00 +8.4472765e+00 +8.4472765e+00 +8.8136388e+00 +8.8136388e+00 
-7.4301866e+01 -7.4301866e+01 -3.8954420e+01 -3.8954420e+01 -3.8522425e+01 -3.8522425e+01 -3.8239602e+01 -3.8239602e+01 -4.4460836e+00 -4.4460836e+00 -3.6179806e+00 -3.6179806e+00 -1.6033131e+00 -1.6033131e+00 +2.6336364e+00 +2.6336364e+00 +2.9970803e+00 +2.9970803e+00 +8.2765660e+00 +8.2765660e+00 +9.0507058e+00 +9.0507058e+00 
-7.4301141e+01 -7.4301141e+01 -3.8932323e+01 -3.8932323e+01 -3.8531667e+01 -3.8531667e+01 -3.8261948e+01 -3.8261948e+01 -4.2967565e+00 -4.2967565e+00 -3.6029002e+00 -3.6029002e+00 -1.7313460e+00 -1.7313460e+00 +2.6842651e+00 +2.6842651e+00 +3.0032222e+00 +3.0032222e+00 +8.1102238e+00 +8.1102238e+00 +9.2892917e+00 +9.2892917e+00 
-7.4300447e+01 -7.4300447e+01 -3.8909500e+01 -3.8909500e+01 -3.8540550e+01 -3.8540550e+01 -3.8285004e+01 -3.8285004e+01 -4.1483906e+00 -4.1483906e+00 -3.5843631e+00 -3.5843631e+00 -1.8562765e+00 -1.8562765e+00 +2.7334611e+00 +2.7334611e+00 +3.0090926e+00 +3.0090926e+00 +7.9498564e+00 +7.9498564e+00 +9.5288912e+00 +9.5288912e+00 
-7.4299795e+01 -7.4299795e+01 -3.8885999e+01 -3.8885999e+01 -3.8549007e+01 -3.8549007e+01 -3.8308717e+01 -3.8308717e+01 -4.0024712e+00 -4.0024712e+00 -3.5621382e+00 -3.5621382e+00 -1.9778285e+00 -1.9778285e+00 +2.7806399e+00 +2.7806399e+00 +3.0146468e+00 +3.0146468e+00 +7.7965845e+00 +7.7965845e+00 +9.7690300e+00 +9.7690300e+00 
-7.4299194e+01 -7.4299194e+01 -3.8861867e+01 -3.8861867e+01 -3.8556973e+01 -3.8556973e+01 -3.8333036e+01 -3.8333036e+01 -3.8606085e+00 -3.8606085e+00 -3.5360347e+00 -3.5360347e+00 -2.0957627e+00 -2.0957627e+00 +2.8252136e+00 +2.8252136e+00 +3.0198439e+00 +3.0198439e+00 +7.6512079e+00 +7.6512079e+00 +1.0009256e+01 +1.0009256e+01 
-7.4298647e+01 -7.4298647e+01 -3.8837155e+01 -3.8837155e+01 -3.8564381e+01 -3.8564381e+01 -3.8357906e+01 -3.8357906e+01 -3.7244996e+00 -3.7244996e+00 -3.5059108e+00 -3.5059108e+00 -2.2098715e+00 -2.2098715e+00 +2.8666148e+00 +2.8666148e+00 +3.0246466e+00 +3.0246466e+00 +7.5147242e+00 +7.5147242e+00 +1.0249138e+01 +1.0249138e+01 
-7.4298158e+01 -7.4298158e+01 -3.8811915e+01 -3.8811915e+01 -3.8571165e+01 -3.8571165e+01 -3.8383276e+01 -3.8383276e+01 -3.5958952e+00 -3.5958952e+00 -3.4716715e+00 -3.4716715e+00 -2.3199736e+00 -2.3199736e+00 +2.9043285e+00 +2.9043285e+00 +3.0290221e+00 +3.0290221e+00 +7.3888177e+00 +7.3888177e+00 +1.0488263e+01 +1.0488263e+01 
-7.4297729e+01 -7.4297729e+01 -3.8786202e+01 -3.8786202e+01 -3.8577265e+01 -3.8577265e+01 -3.8409095e+01 -3.8409095e+01 -3.4765806e+00 -3.4765806e+00 -3.4332535e+00 -3.4332535e+00 -2.4259117e+00 -2.4259117e+00 +2.9379236e+00 +2.9379236e+00 +3.0329418e+00 +3.0329418e+00 +7.2759550e+00 +7.2759550e+00 +1.0726262e+01 +1.0726262e+01 
-7.4297368e+01 -7.4297368e+01 -3.8760073e+01 -3.8760073e+01 -3.8582631e+01 -3.8582631e+01 -3.8435311e+01 -3.8435311e+01 -3.3906044e+00 -3.3906044e+00 -3.3683583e+00 -3.3683583e+00 -2.5275496e+00 -2.5275496e+00 +2.9670814e+00 +2.9670814e+00 +3.0363815e+00 +3.0363815e+00 +7.1791027e+00 +7.1791027e+00 +1.0962828e+01 +1.0962828e+01 
-7.4297077e+01 -7.4297077e+01 -3.8733586e+01 -3.8733586e+01 -3.8587224e+01 -3.8587224e+01 -3.8461870e+01 -3.8461870e+01 -3.3436653e+00 -3.3436653e+00 -3.2730113e+00 -3.2730113e+00 -2.6247720e+00 -2.6247720e+00 +2.9916166e+00 +2.9916166e+00 +3.0393213e+00 +3.0393213e+00 +7.1012428e+00 +7.1012428e+00 +1.1197759e+01 +1.1197759e+01 
-7.4296858e+01 -7.4296858e+01 -3.8706797e+01 -3.8706797e+01 -3.8591013e+01 -3.8591013e+01 -3.8488717e+01 -3.8488717e+01 -3.2923658e+00 -3.2923658e+00 -3.1922454e+00 -3.1922454e+00 -2.7174840e+00 -2.7174840e+00 +3.0114815e+00 +3.0114815e+00 +3.0417457e+00 +3.0417457e+00 +7.0446792e+00 +7.0446792e+00 +1.1431004e+01 +1.1431004e+01 
-7.4296705e+01 -7.4296705e+01 -3.8679767e+01 -3.8679767e+01 -3.8593978e+01 -3.8593978e+01 -3.8515793e+01 -3.8515793e+01 -3.2366277e+00 -3.2366277e+00 -3.1276138e+00 -3.1276138e+00 -2.8056115e+00 -2.8056115e+00 +3.0267433e+00 +3.0267433e+00 +3.0436424e+00 +3.0436424e+00 +7.0099277e+00 +7.0099277e+00 +1.1662711e+01 +1.1662711e+01 
-7.4296608e+01 -7.4296608e+01 -3.8652553e+01 -3.8652553e+01 -3.8596105e+01 -3.8596105e+01 -3.8543041e+01 -3.8543041e+01 -3.1763737e+00 -3.1763737e+00 -3.0804341e+00 -3.0804341e+00 -2.8891014e+00 -2.8891014e+00 +3.0375292e+00 +3.0375292e+00 +3.0450030e+00 +3.0450030e+00 +6.9942058e+00 +6.9942058e+00 +1.1893283e+01 +1.1893283e+01 
-7.4296557e+01 -7.4296557e+01 -3.8625214e+01 -3.8625214e+01 -3.8597383e+01 -3.8597383e+01 -3.8570399e+01 -3.8570399e+01 -3.1115361e+00 -3.1115361e+00 -3.0517088e+00 -3.0517088e+00 -2.9679219e+00 -2.9679219e+00 +3.0439577e+00 +3.0439577e+00 +3.0458215e+00 +3.0458215e+00 +6.9906560e+00 +6.9906560e+00 +1.2123412e+01 +1.2123412e+01 
-7.4296541e+01 -7.4296541e+01 -3.8597810e+01 -3.8597810e+01 -3.8597810e+01 -3.8597810e+01 -3.8597810e+01 -3.8597810e+01 -3.0420630e+00 -3.0420630e+00 -3.0420630e+00 -3.0420630e+00 -3.0420630e+00 -3.0420630e+00 +3.0460947e+00 +3.0460947e+00 +3.0460947e+00 +3.0460947e+00 +6.9908162e+00 +6.9908162e+00 +1.2354096e+01 +1.2354096e+01 
