# num high symmetry points
12
# label high symmetry points
G M K G A L H A L M K H 
# indices high symmetry points
1 39 61 105 126 164 186 230 231 252 253 274 
# nk, nb, ns
274 19 1
# k-points (frac coords)
+0.0000000e+00 +0.0000000e+00 +0.0000000e+00 
+1.3157895e-02 +0.0000000e+00 +0.0000000e+00 
+2.6315789e-02 +0.0000000e+00 +0.0000000e+00 
+3.9473684e-02 +0.0000000e+00 +0.0000000e+00 
+5.2631579e-02 +0.0000000e+00 +0.0000000e+00 
+6.5789474e-02 +0.0000000e+00 +0.0000000e+00 
+7.8947368e-02 +0.0000000e+00 +0.0000000e+00 
+9.2105263e-02 +0.0000000e+00 +0.0000000e+00 
+1.0526316e-01 +0.0000000e+00 +0.0000000e+00 
+1.1842105e-01 +0.0000000e+00 +0.0000000e+00 
+1.3157895e-01 +0.0000000e+00 +0.0000000e+00 
+1.4473684e-01 +0.0000000e+00 +0.0000000e+00 
+1.5789474e-01 +0.0000000e+00 +0.0000000e+00 
+1.7105263e-01 +0.0000000e+00 +0.0000000e+00 
+1.8421053e-01 +0.0000000e+00 +0.0000000e+00 
+1.9736842e-01 +0.0000000e+00 +0.0000000e+00 
+2.1052632e-01 +0.0000000e+00 +0.0000000e+00 
+2.2368421e-01 +0.0000000e+00 +0.0000000e+00 
+2.3684211e-01 +0.0000000e+00 +0.0000000e+00 
+2.5000000e-01 +0.0000000e+00 +0.0000000e+00 
+2.6315789e-01 +0.0000000e+00 +0.0000000e+00 
+2.7631579e-01 +0.0000000e+00 +0.0000000e+00 
+2.8947368e-01 +0.0000000e+00 +0.0000000e+00 
+3.0263158e-01 +0.0000000e+00 +0.0000000e+00 
+3.1578947e-01 +0.0000000e+00 +0.0000000e+00 
+3.2894737e-01 +0.0000000e+00 +0.0000000e+00 
+3.4210526e-01 +0.0000000e+00 +0.0000000e+00 
+3.5526316e-01 +0.0000000e+00 +0.0000000e+00 
+3.6842105e-01 +0.0000000e+00 +0.0000000e+00 
+3.8157895e-01 +0.0000000e+00 +0.0000000e+00 
+3.9473684e-01 +0.0000000e+00 +0.0000000e+00 
+4.0789474e-01 +0.0000000e+00 +0.0000000e+00 
+4.2105263e-01 +0.0000000e+00 +0.0000000e+00 
+4.3421053e-01 +0.0000000e+00 +0.0000000e+00 
+4.4736842e-01 +0.0000000e+00 +0.0000000e+00 
+4.6052632e-01 +0.0000000e+00 +0.0000000e+00 
+4.7368421e-01 +0.0000000e+00 +0.0000000e+00 
+4.8684211e-01 +0.0000000e+00 +0.0000000e+00 
+5.0000000e-01 +0.0000000e+00 +0.0000000e+00 
+4.9242424e-01 -1.5151515e-02 +0.0000000e+00 
+4.8484848e-01 -3.0303030e-02 +0.0000000e+00 
+4.7727273e-01 -4.5454545e-02 +0.0000000e+00 
+4.6969697e-01 -6.0606061e-02 +0.0000000e+00 
+4.6212121e-01 -7.5757576e-02 +0.0000000e+00 
+4.5454545e-01 -9.0909091e-02 +0.0000000e+00 
+4.4696970e-01 -1.0606061e-01 +0.0000000e+00 
+4.3939394e-01 -1.2121212e-01 +0.0000000e+00 
+4.3181818e-01 -1.3636364e-01 +0.0000000e+00 
+4.2424242e-01 -1.5151515e-01 +0.0000000e+00 
+4.1666667e-01 -1.6666667e-01 +0.0000000e+00 
+4.0909091e-01 -1.8181818e-01 +0.0000000e+00 
+4.0151515e-01 -1.9696970e-01 +0.0000000e+00 
+3.9393939e-01 -2.1212121e-01 +0.0000000e+00 
+3.8636364e-01 -2.2727273e-01 +0.0000000e+00 
+3.7878788e-01 -2.4242424e-01 +0.0000000e+00 
+3.7121212e-01 -2.5757576e-01 +0.0000000e+00 
+3.6363636e-01 -2.7272727e-01 +0.0000000e+00 
+3.5606061e-01 -2.8787879e-01 +0.0000000e+00 
+3.4848485e-01 -3.0303030e-01 +0.0000000e+00 
+3.4090909e-01 -3.1818182e-01 +0.0000000e+00 
+3.3333333e-01 -3.3333333e-01 +0.0000000e+00 
+3.2575758e-01 -3.2575758e-01 +0.0000000e+00 
+3.1818182e-01 -3.1818182e-01 +0.0000000e+00 
+3.1060606e-01 -3.1060606e-01 +0.0000000e+00 
+3.0303030e-01 -3.0303030e-01 +0.0000000e+00 
+2.9545455e-01 -2.9545455e-01 +0.0000000e+00 
+2.8787879e-01 -2.8787879e-01 +0.0000000e+00 
+2.8030303e-01 -2.8030303e-01 +0.0000000e+00 
+2.7272727e-01 -2.7272727e-01 +0.0000000e+00 
+2.6515152e-01 -2.6515152e-01 +0.0000000e+00 
+2.5757576e-01 -2.5757576e-01 +0.0000000e+00 
+2.5000000e-01 -2.5000000e-01 +0.0000000e+00 
+2.4242424e-01 -2.4242424e-01 +0.0000000e+00 
+2.3484848e-01 -2.3484848e-01 +0.0000000e+00 
+2.2727273e-01 -2.2727273e-01 +0.0000000e+00 
+2.1969697e-01 -2.1969697e-01 +0.0000000e+00 
+2.1212121e-01 -2.1212121e-01 +0.0000000e+00 
+2.0454545e-01 -2.0454545e-01 +0.0000000e+00 
+1.9696970e-01 -1.9696970e-01 +0.0000000e+00 
+1.8939394e-01 -1.8939394e-01 +0.0000000e+00 
+1.8181818e-01 -1.8181818e-01 +0.0000000e+00 
+1.7424242e-01 -1.7424242e-01 +0.0000000e+00 
+1.6666667e-01 -1.6666667e-01 +0.0000000e+00 
+1.5909091e-01 -1.5909091e-01 +0.0000000e+00 
+1.5151515e-01 -1.5151515e-01 +0.0000000e+00 
+1.4393939e-01 -1.4393939e-01 +0.0000000e+00 
+1.3636364e-01 -1.3636364e-01 +0.0000000e+00 
+1.2878788e-01 -1.2878788e-01 +0.0000000e+00 
+1.2121212e-01 -1.2121212e-01 +0.0000000e+00 
+1.1363636e-01 -1.1363636e-01 +0.0000000e+00 
+1.0606061e-01 -1.0606061e-01 +0.0000000e+00 
+9.8484848e-02 -9.8484848e-02 +0.0000000e+00 
+9.0909091e-02 -9.0909091e-02 +0.0000000e+00 
+8.3333333e-02 -8.3333333e-02 +0.0000000e+00 
+7.5757576e-02 -7.5757576e-02 +0.0000000e+00 
+6.8181818e-02 -6.8181818e-02 +0.0000000e+00 
+6.0606061e-02 -6.0606061e-02 +0.0000000e+00 
+5.3030303e-02 -5.3030303e-02 +0.0000000e+00 
+4.5454545e-02 -4.5454545e-02 +0.0000000e+00 
+3.7878788e-02 -3.7878788e-02 +0.0000000e+00 
+3.0303030e-02 -3.0303030e-02 +0.0000000e+00 
+2.2727273e-02 -2.2727273e-02 +0.0000000e+00 
+1.5151515e-02 -1.5151515e-02 +0.0000000e+00 
+7.5757576e-03 -7.5757576e-03 +0.0000000e+00 
+0.0000000e+00 +0.0000000e+00 +0.0000000e+00 
+0.0000000e+00 +0.0000000e+00 -2.3809524e-02 
+0.0000000e+00 +0.0000000e+00 -4.7619048e-02 
+0.0000000e+00 +0.0000000e+00 -7.1428571e-02 
+0.0000000e+00 +0.0000000e+00 -9.5238095e-02 
+0.0000000e+00 +0.0000000e+00 -1.1904762e-01 
+0.0000000e+00 +0.0000000e+00 -1.4285714e-01 
+0.0000000e+00 +0.0000000e+00 -1.6666667e-01 
+0.0000000e+00 +0.0000000e+00 -1.9047619e-01 
+0.0000000e+00 +0.0000000e+00 -2.1428571e-01 
+0.0000000e+00 +0.0000000e+00 -2.3809524e-01 
+0.0000000e+00 +0.0000000e+00 -2.6190476e-01 
+0.0000000e+00 +0.0000000e+00 -2.8571429e-01 
+0.0000000e+00 +0.0000000e+00 -3.0952381e-01 
+0.0000000e+00 +0.0000000e+00 -3.3333333e-01 
+0.0000000e+00 +0.0000000e+00 -3.5714286e-01 
+0.0000000e+00 +0.0000000e+00 -3.8095238e-01 
+0.0000000e+00 +0.0000000e+00 -4.0476190e-01 
+0.0000000e+00 +0.0000000e+00 -4.2857143e-01 
+0.0000000e+00 +0.0000000e+00 -4.5238095e-01 
+0.0000000e+00 +0.0000000e+00 -4.7619048e-01 
+0.0000000e+00 +0.0000000e+00 -5.0000000e-01 
+1.3157895e-02 +0.0000000e+00 -5.0000000e-01 
+2.6315789e-02 +0.0000000e+00 -5.0000000e-01 
+3.9473684e-02 +0.0000000e+00 -5.0000000e-01 
+5.2631579e-02 +0.0000000e+00 -5.0000000e-01 
+6.5789474e-02 +0.0000000e+00 -5.0000000e-01 
+7.8947368e-02 +0.0000000e+00 -5.0000000e-01 
+9.2105263e-02 +0.0000000e+00 -5.0000000e-01 
+1.0526316e-01 +0.0000000e+00 -5.0000000e-01 
+1.1842105e-01 +0.0000000e+00 -5.0000000e-01 
+1.3157895e-01 +0.0000000e+00 -5.0000000e-01 
+1.4473684e-01 +0.0000000e+00 -5.0000000e-01 
+1.5789474e-01 +0.0000000e+00 -5.0000000e-01 
+1.7105263e-01 +0.0000000e+00 -5.0000000e-01 
+1.8421053e-01 +0.0000000e+00 -5.0000000e-01 
+1.9736842e-01 +0.0000000e+00 -5.0000000e-01 
+2.1052632e-01 +0.0000000e+00 -5.0000000e-01 
+2.2368421e-01 +0.0000000e+00 -5.0000000e-01 
+2.3684211e-01 +0.0000000e+00 -5.0000000e-01 
+2.5000000e-01 +0.0000000e+00 -5.0000000e-01 
+2.6315789e-01 +0.0000000e+00 -5.0000000e-01 
+2.7631579e-01 +0.0000000e+00 -5.0000000e-01 
+2.8947368e-01 +0.0000000e+00 -5.0000000e-01 
+3.0263158e-01 +0.0000000e+00 -5.0000000e-01 
+3.1578947e-01 +0.0000000e+00 -5.0000000e-01 
+3.2894737e-01 +0.0000000e+00 -5.0000000e-01 
+3.4210526e-01 +0.0000000e+00 -5.0000000e-01 
+3.5526316e-01 +0.0000000e+00 -5.0000000e-01 
+3.6842105e-01 +0.0000000e+00 -5.0000000e-01 
+3.8157895e-01 +0.0000000e+00 -5.0000000e-01 
+3.9473684e-01 +0.0000000e+00 -5.0000000e-01 
+4.0789474e-01 +0.0000000e+00 -5.0000000e-01 
+4.2105263e-01 +0.0000000e+00 -5.0000000e-01 
+4.3421053e-01 +0.0000000e+00 -5.0000000e-01 
+4.4736842e-01 +0.0000000e+00 -5.0000000e-01 
+4.6052632e-01 +0.0000000e+00 -5.0000000e-01 
+4.7368421e-01 +0.0000000e+00 -5.0000000e-01 
+4.8684211e-01 +0.0000000e+00 -5.0000000e-01 
+5.0000000e-01 +0.0000000e+00 -5.0000000e-01 
+4.9242424e-01 -1.5151515e-02 -5.0000000e-01 
+4.8484848e-01 -3.0303030e-02 -5.0000000e-01 
+4.7727273e-01 -4.5454545e-02 -5.0000000e-01 
+4.6969697e-01 -6.0606061e-02 -5.0000000e-01 
+4.6212121e-01 -7.5757576e-02 -5.0000000e-01 
+4.5454545e-01 -9.0909091e-02 -5.0000000e-01 
+4.4696970e-01 -1.0606061e-01 -5.0000000e-01 
+4.3939394e-01 -1.2121212e-01 -5.0000000e-01 
+4.3181818e-01 -1.3636364e-01 -5.0000000e-01 
+4.2424242e-01 -1.5151515e-01 -5.0000000e-01 
+4.1666667e-01 -1.6666667e-01 -5.0000000e-01 
+4.0909091e-01 -1.8181818e-01 -5.0000000e-01 
+4.0151515e-01 -1.9696970e-01 -5.0000000e-01 
+3.9393939e-01 -2.1212121e-01 -5.0000000e-01 
+3.8636364e-01 -2.2727273e-01 -5.0000000e-01 
+3.7878788e-01 -2.4242424e-01 -5.0000000e-01 
+3.7121212e-01 -2.5757576e-01 -5.0000000e-01 
+3.6363636e-01 -2.7272727e-01 -5.0000000e-01 
+3.5606061e-01 -2.8787879e-01 -5.0000000e-01 
+3.4848485e-01 -3.0303030e-01 -5.0000000e-01 
+3.4090909e-01 -3.1818182e-01 -5.0000000e-01 
+3.3333333e-01 -3.3333333e-01 -5.0000000e-01 
+3.2575758e-01 -3.2575758e-01 -5.0000000e-01 
+3.1818182e-01 -3.1818182e-01 -5.0000000e-01 
+3.1060606e-01 -3.1060606e-01 -5.0000000e-01 
+3.0303030e-01 -3.0303030e-01 -5.0000000e-01 
+2.9545455e-01 -2.9545455e-01 -5.0000000e-01 
+2.8787879e-01 -2.8787879e-01 -5.0000000e-01 
+2.8030303e-01 -2.8030303e-01 -5.0000000e-01 
+2.7272727e-01 -2.7272727e-01 -5.0000000e-01 
+2.6515152e-01 -2.6515152e-01 -5.0000000e-01 
+2.5757576e-01 -2.5757576e-01 -5.0000000e-01 
+2.5000000e-01 -2.5000000e-01 -5.0000000e-01 
+2.4242424e-01 -2.4242424e-01 -5.0000000e-01 
+2.3484848e-01 -2.3484848e-01 -5.0000000e-01 
+2.2727273e-01 -2.2727273e-01 -5.0000000e-01 
+2.1969697e-01 -2.1969697e-01 -5.0000000e-01 
+2.1212121e-01 -2.1212121e-01 -5.0000000e-01 
+2.0454545e-01 -2.0454545e-01 -5.0000000e-01 
+1.9696970e-01 -1.9696970e-01 -5.0000000e-01 
+1.8939394e-01 -1.8939394e-01 -5.0000000e-01 
+1.8181818e-01 -1.8181818e-01 -5.0000000e-01 
+1.7424242e-01 -1.7424242e-01 -5.0000000e-01 
+1.6666667e-01 -1.6666667e-01 -5.0000000e-01 
+1.5909091e-01 -1.5909091e-01 -5.0000000e-01 
+1.5151515e-01 -1.5151515e-01 -5.0000000e-01 
+1.4393939e-01 -1.4393939e-01 -5.0000000e-01 
+1.3636364e-01 -1.3636364e-01 -5.0000000e-01 
+1.2878788e-01 -1.2878788e-01 -5.0000000e-01 
+1.2121212e-01 -1.2121212e-01 -5.0000000e-01 
+1.1363636e-01 -1.1363636e-01 -5.0000000e-01 
+1.0606061e-01 -1.0606061e-01 -5.0000000e-01 
+9.8484848e-02 -9.8484848e-02 -5.0000000e-01 
+9.0909091e-02 -9.0909091e-02 -5.0000000e-01 
+8.3333333e-02 -8.3333333e-02 -5.0000000e-01 
+7.5757576e-02 -7.5757576e-02 -5.0000000e-01 
+6.8181818e-02 -6.8181818e-02 -5.0000000e-01 
+6.0606061e-02 -6.0606061e-02 -5.0000000e-01 
+5.3030303e-02 -5.3030303e-02 -5.0000000e-01 
+4.5454545e-02 -4.5454545e-02 -5.0000000e-01 
+3.7878788e-02 -3.7878788e-02 -5.0000000e-01 
+3.0303030e-02 -3.0303030e-02 -5.0000000e-01 
+2.2727273e-02 -2.2727273e-02 -5.0000000e-01 
+1.5151515e-02 -1.5151515e-02 -5.0000000e-01 
+7.5757576e-03 -7.5757576e-03 -5.0000000e-01 
+0.0000000e+00 +0.0000000e+00 -5.0000000e-01 
+5.0000000e-01 +0.0000000e+00 -5.0000000e-01 
+5.0000000e-01 +0.0000000e+00 -4.7619048e-01 
+5.0000000e-01 +0.0000000e+00 -4.5238095e-01 
+5.0000000e-01 +0.0000000e+00 -4.2857143e-01 
+5.0000000e-01 +0.0000000e+00 -4.0476190e-01 
+5.0000000e-01 +0.0000000e+00 -3.8095238e-01 
+5.0000000e-01 +0.0000000e+00 -3.5714286e-01 
+5.0000000e-01 +0.0000000e+00 -3.3333333e-01 
+5.0000000e-01 +0.0000000e+00 -3.0952381e-01 
+5.0000000e-01 +0.0000000e+00 -2.8571429e-01 
+5.0000000e-01 +0.0000000e+00 -2.6190476e-01 
+5.0000000e-01 +0.0000000e+00 -2.3809524e-01 
+5.0000000e-01 +0.0000000e+00 -2.1428571e-01 
+5.0000000e-01 +0.0000000e+00 -1.9047619e-01 
+5.0000000e-01 +0.0000000e+00 -1.6666667e-01 
+5.0000000e-01 +0.0000000e+00 -1.4285714e-01 
+5.0000000e-01 +0.0000000e+00 -1.1904762e-01 
+5.0000000e-01 +0.0000000e+00 -9.5238095e-02 
+5.0000000e-01 +0.0000000e+00 -7.1428571e-02 
+5.0000000e-01 +0.0000000e+00 -4.7619048e-02 
+5.0000000e-01 +0.0000000e+00 -2.3809524e-02 
+5.0000000e-01 +0.0000000e+00 +0.0000000e+00 
+3.3333333e-01 -3.3333333e-01 +0.0000000e+00 
+3.3333333e-01 -3.3333333e-01 -2.3809524e-02 
+3.3333333e-01 -3.3333333e-01 -4.7619048e-02 
+3.3333333e-01 -3.3333333e-01 -7.1428571e-02 
+3.3333333e-01 -3.3333333e-01 -9.5238095e-02 
+3.3333333e-01 -3.3333333e-01 -1.1904762e-01 
+3.3333333e-01 -3.3333333e-01 -1.4285714e-01 
+3.3333333e-01 -3.3333333e-01 -1.6666667e-01 
+3.3333333e-01 -3.3333333e-01 -1.9047619e-01 
+3.3333333e-01 -3.3333333e-01 -2.1428571e-01 
+3.3333333e-01 -3.3333333e-01 -2.3809524e-01 
+3.3333333e-01 -3.3333333e-01 -2.6190476e-01 
+3.3333333e-01 -3.3333333e-01 -2.8571429e-01 
+3.3333333e-01 -3.3333333e-01 -3.0952381e-01 
+3.3333333e-01 -3.3333333e-01 -3.3333333e-01 
+3.3333333e-01 -3.3333333e-01 -3.5714286e-01 
+3.3333333e-01 -3.3333333e-01 -3.8095238e-01 
+3.3333333e-01 -3.3333333e-01 -4.0476190e-01 
+3.3333333e-01 -3.3333333e-01 -4.2857143e-01 
+3.3333333e-01 -3.3333333e-01 -4.5238095e-01 
+3.3333333e-01 -3.3333333e-01 -4.7619048e-01 
+3.3333333e-01 -3.3333333e-01 -5.0000000e-01 
# energies (kpt,band,spin)
# spin = 1
-4.8855969e+01 -4.8779772e+01 -2.7981868e+01 -2.7621575e+01 -2.7621575e+01 -2.7551526e+01 -2.7551520e+01 -2.7525435e+01 -5.0624412e+00 -1.6320694e+00 +6.7485768e-01 +1.5496760e+00 +1.5496962e+00 +1.8277694e+00 +2.0028496e+00 +2.0028632e+00 +2.2693392e+00 +2.2693879e+00 +3.6560868e+00 
-4.8855882e+01 -4.8779743e+01 -2.7981631e+01 -2.7622028e+01 -2.7621736e+01 -2.7552005e+01 -2.7551577e+01 -2.7525548e+01 -5.0586988e+00 -1.6289244e+00 +6.7099625e-01 +1.5406115e+00 +1.5525716e+00 +1.8353769e+00 +2.0006455e+00 +2.0056041e+00 +2.2660542e+00 +2.2669562e+00 +3.6575012e+00 
-4.8855620e+01 -4.8779659e+01 -2.7980920e+01 -2.7623384e+01 -2.7622219e+01 -2.7553444e+01 -2.7551745e+01 -2.7525886e+01 -5.0474789e+00 -1.6195079e+00 +6.5951176e-01 +1.5156887e+00 +1.5612392e+00 +1.8558215e+00 +1.9941276e+00 +2.0138130e+00 +2.2563133e+00 +2.2598182e+00 +3.6615655e+00 
-4.8855184e+01 -4.8779518e+01 -2.7979737e+01 -2.7625634e+01 -2.7623018e+01 -2.7555829e+01 -2.7552025e+01 -2.7526449e+01 -5.0288038e+00 -1.6038760e+00 +6.4069469e-01 +1.4793957e+00 +1.5756721e+00 +1.8842964e+00 +1.9837627e+00 +2.0274155e+00 +2.2407605e+00 +2.2480836e+00 +3.6682004e+00 
-4.8854579e+01 -4.8779324e+01 -2.7978087e+01 -2.7628765e+01 -2.7624126e+01 -2.7559139e+01 -2.7552416e+01 -2.7527238e+01 -5.0027119e+00 -1.5821262e+00 +6.1500104e-01 +1.4352958e+00 +1.5958495e+00 +1.9153205e+00 +1.9716903e+00 +2.0462982e+00 +2.2202491e+00 +2.2319815e+00 +3.6772091e+00 
-4.8853806e+01 -4.8779079e+01 -2.7975975e+01 -2.7632757e+01 -2.7625532e+01 -2.7563346e+01 -2.7552918e+01 -2.7528252e+01 -4.9692594e+00 -1.5544036e+00 +5.8301600e-01 +1.3855181e+00 +1.6217392e+00 +1.9310270e+00 +1.9739692e+00 +2.0703104e+00 +2.1957116e+00 +2.2118107e+00 +3.6883377e+00 
-4.8852871e+01 -4.8778785e+01 -2.7973408e+01 -2.7637584e+01 -2.7627222e+01 -2.7568415e+01 -2.7553532e+01 -2.7529491e+01 -4.9285228e+00 -1.5209087e+00 +5.4541317e-01 +1.3312549e+00 +1.6532952e+00 +1.9151131e+00 +2.0061430e+00 +2.0992715e+00 +2.1680267e+00 +2.1879214e+00 +3.7012913e+00 
-4.8851779e+01 -4.8778446e+01 -2.7970395e+01 -2.7643217e+01 -2.7629182e+01 -2.7574304e+01 -2.7554254e+01 -2.7530954e+01 -4.8806005e+00 -1.4819068e+00 +5.0291622e-01 +1.2732092e+00 +1.6904531e+00 +1.8893196e+00 +2.0463220e+00 +2.1329773e+00 +2.1379393e+00 +2.1606976e+00 +3.7157508e+00 
-4.8850536e+01 -4.8778067e+01 -2.7966945e+01 -2.7649621e+01 -2.7631394e+01 -2.7580965e+01 -2.7555085e+01 -2.7532643e+01 -4.8256151e+00 -1.4377363e+00 +4.5626731e-01 +1.2118505e+00 +1.7331259e+00 +1.8591515e+00 +2.0892105e+00 +2.1060306e+00 +2.1305414e+00 +2.1712071e+00 +3.7313874e+00 
-4.8849149e+01 -4.8777653e+01 -2.7963070e+01 -2.7656753e+01 -2.7633837e+01 -2.7588342e+01 -2.7556021e+01 -2.7534554e+01 -4.7637140e+00 -1.3888149e+00 +4.0620335e-01 +1.1475438e+00 +1.7811977e+00 +1.8258424e+00 +2.0727254e+00 +2.0978597e+00 +2.1340109e+00 +2.2137283e+00 +3.7478757e+00 
-4.8847625e+01 -4.8777210e+01 -2.7958784e+01 -2.7664571e+01 -2.7636493e+01 -2.7596377e+01 -2.7557059e+01 -2.7536690e+01 -4.6950691e+00 -1.3356430e+00 +3.5343830e-01 +1.0806109e+00 +1.7901407e+00 +1.8345175e+00 +2.0383212e+00 +2.0630553e+00 +2.1805674e+00 +2.2603013e+00 +3.7649041e+00 
-4.8845971e+01 -4.8776742e+01 -2.7954102e+01 -2.7673022e+01 -2.7639337e+01 -2.7605006e+01 -2.7558194e+01 -2.7539048e+01 -4.6198757e+00 -1.2788065e+00 +2.9864924e-01 +1.0113626e+00 +1.7527420e+00 +1.8928941e+00 +2.0030261e+00 +2.0265184e+00 +2.2288950e+00 +2.3106820e+00 +3.7821845e+00 
-4.8844197e+01 -4.8776255e+01 -2.7949040e+01 -2.7682052e+01 -2.7642348e+01 -2.7614161e+01 -2.7559422e+01 -2.7541628e+01 -4.5383503e+00 -1.2189781e+00 +2.4246550e-01 +9.4012206e-01 +1.7143769e+00 +1.9560925e+00 +1.9669953e+00 +1.9886223e+00 +2.2790705e+00 +2.3646235e+00 +3.7994609e+00 
-4.8842312e+01 -4.8775757e+01 -2.7943616e+01 -2.7691602e+01 -2.7645501e+01 -2.7623774e+01 -2.7560736e+01 -2.7544428e+01 -4.4507281e+00 -1.1569222e+00 +1.8546073e-01 +8.6725135e-01 +1.6758345e+00 +1.9303604e+00 +1.9497185e+00 +2.0238332e+00 +2.3311943e+00 +2.4218763e+00 +3.8165172e+00 
-4.8840326e+01 -4.8775251e+01 -2.7937852e+01 -2.7701608e+01 -2.7648773e+01 -2.7633772e+01 -2.7562129e+01 -2.7547447e+01 -4.3572597e+00 -1.0935019e+00 +1.2814883e-01 +7.9317952e-01 +1.6379690e+00 +1.8932476e+00 +1.9101341e+00 +2.0957971e+00 +2.3853743e+00 +2.4821864e+00 +3.8331822e+00 
-4.8838249e+01 -4.8774743e+01 -2.7931767e+01 -2.7712005e+01 -2.7652140e+01 -2.7644082e+01 -2.7563593e+01 -2.7550682e+01 -4.2582079e+00 -1.0296895e+00 +7.0983504e-02 +7.1842736e-01 +1.6016971e+00 +1.8557884e+00 +1.8701699e+00 +2.1716348e+00 +2.4417182e+00 +2.5452917e+00 +3.8493310e+00 
-4.8836092e+01 -4.8774238e+01 -2.7925385e+01 -2.7722721e+01 -2.7655577e+01 -2.7654629e+01 -2.7565118e+01 -2.7554129e+01 -4.1538436e+00 -9.6657544e-01 +1.4360928e-02 +6.4361589e-01 +1.5679884e+00 +1.8181241e+00 +1.8301005e+00 +2.2509804e+00 +2.5003317e+00 +2.6109175e+00 +3.8648801e+00 
-4.8833866e+01 -4.8773740e+01 -2.7918731e+01 -2.7733684e+01 -2.7665339e+01 -2.7659060e+01 -2.7566695e+01 -2.7557786e+01 -4.0444431e+00 -9.0537031e-01 -4.1375320e-02 +5.6944801e-01 +1.5378483e+00 +1.7804068e+00 +1.7901762e+00 +2.3334652e+00 +2.5613207e+00 +2.6787713e+00 +3.8797793e+00 
-4.8831583e+01 -4.8773254e+01 -2.7911830e+01 -2.7744821e+01 -2.7676137e+01 -2.7662567e+01 -2.7568313e+01 -2.7561646e+01 -3.9302898e+00 -8.4739070e-01 -9.5927968e-02 +4.9665716e-01 +1.5122896e+00 +1.7427992e+00 +1.7506261e+00 +2.4187293e+00 +2.6247968e+00 +2.7485382e+00 +3.8940004e+00 
-4.8829255e+01 -4.8772786e+01 -2.7904709e+01 -2.7756054e+01 -2.7686948e+01 -2.7666075e+01 -2.7569960e+01 -2.7565703e+01 -3.8116850e+00 -7.9402283e-01 -1.4903920e-01 +4.2592991e-01 +1.4922913e+00 +1.7054729e+00 +1.7116615e+00 +2.5064242e+00 +2.6908854e+00 +2.8198788e+00 +3.9075273e+00 
-4.8826894e+01 -4.8772341e+01 -2.7897399e+01 -2.7767307e+01 -2.7697699e+01 -2.7669562e+01 -2.7571624e+01 -2.7569949e+01 -3.6889666e+00 -7.4665713e-01 -2.0048388e-01 +3.5782712e-01 +1.4787387e+00 +1.6686077e+00 +1.6734801e+00 +2.5962018e+00 +2.7597323e+00 +2.8924304e+00 +3.9203492e+00 
-4.8824515e+01 -4.8771929e+01 -2.7889931e+01 -2.7778501e+01 -2.7708318e+01 -2.7673007e+01 -2.7574373e+01 -2.7573292e+01 -3.5625281e+00 -7.0659290e-01 -2.5006346e-01 +2.9273505e-01 +1.4723453e+00 +1.6323903e+00 +1.6362675e+00 +2.6876896e+00 +2.8315070e+00 +2.9658121e+00 +3.9324564e+00 
-4.8822130e+01 -4.8771557e+01 -2.7882339e+01 -2.7789558e+01 -2.7718737e+01 -2.7676389e+01 -2.7578963e+01 -2.7574950e+01 -3.4328283e+00 -6.7492043e-01 -2.9760075e-01 +2.3085934e-01 +1.4735631e+00 +1.5970133e+00 +1.6001994e+00 +2.7804519e+00 +2.9063992e+00 +3.0396333e+00 +3.9438397e+00 
-4.8819755e+01 -4.8771233e+01 -2.7874659e+01 -2.7800400e+01 -2.7728888e+01 -2.7679686e+01 -2.7583703e+01 -2.7576587e+01 -3.3003888e+00 -6.5240138e-01 -3.4293607e-01 +1.7224696e-01 +1.4824972e+00 +1.5626733e+00 +1.5654421e+00 +2.8739431e+00 +2.9846105e+00 +3.1135076e+00 +3.9544907e+00 
-4.8817405e+01 -4.8770961e+01 -2.7866930e+01 -2.7810951e+01 -2.7738707e+01 -2.7682879e+01 -2.7588574e+01 -2.7578188e+01 -3.1657865e+00 -6.3937843e-01 -3.8592438e-01 +1.1681389e-01 +1.4988460e+00 +1.5295691e+00 +1.5321527e+00 +2.9674596e+00 +3.0663434e+00 +3.1870713e+00 +3.9644026e+00 
-4.8815094e+01 -4.8770747e+01 -2.7859196e+01 -2.7821136e+01 -2.7748133e+01 -2.7685947e+01 -2.7593552e+01 -2.7579741e+01 -3.0296480e+00 -6.3574550e-01 -4.2643358e-01 +6.4372487e-02 +1.4978981e+00 +1.5004792e+00 +1.5218894e+00 +3.0600973e+00 +3.1517889e+00 +3.2600095e+00 +3.9735717e+00 
-4.8812837e+01 -4.8770593e+01 -2.7851505e+01 -2.7830884e+01 -2.7757107e+01 -2.7688870e+01 -2.7598608e+01 -2.7581235e+01 -2.8926496e+00 -6.4099563e-01 -4.6434356e-01 +1.4668242e-02 +1.4678522e+00 +1.4705609e+00 +1.5505318e+00 +3.1507208e+00 +3.2411127e+00 +3.3320882e+00 +3.9819976e+00 
-4.8810651e+01 -4.8770500e+01 -2.7843910e+01 -2.7840126e+01 -2.7765574e+01 -2.7691631e+01 -2.7603709e+01 -2.7582657e+01 -2.7555231e+00 -6.5433853e-01 -4.9954587e-01 -3.2565460e-02 +1.4396132e+00 +1.4425277e+00 +1.5833954e+00 +3.2379548e+00 +3.3344397e+00 +3.4031817e+00 +3.9896833e+00 
-4.8808551e+01 -4.8770468e+01 -2.7848797e+01 -2.7836470e+01 -2.7773483e+01 -2.7694211e+01 -2.7608811e+01 -2.7583996e+01 -2.6190660e+00 -6.7485588e-01 -5.3194369e-01 -7.7538133e-02 +1.4133487e+00 +1.4165007e+00 +1.6189423e+00 +3.3202342e+00 +3.4318378e+00 +3.4732546e+00 +3.9966352e+00 
-4.8806554e+01 -4.8770494e+01 -2.7856835e+01 -2.7829254e+01 -2.7780784e+01 -2.7696596e+01 -2.7613863e+01 -2.7585242e+01 -2.4841581e+00 -7.0164946e-01 -5.6145205e-01 -1.2033262e-01 +1.3892078e+00 +1.3925921e+00 +1.6556010e+00 +3.3959772e+00 +3.5333015e+00 +3.5422290e+00 +4.0028625e+00 
-4.8804679e+01 -4.8770573e+01 -2.7864185e+01 -2.7822338e+01 -2.7787435e+01 -2.7698771e+01 -2.7618801e+01 -2.7586385e+01 -2.3517857e+00 -7.3394048e-01 -5.8799808e-01 -1.6085119e-01 +1.3673198e+00 +1.3709053e+00 +1.6918782e+00 +3.4639028e+00 +3.6097083e+00 +3.6387347e+00 +4.0083769e+00 
-4.8802944e+01 -4.8770699e+01 -2.7870794e+01 -2.7815812e+01 -2.7793395e+01 -2.7700722e+01 -2.7623551e+01 -2.7587417e+01 -2.2230826e+00 -7.7108870e-01 -6.1152124e-01 -1.9878949e-01 +1.3477935e+00 +1.3515346e+00 +1.7264414e+00 +3.5233246e+00 +3.6747233e+00 +3.7479298e+00 +4.0131916e+00 
-4.8801369e+01 -4.8770860e+01 -2.7876617e+01 -2.7809778e+01 -2.7798631e+01 -2.7702437e+01 -2.7628023e+01 -2.7588330e+01 -2.0994009e+00 -8.1250885e-01 -6.3197323e-01 -2.3364599e-01 +1.3307180e+00 +1.3345652e+00 +1.7581690e+00 +3.5741569e+00 +3.7357603e+00 +3.8605276e+00 +4.0173215e+00 
-4.8799977e+01 -4.8771042e+01 -2.7881615e+01 -2.7804348e+01 -2.7803113e+01 -2.7703906e+01 -2.7632114e+01 -2.7589117e+01 -1.9824429e+00 -8.5746319e-01 -6.4931765e-01 -2.6477039e-01 +1.3161647e+00 +1.3200726e+00 +1.7861692e+00 +3.6166495e+00 +3.7910539e+00 +3.9759239e+00 +4.0207816e+00 
-4.8798791e+01 -4.8771230e+01 -2.7885751e+01 -2.7806815e+01 -2.7799648e+01 -2.7705120e+01 -2.7635708e+01 -2.7589772e+01 -1.8745103e+00 -9.0469655e-01 -6.6352907e-01 -2.9144483e-01 +1.3041894e+00 +1.3081222e+00 +1.8097732e+00 +3.6511148e+00 +3.8388854e+00 +4.0235870e+00 +4.0930269e+00 
-4.8797834e+01 -4.8771404e+01 -2.7888999e+01 -2.7809717e+01 -2.7795807e+01 -2.7706071e+01 -2.7638681e+01 -2.7590288e+01 -1.7789645e+00 -9.5185292e-01 -6.7459149e-01 -3.1297821e-01 +1.2948347e+00 +1.2987690e+00 +1.8285100e+00 +3.6777895e+00 +3.8777477e+00 +4.0257517e+00 +4.2095982e+00 
-4.8797131e+01 -4.8771546e+01 -2.7891335e+01 -2.7811802e+01 -2.7792952e+01 -2.7706755e+01 -2.7640912e+01 -2.7590662e+01 -1.7009667e+00 -9.9463254e-01 -6.8249633e-01 -3.2878676e-01 +1.2881317e+00 +1.2920565e+00 +1.8420707e+00 +3.6968056e+00 +3.9064168e+00 +4.0272882e+00 +4.3203448e+00 
-4.8796700e+01 -4.8771638e+01 -2.7892743e+01 -2.7813058e+01 -2.7791190e+01 -2.7707166e+01 -2.7642300e+01 -2.7590888e+01 -1.6481186e+00 -1.0260829e+00 -6.8723989e-01 -3.3844233e-01 +1.2841017e+00 +1.2880161e+00 +1.8502701e+00 +3.7082122e+00 +3.9239889e+00 +4.0282059e+00 +4.4113071e+00 
-4.8796554e+01 -4.8771671e+01 -2.7893214e+01 -2.7813477e+01 -2.7790594e+01 -2.7707303e+01 -2.7642770e+01 -2.7590963e+01 -1.6290855e+00 -1.0379386e+00 -6.8882112e-01 -3.4168903e-01 +1.2827570e+00 +1.2866672e+00 +1.8530130e+00 +3.7120153e+00 +3.9299088e+00 +4.0285111e+00 +4.4503503e+00 
-4.8796505e+01 -4.8771678e+01 -2.7893038e+01 -2.7813313e+01 -2.7790407e+01 -2.7707625e+01 -2.7642915e+01 -2.7591372e+01 -1.6262725e+00 -1.0357413e+00 -6.8793224e-01 -3.4287173e-01 +1.2818965e+00 +1.2848885e+00 +1.8538051e+00 +3.7133279e+00 +3.9249567e+00 +4.0273013e+00 +4.4513676e+00 
-4.8796358e+01 -4.8771702e+01 -2.7892513e+01 -2.7812822e+01 -2.7789847e+01 -2.7708584e+01 -2.7643347e+01 -2.7592593e+01 -1.6178561e+00 -1.0292212e+00 -6.8527827e-01 -3.4637776e-01 +1.2793189e+00 +1.2795875e+00 +1.8561833e+00 +3.7171761e+00 +3.9105463e+00 +4.0237136e+00 +4.4544666e+00 
-4.8796113e+01 -4.8771743e+01 -2.7891642e+01 -2.7812008e+01 -2.7788916e+01 -2.7710169e+01 -2.7644069e+01 -2.7594614e+01 -1.6039053e+00 -1.0185804e+00 -6.8089743e-01 -3.5208476e-01 +1.2708681e+00 +1.2750376e+00 +1.8601530e+00 +3.7232947e+00 +3.8878943e+00 +4.0178708e+00 +4.4597843e+00 
-4.8795775e+01 -4.8771803e+01 -2.7890431e+01 -2.7810875e+01 -2.7787618e+01 -2.7712358e+01 -2.7645078e+01 -2.7597413e+01 -1.5845370e+00 -1.0041162e+00 -6.7485390e-01 -3.5980129e-01 +1.2589047e+00 +1.2690738e+00 +1.8657211e+00 +3.7312554e+00 +3.8586985e+00 +4.0099686e+00 +4.4675346e+00 
-4.8795346e+01 -4.8771885e+01 -2.7888888e+01 -2.7809433e+01 -2.7785956e+01 -2.7715121e+01 -2.7646377e+01 -2.7600961e+01 -1.5599188e+00 -9.8616624e-01 -6.6723854e-01 -3.6928465e-01 +1.2439385e+00 +1.2614607e+00 +1.8728942e+00 +3.7404904e+00 +3.8248234e+00 +4.0002636e+00 +4.4779876e+00 
-4.8794829e+01 -4.8771992e+01 -2.7887025e+01 -2.7807692e+01 -2.7783937e+01 -2.7718420e+01 -2.7647965e+01 -2.7605218e+01 -1.5302714e+00 -9.6505483e-01 -6.5816982e-01 -3.8026278e-01 +1.2262768e+00 +1.2522442e+00 +1.8816758e+00 +3.7503321e+00 +3.7880700e+00 +3.9890593e+00 +4.4914448e+00 
-4.8794231e+01 -4.8772129e+01 -2.7884857e+01 -2.7805667e+01 -2.7781567e+01 -2.7722208e+01 -2.7649841e+01 -2.7610136e+01 -1.4958707e+00 -9.4107344e-01 -6.4779487e-01 -3.9245610e-01 +1.2062908e+00 +1.2414854e+00 +1.8920631e+00 +3.7500491e+00 +3.7600697e+00 +3.9766918e+00 +4.5082228e+00 
-4.8793557e+01 -4.8772298e+01 -2.7882402e+01 -2.7803374e+01 -2.7778856e+01 -2.7726428e+01 -2.7652007e+01 -2.7615659e+01 -1.4570484e+00 -9.1451833e-01 -6.3629052e-01 -4.0559370e-01 +1.1844121e+00 +1.2292632e+00 +1.9040425e+00 +3.7121586e+00 +3.7689880e+00 +3.9635163e+00 +4.5286545e+00 
-4.8792812e+01 -4.8772504e+01 -2.7879684e+01 -2.7800836e+01 -2.7775811e+01 -2.7731016e+01 -2.7654462e+01 -2.7621718e+01 -1.4141905e+00 -8.8577354e-01 -6.2386404e-01 -4.1942055e-01 +1.1611289e+00 +1.2156776e+00 +1.9175835e+00 +3.6755635e+00 +3.7764378e+00 +3.9498951e+00 +4.5531020e+00 
-4.8792005e+01 -4.8772750e+01 -2.7876733e+01 -2.7798079e+01 -2.7772445e+01 -2.7735897e+01 -2.7657205e+01 -2.7628239e+01 -1.3677339e+00 -8.5539179e-01 -6.1075332e-01 -4.3369837e-01 +1.1369807e+00 +1.2008514e+00 +1.9326288e+00 +3.6412497e+00 +3.7818363e+00 +3.9361859e+00 +4.5819589e+00 
-4.8791142e+01 -4.8773040e+01 -2.7873582e+01 -2.7795136e+01 -2.7768768e+01 -2.7740987e+01 -2.7660236e+01 -2.7635136e+01 -1.3181602e+00 -8.2412973e-01 -5.9722586e-01 -4.4820738e-01 +1.1125515e+00 +1.1849321e+00 +1.9490810e+00 +3.6100473e+00 +3.7846917e+00 +3.9227301e+00 +4.6156267e+00 
-4.8790233e+01 -4.8773378e+01 -2.7870275e+01 -2.7792049e+01 -2.7764793e+01 -2.7746190e+01 -2.7663555e+01 -2.7642312e+01 -1.2659877e+00 -7.9292727e-01 -5.8357572e-01 -4.6275649e-01 +1.0884614e+00 +1.1680918e+00 +1.9667854e+00 +3.5826640e+00 +3.7846157e+00 +3.9098389e+00 +4.6544700e+00 
-4.8789286e+01 -4.8773768e+01 -2.7866866e+01 -2.7788869e+01 -2.7760533e+01 -2.7751398e+01 -2.7667161e+01 -2.7649656e+01 -1.2117608e+00 -7.6284575e-01 -5.7011767e-01 -4.7720774e-01 +1.0653556e+00 +1.1505255e+00 +1.9855109e+00 +3.5597108e+00 +3.7813370e+00 +3.8977817e+00 +4.6987744e+00 
-4.8788309e+01 -4.8774213e+01 -2.7863419e+01 -2.7785662e+01 -2.7756490e+01 -2.7756004e+01 -2.7671051e+01 -2.7657042e+01 -1.1560397e+00 -7.3498092e-01 -5.5717719e-01 -4.9151913e-01 +1.0438903e+00 +1.1324480e+00 +2.0049316e+00 +3.5417192e+00 +3.7747067e+00 +3.8867762e+00 +4.7487260e+00 
-4.8787312e+01 -4.8774718e+01 -2.7860018e+01 -2.7782511e+01 -2.7761326e+01 -2.7751220e+01 -2.7675224e+01 -2.7664325e+01 -1.0993891e+00 -7.1035819e-01 -5.4507640e-01 -5.0580770e-01 +1.0247166e+00 +1.1140896e+00 +2.0246138e+00 +3.5291493e+00 +3.7646914e+00 +3.8769845e+00 +4.8044169e+00 
-4.8786302e+01 -4.8775286e+01 -2.7856762e+01 -2.7779526e+01 -2.7765749e+01 -2.7746197e+01 -2.7679676e+01 -2.7671334e+01 -1.0423694e+00 -6.8982004e-01 -5.3411703e-01 -5.2042192e-01 +1.0084606e+00 +1.0956921e+00 +2.0440123e+00 +3.5223880e+00 +3.7513526e+00 +3.8685140e+00 +4.8658726e+00 
-4.8785285e+01 -4.8775919e+01 -2.7853769e+01 -2.7776847e+01 -2.7769583e+01 -2.7740953e+01 -2.7684404e+01 -2.7677867e+01 -9.8552930e-01 -6.7395040e-01 -5.3597434e-01 -5.2456333e-01 +9.9570150e-01 +1.0775044e+00 +2.0624802e+00 +3.5217357e+00 +3.7348196e+00 +3.8614229e+00 +4.9330865e+00 
-4.8784265e+01 -4.8776622e+01 -2.7851171e+01 -2.7774649e+01 -2.7772640e+01 -2.7735504e+01 -2.7689404e+01 -2.7683690e+01 -9.2940050e-01 -6.6317026e-01 -5.5319695e-01 -5.1662755e-01 +9.8694788e-01 +1.0597787e+00 +2.0792914e+00 +3.5273815e+00 +3.7152614e+00 +3.8557272e+00 +5.0060531e+00 
-4.8783241e+01 -4.8777395e+01 -2.7849095e+01 -2.7774749e+01 -2.7773120e+01 -2.7729867e+01 -2.7694669e+01 -2.7688544e+01 -8.7449343e-01 -6.5834894e-01 -5.7227374e-01 -5.1045764e-01 +9.8261345e-01 +1.0427671e+00 +2.0936724e+00 +3.5393653e+00 +3.6928617e+00 +3.8514081e+00 +5.0847861e+00 
-4.8782215e+01 -4.8778240e+01 -2.7847634e+01 -2.7775747e+01 -2.7772474e+01 -2.7724061e+01 -2.7700195e+01 -2.7692175e+01 -8.2129245e-01 -6.6266427e-01 -5.9091954e-01 -5.0612538e-01 +9.8299621e-01 +1.0267176e+00 +2.1048401e+00 +3.5575266e+00 +3.6678011e+00 +3.8484187e+00 +5.1692867e+00 
-4.8781184e+01 -4.8779158e+01 -2.7846813e+01 -2.7775572e+01 -2.7772838e+01 -2.7718105e+01 -2.7705975e+01 -2.7694392e+01 -7.7025013e-01 -6.8292066e-01 -6.0300137e-01 -5.0361536e-01 +9.8826374e-01 +1.0118716e+00 +2.1120391e+00 +3.5814387e+00 +3.6402457e+00 +3.8466902e+00 +5.2591879e+00 
-4.8780171e+01 -4.8780133e+01 -2.7846568e+01 -2.7774333e+01 -2.7774140e+01 -2.7712188e+01 -2.7711831e+01 -2.7695122e+01 -7.2192738e-01 -7.2163320e-01 -6.0625478e-01 -5.0281825e-01 +9.9842978e-01 +9.9847811e-01 +2.1145776e+00 +3.6100808e+00 +3.6105963e+00 +3.8461356e+00 +5.3338342e+00 
-4.8781221e+01 -4.8779124e+01 -2.7846754e+01 -2.7776543e+01 -2.7771849e+01 -2.7718286e+01 -2.7705797e+01 -2.7694439e+01 -7.7589431e-01 -6.7625187e-01 -6.0411506e-01 -5.0353380e-01 +9.8668564e-01 +1.0134667e+00 +2.1118583e+00 +3.5782103e+00 +3.6430484e+00 +3.8466548e+00 +5.2303895e+00 
-4.8782368e+01 -4.8778113e+01 -2.7847178e+01 -2.7779521e+01 -2.7768567e+01 -2.7724786e+01 -2.7699498e+01 -2.7692531e+01 -8.4288668e-01 -6.3397103e-01 -5.9872413e-01 -5.0547478e-01 +9.7678644e-01 +1.0330648e+00 +2.1034010e+00 +3.5439764e+00 +3.6779354e+00 +3.8481346e+00 +5.1184512e+00 
-4.8783596e+01 -4.8777127e+01 -2.7847638e+01 -2.7782901e+01 -2.7764554e+01 -2.7731510e+01 -2.7693120e+01 -2.7689629e+01 -9.2163399e-01 -5.9516629e-01 -5.9066431e-01 -5.0828858e-01 +9.6893076e-01 +1.0569448e+00 +2.0888690e+00 +3.5077380e+00 +3.7129299e+00 +3.8504534e+00 +5.0128988e+00 
-4.8784909e+01 -4.8776178e+01 -2.7847949e+01 -2.7786417e+01 -2.7759967e+01 -2.7738446e+01 -2.7686683e+01 -2.7685959e+01 -1.0113052e+00 -5.7996831e-01 -5.5995283e-01 -5.1157394e-01 +9.6328848e-01 +1.0847173e+00 +2.0680955e+00 +3.4696007e+00 +3.7456081e+00 +3.8534820e+00 +4.9128964e+00 
-4.8786312e+01 -4.8775278e+01 -2.7847952e+01 -2.7789846e+01 -2.7754939e+01 -2.7745583e+01 -2.7681712e+01 -2.7680204e+01 -1.1110378e+00 -5.6649772e-01 -5.2831549e-01 -5.1489942e-01 +9.6001307e-01 +1.1159461e+00 +2.0411218e+00 +3.4296770e+00 +3.7733963e+00 +3.8570854e+00 +4.8172195e+00 
-4.8787809e+01 -4.8774435e+01 -2.7847520e+01 -2.7793007e+01 -2.7752909e+01 -2.7749579e+01 -2.7677038e+01 -2.7673702e+01 -1.2198836e+00 -5.5008074e-01 -5.1782011e-01 -5.0009911e-01 +9.5924383e-01 +1.1501729e+00 +2.0082421e+00 +3.3880907e+00 +3.7938639e+00 +3.8611241e+00 +4.7246496e+00 
-4.8789403e+01 -4.8773659e+01 -2.7846553e+01 -2.7795761e+01 -2.7760411e+01 -2.7743972e+01 -2.7672055e+01 -2.7667194e+01 -1.3368322e+00 -5.3054966e-01 -5.1989226e-01 -4.7506728e-01 +9.6110988e-01 +1.1869388e+00 +1.9700274e+00 +3.3449793e+00 +3.8050291e+00 +3.8654563e+00 +4.6340754e+00 
-4.8791094e+01 -4.8772958e+01 -2.7844972e+01 -2.7798003e+01 -2.7768075e+01 -2.7738189e+01 -2.7666854e+01 -2.7660696e+01 -1.4608494e+00 -5.2068672e-01 -5.0775887e-01 -4.5299702e-01 +9.6573522e-01 +1.2257998e+00 +1.9273023e+00 +3.3004935e+00 +3.8055603e+00 +3.8699409e+00 +4.5445414e+00 
-4.8792881e+01 -4.8772340e+01 -2.7842721e+01 -2.7799654e+01 -2.7775886e+01 -2.7732286e+01 -2.7661506e+01 -2.7654226e+01 -1.5909085e+00 -5.1980166e-01 -4.8159111e-01 -4.3377678e-01 +9.7324350e-01 +1.2663363e+00 +1.8810725e+00 +3.2547946e+00 +3.7947906e+00 +3.8744405e+00 +4.4552711e+00 
-4.8794761e+01 -4.8771810e+01 -2.7839758e+01 -2.7800656e+01 -2.7783828e+01 -2.7726308e+01 -2.7656066e+01 -2.7647799e+01 -1.7260118e+00 -5.1687412e-01 -4.5195931e-01 -4.1746246e-01 +9.8375968e-01 +1.3081543e+00 +1.8324387e+00 +3.2080510e+00 +3.7725816e+00 +3.8788255e+00 +4.3656722e+00 
-4.8796731e+01 -4.8771375e+01 -2.7836057e+01 -2.7800968e+01 -2.7791883e+01 -2.7720294e+01 -2.7650581e+01 -2.7641430e+01 -1.8652039e+00 -5.1158910e-01 -4.1880663e-01 -4.0427915e-01 +9.9740619e-01 +1.3508847e+00 +1.7825321e+00 +3.1604343e+00 +3.7391455e+00 +3.8829760e+00 +4.2753292e+00 
-4.8798785e+01 -4.8771041e+01 -2.7831605e+01 -2.7800565e+01 -2.7800031e+01 -2.7714277e+01 -2.7645088e+01 -2.7635135e+01 -2.0075780e+00 -5.0368480e-01 -3.9459215e-01 -3.8209915e-01 +1.0142922e+00 +1.3941794e+00 +1.7324850e+00 +3.1121153e+00 +3.6949185e+00 +3.8867832e+00 +4.1839884e+00 
-4.8800917e+01 -4.8770813e+01 -2.7826400e+01 -2.7808255e+01 -2.7799431e+01 -2.7708283e+01 -2.7639618e+01 -2.7628929e+01 -2.1522784e+00 -4.9295373e-01 -3.8884032e-01 -3.4184201e-01 +1.0344985e+00 +1.4377095e+00 +1.6834251e+00 +3.0632616e+00 +3.6405041e+00 +3.8901476e+00 +4.0915369e+00 
-4.8803120e+01 -4.8770696e+01 -2.7820451e+01 -2.7816532e+01 -2.7797561e+01 -2.7702335e+01 -2.7634200e+01 -2.7622826e+01 -2.2985008e+00 -4.7924036e-01 -3.8751499e-01 -2.9805044e-01 +1.0580632e+00 +1.4811659e+00 +1.6364749e+00 +3.0140347e+00 +3.5766626e+00 +3.8929760e+00 +3.9979814e+00 
-4.8805386e+01 -4.8770691e+01 -2.7824842e+01 -2.7813777e+01 -2.7794961e+01 -2.7696453e+01 -2.7628857e+01 -2.7616838e+01 -2.4454899e+00 -4.6243649e-01 -3.9110216e-01 -2.5076762e-01 +1.0849737e+00 +1.5242619e+00 +1.5927455e+00 +2.9645889e+00 +3.5043119e+00 +3.8951789e+00 +3.9034265e+00 
-4.8807708e+01 -4.8770787e+01 -2.7833164e+01 -2.7806408e+01 -2.7791644e+01 -2.7690652e+01 -2.7623608e+01 -2.7610979e+01 -2.5925367e+00 -4.4247562e-01 -4.0007163e-01 -2.0005561e-01 +1.1151664e+00 +1.5533199e+00 +1.5667362e+00 +2.9150710e+00 +3.4245137e+00 +3.8080546e+00 +3.8966699e+00 
-4.8810076e+01 -4.8770962e+01 -2.7841475e+01 -2.7798379e+01 -2.7787633e+01 -2.7684945e+01 -2.7618472e+01 -2.7605260e+01 -2.7389747e+00 -4.1932712e-01 -4.1488089e-01 -1.4599405e-01 +1.1485342e+00 +1.5192215e+00 +1.6083580e+00 +2.8656193e+00 +3.3384349e+00 +3.7121083e+00 +3.8973660e+00 
-4.8812480e+01 -4.8771180e+01 -2.7849752e+01 -2.7789739e+01 -2.7782955e+01 -2.7679342e+01 -2.7613466e+01 -2.7599692e+01 -2.8841772e+00 -4.3597398e-01 -3.9299105e-01 -8.8678355e-02 +1.1849346e+00 +1.4913572e+00 +1.6489294e+00 +2.8163642e+00 +3.2472848e+00 +3.6158742e+00 +3.8971902e+00 
-4.8814911e+01 -4.8771409e+01 -2.7857974e+01 -2.7780541e+01 -2.7777646e+01 -2.7673849e+01 -2.7608602e+01 -2.7594285e+01 -3.0275556e+00 -4.6372112e-01 -3.6349406e-01 -2.8217992e-02 +1.2241991e+00 +1.4704364e+00 +1.6882881e+00 +2.7674279e+00 +3.1522509e+00 +3.5196693e+00 +3.8960741e+00 
-4.8817359e+01 -4.8771634e+01 -2.7866116e+01 -2.7771759e+01 -2.7770839e+01 -2.7668471e+01 -2.7603895e+01 -2.7589046e+01 -3.1685601e+00 -4.9829214e-01 -3.3088678e-01 +3.5264645e-02 +1.2661381e+00 +1.4568888e+00 +1.7263081e+00 +2.7189248e+00 +3.0544563e+00 +3.4238284e+00 +3.8939602e+00 
-4.8819812e+01 -4.8771860e+01 -2.7874155e+01 -2.7765319e+01 -2.7760728e+01 -2.7663205e+01 -2.7599356e+01 -2.7583985e+01 -3.3066832e+00 -5.3954585e-01 -2.9524277e-01 +1.0163387e-01 +1.3105441e+00 +1.4508279e+00 +1.7628994e+00 +2.6709617e+00 +2.9549483e+00 +3.3286932e+00 +3.8908024e+00 
-4.8822261e+01 -4.8772104e+01 -2.7882069e+01 -2.7758397e+01 -2.7750269e+01 -2.7658048e+01 -2.7594994e+01 -2.7579107e+01 -3.4414661e+00 -5.8701669e-01 -2.5665900e-01 +1.7073702e-01 +1.3571931e+00 +1.4520719e+00 +1.7980056e+00 +2.6236378e+00 +2.8546991e+00 +3.2346021e+00 +3.8865675e+00 
-4.8824693e+01 -4.8772378e+01 -2.7889832e+01 -2.7751049e+01 -2.7739558e+01 -2.7652988e+01 -2.7590818e+01 -2.7574421e+01 -3.5725050e+00 -6.3999036e-01 -2.1525745e-01 +2.4239476e-01 +1.4058440e+00 +1.4602009e+00 +1.8316018e+00 +2.5770444e+00 +2.7546072e+00 +3.1418826e+00 +3.8812346e+00 
-4.8827100e+01 -4.8772691e+01 -2.7897423e+01 -2.7743336e+01 -2.7728693e+01 -2.7648008e+01 -2.7586836e+01 -2.7569931e+01 -3.6994569e+00 -6.9760733e-01 -1.7118773e-01 +3.1638208e-01 +1.4562384e+00 +1.4746220e+00 +1.8636918e+00 +2.5312647e+00 +2.6554960e+00 +3.0508455e+00 +3.8747957e+00 
-4.8829471e+01 -4.8773046e+01 -2.7904817e+01 -2.7735325e+01 -2.7717786e+01 -2.7643082e+01 -2.7583055e+01 -2.7565642e+01 -3.8220407e+00 -7.5894868e-01 -1.2463034e-01 +3.9239912e-01 +1.4946258e+00 +1.5080998e+00 +1.8943049e+00 +2.4863725e+00 +2.5581144e+00 +2.9617848e+00 +3.8672549e+00 
-4.8831796e+01 -4.8773441e+01 -2.7911992e+01 -2.7727084e+01 -2.7706962e+01 -2.7638172e+01 -2.7579481e+01 -2.7561560e+01 -3.9400319e+00 -8.2309048e-01 -7.5800347e-02 +4.7003815e-01 +1.5194316e+00 +1.5611339e+00 +1.9234934e+00 +2.4424310e+00 +2.4631400e+00 +2.8749813e+00 +3.8586292e+00 
-4.8834068e+01 -4.8773870e+01 -2.7918925e+01 -2.7718687e+01 -2.7696359e+01 -2.7633227e+01 -2.7576119e+01 -2.7557686e+01 -4.0532507e+00 -8.8913122e-01 -2.4951405e-02 +5.4876485e-01 +1.5482208e+00 +1.6150284e+00 +1.9513307e+00 +2.3711800e+00 +2.3994938e+00 +2.7907088e+00 +3.8489481e+00 
-4.8836275e+01 -4.8774326e+01 -2.7925593e+01 -2.7710205e+01 -2.7686131e+01 -2.7628182e+01 -2.7572975e+01 -2.7554025e+01 -4.1615423e+00 -9.5620234e-01 +2.7620117e-02 +6.2793833e-01 +1.5801583e+00 +1.6694534e+00 +1.9779092e+00 +2.2827833e+00 +2.3575963e+00 +2.7092369e+00 +3.8382545e+00 
-4.8838410e+01 -4.8774803e+01 -2.7931976e+01 -2.7701715e+01 -2.7676449e+01 -2.7622958e+01 -2.7570052e+01 -2.7550579e+01 -4.2647525e+00 -1.0234713e+00 +8.1570970e-02 +7.0687798e-01 +1.6144038e+00 +1.7240627e+00 +2.0033382e+00 +2.1984415e+00 +2.3167641e+00 +2.6308286e+00 +3.8266057e+00 
-4.8840464e+01 -4.8775292e+01 -2.7938053e+01 -2.7693291e+01 -2.7667482e+01 -2.7617470e+01 -2.7567354e+01 -2.7547351e+01 -4.3627049e+00 -1.0901432e+00 +1.3650709e-01 +7.8495050e-01 +1.6501062e+00 +1.7784936e+00 +2.0277421e+00 +2.1186160e+00 +2.2770057e+00 +2.5557330e+00 +3.8140752e+00 
-4.8842426e+01 -4.8775786e+01 -2.7943803e+01 -2.7685008e+01 -2.7659385e+01 -2.7611653e+01 -2.7564882e+01 -2.7544341e+01 -4.4551894e+00 -1.1554626e+00 +1.9198030e-01 +8.6163053e-01 +1.6863643e+00 +1.8323675e+00 +2.0437905e+00 +2.0512567e+00 +2.2383120e+00 +2.4841804e+00 +3.8007558e+00 
-4.8844289e+01 -4.8776277e+01 -2.7949207e+01 -2.7676942e+01 -2.7652264e+01 -2.7605489e+01 -2.7562638e+01 -2.7541550e+01 -4.5419658e+00 -1.2187176e+00 +2.4748599e-01 +9.3650932e-01 +1.7220782e+00 +1.8852875e+00 +1.9746325e+00 +2.0740237e+00 +2.2006496e+00 +2.4163874e+00 +3.7867647e+00 
-4.8846044e+01 -4.8776758e+01 -2.7954248e+01 -2.7669165e+01 -2.7646145e+01 -2.7599033e+01 -2.7560621e+01 -2.7538981e+01 -4.6227793e+00 -1.2792431e+00 +3.0246258e-01 +1.0092646e+00 +1.7552884e+00 +1.9126659e+00 +1.9368343e+00 +2.0961807e+00 +2.1639486e+00 +2.3525745e+00 +3.7722501e+00 
-4.8847681e+01 -4.8777223e+01 -2.7958909e+01 -2.7661749e+01 -2.7640980e+01 -2.7592414e+01 -2.7558830e+01 -2.7536633e+01 -4.6973777e+00 -1.3364256e+00 +3.5629299e-01 +1.0796218e+00 +1.7789580e+00 +1.8644985e+00 +1.9865611e+00 +2.1178460e+00 +2.1280832e+00 +2.2929958e+00 +3.7573977e+00 
-4.8849192e+01 -4.8777664e+01 -2.7963173e+01 -2.7654766e+01 -2.7636668e+01 -2.7585811e+01 -2.7557262e+01 -2.7534508e+01 -4.7655249e+00 -1.3897072e+00 +4.0830877e-01 +1.1473249e+00 +1.7676305e+00 +1.8551699e+00 +2.0339877e+00 +2.0928458e+00 +2.1390963e+00 +2.2379799e+00 +3.7424365e+00 
-4.8850569e+01 -4.8778076e+01 -2.7967027e+01 -2.7648284e+01 -2.7633090e+01 -2.7579414e+01 -2.7555910e+01 -2.7532605e+01 -4.8270093e+00 -1.4385900e+00 +4.5779684e-01 +1.2121200e+00 +1.7289153e+00 +1.8766711e+00 +2.0579319e+00 +2.0785991e+00 +2.1599370e+00 +2.1879648e+00 +3.7276403e+00 
-4.8851803e+01 -4.8778453e+01 -2.7970458e+01 -2.7642368e+01 -2.7630136e+01 -2.7573398e+01 -2.7554767e+01 -2.7530925e+01 -4.8816463e+00 -1.4826391e+00 +5.0400952e-01 +1.2737395e+00 +1.6887009e+00 +1.9027339e+00 +2.0229759e+00 +2.1198494e+00 +2.1434883e+00 +2.1802671e+00 +3.7133245e+00 
-4.8852889e+01 -4.8778790e+01 -2.7973455e+01 -2.7637082e+01 -2.7627715e+01 -2.7567917e+01 -2.7553822e+01 -2.7529469e+01 -4.9292794e+00 -1.5214842e+00 +5.4617837e-01 +1.3318728e+00 +1.6524279e+00 +1.9275615e+00 +1.9877094e+00 +2.1050724e+00 +2.1571724e+00 +2.1998447e+00 +3.6998381e+00 
-4.8853818e+01 -4.8779082e+01 -2.7976008e+01 -2.7632487e+01 -2.7625757e+01 -2.7563092e+01 -2.7553064e+01 -2.7528237e+01 -4.9697794e+00 -1.5548190e+00 +5.8353357e-01 +1.3861024e+00 +1.6212610e+00 +1.9496609e+00 +1.9522351e+00 +2.0730193e+00 +2.1899977e+00 +2.2182603e+00 +3.6875514e+00 
-4.8854586e+01 -4.8779327e+01 -2.7978108e+01 -2.7628637e+01 -2.7624211e+01 -2.7559022e+01 -2.7552476e+01 -2.7527228e+01 -5.0030426e+00 -1.5823978e+00 +6.1533013e-01 +1.4357709e+00 +1.5955754e+00 +1.9172679e+00 +1.9683628e+00 +2.0473001e+00 +2.2177725e+00 +2.2349308e+00 +3.6768394e+00 
-4.8855189e+01 -4.8779520e+01 -2.7979749e+01 -2.7625583e+01 -2.7623041e+01 -2.7555783e+01 -2.7552042e+01 -2.7526444e+01 -5.0289894e+00 -1.6040305e+00 +6.4088110e-01 +1.4797237e+00 +1.5755226e+00 +1.8842730e+00 +1.9832620e+00 +2.0276630e+00 +2.2399864e+00 +2.2491281e+00 +3.6680606e+00 
-4.8855621e+01 -4.8779659e+01 -2.7980925e+01 -2.7623368e+01 -2.7622222e+01 -2.7553430e+01 -2.7551747e+01 -2.7525884e+01 -5.0475614e+00 -1.6195770e+00 +6.5959566e-01 +1.5158643e+00 +1.5611706e+00 +1.8556984e+00 +1.9940851e+00 +2.0138282e+00 +2.2561999e+00 +2.2600547e+00 +3.6615328e+00 
-4.8855882e+01 -4.8779744e+01 -2.7981632e+01 -2.7622025e+01 -2.7621736e+01 -2.7552004e+01 -2.7551576e+01 -2.7525547e+01 -5.0587194e+00 -1.6289418e+00 +6.7101745e-01 +1.5406651e+00 +1.5525506e+00 +1.8353368e+00 +2.0006497e+00 +2.0055966e+00 +2.2660724e+00 +2.2669694e+00 +3.6575078e+00 
-4.8855969e+01 -4.8779772e+01 -2.7981868e+01 -2.7621575e+01 -2.7621575e+01 -2.7551526e+01 -2.7551520e+01 -2.7525435e+01 -5.0624412e+00 -1.6320694e+00 +6.7485768e-01 +1.5496760e+00 +1.5496962e+00 +1.8277694e+00 +2.0028496e+00 +2.0028632e+00 +2.2693392e+00 +2.2693879e+00 +3.6560868e+00 
-4.8855865e+01 -4.8779879e+01 -2.7981254e+01 -2.7621478e+01 -2.7621478e+01 -2.7551624e+01 -2.7551619e+01 -2.7526098e+01 -5.0585045e+00 -1.6370635e+00 +6.7232287e-01 +1.5470526e+00 +1.5470727e+00 +1.8251036e+00 +2.0002754e+00 +2.0002892e+00 +2.2747432e+00 +2.2747919e+00 +3.6566298e+00 
-4.8855551e+01 -4.8780200e+01 -2.7979414e+01 -2.7621187e+01 -2.7621187e+01 -2.7551920e+01 -2.7551914e+01 -2.7528081e+01 -5.0467224e+00 -1.6521048e+00 +6.6501463e-01 +1.5394747e+00 +1.5394946e+00 +1.8171342e+00 +1.9926197e+00 +1.9926336e+00 +2.2906524e+00 +2.2907009e+00 +3.6581766e+00 
-4.8855031e+01 -4.8780732e+01 -2.7976358e+01 -2.7620705e+01 -2.7620705e+01 -2.7552410e+01 -2.7552405e+01 -2.7531373e+01 -5.0271762e+00 -1.6773549e+00 +6.5378396e-01 +1.5277315e+00 +1.5277509e+00 +1.8039466e+00 +1.9800779e+00 +1.9800920e+00 +2.3162454e+00 +2.3162937e+00 +3.6604878e+00 
-4.8854307e+01 -4.8781474e+01 -2.7972100e+01 -2.7620032e+01 -2.7620032e+01 -2.7553093e+01 -2.7553087e+01 -2.7535954e+01 -4.9999941e+00 -1.7130361e+00 +6.3993042e-01 +1.5129018e+00 +1.5129206e+00 +1.7856849e+00 +1.9629621e+00 +1.9629764e+00 +2.3503883e+00 +2.3504363e+00 +3.6631853e+00 
-4.8853382e+01 -4.8782420e+01 -2.7966663e+01 -2.7619173e+01 -2.7619173e+01 -2.7553964e+01 -2.7553958e+01 -2.7541793e+01 -4.9653374e+00 -1.7593660e+00 +6.2504615e-01 +1.4961375e+00 +1.4961555e+00 +1.7625532e+00 +1.9416822e+00 +1.9416969e+00 +2.3918487e+00 +2.3918964e+00 +3.6657812e+00 
-4.8852260e+01 -4.8783565e+01 -2.7960074e+01 -2.7618132e+01 -2.7618131e+01 -2.7555018e+01 -2.7555013e+01 -2.7548856e+01 -4.9233801e+00 -1.8164818e+00 +6.1083632e-01 +1.4785126e+00 +1.4785297e+00 +1.7348112e+00 +1.9167241e+00 +1.9167391e+00 +2.4394429e+00 +2.4394901e+00 +3.6677139e+00 
-4.8850948e+01 -4.8784903e+01 -2.7952366e+01 -2.7616913e+01 -2.7616913e+01 -2.7557098e+01 -2.7556249e+01 -2.7556244e+01 -4.8742855e+00 -1.8843659e+00 +5.9894524e-01 +1.4609522e+00 +1.4609681e+00 +1.7027634e+00 +1.8886258e+00 +1.8886411e+00 +2.4921037e+00 +2.4921503e+00 +3.6683869e+00 
-4.8849452e+01 -4.8786427e+01 -2.7943578e+01 -2.7615524e+01 -2.7615523e+01 -2.7566470e+01 -2.7557651e+01 -2.7557646e+01 -4.8181877e+00 -1.9627877e+00 +5.9081335e-01 +1.4442159e+00 +1.4442305e+00 +1.6667398e+00 +1.8579560e+00 +1.8579715e+00 +2.5488909e+00 +2.5489369e+00 +3.6672073e+00 
-4.8847779e+01 -4.8788127e+01 -2.7933754e+01 -2.7613971e+01 -2.7613970e+01 -2.7576913e+01 -2.7559214e+01 -2.7559209e+01 -4.7551882e+00 -2.0512746e+00 +5.8758204e-01 +1.4289109e+00 +1.4289241e+00 +1.6270725e+00 +1.8252933e+00 +1.8253089e+00 +2.6089732e+00 +2.6090183e+00 +3.6636190e+00 
-4.8845937e+01 -4.8789993e+01 -2.7922945e+01 -2.7612262e+01 -2.7612262e+01 -2.7588364e+01 -2.7560930e+01 -2.7560925e+01 -4.6853733e+00 -2.1491149e+00 +5.9005175e-01 +1.4155155e+00 +1.4155272e+00 +1.5840782e+00 +1.7912100e+00 +1.7912256e+00 +2.6715982e+00 +2.6716422e+00 +3.6571303e+00 
-4.8843936e+01 -4.8792017e+01 -2.7911206e+01 -2.7610408e+01 -2.7610407e+01 -2.7600755e+01 -2.7562789e+01 -2.7562784e+01 -4.6088442e+00 -2.2553902e+00 +5.9868734e-01 +1.4044023e+00 +1.4044124e+00 +1.5380521e+00 +1.7562582e+00 +1.7562736e+00 +2.7360618e+00 +2.7361046e+00 +3.6473314e+00 
-4.8841788e+01 -4.8794185e+01 -2.7898597e+01 -2.7614010e+01 -2.7608417e+01 -2.7608416e+01 -2.7564779e+01 -2.7564775e+01 -4.5257476e+00 -2.3690270e+00 +6.1365723e-01 +1.3958591e+00 +1.3958675e+00 +1.4892748e+00 +1.7209603e+00 +1.7209755e+00 +2.8016812e+00 +2.8017226e+00 +3.6339053e+00 
-4.8839505e+01 -4.8796487e+01 -2.7885184e+01 -2.7628050e+01 -2.7606303e+01 -2.7606302e+01 -2.7566889e+01 -2.7566885e+01 -4.4362930e+00 -2.4888558e+00 +6.3489030e-01 +1.3901045e+00 +1.3901113e+00 +1.4380275e+00 +1.6858021e+00 +1.6858168e+00 +2.8677744e+00 +2.8678141e+00 +3.6166304e+00 
-4.8837099e+01 -4.8798908e+01 -2.7871035e+01 -2.7642793e+01 -2.7604076e+01 -2.7604074e+01 -2.7569105e+01 -2.7569101e+01 -4.3407547e+00 -2.6136670e+00 +6.6213632e-01 +1.3846062e+00 +1.3873005e+00 +1.3873054e+00 +1.6512289e+00 +1.6512431e+00 +2.9336501e+00 +2.9336878e+00 +3.5953786e+00 
-4.8834584e+01 -4.8801436e+01 -2.7856224e+01 -2.7658152e+01 -2.7601749e+01 -2.7601748e+01 -2.7571415e+01 -2.7571411e+01 -4.2394632e+00 -2.7422579e+00 +6.9502002e-01 +1.3293330e+00 +1.3875594e+00 +1.3875626e+00 +1.6176440e+00 +1.6176574e+00 +2.9986147e+00 +2.9986501e+00 +3.5701096e+00 
-4.8831974e+01 -4.8804057e+01 -2.7840829e+01 -2.7674036e+01 -2.7599338e+01 -2.7599336e+01 -2.7573804e+01 -2.7573801e+01 -4.1327916e+00 -2.8734680e+00 +7.3308334e-01 +1.2725641e+00 +1.3909492e+00 +1.3909508e+00 +1.5854086e+00 +1.5854212e+00 +3.0620028e+00 +3.0620357e+00 +3.5408637e+00 
-4.8829284e+01 -4.8806755e+01 -2.7824930e+01 -2.7690353e+01 -2.7596854e+01 -2.7596853e+01 -2.7576260e+01 -2.7576257e+01 -4.0211433e+00 -3.0062033e+00 +7.7581415e-01 +1.2146968e+00 +1.3974954e+00 +1.3974956e+00 +1.5548432e+00 +1.5548548e+00 +3.1232314e+00 +3.1232616e+00 +3.5077505e+00 
-4.8826528e+01 -4.8809517e+01 -2.7808613e+01 -2.7707009e+01 -2.7594315e+01 -2.7594313e+01 -2.7578770e+01 -2.7578767e+01 -3.9049429e+00 -3.1394527e+00 +8.2266231e-01 +1.1561772e+00 +1.4071810e+00 +1.4071830e+00 +1.5262294e+00 +1.5262399e+00 +3.1818610e+00 +3.1818882e+00 +3.4709327e+00 
-4.8823724e+01 -4.8812325e+01 -2.7791964e+01 -2.7723906e+01 -2.7591735e+01 -2.7591733e+01 -2.7581323e+01 -2.7581320e+01 -3.7846335e+00 -3.2722977e+00 +8.7304596e-01 +1.0975069e+00 +1.4199543e+00 +1.4199579e+00 +1.4998126e+00 +1.4998219e+00 +3.2376296e+00 +3.2376536e+00 +3.4306127e+00 
-4.8820887e+01 -4.8815164e+01 -2.7775075e+01 -2.7740947e+01 -2.7589132e+01 -2.7589129e+01 -2.7583908e+01 -2.7583905e+01 -3.6606816e+00 -3.4039179e+00 +9.2635133e-01 +1.0392476e+00 +1.4357289e+00 +1.4357340e+00 +1.4758054e+00 +1.4758134e+00 +3.2904291e+00 +3.2904497e+00 +3.3869901e+00 
-4.8818191e+01 -4.8817861e+01 -2.7758268e+01 -2.7757805e+01 -2.7586619e+01 -2.7586617e+01 -2.7586414e+01 -2.7586411e+01 -3.5336472e+00 -3.5335333e+00 +9.8060963e-01 +9.8334078e-01 +1.4543493e+00 +1.4543559e+00 +1.4544333e+00 +1.4544400e+00 +3.3401860e+00 +3.3402029e+00 +3.3402720e+00 
-4.8818133e+01 -4.8817803e+01 -2.7758390e+01 -2.7757928e+01 -2.7586890e+01 -2.7586726e+01 -2.7586685e+01 -2.7586520e+01 -3.5306775e+00 -3.5305564e+00 +9.7825495e-01 +9.8096455e-01 +1.4539123e+00 +1.4540088e+00 +1.4566187e+00 +1.4567019e+00 +3.3398951e+00 +3.3399844e+00 +3.3412262e+00 
-4.8817959e+01 -4.8817628e+01 -2.7758760e+01 -2.7758298e+01 -2.7587696e+01 -2.7587493e+01 -2.7587051e+01 -2.7586846e+01 -3.5217364e+00 -3.5215948e+00 +9.7125285e-01 +9.7390035e-01 +1.4525288e+00 +1.4526608e+00 +1.4633850e+00 +1.4634656e+00 +3.3390167e+00 +3.3391154e+00 +3.3442645e+00 
-4.8817670e+01 -4.8817339e+01 -2.7759387e+01 -2.7758925e+01 -2.7589019e+01 -2.7588819e+01 -2.7587591e+01 -2.7587386e+01 -3.5067423e+00 -3.5065708e+00 +9.5978216e-01 +9.6233372e-01 +1.4500142e+00 +1.4501997e+00 +1.4745741e+00 +1.4746503e+00 +3.3375765e+00 +3.3376898e+00 +3.3491976e+00 
-4.8817269e+01 -4.8816937e+01 -2.7760287e+01 -2.7759828e+01 -2.7590828e+01 -2.7590632e+01 -2.7588342e+01 -2.7588136e+01 -3.4855991e+00 -3.4853927e+00 +9.4411887e-01 +9.4654931e-01 +1.4461059e+00 +1.4463567e+00 +1.4900616e+00 +1.4901318e+00 +3.3356139e+00 +3.3357458e+00 +3.3558771e+00 
-4.8816758e+01 -4.8816426e+01 -2.7761484e+01 -2.7761028e+01 -2.7593078e+01 -2.7592889e+01 -2.7589298e+01 -2.7589092e+01 -3.4582341e+00 -3.4579926e+00 +9.2460705e-01 +9.2689963e-01 +1.4405179e+00 +1.4408397e+00 +1.5096855e+00 +1.5097484e+00 +3.3331903e+00 +3.3333432e+00 +3.3641655e+00 
-4.8816140e+01 -4.8815809e+01 -2.7763005e+01 -2.7762555e+01 -2.7595716e+01 -2.7595535e+01 -2.7590453e+01 -2.7590247e+01 -3.4246265e+00 -3.4243533e+00 +9.0162579e-01 +9.0377056e-01 +1.4329892e+00 +1.4333829e+00 +1.5332526e+00 +1.5333067e+00 +3.3303921e+00 +3.3305671e+00 +3.3739659e+00 
-4.8815420e+01 -4.8815090e+01 -2.7764885e+01 -2.7764442e+01 -2.7598677e+01 -2.7598505e+01 -2.7591799e+01 -2.7591593e+01 -3.3848188e+00 -3.3845195e+00 +8.7555789e-01 +8.7754984e-01 +1.4233208e+00 +1.4237840e+00 +1.5605417e+00 +1.5605856e+00 +3.3273338e+00 +3.3275309e+00 +3.3852298e+00 
-4.8814602e+01 -4.8814276e+01 -2.7767161e+01 -2.7766727e+01 -2.7601887e+01 -2.7601727e+01 -2.7593326e+01 -2.7593120e+01 -3.3389173e+00 -3.3385983e+00 +8.4676500e-01 +8.4860254e-01 +1.4114006e+00 +1.4119282e+00 +1.5913038e+00 +1.5913363e+00 +3.3241590e+00 +3.3243770e+00 +3.3979473e+00 
-4.8813693e+01 -4.8813372e+01 -2.7769873e+01 -2.7769451e+01 -2.7605267e+01 -2.7605121e+01 -2.7595024e+01 -2.7594817e+01 -3.2870858e+00 -3.2867534e+00 +8.1557125e-01 +8.1725534e-01 +1.3972174e+00 +1.3978024e+00 +1.6252604e+00 +1.6252803e+00 +3.3210413e+00 +3.3212785e+00 +3.4121260e+00 
-4.8812700e+01 -4.8812386e+01 -2.7773061e+01 -2.7772653e+01 -2.7608734e+01 -2.7608603e+01 -2.7596880e+01 -2.7596674e+01 -3.2295397e+00 -3.2291991e+00 +7.8225521e-01 +7.8378897e-01 +1.3808675e+00 +1.3815013e+00 +1.6621004e+00 +1.6621064e+00 +3.3181846e+00 +3.3184385e+00 +3.4277685e+00 
-4.8811629e+01 -4.8811325e+01 -2.7776761e+01 -2.7776369e+01 -2.7612204e+01 -2.7612091e+01 -2.7598882e+01 -2.7598675e+01 -3.1665414e+00 -3.1661963e+00 +7.4704858e-01 +7.4843723e-01 +1.3625540e+00 +1.3632261e+00 +1.7014676e+00 +1.7014767e+00 +3.3158230e+00 +3.3160909e+00 +3.4448525e+00 
-4.8810489e+01 -4.8810198e+01 -2.7781002e+01 -2.7780629e+01 -2.7615596e+01 -2.7615503e+01 -2.7601016e+01 -2.7600809e+01 -3.0984010e+00 -3.0980533e+00 +7.1014077e-01 +7.1139151e-01 +1.3425798e+00 +1.3432782e+00 +1.7429773e+00 +1.7430027e+00 +3.3142211e+00 +3.3144997e+00 +3.4633196e+00 
-4.8809289e+01 -4.8809013e+01 -2.7785805e+01 -2.7785451e+01 -2.7618838e+01 -2.7618766e+01 -2.7603267e+01 -2.7603060e+01 -3.0254816e+00 -3.0251313e+00 +6.7169171e-01 +6.7281330e-01 +1.3213376e+00 +1.3220493e+00 +1.7862074e+00 +1.7862505e+00 +3.3136728e+00 +3.3139588e+00 +3.4830719e+00 
-4.8808036e+01 -4.8807778e+01 -2.7791175e+01 -2.7790841e+01 -2.7621867e+01 -2.7621817e+01 -2.7605619e+01 -2.7605411e+01 -2.9482113e+00 -2.9478566e+00 +6.3186043e-01 +6.3286221e-01 +1.2992984e+00 +1.3000111e+00 +1.8306875e+00 +1.8307497e+00 +3.3145002e+00 +3.3147898e+00 +3.5039767e+00 
-4.8806736e+01 -4.8806498e+01 -2.7797101e+01 -2.7796790e+01 -2.7624633e+01 -2.7624607e+01 -2.7608057e+01 -2.7607848e+01 -2.8670962e+00 -2.8667342e+00 +5.9085756e-01 +5.9174795e-01 +1.2770002e+00 +1.2777052e+00 +1.8759060e+00 +1.8759887e+00 +3.3170499e+00 +3.3173391e+00 +3.5258802e+00 
-4.8805397e+01 -4.8805177e+01 -2.7803557e+01 -2.7803268e+01 -2.7627105e+01 -2.7627103e+01 -2.7610562e+01 -2.7610353e+01 -2.7827262e+00 -2.7823538e+00 +5.4901300e-01 +5.4979797e-01 +1.2550313e+00 +1.2557261e+00 +1.9213144e+00 +1.9214191e+00 +3.3216866e+00 +3.3219713e+00 +3.5486239e+00 
-4.8804026e+01 -4.8803821e+01 -2.7810494e+01 -2.7810228e+01 -2.7629286e+01 -2.7629263e+01 -2.7613119e+01 -2.7612910e+01 -2.6957589e+00 -2.6953740e+00 +5.0681453e-01 +5.0749720e-01 +1.2339970e+00 +1.2346869e+00 +1.9663357e+00 +1.9664640e+00 +3.3287833e+00 +3.3290591e+00 +3.5720607e+00 
-4.8802630e+01 -4.8802436e+01 -2.7817851e+01 -2.7817609e+01 -2.7631154e+01 -2.7631107e+01 -2.7615709e+01 -2.7615499e+01 -2.6068868e+00 -2.6064888e+00 +4.6486307e-01 +4.6544525e-01 +1.2144715e+00 +1.2151670e+00 +2.0103782e+00 +2.0105315e+00 +3.3387053e+00 +3.3389678e+00 +3.5960625e+00 
-4.8801220e+01 -4.8801033e+01 -2.7825555e+01 -2.7825336e+01 -2.7632715e+01 -2.7632644e+01 -2.7618314e+01 -2.7618104e+01 -2.5168104e+00 -2.5164003e+00 +4.2375679e-01 +4.2424153e-01 +1.1969541e+00 +1.1976672e+00 +2.0528541e+00 +2.0530335e+00 +3.3517884e+00 +3.3520336e+00 +3.6205179e+00 
-4.8799806e+01 -4.8799623e+01 -2.7833525e+01 -2.7833329e+01 -2.7633988e+01 -2.7633895e+01 -2.7620918e+01 -2.7620707e+01 -2.4262403e+00 -2.4258198e+00 +3.8399229e-01 +3.8438599e-01 +1.1818563e+00 +1.1825958e+00 +2.0932041e+00 +2.0934106e+00 +3.3683111e+00 +3.3685351e+00 +3.6453292e+00 
-4.8798400e+01 -4.8798219e+01 -2.7841676e+01 -2.7841501e+01 -2.7634994e+01 -2.7634881e+01 -2.7623502e+01 -2.7623291e+01 -2.3359161e+00 -2.3354874e+00 +3.4594532e-01 +3.4625829e-01 +1.1695128e+00 +1.1702829e+00 +2.1309262e+00 +2.1311604e+00 +3.3884603e+00 +3.3886599e+00 +3.6704140e+00 
-4.8797013e+01 -4.8796831e+01 -2.7849920e+01 -2.7849764e+01 -2.7635762e+01 -2.7635630e+01 -2.7626048e+01 -2.7625836e+01 -2.2466220e+00 -2.2461872e+00 +3.0990748e-01 +3.1015335e-01 +1.1601976e+00 +1.1609981e+00 +2.1656055e+00 +2.1658670e+00 +3.4122942e+00 +3.4124671e+00 +3.6957107e+00 
-4.8795654e+01 -4.8795470e+01 -2.7858167e+01 -2.7858029e+01 -2.7636320e+01 -2.7636171e+01 -2.7628539e+01 -2.7628327e+01 -2.1591849e+00 -2.1587462e+00 +2.7612619e-01 +2.7632082e-01 +1.1541288e+00 +1.1549570e+00 +2.1969413e+00 +2.1972293e+00 +3.4397058e+00 +3.4398506e+00 +3.7211838e+00 
-4.8794334e+01 -4.8794146e+01 -2.7866332e+01 -2.7866210e+01 -2.7636697e+01 -2.7636534e+01 -2.7630957e+01 -2.7630744e+01 -2.0744573e+00 -2.0740174e+00 +2.4482186e-01 +2.4498224e-01 +1.1514627e+00 +1.1523143e+00 +2.2247680e+00 +2.2250809e+00 +3.4703940e+00 +3.4705098e+00 +3.7468222e+00 
-4.8793062e+01 -4.8792868e+01 -2.7874329e+01 -2.7874220e+01 -2.7636922e+01 -2.7636745e+01 -2.7633286e+01 -2.7633073e+01 -1.9932890e+00 -1.9928509e+00 +2.1618394e-01 +2.1632722e-01 +1.1522795e+00 +1.1531500e+00 +2.2490649e+00 +2.2494004e+00 +3.5038505e+00 +3.5039373e+00 +3.7726319e+00 
-4.8791847e+01 -4.8791645e+01 -2.7882077e+01 -2.7881981e+01 -2.7637021e+01 -2.7636833e+01 -2.7635509e+01 -2.7635296e+01 -1.9164922e+00 -1.9160596e+00 +1.9035637e-01 +1.9049899e-01 +1.1565653e+00 +1.1574503e+00 +2.2699509e+00 +2.2703063e+00 +3.5393766e+00 +3.5394345e+00 +3.7986223e+00 
-4.8790699e+01 -4.8790487e+01 -2.7889499e+01 -2.7889414e+01 -2.7637612e+01 -2.7637398e+01 -2.7637021e+01 -2.7636822e+01 -1.8448033e+00 -1.8443800e+00 +1.6742155e-01 +1.6757842e-01 +1.1641923e+00 +1.1650881e+00 +2.2876612e+00 +2.2880337e+00 +3.5761358e+00 +3.5761648e+00 +3.8247864e+00 
-4.8789626e+01 -4.8789402e+01 -2.7896525e+01 -2.7896449e+01 -2.7639580e+01 -2.7639366e+01 -2.7636944e+01 -2.7636736e+01 -1.7788464e+00 -1.7784362e+00 +1.4738877e-01 +1.4757256e-01 +1.1748992e+00 +1.1758024e+00 +2.3025073e+00 +2.3028941e+00 +3.6132340e+00 +3.6132344e+00 +3.8510757e+00 
-4.8788635e+01 -4.8788398e+01 -2.7903087e+01 -2.7903020e+01 -2.7641400e+01 -2.7641187e+01 -2.7636812e+01 -2.7636596e+01 -1.7191037e+00 -1.7187100e+00 +1.3019065e-01 +1.3041120e-01 +1.1882755e+00 +1.1891835e+00 +2.3148288e+00 +2.3152275e+00 +3.6497704e+00 +3.6497980e+00 +3.8773717e+00 
-4.8787734e+01 -4.8787483e+01 -2.7909125e+01 -2.7909066e+01 -2.7643063e+01 -2.7642849e+01 -2.7636644e+01 -2.7636420e+01 -1.6658988e+00 -1.6655242e+00 +1.1568881e-01 +1.1595272e-01 +1.2037537e+00 +1.2046642e+00 +2.3249552e+00 +2.3253635e+00 +3.6849650e+00 +3.6850196e+00 +3.9034569e+00 
-4.8786928e+01 -4.8786662e+01 -2.7914585e+01 -2.7914531e+01 -2.7644557e+01 -2.7644344e+01 -2.7636457e+01 -2.7636226e+01 -1.6193956e+00 -1.6190416e+00 +1.0368793e-01 +1.0399849e-01 +1.2206149e+00 +1.2215260e+00 +2.3331841e+00 +2.3336003e+00 +3.7180797e+00 +3.7181595e+00 +3.9289878e+00 
-4.8786221e+01 -4.8785942e+01 -2.7919417e+01 -2.7919368e+01 -2.7645874e+01 -2.7645660e+01 -2.7636265e+01 -2.7636029e+01 -1.5796130e+00 -1.5792798e+00 +9.3955607e-02 +9.4312921e-02 +1.2380103e+00 +1.2389205e+00 +2.3397766e+00 +2.3401992e+00 +3.7484304e+00 +3.7485328e+00 +3.9534766e+00 
-4.8785618e+01 -4.8785326e+01 -2.7923579e+01 -2.7923534e+01 -2.7647003e+01 -2.7646789e+01 -2.7636081e+01 -2.7635840e+01 -1.5464545e+00 -1.5461412e+00 +8.6244498e-02 +8.6645838e-02 +1.2550015e+00 +1.2559097e+00 +2.3449593e+00 +2.3453869e+00 +3.7753777e+00 +3.7754997e+00 +3.9762874e+00 
-4.8785121e+01 -4.8784819e+01 -2.7927034e+01 -2.7926993e+01 -2.7647938e+01 -2.7647725e+01 -2.7635916e+01 -2.7635672e+01 -1.5197457e+00 -1.5194500e+00 +8.0313456e-02 +8.0753736e-02 +1.2706170e+00 +1.2715227e+00 +2.3489262e+00 +2.3493577e+00 +3.7983333e+00 +3.7984713e+00 +3.9966558e+00 
-4.8784733e+01 -4.8784422e+01 -2.7929753e+01 -2.7929714e+01 -2.7648672e+01 -2.7648459e+01 -2.7635779e+01 -2.7635531e+01 -1.4992749e+00 -1.4989939e+00 +7.5945235e-02 +7.6417529e-02 +1.2839207e+00 +1.2848238e+00 +2.3518393e+00 +2.3522736e+00 +3.8167766e+00 +3.8169272e+00 +4.0137381e+00 
-4.8784455e+01 -4.8784137e+01 -2.7931711e+01 -2.7931674e+01 -2.7649200e+01 -2.7648987e+01 -2.7635676e+01 -2.7635426e+01 -1.4848326e+00 -1.4845626e+00 +7.2959806e-02 +7.3455847e-02 +1.2940854e+00 +1.2949862e+00 +2.3538268e+00 +2.3542632e+00 +3.8302764e+00 +3.8304359e+00 +4.0266949e+00 
-4.8784287e+01 -4.8783966e+01 -2.7932893e+01 -2.7932857e+01 -2.7649518e+01 -2.7649305e+01 -2.7635613e+01 -2.7635361e+01 -1.4762442e+00 -1.4759809e+00 +7.1223363e-02 +7.1733990e-02 +1.3004615e+00 +1.3013608e+00 +2.3549818e+00 +2.3554193e+00 +3.8385096e+00 +3.8386745e+00 +4.0348014e+00 
-4.8784232e+01 -4.8783908e+01 -2.7933288e+01 -2.7933253e+01 -2.7649625e+01 -2.7649411e+01 -2.7635591e+01 -2.7635339e+01 -1.4733947e+00 -1.4731337e+00 +7.0653770e-02 +7.1169313e-02 +1.3026344e+00 +1.3035332e+00 +2.3553605e+00 +2.3557983e+00 +3.8412766e+00 +3.8414433e+00 +4.0375623e+00 
-4.8784211e+01 -4.8783886e+01 -2.7933102e+01 -2.7933067e+01 -2.7651273e+01 -2.7651096e+01 -2.7634265e+01 -2.7634049e+01 -1.4701519e+00 -1.4698928e+00 +7.1710216e-02 +7.2223979e-02 +1.2938306e+00 +1.2947241e+00 +2.3585771e+00 +2.3590143e+00 +3.8364636e+00 +3.8366260e+00 +4.0471801e+00 
-4.8784150e+01 -4.8783820e+01 -2.7932546e+01 -2.7932510e+01 -2.7655186e+01 -2.7655054e+01 -2.7631377e+01 -2.7631207e+01 -1.4604443e+00 -1.4601906e+00 +7.4863614e-02 +7.5371733e-02 +1.2681132e+00 +1.2689916e+00 +2.3675288e+00 +2.3679647e+00 +3.8243745e+00 +3.8245306e+00 +4.0737496e+00 
-4.8784051e+01 -4.8783712e+01 -2.7931623e+01 -2.7931587e+01 -2.7660207e+01 -2.7660102e+01 -2.7628100e+01 -2.7627956e+01 -1.4443366e+00 -1.4440919e+00 +8.0065570e-02 +8.0563353e-02 +1.2273381e+00 +1.2281926e+00 +2.3803766e+00 +2.3808113e+00 +3.8092282e+00 +3.8093836e+00 +4.1132337e+00 
-4.8783916e+01 -4.8783567e+01 -2.7930342e+01 -2.7930304e+01 -2.7665884e+01 -2.7665792e+01 -2.7624858e+01 -2.7624728e+01 -1.4219453e+00 -1.4217126e+00 +8.7233636e-02 +8.7715302e-02 +1.1740016e+00 +1.1748248e+00 +2.3947393e+00 +2.3951737e+00 +3.7939985e+00 +3.7941578e+00 +4.1628891e+00 
-4.8783749e+01 -4.8783387e+01 -2.7928712e+01 -2.7928673e+01 -2.7672043e+01 -2.7671955e+01 -2.7621791e+01 -2.7621666e+01 -1.3934438e+00 -1.3932256e+00 +9.6248682e-02 +9.6707452e-02 +1.1107271e+00 +1.1115123e+00 +2.4083101e+00 +2.4087444e+00 +3.7801465e+00 +3.7803099e+00 +4.2214231e+00 
-4.8783554e+01 -4.8783179e+01 -2.7926748e+01 -2.7926708e+01 -2.7678594e+01 -2.7678508e+01 -2.7618944e+01 -2.7618820e+01 -1.3590621e+00 -1.3588598e+00 +1.0695056e-01 +1.0737912e-01 +1.0399345e+00 +1.0406760e+00 +2.4192791e+00 +2.4197117e+00 +3.7681656e+00 +3.7683285e+00 +4.2883255e+00 
-4.8783335e+01 -4.8782946e+01 -2.7924468e+01 -2.7924426e+01 -2.7685477e+01 -2.7685389e+01 -2.7616331e+01 -2.7616206e+01 -1.3190790e+00 -1.3188927e+00 +1.1913129e-01 +1.1952244e-01 +9.6369710e-01 +9.6439087e-01 +2.4265250e+00 +2.4269523e+00 +3.7579861e+00 +3.7581413e+00 +4.3634052e+00 
-4.8783097e+01 -4.8782694e+01 -2.7921894e+01 -2.7921849e+01 -2.7692635e+01 -2.7692543e+01 -2.7613950e+01 -2.7613823e+01 -1.2738107e+00 -1.2736390e+00 +1.3252607e-01 +1.3287351e-01 +8.8371592e-01 +8.8436012e-01 +2.4296282e+00 +2.4300449e+00 +3.7492193e+00 +3.7493604e+00 +4.4465198e+00 
-4.8782843e+01 -4.8782427e+01 -2.7919053e+01 -2.7919006e+01 -2.7700010e+01 -2.7699913e+01 -2.7611795e+01 -2.7611664e+01 -1.2235999e+00 -1.2234400e+00 +1.4680444e-01 +1.4710323e-01 +8.0135128e-01 +8.0194708e-01 +2.4287709e+00 +2.4291702e+00 +3.7413205e+00 +3.7414452e+00 +4.5374025e+00 
-4.8782580e+01 -4.8782149e+01 -2.7915979e+01 -2.7915929e+01 -2.7707537e+01 -2.7707434e+01 -2.7609856e+01 -2.7609720e+01 -1.1688112e+00 -1.1686592e+00 +1.6156342e-01 +1.6181021e-01 +7.1767953e-01 +7.1823136e-01 +2.4245808e+00 +2.4249557e+00 +3.7337087e+00 +3.7338217e+00 +4.6356163e+00 
-4.8782310e+01 -4.8781867e+01 -2.7912712e+01 -2.7912658e+01 -2.7715143e+01 -2.7715032e+01 -2.7608121e+01 -2.7607980e+01 -1.1098312e+00 -1.1096822e+00 +1.7632134e-01 +1.7651425e-01 +6.3356352e-01 +6.3407893e-01 +2.4179637e+00 +2.4183077e+00 +3.7258528e+00 +3.7259675e+00 +4.7405417e+00 
-4.8782039e+01 -4.8781583e+01 -2.7909298e+01 -2.7909239e+01 -2.7722744e+01 -2.7722625e+01 -2.7606580e+01 -2.7606434e+01 -1.0470720e+00 -1.0469213e+00 +1.9049957e-01 +1.9063775e-01 +5.4974224e-01 +5.5023170e-01 +2.4099510e+00 +2.4102589e+00 +3.7173294e+00 +3.7174671e+00 +4.8513849e+00 
-4.8781770e+01 -4.8781304e+01 -2.7905795e+01 -2.7905730e+01 -2.7730244e+01 -2.7730116e+01 -2.7605221e+01 -2.7605071e+01 -9.8097701e-01 -9.8082026e-01 +2.0334133e-01 +2.0342437e-01 +4.6698563e-01 +4.6746243e-01 +2.4015752e+00 +2.4018437e+00 +3.7078564e+00 +3.7080446e+00 +4.9671825e+00 
-4.8781509e+01 -4.8781034e+01 -2.7902269e+01 -2.7902199e+01 -2.7737534e+01 -2.7737396e+01 -2.7604035e+01 -2.7603880e+01 -9.1202832e-01 -9.1186254e-01 +2.1352240e-01 +2.1355004e-01 +3.8655765e-01 +3.8703741e-01 +2.3937720e+00 +2.3940000e+00 +3.6973134e+00 +3.6975823e+00 +5.0867814e+00 
-4.8781258e+01 -4.8780777e+01 -2.7898802e+01 -2.7898725e+01 -2.7744491e+01 -2.7744344e+01 -2.7603012e+01 -2.7602853e+01 -8.4076155e-01 -8.4058625e-01 +2.1667979e-01 +2.1669133e-01 +3.1275154e-01 +3.1323524e-01 +2.3873034e+00 +2.3874925e+00 +3.6857570e+00 +3.6861351e+00 +5.2087746e+00 
-4.8781022e+01 -4.8780538e+01 -2.7895486e+01 -2.7895401e+01 -2.7750978e+01 -2.7750820e+01 -2.7602144e+01 -2.7601981e+01 -7.6779900e-01 -7.6761716e-01 +1.9134460e-01 +1.9150365e-01 +2.6709885e-01 +2.6739528e-01 +2.3826941e+00 +2.3828484e+00 +3.6734357e+00 +3.6739453e+00 +5.3313698e+00 
-4.8780805e+01 -4.8780322e+01 -2.7892426e+01 -2.7892333e+01 -2.7756842e+01 -2.7756674e+01 -2.7601423e+01 -2.7601258e+01 -6.9392209e-01 -6.9374131e-01 +1.2758897e-01 +1.2794994e-01 +2.5971779e-01 +2.5981535e-01 +2.3801804e+00 +2.3803061e+00 +3.6608014e+00 +3.6614543e+00 +5.4521564e+00 
-4.8780613e+01 -4.8780132e+01 -2.7889737e+01 -2.7889636e+01 -2.7761923e+01 -2.7761745e+01 -2.7600845e+01 -2.7600677e+01 -6.2023236e-01 -6.2006635e-01 +5.5829700e-02 +5.6289130e-02 +2.6080976e-01 +2.6083354e-01 +2.3796764e+00 +2.3797807e+00 +3.6485049e+00 +3.6493006e+00 +5.5677177e+00 
-4.8780452e+01 -4.8779975e+01 -2.7887533e+01 -2.7887425e+01 -2.7766061e+01 -2.7765874e+01 -2.7600403e+01 -2.7600232e+01 -5.4853904e-01 -5.4841005e-01 -1.4374516e-02 -1.3827131e-02 +2.6218857e-01 +2.6220222e-01 +2.3807681e+00 +2.3808584e+00 +3.6373671e+00 +3.6382918e+00 +5.6730410e+00 
-4.8780330e+01 -4.8779857e+01 -2.7885913e+01 -2.7885798e+01 -2.7769114e+01 -2.7768920e+01 -2.7600092e+01 -2.7599920e+01 -4.8240273e-01 -4.8234507e-01 -7.8633233e-02 -7.7979009e-02 +2.6267771e-01 +2.6271366e-01 +2.3827467e+00 +2.3828293e+00 +3.6283160e+00 +3.6293442e+00 +5.7607932e+00 
-4.8780253e+01 -4.8779782e+01 -2.7884940e+01 -2.7884822e+01 -2.7770974e+01 -2.7770775e+01 -2.7599909e+01 -2.7599736e+01 -4.3006911e-01 -4.3001686e-01 -1.2917252e-01 -1.2838573e-01 +2.6242570e-01 +2.6247465e-01 +2.3846853e+00 +2.3847646e+00 +3.6222933e+00 +3.6233893e+00 +5.8210462e+00 
-4.8780226e+01 -4.8779756e+01 -2.7884625e+01 -2.7884505e+01 -2.7771594e+01 -2.7771394e+01 -2.7599849e+01 -2.7599676e+01 -4.0845992e-01 -4.0833444e-01 -1.4996305e-01 -1.4909474e-01 +2.6211357e-01 +2.6216717e-01 +2.3855571e+00 +2.3856357e+00 +3.6201352e+00 +3.6212554e+00 +5.8430348e+00 
-4.8780254e+01 -4.8779783e+01 -2.7884912e+01 -2.7884793e+01 -2.7770992e+01 -2.7770793e+01 -2.7599907e+01 -2.7599735e+01 -4.2952284e-01 -4.2946953e-01 -1.3026345e-01 -1.2947738e-01 +2.6290078e-01 +2.6294839e-01 +2.3843808e+00 +2.3844597e+00 +3.6224410e+00 +3.6235355e+00 +5.8201711e+00 
-4.8780338e+01 -4.8779866e+01 -2.7885688e+01 -2.7885573e+01 -2.7769249e+01 -2.7769055e+01 -2.7600080e+01 -2.7599908e+01 -4.7953544e-01 -4.7947905e-01 -8.5944713e-02 -8.5303346e-02 +2.6656429e-01 +2.6658927e-01 +2.3803634e+00 +2.3804425e+00 +3.6294610e+00 +3.6304778e+00 +5.7547078e+00 
-4.8780479e+01 -4.8780005e+01 -2.7886801e+01 -2.7886690e+01 -2.7766493e+01 -2.7766304e+01 -2.7600360e+01 -2.7600190e+01 -5.4245945e-01 -5.4232748e-01 -3.5875619e-02 -3.5377273e-02 +2.7565471e-01 +2.7567784e-01 +2.3730228e+00 +2.3731022e+00 +3.6410285e+00 +3.6419196e+00 +5.6561242e+00 
-4.8780676e+01 -4.8780205e+01 -2.7888080e+01 -2.7887974e+01 -2.7762871e+01 -2.7762689e+01 -2.7600743e+01 -2.7600576e+01 -6.1128301e-01 -6.1110598e-01 +9.4881577e-03 +9.8402913e-03 +2.9338879e-01 +2.9349082e-01 +2.3622517e+00 +2.3623321e+00 +3.6565840e+00 +3.6573150e+00 +5.5354188e+00 
-4.8780930e+01 -4.8780470e+01 -2.7889359e+01 -2.7889257e+01 -2.7758533e+01 -2.7758359e+01 -2.7601222e+01 -2.7601058e+01 -6.8346910e-01 -6.8326510e-01 +4.4663924e-02 +4.4872009e-02 +3.2248096e-01 +3.2268136e-01 +2.3483170e+00 +2.3484003e+00 +3.6752847e+00 +3.6758424e+00 +5.4014720e+00 
-4.8781251e+01 -4.8780811e+01 -2.7890487e+01 -2.7890389e+01 -2.7753618e+01 -2.7753452e+01 -2.7601789e+01 -2.7601629e+01 -7.5807884e-01 -7.5785620e-01 +6.8470646e-02 +6.8560098e-02 +3.6294310e-01 +3.6323527e-01 +2.3318030e+00 +2.3318919e+00 +3.6961372e+00 +3.6965312e+00 +5.2604418e+00 
-4.8781651e+01 -4.8781238e+01 -2.7891335e+01 -2.7891240e+01 -2.7748251e+01 -2.7748091e+01 -2.7602438e+01 -2.7602284e+01 -8.3477078e-01 -8.3453149e-01 +8.3331346e-02 +8.3340863e-02 +4.1181944e-01 +4.1218188e-01 +2.3135167e+00 +2.3136147e+00 +3.7180893e+00 +3.7183450e+00 +5.1163786e+00 
-4.8782141e+01 -4.8781758e+01 -2.7891798e+01 -2.7891705e+01 -2.7742535e+01 -2.7742383e+01 -2.7603162e+01 -2.7603013e+01 -9.1344355e-01 -9.1318650e-01 +9.2758827e-02 +9.2796399e-02 +4.6529505e-01 +4.6571037e-01 +2.2943809e+00 +2.2944921e+00 +3.7400727e+00 +3.7402205e+00 +4.9719371e+00 
-4.8782725e+01 -4.8782371e+01 -2.7891793e+01 -2.7891700e+01 -2.7736560e+01 -2.7736415e+01 -2.7603950e+01 -2.7603807e+01 -9.9409863e-01 -9.9382198e-01 +9.9709739e-02 +9.9773096e-02 +5.2031650e-01 +5.2077675e-01 +2.2753320e+00 +2.2754611e+00 +3.7610413e+00 +3.7611081e+00 +4.8288972e+00 
-4.8783402e+01 -4.8783076e+01 -2.7891256e+01 -2.7891164e+01 -2.7730402e+01 -2.7730263e+01 -2.7604793e+01 -2.7604657e+01 -1.0767781e+00 -1.0764804e+00 +1.0614001e-01 +1.0621655e-01 +5.7484463e-01 +5.7534842e-01 +2.2572315e+00 +2.2573833e+00 +3.7800264e+00 +3.7800320e+00 +4.6885019e+00 
-4.8784169e+01 -4.8783869e+01 -2.7890144e+01 -2.7890051e+01 -2.7724124e+01 -2.7723990e+01 -2.7605677e+01 -2.7605549e+01 -1.1615278e+00 -1.1612086e+00 +1.1329044e-01 +1.1337254e-01 +6.2759974e-01 +6.2814847e-01 +2.2407931e+00 +2.2409720e+00 +3.7961506e+00 +3.7961940e+00 +4.5516715e+00 
-4.8785024e+01 -4.8784748e+01 -2.7888429e+01 -2.7888334e+01 -2.7717779e+01 -2.7717651e+01 -2.7606589e+01 -2.7606469e+01 -1.2483730e+00 -1.2480322e+00 +1.2195127e-01 +1.2203382e-01 +6.7781248e-01 +6.7840773e-01 +2.2265240e+00 +2.2267338e+00 +3.8087987e+00 +3.8088847e+00 +4.4191408e+00 
-4.8785963e+01 -4.8785711e+01 -2.7886098e+01 -2.7886000e+01 -2.7711414e+01 -2.7711291e+01 -2.7607514e+01 -2.7607403e+01 -1.3373015e+00 -1.3369398e+00 +1.3262838e-01 +1.3270740e-01 +7.2506894e-01 +7.2571082e-01 +2.2146813e+00 +2.2149241e+00 +3.8175012e+00 +3.8176272e+00 +4.2915515e+00 
-4.8786981e+01 -4.8786754e+01 -2.7883151e+01 -2.7883048e+01 -2.7705068e+01 -2.7704950e+01 -2.7608433e+01 -2.7608332e+01 -1.4282558e+00 -1.4278740e+00 +1.4564080e-01 +1.4571281e-01 +7.6922203e-01 +7.6990807e-01 +2.2052433e+00 +2.2055193e+00 +3.8219601e+00 +3.8221249e+00 +4.1695220e+00 
-4.8788075e+01 -4.8787875e+01 -2.7879600e+01 -2.7879492e+01 -2.7698776e+01 -2.7698664e+01 -2.7609328e+01 -2.7609239e+01 -1.5211308e+00 -1.5207299e+00 +1.6117754e-01 +1.6123924e-01 +8.1033551e-01 +8.1106006e-01 +2.1978988e+00 +2.1982059e+00 +3.8220050e+00 +3.8222042e+00 +4.0537227e+00 
-4.8789242e+01 -4.8789070e+01 -2.7875470e+01 -2.7875356e+01 -2.7692571e+01 -2.7692464e+01 -2.7610177e+01 -2.7610101e+01 -1.6157777e+00 -1.6153591e+00 +1.7933199e-01 +1.7938011e-01 +8.4863953e-01 +8.4939340e-01 +2.1920572e+00 +2.1923905e+00 +3.8173968e+00 +3.8176077e+00 +3.9450858e+00 
-4.8790476e+01 -4.8790335e+01 -2.7870795e+01 -2.7870673e+01 -2.7686478e+01 -2.7686376e+01 -2.7610958e+01 -2.7610895e+01 -1.7120128e+00 -1.7115784e+00 +2.0012409e-01 +2.0015521e-01 +8.8448731e-01 +8.8525784e-01 +2.1868789e+00 +2.1872311e+00 +3.8054569e+00 +3.8054764e+00 +3.8471246e+00 
-4.8791771e+01 -4.8791665e+01 -2.7865619e+01 -2.7865487e+01 -2.7680523e+01 -2.7680427e+01 -2.7611646e+01 -2.7611598e+01 -1.8096294e+00 -1.8091821e+00 +2.2351549e-01 +2.2352585e-01 +9.1831047e-01 +9.1908214e-01 +2.1813284e+00 +2.1816897e+00 +3.7434708e+00 +3.7437625e+00 +3.8031227e+00 
-4.8793121e+01 -4.8793051e+01 -2.7859995e+01 -2.7859852e+01 -2.7674728e+01 -2.7674637e+01 -2.7612213e+01 -2.7612181e+01 -1.9084092e+00 -1.9079526e+00 +2.4940552e-01 +2.4942057e-01 +9.5057537e-01 +9.5133115e-01 +2.1742470e+00 +2.1746061e+00 +3.6602400e+00 +3.6604261e+00 +3.7861222e+00 
-4.8794513e+01 -4.8794479e+01 -2.7853984e+01 -2.7853829e+01 -2.7669112e+01 -2.7669027e+01 -2.7612631e+01 -2.7612617e+01 -2.0081215e+00 -2.0076606e+00 +2.7766700e-01 +2.7771379e-01 +9.8174484e-01 +9.8246870e-01 +2.1644475e+00 +2.1647925e+00 +3.5848180e+00 +3.5849417e+00 +3.7677038e+00 
-4.8795933e+01 -4.8795930e+01 -2.7847657e+01 -2.7847488e+01 -2.7663692e+01 -2.7663614e+01 -2.7612877e+01 -2.7612872e+01 -2.1084986e+00 -2.1080396e+00 +3.0814559e-01 +3.0823313e-01 +1.0122485e+00 +1.0129291e+00 +2.1508300e+00 +2.1511498e+00 +3.5189300e+00 +3.5189991e+00 +3.7471441e+00 
-4.8797377e+01 -4.8797362e+01 -2.7841089e+01 -2.7840905e+01 -2.7658482e+01 -2.7658409e+01 -2.7612933e+01 -2.7612907e+01 -2.2091791e+00 -2.2087283e+00 +3.4063828e-01 +3.4077886e-01 +1.0424602e+00 +1.0430949e+00 +2.1325156e+00 +2.1328016e+00 +3.4630108e+00 +3.4630264e+00 +3.7247230e+00 
-4.8798795e+01 -4.8798780e+01 -2.7834364e+01 -2.7834163e+01 -2.7653491e+01 -2.7653423e+01 -2.7612758e+01 -2.7612710e+01 -2.3096426e+00 -2.3092054e+00 +3.7490100e-01 +3.7510977e-01 +1.0726743e+00 +1.0732715e+00 +2.1089798e+00 +2.1092271e+00 +3.4169707e+00 +3.4170084e+00 +3.7008033e+00 
-4.8800175e+01 -4.8800169e+01 -2.7827567e+01 -2.7827348e+01 -2.7648722e+01 -2.7648659e+01 -2.7612329e+01 -2.7612258e+01 -2.4092004e+00 -2.4087795e+00 +4.1064952e-01 +4.1094248e-01 +1.1030757e+00 +1.1036530e+00 +2.0801441e+00 +2.0803518e+00 +3.3803553e+00 +3.3804450e+00 +3.6757180e+00 
-4.8801544e+01 -4.8801499e+01 -2.7820788e+01 -2.7820550e+01 -2.7644170e+01 -2.7644110e+01 -2.7611630e+01 -2.7611536e+01 -2.5070837e+00 -2.5066790e+00 +4.4756888e-01 +4.4796029e-01 +1.1337092e+00 +1.1342877e+00 +2.0463783e+00 +2.0465488e+00 +3.3523503e+00 +3.3524889e+00 +3.6497705e+00 
-4.8802893e+01 -4.8802800e+01 -2.7814113e+01 -2.7813855e+01 -2.7639823e+01 -2.7639765e+01 -2.7610656e+01 -2.7610539e+01 -2.6025825e+00 -2.6021918e+00 +4.8533043e-01 +4.8583104e-01 +1.1644688e+00 +1.1650661e+00 +2.0084065e+00 +2.0085439e+00 +3.3318943e+00 +3.3320770e+00 +3.6232713e+00 
-4.8804228e+01 -4.8804086e+01 -2.7807629e+01 -2.7807350e+01 -2.7635657e+01 -2.7635597e+01 -2.7609415e+01 -2.7609278e+01 -2.6951342e+00 -2.6947544e+00 +5.2361086e-01 +5.2422797e-01 +1.1951176e+00 +1.1957435e+00 +1.9671609e+00 +1.9672698e+00 +3.3178262e+00 +3.3180466e+00 +3.5965633e+00 
-4.8805549e+01 -4.8805362e+01 -2.7801414e+01 -2.7801115e+01 -2.7631638e+01 -2.7631574e+01 -2.7607932e+01 -2.7607777e+01 -2.7843206e+00 -2.7839487e+00 +5.6210777e-01 +5.6284646e-01 +1.2253301e+00 +1.2259856e+00 +1.9236442e+00 +1.9237288e+00 +3.3089876e+00 +3.3092384e+00 +3.5700170e+00 
-4.8806851e+01 -4.8806627e+01 -2.7795541e+01 -2.7795220e+01 -2.7627730e+01 -2.7627658e+01 -2.7606249e+01 -2.7606079e+01 -2.8698116e+00 -2.8694451e+00 +6.0054775e-01 +6.0141222e-01 +1.2547366e+00 +1.2554154e+00 +1.8788336e+00 +1.8788973e+00 +3.3042918e+00 +3.3045654e+00 +3.5440066e+00 
-4.8808125e+01 -4.8807871e+01 -2.7790067e+01 -2.7789727e+01 -2.7623893e+01 -2.7623811e+01 -2.7604416e+01 -2.7604234e+01 -2.9513107e+00 -2.9509478e+00 +6.3868403e-01 +6.3967841e-01 +1.2829589e+00 +1.2836503e+00 +1.8336263e+00 +1.8336719e+00 +3.3027648e+00 +3.3030533e+00 +3.5188839e+00 
-4.8809362e+01 -4.8809085e+01 -2.7785040e+01 -2.7784680e+01 -2.7620099e+01 -2.7620004e+01 -2.7602490e+01 -2.7602300e+01 -3.0285245e+00 -3.0281643e+00 +6.7628446e-01 +6.7741294e-01 +1.3096336e+00 +1.3103250e+00 +1.7888175e+00 +1.7888469e+00 +3.3035654e+00 +3.3038610e+00 +3.4949589e+00 
-4.8810551e+01 -4.8810256e+01 -2.7780487e+01 -2.7780109e+01 -2.7616332e+01 -2.7616224e+01 -2.7600529e+01 -2.7600333e+01 -3.1011555e+00 -3.1007980e+00 +7.1311500e-01 +7.1438164e-01 +1.3344297e+00 +1.3351082e+00 +1.7450965e+00 +1.7451113e+00 +3.3059888e+00 +3.3062841e+00 +3.4724869e+00 
-4.8811681e+01 -4.8811373e+01 -2.7776422e+01 -2.7776027e+01 -2.7612597e+01 -2.7612474e+01 -2.7598584e+01 -2.7598384e+01 -3.1689070e+00 -3.1685534e+00 +7.4892499e-01 +7.5033347e-01 +1.3570623e+00 +1.3577159e+00 +1.7030540e+00 +1.7030551e+00 +3.3094601e+00 +3.3097482e+00 +3.4516604e+00 
-4.8812742e+01 -4.8812425e+01 -2.7772843e+01 -2.7772433e+01 -2.7608915e+01 -2.7608778e+01 -2.7596701e+01 -2.7596498e+01 -3.2314925e+00 -3.2311452e+00 +7.8343766e-01 +7.8499115e-01 +1.3773075e+00 +1.3779253e+00 +1.6631817e+00 +1.6631934e+00 +3.3135209e+00 +3.3137957e+00 +3.4326053e+00 
-4.8813727e+01 -4.8813404e+01 -2.7769735e+01 -2.7769312e+01 -2.7605326e+01 -2.7605176e+01 -2.7594917e+01 -2.7594713e+01 -3.2886439e+00 -3.2883068e+00 +8.1634628e-01 +8.1804739e-01 +1.3950141e+00 +1.3955863e+00 +1.6259199e+00 +1.6259436e+00 +3.3178136e+00 +3.3180699e+00 +3.4153829e+00 
-4.8814628e+01 -4.8814300e+01 -2.7767075e+01 -2.7766640e+01 -2.7601884e+01 -2.7601722e+01 -2.7593262e+01 -2.7593057e+01 -3.3401201e+00 -3.3397982e+00 +8.4731469e-01 +8.4916536e-01 +1.4101132e+00 +1.4106313e+00 +1.5916361e+00 +1.5916711e+00 +3.3220666e+00 +3.3223004e+00 +3.3999971e+00 
-4.8815439e+01 -4.8815108e+01 -2.7764831e+01 -2.7764387e+01 -2.7598647e+01 -2.7598475e+01 -2.7591760e+01 -2.7591554e+01 -3.3857151e+00 -3.3854143e+00 +8.7598085e-01 +8.7798195e-01 +1.4226229e+00 +1.4230797e+00 +1.5606446e+00 +1.5606901e+00 +3.3260797e+00 +3.3262885e+00 +3.3864107e+00 
-4.8816153e+01 -4.8815821e+01 -2.7762972e+01 -2.7762521e+01 -2.7595681e+01 -2.7595499e+01 -2.7590428e+01 -2.7590223e+01 -3.4252669e+00 -3.4249933e+00 +9.0196278e-01 +9.0411339e-01 +1.4326484e+00 +1.4330382e+00 +1.5332165e+00 +1.5332715e+00 +3.3297112e+00 +3.3298940e+00 +3.3745674e+00 
-4.8816767e+01 -4.8816434e+01 -2.7761464e+01 -2.7761007e+01 -2.7593048e+01 -2.7592859e+01 -2.7589282e+01 -2.7589076e+01 -3.4586675e+00 -3.4584261e+00 +9.2486725e-01 +9.2716330e-01 +1.4403763e+00 +1.4406959e+00 +1.5095859e+00 +1.5096493e+00 +3.3328665e+00 +3.3330237e+00 +3.3644189e+00 
-4.8817274e+01 -4.8816942e+01 -2.7760275e+01 -2.7759816e+01 -2.7590807e+01 -2.7590611e+01 -2.7588332e+01 -2.7588126e+01 -3.4858704e+00 -3.4856642e+00 +9.4430196e-01 +9.4673438e-01 +1.4460623e+00 +1.4463118e+00 +1.4899544e+00 +1.4900251e+00 +3.3354867e+00 +3.3356205e+00 +3.3559512e+00 
-4.8817673e+01 -4.8817342e+01 -2.7759381e+01 -2.7758919e+01 -2.7589007e+01 -2.7588807e+01 -2.7587585e+01 -2.7587380e+01 -3.5068924e+00 -3.5067211e+00 +9.5989237e-01 +9.6244498e-01 +1.4500090e+00 +1.4501938e+00 +1.4744934e+00 +1.4745698e+00 +3.3375395e+00 +3.3376534e+00 +3.3492015e+00 
-4.8817960e+01 -4.8817630e+01 -2.7758757e+01 -2.7758295e+01 -2.7587691e+01 -2.7587488e+01 -2.7587048e+01 -2.7586843e+01 -3.5218023e+00 -3.5216609e+00 +9.7130380e-01 +9.7395178e-01 +1.4525318e+00 +1.4526634e+00 +1.4633429e+00 +1.4634235e+00 +3.3390095e+00 +3.3391083e+00 +3.3442560e+00 
-4.8818133e+01 -4.8817803e+01 -2.7758390e+01 -2.7757927e+01 -2.7586889e+01 -2.7586725e+01 -2.7586684e+01 -2.7586519e+01 -3.5306939e+00 -3.5305728e+00 +9.7826792e-01 +9.8097764e-01 +1.4539127e+00 +1.4540091e+00 +1.4566083e+00 +1.4566915e+00 +3.3398919e+00 +3.3399812e+00 +3.3412253e+00 
-4.8818191e+01 -4.8817861e+01 -2.7758268e+01 -2.7757805e+01 -2.7586619e+01 -2.7586617e+01 -2.7586414e+01 -2.7586411e+01 -3.5336472e+00 -3.5335333e+00 +9.8060963e-01 +9.8334078e-01 +1.4543493e+00 +1.4543559e+00 +1.4544333e+00 +1.4544400e+00 +3.3401860e+00 +3.3402029e+00 +3.3402720e+00 
-4.8784232e+01 -4.8783908e+01 -2.7933288e+01 -2.7933253e+01 -2.7649625e+01 -2.7649411e+01 -2.7635591e+01 -2.7635339e+01 -1.4733947e+00 -1.4731337e+00 +7.0653770e-02 +7.1169313e-02 +1.3026344e+00 +1.3035332e+00 +2.3553605e+00 +2.3557983e+00 +3.8412766e+00 +3.8414433e+00 +4.0375623e+00 
-4.8785009e+01 -4.8783130e+01 -2.7936542e+01 -2.7929359e+01 -2.7653859e+01 -2.7645172e+01 -2.7640716e+01 -2.7630871e+01 -1.5003909e+00 -1.4444151e+00 +5.9049189e-02 +7.3222263e-02 +1.2975490e+00 +1.3145496e+00 +2.2634519e+00 +2.4499995e+00 +3.8349897e+00 +3.8477974e+00 +4.0047070e+00 
-4.8785922e+01 -4.8782216e+01 -2.7939148e+01 -2.7924835e+01 -2.7658169e+01 -2.7646595e+01 -2.7640846e+01 -2.7626954e+01 -1.5255631e+00 -1.4141140e+00 +3.8928275e-02 +6.5199122e-02 +1.2993854e+00 +1.3300610e+00 +2.1740093e+00 +2.5463058e+00 +3.8287379e+00 +3.8542541e+00 +3.9794191e+00 
-4.8786828e+01 -4.8781307e+01 -2.7941073e+01 -2.7919735e+01 -2.7662428e+01 -2.7653074e+01 -2.7636563e+01 -2.7623725e+01 -1.5485895e+00 -1.3826670e+00 +1.2138976e-02 +4.6729777e-02 +1.3093392e+00 +1.3475907e+00 +2.0876214e+00 +2.6440858e+00 +3.8226581e+00 +3.8606853e+00 +3.9624957e+00 
-4.8787720e+01 -4.8780412e+01 -2.7942303e+01 -2.7914098e+01 -2.7666612e+01 -2.7660117e+01 -2.7632348e+01 -2.7621189e+01 -1.5693186e+00 -1.3504158e+00 -1.9595082e-02 +1.8370584e-02 +1.3274464e+00 +1.3651510e+00 +2.0046296e+00 +2.7429225e+00 +3.8168131e+00 +3.8670466e+00 +3.9544824e+00 
-4.8788591e+01 -4.8779537e+01 -2.7942834e+01 -2.7907972e+01 -2.7670700e+01 -2.7667684e+01 -2.7628224e+01 -2.7619346e+01 -1.5876381e+00 -1.3177380e+00 -5.4571519e-02 -1.8756298e-02 +1.3530856e+00 +1.3810055e+00 +1.9253404e+00 +2.8423902e+00 +3.8112778e+00 +3.8732945e+00 +3.9556729e+00 
-4.8789438e+01 -4.8778687e+01 -2.7942666e+01 -2.7901409e+01 -2.7675726e+01 -2.7674668e+01 -2.7624214e+01 -2.7618186e+01 -1.6034751e+00 -1.2850485e+00 -9.1202263e-02 -6.3164635e-02 +1.3851628e+00 +1.3937915e+00 +1.8500232e+00 +2.9420379e+00 +3.8061470e+00 +3.8793867e+00 +3.9660476e+00 
-4.8790256e+01 -4.8777867e+01 -2.7941806e+01 -2.7894470e+01 -2.7684193e+01 -2.7678497e+01 -2.7620343e+01 -2.7617690e+01 -1.6167954e+00 -1.2527988e+00 -1.2806455e-01 -1.1321426e-01 +1.4025387e+00 +1.4223682e+00 +1.7789082e+00 +3.0413562e+00 +3.8015474e+00 +3.8852822e+00 +3.9852331e+00 
-4.8791040e+01 -4.8777082e+01 -2.7940269e+01 -2.7887220e+01 -2.7693025e+01 -2.7682163e+01 -2.7617830e+01 -2.7616631e+01 -1.6276052e+00 -1.2214735e+00 -1.6727539e-01 -1.6391912e-01 +1.4067919e+00 +1.4632414e+00 +1.7121887e+00 +3.1397251e+00 +3.7976581e+00 +3.8909419e+00 +4.0124906e+00 
-4.8791786e+01 -4.8776336e+01 -2.7938078e+01 -2.7879736e+01 -2.7702158e+01 -2.7685647e+01 -2.7618571e+01 -2.7613102e+01 -1.6359542e+00 -1.1915782e+00 -2.2381184e-01 -1.9772653e-01 +1.4064415e+00 +1.5064262e+00 +1.6500228e+00 +3.2363378e+00 +3.7947479e+00 +3.8963282e+00 +4.0467396e+00 
-4.8792490e+01 -4.8775633e+01 -2.7935266e+01 -2.7872102e+01 -2.7711517e+01 -2.7688926e+01 -2.7619862e+01 -2.7609774e+01 -1.6419384e+00 -1.1636201e+00 -2.8143934e-01 -2.2862771e-01 +1.4017543e+00 +1.5506414e+00 +1.5925381e+00 +3.3300912e+00 +3.7932480e+00 +3.9014060e+00 +4.0866123e+00 
-4.8793149e+01 -4.8774977e+01 -2.7931875e+01 -2.7864410e+01 -2.7721022e+01 -2.7691983e+01 -2.7621644e+01 -2.7606668e+01 -1.6457050e+00 -1.1380768e+00 -3.3890760e-01 -2.5596800e-01 +1.3932719e+00 +1.5398350e+00 +1.5947297e+00 +3.4194131e+00 +3.7939016e+00 +3.9061430e+00 +4.1305299e+00 
-4.8793758e+01 -4.8774373e+01 -2.7927963e+01 -2.7856767e+01 -2.7730579e+01 -2.7694799e+01 -2.7623842e+01 -2.7603801e+01 -1.6474560e+00 -1.1153567e+00 -3.9508862e-01 -2.7930319e-01 +1.3817335e+00 +1.4919922e+00 +1.6376576e+00 +3.5019536e+00 +3.7980703e+00 +3.9105097e+00 +4.1767908e+00 
-4.8794315e+01 -4.8773823e+01 -2.7923606e+01 -2.7849291e+01 -2.7740080e+01 -2.7697357e+01 -2.7626366e+01 -2.7601189e+01 -1.6474513e+00 -1.0957550e+00 -4.4894756e-01 -2.9842003e-01 +1.3680026e+00 +1.4490704e+00 +1.6785073e+00 +3.5740850e+00 +3.8082563e+00 +3.9144798e+00 +4.2236589e+00 
-4.8794816e+01 -4.8773331e+01 -2.7918899e+01 -2.7842112e+01 -2.7749396e+01 -2.7699645e+01 -2.7629109e+01 -2.7598849e+01 -1.6460095e+00 -1.0794141e+00 -4.9951476e-01 -3.1335133e-01 +1.3530036e+00 +1.4111162e+00 +1.7164673e+00 +3.6308016e+00 +3.8282432e+00 +3.9180304e+00 +4.2694458e+00 
-4.8795260e+01 -4.8772899e+01 -2.7913974e+01 -2.7835378e+01 -2.7758371e+01 -2.7701649e+01 -2.7631947e+01 -2.7596793e+01 -1.6435039e+00 -1.0663006e+00 -5.4586294e-01 -3.2437395e-01 +1.3376710e+00 +1.3781652e+00 +1.7508230e+00 +3.6685343e+00 +3.8603339e+00 +3.9211419e+00 +4.3125807e+00 
-4.8795643e+01 -4.8772529e+01 -2.7908998e+01 -2.7829249e+01 -2.7766812e+01 -2.7703361e+01 -2.7634740e+01 -2.7595033e+01 -1.6403511e+00 -1.0562097e+00 -5.8709411e-01 -3.3197864e-01 +1.3229061e+00 +1.3502448e+00 +1.7809522e+00 +3.6898618e+00 +3.9006945e+00 +3.9237984e+00 +4.3516624e+00 
-4.8795963e+01 -4.8772223e+01 -2.7904198e+01 -2.7823896e+01 -2.7774473e+01 -2.7704772e+01 -2.7637334e+01 -2.7593579e+01 -1.6369895e+00 -1.0488002e+00 -6.2234098e-01 -3.3680867e-01 +1.3095426e+00 +1.3273758e+00 +1.8063245e+00 +3.7010812e+00 +3.9259867e+00 +3.9418389e+00 +4.3854860e+00 
-4.8796217e+01 -4.8771983e+01 -2.7899863e+01 -2.7819492e+01 -2.7781048e+01 -2.7705876e+01 -2.7639572e+01 -2.7592439e+01 -1.6338475e+00 -1.0436535e+00 -6.5078657e-01 -3.3957500e-01 +1.2983149e+00 +1.3095739e+00 +1.8265041e+00 +3.7069742e+00 +3.9276980e+00 +3.9779136e+00 +4.4130395e+00 
-4.8796403e+01 -4.8771810e+01 -2.7896347e+01 -2.7816203e+01 -2.7786171e+01 -2.7706668e+01 -2.7641301e+01 -2.7591621e+01 -1.6313047e+00 -1.0403461e+00 -6.7170349e-01 -3.4096243e-01 +1.2898314e+00 +1.2968505e+00 +1.8411540e+00 +3.7100662e+00 +3.9289248e+00 +4.0054926e+00 +4.4334739e+00 
-4.8796516e+01 -4.8771706e+01 -2.7894027e+01 -2.7814167e+01 -2.7789457e+01 -2.7707144e+01 -2.7642395e+01 -2.7591128e+01 -1.6296559e+00 -1.0385199e+00 -6.8450856e-01 -3.4154073e-01 +1.2845500e+00 +1.2892134e+00 +1.8500368e+00 +3.7115666e+00 +3.9296626e+00 +4.0226814e+00 +4.4460822e+00 
-4.8796554e+01 -4.8771671e+01 -2.7893214e+01 -2.7813477e+01 -2.7790594e+01 -2.7707303e+01 -2.7642770e+01 -2.7590963e+01 -1.6290855e+00 -1.0379386e+00 -6.8882112e-01 -3.4168903e-01 +1.2827570e+00 +1.2866672e+00 +1.8530130e+00 +3.7120153e+00 +3.9299088e+00 +4.0285111e+00 +4.4503503e+00 
-4.8780171e+01 -4.8780133e+01 -2.7846568e+01 -2.7774333e+01 -2.7774140e+01 -2.7712188e+01 -2.7711831e+01 -2.7695122e+01 -7.2192738e-01 -7.2163320e-01 -6.0625478e-01 -5.0281825e-01 +9.9842978e-01 +9.9847811e-01 +2.1145776e+00 +3.6100808e+00 +3.6105963e+00 +3.8461356e+00 +5.3338342e+00 
-4.8780167e+01 -4.8780120e+01 -2.7846361e+01 -2.7776011e+01 -2.7775833e+01 -2.7710485e+01 -2.7710146e+01 -2.7695338e+01 -7.2017691e-01 -7.1987994e-01 -6.0549242e-01 -5.0205065e-01 +9.9551986e-01 +9.9556924e-01 +2.1143499e+00 +3.6104787e+00 +3.6109989e+00 +3.8374047e+00 +5.3350260e+00 
-4.8780156e+01 -4.8780086e+01 -2.7845739e+01 -2.7780563e+01 -2.7780418e+01 -2.7705870e+01 -2.7705573e+01 -2.7695983e+01 -7.1488833e-01 -7.1458551e-01 -6.0320227e-01 -4.9977010e-01 +9.8679464e-01 +9.8684658e-01 +2.1136973e+00 +3.6116633e+00 +3.6121967e+00 +3.8116568e+00 +5.3387443e+00 
-4.8780140e+01 -4.8780039e+01 -2.7844706e+01 -2.7787019e+01 -2.7786909e+01 -2.7699329e+01 -2.7699080e+01 -2.7697054e+01 -7.0596989e-01 -7.0566422e-01 -5.9938158e-01 -4.9604220e-01 +9.7228511e-01 +9.7233957e-01 +2.1127107e+00 +3.6135929e+00 +3.6141450e+00 +3.7701637e+00 +5.3453641e+00 
-4.8780124e+01 -4.8779988e+01 -2.7843266e+01 -2.7794549e+01 -2.7794469e+01 -2.7698546e+01 -2.7691700e+01 -2.7691492e+01 -6.9332192e-01 -6.9302293e-01 -5.9404251e-01 -4.9097288e-01 +9.5208907e-01 +9.5214430e-01 +2.1115389e+00 +3.6161658e+00 +3.6167369e+00 +3.7148474e+00 +5.3553643e+00 
-4.8780109e+01 -4.8779939e+01 -2.7841426e+01 -2.7802607e+01 -2.7802552e+01 -2.7700448e+01 -2.7683530e+01 -2.7683356e+01 -6.7688411e-01 -6.7660579e-01 -5.8722594e-01 -4.8470445e-01 +9.2640851e-01 +9.2646175e-01 +2.1103858e+00 +3.6192042e+00 +3.6197885e+00 +3.6480216e+00 +5.3691881e+00 
-4.8780098e+01 -4.8779896e+01 -2.7839197e+01 -2.7810853e+01 -2.7810820e+01 -2.7702750e+01 -2.7675159e+01 -2.7675011e+01 -6.5666336e-01 -6.5642128e-01 -5.7900834e-01 -4.7741158e-01 +8.9556412e-01 +8.9561280e-01 +2.1095057e+00 +3.5721215e+00 +3.6224661e+00 +3.6230515e+00 +5.3871453e+00 
-4.8780090e+01 -4.8779860e+01 -2.7836589e+01 -2.7819069e+01 -2.7819055e+01 -2.7705438e+01 -2.7666807e+01 -2.7666678e+01 -6.3273967e-01 -6.3254857e-01 -5.6950133e-01 -4.6929785e-01 +8.5998436e-01 +8.6002720e-01 +2.1091991e+00 +3.4894867e+00 +3.6256773e+00 +3.6262464e+00 +5.4093683e+00 
-4.8780086e+01 -4.8779830e+01 -2.7833618e+01 -2.7827108e+01 -2.7827104e+01 -2.7708497e+01 -2.7658626e+01 -2.7658509e+01 -6.0525865e-01 -6.0513101e-01 -5.5884713e-01 -4.6059262e-01 +8.2017942e-01 +8.2021697e-01 +2.1098075e+00 +3.4022293e+00 +3.6285706e+00 +3.6291024e+00 +5.4357152e+00 
-4.8780086e+01 -4.8779807e+01 -2.7834868e+01 -2.7834849e+01 -2.7830299e+01 -2.7711909e+01 -2.7650729e+01 -2.7650620e+01 -5.7442119e-01 -5.7436657e-01 -5.4721262e-01 -4.5154753e-01 +7.7671268e-01 +7.7674692e-01 +2.1117073e+00 +3.3121789e+00 +3.6309201e+00 +3.6313912e+00 +5.4660399e+00 
-4.8780089e+01 -4.8779789e+01 -2.7842252e+01 -2.7842217e+01 -2.7826650e+01 -2.7715653e+01 -2.7643205e+01 -2.7643100e+01 -5.4050225e-01 -5.4047561e-01 -5.3478410e-01 -4.4243179e-01 +7.3017778e-01 +7.3021116e-01 +2.1153038e+00 +3.2208809e+00 +3.6325644e+00 +3.6329504e+00 +5.4999851e+00 
-4.8780095e+01 -4.8779775e+01 -2.7849188e+01 -2.7849139e+01 -2.7822692e+01 -2.7719707e+01 -2.7636127e+01 -2.7636022e+01 -5.2176324e-01 -5.0383067e-01 -5.0372007e-01 -4.3352590e-01 +6.8118487e-01 +6.8122007e-01 +2.1210238e+00 +3.1296234e+00 +3.6334183e+00 +3.6336951e+00 +5.5370140e+00 
-4.8780105e+01 -4.8779765e+01 -2.7855619e+01 -2.7855556e+01 -2.7818445e+01 -2.7724049e+01 -2.7629557e+01 -2.7629448e+01 -5.0836382e-01 -4.6470200e-01 -4.6450457e-01 -4.2511367e-01 +6.3035802e-01 +6.3039884e-01 +2.1293082e+00 +3.0394745e+00 +3.6334746e+00 +3.6336191e+00 +5.5764274e+00 
-4.8780117e+01 -4.8779758e+01 -2.7861495e+01 -2.7861421e+01 -2.7813933e+01 -2.7728652e+01 -2.7623548e+01 -2.7623433e+01 -4.9480930e-01 -4.2353633e-01 -4.2325116e-01 -4.1747306e-01 +5.7834655e-01 +5.7839784e-01 +2.1406023e+00 +2.9513215e+00 +3.6327876e+00 +3.6327981e+00 +5.6173571e+00 
-4.8780132e+01 -4.8779754e+01 -2.7866775e+01 -2.7866690e+01 -2.7809181e+01 -2.7733490e+01 -2.7618144e+01 -2.7618022e+01 -4.8133032e-01 -4.1086640e-01 -3.8085472e-01 -3.8048196e-01 +5.2585337e-01 +5.2591924e-01 +2.1553467e+00 +2.8659041e+00 +3.6313309e+00 +3.6315098e+00 +5.6587567e+00 
-4.8780149e+01 -4.8779752e+01 -2.7871421e+01 -2.7871327e+01 -2.7804214e+01 -2.7738536e+01 -2.7613385e+01 -2.7613254e+01 -4.6816205e-01 -4.0553070e-01 -3.3733006e-01 -3.3687041e-01 +4.7368689e-01 +4.7376883e-01 +2.1739652e+00 +2.7838423e+00 +3.6294208e+00 +3.6297812e+00 +5.6993964e+00 
-4.8780167e+01 -4.8779751e+01 -2.7875403e+01 -2.7875301e+01 -2.7799059e+01 -2.7743760e+01 -2.7609304e+01 -2.7609163e+01 -4.5554082e-01 -4.0166881e-01 -2.9387493e-01 -2.9332936e-01 +4.2285234e-01 +4.2294795e-01 +2.1968529e+00 +2.7056572e+00 +3.6272643e+00 +3.6278098e+00 +5.7378681e+00 
-4.8780185e+01 -4.8779752e+01 -2.7878696e+01 -2.7878587e+01 -2.7793746e+01 -2.7749132e+01 -2.7605929e+01 -2.7605778e+01 -4.4370002e-01 -3.9944195e-01 -2.5179253e-01 -2.5116228e-01 +3.7470861e-01 +3.7481108e-01 +2.2243632e+00 +2.6317854e+00 +3.6250833e+00 +3.6258072e+00 +5.7726140e+00 
-4.8780201e+01 -4.8779753e+01 -2.7881278e+01 -2.7881164e+01 -2.7788302e+01 -2.7754623e+01 -2.7603282e+01 -2.7603122e+01 -4.3286501e-01 -3.9896398e-01 -2.1302150e-01 -2.1230900e-01 +3.3122122e-01 +3.3131988e-01 +2.2567953e+00 +2.5625883e+00 +3.6230988e+00 +3.6239819e+00 +5.8019447e+00 
-4.8780214e+01 -4.8779754e+01 -2.7883133e+01 -2.7883016e+01 -2.7782759e+01 -2.7760201e+01 -2.7601378e+01 -2.7601211e+01 -4.2324718e-01 -4.0029801e-01 -1.8045578e-01 -1.7966774e-01 +2.9529148e-01 +2.9537489e-01 +2.2943835e+00 +2.4983564e+00 +3.6215127e+00 +3.6225226e+00 +5.8242505e+00 
-4.8780223e+01 -4.8779755e+01 -2.7884251e+01 -2.7884132e+01 -2.7777146e+01 -2.7765834e+01 -2.7600232e+01 -2.7600060e+01 -4.1503720e-01 -4.0345526e-01 -1.5806077e-01 -1.5721498e-01 +2.7088190e-01 +2.7094533e-01 +2.3372892e+00 +2.4393098e+00 +3.6204890e+00 +3.6215808e+00 +5.8382560e+00 
-4.8780226e+01 -4.8779756e+01 -2.7884625e+01 -2.7884505e+01 -2.7771594e+01 -2.7771394e+01 -2.7599849e+01 -2.7599676e+01 -4.0845992e-01 -4.0833444e-01 -1.4996305e-01 -1.4909474e-01 +2.6211357e-01 +2.6216717e-01 +2.3855571e+00 +2.3856357e+00 +3.6201352e+00 +3.6212554e+00 +5.8430348e+00 
