# num high symmetry points
13
# label high symmetry points
G L B1 B Z G X Q F P1 Z L P 
# indices high symmetry points
1 35 55 56 94 106 146 147 166 170 203 204 212 
# nk, nb, ns
212 22 1
# k-points (frac coords)
+0.0000000e+00 +0.0000000e+00 +0.0000000e+00 
+1.4705882e-02 +0.0000000e+00 +0.0000000e+00 
+2.9411765e-02 +0.0000000e+00 +0.0000000e+00 
+4.4117647e-02 +0.0000000e+00 +0.0000000e+00 
+5.8823529e-02 +0.0000000e+00 +0.0000000e+00 
+7.3529412e-02 +0.0000000e+00 +0.0000000e+00 
+8.8235294e-02 +0.0000000e+00 +0.0000000e+00 
+1.0294118e-01 +0.0000000e+00 +0.0000000e+00 
+1.1764706e-01 +0.0000000e+00 +0.0000000e+00 
+1.3235294e-01 +0.0000000e+00 +0.0000000e+00 
+1.4705882e-01 +0.0000000e+00 +0.0000000e+00 
+1.6176471e-01 +0.0000000e+00 +0.0000000e+00 
+1.7647059e-01 +0.0000000e+00 +0.0000000e+00 
+1.9117647e-01 +0.0000000e+00 +0.0000000e+00 
+2.0588235e-01 +0.0000000e+00 +0.0000000e+00 
+2.2058824e-01 +0.0000000e+00 +0.0000000e+00 
+2.3529412e-01 +0.0000000e+00 +0.0000000e+00 
+2.5000000e-01 +0.0000000e+00 +0.0000000e+00 
+2.6470588e-01 +0.0000000e+00 +0.0000000e+00 
+2.7941176e-01 +0.0000000e+00 +0.0000000e+00 
+2.9411765e-01 +0.0000000e+00 +0.0000000e+00 
+3.0882353e-01 +0.0000000e+00 +0.0000000e+00 
+3.2352941e-01 +0.0000000e+00 +0.0000000e+00 
+3.3823529e-01 +0.0000000e+00 +0.0000000e+00 
+3.5294118e-01 +0.0000000e+00 +0.0000000e+00 
+3.6764706e-01 +0.0000000e+00 +0.0000000e+00 
+3.8235294e-01 +0.0000000e+00 +0.0000000e+00 
+3.9705882e-01 +0.0000000e+00 +0.0000000e+00 
+4.1176471e-01 +0.0000000e+00 +0.0000000e+00 
+4.2647059e-01 +0.0000000e+00 +0.0000000e+00 
+4.4117647e-01 +0.0000000e+00 +0.0000000e+00 
+4.5588235e-01 +0.0000000e+00 +0.0000000e+00 
+4.7058824e-01 +0.0000000e+00 +0.0000000e+00 
+4.8529412e-01 +0.0000000e+00 +0.0000000e+00 
+5.0000000e-01 +0.0000000e+00 +0.0000000e+00 
+5.0000000e-01 +8.7964010e-03 -8.7964010e-03 
+5.0000000e-01 +1.7592802e-02 -1.7592802e-02 
+5.0000000e-01 +2.6389203e-02 -2.6389203e-02 
+5.0000000e-01 +3.5185604e-02 -3.5185604e-02 
+5.0000000e-01 +4.3982005e-02 -4.3982005e-02 
+5.0000000e-01 +5.2778406e-02 -5.2778406e-02 
+5.0000000e-01 +6.1574807e-02 -6.1574807e-02 
+5.0000000e-01 +7.0371208e-02 -7.0371208e-02 
+5.0000000e-01 +7.9167609e-02 -7.9167609e-02 
+5.0000000e-01 +8.7964010e-02 -8.7964010e-02 
+5.0000000e-01 +9.6760411e-02 -9.6760411e-02 
+5.0000000e-01 +1.0555681e-01 -1.0555681e-01 
+5.0000000e-01 +1.1435321e-01 -1.1435321e-01 
+5.0000000e-01 +1.2314961e-01 -1.2314961e-01 
+5.0000000e-01 +1.3194601e-01 -1.3194601e-01 
+5.0000000e-01 +1.4074242e-01 -1.4074242e-01 
+5.0000000e-01 +1.4953882e-01 -1.4953882e-01 
+5.0000000e-01 +1.5833522e-01 -1.5833522e-01 
+5.0000000e-01 +1.6713162e-01 -1.6713162e-01 
+5.0000000e-01 +1.7592802e-01 -1.7592802e-01 
+8.2407198e-01 +5.0000000e-01 +1.7592802e-01 
+8.1554377e-01 +5.0000000e-01 +1.8445623e-01 
+8.0701556e-01 +5.0000000e-01 +1.9298444e-01 
+7.9848735e-01 +5.0000000e-01 +2.0151265e-01 
+7.8995914e-01 +5.0000000e-01 +2.1004086e-01 
+7.8143093e-01 +5.0000000e-01 +2.1856907e-01 
+7.7290272e-01 +5.0000000e-01 +2.2709728e-01 
+7.6437451e-01 +5.0000000e-01 +2.3562549e-01 
+7.5584630e-01 +5.0000000e-01 +2.4415370e-01 
+7.4731809e-01 +5.0000000e-01 +2.5268191e-01 
+7.3878988e-01 +5.0000000e-01 +2.6121012e-01 
+7.3026167e-01 +5.0000000e-01 +2.6973833e-01 
+7.2173346e-01 +5.0000000e-01 +2.7826654e-01 
+7.1320525e-01 +5.0000000e-01 +2.8679475e-01 
+7.0467704e-01 +5.0000000e-01 +2.9532296e-01 
+6.9614883e-01 +5.0000000e-01 +3.0385117e-01 
+6.8762062e-01 +5.0000000e-01 +3.1237938e-01 
+6.7909241e-01 +5.0000000e-01 +3.2090759e-01 
+6.7056420e-01 +5.0000000e-01 +3.2943580e-01 
+6.6203599e-01 +5.0000000e-01 +3.3796401e-01 
+6.5350778e-01 +5.0000000e-01 +3.4649222e-01 
+6.4497957e-01 +5.0000000e-01 +3.5502043e-01 
+6.3645136e-01 +5.0000000e-01 +3.6354864e-01 
+6.2792315e-01 +5.0000000e-01 +3.7207685e-01 
+6.1939494e-01 +5.0000000e-01 +3.8060506e-01 
+6.1086673e-01 +5.0000000e-01 +3.8913327e-01 
+6.0233852e-01 +5.0000000e-01 +3.9766148e-01 
+5.9381031e-01 +5.0000000e-01 +4.0618969e-01 
+5.8528210e-01 +5.0000000e-01 +4.1471790e-01 
+5.7675389e-01 +5.0000000e-01 +4.2324611e-01 
+5.6822568e-01 +5.0000000e-01 +4.3177432e-01 
+5.5969747e-01 +5.0000000e-01 +4.4030253e-01 
+5.5116926e-01 +5.0000000e-01 +4.4883074e-01 
+5.4264105e-01 +5.0000000e-01 +4.5735895e-01 
+5.3411284e-01 +5.0000000e-01 +4.6588716e-01 
+5.2558463e-01 +5.0000000e-01 +4.7441537e-01 
+5.1705642e-01 +5.0000000e-01 +4.8294358e-01 
+5.0852821e-01 +5.0000000e-01 +4.9147179e-01 
+5.0000000e-01 +5.0000000e-01 +5.0000000e-01 
+4.5833333e-01 +4.5833333e-01 +4.5833333e-01 
+4.1666667e-01 +4.1666667e-01 +4.1666667e-01 
+3.7500000e-01 +3.7500000e-01 +3.7500000e-01 
+3.3333333e-01 +3.3333333e-01 +3.3333333e-01 
+2.9166667e-01 +2.9166667e-01 +2.9166667e-01 
+2.5000000e-01 +2.5000000e-01 +2.5000000e-01 
+2.0833333e-01 +2.0833333e-01 +2.0833333e-01 
+1.6666667e-01 +1.6666667e-01 +1.6666667e-01 
+1.2500000e-01 +1.2500000e-01 +1.2500000e-01 
+8.3333333e-02 +8.3333333e-02 +8.3333333e-02 
+4.1666667e-02 +4.1666667e-02 +4.1666667e-02 
+0.0000000e+00 +0.0000000e+00 +0.0000000e+00 
+8.4491002e-03 +0.0000000e+00 -8.4491002e-03 
+1.6898200e-02 +0.0000000e+00 -1.6898200e-02 
+2.5347301e-02 +0.0000000e+00 -2.5347301e-02 
+3.3796401e-02 +0.0000000e+00 -3.3796401e-02 
+4.2245501e-02 +0.0000000e+00 -4.2245501e-02 
+5.0694601e-02 +0.0000000e+00 -5.0694601e-02 
+5.9143702e-02 +0.0000000e+00 -5.9143702e-02 
+6.7592802e-02 +0.0000000e+00 -6.7592802e-02 
+7.6041902e-02 +0.0000000e+00 -7.6041902e-02 
+8.4491002e-02 +0.0000000e+00 -8.4491002e-02 
+9.2940103e-02 +0.0000000e+00 -9.2940103e-02 
+1.0138920e-01 +0.0000000e+00 -1.0138920e-01 
+1.0983830e-01 +0.0000000e+00 -1.0983830e-01 
+1.1828740e-01 +0.0000000e+00 -1.1828740e-01 
+1.2673650e-01 +0.0000000e+00 -1.2673650e-01 
+1.3518560e-01 +0.0000000e+00 -1.3518560e-01 
+1.4363470e-01 +0.0000000e+00 -1.4363470e-01 
+1.5208380e-01 +0.0000000e+00 -1.5208380e-01 
+1.6053290e-01 +0.0000000e+00 -1.6053290e-01 
+1.6898200e-01 +0.0000000e+00 -1.6898200e-01 
+1.7743111e-01 +0.0000000e+00 -1.7743111e-01 
+1.8588021e-01 +0.0000000e+00 -1.8588021e-01 
+1.9432931e-01 +0.0000000e+00 -1.9432931e-01 
+2.0277841e-01 +0.0000000e+00 -2.0277841e-01 
+2.1122751e-01 +0.0000000e+00 -2.1122751e-01 
+2.1967661e-01 +0.0000000e+00 -2.1967661e-01 
+2.2812571e-01 +0.0000000e+00 -2.2812571e-01 
+2.3657481e-01 +0.0000000e+00 -2.3657481e-01 
+2.4502391e-01 +0.0000000e+00 -2.4502391e-01 
+2.5347301e-01 +0.0000000e+00 -2.5347301e-01 
+2.6192211e-01 +0.0000000e+00 -2.6192211e-01 
+2.7037121e-01 +0.0000000e+00 -2.7037121e-01 
+2.7882031e-01 +0.0000000e+00 -2.7882031e-01 
+2.8726941e-01 +0.0000000e+00 -2.8726941e-01 
+2.9571851e-01 +0.0000000e+00 -2.9571851e-01 
+3.0416761e-01 +0.0000000e+00 -3.0416761e-01 
+3.1261671e-01 +0.0000000e+00 -3.1261671e-01 
+3.2106581e-01 +0.0000000e+00 -3.2106581e-01 
+3.2951491e-01 +0.0000000e+00 -3.2951491e-01 
+3.3796401e-01 +0.0000000e+00 -3.3796401e-01 
+6.6203599e-01 +3.3796401e-01 +0.0000000e+00 
+6.5350778e-01 +3.4649222e-01 +0.0000000e+00 
+6.4497957e-01 +3.5502043e-01 +0.0000000e+00 
+6.3645136e-01 +3.6354864e-01 +0.0000000e+00 
+6.2792315e-01 +3.7207685e-01 +0.0000000e+00 
+6.1939494e-01 +3.8060506e-01 +0.0000000e+00 
+6.1086673e-01 +3.8913327e-01 +0.0000000e+00 
+6.0233852e-01 +3.9766148e-01 +0.0000000e+00 
+5.9381031e-01 +4.0618969e-01 +0.0000000e+00 
+5.8528210e-01 +4.1471790e-01 +0.0000000e+00 
+5.7675389e-01 +4.2324611e-01 +0.0000000e+00 
+5.6822568e-01 +4.3177432e-01 +0.0000000e+00 
+5.5969747e-01 +4.4030253e-01 +0.0000000e+00 
+5.5116926e-01 +4.4883074e-01 +0.0000000e+00 
+5.4264105e-01 +4.5735895e-01 +0.0000000e+00 
+5.3411284e-01 +4.6588716e-01 +0.0000000e+00 
+5.2558463e-01 +4.7441537e-01 +0.0000000e+00 
+5.1705642e-01 +4.8294358e-01 +0.0000000e+00 
+5.0852821e-01 +4.9147179e-01 +0.0000000e+00 
+5.0000000e-01 +5.0000000e-01 +0.0000000e+00 
+5.4050900e-01 +5.4050900e-01 +4.3982005e-02 
+5.8101800e-01 +5.8101800e-01 +8.7964010e-02 
+6.2152699e-01 +6.2152699e-01 +1.3194601e-01 
+6.6203599e-01 +6.6203599e-01 +1.7592802e-01 
+6.5712581e-01 +6.5712581e-01 +1.8574838e-01 
+6.5221563e-01 +6.5221563e-01 +1.9556875e-01 
+6.4730545e-01 +6.4730545e-01 +2.0538911e-01 
+6.4239526e-01 +6.4239526e-01 +2.1520947e-01 
+6.3748508e-01 +6.3748508e-01 +2.2502983e-01 
+6.3257490e-01 +6.3257490e-01 +2.3485020e-01 
+6.2766472e-01 +6.2766472e-01 +2.4467056e-01 
+6.2275454e-01 +6.2275454e-01 +2.5449092e-01 
+6.1784436e-01 +6.1784436e-01 +2.6431129e-01 
+6.1293418e-01 +6.1293418e-01 +2.7413165e-01 
+6.0802399e-01 +6.0802399e-01 +2.8395201e-01 
+6.0311381e-01 +6.0311381e-01 +2.9377238e-01 
+5.9820363e-01 +5.9820363e-01 +3.0359274e-01 
+5.9329345e-01 +5.9329345e-01 +3.1341310e-01 
+5.8838327e-01 +5.8838327e-01 +3.2323347e-01 
+5.8347309e-01 +5.8347309e-01 +3.3305383e-01 
+5.7856290e-01 +5.7856290e-01 +3.4287419e-01 
+5.7365272e-01 +5.7365272e-01 +3.5269455e-01 
+5.6874254e-01 +5.6874254e-01 +3.6251492e-01 
+5.6383236e-01 +5.6383236e-01 +3.7233528e-01 
+5.5892218e-01 +5.5892218e-01 +3.8215564e-01 
+5.5401200e-01 +5.5401200e-01 +3.9197601e-01 
+5.4910182e-01 +5.4910182e-01 +4.0179637e-01 
+5.4419163e-01 +5.4419163e-01 +4.1161673e-01 
+5.3928145e-01 +5.3928145e-01 +4.2143710e-01 
+5.3437127e-01 +5.3437127e-01 +4.3125746e-01 
+5.2946109e-01 +5.2946109e-01 +4.4107782e-01 
+5.2455091e-01 +5.2455091e-01 +4.5089818e-01 
+5.1964073e-01 +5.1964073e-01 +4.6071855e-01 
+5.1473054e-01 +5.1473054e-01 +4.7053891e-01 
+5.0982036e-01 +5.0982036e-01 +4.8035927e-01 
+5.0491018e-01 +5.0491018e-01 +4.9017964e-01 
+5.0000000e-01 +5.0000000e-01 +5.0000000e-01 
+5.0000000e-01 +0.0000000e+00 +0.0000000e+00 
+5.4050900e-01 +4.2245501e-02 +4.2245501e-02 
+5.8101800e-01 +8.4491002e-02 +8.4491002e-02 
+6.2152699e-01 +1.2673650e-01 +1.2673650e-01 
+6.6203599e-01 +1.6898200e-01 +1.6898200e-01 
+7.0254499e-01 +2.1122751e-01 +2.1122751e-01 
+7.4305399e-01 +2.5347301e-01 +2.5347301e-01 
+7.8356298e-01 +2.9571851e-01 +2.9571851e-01 
+8.2407198e-01 +3.3796401e-01 +3.3796401e-01 
# energies (kpt,band,spin)
# spin = 1
-5.3021101e+01 -5.3019966e+01 -5.3019563e+01 -2.4955856e+01 -2.4955429e+01 -2.4933561e+01 -2.4933561e+01 -2.4932947e+01 -2.4932947e+01 -2.4929843e+01 -2.4929435e+01 -2.4929435e+01 -3.2436587e+00 -1.4175969e+00 -1.4166641e+00 +3.8809284e+00 +3.9054140e+00 +1.1266820e+01 +1.1266820e+01 +1.1276707e+01 +1.1276707e+01 +1.1913190e+01 
-5.3021099e+01 -5.3019964e+01 -5.3019561e+01 -2.4955898e+01 -2.4955372e+01 -2.4933612e+01 -2.4933577e+01 -2.4932985e+01 -2.4932960e+01 -2.4929854e+01 -2.4929496e+01 -2.4929448e+01 -3.2403945e+00 -1.4315191e+00 -1.3964458e+00 +3.8598543e+00 +3.9321495e+00 +1.0910178e+01 +1.1001030e+01 +1.1454711e+01 +1.1523011e+01 +1.1633133e+01 
-5.3021092e+01 -5.3019959e+01 -5.3019556e+01 -2.4955983e+01 -2.4955241e+01 -2.4933763e+01 -2.4933623e+01 -2.4933098e+01 -2.4933000e+01 -2.4929888e+01 -2.4929677e+01 -2.4929488e+01 -3.2306041e+00 -1.4395990e+00 -1.3694796e+00 +3.8353957e+00 +3.9735226e+00 +1.0468744e+01 +1.0750359e+01 +1.1148811e+01 +1.1372778e+01 +1.1484799e+01 
-5.3021082e+01 -5.3019950e+01 -5.3019547e+01 -2.4956068e+01 -2.4955075e+01 -2.4934015e+01 -2.4933700e+01 -2.4933288e+01 -2.4933065e+01 -2.4930018e+01 -2.4929901e+01 -2.4929552e+01 -3.2142930e+00 -1.4413806e+00 -1.3362285e+00 +3.8158968e+00 +4.0209911e+00 +1.0013374e+01 +1.0518572e+01 +1.0664625e+01 +1.1127237e+01 +1.1338993e+01 
-5.3021066e+01 -5.3019937e+01 -5.3019534e+01 -2.4956136e+01 -2.4954889e+01 -2.4934365e+01 -2.4933807e+01 -2.4933556e+01 -2.4933158e+01 -2.4930419e+01 -2.4929987e+01 -2.4929640e+01 -3.1914685e+00 -1.4368647e+00 -1.2967072e+00 +3.8017824e+00 +4.0738352e+00 +9.5710758e+00 +1.0189983e+01 +1.0302711e+01 +1.0892479e+01 +1.1112813e+01 
-5.3021046e+01 -5.3019921e+01 -5.3019518e+01 -2.4956178e+01 -2.4954690e+01 -2.4934810e+01 -2.4933943e+01 -2.4933901e+01 -2.4933277e+01 -2.4930943e+01 -2.4930075e+01 -2.4929749e+01 -3.1621379e+00 -1.4260563e+00 -1.2509345e+00 +3.7930503e+00 +4.1317082e+00 +9.1485180e+00 +9.7434273e+00 +1.0100078e+01 +1.0670203e+01 +1.0843801e+01 
-5.3021021e+01 -5.3019902e+01 -5.3019497e+01 -2.4956194e+01 -2.4954483e+01 -2.4935348e+01 -2.4934322e+01 -2.4934107e+01 -2.4933424e+01 -2.4931569e+01 -2.4930179e+01 -2.4929877e+01 -3.1263089e+00 -1.4089618e+00 -1.1989339e+00 +3.7896093e+00 +4.1943431e+00 +8.7448567e+00 +9.3258066e+00 +9.9086357e+00 +1.0458867e+01 +1.0553406e+01 
-5.3020992e+01 -5.3019880e+01 -5.3019472e+01 -2.4956183e+01 -2.4954274e+01 -2.4935975e+01 -2.4934814e+01 -2.4934297e+01 -2.4933598e+01 -2.4932289e+01 -2.4930301e+01 -2.4930020e+01 -3.0839907e+00 -1.3855868e+00 -1.1407323e+00 +3.7913405e+00 +4.2615311e+00 +8.3572951e+00 +8.9327177e+00 +9.7270093e+00 +1.0252154e+01 +1.0256964e+01 
-5.3020957e+01 -5.3019855e+01 -5.3019444e+01 -2.4956147e+01 -2.4954071e+01 -2.4936685e+01 -2.4935369e+01 -2.4934513e+01 -2.4933799e+01 -2.4933092e+01 -2.4930440e+01 -2.4930178e+01 -3.0351958e+00 -1.3559368e+00 -1.0763580e+00 +3.7981180e+00 +4.3331265e+00 +7.9831277e+00 +8.5597111e+00 +9.5543791e+00 +9.9454378e+00 +1.0063371e+01 
-5.3020918e+01 -5.3019827e+01 -5.3019413e+01 -2.4956089e+01 -2.4953881e+01 -2.4937475e+01 -2.4935977e+01 -2.4934752e+01 -2.4934025e+01 -2.4933970e+01 -2.4930596e+01 -2.4930347e+01 -2.9799415e+00 -1.3200193e+00 -1.0058381e+00 +3.8098123e+00 +4.4090394e+00 +7.6203176e+00 +8.2036392e+00 +9.3903420e+00 +9.6368476e+00 +9.8773719e+00 
-5.3020873e+01 -5.3019797e+01 -5.3019380e+01 -2.4956013e+01 -2.4953712e+01 -2.4938336e+01 -2.4936626e+01 -2.4935012e+01 -2.4934913e+01 -2.4934275e+01 -2.4930768e+01 -2.4930525e+01 -2.9182502e+00 -1.2778464e+00 -9.2919754e-01 +3.8262783e+00 +4.4891928e+00 +7.2675340e+00 +7.8624928e+00 +9.2347826e+00 +9.3291737e+00 +9.6986199e+00 
-5.3020825e+01 -5.3019763e+01 -5.3019346e+01 -2.4955925e+01 -2.4953575e+01 -2.4939260e+01 -2.4937302e+01 -2.4935907e+01 -2.4935291e+01 -2.4934546e+01 -2.4930957e+01 -2.4930711e+01 -2.8501485e+00 -1.2294377e+00 -8.4646026e-01 +3.8473223e+00 +4.5734282e+00 +6.9240571e+00 +7.5349541e+00 +9.0242552e+00 +9.0877637e+00 +9.5270992e+00 
-5.3020773e+01 -5.3019727e+01 -5.3019311e+01 -2.4955833e+01 -2.4953479e+01 -2.4940237e+01 -2.4937995e+01 -2.4936938e+01 -2.4935587e+01 -2.4934836e+01 -2.4931161e+01 -2.4930902e+01 -2.7756664e+00 -1.1748202e+00 -7.5765288e-01 +3.8726380e+00 +4.6613347e+00 +6.5897260e+00 +7.2201038e+00 +8.7227657e+00 +8.9494394e+00 +9.3630645e+00 
-5.3020718e+01 -5.3019689e+01 -5.3019275e+01 -2.4955745e+01 -2.4953438e+01 -2.4941254e+01 -2.4938706e+01 -2.4937971e+01 -2.4935895e+01 -2.4935142e+01 -2.4931380e+01 -2.4931098e+01 -2.6948359e+00 -1.1140277e+00 -6.6280922e-01 +3.9016885e+00 +4.7519310e+00 +6.2650433e+00 +6.9173883e+00 +8.4243518e+00 +8.8199876e+00 +9.2069666e+00 
-5.3020661e+01 -5.3019648e+01 -5.3019239e+01 -2.4955672e+01 -2.4953462e+01 -2.4942298e+01 -2.4939496e+01 -2.4938910e+01 -2.4936214e+01 -2.4935459e+01 -2.4931614e+01 -2.4931297e+01 -2.6076907e+00 -1.0470991e+00 -5.6197361e-01 +3.9334788e+00 +4.8429444e+00 +5.9516528e+00 +6.6269088e+00 +8.1280637e+00 +8.6995602e+00 +9.0593683e+00 
-5.3020601e+01 -5.3019606e+01 -5.3019202e+01 -2.4955625e+01 -2.4953562e+01 -2.4943357e+01 -2.4940457e+01 -2.4939627e+01 -2.4936539e+01 -2.4935784e+01 -2.4931862e+01 -2.4931497e+01 -2.5142669e+00 -9.7407545e-01 -4.5520193e-01 +3.9660852e+00 +4.9286195e+00 +5.6540714e+00 +6.3502998e+00 +7.8328687e+00 +8.5882477e+00 +8.9208594e+00 
-5.3020541e+01 -5.3019563e+01 -5.3019166e+01 -2.4955617e+01 -2.4953746e+01 -2.4944418e+01 -2.4941498e+01 -2.4940175e+01 -2.4936867e+01 -2.4936113e+01 -2.4932123e+01 -2.4931697e+01 -2.4146028e+00 -8.9499899e-01 -3.4255951e-01 +3.9955927e+00 +4.9900519e+00 +5.3879534e+00 +6.0932278e+00 +7.5380594e+00 +8.4860535e+00 +8.7919813e+00 
-5.3020479e+01 -5.3019520e+01 -5.3019130e+01 -2.4955665e+01 -2.4954016e+01 -2.4945472e+01 -2.4942523e+01 -2.4940611e+01 -2.4937194e+01 -2.4936442e+01 -2.4932397e+01 -2.4931897e+01 -2.3087392e+00 -8.0991096e-01 -2.2411625e-01 +4.0135393e+00 +4.9517642e+00 +5.2185298e+00 +5.8730111e+00 +7.2434485e+00 +8.3928746e+00 +8.6731636e+00 
-5.3020418e+01 -5.3019477e+01 -5.3019095e+01 -2.4955790e+01 -2.4954365e+01 -2.4946517e+01 -2.4943480e+01 -2.4940947e+01 -2.4937516e+01 -2.4936768e+01 -2.4932682e+01 -2.4932097e+01 -2.1967196e+00 -7.1885067e-01 -9.9940652e-02 +4.0013702e+00 +4.7862344e+00 +5.1462793e+00 +5.7340565e+00 +6.9493465e+00 +8.3084817e+00 +8.5646704e+00 
-5.3020358e+01 -5.3019435e+01 -5.3019061e+01 -2.4956014e+01 -2.4954779e+01 -2.4947553e+01 -2.4944325e+01 -2.4941193e+01 -2.4937829e+01 -2.4937087e+01 -2.4932977e+01 -2.4932295e+01 -2.0785901e+00 -6.2185446e-01 +2.9903183e-02 +3.9269156e+00 +4.6400946e+00 +5.0147905e+00 +5.7173820e+00 +6.6564105e+00 +8.2324990e+00 +8.4665515e+00 
-5.3020298e+01 -5.3019393e+01 -5.3019028e+01 -2.4956354e+01 -2.4955236e+01 -2.4948583e+01 -2.4945023e+01 -2.4941357e+01 -2.4938130e+01 -2.4937395e+01 -2.4933280e+01 -2.4932493e+01 -1.9543986e+00 -5.1895505e-01 +1.6535075e-01 +3.7709227e+00 +4.5549057e+00 +4.8385531e+00 +5.7855141e+00 +6.3654739e+00 +8.1643909e+00 +8.3785952e+00 
-5.3020240e+01 -5.3019353e+01 -5.3018997e+01 -2.4956814e+01 -2.4955722e+01 -2.4949609e+01 -2.4945547e+01 -2.4941453e+01 -2.4938415e+01 -2.4937690e+01 -2.4933590e+01 -2.4932687e+01 -1.8241950e+00 -4.1018167e-01 +3.0631991e-01 +3.5565897e+00 +4.4469300e+00 +4.7250306e+00 +5.8909459e+00 +6.0775091e+00 +8.1034795e+00 +8.3002853e+00 
-5.3020184e+01 -5.3019313e+01 -5.3018968e+01 -2.4957370e+01 -2.4956229e+01 -2.4950627e+01 -2.4945894e+01 -2.4941496e+01 -2.4938682e+01 -2.4937971e+01 -2.4933902e+01 -2.4932878e+01 -1.6880304e+00 -2.9556227e-01 +4.5267714e-01 +3.3152489e+00 +4.2481640e+00 +4.7308344e+00 +5.7927436e+00 +6.0139509e+00 +8.0490105e+00 +8.1350294e+00 
-5.3020131e+01 -5.3019275e+01 -5.3018940e+01 -2.4957988e+01 -2.4956755e+01 -2.4951626e+01 -2.4946077e+01 -2.4941501e+01 -2.4938929e+01 -2.4938234e+01 -2.4934214e+01 -2.4933062e+01 -1.5459557e+00 -1.7512893e-01 +6.0417656e-01 +3.0642842e+00 +4.0167679e+00 +4.7878985e+00 +5.5133415e+00 +6.1452555e+00 +7.9629107e+00 +8.0002593e+00 
-5.3020080e+01 -5.3019238e+01 -5.3018915e+01 -2.4958634e+01 -2.4957289e+01 -2.4952592e+01 -2.4946123e+01 -2.4941483e+01 -2.4939157e+01 -2.4938479e+01 -2.4934522e+01 -2.4933239e+01 -1.3980200e+00 -4.8927267e-02 +7.6033810e-01 +2.8120022e+00 +3.7788210e+00 +4.8634619e+00 +5.2415138e+00 +6.2812839e+00 +7.7917778e+00 +7.9566396e+00 
-5.3020032e+01 -5.3019203e+01 -5.3018892e+01 -2.4959280e+01 -2.4957816e+01 -2.4953510e+01 -2.4946059e+01 -2.4941456e+01 -2.4939365e+01 -2.4938704e+01 -2.4934822e+01 -2.4933405e+01 -1.2442681e+00 +8.2969388e-02 +9.2015652e-01 +2.5631100e+00 +3.5413396e+00 +4.9036263e+00 +5.0227393e+00 +6.4190054e+00 +7.6214938e+00 +7.9177663e+00 
-5.3019989e+01 -5.3019170e+01 -5.3018871e+01 -2.4959907e+01 -2.4958322e+01 -2.4954365e+01 -2.4945914e+01 -2.4941430e+01 -2.4939553e+01 -2.4938910e+01 -2.4935108e+01 -2.4933560e+01 -1.0847401e+00 +2.2043802e-01 +1.0812622e+00 +2.3218598e+00 +3.3071056e+00 +4.6847361e+00 +5.0774398e+00 +6.5554227e+00 +7.4528552e+00 +7.8834579e+00 
-5.3019949e+01 -5.3019140e+01 -5.3018853e+01 -2.4960496e+01 -2.4958791e+01 -2.4955143e+01 -2.4945711e+01 -2.4941416e+01 -2.4939721e+01 -2.4939095e+01 -2.4935375e+01 -2.4933700e+01 -9.1947372e-01 +3.6326703e-01 +1.2368897e+00 +2.0960242e+00 +3.0776782e+00 +4.4283029e+00 +5.1825795e+00 +6.6860783e+00 +7.2882949e+00 +7.8536937e+00 
-5.3019914e+01 -5.3019112e+01 -5.3018837e+01 -2.4961034e+01 -2.4959212e+01 -2.4955834e+01 -2.4945471e+01 -2.4941421e+01 -2.4939870e+01 -2.4939258e+01 -2.4935617e+01 -2.4933826e+01 -7.4851405e-01 +5.1107285e-01 +1.3619475e+00 +1.9112127e+00 +2.8542803e+00 +4.1744464e+00 +5.2972083e+00 +6.7994867e+00 +7.1369146e+00 +7.8285547e+00 
-5.3019883e+01 -5.3019087e+01 -5.3018824e+01 -2.4961509e+01 -2.4959577e+01 -2.4956427e+01 -2.4945214e+01 -2.4941446e+01 -2.4939999e+01 -2.4939398e+01 -2.4935829e+01 -2.4933934e+01 -5.7193197e-01 +6.6307130e-01 +1.3712775e+00 +1.8527105e+00 +2.6383811e+00 +3.9254072e+00 +5.4185640e+00 +6.8378085e+00 +7.0534556e+00 +7.8081676e+00 
-5.3019858e+01 -5.3019066e+01 -5.3018813e+01 -2.4961911e+01 -2.4959880e+01 -2.4956914e+01 -2.4944958e+01 -2.4941492e+01 -2.4940107e+01 -2.4939513e+01 -2.4936007e+01 -2.4934025e+01 -3.8985790e-01 +8.1706997e-01 +1.2308573e+00 +1.9539253e+00 +2.4332472e+00 +3.6817336e+00 +5.5456931e+00 +6.7318024e+00 +7.1032871e+00 +7.7926555e+00 
-5.3019838e+01 -5.3019049e+01 -5.3018805e+01 -2.4962232e+01 -2.4960117e+01 -2.4957294e+01 -2.4944722e+01 -2.4941552e+01 -2.4940192e+01 -2.4939604e+01 -2.4936147e+01 -2.4934096e+01 -2.0255561e-01 +9.5022103e-01 +1.0590329e+00 +2.0953701e+00 +2.2630631e+00 +3.4437908e+00 +5.6777879e+00 +6.5839509e+00 +7.1797815e+00 +7.7820795e+00 
-5.3019823e+01 -5.3019036e+01 -5.3018799e+01 -2.4962466e+01 -2.4960288e+01 -2.4957563e+01 -2.4944529e+01 -2.4941614e+01 -2.4940255e+01 -2.4939669e+01 -2.4936247e+01 -2.4934148e+01 -1.0662617e-02 +8.1279419e-01 +1.1433884e+00 +2.0215328e+00 +2.3454702e+00 +3.2122454e+00 +5.8134242e+00 +6.4324199e+00 +7.2417627e+00 +7.7763176e+00 
-5.3019814e+01 -5.3019029e+01 -5.3018795e+01 -2.4962608e+01 -2.4960390e+01 -2.4957723e+01 -2.4944400e+01 -2.4941662e+01 -2.4940293e+01 -2.4939708e+01 -2.4936307e+01 -2.4934179e+01 +1.8333696e-01 +6.1093866e-01 +1.2746044e+00 +1.8774306e+00 +2.5384153e+00 +2.9896550e+00 +5.9476722e+00 +6.2878143e+00 +7.2805895e+00 +7.7746767e+00 
-5.3019811e+01 -5.3019026e+01 -5.3018794e+01 -2.4962655e+01 -2.4960424e+01 -2.4957777e+01 -2.4944354e+01 -2.4941680e+01 -2.4940306e+01 -2.4939721e+01 -2.4936327e+01 -2.4934190e+01 +3.3367973e-01 +4.5717762e-01 +1.3373549e+00 +1.8095921e+00 +2.6959058e+00 +2.8238969e+00 +6.0354935e+00 +6.1964548e+00 +7.2937048e+00 +7.7748879e+00 
-5.3019810e+01 -5.3019025e+01 -5.3018794e+01 -2.4962629e+01 -2.4960401e+01 -2.4957755e+01 -2.4944377e+01 -2.4941725e+01 -2.4940320e+01 -2.4939716e+01 -2.4936344e+01 -2.4934245e+01 +3.3678655e-01 +4.6040601e-01 +1.3403829e+00 +1.8129537e+00 +2.6988566e+00 +2.8268309e+00 +6.0237759e+00 +6.1939328e+00 +7.1743963e+00 +7.6703371e+00 
-5.3019808e+01 -5.3019022e+01 -5.3018793e+01 -2.4962551e+01 -2.4960334e+01 -2.4957691e+01 -2.4944448e+01 -2.4941861e+01 -2.4940362e+01 -2.4939703e+01 -2.4936393e+01 -2.4934410e+01 +3.4611027e-01 +4.7008884e-01 +1.3494746e+00 +1.8230248e+00 +2.7077080e+00 +2.8356281e+00 +5.9860615e+00 +6.1826896e+00 +6.9485274e+00 +7.4718926e+00 
-5.3019803e+01 -5.3019016e+01 -5.3018791e+01 -2.4962421e+01 -2.4960223e+01 -2.4957583e+01 -2.4944572e+01 -2.4942086e+01 -2.4940423e+01 -2.4939683e+01 -2.4936470e+01 -2.4934682e+01 +3.6165918e-01 +4.8621928e-01 +1.3646527e+00 +1.8397617e+00 +2.7224552e+00 +2.8502633e+00 +5.9153657e+00 +6.1469299e+00 +6.7205524e+00 +7.2774092e+00 
-5.3019796e+01 -5.3019009e+01 -5.3018789e+01 -2.4962240e+01 -2.4960069e+01 -2.4957435e+01 -2.4944758e+01 -2.4942397e+01 -2.4940494e+01 -2.4939656e+01 -2.4936571e+01 -2.4935059e+01 +3.8344329e-01 +5.0878657e-01 +1.3859498e+00 +1.8630866e+00 +2.7430816e+00 +2.8706620e+00 +5.8034855e+00 +6.0474206e+00 +6.5509186e+00 +7.1202968e+00 
-5.3019788e+01 -5.3018999e+01 -5.3018786e+01 -2.4962009e+01 -2.4959875e+01 -2.4957246e+01 -2.4945015e+01 -2.4942793e+01 -2.4940560e+01 -2.4939624e+01 -2.4936691e+01 -2.4935535e+01 +4.1147142e-01 +5.3777717e-01 +1.4134038e+00 +1.8928817e+00 +2.7695465e+00 +2.8966541e+00 +5.6471985e+00 +5.8559578e+00 +6.4749382e+00 +7.0121695e+00 
-5.3019778e+01 -5.3018989e+01 -5.3018782e+01 -2.4961728e+01 -2.4959642e+01 -2.4957019e+01 -2.4945352e+01 -2.4943267e+01 -2.4940611e+01 -2.4939590e+01 -2.4936826e+01 -2.4936105e+01 +4.4574984e-01 +5.7317676e-01 +1.4470534e+00 +1.9289821e+00 +2.8017645e+00 +2.9279089e+00 +5.4522026e+00 +5.6077197e+00 +6.4606613e+00 +6.9510722e+00 
-5.3019767e+01 -5.3018976e+01 -5.3018778e+01 -2.4961401e+01 -2.4959374e+01 -2.4956755e+01 -2.4945774e+01 -2.4943814e+01 -2.4940635e+01 -2.4939558e+01 -2.4936970e+01 -2.4936761e+01 +4.8628232e-01 +6.1497306e-01 +1.4869332e+00 +1.9711675e+00 +2.8395713e+00 +2.9638353e+00 +5.2298910e+00 +5.3386231e+00 +6.4739103e+00 +6.9278178e+00 
-5.3019755e+01 -5.3018962e+01 -5.3018774e+01 -2.4961029e+01 -2.4959072e+01 -2.4956457e+01 -2.4946280e+01 -2.4944427e+01 -2.4940626e+01 -2.4939533e+01 -2.4937494e+01 -2.4937118e+01 +5.3307081e-01 +6.6315896e-01 +1.5330678e+00 +2.0191408e+00 +2.8826589e+00 +3.0034031e+00 +4.9918710e+00 +5.0639384e+00 +6.5005345e+00 +6.9326268e+00 
-5.3019741e+01 -5.3018948e+01 -5.3018769e+01 -2.4960614e+01 -2.4958742e+01 -2.4956126e+01 -2.4946864e+01 -2.4945094e+01 -2.4940583e+01 -2.4939525e+01 -2.4938293e+01 -2.4937261e+01 +5.8611614e-01 +7.1773457e-01 +1.5854631e+00 +2.0724779e+00 +2.9304429e+00 +3.0447842e+00 +4.7477853e+00 +4.7904087e+00 +6.5347646e+00 +6.9580537e+00 
-5.3019727e+01 -5.3018932e+01 -5.3018764e+01 -2.4960161e+01 -2.4958386e+01 -2.4955766e+01 -2.4947515e+01 -2.4945804e+01 -2.4940510e+01 -2.4939545e+01 -2.4939142e+01 -2.4937391e+01 +6.4541840e-01 +7.7870626e-01 +1.6440916e+00 +2.1305173e+00 +2.9817838e+00 +3.0845825e+00 +4.5061567e+00 +4.5223417e+00 +6.5735026e+00 +6.9990583e+00 
-5.3019713e+01 -5.3018916e+01 -5.3018759e+01 -2.4959673e+01 -2.4958009e+01 -2.4955381e+01 -2.4948219e+01 -2.4946542e+01 -2.4940444e+01 -2.4939995e+01 -2.4939605e+01 -2.4937494e+01 +7.1097712e-01 +8.4608178e-01 +1.7088693e+00 +2.1921371e+00 +3.0343578e+00 +3.1161349e+00 +4.2643165e+00 +4.2768736e+00 +6.6141499e+00 +7.0517805e+00 
-5.3019698e+01 -5.3018899e+01 -5.3018755e+01 -2.4959157e+01 -2.4957615e+01 -2.4954979e+01 -2.4948957e+01 -2.4947291e+01 -2.4941021e+01 -2.4940206e+01 -2.4939719e+01 -2.4937558e+01 +7.8279114e-01 +9.1986212e-01 +1.7796162e+00 +2.2552953e+00 +3.0831139e+00 +3.1261364e+00 +4.0238441e+00 +4.0752754e+00 +6.6531954e+00 +6.9350006e+00 
-5.3019683e+01 -5.3018883e+01 -5.3018753e+01 -2.4958621e+01 -2.4957211e+01 -2.4954575e+01 -2.4949705e+01 -2.4948030e+01 -2.4941944e+01 -2.4940058e+01 -2.4939893e+01 -2.4937577e+01 +8.6085779e-01 +1.0000325e+00 +1.8559789e+00 +2.3159927e+00 +3.0915186e+00 +3.1164593e+00 +3.8165423e+00 +3.9258443e+00 +6.6471748e+00 +6.6844008e+00 
-5.3019670e+01 -5.3018866e+01 -5.3018752e+01 -2.4958080e+01 -2.4956801e+01 -2.4954196e+01 -2.4950422e+01 -2.4948730e+01 -2.4942877e+01 -2.4940126e+01 -2.4939875e+01 -2.4937550e+01 +9.4516817e-01 +1.0865546e+00 +1.9372363e+00 +2.3657188e+00 +2.9905158e+00 +3.1115431e+00 +3.6736715e+00 +3.8517522e+00 +6.3677480e+00 +6.6959762e+00 
-5.3019658e+01 -5.3018849e+01 -5.3018753e+01 -2.4957558e+01 -2.4956385e+01 -2.4953907e+01 -2.4951034e+01 -2.4949353e+01 -2.4943789e+01 -2.4940412e+01 -2.4939670e+01 -2.4937482e+01 +1.0356881e+00 +1.1793595e+00 +2.0216558e+00 +2.3858033e+00 +2.8296979e+00 +3.0573425e+00 +3.6249400e+00 +3.8488786e+00 +6.0968157e+00 +6.6686858e+00 
-5.3019648e+01 -5.3018833e+01 -5.3018758e+01 -2.4957098e+01 -2.4955949e+01 -2.4953829e+01 -2.4951413e+01 -2.4949857e+01 -2.4944654e+01 -2.4940742e+01 -2.4939449e+01 -2.4937382e+01 +1.1322990e+00 +1.2783395e+00 +2.1036290e+00 +2.3443219e+00 +2.6399292e+00 +3.0046582e+00 +3.6517290e+00 +3.8930453e+00 +5.8339002e+00 +6.5846255e+00 
-5.3019641e+01 -5.3018818e+01 -5.3018766e+01 -2.4956763e+01 -2.4955460e+01 -2.4954060e+01 -2.4951464e+01 -2.4950199e+01 -2.4945439e+01 -2.4941106e+01 -2.4939215e+01 -2.4937257e+01 +1.2346242e+00 +1.3833327e+00 +2.1554606e+00 +2.2237608e+00 +2.4697173e+00 +3.0079450e+00 +3.7175180e+00 +3.9650568e+00 +5.5784915e+00 +6.4465531e+00 
-5.3019637e+01 -5.3018803e+01 -5.3018777e+01 -2.4956592e+01 -2.4954898e+01 -2.4954505e+01 -2.4951302e+01 -2.4950352e+01 -2.4946100e+01 -2.4941493e+01 -2.4938973e+01 -2.4937113e+01 +1.3414288e+00 +1.4940789e+00 +2.0472698e+00 +2.0767293e+00 +2.4319732e+00 +3.0638125e+00 +3.8028997e+00 +4.0549221e+00 +5.3301229e+00 +6.2745714e+00 
-5.3019636e+01 -5.3018790e+01 -5.3018789e+01 -2.4956570e+01 -2.4955013e+01 -2.4954272e+01 -2.4951119e+01 -2.4950321e+01 -2.4946575e+01 -2.4941894e+01 -2.4938724e+01 -2.4936956e+01 +1.4474680e+00 +1.6098988e+00 +1.8446434e+00 +1.8949810e+00 +2.5101512e+00 +3.1509363e+00 +3.8996861e+00 +4.1578708e+00 +5.0884271e+00 +6.0871883e+00 
-5.3019638e+01 -5.3018806e+01 -5.3018776e+01 -2.4956652e+01 -2.4955503e+01 -2.4953601e+01 -2.4951048e+01 -2.4950137e+01 -2.4946795e+01 -2.4942296e+01 -2.4938471e+01 -2.4936789e+01 +1.5123234e+00 +1.6271956e+00 +1.7353839e+00 +1.7383599e+00 +2.6194853e+00 +3.2562627e+00 +4.0038422e+00 +4.2714717e+00 +4.8532067e+00 +5.8961891e+00 
-5.3019638e+01 -5.3018806e+01 -5.3018776e+01 -2.4956652e+01 -2.4955503e+01 -2.4953601e+01 -2.4951048e+01 -2.4950137e+01 -2.4946795e+01 -2.4942296e+01 -2.4938471e+01 -2.4936789e+01 +1.5123234e+00 +1.6271956e+00 +1.7353839e+00 +1.7383599e+00 +2.6194853e+00 +3.2562627e+00 +4.0038422e+00 +4.2714717e+00 +4.8532067e+00 +5.8961891e+00 
-5.3019643e+01 -5.3018824e+01 -5.3018765e+01 -2.4956783e+01 -2.4955927e+01 -2.4952923e+01 -2.4951142e+01 -2.4949858e+01 -2.4946732e+01 -2.4942670e+01 -2.4938225e+01 -2.4936623e+01 +1.3979293e+00 +1.4193310e+00 +1.7675779e+00 +1.8559494e+00 +2.7375619e+00 +3.3694732e+00 +4.1091775e+00 +4.3900752e+00 +4.6316737e+00 +5.7150900e+00 
-5.3019652e+01 -5.3018844e+01 -5.3018755e+01 -2.4956926e+01 -2.4956287e+01 -2.4952232e+01 -2.4951366e+01 -2.4949525e+01 -2.4946435e+01 -2.4943008e+01 -2.4937978e+01 -2.4936454e+01 +1.2042009e+00 +1.2105658e+00 +1.8844153e+00 +1.9820726e+00 +2.8636808e+00 +3.4899089e+00 +4.2159554e+00 +4.4108821e+00 +4.5219028e+00 +5.5446156e+00 
-5.3019663e+01 -5.3018866e+01 -5.3018746e+01 -2.4957052e+01 -2.4956575e+01 -2.4951653e+01 -2.4951548e+01 -2.4949177e+01 -2.4945976e+01 -2.4943283e+01 -2.4937732e+01 -2.4936285e+01 +1.0018826e+00 +1.0041790e+00 +2.0196171e+00 +2.1114210e+00 +2.9966301e+00 +3.6144389e+00 +4.2024611e+00 +4.3199608e+00 +4.6548517e+00 +5.3929168e+00 
-5.3019679e+01 -5.3018891e+01 -5.3018740e+01 -2.4957140e+01 -2.4956790e+01 -2.4951942e+01 -2.4950903e+01 -2.4948840e+01 -2.4945414e+01 -2.4943460e+01 -2.4937488e+01 -2.4936119e+01 +8.0050010e-01 +8.0126309e-01 +2.1641318e+00 +2.2427350e+00 +3.1359361e+00 +3.7390247e+00 +3.9980256e+00 +4.4141889e+00 +4.7970206e+00 +5.2724062e+00 
-5.3019697e+01 -5.3018920e+01 -5.3018737e+01 -2.4957174e+01 -2.4956926e+01 -2.4952194e+01 -2.4950363e+01 -2.4948503e+01 -2.4944792e+01 -2.4943503e+01 -2.4937246e+01 -2.4935955e+01 +6.0238049e-01 +6.0244321e-01 +2.3156844e+00 +2.3742813e+00 +3.2813155e+00 +3.7995348e+00 +3.8566728e+00 +4.4891202e+00 +4.9463511e+00 +5.2015994e+00 
-5.3019720e+01 -5.3018951e+01 -5.3018735e+01 -2.4957143e+01 -2.4956981e+01 -2.4952384e+01 -2.4950034e+01 -2.4948098e+01 -2.4944135e+01 -2.4943391e+01 -2.4937007e+01 -2.4935795e+01 +4.0813041e-01 +4.0842719e-01 +2.4732730e+00 +2.5033980e+00 +3.4316212e+00 +3.6083129e+00 +3.9543580e+00 +4.5430270e+00 +5.1024552e+00 +5.1981742e+00 
-5.3019745e+01 -5.3018986e+01 -5.3018737e+01 -2.4957036e+01 -2.4956949e+01 -2.4952499e+01 -2.4949985e+01 -2.4947565e+01 -2.4943459e+01 -2.4943128e+01 -2.4936772e+01 -2.4935641e+01 +2.1861853e-01 +2.1910610e-01 +2.6258386e+00 +2.6363211e+00 +3.4167567e+00 +3.5945939e+00 +4.0137279e+00 +4.5998743e+00 +5.2609569e+00 +5.2650728e+00 
-5.3019775e+01 -5.3019025e+01 -5.3018740e+01 -2.4956849e+01 -2.4956825e+01 -2.4952531e+01 -2.4950174e+01 -2.4946930e+01 -2.4942776e+01 -2.4942741e+01 -2.4936541e+01 -2.4935492e+01 +3.4127775e-02 +3.4709736e-02 +2.7348391e+00 +2.8043995e+00 +3.2379962e+00 +3.7573122e+00 +4.0291383e+00 +4.6911360e+00 +5.3709809e+00 +5.4339863e+00 
-5.3019808e+01 -5.3019066e+01 -5.3018747e+01 -2.4956608e+01 -2.4956577e+01 -2.4952477e+01 -2.4950524e+01 -2.4946243e+01 -2.4942263e+01 -2.4942095e+01 -2.4936315e+01 -2.4935350e+01 -1.4517160e-01 -1.4455310e-01 +2.8203507e+00 +2.9751243e+00 +3.0666151e+00 +3.9274772e+00 +4.0241502e+00 +4.8210492e+00 +5.5104893e+00 +5.6089978e+00 
-5.3019844e+01 -5.3019111e+01 -5.3018756e+01 -2.4956295e+01 -2.4956218e+01 -2.4952335e+01 -2.4950980e+01 -2.4945539e+01 -2.4941724e+01 -2.4941421e+01 -2.4936092e+01 -2.4935213e+01 -3.1914415e-01 -3.1852230e-01 +2.8702592e+00 +2.8938438e+00 +3.1583433e+00 +4.0325972e+00 +4.1039578e+00 +4.9781054e+00 +5.6691418e+00 +5.7899107e+00 
-5.3019883e+01 -5.3019158e+01 -5.3018768e+01 -2.4955888e+01 -2.4955772e+01 -2.4952108e+01 -2.4951505e+01 -2.4944834e+01 -2.4941148e+01 -2.4940760e+01 -2.4935873e+01 -2.4935082e+01 -4.8767869e-01 -4.8707067e-01 +2.7324845e+00 +2.8759485e+00 +3.3413902e+00 +4.0777401e+00 +4.2865639e+00 +5.1528144e+00 +5.8415049e+00 +5.9765095e+00 
-5.3019925e+01 -5.3019208e+01 -5.3018782e+01 -2.4955389e+01 -2.4955243e+01 -2.4952078e+01 -2.4951798e+01 -2.4944137e+01 -2.4940550e+01 -2.4940115e+01 -2.4935657e+01 -2.4934956e+01 -6.5068121e-01 -6.5009515e-01 +2.5767349e+00 +2.8387117e+00 +3.5301141e+00 +4.1662254e+00 +4.4751788e+00 +5.3397864e+00 +6.0245625e+00 +6.1685366e+00 
-5.3019970e+01 -5.3019259e+01 -5.3018799e+01 -2.4954803e+01 -2.4954633e+01 -2.4952683e+01 -2.4951407e+01 -2.4943456e+01 -2.4939943e+01 -2.4939492e+01 -2.4935442e+01 -2.4934836e+01 -8.0807026e-01 -8.0751068e-01 +2.4269104e+00 +2.7684405e+00 +3.7242322e+00 +4.2924543e+00 +4.6696982e+00 +5.5359177e+00 +6.2164288e+00 +6.3656636e+00 
-5.3020017e+01 -5.3019313e+01 -5.3018818e+01 -2.4954133e+01 -2.4953957e+01 -2.4953302e+01 -2.4950940e+01 -2.4942793e+01 -2.4939336e+01 -2.4938894e+01 -2.4935228e+01 -2.4934719e+01 -9.5977415e-01 -9.5924522e-01 +2.2829984e+00 +2.6767167e+00 +3.9238077e+00 +4.4473241e+00 +4.8700290e+00 +5.7391012e+00 +6.4157617e+00 +6.5674468e+00 
-5.3020066e+01 -5.3019368e+01 -5.3018839e+01 -2.4953980e+01 -2.4953388e+01 -2.4953169e+01 -2.4950396e+01 -2.4942152e+01 -2.4938734e+01 -2.4938325e+01 -2.4935012e+01 -2.4934606e+01 -1.1057294e+00 -1.1052357e+00 +2.1449542e+00 +2.5726234e+00 +4.1289747e+00 +4.6233146e+00 +5.0760983e+00 +5.9475414e+00 +6.6215117e+00 +6.7732484e+00 
-5.3020117e+01 -5.3019424e+01 -5.3018863e+01 -2.4954629e+01 -2.4952573e+01 -2.4952356e+01 -2.4949777e+01 -2.4941534e+01 -2.4938144e+01 -2.4937789e+01 -2.4934791e+01 -2.4934494e+01 -1.2458797e+00 -1.2454250e+00 +2.0127425e+00 +2.4622818e+00 +4.3399033e+00 +4.8153836e+00 +5.2878650e+00 +6.1593959e+00 +6.8328199e+00 +6.9820884e+00 
-5.3020170e+01 -5.3019480e+01 -5.3018888e+01 -2.4955291e+01 -2.4951696e+01 -2.4951481e+01 -2.4949087e+01 -2.4940941e+01 -2.4937570e+01 -2.4937290e+01 -2.4934562e+01 -2.4934383e+01 -1.3801756e+00 -1.3797607e+00 +1.8863478e+00 +2.3496522e+00 +4.5567847e+00 +5.0203782e+00 +5.5053290e+00 +6.3726049e+00 +7.0489652e+00 +7.1923731e+00 
-5.3020224e+01 -5.3019538e+01 -5.3018916e+01 -2.4955954e+01 -2.4950766e+01 -2.4950556e+01 -2.4948327e+01 -2.4940375e+01 -2.4937015e+01 -2.4936831e+01 -2.4934322e+01 -2.4934269e+01 -1.5085740e+00 -1.5081948e+00 +1.7657744e+00 +2.2373217e+00 +4.7798188e+00 +5.2363527e+00 +5.7285331e+00 +6.5848486e+00 +7.2693043e+00 +7.4014191e+00 
-5.3020279e+01 -5.3019596e+01 -5.3018944e+01 -2.4956615e+01 -2.4949793e+01 -2.4949592e+01 -2.4947506e+01 -2.4939835e+01 -2.4936484e+01 -2.4936416e+01 -2.4934150e+01 -2.4934068e+01 -1.6310371e+00 -1.6306832e+00 +1.6510444e+00 +2.1270355e+00 +5.0092007e+00 +5.4620907e+00 +5.9575602e+00 +6.7935623e+00 +7.4931755e+00 +7.6046692e+00 
-5.3020335e+01 -5.3019654e+01 -5.3018974e+01 -2.4957268e+01 -2.4948785e+01 -2.4948599e+01 -2.4946630e+01 -2.4939323e+01 -2.4936043e+01 -2.4935980e+01 -2.4934022e+01 -2.4933797e+01 -1.7475298e+00 -1.7471852e+00 +1.5421917e+00 +2.0200208e+00 +5.2450997e+00 +5.6968033e+00 +6.1925208e+00 +6.9958797e+00 +7.7197544e+00 +7.7946123e+00 
-5.3020391e+01 -5.3019711e+01 -5.3019005e+01 -2.4957910e+01 -2.4947755e+01 -2.4947591e+01 -2.4945713e+01 -2.4938837e+01 -2.4935710e+01 -2.4935507e+01 -2.4933879e+01 -2.4933513e+01 -1.8580163e+00 -1.8576616e+00 +1.4392556e+00 +1.9171785e+00 +5.4876213e+00 +5.9399363e+00 +6.4335211e+00 +7.1883424e+00 +7.9478626e+00 +7.9601130e+00 
-5.3020447e+01 -5.3019768e+01 -5.3019036e+01 -2.4958537e+01 -2.4946714e+01 -2.4946581e+01 -2.4944765e+01 -2.4938375e+01 -2.4935410e+01 -2.4935068e+01 -2.4933717e+01 -2.4933218e+01 -1.9624572e+00 -1.9620722e+00 +1.3422726e+00 +1.8191919e+00 +5.7367418e+00 +6.1910392e+00 +6.6805844e+00 +7.3663465e+00 +8.0886141e+00 +8.1757742e+00 
-5.3020502e+01 -5.3019825e+01 -5.3019067e+01 -2.4959145e+01 -2.4945678e+01 -2.4945584e+01 -2.4943800e+01 -2.4937937e+01 -2.4935131e+01 -2.4934666e+01 -2.4933528e+01 -2.4932920e+01 -2.0608071e+00 -2.0603745e+00 +1.2512696e+00 +1.7265838e+00 +5.9922051e+00 +6.4496723e+00 +6.9334491e+00 +7.5237105e+00 +8.1735953e+00 +8.4012829e+00 
-5.3020556e+01 -5.3019880e+01 -5.3019098e+01 -2.4959730e+01 -2.4944661e+01 -2.4944617e+01 -2.4942830e+01 -2.4937520e+01 -2.4934863e+01 -2.4934301e+01 -2.4933311e+01 -2.4932623e+01 -2.1530161e+00 -2.1525238e+00 +1.1662602e+00 +1.6397404e+00 +6.2533602e+00 +6.7153373e+00 +7.1910351e+00 +7.6533964e+00 +8.2216623e+00 +8.6227893e+00 
-5.3020608e+01 -5.3019934e+01 -5.3019129e+01 -2.4960290e+01 -2.4943698e+01 -2.4943680e+01 -2.4941868e+01 -2.4937120e+01 -2.4934596e+01 -2.4933966e+01 -2.4933068e+01 -2.4932336e+01 -2.2390328e+00 -2.2384745e+00 +1.0872449e+00 +1.5589164e+00 +6.5188605e+00 +6.9873639e+00 +7.4499034e+00 +7.7503693e+00 +8.2508617e+00 +8.8419248e+00 
-5.3020658e+01 -5.3019986e+01 -5.3019158e+01 -2.4960820e+01 -2.4942842e+01 -2.4942754e+01 -2.4940927e+01 -2.4936736e+01 -2.4934318e+01 -2.4933651e+01 -2.4932809e+01 -2.4932061e+01 -2.3188078e+00 -2.3181832e+00 +1.0142138e+00 +1.4842330e+00 +6.7859882e+00 +7.2644266e+00 +7.6994379e+00 +7.8154885e+00 +8.2881723e+00 +9.0649445e+00 
-5.3020706e+01 -5.3020036e+01 -5.3019186e+01 -2.4961316e+01 -2.4942063e+01 -2.4941899e+01 -2.4940015e+01 -2.4936367e+01 -2.4934021e+01 -2.4933340e+01 -2.4932547e+01 -2.4931804e+01 -2.3922979e+00 -2.3916117e+00 +9.4714947e-01 +1.4156824e+00 +7.0489467e+00 +7.5412741e+00 +7.8592377e+00 +7.9107796e+00 +8.3786269e+00 +9.2992386e+00 
-5.3020751e+01 -5.3020082e+01 -5.3019213e+01 -2.4961774e+01 -2.4941372e+01 -2.4941132e+01 -2.4939143e+01 -2.4936017e+01 -2.4933700e+01 -2.4933021e+01 -2.4932292e+01 -2.4931566e+01 -2.4594685e+00 -2.4587287e+00 +8.8602996e-01 +1.3531484e+00 +7.2946544e+00 +7.7685668e+00 +7.9389293e+00 +8.0560870e+00 +8.5704607e+00 +9.5491385e+00 
-5.3020793e+01 -5.3020125e+01 -5.3019237e+01 -2.4962192e+01 -2.4940773e+01 -2.4940464e+01 -2.4938318e+01 -2.4935690e+01 -2.4933352e+01 -2.4932688e+01 -2.4932052e+01 -2.4931349e+01 -2.5202947e+00 -2.5195107e+00 +8.3083079e-01 +1.2964490e+00 +7.4963234e+00 +7.8231937e+00 +8.1852904e+00 +8.1855118e+00 +8.8457687e+00 +9.8156470e+00 
-5.3020831e+01 -5.3020163e+01 -5.3019260e+01 -2.4962567e+01 -2.4940265e+01 -2.4939900e+01 -2.4937546e+01 -2.4935392e+01 -2.4932983e+01 -2.4932340e+01 -2.4931831e+01 -2.4931155e+01 -2.5747600e+00 -2.5739407e+00 +7.8152646e-01 +1.2453962e+00 +7.6238636e+00 +7.8230269e+00 +8.3718877e+00 +8.4863437e+00 +9.1665794e+00 +1.0097984e+01 
-5.3020865e+01 -5.3020197e+01 -5.3019281e+01 -2.4962898e+01 -2.4939843e+01 -2.4939440e+01 -2.4936836e+01 -2.4935128e+01 -2.4932603e+01 -2.4931987e+01 -2.4931630e+01 -2.4930985e+01 -2.6228541e+00 -2.6220058e+00 +7.3809191e-01 +1.1998591e+00 +7.6821768e+00 +7.8120670e+00 +8.6302736e+00 +8.8021439e+00 +9.5180691e+00 +1.0394588e+01 
-5.3020895e+01 -5.3020226e+01 -5.3019300e+01 -2.4963185e+01 -2.4939497e+01 -2.4939073e+01 -2.4936195e+01 -2.4934900e+01 -2.4932229e+01 -2.4931649e+01 -2.4931442e+01 -2.4930838e+01 -2.6645686e+00 -2.6636941e+00 +7.0050364e-01 +1.1598119e+00 +7.7010278e+00 +7.7973889e+00 +8.9396817e+00 +9.1281183e+00 +9.8978590e+00 +1.0703369e+01 
-5.3020920e+01 -5.3020251e+01 -5.3019317e+01 -2.4963426e+01 -2.4939218e+01 -2.4938788e+01 -2.4935634e+01 -2.4934711e+01 -2.4931878e+01 -2.4931379e+01 -2.4931233e+01 -2.4930714e+01 -2.6998942e+00 -2.6989936e+00 +6.6874052e-01 +1.1253520e+00 +7.7017223e+00 +7.7817988e+00 +9.2835084e+00 +9.4626409e+00 +1.0309092e+01 +1.1021672e+01 
-5.3020940e+01 -5.3020271e+01 -5.3019331e+01 -2.4963624e+01 -2.4938998e+01 -2.4938572e+01 -2.4935161e+01 -2.4934558e+01 -2.4931569e+01 -2.4931219e+01 -2.4930979e+01 -2.4930615e+01 -2.7288195e+00 -2.7278919e+00 +6.4278389e-01 +1.0966818e+00 +7.6948980e+00 +7.7669693e+00 +9.6525545e+00 +9.8037859e+00 +1.0757464e+01 +1.1346238e+01 
-5.3020956e+01 -5.3020287e+01 -5.3019342e+01 -2.4963777e+01 -2.4938830e+01 -2.4938414e+01 -2.4934784e+01 -2.4934441e+01 -2.4931315e+01 -2.4931110e+01 -2.4930752e+01 -2.4930539e+01 -2.7513321e+00 -2.7503774e+00 +6.2261731e-01 +1.0740586e+00 +7.6859357e+00 +7.7541175e+00 +1.0037257e+01 +1.0147879e+01 +1.1245993e+01 +1.1653725e+01 
-5.3020967e+01 -5.3020298e+01 -5.3019350e+01 -2.4963886e+01 -2.4938710e+01 -2.4938306e+01 -2.4934511e+01 -2.4934358e+01 -2.4931126e+01 -2.4931033e+01 -2.4930582e+01 -2.4930486e+01 -2.7674210e+00 -2.7664418e+00 +6.0822616e-01 +1.0577285e+00 +7.6778342e+00 +7.7442009e+00 +1.0421717e+01 +1.0487556e+01 +1.1541955e+01 +1.1569036e+01 
-5.3020974e+01 -5.3020305e+01 -5.3019355e+01 -2.4963952e+01 -2.4938638e+01 -2.4938243e+01 -2.4934346e+01 -2.4934308e+01 -2.4931010e+01 -2.4930987e+01 -2.4930479e+01 -2.4930455e+01 -2.7770776e+00 -2.7760809e+00 +5.9959775e-01 +1.0478699e+00 +7.6723479e+00 +7.7379440e+00 +1.0781604e+01 +1.0808237e+01 +1.1365419e+01 +1.1381908e+01 
-5.3020976e+01 -5.3020307e+01 -5.3019356e+01 -2.4963974e+01 -2.4938614e+01 -2.4938222e+01 -2.4934291e+01 -2.4934291e+01 -2.4930971e+01 -2.4930971e+01 -2.4930444e+01 -2.4930444e+01 -2.7802970e+00 -2.7792939e+00 +5.9672279e-01 +1.0445752e+00 +7.6704196e+00 +7.7358058e+00 +1.1035132e+01 +1.1035132e+01 +1.1189274e+01 +1.1189274e+01 
-5.3020979e+01 -5.3020301e+01 -5.3019359e+01 -2.4963912e+01 -2.4939774e+01 -2.4937128e+01 -2.4934284e+01 -2.4934284e+01 -2.4931040e+01 -2.4931040e+01 -2.4930385e+01 -2.4930385e+01 -2.8535818e+00 -2.6997495e+00 +5.0757248e-01 +1.1395058e+00 +7.3636701e+00 +8.0486674e+00 +1.1038842e+01 +1.1038842e+01 +1.1190519e+01 +1.1190519e+01 
-5.3020988e+01 -5.3020285e+01 -5.3019367e+01 -2.4963727e+01 -2.4941163e+01 -2.4935935e+01 -2.4934263e+01 -2.4934263e+01 -2.4931194e+01 -2.4931194e+01 -2.4930259e+01 -2.4930259e+01 -2.9210709e+00 -2.6134820e+00 +3.3356264e-01 +1.3308334e+00 +7.0308835e+00 +8.4008638e+00 +1.1049604e+01 +1.1049604e+01 +1.1194930e+01 +1.1194930e+01 
-5.3021001e+01 -5.3020260e+01 -5.3019379e+01 -2.4963421e+01 -2.4942601e+01 -2.4934824e+01 -2.4934229e+01 -2.4934229e+01 -2.4931382e+01 -2.4931382e+01 -2.4930117e+01 -2.4930117e+01 -2.9822307e+00 -2.5210252e+00 +1.4248269e-01 +1.5507100e+00 +6.7008833e+00 +8.7668611e+00 +1.1066062e+01 +1.1066062e+01 +1.1204739e+01 +1.1204739e+01 
-5.3021016e+01 -5.3020227e+01 -5.3019397e+01 -2.4962994e+01 -2.4944071e+01 -2.4934183e+01 -2.4934183e+01 -2.4933807e+01 -2.4931583e+01 -2.4931583e+01 -2.4929981e+01 -2.4929981e+01 -3.0370271e+00 -2.4224150e+00 -4.9887642e-02 +1.7832919e+00 +6.3736475e+00 +9.1523344e+00 +1.1085394e+01 +1.1085394e+01 +1.1224088e+01 +1.1224088e+01 
-5.3021033e+01 -5.3020189e+01 -5.3019417e+01 -2.4962449e+01 -2.4945563e+01 -2.4934126e+01 -2.4934126e+01 -2.4932894e+01 -2.4931790e+01 -2.4931790e+01 -2.4929856e+01 -2.4929856e+01 -3.0854286e+00 -2.3176877e+00 -2.3911374e-01 +2.0241222e+00 +6.0492665e+00 +9.5652489e+00 +1.1104005e+01 +1.1104005e+01 +1.1258168e+01 +1.1258168e+01 
-5.3021050e+01 -5.3020147e+01 -5.3019442e+01 -2.4961789e+01 -2.4947064e+01 -2.4934058e+01 -2.4934058e+01 -2.4932092e+01 -2.4931999e+01 -2.4931999e+01 -2.4929745e+01 -2.4929745e+01 -3.1274074e+00 -2.2068813e+00 -4.2363591e-01 +2.2717046e+00 +5.7280590e+00 +1.0015286e+01 +1.1120280e+01 +1.1120280e+01 +1.1310287e+01 +1.1310287e+01 
-5.3021065e+01 -5.3020105e+01 -5.3019468e+01 -2.4961016e+01 -2.4948564e+01 -2.4933978e+01 -2.4933978e+01 -2.4932206e+01 -2.4932206e+01 -2.4931408e+01 -2.4929650e+01 -2.4929650e+01 -3.1629409e+00 -2.0900367e+00 -6.0288751e-01 +2.5256326e+00 +5.4104808e+00 +1.0512472e+01 +1.1135647e+01 +1.1135647e+01 +1.1380644e+01 +1.1380644e+01 
-5.3021078e+01 -5.3020063e+01 -5.3019495e+01 -2.4960136e+01 -2.4950050e+01 -2.4933888e+01 -2.4933888e+01 -2.4932408e+01 -2.4932408e+01 -2.4930844e+01 -2.4929573e+01 -2.4929573e+01 -3.1920135e+00 -1.9672000e+00 -7.7670010e-01 +2.7859524e+00 +5.0970301e+00 +1.1064406e+01 +1.1152594e+01 +1.1152594e+01 +1.1468110e+01 +1.1468110e+01 
-5.3021088e+01 -5.3020026e+01 -5.3019520e+01 -2.4959152e+01 -2.4951510e+01 -2.4933789e+01 -2.4933789e+01 -2.4932597e+01 -2.4932597e+01 -2.4930406e+01 -2.4929512e+01 -2.4929512e+01 -3.2146182e+00 -1.8384244e+00 -9.4504808e-01 +3.0528271e+00 +4.7881856e+00 +1.1173247e+01 +1.1173247e+01 +1.1444148e+01 +1.1444148e+01 +1.1572056e+01 
-5.3021095e+01 -5.3019994e+01 -5.3019542e+01 -2.4958073e+01 -2.4952934e+01 -2.4933687e+01 -2.4933687e+01 -2.4932766e+01 -2.4932766e+01 -2.4930093e+01 -2.4929469e+01 -2.4929469e+01 -3.2307562e+00 -1.7037717e+00 -1.1079273e+00 +3.3263375e+00 +4.4843882e+00 +1.1199185e+01 +1.1199185e+01 +1.1377305e+01 +1.1377305e+01 +1.1690701e+01 
-5.3021100e+01 -5.3019974e+01 -5.3019557e+01 -2.4956911e+01 -2.4954304e+01 -2.4933599e+01 -2.4933599e+01 -2.4932895e+01 -2.4932895e+01 -2.4929905e+01 -2.4929443e+01 -2.4929443e+01 -3.2404339e+00 -1.5633139e+00 -1.2653079e+00 +3.6063609e+00 +4.1860884e+00 +1.1231538e+01 +1.1231538e+01 +1.1320247e+01 +1.1320247e+01 +1.1820061e+01 
-5.3021101e+01 -5.3019966e+01 -5.3019563e+01 -2.4955856e+01 -2.4955429e+01 -2.4933561e+01 -2.4933561e+01 -2.4932947e+01 -2.4932947e+01 -2.4929843e+01 -2.4929435e+01 -2.4929435e+01 -3.2436587e+00 -1.4175969e+00 -1.4166641e+00 +3.8809284e+00 +3.9054140e+00 +1.1266820e+01 +1.1266820e+01 +1.1276707e+01 +1.1276707e+01 +1.1913190e+01 
-5.3021099e+01 -5.3019964e+01 -5.3019561e+01 -2.4955851e+01 -2.4955420e+01 -2.4933608e+01 -2.4933578e+01 -2.4932988e+01 -2.4932958e+01 -2.4929853e+01 -2.4929495e+01 -2.4929448e+01 -3.2404705e+00 -1.4145106e+00 -1.4135928e+00 +3.8838484e+00 +3.9080168e+00 +1.0939049e+01 +1.0969207e+01 +1.1485900e+01 +1.1493392e+01 +1.1660364e+01 
-5.3021093e+01 -5.3019958e+01 -5.3019556e+01 -2.4955834e+01 -2.4955395e+01 -2.4933748e+01 -2.4933633e+01 -2.4933106e+01 -2.4932994e+01 -2.4929881e+01 -2.4929676e+01 -2.4929488e+01 -3.2309084e+00 -1.4052525e+00 -1.4043798e+00 +3.8925611e+00 +3.9158018e+00 +1.0545088e+01 +1.0638678e+01 +1.1156514e+01 +1.1354513e+01 +1.1659044e+01 
-5.3021082e+01 -5.3019949e+01 -5.3019548e+01 -2.4955802e+01 -2.4955352e+01 -2.4933975e+01 -2.4933738e+01 -2.4933288e+01 -2.4933061e+01 -2.4929972e+01 -2.4929929e+01 -2.4929552e+01 -3.2149791e+00 -1.3898271e+00 -1.3890281e+00 +3.9069176e+00 +3.9286997e+00 +1.0135686e+01 +1.0291309e+01 +1.0700832e+01 +1.1053922e+01 +1.1717360e+01 
-5.3021067e+01 -5.3019936e+01 -5.3019536e+01 -2.4955754e+01 -2.4955289e+01 -2.4934285e+01 -2.4933931e+01 -2.4933496e+01 -2.4933163e+01 -2.4930375e+01 -2.4929996e+01 -2.4929640e+01 -3.1926905e+00 -1.3682457e+00 -1.3675453e+00 +3.9266608e+00 +3.9466015e+00 +9.7352513e+00 +9.9324342e+00 +1.0265455e+01 +1.0747128e+01 +1.1754222e+01 
-5.3021047e+01 -5.3019919e+01 -5.3019520e+01 -2.4955688e+01 -2.4955209e+01 -2.4934675e+01 -2.4934253e+01 -2.4933684e+01 -2.4933311e+01 -2.4930871e+01 -2.4930083e+01 -2.4929750e+01 -3.1640490e+00 -1.3405284e+00 -1.3399433e+00 +3.9514485e+00 +3.9693733e+00 +9.3521837e+00 +9.5672245e+00 +9.8692803e+00 +1.0440742e+01 +1.1780277e+01 
-5.3021023e+01 -5.3019899e+01 -5.3019500e+01 -2.4955606e+01 -2.4955112e+01 -2.4935141e+01 -2.4934696e+01 -2.4933856e+01 -2.4933520e+01 -2.4931436e+01 -2.4930192e+01 -2.4929881e+01 -3.1290589e+00 -1.3067035e+00 -1.3062376e+00 +3.9809142e+00 +3.9968817e+00 +8.9872450e+00 +9.2041372e+00 +9.5076230e+00 +1.0136650e+01 +1.1799699e+01 
-5.3020994e+01 -5.3019875e+01 -5.3019477e+01 -2.4955510e+01 -2.4955001e+01 -2.4935675e+01 -2.4935231e+01 -2.4934035e+01 -2.4933822e+01 -2.4932032e+01 -2.4930325e+01 -2.4930032e+01 -3.0877242e+00 -1.2668040e+00 -1.2664470e+00 +4.0147527e+00 +4.0290275e+00 +8.6385653e+00 +8.8504829e+00 +9.1696803e+00 +9.8365220e+00 +1.1808236e+01 
-5.3020960e+01 -5.3019849e+01 -5.3019451e+01 -2.4955403e+01 -2.4954881e+01 -2.4936271e+01 -2.4935837e+01 -2.4934267e+01 -2.4934232e+01 -2.4932598e+01 -2.4930485e+01 -2.4930199e+01 -3.0400527e+00 -1.2208619e+00 -1.2205916e+00 +4.0527968e+00 +4.0657771e+00 +8.3038867e+00 +8.5092399e+00 +8.8478522e+00 +9.5419671e+00 +1.1673321e+01 
-5.3020921e+01 -5.3019819e+01 -5.3019422e+01 -2.4955289e+01 -2.4954756e+01 -2.4936921e+01 -2.4936499e+01 -2.4934898e+01 -2.4934451e+01 -2.4933082e+01 -2.4930676e+01 -2.4930379e+01 -2.9860590e+00 -1.1689020e+00 -1.1686920e+00 +4.0950403e+00 +4.1071740e+00 +7.9813324e+00 +8.1806632e+00 +8.5381604e+00 +9.2543777e+00 +1.1327343e+01 
-5.3020878e+01 -5.3019787e+01 -5.3019391e+01 -2.4955174e+01 -2.4954634e+01 -2.4937614e+01 -2.4937202e+01 -2.4935704e+01 -2.4934694e+01 -2.4933487e+01 -2.4930901e+01 -2.4930568e+01 -2.9257653e+00 -1.1109371e+00 -1.1107661e+00 +4.1415825e+00 +4.1533126e+00 +7.6695444e+00 +7.8641599e+00 +8.2386263e+00 +8.9748270e+00 +1.0959396e+01 
-5.3020830e+01 -5.3019752e+01 -5.3019359e+01 -2.4955061e+01 -2.4954522e+01 -2.4938337e+01 -2.4937934e+01 -2.4936633e+01 -2.4934964e+01 -2.4933850e+01 -2.4931161e+01 -2.4930767e+01 -2.8592013e+00 -1.0469676e+00 -1.0468280e+00 +4.1925059e+00 +4.2042764e+00 +7.3676146e+00 +7.5590702e+00 +7.9482447e+00 +8.7040516e+00 +1.0597217e+01 
-5.3020779e+01 -5.3019715e+01 -5.3019325e+01 -2.4954958e+01 -2.4954428e+01 -2.4939079e+01 -2.4938679e+01 -2.4937639e+01 -2.4935258e+01 -2.4934204e+01 -2.4931454e+01 -2.4930978e+01 -2.7864019e+00 -9.7698487e-01 -9.7688749e-01 +4.2477305e+00 +4.2600545e+00 +7.0749825e+00 +7.2648514e+00 +7.6665491e+00 +8.4424872e+00 +1.0250066e+01 
-5.3020726e+01 -5.3019676e+01 -5.3019290e+01 -2.4954873e+01 -2.4954361e+01 -2.4939834e+01 -2.4939424e+01 -2.4938679e+01 -2.4935579e+01 -2.4934564e+01 -2.4931778e+01 -2.4931201e+01 -2.7074054e+00 -9.0097811e-01 -9.0095051e-01 +4.3068791e+00 +4.3204597e+00 +6.7913428e+00 +6.9810827e+00 +7.3934732e+00 +8.1903277e+00 +9.9201727e+00 
-5.3020669e+01 -5.3019635e+01 -5.3019254e+01 -2.4954815e+01 -2.4954329e+01 -2.4940620e+01 -2.4940152e+01 -2.4939700e+01 -2.4935923e+01 -2.4934940e+01 -2.4932132e+01 -2.4931437e+01 -2.6222511e+00 -8.1901991e-01 -8.1894126e-01 +4.3691582e+00 +4.3850520e+00 +6.5165652e+00 +6.7074506e+00 +7.1293475e+00 +7.9475898e+00 +9.6070339e+00 
-5.3020611e+01 -5.3019593e+01 -5.3019218e+01 -2.4954793e+01 -2.4954342e+01 -2.4941499e+01 -2.4940846e+01 -2.4940602e+01 -2.4936291e+01 -2.4935335e+01 -2.4932515e+01 -2.4931688e+01 -2.5309785e+00 -7.3109727e-01 -7.3087879e-01 +4.4332159e+00 +4.4530477e+00 +6.2506381e+00 +6.4437574e+00 +6.8749836e+00 +7.7142004e+00 +9.3091638e+00 
-5.3020551e+01 -5.3019549e+01 -5.3019181e+01 -2.4954816e+01 -2.4954407e+01 -2.4942511e+01 -2.4941490e+01 -2.4941313e+01 -2.4936679e+01 -2.4935751e+01 -2.4932926e+01 -2.4931953e+01 -2.4336257e+00 -6.3718587e-01 -6.3680862e-01 +4.4969016e+00 +4.5231679e+00 +5.9936778e+00 +6.1899535e+00 +6.6318819e+00 +7.4901387e+00 +9.0249007e+00 
-5.3020491e+01 -5.3019504e+01 -5.3019144e+01 -2.4954890e+01 -2.4954528e+01 -2.4943602e+01 -2.4942072e+01 -2.4941863e+01 -2.4937084e+01 -2.4936189e+01 -2.4933364e+01 -2.4932233e+01 -2.3302301e+00 -5.3729517e-01 -5.3676198e-01 +4.5567956e+00 +4.5933205e+00 +5.7460955e+00 +5.9461943e+00 +6.4026541e+00 +7.2756789e+00 +8.7527953e+00 
-5.3020429e+01 -5.3019459e+01 -5.3019107e+01 -2.4955018e+01 -2.4954705e+01 -2.4944714e+01 -2.4942583e+01 -2.4942286e+01 -2.4937502e+01 -2.4936648e+01 -2.4933828e+01 -2.4932527e+01 -2.2208289e+00 -4.3144574e-01 -4.3078092e-01 +4.6073218e+00 +4.6598193e+00 +5.5091847e+00 +5.7129178e+00 +6.1918268e+00 +7.0717716e+00 +8.4917604e+00 
-5.3020367e+01 -5.3019413e+01 -5.3019071e+01 -2.4955196e+01 -2.4954933e+01 -2.4945819e+01 -2.4943024e+01 -2.4942600e+01 -2.4937928e+01 -2.4937128e+01 -2.4934316e+01 -2.4932836e+01 -2.1054602e+00 -3.1967295e-01 -3.1891524e-01 +4.6393747e+00 +4.7149742e+00 +5.2872385e+00 +5.4908801e+00 +6.0071385e+00 +6.8805714e+00 +8.2410734e+00 
-5.3020304e+01 -5.3019367e+01 -5.3019036e+01 -2.4955418e+01 -2.4955205e+01 -2.4946901e+01 -2.4943401e+01 -2.4942815e+01 -2.4938353e+01 -2.4937627e+01 -2.4934826e+01 -2.4933160e+01 -1.9841642e+00 -2.0202826e-01 -2.0122064e-01 +4.6394105e+00 +4.7374850e+00 +5.0967140e+00 +5.2808760e+00 +5.8606562e+00 +6.7060694e+00 +8.0003147e+00 
-5.3020243e+01 -5.3019322e+01 -5.3019001e+01 -2.4955671e+01 -2.4955505e+01 -2.4947948e+01 -2.4943730e+01 -2.4942944e+01 -2.4938768e+01 -2.4938143e+01 -2.4935355e+01 -2.4933497e+01 -1.8569842e+00 -7.8578988e-02 -7.7759177e-02 +4.5928593e+00 +4.6718186e+00 +4.9863465e+00 +5.0825880e+00 +5.7664228e+00 +6.5546696e+00 +7.7693227e+00 
-5.3020182e+01 -5.3019278e+01 -5.3018968e+01 -2.4955945e+01 -2.4955820e+01 -2.4948951e+01 -2.4944031e+01 -2.4943002e+01 -2.4939161e+01 -2.4938670e+01 -2.4935900e+01 -2.4933847e+01 -1.7239668e+00 +5.0592020e-02 +5.1398102e-02 +4.4948868e+00 +4.5106615e+00 +4.8929729e+00 +4.9546140e+00 +5.7311910e+00 +6.4351996e+00 +7.5482289e+00 
-5.3020123e+01 -5.3019234e+01 -5.3018937e+01 -2.4956224e+01 -2.4956134e+01 -2.4949900e+01 -2.4944329e+01 -2.4943008e+01 -2.4939520e+01 -2.4939202e+01 -2.4936456e+01 -2.4934211e+01 -1.5851622e+00 +1.8538483e-01 +1.8616718e-01 +4.3185911e+00 +4.3564073e+00 +4.7072454e+00 +4.9275769e+00 +5.7472308e+00 +6.3572471e+00 +7.3376369e+00 
-5.3020065e+01 -5.3019192e+01 -5.3018907e+01 -2.4956497e+01 -2.4956433e+01 -2.4950786e+01 -2.4944648e+01 -2.4942986e+01 -2.4939836e+01 -2.4939726e+01 -2.4937015e+01 -2.4934585e+01 -1.4406233e+00 +3.2567816e-01 +3.2644621e-01 +4.1215553e+00 +4.1942154e+00 +4.5223831e+00 +4.8732567e+00 +5.7982696e+00 +6.3271537e+00 +7.1390740e+00 
-5.3020010e+01 -5.3019152e+01 -5.3018880e+01 -2.4956752e+01 -2.4956704e+01 -2.4951601e+01 -2.4945011e+01 -2.4942969e+01 -2.4940219e+01 -2.4940109e+01 -2.4937564e+01 -2.4934970e+01 -1.2904065e+00 +4.7132145e-01 +4.7210929e-01 +3.9261972e+00 +4.0208965e+00 +4.3380761e+00 +4.7859843e+00 +5.8676074e+00 +6.3442564e+00 +6.9560546e+00 
-5.3019957e+01 -5.3019114e+01 -5.3018855e+01 -2.4956980e+01 -2.4956938e+01 -2.4952336e+01 -2.4945432e+01 -2.4943007e+01 -2.4940639e+01 -2.4940355e+01 -2.4938081e+01 -2.4935363e+01 -1.1345709e+00 +6.2212151e-01 +6.2299727e-01 +3.7346569e+00 +3.8436580e+00 +4.1552999e+00 +4.6708403e+00 +5.9381652e+00 +6.4016387e+00 +6.7966345e+00 
-5.3019908e+01 -5.3019077e+01 -5.3018832e+01 -2.4957171e+01 -2.4957127e+01 -2.4952984e+01 -2.4945913e+01 -2.4943166e+01 -2.4940925e+01 -2.4940613e+01 -2.4938529e+01 -2.4935761e+01 -9.7317959e-01 +7.7782027e-01 +7.7890255e-01 +3.5477959e+00 +3.6663883e+00 +3.9752351e+00 +4.5362373e+00 +5.9862965e+00 +6.4903626e+00 +6.6785452e+00 
-5.3019862e+01 -5.3019042e+01 -5.3018812e+01 -2.4957318e+01 -2.4957266e+01 -2.4953538e+01 -2.4946452e+01 -2.4943490e+01 -2.4941039e+01 -2.4940936e+01 -2.4938864e+01 -2.4936161e+01 -8.0629983e-01 +9.3805572e-01 +9.3954249e-01 +3.3660245e+00 +3.4913011e+00 +3.7989431e+00 +4.3898978e+00 +5.9799601e+00 +6.5398867e+00 +6.6030636e+00 
-5.3019820e+01 -5.3019009e+01 -5.3018795e+01 -2.4957415e+01 -2.4957351e+01 -2.4953993e+01 -2.4947041e+01 -2.4943956e+01 -2.4941360e+01 -2.4941006e+01 -2.4939065e+01 -2.4936555e+01 -6.3400330e-01 +1.1022904e+00 +1.1045114e+00 +3.1895812e+00 +3.3198299e+00 +3.6273797e+00 +4.2377213e+00 +5.9066363e+00 +6.3487735e+00 +6.6577458e+00 
-5.3019782e+01 -5.3018978e+01 -5.3018781e+01 -2.4957456e+01 -2.4957379e+01 -2.4954344e+01 -2.4947669e+01 -2.4944512e+01 -2.4941877e+01 -2.4940879e+01 -2.4939159e+01 -2.4936933e+01 -4.5636485e-01 +1.2696721e+00 +1.2731898e+00 +3.0186797e+00 +3.1531006e+00 +3.4615205e+00 +4.0840375e+00 +5.7897533e+00 +6.1649491e+00 +6.7342817e+00 
-5.3019749e+01 -5.3018949e+01 -5.3018770e+01 -2.4957438e+01 -2.4957349e+01 -2.4954589e+01 -2.4948325e+01 -2.4945117e+01 -2.4942455e+01 -2.4940699e+01 -2.4939202e+01 -2.4937273e+01 -2.7345967e-01 +1.4387441e+00 +1.4445610e+00 +2.8536646e+00 +2.9922453e+00 +3.3025746e+00 +3.9321917e+00 +5.6542295e+00 +5.9884315e+00 +6.8245999e+00 
-5.3019720e+01 -5.3018922e+01 -5.3018762e+01 -2.4957362e+01 -2.4957261e+01 -2.4954726e+01 -2.4949001e+01 -2.4945745e+01 -2.4943065e+01 -2.4940490e+01 -2.4939262e+01 -2.4937542e+01 -8.5359782e-02 +1.6067879e+00 +1.6167939e+00 +2.6953109e+00 +2.8387537e+00 +3.1524082e+00 +3.7851317e+00 +5.5128675e+00 +5.8191258e+00 +6.8991682e+00 
-5.3019696e+01 -5.3018898e+01 -5.3018756e+01 -2.4957231e+01 -2.4957116e+01 -2.4954756e+01 -2.4949684e+01 -2.4946379e+01 -2.4943685e+01 -2.4940265e+01 -2.4939398e+01 -2.4937698e+01 +1.0786705e-01 +1.7682025e+00 +1.7860976e+00 +2.5456782e+00 +2.6951156e+00 +3.0145860e+00 +3.6460304e+00 +5.3714295e+00 +5.6569519e+00 +6.9301809e+00 
-5.3019676e+01 -5.3018876e+01 -5.3018754e+01 -2.4957053e+01 -2.4956919e+01 -2.4954679e+01 -2.4950363e+01 -2.4947004e+01 -2.4944299e+01 -2.4940033e+01 -2.4939640e+01 -2.4937728e+01 +3.0615016e-01 +1.9103504e+00 +1.9424372e+00 +2.4117253e+00 +2.5661006e+00 +2.8972762e+00 +3.5191659e+00 +5.2326579e+00 +5.5018459e+00 +6.9053029e+00 
-5.3019661e+01 -5.3018857e+01 -5.3018754e+01 -2.4956845e+01 -2.4956680e+01 -2.4954498e+01 -2.4951024e+01 -2.4947606e+01 -2.4944893e+01 -2.4939967e+01 -2.4939800e+01 -2.4937660e+01 +5.0938992e-01 +2.0054961e+00 +2.0473084e+00 +2.3260784e+00 +2.4593251e+00 +2.8207549e+00 +3.4114966e+00 +5.0980245e+00 +5.3537556e+00 +6.8374365e+00 
-5.3019650e+01 -5.3018840e+01 -5.3018758e+01 -2.4956630e+01 -2.4956411e+01 -2.4954214e+01 -2.4951649e+01 -2.4948167e+01 -2.4945450e+01 -2.4940343e+01 -2.4939568e+01 -2.4937532e+01 +7.1738699e-01 +2.0180943e+00 +2.0188334e+00 +2.3592257e+00 +2.3732038e+00 +2.8221490e+00 +3.3354471e+00 +4.9684805e+00 +5.2126323e+00 +6.7462369e+00 
-5.3019643e+01 -5.3018824e+01 -5.3018764e+01 -2.4956444e+01 -2.4956131e+01 -2.4953833e+01 -2.4952211e+01 -2.4948668e+01 -2.4945952e+01 -2.4940747e+01 -2.4939341e+01 -2.4937374e+01 +9.2963520e-01 +1.9153902e+00 +1.9565539e+00 +2.2846787e+00 +2.4336957e+00 +2.9158803e+00 +3.3112701e+00 +4.8448330e+00 +5.0784185e+00 +6.6447673e+00 
-5.3019638e+01 -5.3018810e+01 -5.3018773e+01 -2.4956339e+01 -2.4955866e+01 -2.4953361e+01 -2.4952678e+01 -2.4949080e+01 -2.4946378e+01 -2.4941162e+01 -2.4939120e+01 -2.4937199e+01 +1.1445221e+00 +1.8021864e+00 +1.8612289e+00 +2.1851329e+00 +2.4663699e+00 +3.0696176e+00 +3.3589228e+00 +4.7280206e+00 +4.9510325e+00 +6.5400825e+00 
-5.3019636e+01 -5.3018796e+01 -5.3018784e+01 -2.4956370e+01 -2.4955643e+01 -2.4953019e+01 -2.4952808e+01 -2.4949368e+01 -2.4946696e+01 -2.4941580e+01 -2.4938907e+01 -2.4937019e+01 +1.3542087e+00 +1.7000885e+00 +1.7555633e+00 +2.0808000e+00 +2.4457249e+00 +3.2523910e+00 +3.4770815e+00 +4.6194905e+00 +4.8303603e+00 +6.4361345e+00 
-5.3019637e+01 -5.3018797e+01 -5.3018784e+01 -2.4956564e+01 -2.4955496e+01 -2.4953239e+01 -2.4952190e+01 -2.4949489e+01 -2.4946874e+01 -2.4941996e+01 -2.4938702e+01 -2.4936838e+01 +1.4837898e+00 +1.6486348e+00 +1.6864936e+00 +1.9766958e+00 +2.3898737e+00 +3.4472793e+00 +3.6450022e+00 +4.5220276e+00 +4.7162718e+00 +6.3355107e+00 
-5.3019637e+01 -5.3018797e+01 -5.3018784e+01 -2.4956564e+01 -2.4955496e+01 -2.4953239e+01 -2.4952190e+01 -2.4949489e+01 -2.4946874e+01 -2.4941996e+01 -2.4938702e+01 -2.4936838e+01 +1.4837898e+00 +1.6486348e+00 +1.6864936e+00 +1.9766958e+00 +2.3898737e+00 +3.4472793e+00 +3.6450022e+00 +4.5220276e+00 +4.7162718e+00 +6.3355107e+00 
-5.3019640e+01 -5.3018812e+01 -5.3018773e+01 -2.4956905e+01 -2.4955456e+01 -2.4953394e+01 -2.4951520e+01 -2.4949400e+01 -2.4946879e+01 -2.4942408e+01 -2.4938503e+01 -2.4936659e+01 +1.4253467e+00 +1.5431150e+00 +1.8689289e+00 +1.8744143e+00 +2.3183512e+00 +3.6430897e+00 +3.8453826e+00 +4.4414997e+00 +4.6077169e+00 +6.2393764e+00 
-5.3019647e+01 -5.3018829e+01 -5.3018765e+01 -2.4957341e+01 -2.4955539e+01 -2.4953553e+01 -2.4950822e+01 -2.4949079e+01 -2.4946690e+01 -2.4942809e+01 -2.4938313e+01 -2.4936486e+01 +1.3317538e+00 +1.4416785e+00 +1.7762058e+00 +2.0750635e+00 +2.2603181e+00 +3.8162339e+00 +4.0651961e+00 +4.3970237e+00 +4.5059375e+00 +6.1505791e+00 
-5.3019656e+01 -5.3018846e+01 -5.3018761e+01 -2.4957831e+01 -2.4955733e+01 -2.4953757e+01 -2.4950106e+01 -2.4948548e+01 -2.4946314e+01 -2.4943196e+01 -2.4938132e+01 -2.4936322e+01 +1.2379945e+00 +1.3451371e+00 +1.6827108e+00 +2.1118330e+00 +2.3779680e+00 +3.9221912e+00 +4.2982072e+00 +4.4115794e+00 +4.4302914e+00 +6.0711192e+00 
-5.3019667e+01 -5.3018865e+01 -5.3018758e+01 -2.4958345e+01 -2.4956011e+01 -2.4954017e+01 -2.4949375e+01 -2.4947859e+01 -2.4945778e+01 -2.4943566e+01 -2.4937958e+01 -2.4936167e+01 +1.1482897e+00 +1.2539029e+00 +1.5942673e+00 +2.0407887e+00 +2.6060958e+00 +3.9350595e+00 +4.3255482e+00 +4.5414097e+00 +4.5639218e+00 +6.0036705e+00 
-5.3019680e+01 -5.3018884e+01 -5.3018757e+01 -2.4958868e+01 -2.4956344e+01 -2.4954318e+01 -2.4948630e+01 -2.4947074e+01 -2.4945126e+01 -2.4943915e+01 -2.4937792e+01 -2.4936025e+01 +1.0636984e+00 +1.1681858e+00 +1.5110694e+00 +1.9631802e+00 +2.8406669e+00 +3.8955687e+00 +4.2506216e+00 +4.7520207e+00 +4.7923389e+00 +5.9527947e+00 
-5.3019693e+01 -5.3018903e+01 -5.3018758e+01 -2.4959387e+01 -2.4956708e+01 -2.4954643e+01 -2.4947877e+01 -2.4946238e+01 -2.4944461e+01 -2.4944176e+01 -2.4937632e+01 -2.4935895e+01 +9.8461190e-01 +1.0880981e+00 +1.4332516e+00 +1.8873532e+00 +3.0687022e+00 +3.8387558e+00 +4.1906681e+00 +4.9499420e+00 +5.0499618e+00 +5.9275338e+00 
-5.3019706e+01 -5.3018922e+01 -5.3018758e+01 -2.4959893e+01 -2.4957085e+01 -2.4954974e+01 -2.4947123e+01 -2.4945389e+01 -2.4944599e+01 -2.4943567e+01 -2.4937478e+01 -2.4935779e+01 +9.1121499e-01 +1.0137161e+00 +1.3609323e+00 +1.8150598e+00 +3.2794112e+00 +3.7779189e+00 +4.1538500e+00 +5.1262106e+00 +5.3131511e+00 +5.9456468e+00 
-5.3019720e+01 -5.3018940e+01 -5.3018760e+01 -2.4960380e+01 -2.4957462e+01 -2.4955300e+01 -2.4946381e+01 -2.4944886e+01 -2.4944552e+01 -2.4942772e+01 -2.4937331e+01 -2.4935678e+01 +8.4360961e-01 +9.4511593e-01 +1.2942276e+00 +1.7470401e+00 +3.4543844e+00 +3.7180083e+00 +4.1563100e+00 +5.2505378e+00 +5.5802323e+00 +6.0323059e+00 
-5.3019733e+01 -5.3018957e+01 -5.3018761e+01 -2.4960842e+01 -2.4957830e+01 -2.4955611e+01 -2.4945659e+01 -2.4945157e+01 -2.4943747e+01 -2.4941977e+01 -2.4937190e+01 -2.4935594e+01 +7.8185452e-01 +8.8238378e-01 +1.2332451e+00 +1.6838167e+00 +3.5686193e+00 +3.6611873e+00 +4.2201211e+00 +5.3110671e+00 +5.8463624e+00 +6.1973299e+00 
-5.3019746e+01 -5.3018973e+01 -5.3018763e+01 -2.4961273e+01 -2.4958180e+01 -2.4955900e+01 -2.4945408e+01 -2.4944969e+01 -2.4942990e+01 -2.4941205e+01 -2.4937058e+01 -2.4935530e+01 +7.2598112e-01 +8.2560648e-01 +1.1780687e+00 +1.6258790e+00 +3.6085754e+00 +3.6161644e+00 +4.3471482e+00 +5.3259158e+00 +6.0879933e+00 +6.3435121e+00 
-5.3019758e+01 -5.3018987e+01 -5.3018765e+01 -2.4961669e+01 -2.4958506e+01 -2.4956165e+01 -2.4945635e+01 -2.4944320e+01 -2.4942291e+01 -2.4940470e+01 -2.4936936e+01 -2.4935487e+01 +6.7600253e-01 +7.7485510e-01 +1.1287489e+00 +1.5736863e+00 +3.5608409e+00 +3.6208525e+00 +4.5080144e+00 +5.3179540e+00 +6.2302025e+00 +6.5166728e+00 
-5.3019769e+01 -5.3019000e+01 -5.3018767e+01 -2.4962026e+01 -2.4958804e+01 -2.4956402e+01 -2.4945839e+01 -2.4943722e+01 -2.4941660e+01 -2.4939783e+01 -2.4936826e+01 -2.4935468e+01 +6.3192070e-01 +7.3017296e-01 +1.0853036e+00 +1.5276134e+00 +3.5184190e+00 +3.6064316e+00 +4.6721125e+00 +5.3008877e+00 +6.3143051e+00 +6.7848949e+00 
-5.3019778e+01 -5.3019011e+01 -5.3018769e+01 -2.4962341e+01 -2.4959069e+01 -2.4956609e+01 -2.4946018e+01 -2.4943183e+01 -2.4941101e+01 -2.4939151e+01 -2.4936732e+01 -2.4935477e+01 +5.9373220e-01 +6.9157370e-01 +1.0477279e+00 +1.4879028e+00 +3.4815935e+00 +3.5853996e+00 +4.8199224e+00 +5.2816101e+00 +6.4160281e+00 +7.0779935e+00 
-5.3019786e+01 -5.3019020e+01 -5.3018771e+01 -2.4962611e+01 -2.4959299e+01 -2.4956786e+01 -2.4946171e+01 -2.4942713e+01 -2.4940619e+01 -2.4938580e+01 -2.4936655e+01 -2.4935516e+01 +5.6143191e-01 +6.5904609e-01 +1.0160046e+00 +1.4546497e+00 +3.4505289e+00 +3.5635541e+00 +4.9408113e+00 +5.2635633e+00 +6.5534862e+00 +7.3804019e+00 
-5.3019792e+01 -5.3019027e+01 -5.3018773e+01 -2.4962835e+01 -2.4959490e+01 -2.4956930e+01 -2.4946297e+01 -2.4942317e+01 -2.4940216e+01 -2.4938073e+01 -2.4936598e+01 -2.4935585e+01 +5.3501474e-01 +6.3255924e-01 +9.9011180e-01 +1.4278164e+00 +3.4252867e+00 +3.5437025e+00 +5.0315155e+00 +5.2484276e+00 +6.7286449e+00 +7.6863674e+00 
-5.3019796e+01 -5.3019033e+01 -5.3018774e+01 -2.4963010e+01 -2.4959640e+01 -2.4957042e+01 -2.4946396e+01 -2.4942002e+01 -2.4939897e+01 -2.4937633e+01 -2.4936560e+01 -2.4935686e+01 +5.1447580e-01 +6.1206519e-01 +9.7002378e-01 +1.4072647e+00 +3.4058395e+00 +3.5273060e+00 +5.0943912e+00 +5.2368797e+00 +6.9353071e+00 +7.9878088e+00 
-5.3019799e+01 -5.3019037e+01 -5.3018775e+01 -2.4963136e+01 -2.4959749e+01 -2.4957121e+01 -2.4946467e+01 -2.4941774e+01 -2.4939663e+01 -2.4937270e+01 -2.4936539e+01 -2.4935809e+01 +4.9981019e-01 +5.9750155e-01 +9.5571059e-01 +1.3927994e+00 +3.3920923e+00 +3.5151677e+00 +5.1343832e+00 +5.2289809e+00 +7.1597024e+00 +8.2470400e+00 
-5.3019801e+01 -5.3019039e+01 -5.3018776e+01 -2.4963212e+01 -2.4959815e+01 -2.4957168e+01 -2.4946510e+01 -2.4941635e+01 -2.4939520e+01 -2.4937007e+01 -2.4936529e+01 -2.4935930e+01 +4.9101324e-01 +5.8880057e-01 +9.4714033e-01 +1.3842211e+00 +3.3839181e+00 +3.5077342e+00 +5.1562673e+00 +5.2244626e+00 +7.3704844e+00 +8.2588810e+00 
-5.3019802e+01 -5.3019039e+01 -5.3018776e+01 -2.4963237e+01 -2.4959837e+01 -2.4957184e+01 -2.4946524e+01 -2.4941589e+01 -2.4939471e+01 -2.4936902e+01 -2.4936527e+01 -2.4935987e+01 +4.8808137e-01 +5.8590738e-01 +9.4428698e-01 +1.3813802e+00 +3.3812078e+00 +3.5052330e+00 +5.1632024e+00 +5.2230029e+00 +7.4750944e+00 +8.1709061e+00 
-5.3019802e+01 -5.3019040e+01 -5.3018776e+01 -2.4963203e+01 -2.4959910e+01 -2.4957129e+01 -2.4946552e+01 -2.4941576e+01 -2.4939459e+01 -2.4936899e+01 -2.4936669e+01 -2.4935857e+01 +4.9075821e-01 +5.8800173e-01 +9.0550207e-01 +1.4277602e+00 +3.3000411e+00 +3.5847823e+00 +4.9529642e+00 +5.4404356e+00 +7.4781511e+00 +8.1672593e+00 
-5.3019803e+01 -5.3019040e+01 -5.3018776e+01 -2.4963102e+01 -2.4960105e+01 -2.4956992e+01 -2.4946624e+01 -2.4941539e+01 -2.4939430e+01 -2.4936940e+01 -2.4936887e+01 -2.4935619e+01 +4.9847878e-01 +5.9328544e-01 +8.1995153e-01 +1.5373577e+00 +3.1795855e+00 +3.6960825e+00 +4.7310894e+00 +5.6880530e+00 +7.4872614e+00 +8.1514932e+00 
-5.3019804e+01 -5.3019040e+01 -5.3018777e+01 -2.4962937e+01 -2.4960370e+01 -2.4956831e+01 -2.4946713e+01 -2.4941477e+01 -2.4939408e+01 -2.4937243e+01 -2.4936857e+01 -2.4935372e+01 +5.0934545e-01 +5.9575579e-01 +7.2927569e-01 +1.6763040e+00 +3.0583985e+00 +3.7820408e+00 +4.5450750e+00 +5.9364087e+00 +7.5022420e+00 +8.1082050e+00 
-5.3019806e+01 -5.3019041e+01 -5.3018778e+01 -2.4962716e+01 -2.4960658e+01 -2.4956701e+01 -2.4946782e+01 -2.4941392e+01 -2.4939421e+01 -2.4937555e+01 -2.4936802e+01 -2.4935136e+01 +5.0818506e-01 +5.7712135e-01 +6.8043051e-01 +1.8309298e+00 +2.9407555e+00 +3.7914642e+00 +4.4440962e+00 +6.1822428e+00 +7.5227750e+00 +8.0183813e+00 
-5.3019815e+01 -5.3019053e+01 -5.3018778e+01 -2.4962503e+01 -2.4960429e+01 -2.4956645e+01 -2.4947244e+01 -2.4941363e+01 -2.4939197e+01 -2.4937490e+01 -2.4936696e+01 -2.4935118e+01 +3.7810906e-01 +3.8870180e-01 +8.2864713e-01 +2.0335489e+00 +3.1452956e+00 +3.5993219e+00 +4.2652550e+00 +6.3461291e+00 +7.5273100e+00 +8.1028044e+00 
-5.3019829e+01 -5.3019071e+01 -5.3018779e+01 -2.4962185e+01 -2.4960102e+01 -2.4956507e+01 -2.4947764e+01 -2.4941314e+01 -2.4938952e+01 -2.4937400e+01 -2.4936581e+01 -2.4935078e+01 +1.9726174e-01 +2.0176393e-01 +1.0362293e+00 +2.2460462e+00 +3.3523353e+00 +3.4137801e+00 +4.0953502e+00 +6.5081674e+00 +7.5350934e+00 +8.1830509e+00 
-5.3019847e+01 -5.3019095e+01 -5.3018782e+01 -2.4961763e+01 -2.4959680e+01 -2.4956286e+01 -2.4948328e+01 -2.4941242e+01 -2.4938696e+01 -2.4937287e+01 -2.4936460e+01 -2.4935017e+01 +1.5917229e-02 +1.8678941e-02 +1.2524846e+00 +2.4658242e+00 +3.2324913e+00 +3.5535549e+00 +3.9462868e+00 +6.6677114e+00 +7.5460490e+00 +8.2617712e+00 
-5.3019871e+01 -5.3019124e+01 -5.3018786e+01 -2.4961241e+01 -2.4959166e+01 -2.4955979e+01 -2.4948921e+01 -2.4941149e+01 -2.4938432e+01 -2.4937151e+01 -2.4936339e+01 -2.4934934e+01 -1.6173869e-01 -1.5965612e-01 +1.4724050e+00 +2.6910997e+00 +3.0584423e+00 +3.6578057e+00 +3.9083857e+00 +6.8241626e+00 +7.5602281e+00 +8.3400020e+00 
-5.3019899e+01 -5.3019158e+01 -5.3018793e+01 -2.4960627e+01 -2.4958564e+01 -2.4955587e+01 -2.4949530e+01 -2.4941034e+01 -2.4938165e+01 -2.4936996e+01 -2.4936218e+01 -2.4934833e+01 -3.3458617e-01 -3.3283558e-01 +1.6930222e+00 +2.8888252e+00 +2.9208560e+00 +3.5693305e+00 +4.0829054e+00 +6.9769112e+00 +7.5778841e+00 +8.4169643e+00 
-5.3019931e+01 -5.3019197e+01 -5.3018802e+01 -2.4959928e+01 -2.4957883e+01 -2.4955114e+01 -2.4950134e+01 -2.4940894e+01 -2.4937899e+01 -2.4936822e+01 -2.4936102e+01 -2.4934713e+01 -5.0215795e-01 -5.0063295e-01 +1.9099315e+00 +2.7281813e+00 +3.1393669e+00 +3.4644154e+00 +4.3084783e+00 +7.1253393e+00 +7.5995257e+00 +8.4901365e+00 
-5.3019966e+01 -5.3019239e+01 -5.3018813e+01 -2.4959156e+01 -2.4957132e+01 -2.4954576e+01 -2.4950705e+01 -2.4940730e+01 -2.4937635e+01 -2.4936633e+01 -2.4935989e+01 -2.4934575e+01 -6.6422083e-01 -6.6290219e-01 +2.1144010e+00 +2.5723023e+00 +3.2554150e+00 +3.4851358e+00 +4.5466690e+00 +7.2688509e+00 +7.6259208e+00 +8.5555499e+00 
-5.3020006e+01 -5.3019285e+01 -5.3018826e+01 -2.4958327e+01 -2.4956326e+01 -2.4954012e+01 -2.4951182e+01 -2.4940540e+01 -2.4937375e+01 -2.4936429e+01 -2.4935881e+01 -2.4934423e+01 -8.2064719e-01 -8.1954197e-01 +2.2877548e+00 +2.4225542e+00 +3.2273542e+00 +3.6954056e+00 +4.7920463e+00 +7.4068817e+00 +7.6580283e+00 +8.6085555e+00 
-5.3020048e+01 -5.3019333e+01 -5.3018842e+01 -2.4957474e+01 -2.4955496e+01 -2.4953510e+01 -2.4951430e+01 -2.4940323e+01 -2.4937120e+01 -2.4936213e+01 -2.4935778e+01 -2.4934256e+01 -9.7136357e-01 -9.7047823e-01 +2.2776624e+00 +2.3987021e+00 +3.2419828e+00 +3.9421439e+00 +5.0429920e+00 +7.5388542e+00 +7.6968651e+00 +8.6451230e+00 
-5.3020093e+01 -5.3019384e+01 -5.3018861e+01 -2.4956673e+01 -2.4954716e+01 -2.4953145e+01 -2.4951240e+01 -2.4940081e+01 -2.4936869e+01 -2.4935984e+01 -2.4935679e+01 -2.4934077e+01 -1.1163260e+00 -1.1156538e+00 +2.1396319e+00 +2.4215945e+00 +3.3493607e+00 +4.1992182e+00 +5.2987295e+00 +7.6640472e+00 +7.7433411e+00 +8.6631677e+00 
-5.3020141e+01 -5.3019437e+01 -5.3018881e+01 -2.4956125e+01 -2.4954063e+01 -2.4952644e+01 -2.4950631e+01 -2.4939813e+01 -2.4936623e+01 -2.4935744e+01 -2.4935583e+01 -2.4933889e+01 -1.2555056e+00 -1.2550217e+00 +2.0072655e+00 +2.3769182e+00 +3.5338935e+00 +4.4628800e+00 +5.5587536e+00 +7.7813315e+00 +7.7981170e+00 +8.6631874e+00 
-5.3020191e+01 -5.3019492e+01 -5.3018903e+01 -2.4956067e+01 -2.4953318e+01 -2.4951809e+01 -2.4949805e+01 -2.4939524e+01 -2.4936379e+01 -2.4935492e+01 -2.4935489e+01 -2.4933693e+01 -1.3888785e+00 -1.3885403e+00 +1.8807557e+00 +2.2979589e+00 +3.7630103e+00 +4.7319655e+00 +5.8226694e+00 +7.8615330e+00 +7.8887116e+00 +8.6479594e+00 
-5.3020242e+01 -5.3019547e+01 -5.3018928e+01 -2.4956392e+01 -2.4952350e+01 -2.4950796e+01 -2.4948875e+01 -2.4939214e+01 -2.4936139e+01 -2.4935394e+01 -2.4935230e+01 -2.4933490e+01 -1.5164187e+00 -1.5161704e+00 +1.7601643e+00 +2.2047263e+00 +4.0168740e+00 +5.0058489e+00 +6.0901311e+00 +7.9336250e+00 +7.9827250e+00 +8.6215336e+00 
-5.3020295e+01 -5.3019604e+01 -5.3018953e+01 -2.4956885e+01 -2.4951255e+01 -2.4949706e+01 -2.4947892e+01 -2.4938889e+01 -2.4935899e+01 -2.4935295e+01 -2.4934957e+01 -2.4933284e+01 -1.6380921e+00 -1.6378750e+00 +1.6455415e+00 +2.1065694e+00 +4.2861203e+00 +5.2840600e+00 +6.3608074e+00 +8.0142088e+00 +8.0582009e+00 +8.5878806e+00 
-5.3020349e+01 -5.3019662e+01 -5.3018980e+01 -2.4957445e+01 -2.4950098e+01 -2.4948580e+01 -2.4946881e+01 -2.4938551e+01 -2.4935657e+01 -2.4935190e+01 -2.4934674e+01 -2.4933074e+01 -1.7538526e+00 -1.7536216e+00 +1.5369263e+00 +2.0079139e+00 +4.5662970e+00 +5.5662115e+00 +6.6343511e+00 +8.1029889e+00 +8.1096327e+00 +8.5496646e+00 
-5.3020403e+01 -5.3019719e+01 -5.3019009e+01 -2.4958030e+01 -2.4948913e+01 -2.4947442e+01 -2.4945863e+01 -2.4938204e+01 -2.4935411e+01 -2.4935076e+01 -2.4934384e+01 -2.4932862e+01 -1.8636496e+00 -1.8633755e+00 +1.4343425e+00 +1.9110571e+00 +4.8551488e+00 +5.8519899e+00 +6.9103414e+00 +8.1347689e+00 +8.1996509e+00 +8.5080569e+00 
-5.3020457e+01 -5.3019776e+01 -5.3019038e+01 -2.4958619e+01 -2.4947724e+01 -2.4946315e+01 -2.4944850e+01 -2.4937852e+01 -2.4935156e+01 -2.4934947e+01 -2.4934089e+01 -2.4932648e+01 -1.9674348e+00 -1.9670957e+00 +1.3377982e+00 +1.8173400e+00 +5.1514484e+00 +6.1411019e+00 +7.1880971e+00 +8.1373915e+00 +8.3039139e+00 +8.4641424e+00 
-5.3020511e+01 -5.3019832e+01 -5.3019068e+01 -2.4959201e+01 -2.4946550e+01 -2.4945219e+01 -2.4943852e+01 -2.4937498e+01 -2.4934888e+01 -2.4934800e+01 -2.4933792e+01 -2.4932435e+01 -2.0651600e+00 -2.0647398e+00 +1.2472871e+00 +1.7276401e+00 +5.4544420e+00 +6.4330920e+00 +7.4658728e+00 +8.1261920e+00 +8.4155502e+00 +8.4205136e+00 
-5.3020563e+01 -5.3019887e+01 -5.3019097e+01 -2.4959768e+01 -2.4945408e+01 -2.4944178e+01 -2.4942872e+01 -2.4937148e+01 -2.4934636e+01 -2.4934594e+01 -2.4933496e+01 -2.4932222e+01 -2.1567772e+00 -2.1562673e+00 +1.1627908e+00 +1.6425767e+00 +5.7635241e+00 +6.7268937e+00 +7.7361926e+00 +8.1153268e+00 +8.3820645e+00 +8.5343900e+00 
-5.3020614e+01 -5.3019940e+01 -5.3019127e+01 -2.4960314e+01 -2.4944319e+01 -2.4943214e+01 -2.4941912e+01 -2.4936804e+01 -2.4934437e+01 -2.4934285e+01 -2.4933203e+01 -2.4932012e+01 -2.2422389e+00 -2.2416406e+00 +1.0842832e+00 +1.5625961e+00 +6.0779609e+00 +7.0197237e+00 +7.9454736e+00 +8.1592059e+00 +8.3602745e+00 +8.6603279e+00 
-5.3020663e+01 -5.3019991e+01 -5.3019156e+01 -2.4960834e+01 -2.4943302e+01 -2.4942345e+01 -2.4940972e+01 -2.4936471e+01 -2.4934206e+01 -2.4933949e+01 -2.4932918e+01 -2.4931808e+01 -2.3215011e+00 -2.3208251e+00 +1.0117338e+00 +1.4880093e+00 +6.3964963e+00 +7.3041008e+00 +7.9885365e+00 +8.2923073e+00 +8.4417588e+00 +8.7933355e+00 
-5.3020709e+01 -5.3020039e+01 -5.3019184e+01 -2.4961324e+01 -2.4942378e+01 -2.4941577e+01 -2.4940057e+01 -2.4936152e+01 -2.4933940e+01 -2.4933588e+01 -2.4932643e+01 -2.4931610e+01 -2.3945246e+00 -2.3937882e+00 +9.4511096e-01 +1.4190138e+00 +6.7164812e+00 +7.5597650e+00 +7.9810641e+00 +8.3452524e+00 +8.7090501e+00 +8.9334747e+00 
-5.3020753e+01 -5.3020084e+01 -5.3019211e+01 -2.4961779e+01 -2.4941566e+01 -2.4940906e+01 -2.4939177e+01 -2.4935851e+01 -2.4933636e+01 -2.4933206e+01 -2.4932380e+01 -2.4931423e+01 -2.4612783e+00 -2.4604992e+00 +8.8438408e-01 +1.3557140e+00 +7.0314110e+00 +7.7418251e+00 +7.9843670e+00 +8.4611419e+00 +9.0141919e+00 +9.0809086e+00 
-5.3020794e+01 -5.3020125e+01 -5.3019236e+01 -2.4962195e+01 -2.4940877e+01 -2.4940324e+01 -2.4938341e+01 -2.4935570e+01 -2.4933298e+01 -2.4932808e+01 -2.4932133e+01 -2.4931247e+01 -2.5217386e+00 -2.5209302e+00 +8.2952557e-01 +1.2981444e+00 +7.3232701e+00 +7.8148058e+00 +8.0328872e+00 +8.6863290e+00 +9.2359111e+00 +9.3342553e+00 
-5.3020832e+01 -5.3020163e+01 -5.3019259e+01 -2.4962570e+01 -2.4940313e+01 -2.4939824e+01 -2.4937559e+01 -2.4935313e+01 -2.4932937e+01 -2.4932404e+01 -2.4931904e+01 -2.4931085e+01 -2.5758886e+00 -2.5750569e+00 +7.8051156e-01 +1.2462984e+00 +7.5470603e+00 +7.8225967e+00 +8.1603665e+00 +8.9956474e+00 +9.3988795e+00 +9.6655044e+00 
-5.3020865e+01 -5.3020197e+01 -5.3019281e+01 -2.4962901e+01 -2.4939861e+01 -2.4939402e+01 -2.4936841e+01 -2.4935081e+01 -2.4932566e+01 -2.4932007e+01 -2.4931696e+01 -2.4930938e+01 -2.6237139e+00 -2.6228596e+00 +7.3732196e-01 +1.2001632e+00 +7.6601751e+00 +7.8120783e+00 +8.4012757e+00 +9.3561887e+00 +9.5703578e+00 +1.0005100e+01 
-5.3020895e+01 -5.3020226e+01 -5.3019300e+01 -2.4963188e+01 -2.4939502e+01 -2.4939056e+01 -2.4936195e+01 -2.4934876e+01 -2.4932202e+01 -2.4931629e+01 -2.4931511e+01 -2.4930809e+01 -2.6652005e+00 -2.6643226e+00 +6.9993942e-01 +1.1597547e+00 +7.6961105e+00 +7.7972459e+00 +8.7281601e+00 +9.7510716e+00 +9.7546571e+00 +1.0347977e+01 
-5.3020920e+01 -5.3020251e+01 -5.3019317e+01 -2.4963429e+01 -2.4939218e+01 -2.4938781e+01 -2.4935631e+01 -2.4934700e+01 -2.4931861e+01 -2.4931351e+01 -2.4931286e+01 -2.4930698e+01 -2.7003344e+00 -2.6994317e+00 +6.6834790e-01 +1.1251450e+00 +7.7008051e+00 +7.7816563e+00 +9.1015879e+00 +9.9419726e+00 +1.0189220e+01 +1.0683876e+01 
-5.3020940e+01 -5.3020271e+01 -5.3019331e+01 -2.4963625e+01 -2.4938997e+01 -2.4938569e+01 -2.4935157e+01 -2.4934554e+01 -2.4931559e+01 -2.4931217e+01 -2.4930991e+01 -2.4930607e+01 -2.7291022e+00 -2.7281734e+00 +6.4253165e-01 +1.0964701e+00 +7.6947213e+00 +7.7668555e+00 +9.5048522e+00 +1.0144277e+01 +1.0661875e+01 +1.0993266e+01 
-5.3020956e+01 -5.3020287e+01 -5.3019342e+01 -2.4963778e+01 -2.4938829e+01 -2.4938413e+01 -2.4934782e+01 -2.4934439e+01 -2.4931310e+01 -2.4931110e+01 -2.4930754e+01 -2.4930536e+01 -2.7514915e+00 -2.7505363e+00 +6.2247497e-01 +1.0739122e+00 +7.6858650e+00 +7.7540353e+00 +9.9287526e+00 +1.0359454e+01 +1.1153693e+01 +1.1260214e+01 
-5.3020967e+01 -5.3020298e+01 -5.3019350e+01 -2.4963887e+01 -2.4938710e+01 -2.4938306e+01 -2.4934510e+01 -2.4934357e+01 -2.4931125e+01 -2.4931034e+01 -2.4930582e+01 -2.4930485e+01 -2.7674919e+00 -2.7665126e+00 +6.0816280e-01 +1.0576577e+00 +7.6777969e+00 +7.7441575e+00 +1.0358704e+01 +1.0589003e+01 +1.1352106e+01 +1.1722974e+01 
-5.3020974e+01 -5.3020305e+01 -5.3019355e+01 -2.4963952e+01 -2.4938638e+01 -2.4938243e+01 -2.4934346e+01 -2.4934308e+01 -2.4931010e+01 -2.4930987e+01 -2.4930479e+01 -2.4930455e+01 -2.7770953e+00 -2.7760986e+00 +5.9958191e-01 +1.0478518e+00 +7.6723375e+00 +7.7379323e+00 +1.0763440e+01 +1.0832761e+01 +1.1327495e+01 +1.1414107e+01 
-5.3020976e+01 -5.3020307e+01 -5.3019356e+01 -2.4963974e+01 -2.4938614e+01 -2.4938222e+01 -2.4934291e+01 -2.4934291e+01 -2.4930971e+01 -2.4930971e+01 -2.4930444e+01 -2.4930444e+01 -2.7802970e+00 -2.7792939e+00 +5.9672279e-01 +1.0445752e+00 +7.6704196e+00 +7.7358058e+00 +1.1035132e+01 +1.1035132e+01 +1.1189274e+01 +1.1189274e+01 
-5.3019811e+01 -5.3019026e+01 -5.3018794e+01 -2.4962655e+01 -2.4960424e+01 -2.4957777e+01 -2.4944354e+01 -2.4941680e+01 -2.4940306e+01 -2.4939721e+01 -2.4936327e+01 -2.4934190e+01 +3.3367973e-01 +4.5717762e-01 +1.3373549e+00 +1.8095921e+00 +2.6959058e+00 +2.8238969e+00 +6.0354935e+00 +6.1964548e+00 +7.2937048e+00 +7.7748879e+00 
-5.3019811e+01 -5.3019026e+01 -5.3018794e+01 -2.4962629e+01 -2.4960503e+01 -2.4957701e+01 -2.4944482e+01 -2.4941558e+01 -2.4940383e+01 -2.4939624e+01 -2.4936343e+01 -2.4934205e+01 +3.3658932e-01 +4.6038761e-01 +1.2998711e+00 +1.8532050e+00 +2.6103805e+00 +2.9146299e+00 +5.8527858e+00 +6.3819132e+00 +7.2616977e+00 +7.7454082e+00 
-5.3019811e+01 -5.3019027e+01 -5.3018792e+01 -2.4962551e+01 -2.4960711e+01 -2.4957508e+01 -2.4944805e+01 -2.4941253e+01 -2.4940541e+01 -2.4939410e+01 -2.4936388e+01 -2.4934251e+01 +3.4531035e-01 +4.6996332e-01 +1.2130856e+00 +1.9583658e+00 +2.4871680e+00 +3.0532200e+00 +5.6119761e+00 +6.6308897e+00 +7.1738787e+00 +7.7095507e+00 
-5.3019810e+01 -5.3019028e+01 -5.3018790e+01 -2.4962430e+01 -2.4960979e+01 -2.4957259e+01 -2.4945219e+01 -2.4940868e+01 -2.4940712e+01 -2.4939145e+01 -2.4936454e+01 -2.4934328e+01 +3.5981635e-01 +4.8574142e-01 +1.1085816e+00 +2.0933909e+00 +2.3651625e+00 +3.2000770e+00 +5.3719349e+00 +6.8842297e+00 +7.0467736e+00 +7.6746604e+00 
-5.3019809e+01 -5.3019030e+01 -5.3018787e+01 -2.4962295e+01 -2.4961232e+01 -2.4957014e+01 -2.4945648e+01 -2.4940878e+01 -2.4940474e+01 -2.4938852e+01 -2.4936535e+01 -2.4934434e+01 +3.8005238e-01 +5.0743071e-01 +1.0002930e+00 +2.2338686e+00 +2.2582109e+00 +3.3503261e+00 +5.1373390e+00 +6.8942826e+00 +7.1372987e+00 +7.6404100e+00 
-5.3019808e+01 -5.3019032e+01 -5.3018784e+01 -2.4962228e+01 -2.4961361e+01 -2.4956812e+01 -2.4946046e+01 -2.4941032e+01 -2.4940111e+01 -2.4938541e+01 -2.4936618e+01 -2.4934570e+01 +4.0591313e-01 +5.3449951e-01 +8.9390822e-01 +2.1332808e+00 +2.4083157e+00 +3.4999262e+00 +4.9120494e+00 +6.7264943e+00 +7.3858271e+00 +7.6071279e+00 
-5.3019807e+01 -5.3019035e+01 -5.3018782e+01 -2.4962324e+01 -2.4961259e+01 -2.4956685e+01 -2.4946381e+01 -2.4941171e+01 -2.4939807e+01 -2.4938218e+01 -2.4936695e+01 -2.4934733e+01 +4.3716998e-01 +5.6559252e-01 +7.9298427e-01 +2.0263805e+00 +2.5788465e+00 +3.6410615e+00 +4.7037143e+00 +6.5493634e+00 +7.5757029e+00 +7.6243286e+00 
-5.3019807e+01 -5.3019038e+01 -5.3018780e+01 -2.4962516e+01 -2.4960993e+01 -2.4956647e+01 -2.4946629e+01 -2.4941291e+01 -2.4939575e+01 -2.4937887e+01 -2.4936758e+01 -2.4934923e+01 +4.7309698e-01 +5.9392452e-01 +7.0579455e-01 +1.9253999e+00 +2.7567146e+00 +3.7539267e+00 +4.5320286e+00 +6.3670194e+00 +7.5472358e+00 +7.8420187e+00 
-5.3019806e+01 -5.3019041e+01 -5.3018778e+01 -2.4962716e+01 -2.4960658e+01 -2.4956701e+01 -2.4946782e+01 -2.4941392e+01 -2.4939421e+01 -2.4937555e+01 -2.4936802e+01 -2.4935136e+01 +5.0818506e-01 +5.7712135e-01 +6.8043051e-01 +1.8309298e+00 +2.9407555e+00 +3.7914642e+00 +4.4440962e+00 +6.1822428e+00 +7.5227750e+00 +8.0183813e+00 
