# num high symmetry points
13
# label high symmetry points
G L B1 B Z G X Q F P1 Z L P 
# indices high symmetry points
1 35 55 56 94 106 146 147 166 170 203 204 212 
# nk, nb, ns
212 22 1
# k-points (frac coords)
+0.0000000e+00 +0.0000000e+00 +0.0000000e+00 
+1.4705882e-02 +0.0000000e+00 +0.0000000e+00 
+2.9411765e-02 +0.0000000e+00 +0.0000000e+00 
+4.4117647e-02 +0.0000000e+00 +0.0000000e+00 
+5.8823529e-02 +0.0000000e+00 +0.0000000e+00 
+7.3529412e-02 +0.0000000e+00 +0.0000000e+00 
+8.8235294e-02 +0.0000000e+00 +0.0000000e+00 
+1.0294118e-01 +0.0000000e+00 +0.0000000e+00 
+1.1764706e-01 +0.0000000e+00 +0.0000000e+00 
+1.3235294e-01 +0.0000000e+00 +0.0000000e+00 
+1.4705882e-01 +0.0000000e+00 +0.0000000e+00 
+1.6176471e-01 +0.0000000e+00 +0.0000000e+00 
+1.7647059e-01 +0.0000000e+00 +0.0000000e+00 
+1.9117647e-01 +0.0000000e+00 +0.0000000e+00 
+2.0588235e-01 +0.0000000e+00 +0.0000000e+00 
+2.2058824e-01 +0.0000000e+00 +0.0000000e+00 
+2.3529412e-01 +0.0000000e+00 +0.0000000e+00 
+2.5000000e-01 +0.0000000e+00 +0.0000000e+00 
+2.6470588e-01 +0.0000000e+00 +0.0000000e+00 
+2.7941176e-01 +0.0000000e+00 +0.0000000e+00 
+2.9411765e-01 +0.0000000e+00 +0.0000000e+00 
+3.0882353e-01 +0.0000000e+00 +0.0000000e+00 
+3.2352941e-01 +0.0000000e+00 +0.0000000e+00 
+3.3823529e-01 +0.0000000e+00 +0.0000000e+00 
+3.5294118e-01 +0.0000000e+00 +0.0000000e+00 
+3.6764706e-01 +0.0000000e+00 +0.0000000e+00 
+3.8235294e-01 +0.0000000e+00 +0.0000000e+00 
+3.9705882e-01 +0.0000000e+00 +0.0000000e+00 
+4.1176471e-01 +0.0000000e+00 +0.0000000e+00 
+4.2647059e-01 +0.0000000e+00 +0.0000000e+00 
+4.4117647e-01 +0.0000000e+00 +0.0000000e+00 
+4.5588235e-01 +0.0000000e+00 +0.0000000e+00 
+4.7058824e-01 +0.0000000e+00 +0.0000000e+00 
+4.8529412e-01 +0.0000000e+00 +0.0000000e+00 
+5.0000000e-01 +0.0000000e+00 +0.0000000e+00 
+5.0000000e-01 +8.7964010e-03 -8.7964010e-03 
+5.0000000e-01 +1.7592802e-02 -1.7592802e-02 
+5.0000000e-01 +2.6389203e-02 -2.6389203e-02 
+5.0000000e-01 +3.5185604e-02 -3.5185604e-02 
+5.0000000e-01 +4.3982005e-02 -4.3982005e-02 
+5.0000000e-01 +5.2778406e-02 -5.2778406e-02 
+5.0000000e-01 +6.1574807e-02 -6.1574807e-02 
+5.0000000e-01 +7.0371208e-02 -7.0371208e-02 
+5.0000000e-01 +7.9167609e-02 -7.9167609e-02 
+5.0000000e-01 +8.7964010e-02 -8.7964010e-02 
+5.0000000e-01 +9.6760411e-02 -9.6760411e-02 
+5.0000000e-01 +1.0555681e-01 -1.0555681e-01 
+5.0000000e-01 +1.1435321e-01 -1.1435321e-01 
+5.0000000e-01 +1.2314961e-01 -1.2314961e-01 
+5.0000000e-01 +1.3194601e-01 -1.3194601e-01 
+5.0000000e-01 +1.4074242e-01 -1.4074242e-01 
+5.0000000e-01 +1.4953882e-01 -1.4953882e-01 
+5.0000000e-01 +1.5833522e-01 -1.5833522e-01 
+5.0000000e-01 +1.6713162e-01 -1.6713162e-01 
+5.0000000e-01 +1.7592802e-01 -1.7592802e-01 
+8.2407198e-01 +5.0000000e-01 +1.7592802e-01 
+8.1554377e-01 +5.0000000e-01 +1.8445623e-01 
+8.0701556e-01 +5.0000000e-01 +1.9298444e-01 
+7.9848735e-01 +5.0000000e-01 +2.0151265e-01 
+7.8995914e-01 +5.0000000e-01 +2.1004086e-01 
+7.8143093e-01 +5.0000000e-01 +2.1856907e-01 
+7.7290272e-01 +5.0000000e-01 +2.2709728e-01 
+7.6437451e-01 +5.0000000e-01 +2.3562549e-01 
+7.5584630e-01 +5.0000000e-01 +2.4415370e-01 
+7.4731809e-01 +5.0000000e-01 +2.5268191e-01 
+7.3878988e-01 +5.0000000e-01 +2.6121012e-01 
+7.3026167e-01 +5.0000000e-01 +2.6973833e-01 
+7.2173346e-01 +5.0000000e-01 +2.7826654e-01 
+7.1320525e-01 +5.0000000e-01 +2.8679475e-01 
+7.0467704e-01 +5.0000000e-01 +2.9532296e-01 
+6.9614883e-01 +5.0000000e-01 +3.0385117e-01 
+6.8762062e-01 +5.0000000e-01 +3.1237938e-01 
+6.7909241e-01 +5.0000000e-01 +3.2090759e-01 
+6.7056420e-01 +5.0000000e-01 +3.2943580e-01 
+6.6203599e-01 +5.0000000e-01 +3.3796401e-01 
+6.5350778e-01 +5.0000000e-01 +3.4649222e-01 
+6.4497957e-01 +5.0000000e-01 +3.5502043e-01 
+6.3645136e-01 +5.0000000e-01 +3.6354864e-01 
+6.2792315e-01 +5.0000000e-01 +3.7207685e-01 
+6.1939494e-01 +5.0000000e-01 +3.8060506e-01 
+6.1086673e-01 +5.0000000e-01 +3.8913327e-01 
+6.0233852e-01 +5.0000000e-01 +3.9766148e-01 
+5.9381031e-01 +5.0000000e-01 +4.0618969e-01 
+5.8528210e-01 +5.0000000e-01 +4.1471790e-01 
+5.7675389e-01 +5.0000000e-01 +4.2324611e-01 
+5.6822568e-01 +5.0000000e-01 +4.3177432e-01 
+5.5969747e-01 +5.0000000e-01 +4.4030253e-01 
+5.5116926e-01 +5.0000000e-01 +4.4883074e-01 
+5.4264105e-01 +5.0000000e-01 +4.5735895e-01 
+5.3411284e-01 +5.0000000e-01 +4.6588716e-01 
+5.2558463e-01 +5.0000000e-01 +4.7441537e-01 
+5.1705642e-01 +5.0000000e-01 +4.8294358e-01 
+5.0852821e-01 +5.0000000e-01 +4.9147179e-01 
+5.0000000e-01 +5.0000000e-01 +5.0000000e-01 
+4.5833333e-01 +4.5833333e-01 +4.5833333e-01 
+4.1666667e-01 +4.1666667e-01 +4.1666667e-01 
+3.7500000e-01 +3.7500000e-01 +3.7500000e-01 
+3.3333333e-01 +3.3333333e-01 +3.3333333e-01 
+2.9166667e-01 +2.9166667e-01 +2.9166667e-01 
+2.5000000e-01 +2.5000000e-01 +2.5000000e-01 
+2.0833333e-01 +2.0833333e-01 +2.0833333e-01 
+1.6666667e-01 +1.6666667e-01 +1.6666667e-01 
+1.2500000e-01 +1.2500000e-01 +1.2500000e-01 
+8.3333333e-02 +8.3333333e-02 +8.3333333e-02 
+4.1666667e-02 +4.1666667e-02 +4.1666667e-02 
+0.0000000e+00 +0.0000000e+00 +0.0000000e+00 
+8.4491002e-03 +0.0000000e+00 -8.4491002e-03 
+1.6898200e-02 +0.0000000e+00 -1.6898200e-02 
+2.5347301e-02 +0.0000000e+00 -2.5347301e-02 
+3.3796401e-02 +0.0000000e+00 -3.3796401e-02 
+4.2245501e-02 +0.0000000e+00 -4.2245501e-02 
+5.0694601e-02 +0.0000000e+00 -5.0694601e-02 
+5.9143702e-02 +0.0000000e+00 -5.9143702e-02 
+6.7592802e-02 +0.0000000e+00 -6.7592802e-02 
+7.6041902e-02 +0.0000000e+00 -7.6041902e-02 
+8.4491002e-02 +0.0000000e+00 -8.4491002e-02 
+9.2940103e-02 +0.0000000e+00 -9.2940103e-02 
+1.0138920e-01 +0.0000000e+00 -1.0138920e-01 
+1.0983830e-01 +0.0000000e+00 -1.0983830e-01 
+1.1828740e-01 +0.0000000e+00 -1.1828740e-01 
+1.2673650e-01 +0.0000000e+00 -1.2673650e-01 
+1.3518560e-01 +0.0000000e+00 -1.3518560e-01 
+1.4363470e-01 +0.0000000e+00 -1.4363470e-01 
+1.5208380e-01 +0.0000000e+00 -1.5208380e-01 
+1.6053290e-01 +0.0000000e+00 -1.6053290e-01 
+1.6898200e-01 +0.0000000e+00 -1.6898200e-01 
+1.7743111e-01 +0.0000000e+00 -1.7743111e-01 
+1.8588021e-01 +0.0000000e+00 -1.8588021e-01 
+1.9432931e-01 +0.0000000e+00 -1.9432931e-01 
+2.0277841e-01 +0.0000000e+00 -2.0277841e-01 
+2.1122751e-01 +0.0000000e+00 -2.1122751e-01 
+2.1967661e-01 +0.0000000e+00 -2.1967661e-01 
+2.2812571e-01 +0.0000000e+00 -2.2812571e-01 
+2.3657481e-01 +0.0000000e+00 -2.3657481e-01 
+2.4502391e-01 +0.0000000e+00 -2.4502391e-01 
+2.5347301e-01 +0.0000000e+00 -2.5347301e-01 
+2.6192211e-01 +0.0000000e+00 -2.6192211e-01 
+2.7037121e-01 +0.0000000e+00 -2.7037121e-01 
+2.7882031e-01 +0.0000000e+00 -2.7882031e-01 
+2.8726941e-01 +0.0000000e+00 -2.8726941e-01 
+2.9571851e-01 +0.0000000e+00 -2.9571851e-01 
+3.0416761e-01 +0.0000000e+00 -3.0416761e-01 
+3.1261671e-01 +0.0000000e+00 -3.1261671e-01 
+3.2106581e-01 +0.0000000e+00 -3.2106581e-01 
+3.2951491e-01 +0.0000000e+00 -3.2951491e-01 
+3.3796401e-01 +0.0000000e+00 -3.3796401e-01 
+6.6203599e-01 +3.3796401e-01 +0.0000000e+00 
+6.5350778e-01 +3.4649222e-01 +0.0000000e+00 
+6.4497957e-01 +3.5502043e-01 +0.0000000e+00 
+6.3645136e-01 +3.6354864e-01 +0.0000000e+00 
+6.2792315e-01 +3.7207685e-01 +0.0000000e+00 
+6.1939494e-01 +3.8060506e-01 +0.0000000e+00 
+6.1086673e-01 +3.8913327e-01 +0.0000000e+00 
+6.0233852e-01 +3.9766148e-01 +0.0000000e+00 
+5.9381031e-01 +4.0618969e-01 +0.0000000e+00 
+5.8528210e-01 +4.1471790e-01 +0.0000000e+00 
+5.7675389e-01 +4.2324611e-01 +0.0000000e+00 
+5.6822568e-01 +4.3177432e-01 +0.0000000e+00 
+5.5969747e-01 +4.4030253e-01 +0.0000000e+00 
+5.5116926e-01 +4.4883074e-01 +0.0000000e+00 
+5.4264105e-01 +4.5735895e-01 +0.0000000e+00 
+5.3411284e-01 +4.6588716e-01 +0.0000000e+00 
+5.2558463e-01 +4.7441537e-01 +0.0000000e+00 
+5.1705642e-01 +4.8294358e-01 +0.0000000e+00 
+5.0852821e-01 +4.9147179e-01 +0.0000000e+00 
+5.0000000e-01 +5.0000000e-01 +0.0000000e+00 
+5.4050900e-01 +5.4050900e-01 +4.3982005e-02 
+5.8101800e-01 +5.8101800e-01 +8.7964010e-02 
+6.2152699e-01 +6.2152699e-01 +1.3194601e-01 
+6.6203599e-01 +6.6203599e-01 +1.7592802e-01 
+6.5712581e-01 +6.5712581e-01 +1.8574838e-01 
+6.5221563e-01 +6.5221563e-01 +1.9556875e-01 
+6.4730545e-01 +6.4730545e-01 +2.0538911e-01 
+6.4239526e-01 +6.4239526e-01 +2.1520947e-01 
+6.3748508e-01 +6.3748508e-01 +2.2502983e-01 
+6.3257490e-01 +6.3257490e-01 +2.3485020e-01 
+6.2766472e-01 +6.2766472e-01 +2.4467056e-01 
+6.2275454e-01 +6.2275454e-01 +2.5449092e-01 
+6.1784436e-01 +6.1784436e-01 +2.6431129e-01 
+6.1293418e-01 +6.1293418e-01 +2.7413165e-01 
+6.0802399e-01 +6.0802399e-01 +2.8395201e-01 
+6.0311381e-01 +6.0311381e-01 +2.9377238e-01 
+5.9820363e-01 +5.9820363e-01 +3.0359274e-01 
+5.9329345e-01 +5.9329345e-01 +3.1341310e-01 
+5.8838327e-01 +5.8838327e-01 +3.2323347e-01 
+5.8347309e-01 +5.8347309e-01 +3.3305383e-01 
+5.7856290e-01 +5.7856290e-01 +3.4287419e-01 
+5.7365272e-01 +5.7365272e-01 +3.5269455e-01 
+5.6874254e-01 +5.6874254e-01 +3.6251492e-01 
+5.6383236e-01 +5.6383236e-01 +3.7233528e-01 
+5.5892218e-01 +5.5892218e-01 +3.8215564e-01 
+5.5401200e-01 +5.5401200e-01 +3.9197601e-01 
+5.4910182e-01 +5.4910182e-01 +4.0179637e-01 
+5.4419163e-01 +5.4419163e-01 +4.1161673e-01 
+5.3928145e-01 +5.3928145e-01 +4.2143710e-01 
+5.3437127e-01 +5.3437127e-01 +4.3125746e-01 
+5.2946109e-01 +5.2946109e-01 +4.4107782e-01 
+5.2455091e-01 +5.2455091e-01 +4.5089818e-01 
+5.1964073e-01 +5.1964073e-01 +4.6071855e-01 
+5.1473054e-01 +5.1473054e-01 +4.7053891e-01 
+5.0982036e-01 +5.0982036e-01 +4.8035927e-01 
+5.0491018e-01 +5.0491018e-01 +4.9017964e-01 
+5.0000000e-01 +5.0000000e-01 +5.0000000e-01 
+5.0000000e-01 +0.0000000e+00 +0.0000000e+00 
+5.4050900e-01 +4.2245501e-02 +4.2245501e-02 
+5.8101800e-01 +8.4491002e-02 +8.4491002e-02 
+6.2152699e-01 +1.2673650e-01 +1.2673650e-01 
+6.6203599e-01 +1.6898200e-01 +1.6898200e-01 
+7.0254499e-01 +2.1122751e-01 +2.1122751e-01 
+7.4305399e-01 +2.5347301e-01 +2.5347301e-01 
+7.8356298e-01 +2.9571851e-01 +2.9571851e-01 
+8.2407198e-01 +3.3796401e-01 +3.3796401e-01 
# energies (kpt,band,spin)
# spin = 1
-5.2474932e+01 -5.2473682e+01 -5.2473383e+01 -2.4992292e+01 -2.4992035e+01 -2.4966354e+01 -2.4966354e+01 -2.4965957e+01 -2.4965957e+01 -2.4965573e+01 -2.4962316e+01 -2.4962316e+01 -3.2405332e+00 -1.4198941e+00 -1.4191870e+00 +3.8482465e+00 +3.8637593e+00 +1.1029038e+01 +1.1029038e+01 +1.1122833e+01 +1.1122833e+01 +1.1622217e+01 
-5.2474930e+01 -5.2473680e+01 -5.2473381e+01 -2.4992357e+01 -2.4991951e+01 -2.4966413e+01 -2.4966371e+01 -2.4965993e+01 -2.4965971e+01 -2.4965583e+01 -2.4962379e+01 -2.4962329e+01 -3.2372608e+00 -1.4339099e+00 -1.3988631e+00 +3.8244545e+00 +3.8937001e+00 +1.0726858e+01 +1.0816384e+01 +1.1263564e+01 +1.1335208e+01 +1.1381770e+01 
-5.2474923e+01 -5.2473674e+01 -5.2473375e+01 -2.4992463e+01 -2.4991788e+01 -2.4966586e+01 -2.4966421e+01 -2.4966105e+01 -2.4966011e+01 -2.4965615e+01 -2.4962567e+01 -2.4962368e+01 -3.2274483e+00 -1.4419680e+00 -1.3718867e+00 +3.8003479e+00 +3.9361934e+00 +1.0311705e+01 +1.0582862e+01 +1.0962020e+01 +1.1173519e+01 +1.1270762e+01 
-5.2474910e+01 -5.2473664e+01 -5.2473364e+01 -2.4992557e+01 -2.4991597e+01 -2.4966868e+01 -2.4966505e+01 -2.4966300e+01 -2.4966079e+01 -2.4965667e+01 -2.4962875e+01 -2.4962431e+01 -3.2111079e+00 -1.4437266e+00 -1.3386161e+00 +3.7820140e+00 +3.9849737e+00 +9.8815731e+00 +1.0365775e+01 +1.0515590e+01 +1.0938564e+01 +1.1140863e+01 
-5.2474891e+01 -5.2473650e+01 -5.2473347e+01 -2.4992628e+01 -2.4991389e+01 -2.4967253e+01 -2.4966620e+01 -2.4966580e+01 -2.4966175e+01 -2.4965742e+01 -2.4963298e+01 -2.4962518e+01 -3.1882563e+00 -1.4391917e+00 -1.2990708e+00 +3.7695713e+00 +4.0396302e+00 +9.4607138e+00 +1.0074234e+01 +1.0163382e+01 +1.0714893e+01 +1.0940228e+01 
-5.2474867e+01 -5.2473632e+01 -5.2473326e+01 -2.4992671e+01 -2.4991169e+01 -2.4967738e+01 -2.4966948e+01 -2.4966766e+01 -2.4966299e+01 -2.4965842e+01 -2.4963826e+01 -2.4962626e+01 -3.1589114e+00 -1.4283690e+00 -1.2532757e+00 +3.7629395e+00 +4.0998443e+00 +9.0554535e+00 +9.6537053e+00 +9.9733847e+00 +1.0502949e+01 +1.0701234e+01 
-5.2474836e+01 -5.2473610e+01 -5.2473299e+01 -2.4992687e+01 -2.4990942e+01 -2.4968318e+01 -2.4967399e+01 -2.4966941e+01 -2.4966451e+01 -2.4965975e+01 -2.4964443e+01 -2.4962753e+01 -3.1230907e+00 -1.4112630e+00 -1.2012583e+00 +3.7619798e+00 +4.1652681e+00 +8.6654432e+00 +9.2559836e+00 +9.7938424e+00 +1.0301591e+01 +1.0440214e+01 
-5.2474799e+01 -5.2473584e+01 -5.2473267e+01 -2.4992675e+01 -2.4990712e+01 -2.4968988e+01 -2.4967927e+01 -2.4967143e+01 -2.4966631e+01 -2.4966171e+01 -2.4965113e+01 -2.4962896e+01 -3.0808117e+00 -1.3878768e+00 -1.1430464e+00 +3.7665150e+00 +4.2355441e+00 +8.2884729e+00 +8.8781020e+00 +9.6233266e+00 +1.0109700e+01 +1.0165131e+01 
-5.2474756e+01 -5.2473554e+01 -5.2473232e+01 -2.4992637e+01 -2.4990484e+01 -2.4969744e+01 -2.4968523e+01 -2.4967370e+01 -2.4966839e+01 -2.4966538e+01 -2.4965716e+01 -2.4963055e+01 -3.0320939e+00 -1.3582130e+00 -1.0786640e+00 +3.7763334e+00 +4.3103509e+00 +7.9223656e+00 +8.5165830e+00 +9.4609051e+00 +9.8802318e+00 +9.9263844e+00 
-5.2474708e+01 -5.2473521e+01 -5.2473194e+01 -2.4992574e+01 -2.4990265e+01 -2.4970579e+01 -2.4969178e+01 -2.4967621e+01 -2.4967228e+01 -2.4967073e+01 -2.4966093e+01 -2.4963225e+01 -2.9769597e+00 -1.3222775e+00 -1.0081297e+00 +3.7911898e+00 +4.3894335e+00 +7.5655564e+00 +8.1688851e+00 +9.3060630e+00 +9.5885689e+00 +9.7509822e+00 
-5.2474654e+01 -5.2473484e+01 -5.2473153e+01 -2.4992489e+01 -2.4990063e+01 -2.4971489e+01 -2.4969880e+01 -2.4968130e+01 -2.4967894e+01 -2.4967331e+01 -2.4966342e+01 -2.4963405e+01 -2.9154354e+00 -1.2800812e+00 -9.3145605e-01 +3.8107984e+00 +4.4725825e+00 +7.2171397e+00 +7.8334537e+00 +9.1585998e+00 +9.2928774e+00 +9.5830435e+00 
-5.2474596e+01 -5.2473445e+01 -5.2473111e+01 -2.4992386e+01 -2.4989884e+01 -2.4972464e+01 -2.4970616e+01 -2.4969132e+01 -2.4968185e+01 -2.4967611e+01 -2.4966565e+01 -2.4963593e+01 -2.8475495e+00 -1.2316411e+00 -8.4865293e-01 +3.8348182e+00 +4.5595422e+00 +6.8767712e+00 +7.5093803e+00 +8.9954424e+00 +9.0185256e+00 +9.4223109e+00 
-5.2474534e+01 -5.2473403e+01 -5.2473067e+01 -2.4992270e+01 -2.4989739e+01 -2.4973496e+01 -2.4971376e+01 -2.4970191e+01 -2.4968491e+01 -2.4967910e+01 -2.4966790e+01 -2.4963787e+01 -2.7733317e+00 -1.1769775e+00 -7.5973260e-01 +3.8628178e+00 +4.6498349e+00 +6.5446199e+00 +7.1961241e+00 +8.6977572e+00 +8.8859709e+00 +9.2687088e+00 
-5.2474467e+01 -5.2473360e+01 -5.2473023e+01 -2.4992147e+01 -2.4989636e+01 -2.4974574e+01 -2.4972157e+01 -2.4971274e+01 -2.4968811e+01 -2.4968225e+01 -2.4967023e+01 -2.4963986e+01 -2.6928119e+00 -1.1161115e+00 -6.6471571e-01 +3.8941917e+00 +4.7424298e+00 +6.2214980e+00 +6.8934704e+00 +8.4004639e+00 +8.7611135e+00 +9.1223308e+00 
-5.2474396e+01 -5.2473316e+01 -5.2472978e+01 -2.4992023e+01 -2.4989586e+01 -2.4975686e+01 -2.4972983e+01 -2.4972321e+01 -2.4969139e+01 -2.4968551e+01 -2.4967268e+01 -2.4964189e+01 -2.6060200e+00 -1.0490648e+00 -5.6363642e-01 +3.9279537e+00 +4.8349602e+00 +5.9094319e+00 +6.6018227e+00 +8.1036105e+00 +8.6441250e+00 +8.9834192e+00 
-5.2474323e+01 -5.2473271e+01 -5.2472933e+01 -2.4991906e+01 -2.4989596e+01 -2.4976820e+01 -2.4973936e+01 -2.4973221e+01 -2.4969473e+01 -2.4968886e+01 -2.4967526e+01 -2.4964394e+01 -2.5129870e+00 -9.7586436e-01 -4.5654491e-01 +3.9622616e+00 +4.9211724e+00 +5.6137947e+00 +6.3230701e+00 +7.8070303e+00 +8.5351322e+00 +8.8523291e+00 
-5.2474247e+01 -5.2473227e+01 -5.2472889e+01 -2.4991806e+01 -2.4989676e+01 -2.4977964e+01 -2.4975011e+01 -2.4973941e+01 -2.4969809e+01 -2.4969224e+01 -2.4967795e+01 -2.4964601e+01 -2.4137462e+00 -8.9654728e-01 -3.4350614e-01 +3.9933040e+00 +4.9785989e+00 +5.3542586e+00 +6.0630547e+00 +7.5106656e+00 +8.4341912e+00 +8.7294768e+00 
-5.2474169e+01 -5.2473182e+01 -5.2472846e+01 -2.4991735e+01 -2.4989827e+01 -2.4979108e+01 -2.4976111e+01 -2.4974542e+01 -2.4970142e+01 -2.4969561e+01 -2.4968076e+01 -2.4964809e+01 -2.3083339e+00 -8.1116172e-01 -2.2459441e-01 +4.0125688e+00 +4.9197567e+00 +5.2082854e+00 +5.8395723e+00 +7.2147455e+00 +8.3412708e+00 +8.6152767e+00 
-5.2474089e+01 -5.2473138e+01 -5.2472803e+01 -2.4991712e+01 -2.4990048e+01 -2.4980244e+01 -2.4977178e+01 -2.4975047e+01 -2.4970469e+01 -2.4969895e+01 -2.4968367e+01 -2.4965016e+01 -2.1967892e+00 -7.1976285e-01 -9.9885485e-02 +4.0006791e+00 +4.7444102e+00 +5.1468621e+00 +5.7005088e+00 +6.9198156e+00 +8.2562437e+00 +8.5100722e+00 
-5.2474009e+01 -5.2473095e+01 -5.2472762e+01 -2.4991760e+01 -2.4990325e+01 -2.4981367e+01 -2.4978170e+01 -2.4975461e+01 -2.4970787e+01 -2.4970222e+01 -2.4968667e+01 -2.4965224e+01 -2.0791513e+00 -6.2240491e-01 +3.0549479e-02 +3.9233112e+00 +4.5996546e+00 +5.0124214e+00 +5.6899263e+00 +6.6266702e+00 +8.1788866e+00 +8.4140664e+00 
-5.2473929e+01 -5.2473052e+01 -5.2472722e+01 -2.4991911e+01 -2.4990634e+01 -2.4982477e+01 -2.4979053e+01 -2.4975790e+01 -2.4971093e+01 -2.4970538e+01 -2.4968974e+01 -2.4965430e+01 -1.9554566e+00 -5.1913276e-01 +1.6664208e-01 +3.7618951e+00 +4.5187527e+00 +4.8337155e+00 +5.7636172e+00 +6.3363147e+00 +8.1088899e+00 +8.3272601e+00 
-5.2473849e+01 -5.2473010e+01 -5.2472684e+01 -2.4992191e+01 -2.4990948e+01 -2.4983572e+01 -2.4979797e+01 -2.4976041e+01 -2.4971385e+01 -2.4970841e+01 -2.4969285e+01 -2.4965633e+01 -1.8257370e+00 -4.0997733e-01 +3.0831159e-01 +3.5436582e+00 +4.4168909e+00 +4.7169386e+00 +5.8708669e+00 +6.0512000e+00 +8.0458814e+00 +8.2494015e+00 
-5.2473770e+01 -5.2472970e+01 -5.2472648e+01 -2.4992599e+01 -2.4991262e+01 -2.4984648e+01 -2.4980382e+01 -2.4976226e+01 -2.4971660e+01 -2.4971130e+01 -2.4969598e+01 -2.4965833e+01 -1.6900202e+00 -2.9495848e-01 +4.5543347e-01 +3.3006272e+00 +4.2241737e+00 +4.7188487e+00 +5.7622715e+00 +6.0021845e+00 +7.9894630e+00 +8.1018696e+00 
-5.2473694e+01 -5.2472930e+01 -5.2472615e+01 -2.4993102e+01 -2.4991589e+01 -2.4985698e+01 -2.4980803e+01 -2.4976357e+01 -2.4971918e+01 -2.4971402e+01 -2.4969909e+01 -2.4966026e+01 -1.5483306e+00 -1.7409533e-01 +6.0778448e-01 +3.0492408e+00 +3.9954481e+00 +4.7749514e+00 +5.4857201e+00 +6.1348309e+00 +7.9349415e+00 +7.9392535e+00 
-5.2473620e+01 -5.2472893e+01 -5.2472584e+01 -2.4993660e+01 -2.4991940e+01 -2.4986712e+01 -2.4981067e+01 -2.4976451e+01 -2.4972158e+01 -2.4971657e+01 -2.4970215e+01 -2.4966211e+01 -1.4006915e+00 -4.7421185e-02 +7.6493600e-01 +2.7969951e+00 +3.7591458e+00 +4.8506496e+00 +5.2156325e+00 +6.2734922e+00 +7.7670909e+00 +7.8949256e+00 
-5.2473549e+01 -5.2472857e+01 -5.2472556e+01 -2.4994238e+01 -2.4992316e+01 -2.4987675e+01 -2.4981193e+01 -2.4976520e+01 -2.4972379e+01 -2.4971894e+01 -2.4970511e+01 -2.4966386e+01 -1.2471258e+00 +8.4999816e-02 +9.2599923e-01 +2.5480104e+00 +3.5230927e+00 +4.8883325e+00 +5.0014366e+00 +6.4144753e+00 +7.5985328e+00 +7.8562260e+00 
-5.2473484e+01 -5.2472823e+01 -5.2472532e+01 -2.4994812e+01 -2.4992702e+01 -2.4988574e+01 -2.4981206e+01 -2.4976578e+01 -2.4972581e+01 -2.4972110e+01 -2.4970793e+01 -2.4966548e+01 -1.0876586e+00 +2.2305249e-01 +1.0888750e+00 +2.3059906e+00 +3.2902498e+00 +4.6645821e+00 +5.0632713e+00 +6.5549323e+00 +7.4302760e+00 +7.8229762e+00 
-5.2473423e+01 -5.2472793e+01 -5.2472511e+01 -2.4995361e+01 -2.4993083e+01 -2.4989397e+01 -2.4981131e+01 -2.4976635e+01 -2.4972761e+01 -2.4972307e+01 -2.4971055e+01 -2.4966696e+01 -9.2232143e-01 +3.6653844e-01 +1.2474318e+00 +2.0779279e+00 +3.0621486e+00 +4.4091876e+00 +5.1698276e+00 +6.6908917e+00 +7.2645550e+00 +7.7950580e+00 
-5.2473370e+01 -5.2472765e+01 -5.2472493e+01 -2.4995868e+01 -2.4993442e+01 -2.4990133e+01 -2.4980993e+01 -2.4976698e+01 -2.4972921e+01 -2.4972480e+01 -2.4971292e+01 -2.4966827e+01 -7.5115838e-01 +5.1510963e-01 +1.3772866e+00 +1.8886769e+00 +2.8398724e+00 +4.1566436e+00 +5.2857988e+00 +6.8122634e+00 +7.1092063e+00 +7.7723904e+00 
-5.2473323e+01 -5.2472740e+01 -5.2472478e+01 -2.4996318e+01 -2.4993765e+01 -2.4990772e+01 -2.4980817e+01 -2.4976771e+01 -2.4973058e+01 -2.4972630e+01 -2.4971498e+01 -2.4966941e+01 -5.7423599e-01 +6.6809333e-01 +1.3851131e+00 +1.8317484e+00 +2.6245938e+00 +3.9088982e+00 +5.4087219e+00 +6.8513322e+00 +7.0287817e+00 +7.7549024e+00 
-5.2473284e+01 -5.2472720e+01 -5.2472466e+01 -2.4996702e+01 -2.4994041e+01 -2.4991306e+01 -2.4980624e+01 -2.4976853e+01 -2.4973172e+01 -2.4972755e+01 -2.4971671e+01 -2.4967035e+01 -3.9166052e-01 +8.2376394e-01 +1.2349837e+00 +1.9427816e+00 +2.4186673e+00 +3.6664825e+00 +5.5376497e+00 +6.7293078e+00 +7.0979177e+00 +7.7425017e+00 
-5.2473254e+01 -5.2472704e+01 -5.2472458e+01 -2.4997009e+01 -2.4994261e+01 -2.4991729e+01 -2.4980438e+01 -2.4976938e+01 -2.4973262e+01 -2.4972853e+01 -2.4971807e+01 -2.4967110e+01 -2.0361683e-01 +9.6342276e-01 +1.0526985e+00 +2.0970725e+00 +2.2397411e+00 +3.4297914e+00 +5.6717657e+00 +6.5762987e+00 +7.1818854e+00 +7.7350221e+00 
-5.2473232e+01 -5.2472692e+01 -5.2472452e+01 -2.4997233e+01 -2.4994422e+01 -2.4992034e+01 -2.4980280e+01 -2.4977015e+01 -2.4973327e+01 -2.4972923e+01 -2.4971904e+01 -2.4967164e+01 -1.0494931e-02 +8.1383873e-01 +1.1476579e+00 +2.0178241e+00 +2.3280951e+00 +3.1995610e+00 +5.8098658e+00 +6.4221462e+00 +7.2471739e+00 +7.7320932e+00 
-5.2473218e+01 -5.2472685e+01 -5.2472449e+01 -2.4997369e+01 -2.4994519e+01 -2.4992219e+01 -2.4980175e+01 -2.4977070e+01 -2.4973366e+01 -2.4972966e+01 -2.4971963e+01 -2.4967197e+01 +1.8634252e-01 +6.0695908e-01 +1.2829338e+00 +1.8685830e+00 +2.5234717e+00 +2.9787145e+00 +5.9484893e+00 +6.2735618e+00 +7.2874111e+00 +7.7326877e+00 
-5.2473214e+01 -5.2472682e+01 -5.2472448e+01 -2.4997415e+01 -2.4994551e+01 -2.4992281e+01 -2.4980137e+01 -2.4977090e+01 -2.4973380e+01 -2.4972980e+01 -2.4971982e+01 -2.4967208e+01 +3.5133066e-01 +4.3806762e-01 +1.3483958e+00 +1.7979456e+00 +2.6767626e+00 +2.8180305e+00 +6.0471159e+00 +6.1715955e+00 +7.3008999e+00 +7.7338661e+00 
-5.2473212e+01 -5.2472681e+01 -5.2472447e+01 -2.4997388e+01 -2.4994528e+01 -2.4992257e+01 -2.4980146e+01 -2.4977110e+01 -2.4973410e+01 -2.4973006e+01 -2.4971997e+01 -2.4967265e+01 +3.5447096e-01 +4.4133736e-01 +1.3514091e+00 +1.8014136e+00 +2.6798618e+00 +2.8211763e+00 +6.0366568e+00 +6.1703702e+00 +7.1720859e+00 +7.6239212e+00 
-5.2473207e+01 -5.2472678e+01 -5.2472445e+01 -2.4997305e+01 -2.4994457e+01 -2.4992185e+01 -2.4980175e+01 -2.4977172e+01 -2.4973499e+01 -2.4973082e+01 -2.4972040e+01 -2.4967436e+01 +3.6389344e-01 +4.5114420e-01 +1.3604562e+00 +1.8117997e+00 +2.6891494e+00 +2.8305906e+00 +6.0023736e+00 +6.1637465e+00 +6.9339804e+00 +7.4158282e+00 
-5.2473199e+01 -5.2472672e+01 -5.2472442e+01 -2.4997169e+01 -2.4994339e+01 -2.4992065e+01 -2.4980226e+01 -2.4977282e+01 -2.4973641e+01 -2.4973200e+01 -2.4972106e+01 -2.4967718e+01 +3.7960244e-01 +4.6748090e-01 +1.3755572e+00 +1.8290479e+00 +2.7045940e+00 +2.8461972e+00 +5.9359504e+00 +6.1381517e+00 +6.6905060e+00 +7.2110457e+00 
-5.2473187e+01 -5.2472664e+01 -5.2472438e+01 -2.4996979e+01 -2.4994175e+01 -2.4991899e+01 -2.4980307e+01 -2.4977446e+01 -2.4973827e+01 -2.4973352e+01 -2.4972193e+01 -2.4968108e+01 +4.0160400e-01 +4.9033510e-01 +1.3967435e+00 +1.8530596e+00 +2.7261372e+00 +2.8678474e+00 +5.8266198e+00 +6.0523610e+00 +6.5025460e+00 +7.0454400e+00 
-5.2473173e+01 -5.2472654e+01 -5.2472433e+01 -2.4996736e+01 -2.4993968e+01 -2.4991689e+01 -2.4980427e+01 -2.4977675e+01 -2.4974043e+01 -2.4973526e+01 -2.4972292e+01 -2.4968600e+01 +4.2990470e-01 +5.1968876e-01 +1.4240540e+00 +1.8836858e+00 +2.7536822e+00 +2.8952871e+00 +5.6688057e+00 +5.8630549e+00 +6.4201222e+00 +6.9329485e+00 
-5.2473157e+01 -5.2472643e+01 -5.2472428e+01 -2.4996443e+01 -2.4993719e+01 -2.4991435e+01 -2.4980596e+01 -2.4977978e+01 -2.4974272e+01 -2.4973710e+01 -2.4972397e+01 -2.4969188e+01 +4.6451076e-01 +5.5551760e-01 +1.4575306e+00 +1.9207190e+00 +2.7870742e+00 +2.9281029e+00 +5.4682615e+00 +5.6085716e+00 +6.4080970e+00 +6.8716444e+00 
-5.2473139e+01 -5.2472630e+01 -5.2472422e+01 -2.4996100e+01 -2.4993430e+01 -2.4991142e+01 -2.4980827e+01 -2.4978361e+01 -2.4974495e+01 -2.4973898e+01 -2.4972500e+01 -2.4969864e+01 +5.0542739e-01 +5.9779140e-01 +1.4972135e+00 +1.9638852e+00 +2.8260667e+00 +2.9656327e+00 +5.2382229e+00 +5.3324473e+00 +6.4247219e+00 +6.8506366e+00 
-5.2473121e+01 -5.2472616e+01 -5.2472416e+01 -2.4995710e+01 -2.4993105e+01 -2.4990813e+01 -2.4981129e+01 -2.4978823e+01 -2.4974694e+01 -2.4974087e+01 -2.4972592e+01 -2.4970619e+01 +5.5265830e-01 +6.4647690e-01 +1.5431340e+00 +2.0128356e+00 +2.8702640e+00 +3.0067995e+00 +4.9919431e+00 +5.0512594e+00 +6.4545365e+00 +6.8586375e+00 
-5.2473101e+01 -5.2472601e+01 -5.2472410e+01 -2.4995277e+01 -2.4992748e+01 -2.4990451e+01 -2.4981509e+01 -2.4979358e+01 -2.4974853e+01 -2.4974281e+01 -2.4972664e+01 -2.4971439e+01 +6.0620523e-01 +7.0154452e-01 +1.5953066e+00 +2.0671286e+00 +2.9190138e+00 +3.0497760e+00 +4.7399070e+00 +4.7717464e+00 +6.4916760e+00 +6.8874408e+00 
-5.2473082e+01 -5.2472585e+01 -5.2472404e+01 -2.4994806e+01 -2.4992363e+01 -2.4990065e+01 -2.4981965e+01 -2.4979953e+01 -2.4974964e+01 -2.4974490e+01 -2.4972709e+01 -2.4972310e+01 +6.6606726e-01 +7.6297691e-01 +1.6537166e+00 +2.1261726e+00 +2.9711708e+00 +3.0912464e+00 +4.4909285e+00 +4.4980661e+00 +6.5330076e+00 +6.9316837e+00 
-5.2473063e+01 -5.2472570e+01 -5.2472400e+01 -2.4994300e+01 -2.4991956e+01 -2.4989661e+01 -2.4982487e+01 -2.4980592e+01 -2.4975029e+01 -2.4974719e+01 -2.4973212e+01 -2.4972722e+01 +7.3223965e-01 +8.3077277e-01 +1.7182992e+00 +2.1890624e+00 +3.0245082e+00 +3.1247070e+00 +4.2345833e+00 +4.2549413e+00 +6.5758974e+00 +6.9873301e+00 
-5.2473045e+01 -5.2472555e+01 -5.2472397e+01 -2.4993769e+01 -2.4991531e+01 -2.4989254e+01 -2.4983053e+01 -2.4981252e+01 -2.4975081e+01 -2.4974974e+01 -2.4974099e+01 -2.4972701e+01 +8.0471172e-01 +9.0493858e-01 +1.7888998e+00 +2.2541758e+00 +3.0741087e+00 +3.1368289e+00 +3.9885345e+00 +4.0474959e+00 +6.6167956e+00 +6.9485272e+00 
-5.2473028e+01 -5.2472540e+01 -5.2472395e+01 -2.4993223e+01 -2.4991095e+01 -2.4988865e+01 -2.4983631e+01 -2.4981910e+01 -2.4975390e+01 -2.4975255e+01 -2.4974690e+01 -2.4972648e+01 +8.8346324e-01 +9.8546924e-01 +1.8651889e+00 +2.3181905e+00 +3.1034323e+00 +3.1079028e+00 +3.7756843e+00 +3.8943714e+00 +6.6492377e+00 +6.6645606e+00 
-5.2473012e+01 -5.2472525e+01 -5.2472396e+01 -2.4992678e+01 -2.4990651e+01 -2.4988530e+01 -2.4984172e+01 -2.4982538e+01 -2.4976208e+01 -2.4975562e+01 -2.4974724e+01 -2.4972565e+01 +9.6845861e-01 +1.0723278e+00 +1.9464449e+00 +2.3735293e+00 +3.0009507e+00 +3.0994999e+00 +3.6301328e+00 +3.8206318e+00 +6.3857190e+00 +6.6604857e+00 
-5.2472998e+01 -5.2472510e+01 -5.2472400e+01 -2.4992158e+01 -2.4990200e+01 -2.4988307e+01 -2.4984606e+01 -2.4983101e+01 -2.4977109e+01 -2.4975891e+01 -2.4974614e+01 -2.4972458e+01 +1.0596361e+00 +1.1654340e+00 +2.0308664e+00 +2.4018732e+00 +2.8371657e+00 +3.0336974e+00 +3.5853830e+00 +3.8208190e+00 +6.1148939e+00 +6.6291803e+00 
-5.2472986e+01 -5.2472496e+01 -5.2472406e+01 -2.4991699e+01 -2.4989733e+01 -2.4988270e+01 -2.4984851e+01 -2.4983566e+01 -2.4977984e+01 -2.4976236e+01 -2.4974454e+01 -2.4972329e+01 +1.1568797e+00 +1.2646623e+00 +2.1125547e+00 +2.3672125e+00 +2.6452069e+00 +2.9699547e+00 +3.6179143e+00 +3.8682221e+00 +5.8520411e+00 +6.5366778e+00 
-5.2472977e+01 -5.2472482e+01 -5.2472415e+01 -2.4991345e+01 -2.4989234e+01 -2.4988451e+01 -2.4984875e+01 -2.4983900e+01 -2.4978790e+01 -2.4976587e+01 -2.4974262e+01 -2.4972183e+01 +1.2599232e+00 +1.3698414e+00 +2.1622650e+00 +2.2460456e+00 +2.4750778e+00 +2.9716399e+00 +3.6877674e+00 +3.9428552e+00 +5.5969229e+00 +6.3893561e+00 
-5.2472970e+01 -5.2472467e+01 -5.2472426e+01 -2.4991131e+01 -2.4988799e+01 -2.4988685e+01 -2.4984749e+01 -2.4984086e+01 -2.4979484e+01 -2.4976934e+01 -2.4974045e+01 -2.4972024e+01 +1.3679602e+00 +1.4807478e+00 +2.0652296e+00 +2.0775854e+00 +2.4406562e+00 +3.0308773e+00 +3.7757555e+00 +4.0346585e+00 +5.3492793e+00 +6.2100707e+00 
-5.2472968e+01 -5.2472452e+01 -5.2472441e+01 -2.4991060e+01 -2.4989227e+01 -2.4988081e+01 -2.4984593e+01 -2.4984133e+01 -2.4980007e+01 -2.4977260e+01 -2.4973811e+01 -2.4971854e+01 +1.4773194e+00 +1.5970565e+00 +1.8581209e+00 +1.8897864e+00 +2.5196920e+00 +3.1216006e+00 +3.8741396e+00 +4.1387918e+00 +5.1089291e+00 +6.0170275e+00 
-5.2472970e+01 -5.2472459e+01 -5.2472438e+01 -2.4991104e+01 -2.4989672e+01 -2.4987434e+01 -2.4984526e+01 -2.4984072e+01 -2.4980290e+01 -2.4977546e+01 -2.4973564e+01 -2.4971676e+01 +1.5491200e+00 +1.6405460e+00 +1.7193950e+00 +1.7239483e+00 +2.6288016e+00 +3.2298027e+00 +3.9791277e+00 +4.2524973e+00 +4.8760139e+00 +5.8209946e+00 
-5.2472970e+01 -5.2472459e+01 -5.2472438e+01 -2.4991104e+01 -2.4989672e+01 -2.4987434e+01 -2.4984526e+01 -2.4984072e+01 -2.4980290e+01 -2.4977546e+01 -2.4973564e+01 -2.4971676e+01 +1.5491200e+00 +1.6405460e+00 +1.7193950e+00 +1.7239483e+00 +2.6288016e+00 +3.2298027e+00 +3.9791277e+00 +4.2524973e+00 +4.8760139e+00 +5.8209946e+00 
-5.2472976e+01 -5.2472480e+01 -5.2472424e+01 -2.4991215e+01 -2.4990081e+01 -2.4986787e+01 -2.4984611e+01 -2.4983950e+01 -2.4980293e+01 -2.4977760e+01 -2.4973314e+01 -2.4971499e+01 +1.4155825e+00 +1.4287073e+00 +1.7699071e+00 +1.8412657e+00 +2.7462714e+00 +3.3452057e+00 +4.0846587e+00 +4.3683749e+00 +4.6593645e+00 +5.6349993e+00 
-5.2472987e+01 -5.2472503e+01 -5.2472411e+01 -2.4991353e+01 -2.4990446e+01 -2.4986152e+01 -2.4984830e+01 -2.4983799e+01 -2.4980053e+01 -2.4977885e+01 -2.4973058e+01 -2.4971318e+01 +1.2137167e+00 +1.2175437e+00 +1.8922334e+00 +1.9675147e+00 +2.8715211e+00 +3.4674720e+00 +4.1909893e+00 +4.4132473e+00 +4.5274011e+00 +5.4594810e+00 
-5.2473003e+01 -5.2472530e+01 -5.2472400e+01 -2.4991486e+01 -2.4990752e+01 -2.4985585e+01 -2.4985121e+01 -2.4983618e+01 -2.4979639e+01 -2.4977894e+01 -2.4972796e+01 -2.4971135e+01 +1.0078456e+00 +1.0091403e+00 +2.0281647e+00 +2.0970437e+00 +3.0033858e+00 +3.5937071e+00 +4.2230065e+00 +4.2934217e+00 +4.6436439e+00 +5.3030279e+00 
-5.2473024e+01 -5.2472561e+01 -5.2472390e+01 -2.4991587e+01 -2.4990987e+01 -2.4985421e+01 -2.4985192e+01 -2.4983343e+01 -2.4979116e+01 -2.4977775e+01 -2.4972530e+01 -2.4970951e+01 +8.0427378e-01 +8.0449273e-01 +2.1720148e+00 +2.2288120e+00 +3.1413931e+00 +3.7201017e+00 +4.0224266e+00 +4.3833532e+00 +4.7829708e+00 +5.1796107e+00 
-5.2473049e+01 -5.2472595e+01 -5.2472382e+01 -2.4991636e+01 -2.4991142e+01 -2.4985686e+01 -2.4985076e+01 -2.4982889e+01 -2.4978528e+01 -2.4977526e+01 -2.4972260e+01 -2.4970767e+01 +6.0421423e-01 +6.0460069e-01 +2.3224235e+00 +2.3612345e+00 +3.2851214e+00 +3.8266114e+00 +3.8396432e+00 +4.4481358e+00 +4.9302971e+00 +5.1110395e+00 
-5.2473080e+01 -5.2472633e+01 -5.2472377e+01 -2.4991618e+01 -2.4991209e+01 -2.4985891e+01 -2.4985213e+01 -2.4982282e+01 -2.4977903e+01 -2.4977166e+01 -2.4971987e+01 -2.4970584e+01 +4.0870533e-01 +4.0949189e-01 +2.4787959e+00 +2.4917562e+00 +3.4321968e+00 +3.6389893e+00 +3.9378835e+00 +4.4859683e+00 +5.0843923e+00 +5.1166198e+00 
-5.2473115e+01 -5.2472675e+01 -5.2472375e+01 -2.4991522e+01 -2.4991183e+01 -2.4986019e+01 -2.4985521e+01 -2.4981593e+01 -2.4977261e+01 -2.4976716e+01 -2.4971709e+01 -2.4970402e+01 +2.1823614e-01 +2.1930462e-01 +2.6161465e+00 +2.6407383e+00 +3.4399698e+00 +3.6025793e+00 +3.9921133e+00 +4.5304568e+00 +5.1900815e+00 +5.2448630e+00 
-5.2473155e+01 -5.2472721e+01 -5.2472375e+01 -2.4991341e+01 -2.4991059e+01 -2.4986061e+01 -2.4985941e+01 -2.4980869e+01 -2.4976614e+01 -2.4976201e+01 -2.4971428e+01 -2.4970221e+01 +3.2993976e-02 +3.4262436e-02 +2.7274157e+00 +2.8077543e+00 +3.2657736e+00 +3.7604790e+00 +3.9954110e+00 +4.6193079e+00 +5.3079048e+00 +5.4115093e+00 
-5.2473199e+01 -5.2472770e+01 -5.2472379e+01 -2.4991070e+01 -2.4990836e+01 -2.4986439e+01 -2.4986014e+01 -2.4980133e+01 -2.4975973e+01 -2.4975641e+01 -2.4971142e+01 -2.4970042e+01 -1.4688546e-01 -1.4547946e-01 +2.8147646e+00 +2.9760761e+00 +3.0972612e+00 +3.9287286e+00 +3.9779569e+00 +4.7511168e+00 +5.4522599e+00 +5.5842008e+00 
-5.2473247e+01 -5.2472823e+01 -5.2472385e+01 -2.4990708e+01 -2.4990512e+01 -2.4986993e+01 -2.4985875e+01 -2.4979398e+01 -2.4975345e+01 -2.4975052e+01 -2.4970849e+01 -2.4969862e+01 -3.2129729e-01 -3.1980422e-01 +2.8647059e+00 +2.9200907e+00 +3.1636893e+00 +3.9784301e+00 +4.1036014e+00 +4.9099153e+00 +5.6139232e+00 +5.7628252e+00 
-5.2473299e+01 -5.2472879e+01 -5.2472395e+01 -2.4990256e+01 -2.4990092e+01 -2.4987589e+01 -2.4985645e+01 -2.4978671e+01 -2.4974736e+01 -2.4974446e+01 -2.4970548e+01 -2.4969683e+01 -4.9015417e-01 -4.8861715e-01 +2.7598262e+00 +2.8676128e+00 +3.3454208e+00 +4.0210583e+00 +4.2846258e+00 +5.0855062e+00 +5.7883115e+00 +5.9472478e+00 
-5.2473354e+01 -5.2472938e+01 -5.2472409e+01 -2.4989724e+01 -2.4989577e+01 -2.4988211e+01 -2.4985326e+01 -2.4977958e+01 -2.4974154e+01 -2.4973834e+01 -2.4970237e+01 -2.4969503e+01 -6.5337862e-01 -6.5183621e-01 +2.6041878e+00 +2.8255010e+00 +3.5336818e+00 +4.1110082e+00 +4.4716085e+00 +5.2728019e+00 +5.9729177e+00 +6.1372706e+00 
-5.2473413e+01 -5.2473000e+01 -5.2472425e+01 -2.4989199e+01 -2.4988974e+01 -2.4988767e+01 -2.4984921e+01 -2.4977262e+01 -2.4973602e+01 -2.4973223e+01 -2.4969912e+01 -2.4969319e+01 -8.1089934e-01 -8.0938656e-01 +2.4542743e+00 +2.7499410e+00 +3.7274694e+00 +4.2403558e+00 +4.6644291e+00 +5.4690469e+00 +6.1661308e+00 +6.3325875e+00 
-5.2473474e+01 -5.2473065e+01 -5.2472445e+01 -2.4989608e+01 -2.4988333e+01 -2.4988289e+01 -2.4984433e+01 -2.4976586e+01 -2.4973086e+01 -2.4972621e+01 -2.4969573e+01 -2.4969131e+01 -9.6265025e-01 -9.6119807e-01 +2.3102415e+00 +2.6535967e+00 +3.9267376e+00 +4.3984268e+00 +4.8630065e+00 +5.6723800e+00 +6.3667111e+00 +6.5327332e+00 
-5.2473537e+01 -5.2473132e+01 -5.2472468e+01 -2.4990284e+01 -2.4987575e+01 -2.4987530e+01 -2.4983864e+01 -2.4975932e+01 -2.4972607e+01 -2.4972033e+01 -2.4969218e+01 -2.4968935e+01 -1.1085712e+00 -1.1072051e+00 +2.1721139e+00 +2.5458474e+00 +4.1316003e+00 +4.5770138e+00 +5.0672922e+00 +5.8811567e+00 +6.5735638e+00 +6.7370129e+00 
-5.2473603e+01 -5.2473200e+01 -5.2472494e+01 -2.4990980e+01 -2.4986744e+01 -2.4986705e+01 -2.4983220e+01 -2.4975303e+01 -2.4972165e+01 -2.4971465e+01 -2.4968846e+01 -2.4968728e+01 -1.2486097e+00 -1.2473475e+00 +2.0398812e+00 +2.4327378e+00 +4.3422377e+00 +4.7708276e+00 +5.2772699e+00 +6.0936214e+00 +6.7856652e+00 +6.9443849e+00 
-5.2473670e+01 -5.2473270e+01 -5.2472523e+01 -2.4991682e+01 -2.4985860e+01 -2.4985826e+01 -2.4982504e+01 -2.4974699e+01 -2.4971759e+01 -2.4970922e+01 -2.4968506e+01 -2.4968461e+01 -1.3827218e+00 -1.3815722e+00 +1.9135263e+00 +2.3180524e+00 +4.5588619e+00 +4.9766352e+00 +5.4929568e+00 +6.3077806e+00 +7.0020733e+00 +7.1532395e+00 
-5.2473738e+01 -5.2473341e+01 -5.2472554e+01 -2.4992384e+01 -2.4984935e+01 -2.4984903e+01 -2.4981722e+01 -2.4974121e+01 -2.4971384e+01 -2.4970410e+01 -2.4968264e+01 -2.4968066e+01 -1.5108734e+00 -1.5098341e+00 +1.7930376e+00 +2.2042079e+00 +4.7816898e+00 +5.1924893e+00 +5.7144061e+00 +6.5214049e+00 +7.2219646e+00 +7.3609790e+00 
-5.2473807e+01 -5.2473413e+01 -5.2472587e+01 -2.4993081e+01 -2.4983981e+01 -2.4983948e+01 -2.4980880e+01 -2.4973567e+01 -2.4971033e+01 -2.4969932e+01 -2.4968000e+01 -2.4967665e+01 -1.6330385e+00 -1.6320963e+00 +1.6784149e+00 +2.0928137e+00 +5.0109148e+00 +5.4172298e+00 +5.9417086e+00 +6.7320592e+00 +7.4446266e+00 +7.5632716e+00 
-5.2473876e+01 -5.2473484e+01 -5.2472621e+01 -2.4993769e+01 -2.4983013e+01 -2.4982974e+01 -2.4979986e+01 -2.4973038e+01 -2.4970697e+01 -2.4969491e+01 -2.4967710e+01 -2.4967263e+01 -1.7491962e+00 -1.7483287e+00 +1.5696695e+00 +1.9849977e+00 +5.2466732e+00 +5.6501697e+00 +6.1749879e+00 +6.9369954e+00 +7.6693425e+00 +7.7529371e+00 
-5.2473945e+01 -5.2473555e+01 -5.2472657e+01 -2.4994443e+01 -2.4982046e+01 -2.4981997e+01 -2.4979051e+01 -2.4972528e+01 -2.4970367e+01 -2.4969083e+01 -2.4967396e+01 -2.4966867e+01 -1.8593261e+00 -1.8585051e+00 +1.4668213e+00 +1.8815904e+00 +5.4889977e+00 +5.8908835e+00 +6.4143761e+00 +7.1327582e+00 +7.8951339e+00 +7.9190631e+00 
-5.2474013e+01 -5.2473625e+01 -5.2472693e+01 -2.4995100e+01 -2.4981095e+01 -2.4981030e+01 -2.4978086e+01 -2.4972034e+01 -2.4970033e+01 -2.4968704e+01 -2.4967064e+01 -2.4966482e+01 -1.9634032e+00 -1.9626000e+00 +1.3698943e+00 +1.7832220e+00 +5.7377518e+00 +6.1390599e+00 +6.6599444e+00 +7.3145293e+00 +8.0487749e+00 +8.1204048e+00 
-5.2474080e+01 -5.2473693e+01 -5.2472729e+01 -2.4995736e+01 -2.4980178e+01 -2.4980092e+01 -2.4977104e+01 -2.4971550e+01 -2.4969684e+01 -2.4968346e+01 -2.4966722e+01 -2.4966111e+01 -2.0613953e+00 -2.0605848e+00 +1.2789107e+00 +1.6903660e+00 +5.9925309e+00 +6.3943993e+00 +6.9115246e+00 +7.4756321e+00 +8.1345549e+00 +8.3427612e+00 
-5.2474144e+01 -5.2473760e+01 -5.2472766e+01 -2.4996347e+01 -2.4979311e+01 -2.4979198e+01 -2.4976117e+01 -2.4971072e+01 -2.4969311e+01 -2.4967998e+01 -2.4966379e+01 -2.4965760e+01 -2.1532625e+00 -2.1524262e+00 +1.1938873e+00 +1.6033454e+00 +6.2525023e+00 +6.6565342e+00 +7.1682392e+00 +7.6082738e+00 +8.1819856e+00 +8.5598967e+00 
-5.2474206e+01 -5.2473824e+01 -5.2472803e+01 -2.4996930e+01 -2.4978510e+01 -2.4978365e+01 -2.4975136e+01 -2.4970597e+01 -2.4968906e+01 -2.4967654e+01 -2.4966043e+01 -2.4965430e+01 -2.2389591e+00 -2.2380865e+00 +1.1148321e+00 +1.5223204e+00 +6.5160994e+00 +6.9248990e+00 +7.4271280e+00 +7.7066574e+00 +8.2083643e+00 +8.7725786e+00 
-5.2474266e+01 -5.2473884e+01 -5.2472840e+01 -2.4997482e+01 -2.4977785e+01 -2.4977608e+01 -2.4974171e+01 -2.4970128e+01 -2.4968464e+01 -2.4967303e+01 -2.4965720e+01 -2.4965125e+01 -2.3184375e+00 -2.3175258e+00 +1.0417444e+00 +1.4472776e+00 +6.7803291e+00 +7.1982494e+00 +7.6785658e+00 +7.7712989e+00 +8.2396309e+00 +8.9869111e+00 
-5.2474322e+01 -5.2473942e+01 -5.2472877e+01 -2.4998000e+01 -2.4977144e+01 -2.4976936e+01 -2.4973233e+01 -2.4969670e+01 -2.4967984e+01 -2.4966938e+01 -2.4965416e+01 -2.4964843e+01 -2.3916518e+00 -2.3907056e+00 +9.7461428e-01 +1.3780541e+00 +7.0390462e+00 +7.4717798e+00 +7.8124619e+00 +7.8934229e+00 +8.3210152e+00 +9.2106001e+00 
-5.2474375e+01 -5.2473995e+01 -5.2472914e+01 -2.4998480e+01 -2.4976590e+01 -2.4976355e+01 -2.4972329e+01 -2.4969235e+01 -2.4967471e+01 -2.4966551e+01 -2.4965133e+01 -2.4964587e+01 -2.4585624e+00 -2.4575919e+00 +9.1342435e-01 +1.3144119e+00 +7.2788003e+00 +7.7043577e+00 +7.8795643e+00 +8.0372479e+00 +8.5072217e+00 +9.4478859e+00 
-5.2474424e+01 -5.2474044e+01 -5.2472950e+01 -2.4998921e+01 -2.4976118e+01 -2.4975866e+01 -2.4971470e+01 -2.4968835e+01 -2.4966934e+01 -2.4966139e+01 -2.4964875e+01 -2.4964355e+01 -2.5191380e+00 -2.5181572e+00 +8.5815198e-01 +1.2561491e+00 +7.4729003e+00 +7.7673221e+00 +8.1089887e+00 +8.1607475e+00 +8.7791799e+00 +9.6993788e+00 
-5.2474471e+01 -5.2474089e+01 -5.2472984e+01 -2.4999320e+01 -2.4975724e+01 -2.4975463e+01 -2.4970664e+01 -2.4968482e+01 -2.4966388e+01 -2.4965705e+01 -2.4964640e+01 -2.4964147e+01 -2.5733572e+00 -2.5723802e+00 +8.0877265e-01 +1.2031941e+00 +7.5928153e+00 +7.7649788e+00 +8.3390816e+00 +8.4022723e+00 +9.0945554e+00 +9.9640994e+00 
-5.2474514e+01 -5.2474130e+01 -5.2473015e+01 -2.4999675e+01 -2.4975399e+01 -2.4975136e+01 -2.4969922e+01 -2.4968178e+01 -2.4965852e+01 -2.4965264e+01 -2.4964430e+01 -2.4963965e+01 -2.6212073e+00 -2.6202448e+00 +7.6526316e-01 +1.1556376e+00 +7.6449460e+00 +7.7503912e+00 +8.5856976e+00 +8.7103678e+00 +9.4381049e+00 +1.0240786e+01 
-5.2474552e+01 -5.2474165e+01 -5.2473042e+01 -2.4999986e+01 -2.4975132e+01 -2.4974876e+01 -2.4969254e+01 -2.4967924e+01 -2.4965345e+01 -2.4964835e+01 -2.4964244e+01 -2.4963808e+01 -2.6626811e+00 -2.6617383e+00 +7.2760344e-01 +1.1136981e+00 +7.6588924e+00 +7.7318654e+00 +8.8789981e+00 +9.0275193e+00 +9.8073230e+00 +1.0528282e+01 
-5.2474586e+01 -5.2474196e+01 -5.2473065e+01 -2.5000249e+01 -2.4974918e+01 -2.4974672e+01 -2.4968670e+01 -2.4967717e+01 -2.4964886e+01 -2.4964444e+01 -2.4964077e+01 -2.4963678e+01 -2.6977746e+00 -2.6968514e+00 +6.9577632e-01 +1.0776560e+00 +7.6555969e+00 +7.7126375e+00 +9.2019931e+00 +9.3517011e+00 +1.0204298e+01 +1.0825442e+01 
-5.2474615e+01 -5.2474222e+01 -5.2473084e+01 -2.5000466e+01 -2.4974749e+01 -2.4974514e+01 -2.4968178e+01 -2.4967553e+01 -2.4964492e+01 -2.4964123e+01 -2.4963919e+01 -2.4963573e+01 -2.7264861e+00 -2.7255785e+00 +6.6976616e-01 +1.0477914e+00 +7.6455785e+00 +7.6946542e+00 +9.5451857e+00 +9.6804518e+00 +1.0632063e+01 +1.1130832e+01 
-5.2474638e+01 -5.2474241e+01 -5.2473099e+01 -2.5000635e+01 -2.4974621e+01 -2.4974396e+01 -2.4967786e+01 -2.4967428e+01 -2.4964173e+01 -2.4963920e+01 -2.4963735e+01 -2.4963494e+01 -2.7488154e+00 -2.7479175e+00 +6.4955782e-01 +1.0243422e+00 +7.6341784e+00 +7.6793011e+00 +9.8997653e+00 +1.0008947e+01 +1.1089162e+01 +1.1383549e+01 
-5.2474654e+01 -5.2474255e+01 -5.2473109e+01 -2.5000756e+01 -2.4974532e+01 -2.4974313e+01 -2.4967501e+01 -2.4967340e+01 -2.4963938e+01 -2.4963817e+01 -2.4963557e+01 -2.4963440e+01 -2.7647634e+00 -2.7638699e+00 +6.3513673e-01 +1.0074853e+00 +7.6243607e+00 +7.6676074e+00 +1.0252050e+01 +1.0327168e+01 +1.1289214e+01 +1.1366236e+01 
-5.2474664e+01 -5.2474263e+01 -5.2473115e+01 -2.5000829e+01 -2.4974478e+01 -2.4974265e+01 -2.4967328e+01 -2.4967287e+01 -2.4963793e+01 -2.4963762e+01 -2.4963441e+01 -2.4963410e+01 -2.7743314e+00 -2.7734389e+00 +6.2649015e-01 +9.9733305e-01 +7.6178522e+00 +7.6603010e+00 +1.0577152e+01 +1.0612696e+01 +1.1160149e+01 +1.1198244e+01 
-5.2474667e+01 -5.2474266e+01 -5.2473117e+01 -2.5000853e+01 -2.4974460e+01 -2.4974249e+01 -2.4967270e+01 -2.4967270e+01 -2.4963744e+01 -2.4963744e+01 -2.4963401e+01 -2.4963401e+01 -2.7775206e+00 -2.7766282e+00 +6.2360906e-01 +9.9394329e-01 +7.6155837e+00 +7.6578172e+00 +1.0773626e+01 +1.0773626e+01 +1.1056451e+01 +1.1056451e+01 
-5.2474675e+01 -5.2474255e+01 -5.2473119e+01 -2.5000789e+01 -2.4975742e+01 -2.4973037e+01 -2.4967262e+01 -2.4967262e+01 -2.4963839e+01 -2.4963839e+01 -2.4963317e+01 -2.4963317e+01 -2.8506197e+00 -2.6973352e+00 +5.2356643e-01 +1.0996223e+00 +7.2959878e+00 +7.9850225e+00 +1.0778105e+01 +1.0778105e+01 +1.1057017e+01 +1.1057017e+01 
-5.2474695e+01 -5.2474224e+01 -5.2473125e+01 -2.5000597e+01 -2.4977182e+01 -2.4971808e+01 -2.4967238e+01 -2.4967238e+01 -2.4964021e+01 -2.4964021e+01 -2.4963166e+01 -2.4963166e+01 -2.9179360e+00 -2.6114344e+00 +3.4165127e-01 +1.2984366e+00 +6.9622037e+00 +8.3423122e+00 +1.0791411e+01 +1.0791411e+01 +1.1059046e+01 +1.1059046e+01 
-5.2474723e+01 -5.2474179e+01 -5.2473135e+01 -2.5000279e+01 -2.4978669e+01 -2.4970670e+01 -2.4967200e+01 -2.4967200e+01 -2.4964227e+01 -2.4964227e+01 -2.4963012e+01 -2.4963012e+01 -2.9789886e+00 -2.5193984e+00 +1.4735200e-01 +1.5208735e+00 +6.6330689e+00 +8.7128148e+00 +1.0813022e+01 +1.0813022e+01 +1.1063638e+01 +1.1063638e+01 
-5.2474755e+01 -5.2474123e+01 -5.2473150e+01 -2.4999834e+01 -2.4980189e+01 -2.4969635e+01 -2.4967146e+01 -2.4967146e+01 -2.4964442e+01 -2.4964442e+01 -2.4962868e+01 -2.4962868e+01 -3.0337352e+00 -2.4212553e+00 -4.6646612e-02 +1.7542280e+00 +6.3080896e+00 +9.1000755e+00 +1.0841610e+01 +1.0841610e+01 +1.1072995e+01 +1.1072995e+01 
-5.2474787e+01 -5.2474062e+01 -5.2473170e+01 -2.4999266e+01 -2.4981730e+01 -2.4968709e+01 -2.4967079e+01 -2.4967079e+01 -2.4964661e+01 -2.4964661e+01 -2.4962739e+01 -2.4962739e+01 -3.0821306e+00 -2.3170325e+00 -2.3703519e-01 +1.9952006e+00 +5.9869678e+00 +9.5081835e+00 +1.0874398e+01 +1.0874398e+01 +1.1090965e+01 +1.1090965e+01 
-5.2474819e+01 -5.2473996e+01 -5.2473195e+01 -2.4998576e+01 -2.4983281e+01 -2.4967898e+01 -2.4966997e+01 -2.4966997e+01 -2.4964883e+01 -2.4964883e+01 -2.4962627e+01 -2.4962627e+01 -3.1241304e+00 -2.2067569e+00 -4.2262061e-01 +2.2426640e+00 +5.6696233e+00 +9.9412889e+00 +1.0906946e+01 +1.0906946e+01 +1.1123126e+01 +1.1123126e+01 
-5.2474849e+01 -5.2473929e+01 -5.2473226e+01 -2.4997768e+01 -2.4984831e+01 -2.4967203e+01 -2.4966902e+01 -2.4966902e+01 -2.4965102e+01 -2.4965102e+01 -2.4962532e+01 -2.4962532e+01 -3.1596967e+00 -2.0904546e+00 -6.0289530e-01 +2.4962423e+00 +5.3561435e+00 +1.0403082e+01 +1.0935109e+01 +1.0935109e+01 +1.1174692e+01 +1.1174692e+01 
-5.2474877e+01 -5.2473861e+01 -5.2473262e+01 -2.4996846e+01 -2.4986368e+01 -2.4966793e+01 -2.4966793e+01 -2.4966627e+01 -2.4965318e+01 -2.4965318e+01 -2.4962454e+01 -2.4962454e+01 -3.1888040e+00 -1.9681525e+00 -7.7762887e-01 +2.7558840e+00 +5.0467335e+00 +1.0895954e+01 +1.0958251e+01 +1.0958251e+01 +1.1247030e+01 +1.1247030e+01 
-5.2474900e+01 -5.2473797e+01 -5.2473301e+01 -2.4995817e+01 -2.4987881e+01 -2.4966671e+01 -2.4966671e+01 -2.4966172e+01 -2.4965525e+01 -2.4965525e+01 -2.4962393e+01 -2.4962393e+01 -3.2114407e+00 -1.8398784e+00 -9.4671258e-01 +3.0216594e+00 +4.7416778e+00 +1.0978799e+01 +1.0978799e+01 +1.1242010e+01 +1.1242010e+01 +1.1338445e+01 
-5.2474917e+01 -5.2473741e+01 -5.2473340e+01 -2.4994689e+01 -2.4989358e+01 -2.4966542e+01 -2.4966542e+01 -2.4965841e+01 -2.4965718e+01 -2.4965718e+01 -2.4962351e+01 -2.4962351e+01 -3.2276054e+00 -1.7056625e+00 -1.1100874e+00 +3.2936257e+00 +4.4413141e+00 +1.0999145e+01 +1.0999145e+01 +1.1183958e+01 +1.1183958e+01 +1.1443993e+01 
-5.2474929e+01 -5.2473699e+01 -5.2473371e+01 -2.4993471e+01 -2.4990786e+01 -2.4966418e+01 -2.4966418e+01 -2.4965880e+01 -2.4965880e+01 -2.4965640e+01 -2.4962325e+01 -2.4962325e+01 -3.2373016e+00 -1.5655380e+00 -1.2677100e+00 +3.5717272e+00 +4.1460305e+00 +1.1018806e+01 +1.1018806e+01 +1.1140956e+01 +1.1140956e+01 +1.1554864e+01 
-5.2474932e+01 -5.2473682e+01 -5.2473383e+01 -2.4992292e+01 -2.4992035e+01 -2.4966354e+01 -2.4966354e+01 -2.4965957e+01 -2.4965957e+01 -2.4965573e+01 -2.4962316e+01 -2.4962316e+01 -3.2405332e+00 -1.4198941e+00 -1.4191870e+00 +3.8482465e+00 +3.8637593e+00 +1.1029038e+01 +1.1029038e+01 +1.1122833e+01 +1.1122833e+01 +1.1622217e+01 
-5.2474930e+01 -5.2473680e+01 -5.2473382e+01 -2.4992284e+01 -2.4992026e+01 -2.4966407e+01 -2.4966374e+01 -2.4965998e+01 -2.4965967e+01 -2.4965582e+01 -2.4962378e+01 -2.4962329e+01 -3.2373369e+00 -1.4168046e+00 -1.4161097e+00 +3.8513925e+00 +3.8666234e+00 +1.0750943e+01 +1.0789527e+01 +1.1299732e+01 +1.1301857e+01 +1.1395667e+01 
-5.2474923e+01 -5.2473673e+01 -5.2473376e+01 -2.4992258e+01 -2.4991998e+01 -2.4966559e+01 -2.4966443e+01 -2.4966114e+01 -2.4966004e+01 -2.4965611e+01 -2.4962562e+01 -2.4962369e+01 -3.2277530e+00 -1.4075393e+00 -1.4068803e+00 +3.8607894e+00 +3.8751963e+00 +1.0380461e+01 +1.0481072e+01 +1.0973447e+01 +1.1150570e+01 +1.1441539e+01 
-5.2474911e+01 -5.2473662e+01 -5.2473366e+01 -2.4992214e+01 -2.4991951e+01 -2.4966805e+01 -2.4966591e+01 -2.4966273e+01 -2.4966074e+01 -2.4965657e+01 -2.4962864e+01 -2.4962434e+01 -3.2117944e+00 -1.3921072e+00 -1.3915066e+00 +3.8763108e+00 +3.8894173e+00 +9.9967171e+00 +1.0153768e+01 +1.0553102e+01 +1.0860358e+01 +1.1506041e+01 
-5.2474893e+01 -5.2473647e+01 -5.2473351e+01 -2.4992151e+01 -2.4991884e+01 -2.4967139e+01 -2.4966865e+01 -2.4966428e+01 -2.4966186e+01 -2.4965721e+01 -2.4963274e+01 -2.4962525e+01 -3.1894784e+00 -1.3705241e+00 -1.3699995e+00 +3.8977388e+00 +3.9091794e+00 +9.6205249e+00 +9.8152476e+00 +1.0144874e+01 +1.0566392e+01 +1.1544771e+01 
-5.2474868e+01 -5.2473627e+01 -5.2473331e+01 -2.4992070e+01 -2.4991799e+01 -2.4967557e+01 -2.4967264e+01 -2.4966577e+01 -2.4966347e+01 -2.4965802e+01 -2.4963781e+01 -2.4962642e+01 -3.1608224e+00 -1.3428115e+00 -1.3423714e+00 +3.9247611e+00 +3.9343254e+00 +9.2587765e+00 +9.4711885e+00 +9.7652864e+00 +1.0273026e+01 +1.1571646e+01 
-5.2474838e+01 -5.2473603e+01 -5.2473306e+01 -2.4991973e+01 -2.4991697e+01 -2.4968056e+01 -2.4967762e+01 -2.4966739e+01 -2.4966572e+01 -2.4965901e+01 -2.4964361e+01 -2.4962785e+01 -3.1258420e+00 -1.3089949e+00 -1.3086346e+00 +3.9569827e+00 +3.9646515e+00 +8.9120163e+00 +9.1280176e+00 +9.4135299e+00 +9.9820279e+00 +1.1590992e+01 
-5.2474802e+01 -5.2473575e+01 -5.2473277e+01 -2.4991861e+01 -2.4991580e+01 -2.4968629e+01 -2.4968343e+01 -2.4966924e+01 -2.4966888e+01 -2.4966016e+01 -2.4964976e+01 -2.4962955e+01 -3.0845520e+00 -1.2691007e+00 -1.2688011e+00 +3.9939666e+00 +3.9999268e+00 +8.5785663e+00 +8.7912126e+00 +9.0826398e+00 +9.6946796e+00 +1.1598956e+01 
-5.2474760e+01 -5.2473543e+01 -5.2473244e+01 -2.4991737e+01 -2.4991451e+01 -2.4969269e+01 -2.4968994e+01 -2.4967342e+01 -2.4967135e+01 -2.4966149e+01 -2.4965571e+01 -2.4963151e+01 -3.0369686e+00 -1.2231530e+00 -1.2228825e+00 +4.0353066e+00 +4.0399298e+00 +8.2564379e+00 +8.4635325e+00 +8.7665695e+00 +9.4120712e+00 +1.1408310e+01 
-5.2474712e+01 -5.2473508e+01 -5.2473208e+01 -2.4991605e+01 -2.4991314e+01 -2.4969965e+01 -2.4969701e+01 -2.4967981e+01 -2.4967374e+01 -2.4966299e+01 -2.4966089e+01 -2.4963372e+01 -2.9831129e+00 -1.1711713e+00 -1.1708912e+00 +4.0807079e+00 +4.0844910e+00 +7.9440347e+00 +8.1457083e+00 +8.4616716e+00 +9.1351648e+00 +1.1083889e+01 
-5.2474658e+01 -5.2473470e+01 -5.2473170e+01 -2.4991468e+01 -2.4991173e+01 -2.4970705e+01 -2.4970453e+01 -2.4968799e+01 -2.4967642e+01 -2.4966524e+01 -2.4966468e+01 -2.4963619e+01 -2.9230118e+00 -1.1131688e+00 -1.1128404e+00 +4.1300244e+00 +4.1335192e+00 +7.6402964e+00 +7.8376719e+00 +8.1660230e+00 +8.8647917e+00 +1.0744206e+01 
-5.2474600e+01 -5.2473430e+01 -5.2473131e+01 -2.4991332e+01 -2.4991033e+01 -2.4971475e+01 -2.4971234e+01 -2.4969752e+01 -2.4967940e+01 -2.4966912e+01 -2.4966654e+01 -2.4963891e+01 -2.8566982e+00 -1.0491527e+00 -1.0487437e+00 +4.1832074e+00 +4.1869828e+00 +7.3446327e+00 +7.5392032e+00 +7.8787118e+00 +8.6016212e+00 +1.0410772e+01 
-5.2474537e+01 -5.2473387e+01 -5.2473089e+01 -2.4991201e+01 -2.4990900e+01 -2.4972263e+01 -2.4972033e+01 -2.4970795e+01 -2.4968266e+01 -2.4967285e+01 -2.4966859e+01 -2.4964188e+01 -2.7842084e+00 -9.7912402e-01 -9.7861484e-01 +4.2401678e+00 +4.2448420e+00 +7.0567987e+00 +7.2501274e+00 +7.5994278e+00 +8.3461301e+00 +1.0089827e+01 
-5.2474469e+01 -5.2473344e+01 -5.2473047e+01 -2.4991081e+01 -2.4990780e+01 -2.4973059e+01 -2.4972834e+01 -2.4971893e+01 -2.4968621e+01 -2.4967661e+01 -2.4967083e+01 -2.4964510e+01 -2.7055806e+00 -9.0308036e-01 -9.0246713e-01 +4.3005996e+00 +4.3069496e+00 +6.7767688e+00 +6.9703406e+00 +7.3282651e+00 +8.0986047e+00 +9.7825731e+00 
-5.2474398e+01 -5.2473298e+01 -5.2473004e+01 -2.4990979e+01 -2.4990679e+01 -2.4973865e+01 -2.4973625e+01 -2.4973007e+01 -2.4969004e+01 -2.4968052e+01 -2.4967326e+01 -2.4964855e+01 -2.6208520e+00 -8.2102107e-01 -8.2031412e-01 +4.3638052e+00 +4.3729450e+00 +6.5046399e+00 +6.6998097e+00 +7.0656616e+00 +7.8591925e+00 +9.4884993e+00 
-5.2474324e+01 -5.2473252e+01 -5.2472960e+01 -2.4990902e+01 -2.4990606e+01 -2.4974726e+01 -2.4974391e+01 -2.4974062e+01 -2.4969414e+01 -2.4968463e+01 -2.4967589e+01 -2.4965225e+01 -2.5300573e+00 -7.3295342e-01 -7.3217143e-01 +4.4285194e+00 +4.4421444e+00 +6.2405790e+00 +6.4385938e+00 +6.8124616e+00 +7.6280072e+00 +9.2065466e+00 
-5.2474247e+01 -5.2473205e+01 -5.2472916e+01 -2.4990857e+01 -2.4990565e+01 -2.4975737e+01 -2.4975116e+01 -2.4974933e+01 -2.4969848e+01 -2.4968895e+01 -2.4967873e+01 -2.4965616e+01 -2.4332269e+00 -6.3889709e-01 -6.3805942e-01 +4.4926511e+00 +4.5133873e+00 +5.9848421e+00 +6.1868961e+00 +6.5701309e+00 +7.4052803e+00 +8.9355793e+00 
-5.2474167e+01 -5.2473157e+01 -5.2472871e+01 -2.4990848e+01 -2.4990564e+01 -2.4976870e+01 -2.4975789e+01 -2.4975619e+01 -2.4970305e+01 -2.4969350e+01 -2.4968178e+01 -2.4966027e+01 -2.3303858e+00 -5.3888511e-01 -5.3800589e-01 +4.5527928e+00 +4.5847354e+00 +5.7379256e+00 +5.9451355e+00 +6.3412205e+00 +7.1915797e+00 +8.6746047e+00 
-5.2474086e+01 -5.2473109e+01 -5.2472827e+01 -2.4990880e+01 -2.4990604e+01 -2.4978038e+01 -2.4976400e+01 -2.4976185e+01 -2.4970781e+01 -2.4969828e+01 -2.4968505e+01 -2.4966457e+01 -2.2215542e+00 -4.3296093e-01 -4.3204742e-01 +4.6032799e+00 +4.6527440e+00 +5.5010836e+00 +5.7140060e+00 +6.1302743e+00 +6.9881365e+00 +8.4228672e+00 
-5.2474003e+01 -5.2473061e+01 -5.2472783e+01 -2.4990953e+01 -2.4990687e+01 -2.4979202e+01 -2.4976943e+01 -2.4976651e+01 -2.4971273e+01 -2.4970328e+01 -2.4968855e+01 -2.4966902e+01 -2.1067493e+00 -3.2117306e-01 -3.2022873e-01 +4.6347037e+00 +4.7102217e+00 +5.2782336e+00 +5.4944016e+00 +5.9453725e+00 +6.7973238e+00 +8.1798612e+00 
-5.2473920e+01 -5.2473014e+01 -5.2472740e+01 -2.4991064e+01 -2.4990810e+01 -2.4980346e+01 -2.4977418e+01 -2.4977021e+01 -2.4971776e+01 -2.4970848e+01 -2.4969228e+01 -2.4967360e+01 -1.9859882e+00 -2.0357002e-01 -2.0260070e-01 +4.6329747e+00 +4.7369594e+00 +5.0847215e+00 +5.2868366e+00 +5.7995903e+00 +6.6233020e+00 +7.9453068e+00 
-5.2473837e+01 -5.2472968e+01 -5.2472698e+01 -2.4991210e+01 -2.4990967e+01 -2.4981456e+01 -2.4977830e+01 -2.4977300e+01 -2.4972283e+01 -2.4971387e+01 -2.4969624e+01 -2.4967827e+01 -1.8592912e+00 -8.0198116e-02 -7.9218502e-02 +4.5833915e+00 +4.6754623e+00 +4.9709890e+00 +5.0899814e+00 +5.7083069e+00 +6.4726990e+00 +7.7191406e+00 
-5.2473755e+01 -5.2472923e+01 -5.2472658e+01 -2.4991379e+01 -2.4991149e+01 -2.4982521e+01 -2.4978192e+01 -2.4977494e+01 -2.4972787e+01 -2.4971941e+01 -2.4970041e+01 -2.4968301e+01 -1.7266848e+00 +4.8896431e-02 +4.9858238e-02 +4.4823972e+00 +4.5139315e+00 +4.8997788e+00 +4.9394440e+00 +5.6782144e+00 +6.3547580e+00 +7.5015758e+00 
-5.2473674e+01 -5.2472880e+01 -5.2472620e+01 -2.4991563e+01 -2.4991342e+01 -2.4983531e+01 -2.4978521e+01 -2.4977616e+01 -2.4973280e+01 -2.4972508e+01 -2.4970477e+01 -2.4968779e+01 -1.5882035e+00 +1.8366176e-01 +1.8456228e-01 +4.3212589e+00 +4.3422911e+00 +4.7119061e+00 +4.9111439e+00 +5.6999429e+00 +6.2795981e+00 +7.2932918e+00 
-5.2473596e+01 -5.2472840e+01 -5.2472584e+01 -2.4991749e+01 -2.4991536e+01 -2.4984473e+01 -2.4978836e+01 -2.4977677e+01 -2.4973754e+01 -2.4973082e+01 -2.4970926e+01 -2.4969259e+01 -1.4438890e+00 +3.2403256e-01 +3.2481208e-01 +4.1240330e+00 +4.1798046e+00 +4.5246605e+00 +4.8532204e+00 +5.7561764e+00 +6.2537069e+00 +7.0958766e+00 
-5.2473522e+01 -5.2472802e+01 -5.2472550e+01 -2.4991925e+01 -2.4991715e+01 -2.4985338e+01 -2.4979163e+01 -2.4977695e+01 -2.4974200e+01 -2.4973655e+01 -2.4971381e+01 -2.4969739e+01 -1.2937890e+00 +4.6992106e-01 +4.7050116e-01 +3.9286470e+00 +4.0068755e+00 +4.3384969e+00 +4.7608329e+00 +5.8303189e+00 +6.2758214e+00 +6.9128698e+00 
-5.2473451e+01 -5.2472766e+01 -5.2472519e+01 -2.4992080e+01 -2.4991868e+01 -2.4986115e+01 -2.4979522e+01 -2.4977691e+01 -2.4974618e+01 -2.4974212e+01 -2.4971827e+01 -2.4970217e+01 -1.1379548e+00 +6.2120574e-01 +6.2148239e-01 +3.7371027e+00 +3.8302657e+00 +4.1545114e+00 +4.6401241e+00 +5.9057840e+00 +6.3381059e+00 +6.7523596e+00 
-5.2473384e+01 -5.2472733e+01 -5.2472492e+01 -2.4992203e+01 -2.4991984e+01 -2.4986795e+01 -2.4979929e+01 -2.4977698e+01 -2.4975013e+01 -2.4974731e+01 -2.4972248e+01 -2.4970691e+01 -9.7643884e-01 +7.7754461e-01 +7.7771487e-01 +3.5502189e+00 +3.6536610e+00 +3.9737372e+00 +4.5001922e+00 +5.9588539e+00 +6.4305956e+00 +6.6326483e+00 
-5.2473321e+01 -5.2472702e+01 -5.2472468e+01 -2.4992285e+01 -2.4992054e+01 -2.4987373e+01 -2.4980394e+01 -2.4977762e+01 -2.4975401e+01 -2.4975171e+01 -2.4972625e+01 -2.4971157e+01 -8.0929385e-01 +9.3837494e-01 +9.3919929e-01 +3.3684284e+00 +3.4791982e+00 +3.7970343e+00 +4.3490322e+00 +5.9554366e+00 +6.5213033e+00 +6.5768443e+00 
-5.2473263e+01 -5.2472673e+01 -5.2472447e+01 -2.4992319e+01 -2.4992071e+01 -2.4987843e+01 -2.4980915e+01 -2.4977938e+01 -2.4975805e+01 -2.4975480e+01 -2.4972944e+01 -2.4971607e+01 -6.3657235e-01 +1.1034919e+00 +1.1052843e+00 +3.1920420e+00 +3.3082873e+00 +3.6251724e+00 +4.1926044e+00 +5.8815211e+00 +6.3565379e+00 +6.6161797e+00 
-5.2473209e+01 -5.2472645e+01 -5.2472430e+01 -2.4992301e+01 -2.4992031e+01 -2.4988204e+01 -2.4981487e+01 -2.4978263e+01 -2.4976243e+01 -2.4975624e+01 -2.4973206e+01 -2.4972024e+01 -4.5832751e-01 +1.2721156e+00 +1.2753793e+00 +3.0213799e+00 +3.1420547e+00 +3.4589631e+00 +4.0352145e+00 +5.7627680e+00 +6.1756770e+00 +6.6985860e+00 
-5.2473160e+01 -5.2472619e+01 -5.2472416e+01 -2.4992229e+01 -2.4991930e+01 -2.4988453e+01 -2.4982099e+01 -2.4978719e+01 -2.4976722e+01 -2.4975624e+01 -2.4973448e+01 -2.4972372e+01 -2.7461483e-01 +1.4428914e+00 +1.4484935e+00 +2.8569049e+00 +2.9816542e+00 +3.2994481e+00 +3.8801321e+00 +5.6256004e+00 +6.0011393e+00 +6.7951981e+00 
-5.2473117e+01 -5.2472594e+01 -5.2472406e+01 -2.4992103e+01 -2.4991769e+01 -2.4988592e+01 -2.4982738e+01 -2.4979255e+01 -2.4977235e+01 -2.4975526e+01 -2.4973731e+01 -2.4972598e+01 -8.5494923e-02 +1.6132488e+00 +1.6228063e+00 +2.6994992e+00 +2.8286487e+00 +3.1482647e+00 +3.7301707e+00 +5.4830548e+00 +5.8333963e+00 +6.8751105e+00 
-5.2473079e+01 -5.2472571e+01 -5.2472400e+01 -2.4991928e+01 -2.4991550e+01 -2.4988620e+01 -2.4983393e+01 -2.4979832e+01 -2.4977770e+01 -2.4975369e+01 -2.4974091e+01 -2.4972682e+01 +1.0896193e-01 +1.7777548e+00 +1.7944540e+00 +2.5513483e+00 +2.6857696e+00 +3.0085749e+00 +3.5883045e+00 +5.3408663e+00 +5.6724716e+00 +6.9070917e+00 
-5.2473047e+01 -5.2472549e+01 -5.2472397e+01 -2.4991715e+01 -2.4991282e+01 -2.4988539e+01 -2.4984049e+01 -2.4980419e+01 -2.4978311e+01 -2.4975176e+01 -2.4974507e+01 -2.4972660e+01 +3.0866749e-01 +1.9236081e+00 +1.9528716e+00 +2.4198740e+00 +2.5586621e+00 +2.8878350e+00 +3.4585825e+00 +5.2017411e+00 +5.5183279e+00 +6.8776134e+00 
-5.2473020e+01 -5.2472528e+01 -5.2472398e+01 -2.4991480e+01 -2.4990975e+01 -2.4988354e+01 -2.4984693e+01 -2.4980993e+01 -2.4978841e+01 -2.4974962e+01 -2.4974953e+01 -2.4972569e+01 +5.1349790e-01 +2.0208222e+00 +2.0569116e+00 +2.3399882e+00 +2.4575172e+00 +2.8059691e+00 +3.3478944e+00 +5.0671112e+00 +5.3709186e+00 +6.8037497e+00 
-5.2472999e+01 -5.2472509e+01 -5.2472402e+01 -2.4991246e+01 -2.4990644e+01 -2.4988068e+01 -2.4985307e+01 -2.4981534e+01 -2.4979342e+01 -2.4975410e+01 -2.4974737e+01 -2.4972437e+01 +7.2325092e-01 +2.0257612e+00 +2.0296308e+00 +2.3798102e+00 +2.3808591e+00 +2.8041446e+00 +3.2694558e+00 +4.9378568e+00 +5.2301941e+00 +6.7080699e+00 
-5.2472984e+01 -5.2472491e+01 -5.2472410e+01 -2.4991047e+01 -2.4990312e+01 -2.4987687e+01 -2.4985869e+01 -2.4982020e+01 -2.4979794e+01 -2.4975870e+01 -2.4974504e+01 -2.4972279e+01 +9.3752333e-01 +1.9219250e+00 +1.9625471e+00 +2.2972854e+00 +2.4542159e+00 +2.9009152e+00 +3.2464402e+00 +4.8146568e+00 +5.0960944e+00 +6.6039884e+00 
-5.2472974e+01 -5.2472475e+01 -5.2472420e+01 -2.4990925e+01 -2.4990005e+01 -2.4987217e+01 -2.4986358e+01 -2.4982422e+01 -2.4980173e+01 -2.4976327e+01 -2.4974270e+01 -2.4972106e+01 +1.1552482e+00 +1.8074023e+00 +1.8639455e+00 +2.1986491e+00 +2.4795259e+00 +3.0593447e+00 +3.3015859e+00 +4.6982468e+00 +4.9685412e+00 +6.4981194e+00 
-5.2472969e+01 -5.2472460e+01 -5.2472433e+01 -2.4990924e+01 -2.4989754e+01 -2.4986753e+01 -2.4986666e+01 -2.4982707e+01 -2.4980450e+01 -2.4976775e+01 -2.4974035e+01 -2.4971924e+01 +1.3716382e+00 +1.6994120e+00 +1.7565801e+00 +2.0942716e+00 +2.4482257e+00 +3.2460154e+00 +3.4297890e+00 +4.5897764e+00 +4.8474416e+00 +6.3938667e+00 
-5.2472968e+01 -5.2472447e+01 -5.2472446e+01 -2.4991070e+01 -2.4989593e+01 -2.4987058e+01 -2.4986045e+01 -2.4982842e+01 -2.4980598e+01 -2.4977212e+01 -2.4973801e+01 -2.4971739e+01 +1.5180437e+00 +1.6486761e+00 +1.6690089e+00 +1.9899969e+00 +2.3832017e+00 +3.4441563e+00 +3.6053547e+00 +4.4916014e+00 +4.7327218e+00 +6.2933165e+00 
-5.2472968e+01 -5.2472447e+01 -5.2472446e+01 -2.4991070e+01 -2.4989593e+01 -2.4987058e+01 -2.4986045e+01 -2.4982842e+01 -2.4980598e+01 -2.4977212e+01 -2.4973801e+01 -2.4971739e+01 +1.5180437e+00 +1.6486761e+00 +1.6690089e+00 +1.9899969e+00 +2.3832017e+00 +3.4441563e+00 +3.6053547e+00 +4.4916014e+00 +4.7327218e+00 +6.2933165e+00 
-5.2472971e+01 -5.2472464e+01 -5.2472434e+01 -2.4991362e+01 -2.4989548e+01 -2.4987304e+01 -2.4985360e+01 -2.4982797e+01 -2.4980590e+01 -2.4977636e+01 -2.4973567e+01 -2.4971553e+01 +1.4487493e+00 +1.5424754e+00 +1.8618715e+00 +1.8875223e+00 +2.3044114e+00 +3.6433508e+00 +3.8101046e+00 +4.4089484e+00 +4.6234259e+00 +6.1972386e+00 
-5.2472978e+01 -5.2472481e+01 -5.2472422e+01 -2.4991766e+01 -2.4989629e+01 -2.4987536e+01 -2.4984629e+01 -2.4982561e+01 -2.4980416e+01 -2.4978038e+01 -2.4973334e+01 -2.4971371e+01 +1.3514254e+00 +1.4404625e+00 +1.7890773e+00 +2.0726266e+00 +2.2389557e+00 +3.8204465e+00 +4.0315704e+00 +4.3606485e+00 +4.5209782e+00 +6.1081962e+00 
-5.2472987e+01 -5.2472500e+01 -5.2472413e+01 -2.4992243e+01 -2.4989825e+01 -2.4987792e+01 -2.4983867e+01 -2.4982154e+01 -2.4980093e+01 -2.4978404e+01 -2.4973100e+01 -2.4971193e+01 +1.2561146e+00 +1.3433609e+00 +1.6952784e+00 +2.0988957e+00 +2.3633143e+00 +3.9270704e+00 +4.2631968e+00 +4.3924781e+00 +4.4270982e+00 +6.0279866e+00 
-5.2473000e+01 -5.2472520e+01 -5.2472405e+01 -2.4992761e+01 -2.4990108e+01 -2.4988084e+01 -2.4983086e+01 -2.4981612e+01 -2.4979703e+01 -2.4978675e+01 -2.4972863e+01 -2.4971019e+01 +1.1654738e+00 +1.2515526e+00 +1.6064614e+00 +2.0222598e+00 +2.5943627e+00 +3.9341082e+00 +4.3346964e+00 +4.5103423e+00 +4.5305903e+00 +5.9590995e+00 
-5.2473014e+01 -5.2472540e+01 -5.2472399e+01 -2.4993296e+01 -2.4990452e+01 -2.4988409e+01 -2.4982295e+01 -2.4980976e+01 -2.4979544e+01 -2.4978587e+01 -2.4972617e+01 -2.4970848e+01 +1.0801630e+00 +1.1652512e+00 +1.5228429e+00 +1.9417971e+00 +2.8313703e+00 +3.8892336e+00 +4.2589814e+00 +4.7225919e+00 +4.7581444e+00 +5.9058859e+00 
-5.2473031e+01 -5.2472561e+01 -5.2472394e+01 -2.4993832e+01 -2.4990830e+01 -2.4988758e+01 -2.4981505e+01 -2.4980290e+01 -2.4979743e+01 -2.4978051e+01 -2.4972361e+01 -2.4970679e+01 +1.0004495e+00 +1.0845913e+00 +1.4445989e+00 +1.8639508e+00 +3.0640935e+00 +3.8288909e+00 +4.1957880e+00 +4.9229329e+00 +5.0133856e+00 +5.8771975e+00 
-5.2473049e+01 -5.2472583e+01 -5.2472392e+01 -2.4994357e+01 -2.4991225e+01 -2.4989117e+01 -2.4980722e+01 -2.4980027e+01 -2.4979590e+01 -2.4977373e+01 -2.4972092e+01 -2.4970513e+01 +9.2648047e-01 +1.0096787e+00 +1.3718921e+00 +1.7901380e+00 +3.2826760e+00 +3.7656136e+00 +4.1539066e+00 +5.1009851e+00 +5.2739291e+00 +5.8910597e+00 
-5.2473068e+01 -5.2472605e+01 -5.2472391e+01 -2.4994861e+01 -2.4991620e+01 -2.4989476e+01 -2.4980317e+01 -2.4979954e+01 -2.4978906e+01 -2.4976662e+01 -2.4971812e+01 -2.4970348e+01 +8.5834927e-01 +9.4061283e-01 +1.3048677e+00 +1.7210357e+00 +3.4682242e+00 +3.7039065e+00 +4.1502570e+00 +5.2256135e+00 +5.5374324e+00 +5.9742523e+00 
-5.2473088e+01 -5.2472626e+01 -5.2472391e+01 -2.4995339e+01 -2.4992006e+01 -2.4989825e+01 -2.4980594e+01 -2.4979210e+01 -2.4978262e+01 -2.4975960e+01 -2.4971522e+01 -2.4970186e+01 +7.9611617e-01 +8.7748775e-01 +1.2436375e+00 +1.6571426e+00 +3.5911142e+00 +3.6457408e+00 +4.2115569e+00 +5.2841012e+00 +5.7957309e+00 +6.1378654e+00 
-5.2473107e+01 -5.2472647e+01 -5.2472393e+01 -2.4995784e+01 -2.4992372e+01 -2.4990159e+01 -2.4980853e+01 -2.4978499e+01 -2.4977673e+01 -2.4975290e+01 -2.4971226e+01 -2.4970028e+01 +7.3981755e-01 +8.2038564e-01 +1.1882726e+00 +1.5988826e+00 +3.5921400e+00 +3.6403645e+00 +4.3444144e+00 +5.2960682e+00 +6.0050493e+00 +6.2495388e+00 
-5.2473126e+01 -5.2472667e+01 -5.2472396e+01 -2.4996193e+01 -2.4992713e+01 -2.4990470e+01 -2.4981091e+01 -2.4977831e+01 -2.4977148e+01 -2.4974669e+01 -2.4970930e+01 -2.4969874e+01 +6.8947306e-01 +7.6937068e-01 +1.1388072e+00 +1.5466058e+00 +3.5437020e+00 +3.6426989e+00 +4.5156903e+00 +5.2855700e+00 +6.0975903e+00 +6.4609370e+00 
-5.2473144e+01 -5.2472685e+01 -5.2472399e+01 -2.4996560e+01 -2.4993024e+01 -2.4990754e+01 -2.4981306e+01 -2.4977216e+01 -2.4976690e+01 -2.4974109e+01 -2.4970640e+01 -2.4969725e+01 +6.4509137e-01 +7.2448727e-01 +1.0952497e+00 +1.5005745e+00 +3.5007989e+00 +3.6253351e+00 +4.6895499e+00 +5.2664376e+00 +6.1648449e+00 +6.7382546e+00 
-5.2473161e+01 -5.2472702e+01 -5.2472403e+01 -2.4996885e+01 -2.4993301e+01 -2.4991007e+01 -2.4981495e+01 -2.4976667e+01 -2.4976298e+01 -2.4973620e+01 -2.4970365e+01 -2.4969584e+01 +6.0667376e-01 +6.8576022e-01 +1.0575935e+00 +1.4609556e+00 +3.4636618e+00 +3.6017858e+00 +4.8430670e+00 +5.2453894e+00 +6.2628475e+00 +7.0337092e+00 
-5.2473176e+01 -5.2472716e+01 -5.2472406e+01 -2.4997163e+01 -2.4993539e+01 -2.4991226e+01 -2.4981658e+01 -2.4976200e+01 -2.4975962e+01 -2.4973207e+01 -2.4970116e+01 -2.4969454e+01 +5.7421550e-01 +6.5319291e-01 +1.0258238e+00 +1.4278167e+00 +3.4324189e+00 +3.5779817e+00 +4.9639031e+00 +5.2257194e+00 +6.4055916e+00 +7.3375454e+00 
-5.2473188e+01 -5.2472729e+01 -5.2472410e+01 -2.4997393e+01 -2.4993737e+01 -2.4991406e+01 -2.4981793e+01 -2.4975843e+01 -2.4975657e+01 -2.4972873e+01 -2.4969902e+01 -2.4969339e+01 +5.4770557e-01 +6.2676058e-01 +9.9991901e-01 +1.4011233e+00 +3.4071088e+00 +3.5566774e+00 +5.0496720e+00 +5.2090595e+00 +6.5932329e+00 +7.6449132e+00 
-5.2473199e+01 -5.2472738e+01 -5.2472413e+01 -2.4997573e+01 -2.4993894e+01 -2.4991548e+01 -2.4981899e+01 -2.4975609e+01 -2.4975375e+01 -2.4972617e+01 -2.4969729e+01 -2.4969245e+01 +5.2712619e-01 +6.0640062e-01 +9.7984804e-01 +1.3807402e+00 +3.3876824e+00 +3.5392541e+00 +5.1054869e+00 +5.1961338e+00 +6.8167329e+00 +7.9476098e+00 
-5.2473207e+01 -5.2472745e+01 -5.2472415e+01 -2.4997703e+01 -2.4994006e+01 -2.4991649e+01 -2.4981975e+01 -2.4975459e+01 -2.4975153e+01 -2.4972437e+01 -2.4969604e+01 -2.4969175e+01 +5.1245393e-01 +5.9200822e-01 +9.6556834e-01 +1.3664521e+00 +3.3740104e+00 +3.5264419e+00 +5.1389625e+00 +5.1871146e+00 +7.0601625e+00 +8.2015178e+00 
-5.2473211e+01 -5.2472750e+01 -5.2472416e+01 -2.4997781e+01 -2.4994074e+01 -2.4991709e+01 -2.4982021e+01 -2.4975374e+01 -2.4975015e+01 -2.4972330e+01 -2.4969528e+01 -2.4969133e+01 +5.0366386e-01 +5.8345168e-01 +9.5702986e-01 +1.3580137e+00 +3.3659155e+00 +3.5186293e+00 +5.1564799e+00 +5.1818596e+00 +7.2919056e+00 +8.1613973e+00 
-5.2473213e+01 -5.2472751e+01 -5.2472417e+01 -2.4997807e+01 -2.4994096e+01 -2.4991729e+01 -2.4982037e+01 -2.4975346e+01 -2.4974969e+01 -2.4972295e+01 -2.4969503e+01 -2.4969118e+01 +5.0073633e-01 +5.8061514e-01 +9.5418950e-01 +1.3552264e+00 +3.3632387e+00 +3.5160061e+00 +5.1618989e+00 +5.1801426e+00 +7.4113430e+00 +8.0523908e+00 
-5.2473213e+01 -5.2472751e+01 -5.2472417e+01 -2.4997767e+01 -2.4994206e+01 -2.4991631e+01 -2.4982091e+01 -2.4975310e+01 -2.4974954e+01 -2.4972300e+01 -2.4969683e+01 -2.4968951e+01 +5.0357860e-01 +5.8322643e-01 +9.1121437e-01 +1.4049288e+00 +3.2877002e+00 +3.5914933e+00 +4.9249647e+00 +5.4234297e+00 +7.4143805e+00 +8.0523209e+00 
-5.2473213e+01 -5.2472749e+01 -5.2472417e+01 -2.4997650e+01 -2.4994484e+01 -2.4991394e+01 -2.4982236e+01 -2.4975219e+01 -2.4974910e+01 -2.4972313e+01 -2.4969983e+01 -2.4968687e+01 +5.1193924e-01 +5.9054317e-01 +8.1817729e-01 +1.5188129e+00 +3.1688181e+00 +3.7062331e+00 +4.6931642e+00 +5.6780344e+00 +7.4234594e+00 +8.0486438e+00 
-5.2473213e+01 -5.2472747e+01 -5.2472417e+01 -2.4997457e+01 -2.4994841e+01 -2.4991121e+01 -2.4982423e+01 -2.4975108e+01 -2.4974838e+01 -2.4972323e+01 -2.4970305e+01 -2.4968426e+01 +5.2472520e-01 +5.9887516e-01 +7.1649473e-01 +1.6601990e+00 +3.0481592e+00 +3.8001916e+00 +4.4959332e+00 +5.9322377e+00 +7.4384750e+00 +8.0288013e+00 
-5.2473214e+01 -5.2472745e+01 -5.2472418e+01 -2.4997195e+01 -2.4995215e+01 -2.4990893e+01 -2.4982591e+01 -2.4975025e+01 -2.4974738e+01 -2.4972312e+01 -2.4970633e+01 -2.4968181e+01 +5.2937709e-01 +5.8258302e-01 +6.5743579e-01 +1.8159553e+00 +2.9310026e+00 +3.8137836e+00 +4.3891938e+00 +6.1830542e+00 +7.4592411e+00 +7.9699629e+00 
-5.2473223e+01 -5.2472761e+01 -5.2472415e+01 -2.4996969e+01 -2.4994976e+01 -2.4990809e+01 -2.4983091e+01 -2.4974775e+01 -2.4974702e+01 -2.4972194e+01 -2.4970568e+01 -2.4968162e+01 +3.8589105e-01 +3.9219126e-01 +8.1926932e-01 +2.0193131e+00 +3.1335840e+00 +3.6229465e+00 +4.2110605e+00 +6.3486465e+00 +7.4644665e+00 +8.0449530e+00 
-5.2473238e+01 -5.2472784e+01 -5.2472413e+01 -2.4996637e+01 -2.4994639e+01 -2.4990634e+01 -2.4983635e+01 -2.4974639e+01 -2.4974504e+01 -2.4972065e+01 -2.4970478e+01 -2.4968120e+01 +2.0120419e-01 +2.0390742e-01 +1.0313001e+00 +2.2316392e+00 +3.3345894e+00 +3.4423751e+00 +4.0419641e+00 +6.5123766e+00 +7.4734133e+00 +8.1182477e+00 
-5.2473260e+01 -5.2472813e+01 -5.2472414e+01 -2.4996203e+01 -2.4994206e+01 -2.4990372e+01 -2.4984206e+01 -2.4974550e+01 -2.4974219e+01 -2.4971930e+01 -2.4970362e+01 -2.4968055e+01 +1.8234634e-02 +1.9896986e-02 +1.2500505e+00 +2.4507255e+00 +3.2538732e+00 +3.5402535e+00 +3.8951317e+00 +6.6735568e+00 +7.4859988e+00 +8.1928622e+00 
-5.2473289e+01 -5.2472849e+01 -5.2472416e+01 -2.4995672e+01 -2.4993680e+01 -2.4990031e+01 -2.4984788e+01 -2.4974434e+01 -2.4973924e+01 -2.4971791e+01 -2.4970224e+01 -2.4967970e+01 -1.6038957e-01 -1.5910303e-01 +1.4721050e+00 +2.6747689e+00 +3.0816573e+00 +3.6222710e+00 +3.8770624e+00 +6.8314292e+00 +7.5021665e+00 +8.2699359e+00 
-5.2473323e+01 -5.2472891e+01 -5.2472421e+01 -2.4995052e+01 -2.4993069e+01 -2.4989623e+01 -2.4985353e+01 -2.4974293e+01 -2.4973625e+01 -2.4971651e+01 -2.4970063e+01 -2.4967864e+01 -3.3391277e-01 -3.3275728e-01 +1.6949015e+00 +2.8871151e+00 +2.9288080e+00 +3.5216357e+00 +4.0621551e+00 +6.9851147e+00 +7.5219533e+00 +8.3487643e+00 
-5.2473363e+01 -5.2472938e+01 -5.2472429e+01 -2.4994357e+01 -2.4992384e+01 -2.4989177e+01 -2.4985858e+01 -2.4974128e+01 -2.4973325e+01 -2.4971511e+01 -2.4969884e+01 -2.4967739e+01 -5.0200041e-01 -5.0086943e-01 +1.9141918e+00 +2.7503795e+00 +3.1201169e+00 +3.4166459e+00 +4.2885318e+00 +7.1336550e+00 +7.5455681e+00 +8.4266821e+00 
-5.2473408e+01 -5.2472990e+01 -5.2472440e+01 -2.4993608e+01 -2.4991643e+01 -2.4988751e+01 -2.4986215e+01 -2.4973938e+01 -2.4973025e+01 -2.4971373e+01 -2.4969686e+01 -2.4967597e+01 -6.6447303e-01 -6.6331638e-01 +2.1211036e+00 +2.5954118e+00 +3.2123699e+00 +3.4578380e+00 +4.5264839e+00 +7.2761104e+00 +7.5734617e+00 +8.4988868e+00 
-5.2473458e+01 -5.2473046e+01 -5.2472455e+01 -2.4992849e+01 -2.4990879e+01 -2.4988440e+01 -2.4986268e+01 -2.4973725e+01 -2.4972726e+01 -2.4971235e+01 -2.4969473e+01 -2.4967438e+01 -8.2122293e-01 -8.2002068e-01 +2.2955266e+00 +2.4465693e+00 +3.1752113e+00 +3.6752474e+00 +4.7716192e+00 +7.4116521e+00 +7.6063550e+00 +8.5589105e+00 
-5.2473511e+01 -5.2473105e+01 -5.2472472e+01 -2.4992181e+01 -2.4990141e+01 -2.4988207e+01 -2.4985920e+01 -2.4973488e+01 -2.4972429e+01 -2.4971098e+01 -2.4969245e+01 -2.4967266e+01 -9.7218317e-01 -9.7093228e-01 +2.3011074e+00 +2.4041583e+00 +3.1918580e+00 +3.9225605e+00 +5.0225449e+00 +7.5395906e+00 +7.6451912e+00 +8.6005404e+00 
-5.2473568e+01 -5.2473167e+01 -5.2472492e+01 -2.4991801e+01 -2.4989433e+01 -2.4987769e+01 -2.4985279e+01 -2.4973229e+01 -2.4972131e+01 -2.4970961e+01 -2.4969005e+01 -2.4967082e+01 -1.1173127e+00 -1.1160169e+00 +2.1642264e+00 +2.4172474e+00 +3.3073418e+00 +4.1794049e+00 +5.2785412e+00 +7.6592895e+00 +7.6910031e+00 +8.6204983e+00 
-5.2473628e+01 -5.2473231e+01 -5.2472516e+01 -2.4991847e+01 -2.4988618e+01 -2.4987019e+01 -2.4984475e+01 -2.4972947e+01 -2.4971833e+01 -2.4970820e+01 -2.4968752e+01 -2.4966888e+01 -1.2565862e+00 -1.2552488e+00 +2.0325971e+00 +2.3633629e+00 +3.4994373e+00 +4.4425841e+00 +5.5390988e+00 +7.7447302e+00 +7.7699069e+00 +8.6196102e+00 
-5.2473689e+01 -5.2473297e+01 -5.2472541e+01 -2.4992207e+01 -2.4987645e+01 -2.4986080e+01 -2.4983575e+01 -2.4972646e+01 -2.4971531e+01 -2.4970675e+01 -2.4968489e+01 -2.4966686e+01 -1.3899850e+00 -1.3886067e+00 +1.9067159e+00 +2.2779581e+00 +3.7329426e+00 +4.7110310e+00 +5.8037896e+00 +7.8070529e+00 +7.8699212e+00 +8.6017570e+00 
-5.2473753e+01 -5.2473364e+01 -5.2472569e+01 -2.4992722e+01 -2.4986569e+01 -2.4985052e+01 -2.4982614e+01 -2.4972327e+01 -2.4971222e+01 -2.4970519e+01 -2.4968215e+01 -2.4966479e+01 -1.5174891e+00 -1.5160702e+00 +1.7866407e+00 +2.1803367e+00 +3.9887194e+00 +4.9841771e+00 +6.0722213e+00 +7.8783063e+00 +7.9565075e+00 +8.5720116e+00 
-5.2473818e+01 -5.2473432e+01 -5.2472598e+01 -2.4993309e+01 -2.4985437e+01 -2.4983982e+01 -2.4981612e+01 -2.4971993e+01 -2.4970904e+01 -2.4970350e+01 -2.4967932e+01 -2.4966267e+01 -1.6390715e+00 -1.6376173e+00 +1.6724127e+00 +2.0790398e+00 +4.2583104e+00 +5.2616449e+00 +6.3440173e+00 +7.9584912e+00 +8.0252655e+00 +8.5350158e+00 
-5.2473883e+01 -5.2473500e+01 -5.2472629e+01 -2.4993928e+01 -2.4984279e+01 -2.4982903e+01 -2.4980585e+01 -2.4971647e+01 -2.4970574e+01 -2.4970161e+01 -2.4967640e+01 -2.4966053e+01 -1.7546963e+00 -1.7532215e+00 +1.5640753e+00 +1.9780242e+00 +4.5378970e+00 +5.5431707e+00 +6.6187898e+00 +8.0473520e+00 +8.0714568e+00 +8.4938947e+00 
-5.2473949e+01 -5.2473569e+01 -5.2472661e+01 -2.4994556e+01 -2.4983119e+01 -2.4981837e+01 -2.4979543e+01 -2.4971293e+01 -2.4970231e+01 -2.4969940e+01 -2.4967342e+01 -2.4965836e+01 -1.8643210e+00 -1.8628507e+00 +1.4616679e+00 +1.8793343e+00 +4.8256609e+00 +5.8285432e+00 +6.8960667e+00 +8.0932420e+00 +8.1444740e+00 +8.4501638e+00 
-5.2474014e+01 -5.2473636e+01 -5.2472695e+01 -2.4995181e+01 -2.4981979e+01 -2.4980807e+01 -2.4978495e+01 -2.4970934e+01 -2.4969886e+01 -2.4969667e+01 -2.4967039e+01 -2.4965619e+01 -1.9679011e+00 -1.9664660e+00 +1.3652195e+00 +1.7841610e+00 +5.1206701e+00 +6.1174895e+00 +7.1750680e+00 +8.0941943e+00 +8.2493647e+00 +8.4049291e+00 
-5.2474078e+01 -5.2473702e+01 -5.2472729e+01 -2.4995794e+01 -2.4980879e+01 -2.4979835e+01 -2.4977447e+01 -2.4970574e+01 -2.4969552e+01 -2.4969315e+01 -2.4966733e+01 -2.4965401e+01 -2.0653939e+00 -2.0640231e+00 +1.2747450e+00 +1.6932675e+00 +5.4223472e+00 +6.4094576e+00 +7.4538605e+00 +8.0824059e+00 +8.3603520e+00 +8.3615098e+00 
-5.2474141e+01 -5.2473767e+01 -5.2472765e+01 -2.4996389e+01 -2.4979843e+01 -2.4978938e+01 -2.4976405e+01 -2.4970216e+01 -2.4969214e+01 -2.4968893e+01 -2.4966426e+01 -2.4965185e+01 -2.1567607e+00 -2.1554738e+00 +1.1902452e+00 +1.6071654e+00 +5.7301669e+00 +6.7031610e+00 +7.7244086e+00 +8.0716601e+00 +8.3206874e+00 +8.4804126e+00 
-5.2474202e+01 -5.2473828e+01 -5.2472802e+01 -2.4996961e+01 -2.4978892e+01 -2.4978130e+01 -2.4975373e+01 -2.4969865e+01 -2.4968841e+01 -2.4968424e+01 -2.4966123e+01 -2.4964972e+01 -2.2419669e+00 -2.2407683e+00 +1.1117096e+00 +1.5261947e+00 +6.0434092e+00 +6.9954442e+00 +7.9250815e+00 +8.1228022e+00 +8.2975586e+00 +8.6056284e+00 
-5.2474261e+01 -5.2473887e+01 -5.2472839e+01 -2.4997504e+01 -2.4978041e+01 -2.4977416e+01 -2.4974360e+01 -2.4969524e+01 -2.4968422e+01 -2.4967921e+01 -2.4965824e+01 -2.4964763e+01 -2.3209805e+00 -2.3198587e+00 +1.0391191e+00 +1.4505679e+00 +6.3607962e+00 +7.2780773e+00 +7.9558193e+00 +8.2409404e+00 +8.4008546e+00 +8.7367998e+00 
-5.2474318e+01 -5.2473943e+01 -5.2472877e+01 -2.4998015e+01 -2.4977302e+01 -2.4976796e+01 -2.4973376e+01 -2.4969197e+01 -2.4967954e+01 -2.4967395e+01 -2.4965535e+01 -2.4964563e+01 -2.3937701e+00 -2.3927032e+00 +9.7244948e-01 +1.3804033e+00 +6.6796702e+00 +7.5287824e+00 +7.9465695e+00 +8.2829359e+00 +8.6730662e+00 +8.8736934e+00 
-5.2474372e+01 -5.2473996e+01 -5.2472914e+01 -2.4998492e+01 -2.4976678e+01 -2.4976263e+01 -2.4972432e+01 -2.4968888e+01 -2.4967445e+01 -2.4966856e+01 -2.4965258e+01 -2.4964371e+01 -2.4603029e+00 -2.4592690e+00 +9.1167403e-01 +1.3157561e+00 +6.9936474e+00 +7.6997736e+00 +7.9493342e+00 +8.3989151e+00 +8.9699921e+00 +9.0162371e+00 
-5.2474422e+01 -5.2474044e+01 -5.2472950e+01 -2.4998930e+01 -2.4976163e+01 -2.4975811e+01 -2.4971540e+01 -2.4968598e+01 -2.4966909e+01 -2.4966317e+01 -2.4964997e+01 -2.4964192e+01 -2.5205466e+00 -2.5195327e+00 +8.5676586e-01 +1.2566540e+00 +7.2851656e+00 +7.7630258e+00 +7.9907096e+00 +8.6261929e+00 +9.1645523e+00 +9.2766910e+00 
-5.2474470e+01 -5.2474089e+01 -5.2472984e+01 -2.4999327e+01 -2.4975744e+01 -2.4975433e+01 -2.4970708e+01 -2.4968332e+01 -2.4966364e+01 -2.4965787e+01 -2.4964754e+01 -2.4964028e+01 -2.5744741e+00 -2.5734775e+00 +8.0770030e-01 +1.2031381e+00 +7.5091370e+00 +7.7663721e+00 +8.1056160e+00 +8.9328442e+00 +9.3189787e+00 +9.5904021e+00 
-5.2474513e+01 -5.2474130e+01 -5.2473015e+01 -2.4999681e+01 -2.4975405e+01 -2.4975121e+01 -2.4969947e+01 -2.4968092e+01 -2.4965832e+01 -2.4965281e+01 -2.4964532e+01 -2.4963880e+01 -2.6220668e+00 -2.6210911e+00 +7.6445682e-01 +1.1552971e+00 +7.6202903e+00 +7.7515936e+00 +8.3358938e+00 +9.2853693e+00 +9.4800876e+00 +9.9084520e+00 
-5.2474552e+01 -5.2474166e+01 -5.2473042e+01 -2.4999990e+01 -2.4975133e+01 -2.4974869e+01 -2.4969266e+01 -2.4967879e+01 -2.4965332e+01 -2.4964812e+01 -2.4964334e+01 -2.4963751e+01 -2.6633150e+00 -2.6623636e+00 +7.2701930e-01 +1.1132807e+00 +7.6527854e+00 +7.7322664e+00 +8.6522380e+00 +9.6486785e+00 +9.6709878e+00 +1.0225478e+01 
-5.2474587e+01 -5.2474196e+01 -5.2473065e+01 -2.5000253e+01 -2.4974917e+01 -2.4974668e+01 -2.4968674e+01 -2.4967696e+01 -2.4964880e+01 -2.4964394e+01 -2.4964161e+01 -2.4963641e+01 -2.6982155e+00 -2.6972877e+00 +6.9537467e-01 +1.0772854e+00 +7.6541824e+00 +7.7126329e+00 +9.0117778e+00 +9.8257511e+00 +1.0087046e+01 +1.0531404e+01 
-5.2474615e+01 -5.2474222e+01 -5.2473084e+01 -2.5000468e+01 -2.4974748e+01 -2.4974512e+01 -2.4968178e+01 -2.4967544e+01 -2.4964490e+01 -2.4964040e+01 -2.4964016e+01 -2.4963553e+01 -2.7267681e+00 -2.7258586e+00 +6.6951068e-01 +1.0475215e+00 +7.6452328e+00 +7.6945402e+00 +9.3963830e+00 +1.0012427e+01 +1.0531980e+01 +1.0811411e+01 
-5.2474638e+01 -5.2474241e+01 -5.2473099e+01 -2.5000636e+01 -2.4974621e+01 -2.4974395e+01 -2.4967785e+01 -2.4967425e+01 -2.4964172e+01 -2.4963899e+01 -2.4963760e+01 -2.4963485e+01 -2.7489737e+00 -2.7480754e+00 +6.4941459e-01 +1.0241802e+00 +7.6340623e+00 +7.6792023e+00 +9.7962755e+00 +1.0209727e+01 +1.0959785e+01 +1.1083591e+01 
-5.2474654e+01 -5.2474255e+01 -5.2473109e+01 -2.5000757e+01 -2.4974531e+01 -2.4974313e+01 -2.4967500e+01 -2.4967339e+01 -2.4963938e+01 -2.4963814e+01 -2.4963560e+01 -2.4963438e+01 -2.7648337e+00 -2.7639401e+00 +6.3507318e-01 +1.0074113e+00 +7.6243132e+00 +7.6675559e+00 +1.0196885e+01 +1.0417734e+01 +1.1132383e+01 +1.1494129e+01 
-5.2474664e+01 -5.2474263e+01 -5.2473115e+01 -2.5000829e+01 -2.4974478e+01 -2.4974265e+01 -2.4967328e+01 -2.4967287e+01 -2.4963793e+01 -2.4963762e+01 -2.4963441e+01 -2.4963410e+01 -2.7743490e+00 -2.7734565e+00 +6.2647428e-01 +9.9731439e-01 +7.6178398e+00 +7.6602874e+00 +1.0564283e+01 +1.0630622e+01 +1.1134055e+01 +1.1219978e+01 
-5.2474667e+01 -5.2474266e+01 -5.2473117e+01 -2.5000853e+01 -2.4974460e+01 -2.4974249e+01 -2.4967270e+01 -2.4967270e+01 -2.4963744e+01 -2.4963744e+01 -2.4963401e+01 -2.4963401e+01 -2.7775206e+00 -2.7766282e+00 +6.2360906e-01 +9.9394329e-01 +7.6155837e+00 +7.6578172e+00 +1.0773626e+01 +1.0773626e+01 +1.1056451e+01 +1.1056451e+01 
-5.2473214e+01 -5.2472682e+01 -5.2472448e+01 -2.4997415e+01 -2.4994551e+01 -2.4992281e+01 -2.4980137e+01 -2.4977090e+01 -2.4973380e+01 -2.4972980e+01 -2.4971982e+01 -2.4967208e+01 +3.5133066e-01 +4.3806762e-01 +1.3483958e+00 +1.7979456e+00 +2.6767626e+00 +2.8180305e+00 +6.0471159e+00 +6.1715955e+00 +7.3008999e+00 +7.7338661e+00 
-5.2473214e+01 -5.2472684e+01 -5.2472446e+01 -2.4997380e+01 -2.4994671e+01 -2.4992166e+01 -2.4980271e+01 -2.4976966e+01 -2.4973503e+01 -2.4972842e+01 -2.4971997e+01 -2.4967224e+01 +3.5430093e-01 +4.4125186e-01 +1.3093406e+00 +1.8429838e+00 +2.5946515e+00 +2.9053885e+00 +5.8480745e+00 +6.3728848e+00 +7.2689409e+00 +7.7015515e+00 
-5.2473213e+01 -5.2472689e+01 -5.2472443e+01 -2.4997277e+01 -2.4994966e+01 -2.4991886e+01 -2.4980612e+01 -2.4976656e+01 -2.4973712e+01 -2.4972586e+01 -2.4972039e+01 -2.4967271e+01 +3.6320147e-01 +4.5077327e-01 +1.2202120e+00 +1.9500405e+00 +2.4723571e+00 +3.0432765e+00 +5.6011589e+00 +6.6263986e+00 +7.1814286e+00 +7.6610458e+00 
-5.2473213e+01 -5.2472697e+01 -5.2472438e+01 -2.4997109e+01 -2.4995335e+01 -2.4991545e+01 -2.4981055e+01 -2.4976266e+01 -2.4973925e+01 -2.4972296e+01 -2.4972100e+01 -2.4967350e+01 +3.7800026e-01 +4.6653982e-01 +1.1139395e+00 +2.0860783e+00 +2.3503889e+00 +3.1907541e+00 +5.3560510e+00 +6.8819181e+00 +7.0549116e+00 +7.6215199e+00 
-5.2473212e+01 -5.2472706e+01 -5.2472433e+01 -2.4996891e+01 -2.4995707e+01 -2.4991220e+01 -2.4981517e+01 -2.4975874e+01 -2.4974127e+01 -2.4972171e+01 -2.4971985e+01 -2.4967459e+01 +3.9863892e-01 +4.8839169e-01 +1.0041893e+00 +2.2241858e+00 +2.2459390e+00 +3.3427723e+00 +5.1161623e+00 +6.9025949e+00 +7.1358183e+00 +7.5833032e+00 
-5.2473212e+01 -5.2472716e+01 -5.2472428e+01 -2.4996684e+01 -2.4995994e+01 -2.4990961e+01 -2.4981940e+01 -2.4975531e+01 -2.4974312e+01 -2.4972239e+01 -2.4971660e+01 -2.4967598e+01 +4.2501776e-01 +5.1604140e-01 +8.9622781e-01 +2.1186024e+00 +2.4007088e+00 +3.4958041e+00 +4.8847816e+00 +6.7344940e+00 +7.3827956e+00 +7.5470506e+00 
-5.2473213e+01 -5.2472727e+01 -5.2472423e+01 -2.4996713e+01 -2.4995960e+01 -2.4990807e+01 -2.4982278e+01 -2.4975266e+01 -2.4974477e+01 -2.4972291e+01 -2.4971323e+01 -2.4967765e+01 +4.5693567e-01 +5.4878215e-01 +7.9287693e-01 +2.0115733e+00 +2.5707818e+00 +3.6431468e+00 +4.6686106e+00 +6.5560246e+00 +7.5136861e+00 +7.6158777e+00 
-5.2473213e+01 -5.2472736e+01 -5.2472420e+01 -2.4996949e+01 -2.4995631e+01 -2.4990783e+01 -2.4982499e+01 -2.4975097e+01 -2.4974620e+01 -2.4972316e+01 -2.4970979e+01 -2.4967960e+01 +4.9375396e-01 +5.8322357e-01 +6.9891864e-01 +1.9105337e+00 +2.7479182e+00 +3.7663988e+00 +4.4860996e+00 +6.3712639e+00 +7.4841492e+00 +7.8203461e+00 
-5.2473214e+01 -5.2472745e+01 -5.2472418e+01 -2.4997195e+01 -2.4995215e+01 -2.4990893e+01 -2.4982591e+01 -2.4975025e+01 -2.4974738e+01 -2.4972312e+01 -2.4970633e+01 -2.4968181e+01 +5.2937709e-01 +5.8258302e-01 +6.5743579e-01 +1.8159553e+00 +2.9310026e+00 +3.8137836e+00 +4.3891938e+00 +6.1830542e+00 +7.4592411e+00 +7.9699629e+00 
