# num high symmetry points
12
# label high symmetry points
G X W K G L U W L K U X 
# indices high symmetry points
1 34 50 61 96 124 144 155 178 198 199 210 
# nk, nb, ns
210 22 1
# k-points (frac coords)
+0.0000000e+00 +0.0000000e+00 +0.0000000e+00 
+1.5151515e-02 +1.5130808e-18 +1.5151515e-02 
+3.0303030e-02 +3.0261616e-18 +3.0303030e-02 
+4.5454545e-02 +4.5392424e-18 +4.5454545e-02 
+6.0606061e-02 +6.0523232e-18 +6.0606061e-02 
+7.5757576e-02 +7.5654040e-18 +7.5757576e-02 
+9.0909091e-02 +9.0784848e-18 +9.0909091e-02 
+1.0606061e-01 +1.0591566e-17 +1.0606061e-01 
+1.2121212e-01 +1.2104646e-17 +1.2121212e-01 
+1.3636364e-01 +1.3617727e-17 +1.3636364e-01 
+1.5151515e-01 +1.5130808e-17 +1.5151515e-01 
+1.6666667e-01 +1.6643889e-17 +1.6666667e-01 
+1.8181818e-01 +1.8156970e-17 +1.8181818e-01 
+1.9696970e-01 +1.9670050e-17 +1.9696970e-01 
+2.1212121e-01 +2.1183131e-17 +2.1212121e-01 
+2.2727273e-01 +2.2696212e-17 +2.2727273e-01 
+2.4242424e-01 +2.4209293e-17 +2.4242424e-01 
+2.5757576e-01 +2.5722374e-17 +2.5757576e-01 
+2.7272727e-01 +2.7235454e-17 +2.7272727e-01 
+2.8787879e-01 +2.8748535e-17 +2.8787879e-01 
+3.0303030e-01 +3.0261616e-17 +3.0303030e-01 
+3.1818182e-01 +3.1774697e-17 +3.1818182e-01 
+3.3333333e-01 +3.3287778e-17 +3.3333333e-01 
+3.4848485e-01 +3.4800858e-17 +3.4848485e-01 
+3.6363636e-01 +3.6313939e-17 +3.6363636e-01 
+3.7878788e-01 +3.7827020e-17 +3.7878788e-01 
+3.9393939e-01 +3.9340101e-17 +3.9393939e-01 
+4.0909091e-01 +4.0853181e-17 +4.0909091e-01 
+4.2424242e-01 +4.2366262e-17 +4.2424242e-01 
+4.3939394e-01 +4.3879343e-17 +4.3939394e-01 
+4.5454545e-01 +4.5392424e-17 +4.5454545e-01 
+4.6969697e-01 +4.6905505e-17 +4.6969697e-01 
+4.8484848e-01 +4.8418585e-17 +4.8484848e-01 
+5.0000000e-01 +4.9931666e-17 +5.0000000e-01 
+5.0000000e-01 +1.5625000e-02 +5.1562500e-01 
+5.0000000e-01 +3.1250000e-02 +5.3125000e-01 
+5.0000000e-01 +4.6875000e-02 +5.4687500e-01 
+5.0000000e-01 +6.2500000e-02 +5.6250000e-01 
+5.0000000e-01 +7.8125000e-02 +5.7812500e-01 
+5.0000000e-01 +9.3750000e-02 +5.9375000e-01 
+5.0000000e-01 +1.0937500e-01 +6.0937500e-01 
+5.0000000e-01 +1.2500000e-01 +6.2500000e-01 
+5.0000000e-01 +1.4062500e-01 +6.4062500e-01 
+5.0000000e-01 +1.5625000e-01 +6.5625000e-01 
+5.0000000e-01 +1.7187500e-01 +6.7187500e-01 
+5.0000000e-01 +1.8750000e-01 +6.8750000e-01 
+5.0000000e-01 +2.0312500e-01 +7.0312500e-01 
+5.0000000e-01 +2.1875000e-01 +7.1875000e-01 
+5.0000000e-01 +2.3437500e-01 +7.3437500e-01 
+5.0000000e-01 +2.5000000e-01 +7.5000000e-01 
+4.8863636e-01 +2.6136364e-01 +7.5000000e-01 
+4.7727273e-01 +2.7272727e-01 +7.5000000e-01 
+4.6590909e-01 +2.8409091e-01 +7.5000000e-01 
+4.5454545e-01 +2.9545455e-01 +7.5000000e-01 
+4.4318182e-01 +3.0681818e-01 +7.5000000e-01 
+4.3181818e-01 +3.1818182e-01 +7.5000000e-01 
+4.2045455e-01 +3.2954545e-01 +7.5000000e-01 
+4.0909091e-01 +3.4090909e-01 +7.5000000e-01 
+3.9772727e-01 +3.5227273e-01 +7.5000000e-01 
+3.8636364e-01 +3.6363636e-01 +7.5000000e-01 
+3.7500000e-01 +3.7500000e-01 +7.5000000e-01 
+3.6428571e-01 +3.6428571e-01 +7.2857143e-01 
+3.5357143e-01 +3.5357143e-01 +7.0714286e-01 
+3.4285714e-01 +3.4285714e-01 +6.8571429e-01 
+3.3214286e-01 +3.3214286e-01 +6.6428571e-01 
+3.2142857e-01 +3.2142857e-01 +6.4285714e-01 
+3.1071429e-01 +3.1071429e-01 +6.2142857e-01 
+3.0000000e-01 +3.0000000e-01 +6.0000000e-01 
+2.8928571e-01 +2.8928571e-01 +5.7857143e-01 
+2.7857143e-01 +2.7857143e-01 +5.5714286e-01 
+2.6785714e-01 +2.6785714e-01 +5.3571429e-01 
+2.5714286e-01 +2.5714286e-01 +5.1428571e-01 
+2.4642857e-01 +2.4642857e-01 +4.9285714e-01 
+2.3571429e-01 +2.3571429e-01 +4.7142857e-01 
+2.2500000e-01 +2.2500000e-01 +4.5000000e-01 
+2.1428571e-01 +2.1428571e-01 +4.2857143e-01 
+2.0357143e-01 +2.0357143e-01 +4.0714286e-01 
+1.9285714e-01 +1.9285714e-01 +3.8571429e-01 
+1.8214286e-01 +1.8214286e-01 +3.6428571e-01 
+1.7142857e-01 +1.7142857e-01 +3.4285714e-01 
+1.6071429e-01 +1.6071429e-01 +3.2142857e-01 
+1.5000000e-01 +1.5000000e-01 +3.0000000e-01 
+1.3928571e-01 +1.3928571e-01 +2.7857143e-01 
+1.2857143e-01 +1.2857143e-01 +2.5714286e-01 
+1.1785714e-01 +1.1785714e-01 +2.3571429e-01 
+1.0714286e-01 +1.0714286e-01 +2.1428571e-01 
+9.6428571e-02 +9.6428571e-02 +1.9285714e-01 
+8.5714286e-02 +8.5714286e-02 +1.7142857e-01 
+7.5000000e-02 +7.5000000e-02 +1.5000000e-01 
+6.4285714e-02 +6.4285714e-02 +1.2857143e-01 
+5.3571429e-02 +5.3571429e-02 +1.0714286e-01 
+4.2857143e-02 +4.2857143e-02 +8.5714286e-02 
+3.2142857e-02 +3.2142857e-02 +6.4285714e-02 
+2.1428571e-02 +2.1428571e-02 +4.2857143e-02 
+1.0714286e-02 +1.0714286e-02 +2.1428571e-02 
+0.0000000e+00 +0.0000000e+00 +0.0000000e+00 
+1.7857143e-02 +1.7857143e-02 +1.7857143e-02 
+3.5714286e-02 +3.5714286e-02 +3.5714286e-02 
+5.3571429e-02 +5.3571429e-02 +5.3571429e-02 
+7.1428571e-02 +7.1428571e-02 +7.1428571e-02 
+8.9285714e-02 +8.9285714e-02 +8.9285714e-02 
+1.0714286e-01 +1.0714286e-01 +1.0714286e-01 
+1.2500000e-01 +1.2500000e-01 +1.2500000e-01 
+1.4285714e-01 +1.4285714e-01 +1.4285714e-01 
+1.6071429e-01 +1.6071429e-01 +1.6071429e-01 
+1.7857143e-01 +1.7857143e-01 +1.7857143e-01 
+1.9642857e-01 +1.9642857e-01 +1.9642857e-01 
+2.1428571e-01 +2.1428571e-01 +2.1428571e-01 
+2.3214286e-01 +2.3214286e-01 +2.3214286e-01 
+2.5000000e-01 +2.5000000e-01 +2.5000000e-01 
+2.6785714e-01 +2.6785714e-01 +2.6785714e-01 
+2.8571429e-01 +2.8571429e-01 +2.8571429e-01 
+3.0357143e-01 +3.0357143e-01 +3.0357143e-01 
+3.2142857e-01 +3.2142857e-01 +3.2142857e-01 
+3.3928571e-01 +3.3928571e-01 +3.3928571e-01 
+3.5714286e-01 +3.5714286e-01 +3.5714286e-01 
+3.7500000e-01 +3.7500000e-01 +3.7500000e-01 
+3.9285714e-01 +3.9285714e-01 +3.9285714e-01 
+4.1071429e-01 +4.1071429e-01 +4.1071429e-01 
+4.2857143e-01 +4.2857143e-01 +4.2857143e-01 
+4.4642857e-01 +4.4642857e-01 +4.4642857e-01 
+4.6428571e-01 +4.6428571e-01 +4.6428571e-01 
+4.8214286e-01 +4.8214286e-01 +4.8214286e-01 
+5.0000000e-01 +5.0000000e-01 +5.0000000e-01 
+5.0625000e-01 +4.8750000e-01 +5.0625000e-01 
+5.1250000e-01 +4.7500000e-01 +5.1250000e-01 
+5.1875000e-01 +4.6250000e-01 +5.1875000e-01 
+5.2500000e-01 +4.5000000e-01 +5.2500000e-01 
+5.3125000e-01 +4.3750000e-01 +5.3125000e-01 
+5.3750000e-01 +4.2500000e-01 +5.3750000e-01 
+5.4375000e-01 +4.1250000e-01 +5.4375000e-01 
+5.5000000e-01 +4.0000000e-01 +5.5000000e-01 
+5.5625000e-01 +3.8750000e-01 +5.5625000e-01 
+5.6250000e-01 +3.7500000e-01 +5.6250000e-01 
+5.6875000e-01 +3.6250000e-01 +5.6875000e-01 
+5.7500000e-01 +3.5000000e-01 +5.7500000e-01 
+5.8125000e-01 +3.3750000e-01 +5.8125000e-01 
+5.8750000e-01 +3.2500000e-01 +5.8750000e-01 
+5.9375000e-01 +3.1250000e-01 +5.9375000e-01 
+6.0000000e-01 +3.0000000e-01 +6.0000000e-01 
+6.0625000e-01 +2.8750000e-01 +6.0625000e-01 
+6.1250000e-01 +2.7500000e-01 +6.1250000e-01 
+6.1875000e-01 +2.6250000e-01 +6.1875000e-01 
+6.2500000e-01 +2.5000000e-01 +6.2500000e-01 
+6.1363636e-01 +2.5000000e-01 +6.3636364e-01 
+6.0227273e-01 +2.5000000e-01 +6.4772727e-01 
+5.9090909e-01 +2.5000000e-01 +6.5909091e-01 
+5.7954545e-01 +2.5000000e-01 +6.7045455e-01 
+5.6818182e-01 +2.5000000e-01 +6.8181818e-01 
+5.5681818e-01 +2.5000000e-01 +6.9318182e-01 
+5.4545455e-01 +2.5000000e-01 +7.0454545e-01 
+5.3409091e-01 +2.5000000e-01 +7.1590909e-01 
+5.2272727e-01 +2.5000000e-01 +7.2727273e-01 
+5.1136364e-01 +2.5000000e-01 +7.3863636e-01 
+5.0000000e-01 +2.5000000e-01 +7.5000000e-01 
+5.0000000e-01 +2.6086957e-01 +7.3913043e-01 
+5.0000000e-01 +2.7173913e-01 +7.2826087e-01 
+5.0000000e-01 +2.8260870e-01 +7.1739130e-01 
+5.0000000e-01 +2.9347826e-01 +7.0652174e-01 
+5.0000000e-01 +3.0434783e-01 +6.9565217e-01 
+5.0000000e-01 +3.1521739e-01 +6.8478261e-01 
+5.0000000e-01 +3.2608696e-01 +6.7391304e-01 
+5.0000000e-01 +3.3695652e-01 +6.6304348e-01 
+5.0000000e-01 +3.4782609e-01 +6.5217391e-01 
+5.0000000e-01 +3.5869565e-01 +6.4130435e-01 
+5.0000000e-01 +3.6956522e-01 +6.3043478e-01 
+5.0000000e-01 +3.8043478e-01 +6.1956522e-01 
+5.0000000e-01 +3.9130435e-01 +6.0869565e-01 
+5.0000000e-01 +4.0217391e-01 +5.9782609e-01 
+5.0000000e-01 +4.1304348e-01 +5.8695652e-01 
+5.0000000e-01 +4.2391304e-01 +5.7608696e-01 
+5.0000000e-01 +4.3478261e-01 +5.6521739e-01 
+5.0000000e-01 +4.4565217e-01 +5.5434783e-01 
+5.0000000e-01 +4.5652174e-01 +5.4347826e-01 
+5.0000000e-01 +4.6739130e-01 +5.3260870e-01 
+5.0000000e-01 +4.7826087e-01 +5.2173913e-01 
+5.0000000e-01 +4.8913043e-01 +5.1086957e-01 
+5.0000000e-01 +5.0000000e-01 +5.0000000e-01 
+4.9375000e-01 +4.9375000e-01 +5.1250000e-01 
+4.8750000e-01 +4.8750000e-01 +5.2500000e-01 
+4.8125000e-01 +4.8125000e-01 +5.3750000e-01 
+4.7500000e-01 +4.7500000e-01 +5.5000000e-01 
+4.6875000e-01 +4.6875000e-01 +5.6250000e-01 
+4.6250000e-01 +4.6250000e-01 +5.7500000e-01 
+4.5625000e-01 +4.5625000e-01 +5.8750000e-01 
+4.5000000e-01 +4.5000000e-01 +6.0000000e-01 
+4.4375000e-01 +4.4375000e-01 +6.1250000e-01 
+4.3750000e-01 +4.3750000e-01 +6.2500000e-01 
+4.3125000e-01 +4.3125000e-01 +6.3750000e-01 
+4.2500000e-01 +4.2500000e-01 +6.5000000e-01 
+4.1875000e-01 +4.1875000e-01 +6.6250000e-01 
+4.1250000e-01 +4.1250000e-01 +6.7500000e-01 
+4.0625000e-01 +4.0625000e-01 +6.8750000e-01 
+4.0000000e-01 +4.0000000e-01 +7.0000000e-01 
+3.9375000e-01 +3.9375000e-01 +7.1250000e-01 
+3.8750000e-01 +3.8750000e-01 +7.2500000e-01 
+3.8125000e-01 +3.8125000e-01 +7.3750000e-01 
+3.7500000e-01 +3.7500000e-01 +7.5000000e-01 
+6.2500000e-01 +2.5000000e-01 +6.2500000e-01 
+6.1363636e-01 +2.2727273e-01 +6.1363636e-01 
+6.0227273e-01 +2.0454545e-01 +6.0227273e-01 
+5.9090909e-01 +1.8181818e-01 +5.9090909e-01 
+5.7954545e-01 +1.5909091e-01 +5.7954545e-01 
+5.6818182e-01 +1.3636364e-01 +5.6818182e-01 
+5.5681818e-01 +1.1363636e-01 +5.5681818e-01 
+5.4545455e-01 +9.0909091e-02 +5.4545455e-01 
+5.3409091e-01 +6.8181818e-02 +5.3409091e-01 
+5.2272727e-01 +4.5454545e-02 +5.2272727e-01 
+5.1136364e-01 +2.2727273e-02 +5.1136364e-01 
+5.0000000e-01 +4.9931666e-17 +5.0000000e-01 
# energies (kpt,band,spin)
# spin = 1
-2.1401581e+01 -2.1401581e+01 -2.1401578e+01 -2.1350191e+01 -2.1350191e+01 -2.1095934e+01 -2.1095934e+01 -2.1095929e+01 -2.1094063e+01 -2.1094063e+01 -1.0097285e+01 -1.2762955e+00 +1.7371675e-01 +1.7371676e-01 +1.7371922e-01 +2.2286463e+00 +2.2286463e+00 +2.2286485e+00 +7.9485692e+00 +7.9485692e+00 +8.3823011e+00 +8.3823011e+00 
-2.1401732e+01 -2.1401695e+01 -2.1401693e+01 -2.1350042e+01 -2.1349747e+01 -2.1099554e+01 -2.1095779e+01 -2.1095776e+01 -2.1094204e+01 -2.1090784e+01 -1.0094543e+01 -1.3092618e+00 +1.5998533e-01 +1.5998700e-01 +2.0568140e-01 +2.2184882e+00 +2.2458350e+00 +2.2458365e+00 +4.9131640e+00 +7.8343400e+00 +7.9511325e+00 +8.3879901e+00 
-2.1402164e+01 -2.1402034e+01 -2.1402031e+01 -2.1349596e+01 -2.1348440e+01 -2.1104291e+01 -2.1095317e+01 -2.1095314e+01 -2.1094628e+01 -2.1087073e+01 -1.0086320e+01 -1.4005249e+00 +1.2016683e-01 +1.2016846e-01 +2.9383289e-01 +2.1888091e+00 +2.2960187e+00 +2.2960202e+00 +4.9624826e+00 +7.6168645e+00 +7.9588227e+00 +8.4050598e+00 
-2.1402820e+01 -2.1402593e+01 -2.1402591e+01 -2.1348855e+01 -2.1346328e+01 -2.1109381e+01 -2.1095335e+01 -2.1094553e+01 -2.1094550e+01 -2.1083692e+01 -1.0072620e+01 -1.5339388e+00 +5.7861093e-02 +5.7862696e-02 +4.2170783e-01 +2.1417855e+00 +2.3755780e+00 +2.3755795e+00 +5.0422023e+00 +7.3773804e+00 +7.9716412e+00 +8.4335177e+00 
-2.1403617e+01 -2.1403364e+01 -2.1403362e+01 -2.1347820e+01 -2.1343495e+01 -2.1114787e+01 -2.1096321e+01 -2.1093498e+01 -2.1093495e+01 -2.1080671e+01 -1.0053449e+01 -1.6947039e+00 -2.2278703e-02 -2.2277124e-02 +5.7395680e-01 +2.0804477e+00 +2.4798275e+00 +2.4798291e+00 +5.1492372e+00 +7.1349010e+00 +7.9895905e+00 +8.4733759e+00 
-2.1404472e+01 -2.1404337e+01 -2.1404335e+01 -2.1346493e+01 -2.1340029e+01 -2.1120490e+01 -2.1097587e+01 -2.1092164e+01 -2.1092161e+01 -2.1078024e+01 -1.0028816e+01 -1.8726358e+00 -1.1561587e-01 -1.1561434e-01 +7.3958759e-01 +2.0081052e+00 +2.6040863e+00 +2.6040879e+00 +5.2801969e+00 +6.8968269e+00 +8.0126739e+00 +8.5246492e+00 
-2.1405499e+01 -2.1405496e+01 -2.1405306e+01 -2.1344878e+01 -2.1336012e+01 -2.1126474e+01 -2.1099127e+01 -2.1090569e+01 -2.1090566e+01 -2.1075759e+01 -9.9987326e+00 -2.0613738e+00 -2.1812423e-01 -2.1812273e-01 +9.1113385e-01 +1.9279168e+00 +2.7442731e+00 +2.7442747e+00 +5.4318146e+00 +6.6676615e+00 +8.0408955e+00 +8.5873543e+00 
-2.1406833e+01 -2.1406830e+01 -2.1406052e+01 -2.1342979e+01 -2.1331516e+01 -2.1132723e+01 -2.1100940e+01 -2.1088731e+01 -2.1088727e+01 -2.1073880e+01 -9.9632144e+00 -2.2569942e+00 -3.2656001e-01 -3.2655855e-01 +1.0832184e+00 +1.8426589e+00 +2.8970789e+00 +2.8970806e+00 +5.6011736e+00 +6.4509514e+00 +8.0742604e+00 +8.6615072e+00 
-2.1408322e+01 -2.1408320e+01 -2.1406655e+01 -2.1340800e+01 -2.1326603e+01 -2.1139222e+01 -2.1103022e+01 -2.1086672e+01 -2.1086669e+01 -2.1072393e+01 -9.9222790e+00 -2.4570217e+00 -4.3840580e-01 -4.3840437e-01 +1.2515120e+00 +1.7546524e+00 +3.0599122e+00 +3.0599139e+00 +5.7857756e+00 +6.2499566e+00 +8.1127746e+00 +8.7471206e+00 
-2.1409948e+01 -2.1409946e+01 -2.1407072e+01 -2.1338347e+01 -2.1321324e+01 -2.1145954e+01 -2.1105368e+01 -2.1084416e+01 -2.1084413e+01 -2.1071300e+01 -9.8759468e+00 -2.6598405e+00 -5.5173629e-01 -5.5173490e-01 +1.4120994e+00 +1.6657805e+00 +3.2307658e+00 +3.2307676e+00 +5.9835149e+00 +6.0679643e+00 +8.1564448e+00 +8.8442012e+00 
-2.1411691e+01 -2.1411689e+01 -2.1407268e+01 -2.1335625e+01 -2.1315721e+01 -2.1152902e+01 -2.1107974e+01 -2.1081988e+01 -2.1081985e+01 -2.1070603e+01 -9.8242412e+00 -2.8643557e+00 -6.6508038e-01 -6.6507902e-01 +1.5611280e+00 +1.5775477e+00 +3.4080805e+00 +3.4080823e+00 +5.9084398e+00 +6.1926103e+00 +8.2052787e+00 +8.9527456e+00 
-2.1413531e+01 -2.1413529e+01 -2.1407216e+01 -2.1332641e+01 -2.1309830e+01 -2.1160048e+01 -2.1110833e+01 -2.1079414e+01 -2.1079411e+01 -2.1070303e+01 -9.7671890e+00 -3.0697966e+00 -7.7730622e-01 -7.7730488e-01 +1.4911478e+00 +1.6946772e+00 +3.5906306e+00 +3.5906324e+00 +5.7750435e+00 +6.4115230e+00 +8.2592845e+00 +9.0727363e+00 
-2.1415448e+01 -2.1415446e+01 -2.1406896e+01 -2.1329402e+01 -2.1303682e+01 -2.1167376e+01 -2.1113939e+01 -2.1076721e+01 -2.1076717e+01 -2.1070400e+01 -9.7048198e+00 -3.2756007e+00 -8.8753309e-01 -8.8753178e-01 +1.4075273e+00 +1.8088403e+00 +3.7774365e+00 +3.7774383e+00 +5.6714846e+00 +6.6388760e+00 +8.3184712e+00 +9.2041369e+00 
-2.1417421e+01 -2.1417419e+01 -2.1406292e+01 -2.1325916e+01 -2.1297305e+01 -2.1174865e+01 -2.1117287e+01 -2.1073936e+01 -2.1073932e+01 -2.1070893e+01 -9.6371668e+00 -3.4813417e+00 -9.9506641e-01 -9.9506513e-01 +1.3274385e+00 +1.9000319e+00 +3.9676992e+00 +3.9677011e+00 +5.6011766e+00 +6.8733758e+00 +8.3828483e+00 +9.3468856e+00 
-2.1419431e+01 -2.1419429e+01 -2.1405390e+01 -2.1322192e+01 -2.1290724e+01 -2.1182498e+01 -2.1120869e+01 -2.1071778e+01 -2.1071086e+01 -2.1071083e+01 -9.5642668e+00 -3.6866849e+00 -1.0993506e+00 -1.0993494e+00 +1.2514823e+00 +1.9654906e+00 +4.1607520e+00 +4.1607539e+00 +5.5667131e+00 +7.1137366e+00 +8.4524263e+00 +9.5008875e+00 
-2.1421457e+01 -2.1421455e+01 -2.1404181e+01 -2.1318237e+01 -2.1283960e+01 -2.1190256e+01 -2.1124676e+01 -2.1073053e+01 -2.1068199e+01 -2.1068195e+01 -9.4861598e+00 -3.8913570e+00 -1.1999350e+00 -1.1999338e+00 +1.1801421e+00 +2.0038340e+00 +4.3560236e+00 +4.3560255e+00 +5.5693019e+00 +7.3586010e+00 +8.5272157e+00 +9.6660034e+00 
-2.1423482e+01 -2.1423480e+01 -2.1402659e+01 -2.1314063e+01 -2.1277037e+01 -2.1198119e+01 -2.1128703e+01 -2.1074712e+01 -2.1065300e+01 -2.1065297e+01 -9.4028895e+00 -4.0951267e+00 -1.2964492e+00 -1.2964480e+00 +1.1138089e+00 +2.0154272e+00 +4.5530091e+00 +4.5530110e+00 +5.6083892e+00 +7.6064514e+00 +8.6072277e+00 +9.8420333e+00 
-2.1425487e+01 -2.1425485e+01 -2.1400818e+01 -2.1309678e+01 -2.1269973e+01 -2.1206068e+01 -2.1132938e+01 -2.1076750e+01 -2.1062416e+01 -2.1062413e+01 -9.3145038e+00 -4.2977921e+00 -1.3885849e+00 -1.3885837e+00 +1.0528014e+00 +2.0023593e+00 +4.7512450e+00 +4.7512470e+00 +5.6816799e+00 +7.8555022e+00 +8.6924740e+00 +1.0028687e+01 
-2.1427455e+01 -2.1427453e+01 -2.1398654e+01 -2.1305093e+01 -2.1262788e+01 -2.1214084e+01 -2.1137374e+01 -2.1079162e+01 -2.1059571e+01 -2.1059568e+01 -9.2210543e+00 -4.4991704e+00 -1.4760828e+00 -1.4760816e+00 +9.9738100e-01 +1.9680179e+00 +4.9502859e+00 +4.9502879e+00 +5.7855614e+00 +8.1035645e+00 +8.7829663e+00 +1.0225531e+01 
-2.1429370e+01 -2.1429368e+01 -2.1396167e+01 -2.1300320e+01 -2.1255502e+01 -2.1222147e+01 -2.1142001e+01 -2.1081938e+01 -2.1056791e+01 -2.1056787e+01 -9.1225963e+00 -4.6990916e+00 -1.5587225e+00 -1.5587213e+00 +9.4776357e-01 +1.9164592e+00 +5.1496800e+00 +5.1496820e+00 +5.9157324e+00 +8.3478706e+00 +8.8787167e+00 +1.0431874e+01 
-2.1431217e+01 -2.1431215e+01 -2.1393356e+01 -2.1295368e+01 -2.1248132e+01 -2.1230237e+01 -2.1146808e+01 -2.1085070e+01 -2.1054096e+01 -2.1054093e+01 -9.0191901e+00 -4.8973950e+00 -1.6363155e+00 -1.6363144e+00 +9.0412790e-01 +1.8518193e+00 +5.3489423e+00 +5.3489443e+00 +6.0677918e+00 +8.5848526e+00 +8.9797375e+00 +1.0646505e+01 
-2.1432982e+01 -2.1432980e+01 -2.1390223e+01 -2.1290251e+01 -2.1240698e+01 -2.1238335e+01 -2.1151786e+01 -2.1088550e+01 -2.1051509e+01 -2.1051506e+01 -8.9108997e+00 -5.0939251e+00 -1.7086996e+00 -1.7086985e+00 +8.6662260e-01 +1.7779128e+00 +5.5475216e+00 +5.5475236e+00 +6.2376388e+00 +8.8098809e+00 +9.0860409e+00 +1.0866967e+01 
-2.1434652e+01 -2.1434650e+01 -2.1386769e+01 -2.1284979e+01 -2.1246421e+01 -2.1233217e+01 -2.1156924e+01 -2.1092367e+01 -2.1049051e+01 -2.1049048e+01 -8.7977938e+00 -5.2885299e+00 -1.7757344e+00 -1.7757333e+00 +8.3537115e-01 +1.6980358e+00 +5.7447591e+00 +5.7447612e+00 +6.4216683e+00 +9.0170102e+00 +9.1976391e+00 +1.1087147e+01 
-2.1436216e+01 -2.1436213e+01 -2.1382997e+01 -2.1279566e+01 -2.1254476e+01 -2.1225707e+01 -2.1162210e+01 -2.1096509e+01 -2.1046740e+01 -2.1046737e+01 -8.6799456e+00 -5.4810595e+00 -1.8372982e+00 -1.8372971e+00 +8.1047569e-01 +1.6149193e+00 +5.9398340e+00 +5.9398361e+00 +6.6168134e+00 +9.1988692e+00 +9.3145442e+00 +1.1287160e+01 
-2.1437662e+01 -2.1437659e+01 -2.1378913e+01 -2.1274024e+01 -2.1262480e+01 -2.1218187e+01 -2.1167633e+01 -2.1100966e+01 -2.1044595e+01 -2.1044591e+01 -8.5574332e+00 -5.6713657e+00 -1.8932855e+00 -1.8932844e+00 +7.9201977e-01 +1.5307667e+00 +6.1316915e+00 +6.1316936e+00 +6.8205021e+00 +9.3469624e+00 +9.4367680e+00 +1.1392920e+01 
-2.1438981e+01 -2.1438978e+01 -2.1374522e+01 -2.1270416e+01 -2.1268366e+01 -2.1210674e+01 -2.1173180e+01 -2.1105725e+01 -2.1042630e+01 -2.1042627e+01 -8.4303390e+00 -5.8593010e+00 -1.9436048e+00 -1.9436037e+00 +7.8007021e-01 +1.4473282e+00 +6.3189465e+00 +6.3189486e+00 +7.0305729e+00 +9.4527308e+00 +9.5643219e+00 +1.1310724e+01 
-2.1440164e+01 -2.1440161e+01 -2.1369829e+01 -2.1278264e+01 -2.1262605e+01 -2.1203186e+01 -2.1178841e+01 -2.1110772e+01 -2.1040861e+01 -2.1040858e+01 -8.2987503e+00 -6.0447188e+00 -1.9881776e+00 -1.9881765e+00 +7.7467810e-01 +1.3659805e+00 +6.4997554e+00 +6.4997576e+00 +7.2451800e+00 +9.5094562e+00 +9.6972167e+00 +1.1132825e+01 
-2.1441203e+01 -2.1441201e+01 -2.1364844e+01 -2.1286006e+01 -2.1256755e+01 -2.1195740e+01 -2.1184601e+01 -2.1116093e+01 -2.1039300e+01 -2.1039297e+01 -8.1627597e+00 -6.2274739e+00 -2.0269365e+00 -2.0269355e+00 +7.7587914e-01 +1.2878013e+00 +6.6716522e+00 +6.6716543e+00 +7.4626963e+00 +9.5143393e+00 +9.8354627e+00 +1.0938901e+01 
-2.1442093e+01 -2.1442091e+01 -2.1359573e+01 -2.1293626e+01 -2.1250829e+01 -2.1190449e+01 -2.1188355e+01 -2.1121675e+01 -2.1037959e+01 -2.1037956e+01 -8.0224642e+00 -6.4074219e+00 -2.0598249e+00 -2.0598239e+00 +7.8369332e-01 +1.2136317e+00 +6.8313564e+00 +6.8313585e+00 +7.6816206e+00 +9.4694392e+00 +9.9790695e+00 +1.0752914e+01 
-2.1442828e+01 -2.1442825e+01 -2.1354026e+01 -2.1301105e+01 -2.1244840e+01 -2.1196372e+01 -2.1181049e+01 -2.1127503e+01 -2.1036848e+01 -2.1036845e+01 -7.8779656e+00 -6.5844201e+00 -2.0867959e+00 -2.0867948e+00 +7.9812390e-01 +1.1441268e+00 +6.9745911e+00 +6.9745932e+00 +7.9004817e+00 +9.3807565e+00 +1.0128046e+01 +1.0585283e+01 
-2.1443402e+01 -2.1443400e+01 -2.1348213e+01 -2.1308427e+01 -2.1238803e+01 -2.1202356e+01 -2.1173838e+01 -2.1133560e+01 -2.1035974e+01 -2.1035971e+01 -7.7293707e+00 -6.7583283e+00 -2.1078116e+00 -2.1078106e+00 +8.1915543e-01 +1.0797956e+00 +7.0960133e+00 +7.0960153e+00 +8.1177365e+00 +9.2561836e+00 +1.0282399e+01 +1.0443687e+01 
-2.1443813e+01 -2.1443811e+01 -2.1342145e+01 -2.1315575e+01 -2.1232732e+01 -2.1208387e+01 -2.1166740e+01 -2.1139832e+01 -2.1035343e+01 -2.1035340e+01 -7.5767911e+00 -6.9290083e+00 -2.1228433e+00 -2.1228422e+00 +8.4675103e-01 +1.0210325e+00 +7.1894587e+00 +7.1894607e+00 +8.3316529e+00 +9.1036259e+00 +1.0335347e+01 +1.0442135e+01 
-2.1444058e+01 -2.1444056e+01 -2.1335834e+01 -2.1322536e+01 -2.1226639e+01 -2.1214453e+01 -2.1159773e+01 -2.1146302e+01 -2.1034960e+01 -2.1034957e+01 -7.4203425e+00 -7.0963247e+00 -2.1318704e+00 -2.1318693e+00 +8.8084856e-01 +9.6814149e-01 +7.2487493e+00 +7.2487514e+00 +8.5401665e+00 +8.9299545e+00 +1.0266957e+01 +1.0607258e+01 
-2.1444136e+01 -2.1444134e+01 -2.1329306e+01 -2.1329280e+01 -2.1220539e+01 -2.1220539e+01 -2.1152967e+01 -2.1152941e+01 -2.1034828e+01 -2.1034825e+01 -7.2601465e+00 -7.2601445e+00 -2.1348807e+00 -2.1348797e+00 +9.2135430e-01 +9.2135626e-01 +7.2691191e+00 +7.2691212e+00 +8.7407005e+00 +8.7407047e+00 +1.0243532e+01 +1.0777773e+01 
-2.1444293e+01 -2.1444289e+01 -2.1328929e+01 -2.1328903e+01 -2.1220556e+01 -2.1220555e+01 -2.1153321e+01 -2.1153295e+01 -2.1034671e+01 -2.1034665e+01 -7.2597317e+00 -7.2597297e+00 -2.1412785e+00 -2.1412774e+00 +9.3610450e-01 +9.3610655e-01 +7.2415230e+00 +7.2415251e+00 +8.7339732e+00 +8.7339767e+00 +1.0217266e+01 +1.0217286e+01 
-2.1444759e+01 -2.1444750e+01 -2.1327811e+01 -2.1327784e+01 -2.1220609e+01 -2.1220608e+01 -2.1154370e+01 -2.1154343e+01 -2.1034216e+01 -2.1034206e+01 -7.2585020e+00 -7.2584999e+00 -2.1599826e+00 -2.1599815e+00 +9.7986221e-01 +9.7986440e-01 +7.1601578e+00 +7.1601604e+00 +8.7163886e+00 +8.7163914e+00 +1.0164578e+01 +1.0164608e+01 
-2.1445503e+01 -2.1445490e+01 -2.1325991e+01 -2.1325963e+01 -2.1220701e+01 -2.1220700e+01 -2.1156076e+01 -2.1156047e+01 -2.1033491e+01 -2.1033474e+01 -7.2565011e+00 -7.2564989e+00 -2.1896194e+00 -2.1896184e+00 +1.0512418e+00 +1.0512442e+00 +7.0293680e+00 +7.0293717e+00 +8.6938441e+00 +8.6938462e+00 +1.0115086e+01 +1.0115119e+01 
-2.1446480e+01 -2.1446462e+01 -2.1323528e+01 -2.1323498e+01 -2.1220838e+01 -2.1220836e+01 -2.1158376e+01 -2.1158344e+01 -2.1032537e+01 -2.1032515e+01 -7.2538004e+00 -7.2537981e+00 -2.2281738e+00 -2.2281727e+00 +1.1482026e+00 +1.1482051e+00 +6.8561277e+00 +6.8561328e+00 +8.6719560e+00 +8.6719576e+00 +1.0077560e+01 +1.0077593e+01 
-2.1447635e+01 -2.1447612e+01 -2.1320497e+01 -2.1320464e+01 -2.1221026e+01 -2.1221022e+01 -2.1161189e+01 -2.1161155e+01 -2.1031408e+01 -2.1031380e+01 -7.2504973e+00 -7.2504947e+00 -2.2732875e+00 -2.2732863e+00 +1.2683394e+00 +1.2683421e+00 +6.6488893e+00 +6.6488960e+00 +8.6540198e+00 +8.6540214e+00 +1.0051703e+01 +1.0051735e+01 
-2.1448909e+01 -2.1448882e+01 -2.1316986e+01 -2.1316951e+01 -2.1221274e+01 -2.1221269e+01 -2.1164421e+01 -2.1164385e+01 -2.1030161e+01 -2.1030126e+01 -7.2467120e+00 -7.2467092e+00 -2.3225278e+00 -2.3225265e+00 +1.4091374e+00 +1.4091403e+00 +6.4161067e+00 +6.4161151e+00 +8.6410829e+00 +8.6410848e+00 +1.0035061e+01 +1.0035092e+01 
-2.1450244e+01 -2.1450211e+01 -2.1313091e+01 -2.1313055e+01 -2.1221595e+01 -2.1221588e+01 -2.1167964e+01 -2.1167927e+01 -2.1028853e+01 -2.1028812e+01 -7.2425843e+00 -7.2425812e+00 -2.3735781e+00 -2.3735768e+00 +1.5681418e+00 +1.5681449e+00 +6.1652273e+00 +6.1652376e+00 +8.6328594e+00 +8.6328616e+00 +1.0025180e+01 +1.0025210e+01 
-2.1451582e+01 -2.1451544e+01 -2.1308919e+01 -2.1308881e+01 -2.1222003e+01 -2.1221993e+01 -2.1171697e+01 -2.1171661e+01 -2.1027538e+01 -2.1027491e+01 -7.2382688e+00 -7.2382654e+00 -2.4243479e+00 -2.4243466e+00 +1.7430326e+00 +1.7430357e+00 +5.9023653e+00 +5.9023773e+00 +8.6285128e+00 +8.6285153e+00 +1.0020085e+01 +1.0020114e+01 
-2.1452875e+01 -2.1452832e+01 -2.1304584e+01 -2.1304547e+01 -2.1222513e+01 -2.1222501e+01 -2.1175491e+01 -2.1175456e+01 -2.1026266e+01 -2.1026213e+01 -7.2339297e+00 -7.2339259e+00 -2.4730182e+00 -2.4730169e+00 +1.9316110e+00 +1.9316141e+00 +5.6324317e+00 +5.6324456e+00 +8.6270843e+00 +8.6270870e+00 +1.0018272e+01 +1.0018299e+01 
-2.1454079e+01 -2.1454031e+01 -2.1300215e+01 -2.1300180e+01 -2.1223140e+01 -2.1223124e+01 -2.1179201e+01 -2.1179171e+01 -2.1025081e+01 -2.1025021e+01 -7.2297348e+00 -7.2297305e+00 -2.5180473e+00 -2.5180462e+00 +2.1316997e+00 +2.1317028e+00 +5.3594794e+00 +5.3594952e+00 +8.6276725e+00 +8.6276754e+00 +1.0018598e+01 +1.0018624e+01 
-2.1455156e+01 -2.1455104e+01 -2.1295961e+01 -2.1295931e+01 -2.1223886e+01 -2.1223866e+01 -2.1182678e+01 -2.1182653e+01 -2.1024018e+01 -2.1023952e+01 -7.2258489e+00 -7.2258441e+00 -2.5581567e+00 -2.5581557e+00 +2.3409171e+00 +2.3409200e+00 +5.0871642e+00 +5.0871821e+00 +8.6294911e+00 +8.6294942e+00 +1.0020188e+01 +1.0020213e+01 
-2.1456078e+01 -2.1456021e+01 -2.1291998e+01 -2.1291974e+01 -2.1224730e+01 -2.1224706e+01 -2.1185767e+01 -2.1185745e+01 -2.1023108e+01 -2.1023037e+01 -7.2224271e+00 -7.2224218e+00 -2.5923091e+00 -2.5923083e+00 +2.5561877e+00 +2.5561902e+00 +4.8194186e+00 +4.8194388e+00 +8.6318790e+00 +8.6318823e+00 +1.0022358e+01 +1.0022382e+01 
-2.1456818e+01 -2.1456757e+01 -2.1288535e+01 -2.1288512e+01 -2.1225610e+01 -2.1225584e+01 -2.1188329e+01 -2.1188298e+01 -2.1022376e+01 -2.1022300e+01 -7.2196077e+00 -7.2196018e+00 -2.6196863e+00 -2.6196858e+00 +2.7725477e+00 +2.7725496e+00 +4.5617776e+00 +4.5618004e+00 +8.6342974e+00 +8.6343009e+00 +1.0024578e+01 +1.0024601e+01 
-2.1457360e+01 -2.1457294e+01 -2.1285810e+01 -2.1285771e+01 -2.1226412e+01 -2.1226387e+01 -2.1190243e+01 -2.1190192e+01 -2.1021841e+01 -2.1021760e+01 -7.2175061e+00 -7.2174995e+00 -2.6396710e+00 -2.6396706e+00 +2.9797547e+00 +2.9797560e+00 +4.3248570e+00 +4.3248828e+00 +8.6363264e+00 +8.6363302e+00 +1.0026447e+01 +1.0026469e+01 
-2.1457690e+01 -2.1457620e+01 -2.1284054e+01 -2.1283985e+01 -2.1226986e+01 -2.1226967e+01 -2.1191424e+01 -2.1191347e+01 -2.1021515e+01 -2.1021429e+01 -7.2162091e+00 -7.2162018e+00 -2.6518316e+00 -2.6518312e+00 +3.1518440e+00 +3.1518455e+00 +4.1348548e+00 +4.1348837e+00 +8.6376652e+00 +8.6376693e+00 +1.0027681e+01 +1.0027702e+01 
-2.1457801e+01 -2.1457727e+01 -2.1283448e+01 -2.1283339e+01 -2.1227195e+01 -2.1227184e+01 -2.1191825e+01 -2.1191717e+01 -2.1021405e+01 -2.1021315e+01 -7.2157705e+00 -7.2157625e+00 -2.6559134e+00 -2.6559126e+00 +3.2268252e+00 +3.2268265e+00 +4.0538909e+00 +4.0539196e+00 +8.6381319e+00 +8.6381364e+00 +1.0028111e+01 +1.0028132e+01 
-2.1458388e+01 -2.1456959e+01 -2.1288238e+01 -2.1279056e+01 -2.1230143e+01 -2.1224035e+01 -2.1195424e+01 -2.1187807e+01 -2.1022254e+01 -2.1020672e+01 -7.2902258e+00 -7.1415610e+00 -2.7064580e+00 -2.5963960e+00 +3.0750958e+00 +3.2891136e+00 +4.0783309e+00 +4.1304084e+00 +8.4692301e+00 +8.7834806e+00 +9.8935848e+00 +1.0173969e+01 
-2.1458980e+01 -2.1455833e+01 -2.1293468e+01 -2.1275282e+01 -2.1232334e+01 -2.1221273e+01 -2.1198878e+01 -2.1183467e+01 -2.1023393e+01 -2.1020105e+01 -7.3577187e+00 -7.0749991e+00 -2.7530585e+00 -2.5233864e+00 +2.8332520e+00 +3.3227179e+00 +4.2051151e+00 +4.2468597e+00 +8.2808521e+00 +8.8891750e+00 +9.7839805e+00 +1.0329739e+01 
-2.1459505e+01 -2.1454460e+01 -2.1298971e+01 -2.1272001e+01 -2.1233834e+01 -2.1218913e+01 -2.1202093e+01 -2.1178893e+01 -2.1024777e+01 -2.1019612e+01 -7.4182051e+00 -7.0162453e+00 -2.7954381e+00 -2.4384109e+00 +2.5643520e+00 +3.3346064e+00 +4.3722068e+00 +4.3957874e+00 +8.0786517e+00 +8.9190041e+00 +9.7369903e+00 +1.0488040e+01 
-2.1459965e+01 -2.1452897e+01 -2.1304546e+01 -2.1269191e+01 -2.1234743e+01 -2.1216941e+01 -2.1205075e+01 -2.1174222e+01 -2.1026347e+01 -2.1019186e+01 -7.4716489e+00 -6.9652989e+00 -2.8333581e+00 -2.3437109e+00 +2.2948527e+00 +3.3331390e+00 +4.5539477e+00 +4.5681577e+00 +7.8664057e+00 +8.8536470e+00 +9.7733929e+00 +1.0642255e+01 
-2.1460362e+01 -2.1451215e+01 -2.1309980e+01 -2.1266824e+01 -2.1235174e+01 -2.1215325e+01 -2.1207818e+01 -2.1169621e+01 -2.1028027e+01 -2.1018825e+01 -7.5180200e+00 -6.9220175e+00 -2.8666137e+00 -2.2423984e+00 +2.0368568e+00 +3.3247217e+00 +4.7388333e+00 +4.7566437e+00 +7.6471197e+00 +8.7212843e+00 +9.8664133e+00 +1.0785262e+01 
-2.1460695e+01 -2.1449501e+01 -2.1315059e+01 -2.1264873e+01 -2.1235235e+01 -2.1214027e+01 -2.1210305e+01 -2.1165278e+01 -2.1029726e+01 -2.1018526e+01 -7.5572942e+00 -6.8861563e+00 -2.8950327e+00 -2.1386425e+00 +1.7982799e+00 +3.3135115e+00 +4.9192822e+00 +4.9557344e+00 +7.4236871e+00 +8.5603068e+00 +9.9792614e+00 +1.0909211e+01 
-2.1460967e+01 -2.1447862e+01 -2.1319579e+01 -2.1263312e+01 -2.1235035e+01 -2.1213013e+01 -2.1212501e+01 -2.1161381e+01 -2.1031342e+01 -2.1018285e+01 -7.5894522e+00 -6.8574117e+00 -2.9184725e+00 -2.0378560e+00 +1.5862325e+00 +3.3020762e+00 +5.0880781e+00 +5.1606608e+00 +7.1995145e+00 +8.3959788e+00 +1.0089136e+01 +1.1007008e+01 
-2.1461178e+01 -2.1446412e+01 -2.1323345e+01 -2.1262120e+01 -2.1234685e+01 -2.1214352e+01 -2.1212252e+01 -2.1158113e+01 -2.1032762e+01 -2.1018100e+01 -7.6144787e+00 -6.8354661e+00 -2.9368192e+00 -1.9467702e+00 +1.4082353e+00 +3.2919934e+00 +5.2368463e+00 +5.3657478e+00 +6.9796568e+00 +8.2454652e+00 +1.0183238e+01 +1.1075460e+01 
-2.1461328e+01 -2.1445268e+01 -2.1326183e+01 -2.1261281e+01 -2.1234300e+01 -2.1215782e+01 -2.1211724e+01 -2.1155640e+01 -2.1033877e+01 -2.1017970e+01 -7.6323625e+00 -6.8200280e+00 -2.9499853e+00 -1.8731585e+00 +1.2724167e+00 +3.2842320e+00 +5.3555072e+00 +5.5609961e+00 +6.7738850e+00 +8.1233057e+00 +1.0254154e+01 +1.1117191e+01 
-2.1461418e+01 -2.1444533e+01 -2.1327949e+01 -2.1260782e+01 -2.1234001e+01 -2.1216697e+01 -2.1211413e+01 -2.1154096e+01 -2.1034590e+01 -2.1017892e+01 -7.6430959e+00 -6.8108649e+00 -2.9579094e+00 -1.8248619e+00 +1.1867632e+00 +3.2793708e+00 +5.4330327e+00 +5.7223473e+00 +6.6062103e+00 +8.0428970e+00 +1.0297868e+01 +1.1138449e+01 
-2.1461448e+01 -2.1444280e+01 -2.1328549e+01 -2.1260616e+01 -2.1233888e+01 -2.1217014e+01 -2.1211310e+01 -2.1153571e+01 -2.1034836e+01 -2.1017866e+01 -7.6466742e+00 -6.8078277e+00 -2.9605549e+00 -1.8079825e+00 +1.1574277e+00 +3.2777181e+00 +5.4601238e+00 +5.7925306e+00 +6.5339157e+00 +8.0147238e+00 +1.0312595e+01 +1.1144825e+01 
-2.1462192e+01 -2.1444208e+01 -2.1328697e+01 -2.1251481e+01 -2.1236198e+01 -2.1225420e+01 -2.1209650e+01 -2.1153577e+01 -2.1034936e+01 -2.1017247e+01 -7.7197390e+00 -6.7270850e+00 -3.0018887e+00 -1.7519664e+00 +1.1935598e+00 +3.5786517e+00 +5.2954011e+00 +5.6160033e+00 +6.3450994e+00 +7.8402953e+00 +1.0368067e+01 +1.0986438e+01 
-2.1462596e+01 -2.1444101e+01 -2.1328963e+01 -2.1242221e+01 -2.1238672e+01 -2.1233832e+01 -2.1207850e+01 -2.1153547e+01 -2.1035077e+01 -2.1016999e+01 -7.7987313e+00 -6.6397570e+00 -3.0297972e+00 -1.6922056e+00 +1.2302888e+00 +3.8747115e+00 +5.1383944e+00 +5.4403752e+00 +6.1739991e+00 +7.6729392e+00 +1.0383011e+01 +1.0819118e+01 
-2.1462651e+01 -2.1443950e+01 -2.1329380e+01 -2.1242169e+01 -2.1241303e+01 -2.1232898e+01 -2.1205911e+01 -2.1153473e+01 -2.1035265e+01 -2.1017134e+01 -7.8831474e+00 -6.5458614e+00 -3.0440798e+00 -1.6289183e+00 +1.2669087e+00 +4.1545630e+00 +4.9900399e+00 +5.2664306e+00 +6.0308434e+00 +7.5129589e+00 +1.0357053e+01 +1.0648969e+01 
-2.1462357e+01 -2.1443750e+01 -2.1329991e+01 -2.1250348e+01 -2.1244087e+01 -2.1223567e+01 -2.1203833e+01 -2.1153345e+01 -2.1035507e+01 -2.1017657e+01 -7.9723808e+00 -6.4454192e+00 -3.0447829e+00 -1.5623449e+00 +1.3026140e+00 +4.3975089e+00 +4.8512697e+00 +5.0948129e+00 +5.9350737e+00 +7.3606572e+00 +1.0294205e+01 +1.0479989e+01 
-2.1461719e+01 -2.1443494e+01 -2.1330844e+01 -2.1258283e+01 -2.1247016e+01 -2.1214280e+01 -2.1201619e+01 -2.1153151e+01 -2.1035810e+01 -2.1018566e+01 -8.0657470e+00 -6.3384555e+00 -3.0321456e+00 -1.4927486e+00 +1.3365016e+00 +4.5698343e+00 +4.7230187e+00 +4.9260546e+00 +5.9188688e+00 +7.2163408e+00 +1.0200951e+01 +1.0315171e+01 
-2.1460747e+01 -2.1443175e+01 -2.1331998e+01 -2.1265880e+01 -2.1250086e+01 -2.1205087e+01 -2.1199269e+01 -2.1152882e+01 -2.1036180e+01 -2.1019854e+01 -8.1625118e+00 -6.2250001e+00 -3.0065502e+00 -1.4204164e+00 +1.3675821e+00 +4.6062158e+00 +4.6401282e+00 +4.7606009e+00 +6.0116287e+00 +7.0803241e+00 +1.0083825e+01 +1.0157220e+01 
-2.1459455e+01 -2.1442786e+01 -2.1333517e+01 -2.1273046e+01 -2.1253289e+01 -2.1196785e+01 -2.1196036e+01 -2.1152524e+01 -2.1036625e+01 -2.1021510e+01 -8.2619165e+00 -6.1050879e+00 -2.9684798e+00 -1.3456598e+00 +1.3948054e+00 +4.5017546e+00 +4.5988269e+00 +4.6143419e+00 +6.2046054e+00 +6.9529314e+00 +9.9479370e+00 +1.0009123e+01 
-2.1457863e+01 -2.1442321e+01 -2.1335469e+01 -2.1279683e+01 -2.1256618e+01 -2.1194169e+01 -2.1187173e+01 -2.1152061e+01 -2.1037150e+01 -2.1023515e+01 -8.3632025e+00 -5.9787597e+00 -2.9184832e+00 -1.2688153e+00 +1.4171038e+00 +4.4104405e+00 +4.4410521e+00 +4.5276806e+00 +6.4585042e+00 +6.8344992e+00 +9.7965767e+00 +9.8747789e+00 
-2.1455993e+01 -2.1441773e+01 -2.1337914e+01 -2.1285709e+01 -2.1260067e+01 -2.1191425e+01 -2.1178547e+01 -2.1151474e+01 -2.1037762e+01 -2.1025848e+01 -8.4656300e+00 -5.8460634e+00 -2.8571474e+00 -1.1902443e+00 +1.4334549e+00 +4.2875506e+00 +4.3329112e+00 +4.4099726e+00 +6.7253769e+00 +6.7372936e+00 +9.6313971e+00 +9.7598564e+00 
-2.1453870e+01 -2.1441136e+01 -2.1340884e+01 -2.1291068e+01 -2.1263628e+01 -2.1188556e+01 -2.1170217e+01 -2.1150730e+01 -2.1038467e+01 -2.1028484e+01 -8.5684926e+00 -5.7070547e+00 -2.7850768e+00 -1.1103332e+00 +1.4429602e+00 +4.1385592e+00 +4.2695331e+00 +4.2779076e+00 +6.6259278e+00 +7.0147454e+00 +9.4528258e+00 +9.6729634e+00 
-2.1451523e+01 -2.1440404e+01 -2.1344369e+01 -2.1295750e+01 -2.1267293e+01 -2.1185566e+01 -2.1162286e+01 -2.1149751e+01 -2.1039271e+01 -2.1031395e+01 -8.6711268e+00 -5.5617985e+00 -2.7028799e+00 -1.0294918e+00 +1.4449299e+00 +3.9942849e+00 +4.1400766e+00 +4.2202814e+00 +6.5365281e+00 +7.2680559e+00 +9.2606049e+00 +9.6268292e+00 
-2.1448981e+01 -2.1439571e+01 -2.1348306e+01 -2.1299799e+01 -2.1271055e+01 -2.1182458e+01 -2.1155088e+01 -2.1148224e+01 -2.1040179e+01 -2.1034550e+01 -8.7729180e+00 -5.4103702e+00 -2.6111611e+00 -9.4815200e-01 +1.4389572e+00 +3.8549091e+00 +4.0010464e+00 +4.1846168e+00 +6.4575659e+00 +7.4739596e+00 +9.0544694e+00 +9.6377495e+00 
-2.1446276e+01 -2.1438632e+01 -2.1352590e+01 -2.1303304e+01 -2.1274906e+01 -2.1179239e+01 -2.1150160e+01 -2.1144630e+01 -2.1041196e+01 -2.1037913e+01 -8.8733038e+00 -5.2528571e+00 -2.5105172e+00 -8.6676471e-01 +1.4249643e+00 +3.7205923e+00 +3.8633995e+00 +4.1613725e+00 +6.3894385e+00 +7.6119049e+00 +8.8349226e+00 +9.7195143e+00 
-2.1443441e+01 -2.1437584e+01 -2.1357093e+01 -2.1306379e+01 -2.1278836e+01 -2.1175913e+01 -2.1147932e+01 -2.1138560e+01 -2.1042327e+01 -2.1041450e+01 -8.9717731e+00 -5.0893613e+00 -2.4015383e+00 -7.8579625e-01 +1.4032069e+00 +3.5914771e+00 +3.7286914e+00 +4.1486616e+00 +6.3325484e+00 +7.6733621e+00 +8.6039237e+00 +9.8709766e+00 
-2.1440509e+01 -2.1436422e+01 -2.1361685e+01 -2.1309139e+01 -2.1282837e+01 -2.1172486e+01 -2.1146274e+01 -2.1132159e+01 -2.1045122e+01 -2.1043576e+01 -9.0678657e+00 -4.9200013e+00 -2.2848110e+00 -7.0572317e-01 +1.3742337e+00 +3.4676910e+00 +3.5979148e+00 +4.1438053e+00 +6.2872984e+00 +7.6660275e+00 +8.3652296e+00 +1.0065445e+01 
-2.1437514e+01 -2.1435144e+01 -2.1366251e+01 -2.1311688e+01 -2.1286899e+01 -2.1168965e+01 -2.1144612e+01 -2.1126017e+01 -2.1048890e+01 -2.1044947e+01 -9.1611692e+00 -4.7449158e+00 -2.1609253e+00 -6.2702598e-01 +1.3388113e+00 +3.3493483e+00 +3.4717360e+00 +4.1432728e+00 +6.2540853e+00 +7.6061065e+00 +8.1242918e+00 +1.0243136e+01 
-2.1434489e+01 -2.1433747e+01 -2.1370694e+01 -2.1314111e+01 -2.1291013e+01 -2.1165356e+01 -2.1142835e+01 -2.1120260e+01 -2.1052716e+01 -2.1046443e+01 -9.2513160e+00 -4.5642674e+00 -2.0304828e+00 -5.5018189e-01 +1.2978321e+00 +3.2365522e+00 +3.3506221e+00 +4.1426367e+00 +6.2332914e+00 +7.5088598e+00 +7.8878753e+00 +9.7700871e+00 
-2.1432232e+01 -2.1431466e+01 -2.1374937e+01 -2.1316474e+01 -2.1295166e+01 -2.1161667e+01 -2.1140910e+01 -2.1114934e+01 -2.1056560e+01 -2.1048067e+01 -9.3379793e+00 -4.3782475e+00 -1.8941079e+00 -4.7565640e-01 +1.2522222e+00 +3.1293961e+00 +3.2349129e+00 +4.1365771e+00 +6.2252766e+00 +7.3851411e+00 +7.6636298e+00 +9.6248519e+00 
-2.1430599e+01 -2.1428477e+01 -2.1378923e+01 -2.1318823e+01 -2.1299348e+01 -2.1157905e+01 -2.1138825e+01 -2.1110066e+01 -2.1060384e+01 -2.1049820e+01 -9.4208701e+00 -4.1870830e+00 -1.7524612e+00 -4.0389429e-01 +1.2028614e+00 +3.0279645e+00 +3.1248633e+00 +4.1190262e+00 +6.2303677e+00 +7.2419005e+00 +7.4596886e+00 +9.4939399e+00 
-2.1428851e+01 -2.1425551e+01 -2.1382609e+01 -2.1321190e+01 -2.1303545e+01 -2.1154079e+01 -2.1136580e+01 -2.1105670e+01 -2.1064149e+01 -2.1051705e+01 -9.4997333e+00 -3.9910447e+00 -1.6062557e+00 -3.3531036e-01 +1.1505215e+00 +2.9323341e+00 +3.0206689e+00 +4.0836103e+00 +6.2488488e+00 +7.0835744e+00 +7.2841483e+00 +9.3754503e+00 
-2.1426990e+01 -2.1422714e+01 -2.1385965e+01 -2.1323593e+01 -2.1307744e+01 -2.1150197e+01 -2.1134177e+01 -2.1101757e+01 -2.1067821e+01 -2.1053722e+01 -9.5743441e+00 -3.7904589e+00 -1.4562762e+00 -2.7028060e-01 +1.0958204e+00 +2.8425749e+00 +2.9224830e+00 +4.0245268e+00 +6.2809509e+00 +6.9132403e+00 +7.1442285e+00 +9.2677855e+00 
-2.1425025e+01 -2.1419992e+01 -2.1388971e+01 -2.1326041e+01 -2.1311929e+01 -2.1146268e+01 -2.1131627e+01 -2.1098333e+01 -2.1071366e+01 -2.1055871e+01 -9.6445052e+00 -3.5857218e+00 -1.3034029e+00 -2.0913447e-01 +1.0391895e+00 +2.7587503e+00 +2.8304268e+00 +3.9377834e+00 +6.3268428e+00 +6.7333894e+00 +7.0451217e+00 +9.1696355e+00 
-2.1422962e+01 -2.1417406e+01 -2.1391618e+01 -2.1328530e+01 -2.1316083e+01 -2.1142299e+01 -2.1128940e+01 -2.1095399e+01 -2.1074752e+01 -2.1058153e+01 -9.7100440e+00 -3.3773203e+00 -1.1486387e+00 -1.5214894e-01 +9.8084785e-01 +2.6809178e+00 +2.7445969e+00 +3.8223409e+00 +6.3866228e+00 +6.5463993e+00 +6.9889509e+00 +9.0799090e+00 
-2.1420815e+01 -2.1414976e+01 -2.1393905e+01 -2.1331048e+01 -2.1320185e+01 -2.1138302e+01 -2.1126134e+01 -2.1092954e+01 -2.1077953e+01 -2.1060567e+01 -9.7708096e+00 -3.1658613e+00 -9.9314337e-01 -9.9544794e-02 +9.2078170e-01 +2.6091295e+00 +2.6650708e+00 +3.6805276e+00 +6.3547896e+00 +6.4603118e+00 +6.9744508e+00 +8.9976721e+00 
-2.1418598e+01 -2.1412719e+01 -2.1395838e+01 -2.1333574e+01 -2.1324212e+01 -2.1134284e+01 -2.1123229e+01 -2.1090994e+01 -2.1080943e+01 -2.1063110e+01 -9.8266706e+00 -2.9521128e+00 -8.3827248e-01 -5.1485688e-02 +8.5872812e-01 +2.5434326e+00 +2.5919114e+00 +3.5174879e+00 +6.1613356e+00 +6.5478485e+00 +6.9976026e+00 +8.9220813e+00 
-2.1416334e+01 -2.1410647e+01 -2.1397430e+01 -2.1336079e+01 -2.1328136e+01 -2.1130255e+01 -2.1120249e+01 -2.1089511e+01 -2.1083700e+01 -2.1065782e+01 -9.8775138e+00 -2.7370637e+00 -6.8562239e-01 -8.0800720e-03 +7.9417115e-01 +2.4838692e+00 +2.5251722e+00 +3.3400739e+00 +5.9690962e+00 +6.6490842e+00 +7.0528075e+00 +8.8523201e+00 
-2.1414048e+01 -2.1408772e+01 -2.1398702e+01 -2.1338528e+01 -2.1331924e+01 -2.1126225e+01 -2.1117221e+01 -2.1088494e+01 -2.1086207e+01 -2.1068579e+01 -9.9232410e+00 -2.5220136e+00 -5.3707840e-01 +3.0614383e-02 +7.2637030e-01 +2.4304771e+00 +2.4649035e+00 +3.1558037e+00 +5.7814008e+00 +6.7637763e+00 +7.1339623e+00 +8.7875347e+00 
-2.1411775e+01 -2.1407104e+01 -2.1399681e+01 -2.1340878e+01 -2.1335535e+01 -2.1122203e+01 -2.1114172e+01 -2.1088448e+01 -2.1087930e+01 -2.1071498e+01 -9.9637687e+00 -2.3087111e+00 -3.9486180e-01 +6.4583815e-02 +6.5446179e-01 +2.3832895e+00 +2.4111605e+00 +2.9722105e+00 +5.6018263e+00 +6.8915773e+00 +7.2350844e+00 +8.7267742e+00 
-2.1409562e+01 -2.1405648e+01 -2.1400402e+01 -2.1343080e+01 -2.1338919e+01 -2.1118198e+01 -2.1111136e+01 -2.1090410e+01 -2.1087800e+01 -2.1074534e+01 -9.9990261e+00 -2.0995718e+00 -2.6156492e-01 +9.3849156e-02 +5.7770360e-01 +2.3423357e+00 +2.3640158e+00 +2.7965368e+00 +5.4341697e+00 +7.0320059e+00 +7.3504804e+00 +8.6689412e+00 
-2.1407466e+01 -2.1404410e+01 -2.1400904e+01 -2.1345080e+01 -2.1342013e+01 -2.1114222e+01 -2.1108146e+01 -2.1092085e+01 -2.1088086e+01 -2.1077684e+01 -1.0028954e+01 -1.8980281e+00 -1.4015563e-01 +1.1845616e-01 +4.9596865e-01 +2.3076406e+00 +2.3235735e+00 +2.6355711e+00 +5.2824065e+00 +7.1843801e+00 +7.4745859e+00 +8.6127942e+00 
-2.1405558e+01 -2.1403394e+01 -2.1401228e+01 -2.1346822e+01 -2.1344742e+01 -2.1110282e+01 -2.1105237e+01 -2.1093463e+01 -2.1088764e+01 -2.1080941e+01 -1.0053504e+01 -1.7090902e+00 -3.3923291e-02 +1.3846511e-01 +4.1059916e-01 +2.2792253e+00 +2.2899844e+00 +2.4954497e+00 +5.1506078e+00 +7.3476429e+00 +7.6015642e+00 +8.5571067e+00 
-2.1403926e+01 -2.1402601e+01 -2.1401420e+01 -2.1348249e+01 -2.1347017e+01 -2.1106391e+01 -2.1102449e+01 -2.1094541e+01 -2.1089806e+01 -2.1084298e+01 -1.0072636e+01 -1.5401901e+00 +5.3668145e-02 +1.5394117e-01 +3.2566143e-01 +2.2571069e+00 +2.2634531e+00 +2.3813697e+00 +5.0427823e+00 +7.5198554e+00 +7.7245950e+00 +8.5012508e+00 
-2.1402662e+01 -2.1402034e+01 -2.1401522e+01 -2.1349312e+01 -2.1348741e+01 -2.1102562e+01 -2.1099825e+01 -2.1095313e+01 -2.1091175e+01 -2.1087743e+01 -1.0086323e+01 -1.4021709e+00 +1.1924795e-01 +1.6494530e-01 +2.4932695e-01 +2.2412986e+00 +2.2442278e+00 +2.2973109e+00 +4.9626245e+00 +7.6964180e+00 +7.8344494e+00 +8.4468425e+00 
-2.1401858e+01 -2.1401694e+01 -2.1401567e+01 -2.1349969e+01 -2.1349822e+01 -2.1098833e+01 -2.1097447e+01 -2.1095777e+01 -2.1092799e+01 -2.1091241e+01 -1.0094543e+01 -1.3093909e+00 +1.5992371e-01 +1.7152660e-01 +1.9417685e-01 +2.2318098e+00 +2.2325612e+00 +2.2459240e+00 +4.9131752e+00 +7.8618100e+00 +7.9164983e+00 +8.4015049e+00 
-2.1401581e+01 -2.1401581e+01 -2.1401578e+01 -2.1350191e+01 -2.1350191e+01 -2.1095934e+01 -2.1095934e+01 -2.1095929e+01 -2.1094063e+01 -2.1094063e+01 -1.0097285e+01 -1.2762955e+00 +1.7371675e-01 +1.7371676e-01 +1.7371922e-01 +2.2286463e+00 +2.2286463e+00 +2.2286485e+00 +7.9485692e+00 +7.9485692e+00 +8.3823011e+00 +8.3823011e+00 
-2.1401812e+01 -2.1401812e+01 -2.1401509e+01 -2.1349883e+01 -2.1349883e+01 -2.1098212e+01 -2.1098212e+01 -2.1096013e+01 -2.1091833e+01 -2.1091833e+01 -1.0094429e+01 -1.3107903e+00 +1.6741839e-01 +1.6741840e-01 +1.9094468e-01 +2.2368164e+00 +2.2368164e+00 +2.2377239e+00 +4.9138726e+00 +7.8861759e+00 +7.8861759e+00 +8.3654960e+00 
-2.1402486e+01 -2.1402486e+01 -2.1401301e+01 -2.1348982e+01 -2.1348982e+01 -2.1101252e+01 -2.1101252e+01 -2.1096263e+01 -2.1088939e+01 -2.1088939e+01 -1.0085868e+01 -1.4077078e+00 +1.4890191e-01 +1.4890192e-01 +2.3570912e-01 +2.2608794e+00 +2.2608794e+00 +2.2658462e+00 +4.9653880e+00 +7.7592854e+00 +7.7592860e+00 +8.3178225e+00 
-2.1403547e+01 -2.1403546e+01 -2.1400958e+01 -2.1347547e+01 -2.1347547e+01 -2.1104357e+01 -2.1104357e+01 -2.1096677e+01 -2.1086073e+01 -2.1086073e+01 -1.0071617e+01 -1.5524572e+00 +1.1922470e-01 +1.1922470e-01 +2.9269193e-01 +2.2995714e+00 +2.2995714e+00 +2.3152986e+00 +5.0488606e+00 +7.6205624e+00 +7.6205625e+00 +8.2462786e+00 
-2.1404919e+01 -2.1404919e+01 -2.1400482e+01 -2.1345658e+01 -2.1345658e+01 -2.1107480e+01 -2.1107480e+01 -2.1097250e+01 -2.1083280e+01 -2.1083280e+01 -1.0051705e+01 -1.7305115e+00 +7.9923562e-02 +7.9923572e-02 +3.4706151e-01 +2.3510097e+00 +2.3510097e+00 +2.3886863e+00 +5.1609078e+00 +7.4855935e+00 +7.4855936e+00 +8.1596190e+00 
-2.1406524e+01 -2.1406524e+01 -2.1399879e+01 -2.1343405e+01 -2.1343405e+01 -2.1110595e+01 -2.1110595e+01 -2.1097977e+01 -2.1080576e+01 -2.1080576e+01 -1.0026172e+01 -1.9308635e+00 +3.2773693e-02 +3.2773700e-02 +3.8887918e-01 +2.4129336e+00 +2.4129336e+00 +2.4876724e+00 +5.2970405e+00 +7.3597260e+00 +7.3597260e+00 +8.0665549e+00 
-2.1408283e+01 -2.1408283e+01 -2.1399155e+01 -2.1340876e+01 -2.1340876e+01 -2.1113685e+01 -2.1113685e+01 -2.1098849e+01 -2.1077972e+01 -2.1077972e+01 -9.9950711e+00 -2.1459147e+00 -2.0421070e-02 -2.0421063e-02 +4.1353024e-01 +2.4829150e+00 +2.4829150e+00 +2.6121513e+00 +5.4516403e+00 +7.2455907e+00 +7.2455907e+00 +7.9752742e+00 
-2.1410132e+01 -2.1410132e+01 -2.1398318e+01 -2.1338149e+01 -2.1338149e+01 -2.1116730e+01 -2.1116730e+01 -2.1099857e+01 -2.1075478e+01 -2.1075478e+01 -9.9584730e+00 -2.3704717e+00 -7.7970505e-02 -7.7970498e-02 +4.2051363e-01 +2.5585068e+00 +2.5585068e+00 +2.7602501e+00 +5.6176818e+00 +7.1449567e+00 +7.1449567e+00 +7.8939113e+00 
-2.1412016e+01 -2.1412016e+01 -2.1397377e+01 -2.1335294e+01 -2.1335294e+01 -2.1119714e+01 -2.1119714e+01 -2.1100989e+01 -2.1073100e+01 -2.1073100e+01 -9.9164651e+00 -2.6008924e+00 -1.3837246e-01 -1.3837246e-01 +4.1181393e-01 +2.6373303e+00 +2.6373303e+00 +2.9289810e+00 +5.7861857e+00 +7.0592862e+00 +7.0592862e+00 +7.8314770e+00 
-2.1413893e+01 -2.1413893e+01 -2.1396342e+01 -2.1332370e+01 -2.1332370e+01 -2.1122618e+01 -2.1122618e+01 -2.1102233e+01 -2.1070843e+01 -2.1070843e+01 -9.8691562e+00 -2.8345215e+00 -2.0033695e-01 -2.0033694e-01 +3.9048499e-01 +2.7171249e+00 +2.7171249e+00 +3.1150355e+00 +5.9456567e+00 +6.9899198e+00 +6.9899198e+00 +7.7987534e+00 
-2.1415728e+01 -2.1415728e+01 -2.1395224e+01 -2.1329429e+01 -2.1329429e+01 -2.1125424e+01 -2.1125424e+01 -2.1103574e+01 -2.1068714e+01 -2.1068714e+01 -9.8166801e+00 -3.0693387e+00 -2.6277955e-01 -2.6277954e-01 +3.5972000e-01 +2.7957810e+00 +2.7957810e+00 +3.3153467e+00 +6.0824397e+00 +6.9381256e+00 +6.9381256e+00 +7.8081566e+00 
-2.1417496e+01 -2.1417496e+01 -2.1394036e+01 -2.1326514e+01 -2.1326514e+01 -2.1128117e+01 -2.1128117e+01 -2.1104999e+01 -2.1066713e+01 -2.1066713e+01 -9.7592014e+00 -3.3037409e+00 -3.2480005e-01 -3.2480005e-01 +3.2238621e-01 +2.8713776e+00 +2.8713777e+00 +3.5273395e+00 +6.1836682e+00 +6.9050820e+00 +6.9050820e+00 +7.8708954e+00 
-2.1419179e+01 -2.1419179e+01 -2.1392792e+01 -2.1323665e+01 -2.1323665e+01 -2.1130680e+01 -2.1130680e+01 -2.1106489e+01 -2.1064845e+01 -2.1064845e+01 -9.6969213e+00 -3.5364001e+00 -3.8565601e-01 -3.8565600e-01 +2.8086838e-01 +2.9422299e+00 +2.9422299e+00 +3.7489557e+00 +6.2427878e+00 +6.8918237e+00 +6.8918237e+00 +7.9914570e+00 
-2.1420762e+01 -2.1420762e+01 -2.1391506e+01 -2.1320913e+01 -2.1320913e+01 -2.1133099e+01 -2.1133099e+01 -2.1108027e+01 -2.1063110e+01 -2.1063110e+01 -9.6300871e+00 -3.7661683e+00 -4.4473663e-01 -4.4473663e-01 +2.3707081e-01 +3.0069484e+00 +3.0069484e+00 +3.9785612e+00 +6.2628152e+00 +6.8991654e+00 +6.8991654e+00 +8.1642632e+00 
-2.1422235e+01 -2.1422235e+01 -2.1390194e+01 -2.1318287e+01 -2.1318287e+01 -2.1135361e+01 -2.1135361e+01 -2.1109595e+01 -2.1061508e+01 -2.1061508e+01 -9.5590029e+00 -3.9920095e+00 -5.0153955e-01 -5.0153955e-01 +1.9248175e-01 +3.0644994e+00 +3.0644994e+00 +4.2147971e+00 +6.2533470e+00 +6.9276207e+00 +6.9276207e+00 +8.3764758e+00 
-2.1423594e+01 -2.1423594e+01 -2.1388871e+01 -2.1315811e+01 -2.1315811e+01 -2.1137457e+01 -2.1137457e+01 -2.1111173e+01 -2.1060039e+01 -2.1060039e+01 -9.4840437e+00 -4.2129451e+00 -5.5565106e-01 -5.5565106e-01 +1.4825228e-01 +3.1142511e+00 +3.1142511e+00 +4.4563855e+00 +6.2252159e+00 +6.9773334e+00 +6.9773334e+00 +8.6130255e+00 
-2.1424834e+01 -2.1424834e+01 -2.1387553e+01 -2.1313501e+01 -2.1313501e+01 -2.1139377e+01 -2.1139377e+01 -2.1112742e+01 -2.1058701e+01 -2.1058701e+01 -9.4056743e+00 -4.4280074e+00 -6.0672986e-01 -6.0672985e-01 +1.0526892e-01 +3.1559909e+00 +3.1559909e+00 +4.7018373e+00 +6.1876887e+00 +7.0480353e+00 +7.0480353e+00 +8.8589660e+00 
-2.1425955e+01 -2.1425955e+01 -2.1386259e+01 -2.1311375e+01 -2.1311375e+01 -2.1141117e+01 -2.1141117e+01 -2.1114282e+01 -2.1057491e+01 -2.1057491e+01 -9.3244731e+00 -4.6361963e+00 -6.5449376e-01 -6.5449376e-01 +6.4213631e-02 +3.1899043e+00 +3.1899043e+00 +4.9488818e+00 +6.1485119e+00 +7.1390392e+00 +7.1390392e+00 +9.0989629e+00 
-2.1426958e+01 -2.1426958e+01 -2.1385004e+01 -2.1309440e+01 -2.1309440e+01 -2.1142675e+01 -2.1142675e+01 -2.1115772e+01 -2.1056406e+01 -2.1056406e+01 -9.2411623e+00 -4.8364339e+00 -6.9870911e-01 -6.9870911e-01 +2.5611276e-02 +3.2165164e+00 +3.2165164e+00 +5.1930277e+00 +6.1158149e+00 +7.2492623e+00 +7.2492623e+00 +9.3155963e+00 
-2.1427846e+01 -2.1427846e+01 -2.1383805e+01 -2.1307704e+01 -2.1307704e+01 -2.1144051e+01 -2.1144051e+01 -2.1117193e+01 -2.1055443e+01 -2.1055443e+01 -9.1566461e+00 -5.0275146e+00 -7.3918237e-01 -7.3918236e-01 -1.0133675e-02 +3.2366078e+00 +3.2366078e+00 +5.4233027e+00 +6.1029336e+00 +7.3772621e+00 +7.3772621e+00 +9.4881283e+00 
-2.1428621e+01 -2.1428621e+01 -2.1382678e+01 -2.1306168e+01 -2.1306168e+01 -2.1145250e+01 -2.1145250e+01 -2.1118525e+01 -2.1054596e+01 -2.1054596e+01 -9.0720578e+00 -5.2080505e+00 -7.7575331e-01 -7.7575331e-01 -4.2709306e-02 +3.2511181e+00 +3.2511181e+00 +5.6112897e+00 +6.1397930e+00 +7.5212593e+00 +7.5212594e+00 +9.5940986e+00 
-2.1429289e+01 -2.1429289e+01 -2.1381641e+01 -2.1304833e+01 -2.1304833e+01 -2.1146276e+01 -2.1146276e+01 -2.1119750e+01 -2.1053863e+01 -2.1053863e+01 -8.9888124e+00 -5.3764116e+00 -8.0828963e-01 -8.0828962e-01 -7.1875160e-02 +3.2610545e+00 +3.2610545e+00 +5.7147998e+00 +6.2695020e+00 +7.6791116e+00 +7.6791116e+00 +9.6161111e+00 
-2.1429853e+01 -2.1429853e+01 -2.1380707e+01 -2.1303694e+01 -2.1303694e+01 -2.1147138e+01 -2.1147138e+01 -2.1120849e+01 -2.1053237e+01 -2.1053237e+01 -8.9086613e+00 -5.5306658e+00 -8.3668258e-01 -8.3668257e-01 -9.7446212e-02 +3.2674142e+00 +3.2674142e+00 +5.7433177e+00 +6.4830658e+00 +7.8481842e+00 +7.8481842e+00 +9.5507041e+00 
-2.1430320e+01 -2.1430320e+01 -2.1379889e+01 -2.1302746e+01 -2.1302746e+01 -2.1147845e+01 -2.1147845e+01 -2.1121808e+01 -2.1052716e+01 -2.1052716e+01 -8.8337344e+00 -5.6685334e+00 -8.6084368e-01 -8.6084368e-01 -1.1928086e-01 +3.2711257e+00 +3.2711257e+00 +5.7399367e+00 +6.7375342e+00 +8.0250307e+00 +8.0250307e+00 +9.4097290e+00 
-2.1430692e+01 -2.1430692e+01 -2.1379202e+01 -2.1301982e+01 -2.1301982e+01 -2.1148407e+01 -2.1148407e+01 -2.1122612e+01 -2.1052293e+01 -2.1052293e+01 -8.7665411e+00 -5.7873829e+00 -8.8070202e-01 -8.8070201e-01 -1.3727176e-01 +3.2730093e+00 +3.2730093e+00 +5.7271514e+00 +7.0102408e+00 +8.2046994e+00 +8.2046994e+00 +9.2123134e+00 
-2.1430975e+01 -2.1430975e+01 -2.1378654e+01 -2.1301397e+01 -2.1301397e+01 -2.1148832e+01 -2.1148832e+01 -2.1123248e+01 -2.1051967e+01 -2.1051967e+01 -8.7098891e+00 -5.8843095e+00 -8.9620212e-01 -8.9620212e-01 -1.5133900e-01 +3.2737521e+00 +3.2737521e+00 +5.7134198e+00 +7.2922251e+00 +8.3793076e+00 +8.3793076e+00 +8.9765330e+00 
-2.1431173e+01 -2.1431173e+01 -2.1378254e+01 -2.1300983e+01 -2.1300983e+01 -2.1149128e+01 -2.1149128e+01 -2.1123707e+01 -2.1051733e+01 -2.1051733e+01 -8.6666712e+00 -5.9563463e+00 -9.0730236e-01 -9.0730235e-01 -1.6142503e-01 +3.2738946e+00 +3.2738946e+00 +5.7021801e+00 +7.5791556e+00 +8.5353305e+00 +8.5353305e+00 +8.7161288e+00 
-2.1431286e+01 -2.1431286e+01 -2.1378008e+01 -2.1300736e+01 -2.1300736e+01 -2.1149302e+01 -2.1149302e+01 -2.1123982e+01 -2.1051590e+01 -2.1051590e+01 -8.6394957e+00 -6.0008337e+00 -9.1397376e-01 -9.1397375e-01 -1.6749118e-01 +3.2738248e+00 +3.2738248e+00 +5.6949800e+00 +7.8680592e+00 +8.4406814e+00 +8.6500031e+00 +8.6500031e+00 
-2.1431318e+01 -2.1431318e+01 -2.1377921e+01 -2.1300653e+01 -2.1300653e+01 -2.1149358e+01 -2.1149358e+01 -2.1124069e+01 -2.1051536e+01 -2.1051536e+01 -8.6302127e+00 -6.0158905e+00 -9.1619933e-01 -9.1619933e-01 -1.6951516e-01 +3.2737758e+00 +3.2737758e+00 +5.6925132e+00 +8.1472675e+00 +8.1655657e+00 +8.6935601e+00 +8.6935601e+00 
-2.1431774e+01 -2.1431412e+01 -2.1377341e+01 -2.1300460e+01 -2.1300377e+01 -2.1149627e+01 -2.1149589e+01 -2.1124623e+01 -2.1051404e+01 -2.1051090e+01 -8.6272924e+00 -6.0167108e+00 -9.7586458e-01 -9.2130552e-01 -1.0839601e-01 +3.2661216e+00 +3.2843333e+00 +5.7066688e+00 +8.0952031e+00 +8.1404401e+00 +8.6810939e+00 +8.7403444e+00 
-2.1433066e+01 -2.1431698e+01 -2.1375678e+01 -2.1299876e+01 -2.1299556e+01 -2.1150427e+01 -2.1150317e+01 -2.1126192e+01 -2.1051023e+01 -2.1049801e+01 -8.6185356e+00 -6.0192410e+00 -1.1169306e+00 -9.3643107e-01 +3.6752211e-02 +3.2446380e+00 +3.3157939e+00 +5.7466180e+00 +7.9715938e+00 +8.0732942e+00 +8.6455333e+00 +8.8501734e+00 
-2.1435022e+01 -2.1432162e+01 -2.1373125e+01 -2.1298884e+01 -2.1298205e+01 -2.1151741e+01 -2.1151646e+01 -2.1128520e+01 -2.1050410e+01 -2.1047818e+01 -8.6039545e+00 -6.0236893e+00 -1.2910312e+00 -9.6101789e-01 +2.1668703e-01 +3.2134401e+00 +3.3675420e+00 +5.8048026e+00 +7.8181005e+00 +7.9828651e+00 +8.5914629e+00 +8.9865571e+00 
-2.1437432e+01 -2.1432786e+01 -2.1369922e+01 -2.1297460e+01 -2.1296347e+01 -2.1153746e+01 -2.1153538e+01 -2.1131241e+01 -2.1049591e+01 -2.1045330e+01 -8.5835704e+00 -6.0304012e+00 -1.4755081e+00 -9.9420114e-01 +4.0716803e-01 +3.1785449e+00 +3.4386138e+00 +5.8684209e+00 +7.6593431e+00 +7.8871926e+00 +8.5243538e+00 +9.1340461e+00 
-2.1440103e+01 -2.1433545e+01 -2.1366302e+01 -2.1295572e+01 -2.1294015e+01 -2.1156809e+01 -2.1155782e+01 -2.1133964e+01 -2.1048601e+01 -2.1042522e+01 -8.5574146e+00 -6.0398566e+00 -1.6606430e+00 -1.0348911e+00 +5.9603205e-01 +3.1471518e+00 +3.5277734e+00 +5.9191463e+00 +7.5124253e+00 +7.8023987e+00 +8.4491863e+00 +9.2865476e+00 
-2.1442881e+01 -2.1434410e+01 -2.1362469e+01 -2.1293184e+01 -2.1291244e+01 -2.1160950e+01 -2.1158431e+01 -2.1136404e+01 -2.1047477e+01 -2.1039557e+01 -8.5255302e+00 -6.0526623e+00 -1.8414644e+00 -1.0818625e+00 +7.7487581e-01 +3.1271605e+00 +3.6335939e+00 +5.9349020e+00 +7.3876994e+00 +7.7474877e+00 +8.3699486e+00 +9.4410090e+00 
-2.1445648e+01 -2.1435352e+01 -2.1358586e+01 -2.1290263e+01 -2.1288076e+01 -2.1166122e+01 -2.1161441e+01 -2.1138460e+01 -2.1046258e+01 -2.1036561e+01 -8.4879752e+00 -6.0695372e+00 -2.0148454e+00 -1.1338363e+00 +9.3625309e-01 +3.1267621e+00 +3.7545273e+00 +5.8976405e+00 +7.2829728e+00 +7.7462135e+00 +8.2896817e+00 +9.5953723e+00 
-2.1448319e+01 -2.1436342e+01 -2.1354783e+01 -2.1286786e+01 -2.1284552e+01 -2.1172156e+01 -2.1164770e+01 -2.1140182e+01 -2.1044981e+01 -2.1033634e+01 -8.4448260e+00 -6.0912862e+00 -2.1784633e+00 -1.1895465e+00 +1.0732667e+00 +3.1536773e+00 +3.8889543e+00 +5.8039513e+00 +7.1862313e+00 +7.8157458e+00 +8.2107040e+00 +9.7478722e+00 
-2.1450832e+01 -2.1437351e+01 -2.1351152e+01 -2.1282747e+01 -2.1280715e+01 -2.1178848e+01 -2.1168374e+01 -2.1141676e+01 -2.1043681e+01 -2.1030848e+01 -8.3961836e+00 -6.1187586e+00 -2.3304017e+00 -1.2477867e+00 +1.1805523e+00 +3.2136837e+00 +4.0352088e+00 +5.6652653e+00 +7.0893517e+00 +7.9538153e+00 +8.1348499e+00 +9.8967570e+00 
-2.1453142e+01 -2.1438352e+01 -2.1347754e+01 -2.1278161e+01 -2.1276608e+01 -2.1186018e+01 -2.1172212e+01 -2.1143033e+01 -2.1042391e+01 -2.1028258e+01 -8.3421816e+00 -6.1527878e+00 -2.4690040e+00 -1.3074403e+00 +1.2558482e+00 +3.3087156e+00 +4.1915762e+00 +5.4979622e+00 +6.9915495e+00 +8.0636696e+00 +8.1458254e+00 +1.0040166e+01 
-2.1455216e+01 -2.1439322e+01 -2.1344617e+01 -2.1273069e+01 -2.1272272e+01 -2.1193519e+01 -2.1176245e+01 -2.1144321e+01 -2.1041139e+01 -2.1025903e+01 -8.2829996e+00 -6.1941102e+00 -2.5928417e+00 -1.3674946e+00 +1.3008291e+00 +3.4355303e+00 +4.3562664e+00 +5.3166082e+00 +6.8946792e+00 +7.9985901e+00 +8.3769687e+00 +1.0176084e+01 
-2.1457033e+01 -2.1440240e+01 -2.1341748e+01 -2.1267751e+01 -2.1267538e+01 -2.1201226e+01 -2.1180435e+01 -2.1145581e+01 -2.1039950e+01 -2.1023813e+01 -8.2188829e+00 -6.2432663e+00 -2.7007413e+00 -1.4270454e+00 +1.3203255e+00 +3.5853495e+00 +4.5273620e+00 +5.1337729e+00 +6.8007316e+00 +7.9410518e+00 +8.6360599e+00 +1.0302378e+01 
-2.1458577e+01 -2.1441088e+01 -2.1339139e+01 -2.1263088e+01 -2.1261662e+01 -2.1209026e+01 -2.1184744e+01 -2.1146833e+01 -2.1038846e+01 -2.1022008e+01 -8.1501742e+00 -6.3004880e+00 -2.7918331e+00 -1.4852940e+00 +1.3205273e+00 +3.7427000e+00 +4.7027438e+00 +4.9639180e+00 +6.7114770e+00 +7.8926336e+00 +8.9147978e+00 +1.0416947e+01 
-2.1459839e+01 -2.1441853e+01 -2.1336776e+01 -2.1258329e+01 -2.1255569e+01 -2.1216790e+01 -2.1189130e+01 -2.1148085e+01 -2.1037845e+01 -2.1020501e+01 -8.0773662e+00 -6.3655786e+00 -2.8656005e+00 -1.5415408e+00 +1.3074113e+00 +3.8795149e+00 +4.8318407e+00 +4.8799943e+00 +6.6287080e+00 +7.8551761e+00 +9.2060926e+00 +1.0518129e+01 
-2.1460814e+01 -2.1442521e+01 -2.1334651e+01 -2.1253527e+01 -2.1249491e+01 -2.1224299e+01 -2.1193545e+01 -2.1149325e+01 -2.1036964e+01 -2.1019301e+01 -8.0011911e+00 -6.4377824e+00 -2.9219092e+00 -1.5951761e+00 +1.2859613e+00 +3.9466357e+00 +4.7824368e+00 +5.0562893e+00 +6.5546517e+00 +7.8309010e+00 +9.5020672e+00 +1.0605675e+01 
-2.1461502e+01 -2.1443085e+01 -2.1332766e+01 -2.1248752e+01 -2.1244185e+01 -2.1230813e+01 -2.1197925e+01 -2.1150527e+01 -2.1036214e+01 -2.1018411e+01 -7.9227785e+00 -6.5156239e+00 -2.9610033e+00 -1.6456707e+00 +1.2600180e+00 +3.9056788e+00 +4.8489154e+00 +5.2283021e+00 +6.4925930e+00 +7.8225090e+00 +9.7907926e+00 +1.0683117e+01 
-2.1461906e+01 -2.1443536e+01 -2.1331145e+01 -2.1244109e+01 -2.1243677e+01 -2.1232324e+01 -2.1202170e+01 -2.1151644e+01 -2.1035608e+01 -2.1017830e+01 -7.8439420e+00 -6.5966544e+00 -2.9834670e+00 -1.6925666e+00 +1.2324215e+00 +3.7840209e+00 +4.9969475e+00 +5.3921700e+00 +6.4479234e+00 +7.8332045e+00 +1.0049622e+01 +1.0763118e+01 
-2.1462031e+01 -2.1443869e+01 -2.1329840e+01 -2.1249016e+01 -2.1239782e+01 -2.1227802e+01 -2.1206101e+01 -2.1152601e+01 -2.1035153e+01 -2.1017556e+01 -7.7677014e+00 -6.6769940e+00 -2.9901586e+00 -1.7354687e+00 +1.2052255e+00 +3.6255411e+00 +5.1722121e+00 +5.5436135e+00 +6.4298225e+00 +7.8665619e+00 +1.0237848e+01 +1.0871905e+01 
-2.1461885e+01 -2.1444083e+01 -2.1328938e+01 -2.1255133e+01 -2.1236131e+01 -2.1222331e+01 -2.1209360e+01 -2.1153289e+01 -2.1034857e+01 -2.1017584e+01 -7.6991706e+00 -6.7505210e+00 -2.9821315e+00 -1.7740372e+00 +1.1798901e+00 +3.4533725e+00 +5.3359838e+00 +5.6783095e+00 +6.4528229e+00 +7.9261296e+00 +1.0320950e+01 +1.1018468e+01 
-2.1461479e+01 -2.1444175e+01 -2.1328570e+01 -2.1260799e+01 -2.1233845e+01 -2.1217155e+01 -2.1211265e+01 -2.1153555e+01 -2.1034725e+01 -2.1017904e+01 -7.6466739e+00 -6.8078347e+00 -2.9605555e+00 -1.8079804e+00 +1.1574271e+00 +3.2776999e+00 +5.4601258e+00 +5.7925399e+00 +6.5339056e+00 +8.0147477e+00 +1.0312596e+01 +1.1144823e+01 
-2.1461449e+01 -2.1444429e+01 -2.1327969e+01 -2.1260964e+01 -2.1233960e+01 -2.1216835e+01 -2.1211368e+01 -2.1154079e+01 -2.1034480e+01 -2.1017930e+01 -7.6430956e+00 -6.8108719e+00 -2.9579101e+00 -1.8248598e+00 +1.1867626e+00 +3.2793526e+00 +5.4330350e+00 +5.7223552e+00 +6.6062016e+00 +8.0429205e+00 +1.0297869e+01 +1.1138446e+01 
-2.1461359e+01 -2.1445167e+01 -2.1326199e+01 -2.1261459e+01 -2.1234264e+01 -2.1215913e+01 -2.1211680e+01 -2.1155621e+01 -2.1033770e+01 -2.1018008e+01 -7.6323621e+00 -6.8200349e+00 -2.9499860e+00 -1.8731564e+00 +1.2724160e+00 +3.2842140e+00 +5.3555105e+00 +5.5610019e+00 +6.7738781e+00 +8.1233283e+00 +1.0254155e+01 +1.1117188e+01 
-2.1461209e+01 -2.1446316e+01 -2.1323357e+01 -2.1262293e+01 -2.1234655e+01 -2.1214475e+01 -2.1212210e+01 -2.1158092e+01 -2.1032660e+01 -2.1018138e+01 -7.6144782e+00 -6.8354728e+00 -2.9368198e+00 -1.9467682e+00 +1.4082343e+00 +3.2919757e+00 +5.2368509e+00 +5.3657523e+00 +6.9796509e+00 +8.2454865e+00 +1.0183240e+01 +1.1075456e+01 
-2.1460998e+01 -2.1447772e+01 -2.1319585e+01 -2.1263478e+01 -2.1235012e+01 -2.1212973e+01 -2.1212614e+01 -2.1161358e+01 -2.1031245e+01 -2.1018323e+01 -7.5894515e+00 -6.8574181e+00 -2.9184731e+00 -2.0378540e+00 +1.5862313e+00 +3.3020590e+00 +5.0880843e+00 +5.1606644e+00 +7.1995092e+00 +8.3959987e+00 +1.0089139e+01 +1.1007004e+01 
-2.1460727e+01 -2.1449418e+01 -2.1315059e+01 -2.1265029e+01 -2.1235216e+01 -2.1213990e+01 -2.1210410e+01 -2.1165252e+01 -2.1029636e+01 -2.1018564e+01 -7.5572934e+00 -6.8861624e+00 -2.8950332e+00 -2.1386407e+00 +1.7982784e+00 +3.3134950e+00 +4.9192899e+00 +4.9557372e+00 +7.4236820e+00 +8.5603252e+00 +9.9792651e+00 +1.0909206e+01 
-2.1460393e+01 -2.1451139e+01 -2.1309972e+01 -2.1266969e+01 -2.1235159e+01 -2.1215291e+01 -2.1207914e+01 -2.1169592e+01 -2.1027944e+01 -2.1018864e+01 -7.5180190e+00 -6.9220232e+00 -2.8666142e+00 -2.2423968e+00 +2.0368549e+00 +3.3247061e+00 +4.7388425e+00 +4.7566455e+00 +7.6471146e+00 +8.7213010e+00 +9.8664177e+00 +1.0785258e+01 
-2.1459997e+01 -2.1452830e+01 -2.1304532e+01 -2.1269321e+01 -2.1234731e+01 -2.1216912e+01 -2.1205162e+01 -2.1174190e+01 -2.1026272e+01 -2.1019224e+01 -7.4716475e+00 -6.9653041e+00 -2.8333585e+00 -2.3437095e+00 +2.2948505e+00 +3.3331249e+00 +4.5539584e+00 +4.5681583e+00 +7.8664007e+00 +8.8536616e+00 +9.7733979e+00 +1.0642250e+01 
-2.1459537e+01 -2.1454401e+01 -2.1298949e+01 -2.1272114e+01 -2.1233823e+01 -2.1218890e+01 -2.1202171e+01 -2.1178858e+01 -2.1024711e+01 -2.1019650e+01 -7.4182035e+00 -7.0162500e+00 -2.7954385e+00 -2.4384097e+00 +2.5643494e+00 +3.3345944e+00 +4.3722189e+00 +4.3957861e+00 +8.0786469e+00 +8.9190156e+00 +9.7369966e+00 +1.0488035e+01 
-2.1459011e+01 -2.1455782e+01 -2.1293438e+01 -2.1275375e+01 -2.1232325e+01 -2.1221257e+01 -2.1198947e+01 -2.1183429e+01 -2.1023336e+01 -2.1020143e+01 -7.3577166e+00 -7.0750033e+00 -2.7530588e+00 -2.5233856e+00 +2.8332491e+00 +3.3227089e+00 +4.2051284e+00 +4.2468558e+00 +8.2808475e+00 +8.8891829e+00 +9.7839880e+00 +1.0329734e+01 
-2.1458420e+01 -2.1456918e+01 -2.1288200e+01 -2.1279127e+01 -2.1230136e+01 -2.1224029e+01 -2.1195483e+01 -2.1187764e+01 -2.1022206e+01 -2.1020709e+01 -7.2902233e+00 -7.1415645e+00 -2.7064583e+00 -2.5963954e+00 +3.0750934e+00 +3.2891085e+00 +4.0783446e+00 +4.1304009e+00 +8.4692261e+00 +8.7834857e+00 +9.8935928e+00 +1.0173963e+01 
-2.1457801e+01 -2.1457727e+01 -2.1283448e+01 -2.1283339e+01 -2.1227195e+01 -2.1227184e+01 -2.1191825e+01 -2.1191717e+01 -2.1021405e+01 -2.1021315e+01 -7.2157705e+00 -7.2157625e+00 -2.6559134e+00 -2.6559126e+00 +3.2268252e+00 +3.2268265e+00 +4.0538909e+00 +4.0539196e+00 +8.6381319e+00 +8.6381364e+00 +1.0028111e+01 +1.0028132e+01 
-2.1458607e+01 -2.1456789e+01 -2.1289445e+01 -2.1277137e+01 -2.1231702e+01 -2.1222708e+01 -2.1197022e+01 -2.1186718e+01 -2.1022400e+01 -2.1020484e+01 -7.3207958e+00 -7.1102552e+00 -2.7223019e+00 -2.5808746e+00 +3.1132266e+00 +3.3171988e+00 +3.9977504e+00 +4.1423695e+00 +8.4075320e+00 +8.8294954e+00 +9.8527794e+00 +1.0220885e+01 
-2.1459326e+01 -2.1455667e+01 -2.1295212e+01 -2.1270757e+01 -2.1236134e+01 -2.1218464e+01 -2.1202313e+01 -2.1181866e+01 -2.1023546e+01 -2.1019823e+01 -7.4245619e+00 -7.0051385e+00 -2.7788786e+00 -2.4983104e+00 +2.9887255e+00 +3.3661607e+00 +3.9931275e+00 +4.2494356e+00 +8.1446835e+00 +8.9810188e+00 +9.7017307e+00 +1.0404955e+01 
-2.1459874e+01 -2.1454440e+01 -2.1300731e+01 -2.1264348e+01 -2.1240331e+01 -2.1215450e+01 -2.1206603e+01 -2.1177285e+01 -2.1024818e+01 -2.1019357e+01 -7.5263846e+00 -6.9013787e+00 -2.8244429e+00 -2.4093140e+00 +2.8595140e+00 +3.3649309e+00 +4.0495862e+00 +4.3670160e+00 +7.8605480e+00 +9.0973668e+00 +9.5726699e+00 +1.0523132e+01 
-2.1460234e+01 -2.1453126e+01 -2.1306006e+01 -2.1258427e+01 -2.1243771e+01 -2.1217387e+01 -2.1206161e+01 -2.1172987e+01 -2.1026200e+01 -2.1019105e+01 -7.6256675e+00 -6.8000209e+00 -2.8577672e+00 -2.3149580e+00 +2.7284876e+00 +3.3272528e+00 +4.1539808e+00 +4.4894423e+00 +7.5669116e+00 +9.1850781e+00 +9.4607040e+00 +1.0502455e+01 
-2.1460388e+01 -2.1451739e+01 -2.1311046e+01 -2.1255323e+01 -2.1244126e+01 -2.1222797e+01 -2.1202448e+01 -2.1168975e+01 -2.1027677e+01 -2.1019085e+01 -7.7218939e+00 -6.7021643e+00 -2.8776198e+00 -2.2163061e+00 +2.5969101e+00 +3.2727296e+00 +4.2871487e+00 +4.6112200e+00 +7.2752132e+00 +9.2500686e+00 +9.3614096e+00 +1.0336231e+01 
-2.1460319e+01 -2.1450293e+01 -2.1315867e+01 -2.1257128e+01 -2.1239313e+01 -2.1228950e+01 -2.1198170e+01 -2.1165247e+01 -2.1029233e+01 -2.1019314e+01 -7.8146178e+00 -6.6089214e+00 -2.8828036e+00 -2.1144251e+00 +2.4651767e+00 +3.2139018e+00 +4.4368358e+00 +4.7251950e+00 +6.9974183e+00 +9.2716132e+00 +9.2967598e+00 +1.0085320e+01 
-2.1460012e+01 -2.1448802e+01 -2.1320490e+01 -2.1260695e+01 -2.1235339e+01 -2.1232494e+01 -2.1193801e+01 -2.1161794e+01 -2.1030856e+01 -2.1019806e+01 -7.9034558e+00 -6.5213631e+00 -2.8722116e+00 -2.0103955e+00 +2.3331573e+00 +3.1573647e+00 +4.5965541e+00 +4.8204365e+00 +6.7482060e+00 +9.1892643e+00 +9.3277052e+00 +9.7993987e+00 
-2.1459453e+01 -2.1447280e+01 -2.1324941e+01 -2.1264596e+01 -2.1241811e+01 -2.1225118e+01 -2.1189457e+01 -2.1158605e+01 -2.1032531e+01 -2.1020574e+01 -7.9880788e+00 -6.4404507e+00 -2.8448952e+00 -1.9053193e+00 +2.2003548e+00 +3.1066817e+00 +4.7626151e+00 +4.8800903e+00 +6.5474257e+00 +9.1131175e+00 +9.3379313e+00 +9.5102233e+00 
-2.1458630e+01 -2.1445741e+01 -2.1329252e+01 -2.1268519e+01 -2.1248273e+01 -2.1217522e+01 -2.1185190e+01 -2.1155663e+01 -2.1034243e+01 -2.1021627e+01 -8.0682047e+00 -6.3669639e+00 -2.8001389e+00 -1.8003236e+00 +2.0659845e+00 +3.0639567e+00 +4.8828633e+00 +4.9324590e+00 +6.4188927e+00 +9.0424603e+00 +9.1791569e+00 +9.3800094e+00 
-2.1457535e+01 -2.1444200e+01 -2.1333456e+01 -2.1272361e+01 -2.1254646e+01 -2.1209841e+01 -2.1181031e+01 -2.1152947e+01 -2.1035978e+01 -2.1022972e+01 -8.1435922e+00 -6.3014369e+00 -2.7375279e+00 -1.6965589e+00 +1.9290236e+00 +3.0305371e+00 +4.8149753e+00 +5.1037900e+00 +6.3786267e+00 +8.8941215e+00 +8.9769223e+00 +9.3745740e+00 
-2.1456164e+01 -2.1442670e+01 -2.1337588e+01 -2.1276070e+01 -2.1260852e+01 -2.1202166e+01 -2.1177007e+01 -2.1150433e+01 -2.1037721e+01 -2.1024609e+01 -8.2140350e+00 -6.2441146e+00 -2.6569986e+00 -1.5951901e+00 +1.7882617e+00 +3.0073134e+00 +4.6844328e+00 +5.2740105e+00 +6.4206796e+00 +8.6149993e+00 +8.9163539e+00 +9.3682229e+00 
-2.1454519e+01 -2.1441168e+01 -2.1341685e+01 -2.1279612e+01 -2.1266812e+01 -2.1194581e+01 -2.1173145e+01 -2.1148087e+01 -2.1039454e+01 -2.1026533e+01 -8.2793575e+00 -6.1949404e+00 -2.5588599e+00 -1.4973818e+00 +1.6423744e+00 +2.9948333e+00 +4.5148685e+00 +5.4396815e+00 +6.5233101e+00 +8.3524129e+00 +8.8607533e+00 +9.3563921e+00 
-2.1452606e+01 -2.1439709e+01 -2.1345776e+01 -2.1282960e+01 -2.1272449e+01 -2.1187179e+01 -2.1169469e+01 -2.1145866e+01 -2.1041159e+01 -2.1028732e+01 -8.3394099e+00 -6.1535782e+00 -2.4437868e+00 -1.4042761e+00 +1.4900369e+00 +2.9933201e+00 +4.3291546e+00 +5.5958462e+00 +6.6652968e+00 +8.1135430e+00 +8.8102283e+00 +9.3386781e+00 
-2.1450443e+01 -2.1438311e+01 -2.1349883e+01 -2.1286087e+01 -2.1277691e+01 -2.1180070e+01 -2.1166008e+01 -2.1143715e+01 -2.1042817e+01 -2.1031182e+01 -8.3940653e+00 -6.1194630e+00 -2.3127906e+00 -1.3169639e+00 +1.3300844e+00 +3.0026358e+00 +4.1431351e+00 +5.7351762e+00 +6.8320410e+00 +7.9072686e+00 +8.7649858e+00 +9.3147266e+00 
-2.1448056e+01 -2.1436991e+01 -2.1354010e+01 -2.1288970e+01 -2.1282472e+01 -2.1173392e+01 -2.1162789e+01 -2.1141561e+01 -2.1044404e+01 -2.1033848e+01 -8.4432164e+00 -6.0918694e+00 -2.1671856e+00 -1.2364550e+00 +1.1617138e+00 +3.0222069e+00 +3.9667261e+00 +5.8473227e+00 +7.0142129e+00 +7.7453539e+00 +8.7253477e+00 +9.2837154e+00 
-2.1445487e+01 -2.1435767e+01 -2.1358139e+01 -2.1291585e+01 -2.1286740e+01 -2.1167312e+01 -2.1159842e+01 -2.1139311e+01 -2.1045897e+01 -2.1036679e+01 -8.4867729e+00 -6.0699861e+00 -2.0085724e+00 -1.1636482e+00 +9.8470348e-01 +3.0509251e+00 +3.8059954e+00 +5.9200214e+00 +7.2053314e+00 +7.6415056e+00 +8.6918032e+00 +9.2441266e+00 
-2.1442797e+01 -2.1434657e+01 -2.1362220e+01 -2.1293908e+01 -2.1290456e+01 -2.1162021e+01 -2.1157198e+01 -2.1136869e+01 -2.1047270e+01 -2.1039604e+01 -8.5246596e+00 -6.0529832e+00 -1.8388741e+00 -1.0993084e+00 +7.9962585e-01 +3.0870359e+00 +3.6645477e+00 +5.9444181e+00 +7.3999367e+00 +7.6060918e+00 +8.6651135e+00 +9.1936265e+00 
-2.1440070e+01 -2.1433681e+01 -2.1366166e+01 -2.1295919e+01 -2.1293598e+01 -2.1157683e+01 -2.1154888e+01 -2.1134185e+01 -2.1048496e+01 -2.1042523e+01 -8.5568146e+00 -6.0400685e+00 -1.6604823e+00 -1.0440529e+00 +6.0806830e-01 +3.1280356e+00 +3.5443432e+00 +5.9228563e+00 +7.5921635e+00 +7.6382727e+00 +8.6464944e+00 +9.1292250e+00 
-2.1437428e+01 -2.1432854e+01 -2.1369847e+01 -2.1297596e+01 -2.1296157e+01 -2.1154370e+01 -2.1152945e+01 -2.1131336e+01 -2.1049547e+01 -2.1045308e+01 -8.5831877e+00 -6.0305286e+00 -1.4766518e+00 -9.9835142e-01 +4.1298854e-01 +3.1706192e+00 +3.4462351e+00 +5.8700764e+00 +7.7244672e+00 +7.7743201e+00 +8.6378474e+00 +9.0481409e+00 
-2.1435028e+01 -2.1432193e+01 -2.1373085e+01 -2.1298921e+01 -2.1298134e+01 -2.1152020e+01 -2.1151398e+01 -2.1128562e+01 -2.1050397e+01 -2.1047793e+01 -8.6037394e+00 -6.0237564e+00 -1.2925368e+00 -9.6253749e-01 +2.1962101e-01 +3.2107525e+00 +3.3703784e+00 +5.8056823e+00 +7.8449148e+00 +7.9354599e+00 +8.6416437e+00 +8.9499443e+00 
-2.1433071e+01 -2.1431710e+01 -2.1375660e+01 -2.1299879e+01 -2.1299537e+01 -2.1150488e+01 -2.1150272e+01 -2.1126209e+01 -2.1051023e+01 -2.1049784e+01 -8.6184399e+00 -6.0192692e+00 -1.1180902e+00 -9.3683067e-01 +3.8206783e-02 +3.2439758e+00 +3.3165586e+00 +5.7470413e+00 +7.9780597e+00 +8.0614177e+00 +8.6587632e+00 +8.8405234e+00 
-2.1431774e+01 -2.1431416e+01 -2.1377336e+01 -2.1300459e+01 -2.1300375e+01 -2.1149633e+01 -2.1149588e+01 -2.1124627e+01 -2.1051407e+01 -2.1051083e+01 -8.6272685e+00 -6.0167176e+00 -9.7630393e-01 -9.2136225e-01 -1.0792965e-01 +3.2660328e+00 +3.2844465e+00 +5.7067831e+00 +8.0953150e+00 +8.1396138e+00 +8.6820449e+00 +8.7397520e+00 
-2.1431318e+01 -2.1431318e+01 -2.1377921e+01 -2.1300653e+01 -2.1300653e+01 -2.1149358e+01 -2.1149358e+01 -2.1124069e+01 -2.1051536e+01 -2.1051536e+01 -8.6302127e+00 -6.0158905e+00 -9.1619933e-01 -9.1619933e-01 -1.6951516e-01 +3.2737758e+00 +3.2737758e+00 +5.6925132e+00 +8.1472675e+00 +8.1655657e+00 +8.6935601e+00 +8.6935601e+00 
-2.1431768e+01 -2.1431419e+01 -2.1377341e+01 -2.1300459e+01 -2.1300378e+01 -2.1149628e+01 -2.1149588e+01 -2.1124623e+01 -2.1051411e+01 -2.1051083e+01 -8.6272924e+00 -6.0167108e+00 -9.7586447e-01 -9.2130559e-01 -1.0839600e-01 +3.2661217e+00 +3.2843333e+00 +5.7066688e+00 +8.0952026e+00 +8.1404406e+00 +8.6810940e+00 +8.7403445e+00 
-2.1433054e+01 -2.1431710e+01 -2.1375678e+01 -2.1299874e+01 -2.1299557e+01 -2.1150429e+01 -2.1150314e+01 -2.1126192e+01 -2.1051037e+01 -2.1049788e+01 -8.6185356e+00 -6.0192410e+00 -1.1169304e+00 -9.3643123e-01 +3.6752206e-02 +3.2446380e+00 +3.3157938e+00 +5.7466181e+00 +7.9715929e+00 +8.0732957e+00 +8.6455331e+00 +8.8501729e+00 
-2.1435005e+01 -2.1432181e+01 -2.1373124e+01 -2.1298881e+01 -2.1298207e+01 -2.1151744e+01 -2.1151640e+01 -2.1128521e+01 -2.1050430e+01 -2.1047799e+01 -8.6039545e+00 -6.0236893e+00 -1.2910309e+00 -9.6101814e-01 +2.1668699e-01 +3.2134402e+00 +3.3675420e+00 +5.8048027e+00 +7.8181000e+00 +7.9828671e+00 +8.5914622e+00 +8.9865566e+00 
-2.1437410e+01 -2.1432811e+01 -2.1369920e+01 -2.1297456e+01 -2.1296350e+01 -2.1153735e+01 -2.1153543e+01 -2.1131244e+01 -2.1049618e+01 -2.1045305e+01 -8.5835704e+00 -6.0304011e+00 -1.4755077e+00 -9.9420148e-01 +4.0716796e-01 +3.1785449e+00 +3.4386137e+00 +5.8684212e+00 +7.6593434e+00 +7.8871951e+00 +8.5243522e+00 +9.1340456e+00 
-2.1440077e+01 -2.1433575e+01 -2.1366299e+01 -2.1295566e+01 -2.1294019e+01 -2.1156792e+01 -2.1155788e+01 -2.1133970e+01 -2.1048634e+01 -2.1042493e+01 -8.5574146e+00 -6.0398564e+00 -1.6606426e+00 -1.0348915e+00 +5.9603192e-01 +3.1471519e+00 +3.5277733e+00 +5.9191471e+00 +7.5124269e+00 +7.8024011e+00 +8.4491833e+00 +9.2865471e+00 
-2.1442852e+01 -2.1434446e+01 -2.1362463e+01 -2.1293175e+01 -2.1291250e+01 -2.1160925e+01 -2.1158439e+01 -2.1136414e+01 -2.1047517e+01 -2.1039523e+01 -8.5255302e+00 -6.0526621e+00 -1.8414639e+00 -1.0818630e+00 +7.7487560e-01 +3.1271605e+00 +3.6335937e+00 +5.9349035e+00 +7.3877026e+00 +7.7474895e+00 +8.3699440e+00 +9.4410086e+00 
-2.1445616e+01 -2.1435394e+01 -2.1358579e+01 -2.1290250e+01 -2.1288083e+01 -2.1166089e+01 -2.1161452e+01 -2.1138473e+01 -2.1046303e+01 -2.1036524e+01 -8.4879751e+00 -6.0695369e+00 -2.0148448e+00 -1.1338369e+00 +9.3625280e-01 +3.1267621e+00 +3.7545270e+00 +5.8976432e+00 +7.2829775e+00 +7.7462144e+00 +8.2896755e+00 +9.5953720e+00 
-2.1448285e+01 -2.1436389e+01 -2.1354775e+01 -2.1286769e+01 -2.1284561e+01 -2.1172114e+01 -2.1164782e+01 -2.1140199e+01 -2.1045032e+01 -2.1033593e+01 -8.4448259e+00 -6.0912857e+00 -2.1784626e+00 -1.1895471e+00 +1.0732663e+00 +3.1536771e+00 +3.8889540e+00 +5.8039555e+00 +7.1862370e+00 +7.8157459e+00 +8.2106960e+00 +9.7478720e+00 
-2.1450796e+01 -2.1437403e+01 -2.1351144e+01 -2.1282724e+01 -2.1280726e+01 -2.1178798e+01 -2.1168389e+01 -2.1141695e+01 -2.1043738e+01 -2.1030805e+01 -8.3961834e+00 -6.1187579e+00 -2.3304010e+00 -1.2477875e+00 +1.1805519e+00 +3.2136834e+00 +4.0352084e+00 +5.6652711e+00 +7.0893581e+00 +7.9538149e+00 +8.1348400e+00 +9.8967568e+00 
-2.1453104e+01 -2.1438409e+01 -2.1347745e+01 -2.1278131e+01 -2.1276620e+01 -2.1185959e+01 -2.1172229e+01 -2.1143054e+01 -2.1042453e+01 -2.1028212e+01 -8.3421814e+00 -6.1527869e+00 -2.4690032e+00 -1.3074412e+00 +1.2558479e+00 +3.3087149e+00 +4.1915757e+00 +5.4979697e+00 +6.9915563e+00 +8.0636577e+00 +8.1458247e+00 +1.0040165e+01 
-2.1455177e+01 -2.1439384e+01 -2.1344608e+01 -2.1273032e+01 -2.1272287e+01 -2.1193450e+01 -2.1176266e+01 -2.1144343e+01 -2.1041206e+01 -2.1025856e+01 -8.2829994e+00 -6.1941090e+00 -2.5928410e+00 -1.3674956e+00 +1.3008288e+00 +3.4355291e+00 +4.3562657e+00 +5.3166175e+00 +6.8946864e+00 +7.9985764e+00 +8.3769678e+00 +1.0176084e+01 
-2.1456993e+01 -2.1440307e+01 -2.1341739e+01 -2.1267769e+01 -2.1267493e+01 -2.1201147e+01 -2.1180459e+01 -2.1145603e+01 -2.1040022e+01 -2.1023765e+01 -8.2188826e+00 -6.2432647e+00 -2.7007406e+00 -1.4270464e+00 +1.3203253e+00 +3.5853478e+00 +4.5273612e+00 +5.1337839e+00 +6.8007390e+00 +7.9410362e+00 +8.6360590e+00 +1.0302378e+01 
-2.1458536e+01 -2.1441160e+01 -2.1339130e+01 -2.1263108e+01 -2.1261606e+01 -2.1208937e+01 -2.1184770e+01 -2.1146857e+01 -2.1038923e+01 -2.1021959e+01 -8.1501739e+00 -6.3004861e+00 -2.7918324e+00 -1.4852951e+00 +1.3205272e+00 +3.7426979e+00 +4.7027427e+00 +4.9639305e+00 +6.7114847e+00 +7.8926162e+00 +8.9147968e+00 +1.0416947e+01 
-2.1459798e+01 -2.1441930e+01 -2.1336767e+01 -2.1258351e+01 -2.1255503e+01 -2.1216690e+01 -2.1189159e+01 -2.1148108e+01 -2.1037927e+01 -2.1020452e+01 -8.0773658e+00 -6.3655762e+00 -2.8655998e+00 -1.5415421e+00 +1.3074113e+00 +3.8795132e+00 +4.8318539e+00 +4.8799928e+00 +6.6287160e+00 +7.8551569e+00 +9.2060918e+00 +1.0518128e+01 
-2.1460773e+01 -2.1442603e+01 -2.1334642e+01 -2.1253553e+01 -2.1249412e+01 -2.1224189e+01 -2.1193577e+01 -2.1149348e+01 -2.1037050e+01 -2.1019252e+01 -8.0011907e+00 -6.4377795e+00 -2.9219085e+00 -1.5951775e+00 +1.2859614e+00 +3.9466368e+00 +4.7824480e+00 +5.0562873e+00 +6.5546601e+00 +7.8308802e+00 +9.5020666e+00 +1.0605674e+01 
-2.1461462e+01 -2.1443171e+01 -2.1332756e+01 -2.1248781e+01 -2.1244089e+01 -2.1230695e+01 -2.1197960e+01 -2.1150550e+01 -2.1036306e+01 -2.1018362e+01 -7.9227781e+00 -6.5156203e+00 -2.9610026e+00 -1.6456722e+00 +1.2600182e+00 +3.9056850e+00 +4.8489221e+00 +5.2282994e+00 +6.4926019e+00 +7.8224869e+00 +9.7907924e+00 +1.0683115e+01 
-2.1461867e+01 -2.1443626e+01 -2.1331134e+01 -2.1244141e+01 -2.1243546e+01 -2.1232216e+01 -2.1202208e+01 -2.1151667e+01 -2.1035704e+01 -2.1017783e+01 -7.8439417e+00 -6.5966502e+00 -2.9834664e+00 -1.6925682e+00 +1.2324218e+00 +3.7840314e+00 +4.9969504e+00 +5.3921662e+00 +6.4479328e+00 +7.8331813e+00 +1.0049622e+01 +1.0763116e+01 
-2.1461994e+01 -2.1443965e+01 -2.1329827e+01 -2.1248863e+01 -2.1239817e+01 -2.1227688e+01 -2.1206142e+01 -2.1152623e+01 -2.1035254e+01 -2.1017512e+01 -7.7677012e+00 -6.6769890e+00 -2.9901580e+00 -1.7354705e+00 +1.2052259e+00 +3.6255549e+00 +5.1722124e+00 +5.5436083e+00 +6.4298325e+00 +7.8665380e+00 +1.0237848e+01 +1.0871903e+01 
-2.1461851e+01 -2.1444183e+01 -2.1328922e+01 -2.1254964e+01 -2.1236170e+01 -2.1222204e+01 -2.1209403e+01 -2.1153308e+01 -2.1034963e+01 -2.1017542e+01 -7.6991706e+00 -6.7505150e+00 -2.9821309e+00 -1.7740392e+00 +1.1798906e+00 +3.4533887e+00 +5.3359825e+00 +5.6783025e+00 +6.4528334e+00 +7.9261054e+00 +1.0320950e+01 +1.1018468e+01 
-2.1461448e+01 -2.1444280e+01 -2.1328549e+01 -2.1260616e+01 -2.1233888e+01 -2.1217014e+01 -2.1211310e+01 -2.1153571e+01 -2.1034836e+01 -2.1017866e+01 -7.6466742e+00 -6.8078277e+00 -2.9605549e+00 -1.8079825e+00 +1.1574277e+00 +3.2777181e+00 +5.4601238e+00 +5.7925306e+00 +6.5339157e+00 +8.0147238e+00 +1.0312595e+01 +1.1144825e+01 
-2.1461479e+01 -2.1444175e+01 -2.1328570e+01 -2.1260799e+01 -2.1233845e+01 -2.1217155e+01 -2.1211265e+01 -2.1153555e+01 -2.1034725e+01 -2.1017904e+01 -7.6466739e+00 -6.8078347e+00 -2.9605555e+00 -1.8079804e+00 +1.1574271e+00 +3.2776999e+00 +5.4601258e+00 +5.7925399e+00 +6.5339056e+00 +8.0147477e+00 +1.0312596e+01 +1.1144823e+01 
-2.1460346e+01 -2.1444228e+01 -2.1328518e+01 -2.1270325e+01 -2.1231588e+01 -2.1212883e+01 -2.1208378e+01 -2.1153523e+01 -2.1034667e+01 -2.1018952e+01 -7.5760806e+00 -6.8862601e+00 -2.9026180e+00 -1.8630800e+00 +1.1204364e+00 +2.9605159e+00 +5.6421882e+00 +5.9796682e+00 +6.7473709e+00 +8.2071271e+00 +1.0214556e+01 +1.1291764e+01 
-2.1458878e+01 -2.1444253e+01 -2.1328540e+01 -2.1279557e+01 -2.1229527e+01 -2.1214344e+01 -2.1199804e+01 -2.1153468e+01 -2.1034639e+01 -2.1020355e+01 -7.5128712e+00 -6.9572473e+00 -2.8312193e+00 -1.9135345e+00 +1.0854249e+00 +2.6504533e+00 +5.8306141e+00 +6.1652831e+00 +6.9705993e+00 +8.4067237e+00 +1.0084006e+01 +1.1397472e+01 
-2.1457120e+01 -2.1444259e+01 -2.1328613e+01 -2.1288400e+01 -2.1227667e+01 -2.1215648e+01 -2.1191538e+01 -2.1153398e+01 -2.1034636e+01 -2.1022063e+01 -7.4571646e+00 -7.0207848e+00 -2.7479967e+00 -1.9591571e+00 +1.0529153e+00 +2.3515412e+00 +6.0240068e+00 +6.3475663e+00 +7.2009021e+00 +8.6131110e+00 +9.9291359e+00 +1.1434375e+01 
-2.1455134e+01 -2.1444249e+01 -2.1328717e+01 -2.1296748e+01 -2.1226014e+01 -2.1216797e+01 -2.1183698e+01 -2.1153321e+01 -2.1034650e+01 -2.1024009e+01 -7.4089243e+00 -7.0768635e+00 -2.6552780e+00 -1.9997838e+00 +1.0233430e+00 +2.0674983e+00 +6.2206738e+00 +6.5242083e+00 +7.4360203e+00 +8.8257965e+00 +9.7572430e+00 +1.1381665e+01 
-2.1453003e+01 -2.1444230e+01 -2.1328836e+01 -2.1304479e+01 -2.1224572e+01 -2.1217791e+01 -2.1176413e+01 -2.1153242e+01 -2.1034676e+01 -2.1026104e+01 -7.3679859e+00 -7.1254764e+00 -2.5562289e+00 -2.0352724e+00 +9.9706780e-01 +1.8022661e+00 +6.4184105e+00 +6.6922806e+00 +7.6735660e+00 +9.0441689e+00 +9.5747686e+00 +1.1246477e+01 
-2.1450830e+01 -2.1444206e+01 -2.1328958e+01 -2.1311451e+01 -2.1223345e+01 -2.1218630e+01 -2.1169824e+01 -2.1153166e+01 -2.1034708e+01 -2.1028242e+01 -7.3340944e+00 -7.1666179e+00 -2.4550235e+00 -2.0655018e+00 +9.7438295e-01 +1.5604047e+00 +6.6141238e+00 +6.8481078e+00 +7.9104388e+00 +9.2673916e+00 +9.3879054e+00 +1.1057550e+01 
-2.1448742e+01 -2.1444182e+01 -2.1329072e+01 -2.1317509e+01 -2.1222337e+01 -2.1219317e+01 -2.1164091e+01 -2.1153099e+01 -2.1034742e+01 -2.1030295e+01 -7.3069457e+00 -7.2002839e+00 -2.3570033e+00 -2.0903705e+00 +9.5552383e-01 +1.3473995e+00 +6.8031564e+00 +6.9871871e+00 +8.1419349e+00 +9.2035619e+00 +9.4941561e+00 +1.0844065e+01 
-2.1446885e+01 -2.1444160e+01 -2.1329169e+01 -2.1322481e+01 -2.1221550e+01 -2.1219850e+01 -2.1159380e+01 -2.1153043e+01 -2.1034774e+01 -2.1032119e+01 -7.2862279e+00 -7.2264714e+00 -2.2687177e+00 -2.1097968e+00 +9.4067436e-01 +1.1698014e+00 +6.9780817e+00 +7.1042490e+00 +8.3600966e+00 +9.0307914e+00 +9.7220110e+00 +1.0629624e+01 
-2.1445410e+01 -2.1444144e+01 -2.1329243e+01 -2.1326196e+01 -2.1220987e+01 -2.1220231e+01 -2.1155861e+01 -2.1153001e+01 -2.1034800e+01 -2.1033565e+01 -7.2716581e+00 -7.2451782e+00 -2.1976170e+00 -2.1237174e+00 +9.2997237e-01 +1.0349946e+00 +7.1268034e+00 +7.1936007e+00 +8.5506235e+00 +8.8828440e+00 +9.9451042e+00 +1.0437308e+01 
-2.1444460e+01 -2.1444136e+01 -2.1329290e+01 -2.1328499e+01 -2.1220650e+01 -2.1220461e+01 -2.1153680e+01 -2.1152975e+01 -2.1034818e+01 -2.1034499e+01 -7.2630121e+00 -7.2564028e+00 -2.1511065e+00 -2.1320876e+00 +9.2351357e-01 +9.5030253e-01 +7.2309157e+00 +7.2498730e+00 +8.6886254e+00 +8.7788991e+00 +1.0144264e+01 +1.0296711e+01 
-2.1444136e+01 -2.1444134e+01 -2.1329306e+01 -2.1329280e+01 -2.1220539e+01 -2.1220539e+01 -2.1152967e+01 -2.1152941e+01 -2.1034828e+01 -2.1034825e+01 -7.2601465e+00 -7.2601445e+00 -2.1348807e+00 -2.1348797e+00 +9.2135430e-01 +9.2135626e-01 +7.2691191e+00 +7.2691212e+00 +8.7407005e+00 +8.7407047e+00 +1.0243532e+01 +1.0777773e+01 
