# num high symmetry points
12
# label high symmetry points
G M K G A L H A L M K H 
# indices high symmetry points
1 44 69 119 142 185 210 260 261 284 285 308 
# nk, nb, ns
308 10 1
# k-points (frac coords)
+0.0000000e+00 +0.0000000e+00 +0.0000000e+00 
+1.1627907e-02 +0.0000000e+00 +0.0000000e+00 
+2.3255814e-02 +0.0000000e+00 +0.0000000e+00 
+3.4883721e-02 +0.0000000e+00 +0.0000000e+00 
+4.6511628e-02 +0.0000000e+00 +0.0000000e+00 
+5.8139535e-02 +0.0000000e+00 +0.0000000e+00 
+6.9767442e-02 +0.0000000e+00 +0.0000000e+00 
+8.1395349e-02 +0.0000000e+00 +0.0000000e+00 
+9.3023256e-02 +0.0000000e+00 +0.0000000e+00 
+1.0465116e-01 +0.0000000e+00 +0.0000000e+00 
+1.1627907e-01 +0.0000000e+00 +0.0000000e+00 
+1.2790698e-01 +0.0000000e+00 +0.0000000e+00 
+1.3953488e-01 +0.0000000e+00 +0.0000000e+00 
+1.5116279e-01 +0.0000000e+00 +0.0000000e+00 
+1.6279070e-01 +0.0000000e+00 +0.0000000e+00 
+1.7441860e-01 +0.0000000e+00 +0.0000000e+00 
+1.8604651e-01 +0.0000000e+00 +0.0000000e+00 
+1.9767442e-01 +0.0000000e+00 +0.0000000e+00 
+2.0930233e-01 +0.0000000e+00 +0.0000000e+00 
+2.2093023e-01 +0.0000000e+00 +0.0000000e+00 
+2.3255814e-01 +0.0000000e+00 +0.0000000e+00 
+2.4418605e-01 +0.0000000e+00 +0.0000000e+00 
+2.5581395e-01 +0.0000000e+00 +0.0000000e+00 
+2.6744186e-01 +0.0000000e+00 +0.0000000e+00 
+2.7906977e-01 +0.0000000e+00 +0.0000000e+00 
+2.9069767e-01 +0.0000000e+00 +0.0000000e+00 
+3.0232558e-01 +0.0000000e+00 +0.0000000e+00 
+3.1395349e-01 +0.0000000e+00 +0.0000000e+00 
+3.2558140e-01 +0.0000000e+00 +0.0000000e+00 
+3.3720930e-01 +0.0000000e+00 +0.0000000e+00 
+3.4883721e-01 +0.0000000e+00 +0.0000000e+00 
+3.6046512e-01 +0.0000000e+00 +0.0000000e+00 
+3.7209302e-01 +0.0000000e+00 +0.0000000e+00 
+3.8372093e-01 +0.0000000e+00 +0.0000000e+00 
+3.9534884e-01 +0.0000000e+00 +0.0000000e+00 
+4.0697674e-01 +0.0000000e+00 +0.0000000e+00 
+4.1860465e-01 +0.0000000e+00 +0.0000000e+00 
+4.3023256e-01 +0.0000000e+00 +0.0000000e+00 
+4.4186047e-01 +0.0000000e+00 +0.0000000e+00 
+4.5348837e-01 +0.0000000e+00 +0.0000000e+00 
+4.6511628e-01 +0.0000000e+00 +0.0000000e+00 
+4.7674419e-01 +0.0000000e+00 +0.0000000e+00 
+4.8837209e-01 +0.0000000e+00 +0.0000000e+00 
+5.0000000e-01 +0.0000000e+00 +0.0000000e+00 
+4.9333333e-01 -1.3333333e-02 +0.0000000e+00 
+4.8666667e-01 -2.6666667e-02 +0.0000000e+00 
+4.8000000e-01 -4.0000000e-02 +0.0000000e+00 
+4.7333333e-01 -5.3333333e-02 +0.0000000e+00 
+4.6666667e-01 -6.6666667e-02 +0.0000000e+00 
+4.6000000e-01 -8.0000000e-02 +0.0000000e+00 
+4.5333333e-01 -9.3333333e-02 +0.0000000e+00 
+4.4666667e-01 -1.0666667e-01 +0.0000000e+00 
+4.4000000e-01 -1.2000000e-01 +0.0000000e+00 
+4.3333333e-01 -1.3333333e-01 +0.0000000e+00 
+4.2666667e-01 -1.4666667e-01 +0.0000000e+00 
+4.2000000e-01 -1.6000000e-01 +0.0000000e+00 
+4.1333333e-01 -1.7333333e-01 +0.0000000e+00 
+4.0666667e-01 -1.8666667e-01 +0.0000000e+00 
+4.0000000e-01 -2.0000000e-01 +0.0000000e+00 
+3.9333333e-01 -2.1333333e-01 +0.0000000e+00 
+3.8666667e-01 -2.2666667e-01 +0.0000000e+00 
+3.8000000e-01 -2.4000000e-01 +0.0000000e+00 
+3.7333333e-01 -2.5333333e-01 +0.0000000e+00 
+3.6666667e-01 -2.6666667e-01 +0.0000000e+00 
+3.6000000e-01 -2.8000000e-01 +0.0000000e+00 
+3.5333333e-01 -2.9333333e-01 +0.0000000e+00 
+3.4666667e-01 -3.0666667e-01 +0.0000000e+00 
+3.4000000e-01 -3.2000000e-01 +0.0000000e+00 
+3.3333333e-01 -3.3333333e-01 +0.0000000e+00 
+3.2666667e-01 -3.2666667e-01 +0.0000000e+00 
+3.2000000e-01 -3.2000000e-01 +0.0000000e+00 
+3.1333333e-01 -3.1333333e-01 +0.0000000e+00 
+3.0666667e-01 -3.0666667e-01 +0.0000000e+00 
+3.0000000e-01 -3.0000000e-01 +0.0000000e+00 
+2.9333333e-01 -2.9333333e-01 +0.0000000e+00 
+2.8666667e-01 -2.8666667e-01 +0.0000000e+00 
+2.8000000e-01 -2.8000000e-01 +0.0000000e+00 
+2.7333333e-01 -2.7333333e-01 +0.0000000e+00 
+2.6666667e-01 -2.6666667e-01 +0.0000000e+00 
+2.6000000e-01 -2.6000000e-01 +0.0000000e+00 
+2.5333333e-01 -2.5333333e-01 +0.0000000e+00 
+2.4666667e-01 -2.4666667e-01 +0.0000000e+00 
+2.4000000e-01 -2.4000000e-01 +0.0000000e+00 
+2.3333333e-01 -2.3333333e-01 +0.0000000e+00 
+2.2666667e-01 -2.2666667e-01 +0.0000000e+00 
+2.2000000e-01 -2.2000000e-01 +0.0000000e+00 
+2.1333333e-01 -2.1333333e-01 +0.0000000e+00 
+2.0666667e-01 -2.0666667e-01 +0.0000000e+00 
+2.0000000e-01 -2.0000000e-01 +0.0000000e+00 
+1.9333333e-01 -1.9333333e-01 +0.0000000e+00 
+1.8666667e-01 -1.8666667e-01 +0.0000000e+00 
+1.8000000e-01 -1.8000000e-01 +0.0000000e+00 
+1.7333333e-01 -1.7333333e-01 +0.0000000e+00 
+1.6666667e-01 -1.6666667e-01 +0.0000000e+00 
+1.6000000e-01 -1.6000000e-01 +0.0000000e+00 
+1.5333333e-01 -1.5333333e-01 +0.0000000e+00 
+1.4666667e-01 -1.4666667e-01 +0.0000000e+00 
+1.4000000e-01 -1.4000000e-01 +0.0000000e+00 
+1.3333333e-01 -1.3333333e-01 +0.0000000e+00 
+1.2666667e-01 -1.2666667e-01 +0.0000000e+00 
+1.2000000e-01 -1.2000000e-01 +0.0000000e+00 
+1.1333333e-01 -1.1333333e-01 +0.0000000e+00 
+1.0666667e-01 -1.0666667e-01 +0.0000000e+00 
+1.0000000e-01 -1.0000000e-01 +0.0000000e+00 
+9.3333333e-02 -9.3333333e-02 +0.0000000e+00 
+8.6666667e-02 -8.6666667e-02 +0.0000000e+00 
+8.0000000e-02 -8.0000000e-02 +0.0000000e+00 
+7.3333333e-02 -7.3333333e-02 +0.0000000e+00 
+6.6666667e-02 -6.6666667e-02 +0.0000000e+00 
+6.0000000e-02 -6.0000000e-02 +0.0000000e+00 
+5.3333333e-02 -5.3333333e-02 +0.0000000e+00 
+4.6666667e-02 -4.6666667e-02 +0.0000000e+00 
+4.0000000e-02 -4.0000000e-02 +0.0000000e+00 
+3.3333333e-02 -3.3333333e-02 +0.0000000e+00 
+2.6666667e-02 -2.6666667e-02 +0.0000000e+00 
+2.0000000e-02 -2.0000000e-02 +0.0000000e+00 
+1.3333333e-02 -1.3333333e-02 +0.0000000e+00 
+6.6666667e-03 -6.6666667e-03 +0.0000000e+00 
+0.0000000e+00 +0.0000000e+00 +0.0000000e+00 
+0.0000000e+00 +0.0000000e+00 -2.1739130e-02 
+0.0000000e+00 +0.0000000e+00 -4.3478261e-02 
+0.0000000e+00 +0.0000000e+00 -6.5217391e-02 
+0.0000000e+00 +0.0000000e+00 -8.6956522e-02 
+0.0000000e+00 +0.0000000e+00 -1.0869565e-01 
+0.0000000e+00 +0.0000000e+00 -1.3043478e-01 
+0.0000000e+00 +0.0000000e+00 -1.5217391e-01 
+0.0000000e+00 +0.0000000e+00 -1.7391304e-01 
+0.0000000e+00 +0.0000000e+00 -1.9565217e-01 
+0.0000000e+00 +0.0000000e+00 -2.1739130e-01 
+0.0000000e+00 +0.0000000e+00 -2.3913043e-01 
+0.0000000e+00 +0.0000000e+00 -2.6086957e-01 
+0.0000000e+00 +0.0000000e+00 -2.8260870e-01 
+0.0000000e+00 +0.0000000e+00 -3.0434783e-01 
+0.0000000e+00 +0.0000000e+00 -3.2608696e-01 
+0.0000000e+00 +0.0000000e+00 -3.4782609e-01 
+0.0000000e+00 +0.0000000e+00 -3.6956522e-01 
+0.0000000e+00 +0.0000000e+00 -3.9130435e-01 
+0.0000000e+00 +0.0000000e+00 -4.1304348e-01 
+0.0000000e+00 +0.0000000e+00 -4.3478261e-01 
+0.0000000e+00 +0.0000000e+00 -4.5652174e-01 
+0.0000000e+00 +0.0000000e+00 -4.7826087e-01 
+0.0000000e+00 +0.0000000e+00 -5.0000000e-01 
+1.1627907e-02 +0.0000000e+00 -5.0000000e-01 
+2.3255814e-02 +0.0000000e+00 -5.0000000e-01 
+3.4883721e-02 +0.0000000e+00 -5.0000000e-01 
+4.6511628e-02 +0.0000000e+00 -5.0000000e-01 
+5.8139535e-02 +0.0000000e+00 -5.0000000e-01 
+6.9767442e-02 +0.0000000e+00 -5.0000000e-01 
+8.1395349e-02 +0.0000000e+00 -5.0000000e-01 
+9.3023256e-02 +0.0000000e+00 -5.0000000e-01 
+1.0465116e-01 +0.0000000e+00 -5.0000000e-01 
+1.1627907e-01 +0.0000000e+00 -5.0000000e-01 
+1.2790698e-01 +0.0000000e+00 -5.0000000e-01 
+1.3953488e-01 +0.0000000e+00 -5.0000000e-01 
+1.5116279e-01 +0.0000000e+00 -5.0000000e-01 
+1.6279070e-01 +0.0000000e+00 -5.0000000e-01 
+1.7441860e-01 +0.0000000e+00 -5.0000000e-01 
+1.8604651e-01 +0.0000000e+00 -5.0000000e-01 
+1.9767442e-01 +0.0000000e+00 -5.0000000e-01 
+2.0930233e-01 +0.0000000e+00 -5.0000000e-01 
+2.2093023e-01 +0.0000000e+00 -5.0000000e-01 
+2.3255814e-01 +0.0000000e+00 -5.0000000e-01 
+2.4418605e-01 +0.0000000e+00 -5.0000000e-01 
+2.5581395e-01 +0.0000000e+00 -5.0000000e-01 
+2.6744186e-01 +0.0000000e+00 -5.0000000e-01 
+2.7906977e-01 +0.0000000e+00 -5.0000000e-01 
+2.9069767e-01 +0.0000000e+00 -5.0000000e-01 
+3.0232558e-01 +0.0000000e+00 -5.0000000e-01 
+3.1395349e-01 +0.0000000e+00 -5.0000000e-01 
+3.2558140e-01 +0.0000000e+00 -5.0000000e-01 
+3.3720930e-01 +0.0000000e+00 -5.0000000e-01 
+3.4883721e-01 +0.0000000e+00 -5.0000000e-01 
+3.6046512e-01 +0.0000000e+00 -5.0000000e-01 
+3.7209302e-01 +0.0000000e+00 -5.0000000e-01 
+3.8372093e-01 +0.0000000e+00 -5.0000000e-01 
+3.9534884e-01 +0.0000000e+00 -5.0000000e-01 
+4.0697674e-01 +0.0000000e+00 -5.0000000e-01 
+4.1860465e-01 +0.0000000e+00 -5.0000000e-01 
+4.3023256e-01 +0.0000000e+00 -5.0000000e-01 
+4.4186047e-01 +0.0000000e+00 -5.0000000e-01 
+4.5348837e-01 +0.0000000e+00 -5.0000000e-01 
+4.6511628e-01 +0.0000000e+00 -5.0000000e-01 
+4.7674419e-01 +0.0000000e+00 -5.0000000e-01 
+4.8837209e-01 +0.0000000e+00 -5.0000000e-01 
+5.0000000e-01 +0.0000000e+00 -5.0000000e-01 
+4.9333333e-01 -1.3333333e-02 -5.0000000e-01 
+4.8666667e-01 -2.6666667e-02 -5.0000000e-01 
+4.8000000e-01 -4.0000000e-02 -5.0000000e-01 
+4.7333333e-01 -5.3333333e-02 -5.0000000e-01 
+4.6666667e-01 -6.6666667e-02 -5.0000000e-01 
+4.6000000e-01 -8.0000000e-02 -5.0000000e-01 
+4.5333333e-01 -9.3333333e-02 -5.0000000e-01 
+4.4666667e-01 -1.0666667e-01 -5.0000000e-01 
+4.4000000e-01 -1.2000000e-01 -5.0000000e-01 
+4.3333333e-01 -1.3333333e-01 -5.0000000e-01 
+4.2666667e-01 -1.4666667e-01 -5.0000000e-01 
+4.2000000e-01 -1.6000000e-01 -5.0000000e-01 
+4.1333333e-01 -1.7333333e-01 -5.0000000e-01 
+4.0666667e-01 -1.8666667e-01 -5.0000000e-01 
+4.0000000e-01 -2.0000000e-01 -5.0000000e-01 
+3.9333333e-01 -2.1333333e-01 -5.0000000e-01 
+3.8666667e-01 -2.2666667e-01 -5.0000000e-01 
+3.8000000e-01 -2.4000000e-01 -5.0000000e-01 
+3.7333333e-01 -2.5333333e-01 -5.0000000e-01 
+3.6666667e-01 -2.6666667e-01 -5.0000000e-01 
+3.6000000e-01 -2.8000000e-01 -5.0000000e-01 
+3.5333333e-01 -2.9333333e-01 -5.0000000e-01 
+3.4666667e-01 -3.0666667e-01 -5.0000000e-01 
+3.4000000e-01 -3.2000000e-01 -5.0000000e-01 
+3.3333333e-01 -3.3333333e-01 -5.0000000e-01 
+3.2666667e-01 -3.2666667e-01 -5.0000000e-01 
+3.2000000e-01 -3.2000000e-01 -5.0000000e-01 
+3.1333333e-01 -3.1333333e-01 -5.0000000e-01 
+3.0666667e-01 -3.0666667e-01 -5.0000000e-01 
+3.0000000e-01 -3.0000000e-01 -5.0000000e-01 
+2.9333333e-01 -2.9333333e-01 -5.0000000e-01 
+2.8666667e-01 -2.8666667e-01 -5.0000000e-01 
+2.8000000e-01 -2.8000000e-01 -5.0000000e-01 
+2.7333333e-01 -2.7333333e-01 -5.0000000e-01 
+2.6666667e-01 -2.6666667e-01 -5.0000000e-01 
+2.6000000e-01 -2.6000000e-01 -5.0000000e-01 
+2.5333333e-01 -2.5333333e-01 -5.0000000e-01 
+2.4666667e-01 -2.4666667e-01 -5.0000000e-01 
+2.4000000e-01 -2.4000000e-01 -5.0000000e-01 
+2.3333333e-01 -2.3333333e-01 -5.0000000e-01 
+2.2666667e-01 -2.2666667e-01 -5.0000000e-01 
+2.2000000e-01 -2.2000000e-01 -5.0000000e-01 
+2.1333333e-01 -2.1333333e-01 -5.0000000e-01 
+2.0666667e-01 -2.0666667e-01 -5.0000000e-01 
+2.0000000e-01 -2.0000000e-01 -5.0000000e-01 
+1.9333333e-01 -1.9333333e-01 -5.0000000e-01 
+1.8666667e-01 -1.8666667e-01 -5.0000000e-01 
+1.8000000e-01 -1.8000000e-01 -5.0000000e-01 
+1.7333333e-01 -1.7333333e-01 -5.0000000e-01 
+1.6666667e-01 -1.6666667e-01 -5.0000000e-01 
+1.6000000e-01 -1.6000000e-01 -5.0000000e-01 
+1.5333333e-01 -1.5333333e-01 -5.0000000e-01 
+1.4666667e-01 -1.4666667e-01 -5.0000000e-01 
+1.4000000e-01 -1.4000000e-01 -5.0000000e-01 
+1.3333333e-01 -1.3333333e-01 -5.0000000e-01 
+1.2666667e-01 -1.2666667e-01 -5.0000000e-01 
+1.2000000e-01 -1.2000000e-01 -5.0000000e-01 
+1.1333333e-01 -1.1333333e-01 -5.0000000e-01 
+1.0666667e-01 -1.0666667e-01 -5.0000000e-01 
+1.0000000e-01 -1.0000000e-01 -5.0000000e-01 
+9.3333333e-02 -9.3333333e-02 -5.0000000e-01 
+8.6666667e-02 -8.6666667e-02 -5.0000000e-01 
+8.0000000e-02 -8.0000000e-02 -5.0000000e-01 
+7.3333333e-02 -7.3333333e-02 -5.0000000e-01 
+6.6666667e-02 -6.6666667e-02 -5.0000000e-01 
+6.0000000e-02 -6.0000000e-02 -5.0000000e-01 
+5.3333333e-02 -5.3333333e-02 -5.0000000e-01 
+4.6666667e-02 -4.6666667e-02 -5.0000000e-01 
+4.0000000e-02 -4.0000000e-02 -5.0000000e-01 
+3.3333333e-02 -3.3333333e-02 -5.0000000e-01 
+2.6666667e-02 -2.6666667e-02 -5.0000000e-01 
+2.0000000e-02 -2.0000000e-02 -5.0000000e-01 
+1.3333333e-02 -1.3333333e-02 -5.0000000e-01 
+6.6666667e-03 -6.6666667e-03 -5.0000000e-01 
+0.0000000e+00 +0.0000000e+00 -5.0000000e-01 
+5.0000000e-01 +0.0000000e+00 -5.0000000e-01 
+5.0000000e-01 +0.0000000e+00 -4.7826087e-01 
+5.0000000e-01 +0.0000000e+00 -4.5652174e-01 
+5.0000000e-01 +0.0000000e+00 -4.3478261e-01 
+5.0000000e-01 +0.0000000e+00 -4.1304348e-01 
+5.0000000e-01 +0.0000000e+00 -3.9130435e-01 
+5.0000000e-01 +0.0000000e+00 -3.6956522e-01 
+5.0000000e-01 +0.0000000e+00 -3.4782609e-01 
+5.0000000e-01 +0.0000000e+00 -3.2608696e-01 
+5.0000000e-01 +0.0000000e+00 -3.0434783e-01 
+5.0000000e-01 +0.0000000e+00 -2.8260870e-01 
+5.0000000e-01 +0.0000000e+00 -2.6086957e-01 
+5.0000000e-01 +0.0000000e+00 -2.3913043e-01 
+5.0000000e-01 +0.0000000e+00 -2.1739130e-01 
+5.0000000e-01 +0.0000000e+00 -1.9565217e-01 
+5.0000000e-01 +0.0000000e+00 -1.7391304e-01 
+5.0000000e-01 +0.0000000e+00 -1.5217391e-01 
+5.0000000e-01 +0.0000000e+00 -1.3043478e-01 
+5.0000000e-01 +0.0000000e+00 -1.0869565e-01 
+5.0000000e-01 +0.0000000e+00 -8.6956522e-02 
+5.0000000e-01 +0.0000000e+00 -6.5217391e-02 
+5.0000000e-01 +0.0000000e+00 -4.3478261e-02 
+5.0000000e-01 +0.0000000e+00 -2.1739130e-02 
+5.0000000e-01 +0.0000000e+00 +0.0000000e+00 
+3.3333333e-01 -3.3333333e-01 +0.0000000e+00 
+3.3333333e-01 -3.3333333e-01 -2.1739130e-02 
+3.3333333e-01 -3.3333333e-01 -4.3478261e-02 
+3.3333333e-01 -3.3333333e-01 -6.5217391e-02 
+3.3333333e-01 -3.3333333e-01 -8.6956522e-02 
+3.3333333e-01 -3.3333333e-01 -1.0869565e-01 
+3.3333333e-01 -3.3333333e-01 -1.3043478e-01 
+3.3333333e-01 -3.3333333e-01 -1.5217391e-01 
+3.3333333e-01 -3.3333333e-01 -1.7391304e-01 
+3.3333333e-01 -3.3333333e-01 -1.9565217e-01 
+3.3333333e-01 -3.3333333e-01 -2.1739130e-01 
+3.3333333e-01 -3.3333333e-01 -2.3913043e-01 
+3.3333333e-01 -3.3333333e-01 -2.6086957e-01 
+3.3333333e-01 -3.3333333e-01 -2.8260870e-01 
+3.3333333e-01 -3.3333333e-01 -3.0434783e-01 
+3.3333333e-01 -3.3333333e-01 -3.2608696e-01 
+3.3333333e-01 -3.3333333e-01 -3.4782609e-01 
+3.3333333e-01 -3.3333333e-01 -3.6956522e-01 
+3.3333333e-01 -3.3333333e-01 -3.9130435e-01 
+3.3333333e-01 -3.3333333e-01 -4.1304348e-01 
+3.3333333e-01 -3.3333333e-01 -4.3478261e-01 
+3.3333333e-01 -3.3333333e-01 -4.5652174e-01 
+3.3333333e-01 -3.3333333e-01 -4.7826087e-01 
+3.3333333e-01 -3.3333333e-01 -5.0000000e-01 
# energies (kpt,band,spin)
# spin = 1
-1.6377834e+01 -1.5526360e+01 +1.7710249e+00 +8.3641746e+00 +1.1223105e+01 +1.8298309e+01 +1.8298358e+01 +1.9612516e+01 +1.9612532e+01 +2.2019776e+01 
-1.6377098e+01 -1.5525926e+01 +1.7742613e+00 +8.3567523e+00 +1.0758925e+01 +1.8215132e+01 +1.8226675e+01 +1.9692922e+01 +1.9708479e+01 +2.2079053e+01 
-1.6374835e+01 -1.5524626e+01 +1.7839703e+00 +8.3347461e+00 +9.6272428e+00 +1.8013667e+01 +1.8054970e+01 +1.9838219e+01 +1.9948299e+01 +2.2240130e+01 
-1.6370914e+01 -1.5522469e+01 +1.8001515e+00 +8.2834844e+00 +8.3060686e+00 +1.7760368e+01 +1.7822833e+01 +1.9954677e+01 +2.0265754e+01 +2.2460945e+01 
-1.6365207e+01 -1.5519467e+01 +1.8228043e+00 +7.0480553e+00 +8.2508744e+00 +1.7488808e+01 +1.7541285e+01 +2.0036085e+01 +2.0627591e+01 +2.2693642e+01 
-1.6357633e+01 -1.5515641e+01 +1.8519279e+00 +6.0096281e+00 +8.1913366e+00 +1.7212994e+01 +1.7219711e+01 +2.0093877e+01 +2.1020181e+01 +2.2893681e+01 
-1.6348170e+01 -1.5511014e+01 +1.8875213e+00 +5.1818172e+00 +8.1221083e+00 +1.6869576e+01 +1.6939041e+01 +2.0128476e+01 +2.1437727e+01 +2.3018599e+01 
-1.6336838e+01 -1.5505616e+01 +1.9295835e+00 +4.5338639e+00 +8.0445554e+00 +1.6502028e+01 +1.6669830e+01 +2.0128940e+01 +2.1877318e+01 +2.3038756e+01 
-1.6323684e+01 -1.5499483e+01 +1.9781135e+00 +4.0282311e+00 +7.9598953e+00 +1.6126530e+01 +1.6406804e+01 +2.0077778e+01 +2.2336437e+01 +2.2964376e+01 
-1.6308772e+01 -1.5492655e+01 +2.0331100e+00 +3.6317424e+00 +7.8691397e+00 +1.5750586e+01 +1.6150709e+01 +1.9957806e+01 +2.2764007e+01 +2.2810276e+01 
-1.6292173e+01 -1.5485177e+01 +2.0945718e+00 +3.3181372e+00 +7.7730885e+00 +1.5379923e+01 +1.5901928e+01 +1.9761119e+01 +2.2073303e+01 +2.2744056e+01 
-1.6273962e+01 -1.5477101e+01 +2.1624978e+00 +3.0675685e+00 +7.6723488e+00 +1.5018792e+01 +1.5660655e+01 +1.9494567e+01 +2.1393730e+01 +2.2680873e+01 
-1.6254220e+01 -1.5468480e+01 +2.2368862e+00 +2.8653116e+00 +7.5673681e+00 +1.4670261e+01 +1.5426972e+01 +1.9175850e+01 +2.0734008e+01 +2.2659895e+01 
-1.6233034e+01 -1.5459374e+01 +2.3177355e+00 +2.7004893e+00 +7.4584723e+00 +1.4336472e+01 +1.5200904e+01 +1.8824696e+01 +2.0097508e+01 +2.2671048e+01 
-1.6210492e+01 -1.5449847e+01 +2.4050435e+00 +2.5650365e+00 +7.3459020e+00 +1.4018867e+01 +1.4982447e+01 +1.8457119e+01 +1.9484935e+01 +2.2702962e+01 
-1.6186690e+01 -1.5439967e+01 +2.4529216e+00 +2.4988077e+00 +7.2298462e+00 +1.3718360e+01 +1.4771582e+01 +1.8084197e+01 +1.8895688e+01 +2.2746929e+01 
-1.6161725e+01 -1.5429805e+01 +2.3595826e+00 +2.5990251e+00 +7.1104701e+00 +1.3435475e+01 +1.4568287e+01 +1.7713001e+01 +1.8328567e+01 +2.2797379e+01 
-1.6135702e+01 -1.5419436e+01 +2.2815264e+00 +2.7056918e+00 +6.9879400e+00 +1.3170455e+01 +1.4372545e+01 +1.7347855e+01 +1.7782144e+01 +2.2851255e+01 
-1.6108727e+01 -1.5408938e+01 +2.2160470e+00 +2.8188034e+00 +6.8624417e+00 +1.2923337e+01 +1.4184347e+01 +1.6991323e+01 +1.7254958e+01 +2.2600543e+01 
-1.6080913e+01 -1.5398392e+01 +2.1610284e+00 +2.9383542e+00 +6.7341964e+00 +1.2694006e+01 +1.4003693e+01 +1.6644861e+01 +1.6745611e+01 +2.2345021e+01 
-1.6052374e+01 -1.5387880e+01 +2.1148057e+00 +3.0643372e+00 +6.6034720e+00 +1.2482233e+01 +1.3830592e+01 +1.6252807e+01 +1.6309231e+01 +2.2102267e+01 
-1.6023230e+01 -1.5377487e+01 +2.0760667e+00 +3.1967441e+00 +6.4705908e+00 +1.2287704e+01 +1.3665061e+01 +1.5775372e+01 +1.5984750e+01 +2.1872656e+01 
-1.5993605e+01 -1.5367297e+01 +2.0437794e+00 +3.3355642e+00 +6.3359341e+00 +1.2110034e+01 +1.3507122e+01 +1.5312251e+01 +1.5671448e+01 +2.1656253e+01 
-1.5963625e+01 -1.5357397e+01 +2.0171370e+00 +3.4807847e+00 +6.1999433e+00 +1.1948784e+01 +1.3356798e+01 +1.4862500e+01 +1.5369174e+01 +2.1452953e+01 
-1.5933421e+01 -1.5347869e+01 +1.9955140e+00 +3.6323894e+00 +6.0631190e+00 +1.1803468e+01 +1.3214108e+01 +1.4425286e+01 +1.5077670e+01 +2.1262562e+01 
-1.5903127e+01 -1.5338797e+01 +1.9784288e+00 +3.7903583e+00 +5.9260174e+00 +1.1673567e+01 +1.3079068e+01 +1.3999867e+01 +1.4796627e+01 +2.1084839e+01 
-1.5872881e+01 -1.5330260e+01 +1.9655111e+00 +3.9546662e+00 +5.7892457e+00 +1.1558528e+01 +1.2951680e+01 +1.3585594e+01 +1.4525728e+01 +2.0919521e+01 
-1.5842824e+01 -1.5322333e+01 +1.9564722e+00 +4.1252815e+00 +5.6534568e+00 +1.1457781e+01 +1.2831939e+01 +1.3181894e+01 +1.4264680e+01 +2.0766341e+01 
-1.5813102e+01 -1.5315087e+01 +1.9510773e+00 +4.3021640e+00 +5.5193441e+00 +1.1370743e+01 +1.2719826e+01 +1.2788275e+01 +1.4013247e+01 +2.0625030e+01 
-1.5783865e+01 -1.5308583e+01 +1.9491206e+00 +4.4852623e+00 +5.3876372e+00 +1.1296828e+01 +1.2404312e+01 +1.2615307e+01 +1.3771270e+01 +2.0495327e+01 
-1.5755267e+01 -1.5302875e+01 +1.9504006e+00 +4.6745100e+00 +5.2590983e+00 +1.1235458e+01 +1.2029650e+01 +1.2518343e+01 +1.3538681e+01 +2.0376966e+01 
-1.5727469e+01 -1.5298003e+01 +1.9546978e+00 +4.8698198e+00 +5.1345211e+00 +1.1186073e+01 +1.1664001e+01 +1.2428882e+01 +1.3315516e+01 +2.0269680e+01 
-1.5700635e+01 -1.5293995e+01 +1.9617539e+00 +5.0147300e+00 +5.0710750e+00 +1.1148147e+01 +1.1307150e+01 +1.2346868e+01 +1.3101919e+01 +2.0173180e+01 
-1.5674943e+01 -1.5290861e+01 +1.9712525e+00 +4.9005820e+00 +5.2781162e+00 +1.0958962e+01 +1.1121196e+01 +1.2272241e+01 +1.2898136e+01 +2.0087154e+01 
-1.5650577e+01 -1.5288587e+01 +1.9828036e+00 +4.7929678e+00 +5.4907194e+00 +1.0619401e+01 +1.1104790e+01 +1.2204941e+01 +1.2704509e+01 +2.0011256e+01 
-1.5627735e+01 -1.5287138e+01 +1.9959315e+00 +4.6928132e+00 +5.7085584e+00 +1.0288564e+01 +1.1098563e+01 +1.2144907e+01 +1.2521465e+01 +1.9945100e+01 
-1.5606634e+01 -1.5286444e+01 +2.0100697e+00 +4.6010776e+00 +5.9311383e+00 +9.9667427e+00 +1.1102208e+01 +1.2092084e+01 +1.2349503e+01 +1.9888266e+01 
-1.5587508e+01 -1.5286404e+01 +2.0245647e+00 +4.5187471e+00 +6.1576679e+00 +9.6545545e+00 +1.1115454e+01 +1.2046419e+01 +1.2189192e+01 +1.9840302e+01 
-1.5570613e+01 -1.5286880e+01 +2.0386912e+00 +4.4468191e+00 +6.3868009e+00 +9.3531948e+00 +1.1138011e+01 +1.2007865e+01 +1.2041199e+01 +1.9800746e+01 
-1.5556224e+01 -1.5287697e+01 +2.0516833e+00 +4.3862752e+00 +6.6160628e+00 +9.0650112e+00 +1.1169419e+01 +1.1906398e+01 +1.1976380e+01 +1.9769142e+01 
-1.5544624e+01 -1.5288653e+01 +2.0627802e+00 +4.3380403e+00 +6.8404609e+00 +8.7948927e+00 +1.1208674e+01 +1.1786207e+01 +1.1951928e+01 +1.9745066e+01 
-1.5536090e+01 -1.5289537e+01 +2.0712857e+00 +4.3029292e+00 +7.0488142e+00 +8.5539397e+00 +1.1253137e+01 +1.1683633e+01 +1.1934483e+01 +1.9728154e+01 
-1.5530860e+01 -1.5290159e+01 +2.0766362e+00 +4.2815852e+00 +7.2142983e+00 +8.3689189e+00 +1.1295123e+01 +1.1606655e+01 +1.1924025e+01 +1.9718125e+01 
-1.5529098e+01 -1.5290382e+01 +2.0784625e+00 +4.2744228e+00 +7.2827704e+00 +8.2939384e+00 +1.1314910e+01 +1.1575182e+01 +1.1920540e+01 +1.9714802e+01 
-1.5528666e+01 -1.5290328e+01 +2.0811281e+00 +4.2766284e+00 +7.2860172e+00 +8.2967361e+00 +1.1304462e+01 +1.1318531e+01 +1.2185631e+01 +1.9733733e+01 
-1.5527374e+01 -1.5290167e+01 +2.0891209e+00 +4.2832337e+00 +7.2957589e+00 +8.3051338e+00 +1.0950602e+01 +1.1273773e+01 +1.2578582e+01 +1.9790231e+01 
-1.5525230e+01 -1.5289910e+01 +2.1024285e+00 +4.2942037e+00 +7.3119996e+00 +8.3191449e+00 +1.0579936e+01 +1.1223478e+01 +1.2991248e+01 +1.9570872e+01 
-1.5522246e+01 -1.5289569e+01 +2.1210296e+00 +4.3094784e+00 +7.3347456e+00 +8.3387904e+00 +1.0214749e+01 +1.1155099e+01 +1.3415537e+01 +1.9101909e+01 
-1.5518442e+01 -1.5289166e+01 +2.1448930e+00 +4.3289712e+00 +7.3640055e+00 +8.3640973e+00 +9.8569314e+00 +1.1070460e+01 +1.3849878e+01 +1.8590074e+01 
-1.5513840e+01 -1.5288727e+01 +2.1739760e+00 +4.3525655e+00 +7.3997898e+00 +8.3950957e+00 +9.5072228e+00 +1.0971661e+01 +1.4293959e+01 +1.8059291e+01 
-1.5508469e+01 -1.5288282e+01 +2.2082219e+00 +4.3801110e+00 +7.4421104e+00 +8.4318154e+00 +9.1660421e+00 +1.0860957e+01 +1.4747918e+01 +1.7524502e+01 
-1.5502362e+01 -1.5287868e+01 +2.2475568e+00 +4.4114194e+00 +7.4909799e+00 +8.4742802e+00 +8.8337037e+00 +1.0740658e+01 +1.5212135e+01 +1.6994726e+01 
-1.5495558e+01 -1.5287526e+01 +2.2918848e+00 +4.4462592e+00 +7.5464112e+00 +8.5104919e+00 +8.5225020e+00 +1.0613058e+01 +1.5687181e+01 +1.6475270e+01 
-1.5488099e+01 -1.5287301e+01 +2.3410815e+00 +4.4843505e+00 +7.6084167e+00 +8.1966951e+00 +8.5764726e+00 +1.0480381e+01 +1.5969156e+01 +1.6173792e+01 
-1.5480031e+01 -1.5287245e+01 +2.3949855e+00 +4.5253600e+00 +7.6770073e+00 +7.8926251e+00 +8.6361521e+00 +1.0344764e+01 +1.5478010e+01 +1.6672850e+01 
-1.5471408e+01 -1.5287409e+01 +2.4533866e+00 +4.5688980e+00 +7.5986346e+00 +7.7521922e+00 +8.7014555e+00 +1.0208242e+01 +1.5002612e+01 +1.7185344e+01 
-1.5462283e+01 -1.5287852e+01 +2.5160101e+00 +4.6145163e+00 +7.3151339e+00 +7.8339777e+00 +8.7722330e+00 +1.0072755e+01 +1.4543249e+01 +1.7712279e+01 
-1.5452717e+01 -1.5288634e+01 +2.5824955e+00 +4.6617116e+00 +7.0426133e+00 +7.9223670e+00 +8.8482424e+00 +9.9401510e+00 +1.4099948e+01 +1.8254507e+01 
-1.5442774e+01 -1.5289817e+01 +2.6523678e+00 +4.7099330e+00 +6.7816712e+00 +8.0173595e+00 +8.9291071e+00 +9.8121928e+00 +1.3672655e+01 +1.8812410e+01 
-1.5432523e+01 -1.5291464e+01 +2.7249980e+00 +4.7585955e+00 +6.5330521e+00 +8.1189507e+00 +9.0142500e+00 +9.6905599e+00 +1.3261379e+01 +1.9385370e+01 
-1.5422038e+01 -1.5293641e+01 +2.7995500e+00 +4.8071009e+00 +6.2976993e+00 +8.2271326e+00 +9.1027816e+00 +9.5768431e+00 +1.2866373e+01 +1.9970940e+01 
-1.5411395e+01 -1.5296414e+01 +2.8749091e+00 +4.8548620e+00 +6.0768236e+00 +8.3418935e+00 +9.1933036e+00 +9.4725334e+00 +1.2488363e+01 +2.0563679e+01 
-1.5400678e+01 -1.5299846e+01 +2.9495884e+00 +4.9013290e+00 +5.8719946e+00 +8.4632195e+00 +9.2835489e+00 +9.3790060e+00 +1.2128945e+01 +2.1153818e+01 
-1.5389972e+01 -1.5303999e+01 +3.0216165e+00 +4.9460140e+00 +5.6852487e+00 +8.5910948e+00 +9.2975034e+00 +9.3697012e+00 +1.1791285e+01 +2.1726334e+01 
-1.5379371e+01 -1.5308928e+01 +3.0884232e+00 +4.9885088e+00 +5.5191980e+00 +8.7255035e+00 +9.2291216e+00 +9.4451114e+00 +1.1481422e+01 +2.2261514e+01 
-1.5368978e+01 -1.5314674e+01 +3.1467751e+00 +5.0284960e+00 +5.3770866e+00 +8.8664310e+00 +9.1748020e+00 +9.4981020e+00 +1.1210474e+01 +2.2737920e+01 
-1.5358941e+01 -1.5321230e+01 +3.1928732e+00 +5.0657554e+00 +5.2626831e+00 +9.0138657e+00 +9.1353281e+00 +9.5096809e+00 +1.0996938e+01 +2.3137102e+01 
-1.5349640e+01 -1.5328351e+01 +3.2227715e+00 +5.1001690e+00 +5.1798511e+00 +9.1113237e+00 +9.1678003e+00 +9.4567748e+00 +1.0863454e+01 +2.3447084e+01 
-1.5343957e+01 -1.5333280e+01 +3.2332084e+00 +5.1313982e+00 +5.1320366e+00 +9.1032493e+00 +9.3273831e+00 +9.3291156e+00 +1.0820781e+01 +2.3638565e+01 
-1.5349942e+01 -1.5328087e+01 +3.2226260e+00 +5.1196260e+00 +5.1605164e+00 +9.1113890e+00 +9.1368291e+00 +9.4952165e+00 +1.0855900e+01 +2.3468015e+01 
-1.5360339e+01 -1.5320136e+01 +3.1918076e+00 +5.1424758e+00 +5.1868414e+00 +8.9058359e+00 +9.1358578e+00 +9.6686852e+00 +1.0945290e+01 +2.3227072e+01 
-1.5372346e+01 -1.5312327e+01 +3.1435914e+00 +5.1971208e+00 +5.2110470e+00 +8.6537558e+00 +9.1765770e+00 +9.8487075e+00 +1.1070267e+01 +2.2949527e+01 
-1.5385686e+01 -1.5305025e+01 +3.0819133e+00 +5.2336109e+00 +5.2793037e+00 +8.3917845e+00 +9.2332803e+00 +1.0035321e+01 +1.1219514e+01 +2.2645269e+01 
-1.5400307e+01 -1.5298353e+01 +3.0108054e+00 +5.2551639e+00 +5.3846478e+00 +8.1262305e+00 +9.3055255e+00 +1.0228575e+01 +1.1386649e+01 +2.2323767e+01 
-1.5416195e+01 -1.5292383e+01 +2.9337973e+00 +5.2763690e+00 +5.5093846e+00 +7.8606810e+00 +9.3927183e+00 +1.0428529e+01 +1.1568050e+01 +2.1993772e+01 
-1.5433338e+01 -1.5287169e+01 +2.8537368e+00 +5.2979391e+00 +5.6505045e+00 +7.5972490e+00 +9.4941440e+00 +1.0635255e+01 +1.1761607e+01 +2.1662906e+01 
-1.5451718e+01 -1.5282755e+01 +2.7728431e+00 +5.3205850e+00 +5.8057208e+00 +7.3372308e+00 +9.6090045e+00 +1.0848833e+01 +1.1966054e+01 +2.1337482e+01 
-1.5471314e+01 -1.5279178e+01 +2.6928342e+00 +5.3449844e+00 +5.9733234e+00 +7.0814546e+00 +9.7364533e+00 +1.1069351e+01 +1.2180620e+01 +2.1022511e+01 
-1.5492095e+01 -1.5276466e+01 +2.6150435e+00 +5.3717581e+00 +6.1520289e+00 +6.8304683e+00 +9.8756266e+00 +1.1296908e+01 +1.2404835e+01 +2.0721835e+01 
-1.5514027e+01 -1.5274641e+01 +2.5405059e+00 +5.4014545e+00 +6.3408604e+00 +6.5846472e+00 +1.0025667e+01 +1.1531605e+01 +1.2638425e+01 +2.0438300e+01 
-1.5537066e+01 -1.5273718e+01 +2.4700160e+00 +5.4345427e+00 +6.3442553e+00 +6.5390603e+00 +1.0185741e+01 +1.1773552e+01 +1.2881241e+01 +2.0173947e+01 
-1.5561166e+01 -1.5273706e+01 +2.4041697e+00 +5.4714110e+00 +6.1094834e+00 +6.7460311e+00 +1.0355045e+01 +1.2022862e+01 +1.3133232e+01 +1.9930181e+01 
-1.5586269e+01 -1.5274603e+01 +2.3433970e+00 +5.5123701e+00 +5.8804728e+00 +6.9612956e+00 +1.0532815e+01 +1.2279652e+01 +1.3394412e+01 +1.9707926e+01 
-1.5612313e+01 -1.5276406e+01 +2.2879909e+00 +5.5576569e+00 +5.6573300e+00 +7.1844697e+00 +1.0718320e+01 +1.2544042e+01 +1.3664857e+01 +1.9507747e+01 
-1.5639229e+01 -1.5279100e+01 +2.2381337e+00 +5.4401370e+00 +5.6074409e+00 +7.4152432e+00 +1.0910859e+01 +1.2816159e+01 +1.3944691e+01 +1.9329964e+01 
-1.5666940e+01 -1.5282665e+01 +2.1939210e+00 +5.2289579e+00 +5.6618283e+00 +7.6533663e+00 +1.1109758e+01 +1.3096132e+01 +1.4234090e+01 +1.9174728e+01 
-1.5695363e+01 -1.5287075e+01 +2.1553836e+00 +5.0238437e+00 +5.7208669e+00 +7.8986392e+00 +1.1314363e+01 +1.3384099e+01 +1.4533276e+01 +1.9042091e+01 
-1.5724411e+01 -1.5292298e+01 +2.1225072e+00 +4.8248356e+00 +5.7845491e+00 +8.1509049e+00 +1.1524032e+01 +1.3680206e+01 +1.4842527e+01 +1.8932048e+01 
-1.5753989e+01 -1.5298294e+01 +2.0952514e+00 +4.6319675e+00 +5.8528154e+00 +8.4100438e+00 +1.1738135e+01 +1.3984611e+01 +1.5162176e+01 +1.8844570e+01 
-1.5784000e+01 -1.5305020e+01 +2.0735659e+00 +4.4452674e+00 +5.9255571e+00 +8.6759699e+00 +1.1956050e+01 +1.4297490e+01 +1.5492614e+01 +1.8779614e+01 
-1.5814340e+01 -1.5312425e+01 +2.0574073e+00 +4.2647594e+00 +6.0026193e+00 +8.9486280e+00 +1.2177164e+01 +1.4619042e+01 +1.5834301e+01 +1.8737131e+01 
-1.5844904e+01 -1.5320454e+01 +2.0467547e+00 +4.0904640e+00 +6.0838053e+00 +9.2279929e+00 +1.2400873e+01 +1.4949495e+01 +1.6187765e+01 +1.8717057e+01 
-1.5875585e+01 -1.5329050e+01 +2.0416257e+00 +3.9223990e+00 +6.1688808e+00 +9.5140687e+00 +1.2626595e+01 +1.5289118e+01 +1.6553606e+01 +1.8719305e+01 
-1.5906273e+01 -1.5338147e+01 +2.0420937e+00 +3.7605805e+00 +6.2575797e+00 +9.8068891e+00 +1.2853773e+01 +1.5638228e+01 +1.6932498e+01 +1.8743755e+01 
-1.5936855e+01 -1.5347680e+01 +2.0483058e+00 +3.6050225e+00 +6.3496096e+00 +1.0106518e+01 +1.3081887e+01 +1.5997209e+01 +1.7325187e+01 +1.8790255e+01 
-1.5967221e+01 -1.5357578e+01 +2.0605034e+00 +3.4557378e+00 +6.4446570e+00 +1.0413050e+01 +1.3310471e+01 +1.6366522e+01 +1.7732486e+01 +1.8858622e+01 
-1.5997259e+01 -1.5367768e+01 +2.0790467e+00 +3.3127382e+00 +6.5423923e+00 +1.0726610e+01 +1.3539119e+01 +1.6746726e+01 +1.8155266e+01 +1.8948663e+01 
-1.6026856e+01 -1.5378175e+01 +2.1044432e+00 +3.1760343e+00 +6.6424711e+00 +1.1047356e+01 +1.3767503e+01 +1.7138497e+01 +1.8594438e+01 +1.9060203e+01 
-1.6055903e+01 -1.5388722e+01 +2.1373835e+00 +3.0456357e+00 +6.7445356e+00 +1.1375470e+01 +1.3995376e+01 +1.7542646e+01 +1.9050933e+01 +1.9193124e+01 
-1.6084291e+01 -1.5399334e+01 +2.1787875e+00 +2.9215514e+00 +6.8482130e+00 +1.1711159e+01 +1.4222578e+01 +1.7960139e+01 +1.9347404e+01 +1.9525665e+01 
-1.6111913e+01 -1.5409933e+01 +2.2298637e+00 +2.8037894e+00 +6.9531126e+00 +1.2054641e+01 +1.4449029e+01 +1.8392107e+01 +1.9523141e+01 +2.0019489e+01 
-1.6138665e+01 -1.5420445e+01 +2.2921888e+00 +2.6923572e+00 +7.0588235e+00 +1.2406131e+01 +1.4674723e+01 +1.8839848e+01 +1.9720550e+01 +2.0533139e+01 
-1.6164444e+01 -1.5430796e+01 +2.3678151e+00 +2.5872616e+00 +7.1649117e+00 +1.2765816e+01 +1.4899710e+01 +1.9304804e+01 +1.9939895e+01 +2.0717555e+01 
-1.6189151e+01 -1.5440914e+01 +2.4594173e+00 +2.4885086e+00 +7.2709178e+00 +1.3133827e+01 +1.5124074e+01 +1.9788502e+01 +2.0181281e+01 +2.0652275e+01 
-1.6212690e+01 -1.5450731e+01 +2.3961038e+00 +2.5704963e+00 +7.3763547e+00 +1.3510184e+01 +1.5347917e+01 +2.0292435e+01 +2.0444210e+01 +2.0578784e+01 
-1.6234970e+01 -1.5460180e+01 +2.3100522e+00 +2.7056610e+00 +7.4807032e+00 +1.3894740e+01 +1.5571347e+01 +2.0502956e+01 +2.0726637e+01 +2.0817825e+01 
-1.6255900e+01 -1.5469200e+01 +2.2303583e+00 +2.8710220e+00 +7.5834046e+00 +1.4287096e+01 +1.5794479e+01 +2.0428551e+01 +2.1023022e+01 +2.1365220e+01 
-1.6275395e+01 -1.5477730e+01 +2.1570262e+00 +3.0747379e+00 +7.6838485e+00 +1.4686488e+01 +1.6017455e+01 +2.0357896e+01 +2.1320423e+01 +2.1933739e+01 
-1.6293372e+01 -1.5485714e+01 +2.0900594e+00 +3.3277611e+00 +7.7813548e+00 +1.5091643e+01 +1.6240483e+01 +2.0292397e+01 +2.1591109e+01 +2.2519718e+01 
-1.6309753e+01 -1.5493101e+01 +2.0294611e+00 +3.6448257e+00 +7.8751503e+00 +1.5500591e+01 +1.6463889e+01 +2.0232830e+01 +2.1782936e+01 +2.3114157e+01 
-1.6324463e+01 -1.5499843e+01 +1.9752343e+00 +4.0456550e+00 +7.9643420e+00 +1.5910404e+01 +1.6688150e+01 +2.0179459e+01 +2.1825408e+01 +2.3365752e+01 
-1.6337434e+01 -1.5505897e+01 +1.9273813e+00 +4.5561673e+00 +8.0478929e+00 +1.6316881e+01 +1.6913894e+01 +2.0131971e+01 +2.1682112e+01 +2.3272828e+01 
-1.6348605e+01 -1.5511223e+01 +1.8859045e+00 +5.2088755e+00 +8.1246086e+00 +1.6714138e+01 +1.7141787e+01 +2.0089116e+01 +2.1393003e+01 +2.3122816e+01 
-1.6357930e+01 -1.5515788e+01 +1.8508056e+00 +6.0402294e+00 +8.1931459e+00 +1.7094212e+01 +1.7372203e+01 +2.0047779e+01 +2.1029062e+01 +2.2926046e+01 
-1.6365392e+01 -1.5519562e+01 +1.8220862e+00 +7.0794450e+00 +8.2520553e+00 +1.7446902e+01 +1.7604435e+01 +2.0001015e+01 +2.0644877e+01 +2.2697378e+01 
-1.6371014e+01 -1.5522522e+01 +1.7997476e+00 +8.2994220e+00 +8.3183591e+00 +1.7760387e+01 +1.7834812e+01 +1.9935078e+01 +2.0275665e+01 +2.2457680e+01 
-1.6374877e+01 -1.5524650e+01 +1.7837908e+00 +8.3351587e+00 +9.6453190e+00 +1.8022682e+01 +1.8052038e+01 +1.9830605e+01 +1.9950184e+01 +2.2237480e+01 
-1.6377109e+01 -1.5525932e+01 +1.7742164e+00 +8.3568550e+00 +1.0765007e+01 +1.8217515e+01 +1.8226283e+01 +1.9691391e+01 +1.9707808e+01 +2.2078252e+01 
-1.6377834e+01 -1.5526360e+01 +1.7710249e+00 +8.3641746e+00 +1.1223105e+01 +1.8298309e+01 +1.8298358e+01 +1.9612516e+01 +1.9612532e+01 +2.2019776e+01 
-1.6377129e+01 -1.5527447e+01 +1.7716616e+00 +8.3715336e+00 +1.0668803e+01 +1.8302626e+01 +1.8302675e+01 +1.9616407e+01 +1.9616423e+01 +2.1930403e+01 
-1.6374957e+01 -1.5530703e+01 +1.7735720e+00 +8.3935955e+00 +9.3894413e+00 +1.8315565e+01 +1.8315614e+01 +1.9628079e+01 +1.9628095e+01 +2.1717089e+01 
-1.6371184e+01 -1.5536106e+01 +1.7767562e+00 +7.9602733e+00 +8.4303588e+00 +1.8337087e+01 +1.8337136e+01 +1.9647526e+01 +1.9647542e+01 +2.1413104e+01 
-1.6365664e+01 -1.5543626e+01 +1.7812141e+00 +6.6772864e+00 +8.4816933e+00 +1.8367132e+01 +1.8367183e+01 +1.9674736e+01 +1.9674752e+01 +2.1027063e+01 
-1.6358293e+01 -1.5553216e+01 +1.7869441e+00 +5.6262992e+00 +8.5475693e+00 +1.8405622e+01 +1.8405674e+01 +1.9709694e+01 +1.9709709e+01 +2.0572544e+01 
-1.6349028e+01 -1.5564821e+01 +1.7939419e+00 +4.8020414e+00 +8.6278778e+00 +1.8452465e+01 +1.8452518e+01 +1.9752379e+01 +1.9752394e+01 +2.0066566e+01 
-1.6337883e+01 -1.5578371e+01 +1.8021993e+00 +4.1692871e+00 +8.7225050e+00 +1.8507565e+01 +1.8507619e+01 +1.9526235e+01 +1.9802763e+01 +1.9802777e+01 
-1.6324908e+01 -1.5593788e+01 +1.8117029e+00 +3.6883249e+00 +8.8313272e+00 +1.8570835e+01 +1.8570890e+01 +1.8966834e+01 +1.9860810e+01 +1.9860824e+01 
-1.6310175e+01 -1.5610982e+01 +1.8224325e+00 +3.3239846e+00 +8.9542150e+00 +1.8400958e+01 +1.8642210e+01 +1.8642268e+01 +1.9926476e+01 +1.9926489e+01 
-1.6293768e+01 -1.5629855e+01 +1.8343604e+00 +3.0478270e+00 +9.0910380e+00 +1.7838333e+01 +1.8721673e+01 +1.8721733e+01 +1.9999701e+01 +1.9999713e+01 
-1.6275777e+01 -1.5650300e+01 +1.8474508e+00 +2.8377967e+00 +9.2416706e+00 +1.7286017e+01 +1.8809279e+01 +1.8809342e+01 +2.0080406e+01 +2.0080417e+01 
-1.6256293e+01 -1.5672204e+01 +1.8616591e+00 +2.6771331e+00 +9.4059971e+00 +1.6748816e+01 +1.8905184e+01 +1.8905250e+01 +2.0168480e+01 +2.0168490e+01 
-1.6235412e+01 -1.5695445e+01 +1.8769329e+00 +2.5532225e+00 +9.5839175e+00 +1.6229747e+01 +1.9009679e+01 +1.9009746e+01 +2.0263757e+01 +2.0263767e+01 
-1.6213229e+01 -1.5719896e+01 +1.8932132e+00 +2.4566152e+00 +9.7753538e+00 +1.5730483e+01 +1.9123215e+01 +1.9123285e+01 +2.0365970e+01 +2.0365979e+01 
-1.6189843e+01 -1.5745428e+01 +1.9104360e+00 +2.3802450e+00 +9.9802560e+00 +1.5251731e+01 +1.9246426e+01 +1.9246499e+01 +2.0474652e+01 +2.0474659e+01 
-1.6165355e+01 -1.5771904e+01 +1.9285359e+00 +2.3188340e+00 +1.0198608e+01 +1.4793549e+01 +1.9380120e+01 +1.9380196e+01 +2.0588918e+01 +2.0588926e+01 
-1.6139871e+01 -1.5799188e+01 +1.9474505e+00 +2.2684441e+00 +1.0430436e+01 +1.4355568e+01 +1.9525238e+01 +1.9525316e+01 +2.0706963e+01 +2.0706969e+01 
-1.6113502e+01 -1.5827138e+01 +1.9671259e+00 +2.2261437e+00 +1.0675813e+01 +1.3937174e+01 +1.9682756e+01 +1.9682836e+01 +2.0824727e+01 +2.0824734e+01 
-1.6086362e+01 -1.5855611e+01 +1.9875246e+00 +2.1897582e+00 +1.0934865e+01 +1.3537628e+01 +1.9853511e+01 +1.9853591e+01 +2.0932162e+01 +2.0932167e+01 
-1.6058576e+01 -1.5884461e+01 +2.0086340e+00 +2.1576859e+00 +1.1207780e+01 +1.3156145e+01 +2.0037907e+01 +2.0037987e+01 +2.1002927e+01 +2.1002929e+01 
-1.6030284e+01 -1.5913526e+01 +2.0304746e+00 +2.1287630e+00 +1.1494815e+01 +1.2791958e+01 +2.0235404e+01 +2.0235482e+01 +2.0983789e+01 +2.0983812e+01 
-1.6001719e+01 -1.5942562e+01 +2.0530833e+00 +2.1021936e+00 +1.1796297e+01 +1.2444348e+01 +2.0443460e+01 +2.0443534e+01 +2.0850429e+01 +2.0850478e+01 
-1.5977252e+01 -1.5967186e+01 +2.0738349e+00 +2.0801688e+00 +1.2110457e+01 +1.2114840e+01 +2.0653975e+01 +2.0654040e+01 +2.0655808e+01 +2.0655874e+01 
-1.5976547e+01 -1.5966479e+01 +2.0743361e+00 +2.0806566e+00 +1.2108105e+01 +1.2112476e+01 +2.0527551e+01 +2.0529408e+01 +2.0543988e+01 +2.0545808e+01 
-1.5974436e+01 -1.5964360e+01 +2.0758225e+00 +2.0821031e+00 +1.2101020e+01 +1.2105353e+01 +2.0227628e+01 +2.0229516e+01 +2.0292699e+01 +2.0294494e+01 
-1.5970926e+01 -1.5960839e+01 +2.0782460e+00 +2.0844608e+00 +1.2089114e+01 +1.2093386e+01 +1.9849352e+01 +1.9851252e+01 +1.9992578e+01 +1.9994352e+01 
-1.5966031e+01 -1.5955929e+01 +2.0815345e+00 +2.0876585e+00 +1.2072256e+01 +1.2076441e+01 +1.9434205e+01 +1.9436100e+01 +1.9681263e+01 +1.9683023e+01 
-1.5959770e+01 -1.5949649e+01 +2.0856026e+00 +2.0916118e+00 +1.2050276e+01 +1.2054348e+01 +1.8999949e+01 +1.9001821e+01 +1.9372013e+01 +1.9373766e+01 
-1.5952170e+01 -1.5942026e+01 +2.0903602e+00 +2.0962316e+00 +1.2022978e+01 +1.2026911e+01 +1.8556483e+01 +1.8558310e+01 +1.9069767e+01 +1.9071522e+01 
-1.5943261e+01 -1.5933094e+01 +2.0957202e+00 +2.1014316e+00 +1.1990141e+01 +1.1993905e+01 +1.8110883e+01 +1.8112641e+01 +1.8776390e+01 +1.8778153e+01 
-1.5933083e+01 -1.5922890e+01 +2.1016025e+00 +2.1071324e+00 +1.1951507e+01 +1.1955073e+01 +1.7669000e+01 +1.7670661e+01 +1.8492489e+01 +1.8494267e+01 
-1.5921680e+01 -1.5911460e+01 +2.1079362e+00 +2.1132638e+00 +1.1906765e+01 +1.1910102e+01 +1.7235955e+01 +1.7237487e+01 +1.8218125e+01 +1.8219923e+01 
-1.5909104e+01 -1.5898855e+01 +2.1146611e+00 +2.1197667e+00 +1.1855519e+01 +1.1858594e+01 +1.6816277e+01 +1.6817648e+01 +1.7953129e+01 +1.7954950e+01 
-1.5895410e+01 -1.5885133e+01 +2.1217302e+00 +2.1265955e+00 +1.1797256e+01 +1.1800035e+01 +1.6413955e+01 +1.6415132e+01 +1.7697241e+01 +1.7699088e+01 
-1.5880661e+01 -1.5870357e+01 +2.1291137e+00 +2.1337220e+00 +1.1731315e+01 +1.1733762e+01 +1.6032470e+01 +1.6033421e+01 +1.7450188e+01 +1.7452063e+01 
-1.5864926e+01 -1.5854594e+01 +2.1368035e+00 +2.1411408e+00 +1.1656869e+01 +1.1658949e+01 +1.5674856e+01 +1.5675550e+01 +1.7211717e+01 +1.7213620e+01 
-1.5848278e+01 -1.5837921e+01 +2.1448194e+00 +2.1488747e+00 +1.1572936e+01 +1.1574616e+01 +1.5343749e+01 +1.5344158e+01 +1.6981611e+01 +1.6983543e+01 
-1.5830796e+01 -1.5820415e+01 +2.1532140e+00 +2.1569798e+00 +1.1478443e+01 +1.1479693e+01 +1.5041408e+01 +1.5041511e+01 +1.6759695e+01 +1.6761656e+01 
-1.5812565e+01 -1.5802163e+01 +2.1620745e+00 +2.1655476e+00 +1.1372342e+01 +1.1373143e+01 +1.4769471e+01 +1.4769686e+01 +1.6545838e+01 +1.6547826e+01 
-1.5793676e+01 -1.5783255e+01 +2.1715213e+00 +2.1747026e+00 +1.1253792e+01 +1.1254138e+01 +1.4529399e+01 +1.4529931e+01 +1.6339947e+01 +1.6341962e+01 
-1.5774222e+01 -1.5763785e+01 +2.1817020e+00 +2.1845965e+00 +1.1122270e+01 +1.1122371e+01 +1.4322019e+01 +1.4322851e+01 +1.6141965e+01 +1.6144004e+01 
-1.5754304e+01 -1.5743853e+01 +2.1927804e+00 +2.1953967e+00 +1.0977735e+01 +1.0978258e+01 +1.4147296e+01 +1.4148396e+01 +1.5951865e+01 +1.5953928e+01 
-1.5734025e+01 -1.5723564e+01 +2.2049233e+00 +2.2072730e+00 +1.0821417e+01 +1.0822322e+01 +1.4004403e+01 +1.4005724e+01 +1.5769648e+01 +1.5771731e+01 
-1.5713493e+01 -1.5703023e+01 +2.2182849e+00 +2.2203818e+00 +1.0654843e+01 +1.0656078e+01 +1.3891803e+01 +1.3893289e+01 +1.5595332e+01 +1.5597434e+01 
-1.5692818e+01 -1.5682341e+01 +2.2329932e+00 +2.2348524e+00 +1.0480015e+01 +1.0481527e+01 +1.3807448e+01 +1.3809039e+01 +1.5428953e+01 +1.5431071e+01 
-1.5672113e+01 -1.5661629e+01 +2.2491375e+00 +2.2507748e+00 +1.0299198e+01 +1.0300931e+01 +1.3749022e+01 +1.3750660e+01 +1.5270558e+01 +1.5272690e+01 
-1.5651491e+01 -1.5641001e+01 +2.2667609e+00 +2.2681920e+00 +1.0114702e+01 +1.0116607e+01 +1.3714176e+01 +1.3715808e+01 +1.5120199e+01 +1.5122343e+01 
-1.5631066e+01 -1.5620570e+01 +2.2858551e+00 +2.2870949e+00 +9.9287349e+00 +9.9307700e+00 +1.3700696e+01 +1.3702277e+01 +1.4977930e+01 +1.4980085e+01 
-1.5610952e+01 -1.5600450e+01 +2.3063590e+00 +2.3074215e+00 +9.7433160e+00 +9.7454459e+00 +1.3706600e+01 +1.3708093e+01 +1.4843804e+01 +1.4845967e+01 
-1.5591261e+01 -1.5580752e+01 +2.3281604e+00 +2.3290584e+00 +9.5602420e+00 +9.5624387e+00 +1.3730182e+01 +1.3731557e+01 +1.4717860e+01 +1.4720030e+01 
-1.5572105e+01 -1.5561589e+01 +2.3510980e+00 +2.3518432e+00 +9.3810945e+00 +9.3833363e+00 +1.3770005e+01 +1.3771240e+01 +1.4600128e+01 +1.4602304e+01 
-1.5553594e+01 -1.5543069e+01 +2.3749654e+00 +2.3755682e+00 +9.2072648e+00 +9.2095356e+00 +1.3824886e+01 +1.3825962e+01 +1.4490615e+01 +1.4492796e+01 
-1.5535832e+01 -1.5525298e+01 +2.3995144e+00 +2.3999845e+00 +9.0399860e+00 +9.0422738e+00 +1.3893854e+01 +1.3894759e+01 +1.4389309e+01 +1.4391494e+01 
-1.5518923e+01 -1.5508380e+01 +2.4244593e+00 +2.4248054e+00 +8.8803637e+00 +8.8826602e+00 +1.3976122e+01 +1.3976846e+01 +1.4296172e+01 +1.4298361e+01 
-1.5502966e+01 -1.5492412e+01 +2.4494804e+00 +2.4497108e+00 +8.7294043e+00 +8.7317039e+00 +1.4071054e+01 +1.4071591e+01 +1.4211140e+01 +1.4213332e+01 
-1.5488053e+01 -1.5477489e+01 +2.4742281e+00 +2.4743509e+00 +8.5880353e+00 +8.5903345e+00 +1.4134126e+01 +1.4136320e+01 +1.4178137e+01 +1.4178483e+01 
-1.5474274e+01 -1.5463700e+01 +2.4983284e+00 +2.4983515e+00 +8.4571210e+00 +8.4594180e+00 +1.4065020e+01 +1.4067217e+01 +1.4296956e+01 +1.4297110e+01 
-1.5461711e+01 -1.5451126e+01 +2.5213204e+00 +2.5213886e+00 +8.3374716e+00 +8.3397656e+00 +1.4003698e+01 +1.4005897e+01 +1.4427137e+01 +1.4427175e+01 
-1.5450438e+01 -1.5439845e+01 +2.5428545e+00 +2.5430056e+00 +8.2298464e+00 +8.2321375e+00 +1.3950024e+01 +1.3952225e+01 +1.4568284e+01 +1.4568513e+01 
-1.5440525e+01 -1.5429923e+01 +2.5625504e+00 +2.5627752e+00 +8.1349522e+00 +8.1372408e+00 +1.3903858e+01 +1.3906061e+01 +1.4720308e+01 +1.4720726e+01 
-1.5432032e+01 -1.5421421e+01 +2.5800159e+00 +2.5803046e+00 +8.0534374e+00 +8.0557240e+00 +1.3865064e+01 +1.3867270e+01 +1.4882962e+01 +1.4883566e+01 
-1.5425010e+01 -1.5414393e+01 +2.5948830e+00 +2.5952253e+00 +7.9858821e+00 +7.9881675e+00 +1.3833517e+01 +1.3835724e+01 +1.5055922e+01 +1.5056711e+01 
-1.5419503e+01 -1.5408881e+01 +2.6068232e+00 +2.6072080e+00 +7.9327864e+00 +7.9350711e+00 +1.3809104e+01 +1.3811313e+01 +1.5238585e+01 +1.5239560e+01 
-1.5415545e+01 -1.5404919e+01 +2.6155619e+00 +2.6159774e+00 +7.8945573e+00 +7.8968416e+00 +1.3791735e+01 +1.3793944e+01 +1.5429301e+01 +1.5430477e+01 
-1.5413160e+01 -1.5402532e+01 +2.6208914e+00 +2.6213256e+00 +7.8714961e+00 +7.8737802e+00 +1.3781341e+01 +1.3783551e+01 +1.5620841e+01 +1.5622285e+01 
-1.5412364e+01 -1.5401734e+01 +2.6226825e+00 +2.6231230e+00 +7.8637882e+00 +7.8660723e+00 +1.3777881e+01 +1.3780091e+01 +1.5745716e+01 +1.5747553e+01 
-1.5412119e+01 -1.5401487e+01 +2.6257937e+00 +2.6262331e+00 +7.8564194e+00 +7.8586970e+00 +1.3738447e+01 +1.3740664e+01 +1.5749549e+01 +1.5751355e+01 
-1.5411385e+01 -1.5400750e+01 +2.6351257e+00 +2.6355619e+00 +7.8343112e+00 +7.8365687e+00 +1.3631522e+01 +1.3633764e+01 +1.5760346e+01 +1.5762102e+01 
-1.5410173e+01 -1.5399530e+01 +2.6506747e+00 +2.6511055e+00 +7.7974650e+00 +7.7996879e+00 +1.3481283e+01 +1.3483576e+01 +1.5777601e+01 +1.5779321e+01 
-1.5408495e+01 -1.5397843e+01 +2.6724340e+00 +2.6728573e+00 +7.7459084e+00 +7.7480808e+00 +1.3310068e+01 +1.3312442e+01 +1.5801356e+01 +1.5803053e+01 
-1.5406373e+01 -1.5395708e+01 +2.7003945e+00 +2.7008082e+00 +7.6797300e+00 +7.6818349e+00 +1.3133361e+01 +1.3135846e+01 +1.5831688e+01 +1.5833366e+01 
-1.5403831e+01 -1.5393151e+01 +2.7345450e+00 +2.7349472e+00 +7.5991233e+00 +7.6011433e+00 +1.2960840e+01 +1.2963464e+01 +1.5868622e+01 +1.5870285e+01 
-1.5400901e+01 -1.5390203e+01 +2.7748720e+00 +2.7752608e+00 +7.5044332e+00 +7.5063512e+00 +1.2798367e+01 +1.2801157e+01 +1.5912144e+01 +1.5913794e+01 
-1.5397618e+01 -1.5386900e+01 +2.8213600e+00 +2.8217336e+00 +7.3961956e+00 +7.3979967e+00 +1.2649411e+01 +1.2652392e+01 +1.5962208e+01 +1.5963845e+01 
-1.5394024e+01 -1.5383283e+01 +2.8739915e+00 +2.8743483e+00 +7.2751642e+00 +7.2768364e+00 +1.2515899e+01 +1.2519089e+01 +1.6018736e+01 +1.6020361e+01 
-1.5390163e+01 -1.5379398e+01 +2.9327462e+00 +2.9330847e+00 +7.1423156e+00 +7.1438506e+00 +1.2398705e+01 +1.2402119e+01 +1.6081613e+01 +1.6083226e+01 
-1.5386086e+01 -1.5375296e+01 +2.9976009e+00 +2.9979200e+00 +6.9988328e+00 +7.0002268e+00 +1.2297951e+01 +1.2301598e+01 +1.6150676e+01 +1.6152279e+01 
-1.5381847e+01 -1.5371029e+01 +3.0685277e+00 +3.0688263e+00 +6.8460693e+00 +6.8473227e+00 +1.2213209e+01 +1.2217093e+01 +1.6225701e+01 +1.6227294e+01 
-1.5377504e+01 -1.5366657e+01 +3.1454914e+00 +3.1457690e+00 +6.6855009e+00 +6.6866181e+00 +1.2143654e+01 +1.2147771e+01 +1.6306381e+01 +1.6307965e+01 
-1.5373116e+01 -1.5362240e+01 +3.2284463e+00 +3.2287026e+00 +6.5186746e+00 +6.5196633e+00 +1.2088170e+01 +1.2092513e+01 +1.6392299e+01 +1.6393877e+01 
-1.5368749e+01 -1.5357842e+01 +3.3173292e+00 +3.3175644e+00 +6.3471620e+00 +6.3480324e+00 +1.2045448e+01 +1.2050006e+01 +1.6482888e+01 +1.6484461e+01 
-1.5364467e+01 -1.5353531e+01 +3.4120491e+00 +3.4122639e+00 +6.1725256e+00 +6.1732898e+00 +1.2014049e+01 +1.2018807e+01 +1.6577375e+01 +1.6578945e+01 
-1.5360340e+01 -1.5349375e+01 +3.5124689e+00 +3.5126648e+00 +5.9963030e+00 +5.9969743e+00 +1.1992459e+01 +1.1997398e+01 +1.6674697e+01 +1.6676268e+01 
-1.5356436e+01 -1.5345443e+01 +3.6183733e+00 +3.6185525e+00 +5.8200154e+00 +5.8206079e+00 +1.1979118e+01 +1.1984219e+01 +1.6773397e+01 +1.6774971e+01 
-1.5352827e+01 -1.5341808e+01 +3.7294061e+00 +3.7295723e+00 +5.6452146e+00 +5.6457435e+00 +1.1972446e+01 +1.1977687e+01 +1.6871469e+01 +1.6873051e+01 
-1.5349582e+01 -1.5338540e+01 +3.8449438e+00 +3.8451026e+00 +5.4736017e+00 +5.4740834e+00 +1.1970864e+01 +1.1976222e+01 +1.6966178e+01 +1.6967772e+01 
-1.5346774e+01 -1.5335711e+01 +3.9638091e+00 +3.9639696e+00 +5.3073079e+00 +5.3077613e+00 +1.1972803e+01 +1.1978256e+01 +1.7053877e+01 +1.7055490e+01 
-1.5344472e+01 -1.5333393e+01 +4.0835544e+00 +4.0837318e+00 +5.1496075e+00 +5.1500564e+00 +1.1976731e+01 +1.1982255e+01 +1.7129949e+01 +1.7131587e+01 
-1.5342745e+01 -1.5331654e+01 +4.1984450e+00 +4.1986647e+00 +5.0069319e+00 +5.0074093e+00 +1.1981173e+01 +1.1986747e+01 +1.7189114e+01 +1.7190782e+01 
-1.5341662e+01 -1.5330563e+01 +4.2935532e+00 +4.2938483e+00 +4.8947811e+00 +4.8953265e+00 +1.1984745e+01 +1.1990347e+01 +1.7226423e+01 +1.7228118e+01 
-1.5341287e+01 -1.5330186e+01 +4.3346182e+00 +4.3349685e+00 +4.8479244e+00 +4.8485228e+00 +1.1986189e+01 +1.1991799e+01 +1.7238939e+01 +1.7240647e+01 
-1.5341682e+01 -1.5330583e+01 +4.2933095e+00 +4.2936032e+00 +4.8951184e+00 +4.8956622e+00 +1.1984413e+01 +1.1990016e+01 +1.7227319e+01 +1.7229009e+01 
-1.5342906e+01 -1.5331814e+01 +4.1970481e+00 +4.1972603e+00 +5.0090804e+00 +5.0095483e+00 +1.1978535e+01 +1.1984115e+01 +1.7195960e+01 +1.7197585e+01 
-1.5345011e+01 -1.5333930e+01 +4.0801356e+00 +4.0802951e+00 +5.1555858e+00 +5.1560103e+00 +1.1967905e+01 +1.1973449e+01 +1.7151566e+01 +1.7153073e+01 
-1.5348044e+01 -1.5336979e+01 +3.9576375e+00 +3.9577654e+00 +5.3196347e+00 +5.3200409e+00 +1.1952127e+01 +1.1957622e+01 +1.7101179e+01 +1.7102514e+01 
-1.5352048e+01 -1.5341000e+01 +3.8353405e+00 +3.8354467e+00 +5.4954586e+00 +5.4958613e+00 +1.1931060e+01 +1.1936495e+01 +1.7050855e+01 +1.7051967e+01 
-1.5357054e+01 -1.5346026e+01 +3.7156962e+00 +3.7157835e+00 +5.6805910e+00 +5.6809992e+00 +1.1904805e+01 +1.1910169e+01 +1.7005178e+01 +1.7006023e+01 
-1.5363089e+01 -1.5352082e+01 +3.5998645e+00 +3.5999309e+00 +5.8738405e+00 +5.8742599e+00 +1.1873687e+01 +1.1878968e+01 +1.6967292e+01 +1.6967831e+01 
-1.5370172e+01 -1.5359188e+01 +3.4884429e+00 +3.4884831e+00 +6.0745715e+00 +6.0750059e+00 +1.1838220e+01 +1.1843406e+01 +1.6939132e+01 +1.6939335e+01 
-1.5378314e+01 -1.5367353e+01 +3.3817560e+00 +3.3817625e+00 +6.2824176e+00 +6.2828697e+00 +1.1799073e+01 +1.1804149e+01 +1.6921522e+01 +1.6921684e+01 
-1.5387518e+01 -1.5376581e+01 +3.2799444e+00 +3.2799808e+00 +6.4971542e+00 +6.4976260e+00 +1.1757034e+01 +1.1761985e+01 +1.6914650e+01 +1.6915200e+01 
-1.5397780e+01 -1.5386867e+01 +3.1831154e+00 +3.1832048e+00 +6.7186363e+00 +6.7191293e+00 +1.1712972e+01 +1.1717783e+01 +1.6918430e+01 +1.6919386e+01 
-1.5409088e+01 -1.5398200e+01 +3.0913013e+00 +3.0914541e+00 +6.9467659e+00 +6.9472816e+00 +1.1667805e+01 +1.1672462e+01 +1.6932171e+01 +1.6933547e+01 
-1.5421421e+01 -1.5410559e+01 +3.0044824e+00 +3.0047090e+00 +7.1814734e+00 +7.1820128e+00 +1.1622473e+01 +1.1626960e+01 +1.6954899e+01 +1.6956706e+01 
-1.5434754e+01 -1.5423918e+01 +2.9226037e+00 +2.9229140e+00 +7.4227067e+00 +7.4232708e+00 +1.1577907e+01 +1.1582210e+01 +1.6985461e+01 +1.6987703e+01 
-1.5449051e+01 -1.5438241e+01 +2.8455818e+00 +2.8459848e+00 +7.6704229e+00 +7.6710126e+00 +1.1535010e+01 +1.1539116e+01 +1.7022606e+01 +1.7025282e+01 
-1.5464269e+01 -1.5453486e+01 +2.7733120e+00 +2.7738161e+00 +7.9245834e+00 +7.9251993e+00 +1.1494646e+01 +1.1498543e+01 +1.7065060e+01 +1.7068161e+01 
-1.5480360e+01 -1.5469604e+01 +2.7056753e+00 +2.7062876e+00 +8.1851472e+00 +8.1857899e+00 +1.1457627e+01 +1.1461305e+01 +1.7111586e+01 +1.7115094e+01 
-1.5497267e+01 -1.5486539e+01 +2.6425446e+00 +2.6432713e+00 +8.4520637e+00 +8.4527336e+00 +1.1424712e+01 +1.1428163e+01 +1.7161037e+01 +1.7164923e+01 
-1.5514929e+01 -1.5504227e+01 +2.5837915e+00 +2.5846379e+00 +8.7252604e+00 +8.7259577e+00 +1.1396613e+01 +1.1399829e+01 +1.7212394e+01 +1.7216619e+01 
-1.5533277e+01 -1.5522601e+01 +2.5292924e+00 +2.5302630e+00 +9.0046225e+00 +9.0053468e+00 +1.1374015e+01 +1.1376990e+01 +1.7264794e+01 +1.7269309e+01 
-1.5552239e+01 -1.5541587e+01 +2.4789334e+00 +2.4800326e+00 +9.2899517e+00 +9.2907019e+00 +1.1357612e+01 +1.1360344e+01 +1.7317546e+01 +1.7322291e+01 
-1.5571734e+01 -1.5561106e+01 +2.4326141e+00 +2.4338461e+00 +9.5808833e+00 +9.5816569e+00 +1.1348200e+01 +1.1350686e+01 +1.7370127e+01 +1.7375032e+01 
-1.5591683e+01 -1.5581076e+01 +2.3902485e+00 +2.3916182e+00 +9.8766995e+00 +9.8774914e+00 +1.1346864e+01 +1.1349105e+01 +1.7422172e+01 +1.7427161e+01 
-1.5611997e+01 -1.5601410e+01 +2.3517627e+00 +2.3532760e+00 +1.0175868e+01 +1.0176668e+01 +1.1355446e+01 +1.1357448e+01 +1.7473454e+01 +1.7478447e+01 
-1.5632588e+01 -1.5622019e+01 +2.3170882e+00 +2.3187525e+00 +1.0474753e+01 +1.0475540e+01 +1.1377845e+01 +1.1379627e+01 +1.7523863e+01 +1.7528778e+01 
-1.5653363e+01 -1.5642809e+01 +2.2861506e+00 +2.2879753e+00 +1.0763583e+01 +1.0764307e+01 +1.1424063e+01 +1.1425667e+01 +1.7573393e+01 +1.7578150e+01 
-1.5674227e+01 -1.5663688e+01 +2.2588542e+00 +2.2608508e+00 +1.1015174e+01 +1.1015747e+01 +1.1521482e+01 +1.1522994e+01 +1.7622138e+01 +1.7626662e+01 
-1.5695083e+01 -1.5684557e+01 +2.2350641e+00 +2.2372464e+00 +1.1185360e+01 +1.1185719e+01 +1.1714454e+01 +1.1715932e+01 +1.7670309e+01 +1.7674533e+01 
-1.5715832e+01 -1.5705320e+01 +2.2145904e+00 +2.2169737e+00 +1.1280694e+01 +1.1280825e+01 +1.1996597e+01 +1.1998050e+01 +1.7718263e+01 +1.7722129e+01 
-1.5736375e+01 -1.5725877e+01 +2.1971770e+00 +2.1997774e+00 +1.1344203e+01 +1.1344329e+01 +1.2324912e+01 +1.2326366e+01 +1.7766548e+01 +1.7770011e+01 
-1.5756612e+01 -1.5746130e+01 +2.1825007e+00 +2.1853340e+00 +1.1397776e+01 +1.1398186e+01 +1.2677607e+01 +1.2679085e+01 +1.7815942e+01 +1.7818968e+01 
-1.5776447e+01 -1.5765982e+01 +2.1701821e+00 +2.1732627e+00 +1.1449127e+01 +1.1449840e+01 +1.3047183e+01 +1.3048699e+01 +1.7867489e+01 +1.7870059e+01 
-1.5795784e+01 -1.5785339e+01 +2.1598072e+00 +2.1631467e+00 +1.1500859e+01 +1.1501884e+01 +1.3431040e+01 +1.3432602e+01 +1.7922516e+01 +1.7924622e+01 
-1.5814531e+01 -1.5804109e+01 +2.1509562e+00 +2.1545624e+00 +1.1553725e+01 +1.1555070e+01 +1.3828294e+01 +1.3829909e+01 +1.7982624e+01 +1.7984268e+01 
-1.5832599e+01 -1.5822203e+01 +2.1432332e+00 +2.1471097e+00 +1.1607663e+01 +1.1609327e+01 +1.4238706e+01 +1.4240376e+01 +1.8049650e+01 +1.8050845e+01 
-1.5849907e+01 -1.5839538e+01 +2.1362914e+00 +2.1404372e+00 +1.1662185e+01 +1.1664165e+01 +1.4662226e+01 +1.4663953e+01 +1.8125608e+01 +1.8126375e+01 
-1.5866374e+01 -1.5856034e+01 +2.1298500e+00 +2.1342600e+00 +1.1716566e+01 +1.1718854e+01 +1.5098754e+01 +1.5100537e+01 +1.8212608e+01 +1.8212976e+01 
-1.5881927e+01 -1.5871617e+01 +2.1237027e+00 +2.1283682e+00 +1.1769952e+01 +1.1772538e+01 +1.5547968e+01 +1.5549804e+01 +1.8312770e+01 +1.8312773e+01 
-1.5896497e+01 -1.5886217e+01 +2.1177178e+00 +2.1226269e+00 +1.1821453e+01 +1.1824321e+01 +1.6009170e+01 +1.6011055e+01 +1.8427801e+01 +1.8428127e+01 
-1.5910018e+01 -1.5899768e+01 +2.1118331e+00 +2.1169713e+00 +1.1870209e+01 +1.1873338e+01 +1.6481157e+01 +1.6483085e+01 +1.8559928e+01 +1.8560543e+01 
-1.5922432e+01 -1.5912211e+01 +2.1060469e+00 +2.1113980e+00 +1.1915453e+01 +1.1918823e+01 +1.6962094e+01 +1.6964058e+01 +1.8710770e+01 +1.8711635e+01 
-1.5933684e+01 -1.5923491e+01 +2.1004079e+00 +2.1059543e+00 +1.1956558e+01 +1.1960144e+01 +1.7449406e+01 +1.7451395e+01 +1.8881633e+01 +1.8882710e+01 
-1.5943726e+01 -1.5933559e+01 +2.0950039e+00 +2.1007266e+00 +1.1993065e+01 +1.1996841e+01 +1.7939673e+01 +1.7941677e+01 +1.9073437e+01 +1.9074691e+01 
-1.5952514e+01 -1.5942371e+01 +2.0899495e+00 +2.0958285e+00 +1.2024682e+01 +1.2028622e+01 +1.8428515e+01 +1.8430523e+01 +1.9286606e+01 +1.9288007e+01 
-1.5960011e+01 -1.5949890e+01 +2.0853743e+00 +2.0913884e+00 +1.2051275e+01 +1.2055352e+01 +1.8910362e+01 +1.8912361e+01 +1.9520817e+01 +1.9522339e+01 
-1.5966186e+01 -1.5956084e+01 +2.0814105e+00 +2.0875376e+00 +1.2072830e+01 +1.2077018e+01 +1.9377873e+01 +1.9379852e+01 +1.9774372e+01 +1.9775994e+01 
-1.5971014e+01 -1.5960927e+01 +2.0781821e+00 +2.0843986e+00 +1.2089419e+01 +1.2093693e+01 +1.9820252e+01 +1.9822198e+01 +2.0042500e+01 +2.0044207e+01 
-1.5974475e+01 -1.5964400e+01 +2.0757949e+00 +2.0820762e+00 +1.2101152e+01 +1.2105486e+01 +2.0218045e+01 +2.0219950e+01 +2.0312365e+01 +2.0314139e+01 
-1.5976557e+01 -1.5966489e+01 +2.0743291e+00 +2.0806498e+00 +1.2108138e+01 +1.2112508e+01 +2.0527231e+01 +2.0529090e+01 +2.0547382e+01 +2.0549200e+01 
-1.5977252e+01 -1.5967186e+01 +2.0738349e+00 +2.0801688e+00 +1.2110457e+01 +1.2114840e+01 +2.0653975e+01 +2.0654040e+01 +2.0655808e+01 +2.0655874e+01 
-1.5412364e+01 -1.5401734e+01 +2.6226825e+00 +2.6231230e+00 +7.8637882e+00 +7.8660723e+00 +1.3777881e+01 +1.3780091e+01 +1.5745716e+01 +1.5747553e+01 
-1.5416788e+01 -1.5397335e+01 +2.5654849e+00 +2.6845703e+00 +7.8030402e+00 +7.9277071e+00 +1.3618446e+01 +1.3947188e+01 +1.5380413e+01 +1.5607955e+01 
-1.5424198e+01 -1.5389999e+01 +2.5122856e+00 +2.7504727e+00 +7.7426608e+00 +7.9907008e+00 +1.3465480e+01 +1.4123152e+01 +1.5008454e+01 +1.5281045e+01 
-1.5432017e+01 -1.5382301e+01 +2.4632292e+00 +2.8205467e+00 +7.6843418e+00 +8.0532201e+00 +1.3320002e+01 +1.4307001e+01 +1.4649687e+01 +1.4963851e+01 
-1.5439878e+01 -1.5374608e+01 +2.4182014e+00 +2.8946754e+00 +7.6286207e+00 +8.1144869e+00 +1.3181942e+01 +1.4305775e+01 +1.4498864e+01 +1.4659779e+01 
-1.5447664e+01 -1.5367032e+01 +2.3770516e+00 +2.9726839e+00 +7.5760000e+00 +8.1736514e+00 +1.3051243e+01 +1.3977466e+01 +1.4369037e+01 +1.4698882e+01 
-1.5455309e+01 -1.5359636e+01 +2.3395978e+00 +3.0543341e+00 +7.5269464e+00 +8.2297859e+00 +1.2927855e+01 +1.3665437e+01 +1.4091467e+01 +1.4907214e+01 
-1.5462764e+01 -1.5352464e+01 +2.3056320e+00 +3.1393168e+00 +7.4818836e+00 +8.2818870e+00 +1.2811738e+01 +1.3370436e+01 +1.3826879e+01 +1.5124029e+01 
-1.5469986e+01 -1.5345554e+01 +2.2749265e+00 +3.2272434e+00 +7.4411804e+00 +8.3288897e+00 +1.2702859e+01 +1.3093310e+01 +1.3575133e+01 +1.5349513e+01 
-1.5476936e+01 -1.5338939e+01 +2.2472419e+00 +3.3176343e+00 +7.4051344e+00 +8.3696988e+00 +1.2601191e+01 +1.2834996e+01 +1.3336179e+01 +1.5583872e+01 
-1.5483577e+01 -1.5332651e+01 +2.2223349e+00 +3.4099065e+00 +7.3739517e+00 +8.4032450e+00 +1.2506709e+01 +1.2596473e+01 +1.3110082e+01 +1.5827327e+01 
-1.5489875e+01 -1.5326716e+01 +2.1999683e+00 +3.5033586e+00 +7.3477251e+00 +8.4285698e+00 +1.2378697e+01 +1.2419390e+01 +1.2897041e+01 +1.6080119e+01 
-1.5495798e+01 -1.5321161e+01 +2.1799192e+00 +3.5971551e+00 +7.3264125e+00 +8.4449425e+00 +1.2182489e+01 +1.2339210e+01 +1.2697400e+01 +1.6342512e+01 
-1.5501315e+01 -1.5316008e+01 +2.1619885e+00 +3.6903106e+00 +7.3098196e+00 +8.4519990e+00 +1.2008414e+01 +1.2266144e+01 +1.2511655e+01 +1.6614789e+01 
-1.5506398e+01 -1.5311280e+01 +2.1460073e+00 +3.7816772e+00 +7.2975919e+00 +8.4498841e+00 +1.1856645e+01 +1.2200165e+01 +1.2340444e+01 +1.6897255e+01 
-1.5511021e+01 -1.5306995e+01 +2.1318426e+00 +3.8699377e+00 +7.2892204e+00 +8.4393598e+00 +1.1726863e+01 +1.2141244e+01 +1.2184526e+01 +1.7190227e+01 
-1.5515160e+01 -1.5303171e+01 +2.1193986e+00 +3.9536119e+00 +7.2840668e+00 +8.4218431e+00 +1.1618209e+01 +1.2044733e+01 +1.2089351e+01 +1.7494027e+01 
-1.5518794e+01 -1.5299823e+01 +2.1086158e+00 +4.0310791e+00 +7.2814096e+00 +8.3993412e+00 +1.1529334e+01 +1.1921913e+01 +1.2044454e+01 +1.7808944e+01 
-1.5521904e+01 -1.5296966e+01 +2.0994664e+00 +4.1006270e+00 +7.2805077e+00 +8.3742833e+00 +1.1458528e+01 +1.1816857e+01 +1.2006525e+01 +1.8135165e+01 
-1.5524473e+01 -1.5294610e+01 +2.0919466e+00 +4.1605268e+00 +7.2806720e+00 +8.3492762e+00 +1.1403913e+01 +1.1730229e+01 +1.1975534e+01 +1.8472579e+01 
-1.5526487e+01 -1.5292767e+01 +2.0860682e+00 +4.2091337e+00 +7.2813281e+00 +8.3268332e+00 +1.1363654e+01 +1.1662516e+01 +1.1951458e+01 +1.8820195e+01 
-1.5527934e+01 -1.5291444e+01 +2.0818501e+00 +4.2450034e+00 +7.2820537e+00 +8.3091302e+00 +1.1336145e+01 +1.1614023e+01 +1.1934276e+01 +1.9173989e+01 
-1.5528806e+01 -1.5290648e+01 +2.0793105e+00 +4.2670062e+00 +7.2825808e+00 +8.2978231e+00 +1.1320154e+01 +1.1584895e+01 +1.1923973e+01 +1.9515143e+01 
-1.5529098e+01 -1.5290382e+01 +2.0784625e+00 +4.2744228e+00 +7.2827704e+00 +8.2939384e+00 +1.1314910e+01 +1.1575182e+01 +1.1920540e+01 +1.9714802e+01 
-1.5343957e+01 -1.5333280e+01 +3.2332084e+00 +5.1313982e+00 +5.1320366e+00 +9.1032493e+00 +9.3273831e+00 +9.3291156e+00 +1.0820781e+01 +2.3638565e+01 
-1.5343949e+01 -1.5333268e+01 +3.2359262e+00 +5.1264061e+00 +5.1270485e+00 +9.0558051e+00 +9.3373945e+00 +9.3391278e+00 +1.0876002e+01 +2.3603237e+01 
-1.5343924e+01 -1.5333233e+01 +3.2441408e+00 +5.1116338e+00 +5.1122871e+00 +8.9283668e+00 +9.3672867e+00 +9.3690238e+00 +1.1026777e+01 +2.3498146e+01 
-1.5343883e+01 -1.5333174e+01 +3.2580136e+00 +5.0876728e+00 +5.0883415e+00 +8.7497960e+00 +9.4166360e+00 +9.4183836e+00 +1.1244262e+01 +2.3325986e+01 
-1.5343823e+01 -1.5333091e+01 +3.2777530e+00 +5.0554447e+00 +5.0561301e+00 +8.5433046e+00 +9.4847468e+00 +9.4865167e+00 +1.1505271e+01 +2.3091287e+01 
-1.5343745e+01 -1.5332986e+01 +3.3035591e+00 +5.0161183e+00 +5.0168181e+00 +8.3229753e+00 +9.5706712e+00 +9.5724808e+00 +1.1795765e+01 +2.2800425e+01 
-1.5343647e+01 -1.5332858e+01 +3.3355896e+00 +4.9710148e+00 +4.9717239e+00 +8.0967503e+00 +9.6732418e+00 +9.6751135e+00 +1.2107857e+01 +2.2461542e+01 
-1.5343531e+01 -1.5332709e+01 +3.3739484e+00 +4.9215165e+00 +4.9222279e+00 +7.8691456e+00 +9.7911113e+00 +9.7930712e+00 +1.2437107e+01 +2.2084263e+01 
-1.5343395e+01 -1.5332541e+01 +3.4186912e+00 +4.8689914e+00 +4.8696971e+00 +7.6428180e+00 +9.9227918e+00 +9.9248685e+00 +1.2780949e+01 +2.1679124e+01 
-1.5343242e+01 -1.5332356e+01 +3.4698379e+00 +4.8147368e+00 +4.8154289e+00 +7.4193912e+00 +1.0066684e+01 +1.0068908e+01 +1.3137875e+01 +2.1256794e+01 
-1.5343074e+01 -1.5332157e+01 +3.5273851e+00 +4.7599445e+00 +4.7606159e+00 +7.1998936e+00 +1.0221092e+01 +1.0223492e+01 +1.3506994e+01 +2.0827273e+01 
-1.5342893e+01 -1.5331948e+01 +3.5913159e+00 +4.7056837e+00 +4.7063286e+00 +6.9849970e+00 +1.0384214e+01 +1.0386818e+01 +1.3887799e+01 +2.0399296e+01 
-1.5342704e+01 -1.5331732e+01 +3.6616069e+00 +4.6528963e+00 +4.6535103e+00 +6.7751518e+00 +1.0554112e+01 +1.0556950e+01 +1.4280032e+01 +1.9980074e+01 
-1.5342512e+01 -1.5331516e+01 +3.7382325e+00 +4.6024006e+00 +4.6029810e+00 +6.5706672e+00 +1.0728666e+01 +1.0731762e+01 +1.4683610e+01 +1.9575372e+01 
-1.5342319e+01 -1.5331302e+01 +3.8211674e+00 +4.5549008e+00 +4.5554461e+00 +6.3717590e+00 +1.0905500e+01 +1.0908876e+01 +1.5098575e+01 +1.9189811e+01 
-1.5342132e+01 -1.5331096e+01 +3.9103879e+00 +4.5109965e+00 +4.5115069e+00 +6.1785809e+00 +1.1081887e+01 +1.1085564e+01 +1.5525071e+01 +1.8827283e+01 
-1.5341954e+01 -1.5330902e+01 +4.0058721e+00 +4.4711945e+00 +4.4716714e+00 +5.9912436e+00 +1.1254655e+01 +1.1258646e+01 +1.5963331e+01 +1.8491376e+01 
-1.5341790e+01 -1.5330725e+01 +4.1076007e+00 +4.4359188e+00 +4.4363646e+00 +5.8098281e+00 +1.1420075e+01 +1.1424387e+01 +1.6413664e+01 +1.8185755e+01 
-1.5341644e+01 -1.5330568e+01 +4.2155561e+00 +4.4055195e+00 +4.4059376e+00 +5.6343945e+00 +1.1573788e+01 +1.1578419e+01 +1.6876461e+01 +1.7914455e+01 
-1.5341520e+01 -1.5330434e+01 +4.3297226e+00 +4.3802808e+00 +4.3806752e+00 +5.4649880e+00 +1.1710808e+01 +1.1715744e+01 +1.7352198e+01 +1.7682022e+01 
-1.5341420e+01 -1.5330327e+01 +4.3604270e+00 +4.3608024e+00 +4.4500858e+00 +5.3016433e+00 +1.1825687e+01 +1.1830892e+01 +1.7493464e+01 +1.7495366e+01 
-1.5341347e+01 -1.5330249e+01 +4.3461277e+00 +4.3464892e+00 +4.5766324e+00 +5.1443872e+00 +1.1912905e+01 +1.1918326e+01 +1.7353911e+01 +1.7355691e+01 
-1.5341302e+01 -1.5330202e+01 +4.3375014e+00 +4.3378545e+00 +4.7093491e+00 +4.9932416e+00 +1.1967555e+01 +1.1973117e+01 +1.7267980e+01 +1.7269703e+01 
-1.5341287e+01 -1.5330186e+01 +4.3346182e+00 +4.3349685e+00 +4.8479244e+00 +4.8485228e+00 +1.1986189e+01 +1.1991799e+01 +1.7238939e+01 +1.7240647e+01 
