# num high symmetry points
13
# label high symmetry points
G L B1 B Z G X Q F P1 Z L P 
# indices high symmetry points
1 35 55 56 94 106 146 147 166 170 203 204 212 
# nk, nb, ns
212 22 1
# k-points (frac coords)
+0.0000000e+00 +0.0000000e+00 +0.0000000e+00 
+1.4705882e-02 +0.0000000e+00 +0.0000000e+00 
+2.9411765e-02 +0.0000000e+00 +0.0000000e+00 
+4.4117647e-02 +0.0000000e+00 +0.0000000e+00 
+5.8823529e-02 +0.0000000e+00 +0.0000000e+00 
+7.3529412e-02 +0.0000000e+00 +0.0000000e+00 
+8.8235294e-02 +0.0000000e+00 +0.0000000e+00 
+1.0294118e-01 +0.0000000e+00 +0.0000000e+00 
+1.1764706e-01 +0.0000000e+00 +0.0000000e+00 
+1.3235294e-01 +0.0000000e+00 +0.0000000e+00 
+1.4705882e-01 +0.0000000e+00 +0.0000000e+00 
+1.6176471e-01 +0.0000000e+00 +0.0000000e+00 
+1.7647059e-01 +0.0000000e+00 +0.0000000e+00 
+1.9117647e-01 +0.0000000e+00 +0.0000000e+00 
+2.0588235e-01 +0.0000000e+00 +0.0000000e+00 
+2.2058824e-01 +0.0000000e+00 +0.0000000e+00 
+2.3529412e-01 +0.0000000e+00 +0.0000000e+00 
+2.5000000e-01 +0.0000000e+00 +0.0000000e+00 
+2.6470588e-01 +0.0000000e+00 +0.0000000e+00 
+2.7941176e-01 +0.0000000e+00 +0.0000000e+00 
+2.9411765e-01 +0.0000000e+00 +0.0000000e+00 
+3.0882353e-01 +0.0000000e+00 +0.0000000e+00 
+3.2352941e-01 +0.0000000e+00 +0.0000000e+00 
+3.3823529e-01 +0.0000000e+00 +0.0000000e+00 
+3.5294118e-01 +0.0000000e+00 +0.0000000e+00 
+3.6764706e-01 +0.0000000e+00 +0.0000000e+00 
+3.8235294e-01 +0.0000000e+00 +0.0000000e+00 
+3.9705882e-01 +0.0000000e+00 +0.0000000e+00 
+4.1176471e-01 +0.0000000e+00 +0.0000000e+00 
+4.2647059e-01 +0.0000000e+00 +0.0000000e+00 
+4.4117647e-01 +0.0000000e+00 +0.0000000e+00 
+4.5588235e-01 +0.0000000e+00 +0.0000000e+00 
+4.7058824e-01 +0.0000000e+00 +0.0000000e+00 
+4.8529412e-01 +0.0000000e+00 +0.0000000e+00 
+5.0000000e-01 +0.0000000e+00 +0.0000000e+00 
+5.0000000e-01 +8.7964010e-03 -8.7964010e-03 
+5.0000000e-01 +1.7592802e-02 -1.7592802e-02 
+5.0000000e-01 +2.6389203e-02 -2.6389203e-02 
+5.0000000e-01 +3.5185604e-02 -3.5185604e-02 
+5.0000000e-01 +4.3982005e-02 -4.3982005e-02 
+5.0000000e-01 +5.2778406e-02 -5.2778406e-02 
+5.0000000e-01 +6.1574807e-02 -6.1574807e-02 
+5.0000000e-01 +7.0371208e-02 -7.0371208e-02 
+5.0000000e-01 +7.9167609e-02 -7.9167609e-02 
+5.0000000e-01 +8.7964010e-02 -8.7964010e-02 
+5.0000000e-01 +9.6760411e-02 -9.6760411e-02 
+5.0000000e-01 +1.0555681e-01 -1.0555681e-01 
+5.0000000e-01 +1.1435321e-01 -1.1435321e-01 
+5.0000000e-01 +1.2314961e-01 -1.2314961e-01 
+5.0000000e-01 +1.3194601e-01 -1.3194601e-01 
+5.0000000e-01 +1.4074242e-01 -1.4074242e-01 
+5.0000000e-01 +1.4953882e-01 -1.4953882e-01 
+5.0000000e-01 +1.5833522e-01 -1.5833522e-01 
+5.0000000e-01 +1.6713162e-01 -1.6713162e-01 
+5.0000000e-01 +1.7592802e-01 -1.7592802e-01 
+8.2407198e-01 +5.0000000e-01 +1.7592802e-01 
+8.1554377e-01 +5.0000000e-01 +1.8445623e-01 
+8.0701556e-01 +5.0000000e-01 +1.9298444e-01 
+7.9848735e-01 +5.0000000e-01 +2.0151265e-01 
+7.8995914e-01 +5.0000000e-01 +2.1004086e-01 
+7.8143093e-01 +5.0000000e-01 +2.1856907e-01 
+7.7290272e-01 +5.0000000e-01 +2.2709728e-01 
+7.6437451e-01 +5.0000000e-01 +2.3562549e-01 
+7.5584630e-01 +5.0000000e-01 +2.4415370e-01 
+7.4731809e-01 +5.0000000e-01 +2.5268191e-01 
+7.3878988e-01 +5.0000000e-01 +2.6121012e-01 
+7.3026167e-01 +5.0000000e-01 +2.6973833e-01 
+7.2173346e-01 +5.0000000e-01 +2.7826654e-01 
+7.1320525e-01 +5.0000000e-01 +2.8679475e-01 
+7.0467704e-01 +5.0000000e-01 +2.9532296e-01 
+6.9614883e-01 +5.0000000e-01 +3.0385117e-01 
+6.8762062e-01 +5.0000000e-01 +3.1237938e-01 
+6.7909241e-01 +5.0000000e-01 +3.2090759e-01 
+6.7056420e-01 +5.0000000e-01 +3.2943580e-01 
+6.6203599e-01 +5.0000000e-01 +3.3796401e-01 
+6.5350778e-01 +5.0000000e-01 +3.4649222e-01 
+6.4497957e-01 +5.0000000e-01 +3.5502043e-01 
+6.3645136e-01 +5.0000000e-01 +3.6354864e-01 
+6.2792315e-01 +5.0000000e-01 +3.7207685e-01 
+6.1939494e-01 +5.0000000e-01 +3.8060506e-01 
+6.1086673e-01 +5.0000000e-01 +3.8913327e-01 
+6.0233852e-01 +5.0000000e-01 +3.9766148e-01 
+5.9381031e-01 +5.0000000e-01 +4.0618969e-01 
+5.8528210e-01 +5.0000000e-01 +4.1471790e-01 
+5.7675389e-01 +5.0000000e-01 +4.2324611e-01 
+5.6822568e-01 +5.0000000e-01 +4.3177432e-01 
+5.5969747e-01 +5.0000000e-01 +4.4030253e-01 
+5.5116926e-01 +5.0000000e-01 +4.4883074e-01 
+5.4264105e-01 +5.0000000e-01 +4.5735895e-01 
+5.3411284e-01 +5.0000000e-01 +4.6588716e-01 
+5.2558463e-01 +5.0000000e-01 +4.7441537e-01 
+5.1705642e-01 +5.0000000e-01 +4.8294358e-01 
+5.0852821e-01 +5.0000000e-01 +4.9147179e-01 
+5.0000000e-01 +5.0000000e-01 +5.0000000e-01 
+4.5833333e-01 +4.5833333e-01 +4.5833333e-01 
+4.1666667e-01 +4.1666667e-01 +4.1666667e-01 
+3.7500000e-01 +3.7500000e-01 +3.7500000e-01 
+3.3333333e-01 +3.3333333e-01 +3.3333333e-01 
+2.9166667e-01 +2.9166667e-01 +2.9166667e-01 
+2.5000000e-01 +2.5000000e-01 +2.5000000e-01 
+2.0833333e-01 +2.0833333e-01 +2.0833333e-01 
+1.6666667e-01 +1.6666667e-01 +1.6666667e-01 
+1.2500000e-01 +1.2500000e-01 +1.2500000e-01 
+8.3333333e-02 +8.3333333e-02 +8.3333333e-02 
+4.1666667e-02 +4.1666667e-02 +4.1666667e-02 
+0.0000000e+00 +0.0000000e+00 +0.0000000e+00 
+8.4491002e-03 +0.0000000e+00 -8.4491002e-03 
+1.6898200e-02 +0.0000000e+00 -1.6898200e-02 
+2.5347301e-02 +0.0000000e+00 -2.5347301e-02 
+3.3796401e-02 +0.0000000e+00 -3.3796401e-02 
+4.2245501e-02 +0.0000000e+00 -4.2245501e-02 
+5.0694601e-02 +0.0000000e+00 -5.0694601e-02 
+5.9143702e-02 +0.0000000e+00 -5.9143702e-02 
+6.7592802e-02 +0.0000000e+00 -6.7592802e-02 
+7.6041902e-02 +0.0000000e+00 -7.6041902e-02 
+8.4491002e-02 +0.0000000e+00 -8.4491002e-02 
+9.2940103e-02 +0.0000000e+00 -9.2940103e-02 
+1.0138920e-01 +0.0000000e+00 -1.0138920e-01 
+1.0983830e-01 +0.0000000e+00 -1.0983830e-01 
+1.1828740e-01 +0.0000000e+00 -1.1828740e-01 
+1.2673650e-01 +0.0000000e+00 -1.2673650e-01 
+1.3518560e-01 +0.0000000e+00 -1.3518560e-01 
+1.4363470e-01 +0.0000000e+00 -1.4363470e-01 
+1.5208380e-01 +0.0000000e+00 -1.5208380e-01 
+1.6053290e-01 +0.0000000e+00 -1.6053290e-01 
+1.6898200e-01 +0.0000000e+00 -1.6898200e-01 
+1.7743111e-01 +0.0000000e+00 -1.7743111e-01 
+1.8588021e-01 +0.0000000e+00 -1.8588021e-01 
+1.9432931e-01 +0.0000000e+00 -1.9432931e-01 
+2.0277841e-01 +0.0000000e+00 -2.0277841e-01 
+2.1122751e-01 +0.0000000e+00 -2.1122751e-01 
+2.1967661e-01 +0.0000000e+00 -2.1967661e-01 
+2.2812571e-01 +0.0000000e+00 -2.2812571e-01 
+2.3657481e-01 +0.0000000e+00 -2.3657481e-01 
+2.4502391e-01 +0.0000000e+00 -2.4502391e-01 
+2.5347301e-01 +0.0000000e+00 -2.5347301e-01 
+2.6192211e-01 +0.0000000e+00 -2.6192211e-01 
+2.7037121e-01 +0.0000000e+00 -2.7037121e-01 
+2.7882031e-01 +0.0000000e+00 -2.7882031e-01 
+2.8726941e-01 +0.0000000e+00 -2.8726941e-01 
+2.9571851e-01 +0.0000000e+00 -2.9571851e-01 
+3.0416761e-01 +0.0000000e+00 -3.0416761e-01 
+3.1261671e-01 +0.0000000e+00 -3.1261671e-01 
+3.2106581e-01 +0.0000000e+00 -3.2106581e-01 
+3.2951491e-01 +0.0000000e+00 -3.2951491e-01 
+3.3796401e-01 +0.0000000e+00 -3.3796401e-01 
+6.6203599e-01 +3.3796401e-01 +0.0000000e+00 
+6.5350778e-01 +3.4649222e-01 +0.0000000e+00 
+6.4497957e-01 +3.5502043e-01 +0.0000000e+00 
+6.3645136e-01 +3.6354864e-01 +0.0000000e+00 
+6.2792315e-01 +3.7207685e-01 +0.0000000e+00 
+6.1939494e-01 +3.8060506e-01 +0.0000000e+00 
+6.1086673e-01 +3.8913327e-01 +0.0000000e+00 
+6.0233852e-01 +3.9766148e-01 +0.0000000e+00 
+5.9381031e-01 +4.0618969e-01 +0.0000000e+00 
+5.8528210e-01 +4.1471790e-01 +0.0000000e+00 
+5.7675389e-01 +4.2324611e-01 +0.0000000e+00 
+5.6822568e-01 +4.3177432e-01 +0.0000000e+00 
+5.5969747e-01 +4.4030253e-01 +0.0000000e+00 
+5.5116926e-01 +4.4883074e-01 +0.0000000e+00 
+5.4264105e-01 +4.5735895e-01 +0.0000000e+00 
+5.3411284e-01 +4.6588716e-01 +0.0000000e+00 
+5.2558463e-01 +4.7441537e-01 +0.0000000e+00 
+5.1705642e-01 +4.8294358e-01 +0.0000000e+00 
+5.0852821e-01 +4.9147179e-01 +0.0000000e+00 
+5.0000000e-01 +5.0000000e-01 +0.0000000e+00 
+5.4050900e-01 +5.4050900e-01 +4.3982005e-02 
+5.8101800e-01 +5.8101800e-01 +8.7964010e-02 
+6.2152699e-01 +6.2152699e-01 +1.3194601e-01 
+6.6203599e-01 +6.6203599e-01 +1.7592802e-01 
+6.5712581e-01 +6.5712581e-01 +1.8574838e-01 
+6.5221563e-01 +6.5221563e-01 +1.9556875e-01 
+6.4730545e-01 +6.4730545e-01 +2.0538911e-01 
+6.4239526e-01 +6.4239526e-01 +2.1520947e-01 
+6.3748508e-01 +6.3748508e-01 +2.2502983e-01 
+6.3257490e-01 +6.3257490e-01 +2.3485020e-01 
+6.2766472e-01 +6.2766472e-01 +2.4467056e-01 
+6.2275454e-01 +6.2275454e-01 +2.5449092e-01 
+6.1784436e-01 +6.1784436e-01 +2.6431129e-01 
+6.1293418e-01 +6.1293418e-01 +2.7413165e-01 
+6.0802399e-01 +6.0802399e-01 +2.8395201e-01 
+6.0311381e-01 +6.0311381e-01 +2.9377238e-01 
+5.9820363e-01 +5.9820363e-01 +3.0359274e-01 
+5.9329345e-01 +5.9329345e-01 +3.1341310e-01 
+5.8838327e-01 +5.8838327e-01 +3.2323347e-01 
+5.8347309e-01 +5.8347309e-01 +3.3305383e-01 
+5.7856290e-01 +5.7856290e-01 +3.4287419e-01 
+5.7365272e-01 +5.7365272e-01 +3.5269455e-01 
+5.6874254e-01 +5.6874254e-01 +3.6251492e-01 
+5.6383236e-01 +5.6383236e-01 +3.7233528e-01 
+5.5892218e-01 +5.5892218e-01 +3.8215564e-01 
+5.5401200e-01 +5.5401200e-01 +3.9197601e-01 
+5.4910182e-01 +5.4910182e-01 +4.0179637e-01 
+5.4419163e-01 +5.4419163e-01 +4.1161673e-01 
+5.3928145e-01 +5.3928145e-01 +4.2143710e-01 
+5.3437127e-01 +5.3437127e-01 +4.3125746e-01 
+5.2946109e-01 +5.2946109e-01 +4.4107782e-01 
+5.2455091e-01 +5.2455091e-01 +4.5089818e-01 
+5.1964073e-01 +5.1964073e-01 +4.6071855e-01 
+5.1473054e-01 +5.1473054e-01 +4.7053891e-01 
+5.0982036e-01 +5.0982036e-01 +4.8035927e-01 
+5.0491018e-01 +5.0491018e-01 +4.9017964e-01 
+5.0000000e-01 +5.0000000e-01 +5.0000000e-01 
+5.0000000e-01 +0.0000000e+00 +0.0000000e+00 
+5.4050900e-01 +4.2245501e-02 +4.2245501e-02 
+5.8101800e-01 +8.4491002e-02 +8.4491002e-02 
+6.2152699e-01 +1.2673650e-01 +1.2673650e-01 
+6.6203599e-01 +1.6898200e-01 +1.6898200e-01 
+7.0254499e-01 +2.1122751e-01 +2.1122751e-01 
+7.4305399e-01 +2.5347301e-01 +2.5347301e-01 
+7.8356298e-01 +2.9571851e-01 +2.9571851e-01 
+8.2407198e-01 +3.3796401e-01 +3.3796401e-01 
# energies (kpt,band,spin)
# spin = 1
-5.3005098e+01 -5.3003935e+01 -5.3003567e+01 -2.4941999e+01 -2.4941554e+01 -2.4919392e+01 -2.4919392e+01 -2.4918771e+01 -2.4918771e+01 -2.4915898e+01 -2.4915281e+01 -2.4915281e+01 -3.2405849e+00 -1.4193172e+00 -1.4192701e+00 +3.8569415e+00 +3.8754108e+00 +1.1269834e+01 +1.1269834e+01 +1.1278749e+01 +1.1278749e+01 +1.1918435e+01 
-5.3005096e+01 -5.3003933e+01 -5.3003566e+01 -2.4942038e+01 -2.4941499e+01 -2.4919443e+01 -2.4919408e+01 -2.4918808e+01 -2.4918784e+01 -2.4915909e+01 -2.4915344e+01 -2.4915295e+01 -3.2373275e+00 -1.4336953e+00 -1.3985879e+00 +3.8340308e+00 +3.9043441e+00 +1.0912376e+01 +1.1004938e+01 +1.1449371e+01 +1.1522968e+01 +1.1634455e+01 
-5.3005091e+01 -5.3003927e+01 -5.3003562e+01 -2.4942119e+01 -2.4941367e+01 -2.4919596e+01 -2.4919454e+01 -2.4918919e+01 -2.4918822e+01 -2.4915941e+01 -2.4915532e+01 -2.4915337e+01 -3.2275581e+00 -1.4417909e+00 -1.3715831e+00 +3.8097419e+00 +3.9466493e+00 +1.0469517e+01 +1.0754870e+01 +1.1144473e+01 +1.1375642e+01 +1.1468021e+01 
-5.3005081e+01 -5.3003918e+01 -5.3003553e+01 -2.4942201e+01 -2.4941199e+01 -2.4919849e+01 -2.4919531e+01 -2.4919109e+01 -2.4918887e+01 -2.4916007e+01 -2.4915827e+01 -2.4915405e+01 -3.2112841e+00 -1.4435801e+00 -1.3382896e+00 +3.7910188e+00 +3.9952258e+00 +1.0012013e+01 +1.0523254e+01 +1.0658665e+01 +1.1131498e+01 +1.1310273e+01 
-5.3005067e+01 -5.3003904e+01 -5.3003540e+01 -2.4942265e+01 -2.4941010e+01 -2.4920201e+01 -2.4919638e+01 -2.4919379e+01 -2.4918978e+01 -2.4916303e+01 -2.4916025e+01 -2.4915498e+01 -3.1885156e+00 -1.4390636e+00 -1.2987247e+00 +3.7780839e+00 +4.0495855e+00 +9.5668450e+00 +1.0182184e+01 +1.0307310e+01 +1.0897082e+01 +1.1081712e+01 
-5.3005047e+01 -5.3003887e+01 -5.3003521e+01 -2.4942307e+01 -2.4940808e+01 -2.4920649e+01 -2.4919774e+01 -2.4919730e+01 -2.4919097e+01 -2.4916827e+01 -2.4916119e+01 -2.4915612e+01 -3.1592633e+00 -1.4282431e+00 -1.2529119e+00 +3.7708924e+00 +4.1093994e+00 +9.1414167e+00 +9.7342736e+00 +1.0104443e+01 +1.0674557e+01 +1.0816301e+01 
-5.3005021e+01 -5.3003867e+01 -5.3003497e+01 -2.4942324e+01 -2.4940600e+01 -2.4921189e+01 -2.4920158e+01 -2.4919938e+01 -2.4919242e+01 -2.4917458e+01 -2.4916224e+01 -2.4915745e+01 -3.1235383e+00 -1.4111207e+00 -1.2008785e+00 +3.7693255e+00 +4.1743205e+00 +8.7354708e+00 +9.3157733e+00 +9.9126756e+00 +1.0462716e+01 +1.0531767e+01 
-5.3004991e+01 -5.3003842e+01 -5.3003469e+01 -2.4942316e+01 -2.4940391e+01 -2.4921818e+01 -2.4920657e+01 -2.4920128e+01 -2.4919415e+01 -2.4918181e+01 -2.4916344e+01 -2.4915893e+01 -3.0813520e+00 -1.3876985e+00 -1.1426529e+00 +3.7732189e+00 +4.2439945e+00 +8.3463916e+00 +8.9221287e+00 +9.7306793e+00 +1.0236550e+01 +1.0260295e+01 
-5.3004955e+01 -5.3003815e+01 -5.3003436e+01 -2.4942283e+01 -2.4940189e+01 -2.4922530e+01 -2.4921219e+01 -2.4920344e+01 -2.4919616e+01 -2.4918985e+01 -2.4916482e+01 -2.4916054e+01 -3.0327186e+00 -1.3579807e+00 -1.0782599e+00 +3.7823712e+00 +4.3181068e+00 +7.9713850e+00 +8.5487277e+00 +9.5576724e+00 +9.9349964e+00 +1.0066333e+01 
-5.3004916e+01 -5.3003783e+01 -5.3003401e+01 -2.4942230e+01 -2.4939999e+01 -2.4923322e+01 -2.4921832e+01 -2.4920584e+01 -2.4919861e+01 -2.4919842e+01 -2.4916637e+01 -2.4916224e+01 -2.9776561e+00 -1.3219753e+00 -1.0077180e+00 +3.7965482e+00 +4.3964168e+00 +7.6082253e+00 +8.1923068e+00 +9.3932804e+00 +9.6301608e+00 +9.8801911e+00 
-5.3004872e+01 -5.3003749e+01 -5.3003363e+01 -2.4942160e+01 -2.4939833e+01 -2.4924185e+01 -2.4922485e+01 -2.4920845e+01 -2.4920800e+01 -2.4920093e+01 -2.4916808e+01 -2.4916402e+01 -2.9161881e+00 -1.2796978e+00 -9.3103876e-01 +3.8154782e+00 +4.4787375e+00 +7.2553880e+00 +7.8507820e+00 +9.2374005e+00 +9.3246762e+00 +9.7015320e+00 
-5.3004824e+01 -5.3003712e+01 -5.3003323e+01 -2.4942078e+01 -2.4939698e+01 -2.4925113e+01 -2.4923164e+01 -2.4921791e+01 -2.4921125e+01 -2.4920366e+01 -2.4916996e+01 -2.4916585e+01 -2.8483420e+00 -1.2311715e+00 -8.4823053e-01 +3.8388354e+00 +4.5648382e+00 +6.9119916e+00 +7.5227616e+00 +9.0205057e+00 +9.0900882e+00 +9.5302941e+00 
-5.3004773e+01 -5.3003673e+01 -5.3003282e+01 -2.4941990e+01 -2.4939606e+01 -2.4926096e+01 -2.4923859e+01 -2.4922817e+01 -2.4921422e+01 -2.4920659e+01 -2.4917200e+01 -2.4916771e+01 -2.7741478e+00 -1.1764272e+00 -7.5930505e-01 +3.8661977e+00 +4.6542546e+00 +6.5777639e+00 +7.2072404e+00 +8.7185575e+00 +8.9514701e+00 +9.3666564e+00 
-5.3004720e+01 -5.3003632e+01 -5.3003240e+01 -2.4941905e+01 -2.4939568e+01 -2.4927120e+01 -2.4924573e+01 -2.4923847e+01 -2.4921733e+01 -2.4920968e+01 -2.4917419e+01 -2.4916961e+01 -2.6936363e+00 -1.1154999e+00 -6.6428512e-01 +3.8969475e+00 +4.7459485e+00 +6.2531649e+00 +6.9036037e+00 +8.4187141e+00 +8.8216837e+00 +9.2109853e+00 
-5.3004664e+01 -5.3003592e+01 -5.3003198e+01 -2.4941832e+01 -2.4939596e+01 -2.4928173e+01 -2.4925368e+01 -2.4924785e+01 -2.4922053e+01 -2.4921288e+01 -2.4917652e+01 -2.4917152e+01 -2.6068387e+00 -1.0484266e+00 -5.6321069e-01 +3.9300505e+00 +4.8375491e+00 +5.9399029e+00 +6.6119829e+00 +8.1202656e+00 +8.7008354e+00 +9.0637656e+00 
-5.3004606e+01 -5.3003551e+01 -5.3003156e+01 -2.4941783e+01 -2.4939699e+01 -2.4929241e+01 -2.4926336e+01 -2.4925503e+01 -2.4922379e+01 -2.4921615e+01 -2.4917899e+01 -2.4917344e+01 -2.5137872e+00 -9.7524510e-01 -4.5614160e-01 +3.9635682e+00 +4.9230231e+00 +5.6428004e+00 +6.3341846e+00 +7.8224605e+00 +8.5889738e+00 +8.9255221e+00 
-5.3004546e+01 -5.3003511e+01 -5.3003114e+01 -2.4941770e+01 -2.4939883e+01 -2.4930311e+01 -2.4927384e+01 -2.4926058e+01 -2.4922707e+01 -2.4921946e+01 -2.4918160e+01 -2.4917537e+01 -2.4145157e+00 -8.9599387e-01 -3.4315509e-01 +3.9935438e+00 +4.9822833e+00 +5.3787340e+00 +6.0762326e+00 +7.5249139e+00 +8.4860697e+00 +8.7967443e+00 
-5.3004485e+01 -5.3003472e+01 -5.3003074e+01 -2.4941811e+01 -2.4940151e+01 -2.4931375e+01 -2.4928417e+01 -2.4926503e+01 -2.4923033e+01 -2.4922276e+01 -2.4918433e+01 -2.4917729e+01 -2.3090616e+00 -8.1071065e-01 -2.2433716e-01 +4.0113381e+00 +4.9380925e+00 +5.2145041e+00 +5.8562263e+00 +7.2277576e+00 +8.3919998e+00 +8.6778205e+00 
-5.3004423e+01 -5.3003432e+01 -5.3003036e+01 -2.4941926e+01 -2.4940495e+01 -2.4932428e+01 -2.4929383e+01 -2.4926852e+01 -2.4923353e+01 -2.4922601e+01 -2.4918718e+01 -2.4917922e+01 -2.1974650e+00 -7.1943099e-01 -9.9770635e-02 +3.9979092e+00 +4.7717558e+00 +5.1411129e+00 +5.7200773e+00 +6.9315654e+00 +8.3065285e+00 +8.5689822e+00 
-5.3004359e+01 -5.3003393e+01 -5.3002999e+01 -2.4942141e+01 -2.4940899e+01 -2.4933473e+01 -2.4930240e+01 -2.4927111e+01 -2.4923663e+01 -2.4922917e+01 -2.4919011e+01 -2.4918115e+01 -2.0797665e+00 -6.2218675e-01 +3.0473020e-02 +3.9206760e+00 +4.6273578e+00 +5.0066801e+00 +5.7075057e+00 +6.6371663e+00 +8.2292898e+00 +8.4702557e+00 
-5.3004296e+01 -5.3003354e+01 -5.3002964e+01 -2.4942475e+01 -2.4941341e+01 -2.4934515e+01 -2.4930948e+01 -2.4927288e+01 -2.4923959e+01 -2.4923222e+01 -2.4919313e+01 -2.4918307e+01 -1.9560042e+00 -5.1900516e-01 +1.6632839e-01 +3.7618101e+00 +4.5418697e+00 +4.8320297e+00 +5.7780549e+00 +6.3454568e+00 +8.1597816e+00 +8.3814173e+00 
-5.3004232e+01 -5.3003315e+01 -5.3002931e+01 -2.4942932e+01 -2.4941806e+01 -2.4935555e+01 -2.4931482e+01 -2.4927397e+01 -2.4924240e+01 -2.4923513e+01 -2.4919619e+01 -2.4918497e+01 -1.8262119e+00 -4.0990951e-01 +3.0771224e-01 +3.5461783e+00 +4.4298562e+00 +4.7241832e+00 +5.8848441e+00 +6.0573292e+00 +8.0973893e+00 +8.2944123e+00 
-5.3004170e+01 -5.3003277e+01 -5.3002901e+01 -2.4943489e+01 -2.4942292e+01 -2.4936588e+01 -2.4931840e+01 -2.4927451e+01 -2.4924502e+01 -2.4923789e+01 -2.4919928e+01 -2.4918685e+01 -1.6904187e+00 -2.9492337e-01 +4.5448115e-01 +3.3049827e+00 +4.2312200e+00 +4.7311955e+00 +5.7733038e+00 +6.0085624e+00 +8.0414527e+00 +8.1197445e+00 
-5.3004109e+01 -5.3003238e+01 -5.3002872e+01 -2.4944109e+01 -2.4942801e+01 -2.4937604e+01 -2.4932034e+01 -2.4927466e+01 -2.4924746e+01 -2.4924048e+01 -2.4920236e+01 -2.4918868e+01 -1.5486499e+00 -1.7407891e-01 +6.0636555e-01 +3.0550838e+00 +4.0012858e+00 +4.7878927e+00 +5.4948748e+00 +6.1408758e+00 +7.9465224e+00 +7.9913596e+00 
-5.3004050e+01 -5.3003200e+01 -5.3002846e+01 -2.4944759e+01 -2.4943325e+01 -2.4938586e+01 -2.4932089e+01 -2.4927456e+01 -2.4924971e+01 -2.4924290e+01 -2.4920540e+01 -2.4919043e+01 -1.4009289e+00 -4.7428767e-02 +7.6284694e-01 +2.8043996e+00 +3.7649806e+00 +4.8622964e+00 +5.2249760e+00 +6.2779558e+00 +7.7740769e+00 +7.9466289e+00 
-5.3003994e+01 -5.3003164e+01 -5.3002823e+01 -2.4945411e+01 -2.4943850e+01 -2.4939519e+01 -2.4932034e+01 -2.4927435e+01 -2.4925178e+01 -2.4924513e+01 -2.4920835e+01 -2.4919208e+01 -1.2472789e+00 +8.4938665e-02 +9.2286678e-01 +2.5573522e+00 +3.5292785e+00 +4.8909489e+00 +5.0185778e+00 +6.4168386e+00 +7.6025669e+00 +7.9069499e+00 
-5.3003942e+01 -5.3003129e+01 -5.3002802e+01 -2.4946043e+01 -2.4944361e+01 -2.4940389e+01 -2.4931897e+01 -2.4927415e+01 -2.4925366e+01 -2.4924717e+01 -2.4921117e+01 -2.4919362e+01 -1.0877274e+00 +2.2287733e-01 +1.0839808e+00 +2.3179935e+00 +3.2969414e+00 +4.6683204e+00 +5.0779132e+00 +6.5545257e+00 +7.4329790e+00 +7.8721717e+00 
-5.3003895e+01 -5.3003097e+01 -5.3002784e+01 -2.4946639e+01 -2.4944841e+01 -2.4941182e+01 -2.4931700e+01 -2.4927406e+01 -2.4925534e+01 -2.4924901e+01 -2.4921381e+01 -2.4919503e+01 -9.2231290e-01 +3.6614439e-01 +1.2392965e+00 +2.0940132e+00 +3.0694806e+00 +4.4132749e+00 +5.1825709e+00 +6.6865902e+00 +7.2677962e+00 +7.8422630e+00 
-5.3003853e+01 -5.3003067e+01 -5.3002769e+01 -2.4947182e+01 -2.4945277e+01 -2.4941887e+01 -2.4931465e+01 -2.4927414e+01 -2.4925684e+01 -2.4925064e+01 -2.4921621e+01 -2.4919628e+01 -7.5109521e-01 +5.1431544e-01 +1.3634512e+00 +1.9111488e+00 +2.8480610e+00 +4.1607148e+00 +5.2968257e+00 +6.8014102e+00 +7.1162857e+00 +7.8172639e+00 
-5.3003817e+01 -5.3003041e+01 -5.3002756e+01 -2.4947662e+01 -2.4945659e+01 -2.4942496e+01 -2.4931212e+01 -2.4927443e+01 -2.4925814e+01 -2.4925204e+01 -2.4921831e+01 -2.4919737e+01 -5.7417189e-01 +6.6655015e-01 +1.3715807e+00 +1.8543087e+00 +2.6341051e+00 +3.9129440e+00 +5.4178658e+00 +6.8348553e+00 +7.0395002e+00 +7.7972439e+00 
-5.3003788e+01 -5.3003019e+01 -5.3002746e+01 -2.4948068e+01 -2.4945979e+01 -2.4943001e+01 -2.4930960e+01 -2.4927491e+01 -2.4925923e+01 -2.4925319e+01 -2.4922008e+01 -2.4919827e+01 -3.9170865e-01 +8.2054992e-01 +1.2313479e+00 +1.9551981e+00 +2.4308769e+00 +3.6705891e+00 +5.5446489e+00 +6.7216601e+00 +7.0988419e+00 +7.7822657e+00 
-5.3003764e+01 -5.3003001e+01 -5.3002739e+01 -2.4948392e+01 -2.4946232e+01 -2.4943398e+01 -2.4930727e+01 -2.4927552e+01 -2.4926009e+01 -2.4925410e+01 -2.4922148e+01 -2.4919899e+01 -2.0401418e-01 +9.5233024e-01 +1.0611968e+00 +2.0950593e+00 +2.2628128e+00 +3.4340791e+00 +5.6762524e+00 +6.5733361e+00 +7.1785781e+00 +7.7723402e+00 
-5.3003748e+01 -5.3002988e+01 -5.3002734e+01 -2.4948628e+01 -2.4946414e+01 -2.4943684e+01 -2.4930536e+01 -2.4927615e+01 -2.4926072e+01 -2.4925475e+01 -2.4922249e+01 -2.4919951e+01 -1.1800497e-02 +8.1362477e-01 +1.1467279e+00 +2.0219376e+00 +2.3445545e+00 +3.2041208e+00 +5.8111460e+00 +6.4230104e+00 +7.2423024e+00 +7.7673210e+00 
-5.3003737e+01 -5.3002980e+01 -5.3002731e+01 -2.4948771e+01 -2.4946524e+01 -2.4943857e+01 -2.4930409e+01 -2.4927663e+01 -2.4926111e+01 -2.4925514e+01 -2.4922310e+01 -2.4919982e+01 +1.8221120e-01 +6.1217839e-01 +1.2771900e+00 +1.8793780e+00 +2.5356158e+00 +2.9832865e+00 +5.9444305e+00 +6.2799387e+00 +7.2821825e+00 +7.7665070e+00 
-5.3003734e+01 -5.3002978e+01 -5.3002730e+01 -2.4948818e+01 -2.4946560e+01 -2.4943914e+01 -2.4930364e+01 -2.4927681e+01 -2.4926124e+01 -2.4925527e+01 -2.4922330e+01 -2.4919992e+01 +3.3075338e-01 +4.6035155e-01 +1.3393937e+00 +1.8123417e+00 +2.6913436e+00 +2.8192561e+00 +6.0317442e+00 +6.1893187e+00 +7.2956648e+00 +7.7672569e+00 
-5.3003733e+01 -5.3002976e+01 -5.3002729e+01 -2.4948791e+01 -2.4946537e+01 -2.4943891e+01 -2.4930386e+01 -2.4927722e+01 -2.4926141e+01 -2.4925528e+01 -2.4922347e+01 -2.4920049e+01 +3.3389720e-01 +4.6361873e-01 +1.3424186e+00 +1.8157275e+00 +2.6943498e+00 +2.8223225e+00 +6.0204964e+00 +6.1871177e+00 +7.1755298e+00 +7.6621758e+00 
-5.3003729e+01 -5.3002972e+01 -5.3002728e+01 -2.4948711e+01 -2.4946467e+01 -2.4943820e+01 -2.4930451e+01 -2.4927848e+01 -2.4926191e+01 -2.4925529e+01 -2.4922398e+01 -2.4920217e+01 +3.4333033e-01 +4.7341240e-01 +1.3515008e+00 +1.8258690e+00 +2.7033633e+00 +2.8314999e+00 +5.9841204e+00 +6.1770660e+00 +6.9484130e+00 +7.4625115e+00 
-5.3003722e+01 -5.3002966e+01 -5.3002725e+01 -2.4948576e+01 -2.4946351e+01 -2.4943704e+01 -2.4930567e+01 -2.4928059e+01 -2.4926266e+01 -2.4925527e+01 -2.4922479e+01 -2.4920495e+01 +3.5905709e-01 +4.8970949e-01 +1.3666612e+00 +1.8427162e+00 +2.7183684e+00 +2.8467160e+00 +5.9153222e+00 +6.1441514e+00 +6.7175373e+00 +7.2658513e+00 
-5.3003713e+01 -5.3002957e+01 -5.3002722e+01 -2.4948389e+01 -2.4946191e+01 -2.4943542e+01 -2.4930743e+01 -2.4928358e+01 -2.4926353e+01 -2.4925520e+01 -2.4922586e+01 -2.4920878e+01 +3.8108275e-01 +5.1247374e-01 +1.3879314e+00 +1.8661806e+00 +2.7393332e+00 +2.8678270e+00 +5.8052037e+00 +6.0492419e+00 +6.5429192e+00 +7.1062263e+00 
-5.3003701e+01 -5.3002946e+01 -5.3002718e+01 -2.4948149e+01 -2.4945988e+01 -2.4943336e+01 -2.4930990e+01 -2.4928742e+01 -2.4926438e+01 -2.4925506e+01 -2.4922712e+01 -2.4921362e+01 +4.0941186e-01 +5.4166015e-01 +1.4153490e+00 +1.8961275e+00 +2.7661993e+00 +2.8945809e+00 +5.6497240e+00 +5.8602077e+00 +6.4638244e+00 +6.9962909e+00 
-5.3003689e+01 -5.3002933e+01 -5.3002712e+01 -2.4947859e+01 -2.4945744e+01 -2.4943087e+01 -2.4931318e+01 -2.4929208e+01 -2.4926506e+01 -2.4925487e+01 -2.4922853e+01 -2.4921940e+01 +4.4404738e-01 +5.7722272e-01 +1.4489535e+00 +1.9323673e+00 +2.7988608e+00 +2.9265589e+00 +5.4543028e+00 +5.6115441e+00 +6.4491438e+00 +6.9346568e+00 
-5.3003675e+01 -5.3002918e+01 -5.3002707e+01 -2.4947519e+01 -2.4945462e+01 -2.4942799e+01 -2.4931731e+01 -2.4929750e+01 -2.4926546e+01 -2.4925467e+01 -2.4923002e+01 -2.4922603e+01 +4.8499043e-01 +6.1912525e-01 +1.4887816e+00 +1.9746445e+00 +2.8371261e+00 +2.9630763e+00 +5.2307168e+00 +5.3410802e+00 +6.4629887e+00 +6.9120570e+00 
-5.3003660e+01 -5.3002902e+01 -5.3002701e+01 -2.4947133e+01 -2.4945145e+01 -2.4942474e+01 -2.4932230e+01 -2.4930357e+01 -2.4926549e+01 -2.4925454e+01 -2.4923342e+01 -2.4923153e+01 +5.3224042e-01 +6.6735240e-01 +1.5348611e+00 +2.0226194e+00 +2.8806499e+00 +3.0030015e+00 +4.9911681e+00 +5.0648593e+00 +6.4906381e+00 +6.9184159e+00 
-5.3003645e+01 -5.3002885e+01 -5.3002694e+01 -2.4946702e+01 -2.4944797e+01 -2.4942116e+01 -2.4932808e+01 -2.4931019e+01 -2.4926516e+01 -2.4925456e+01 -2.4924146e+01 -2.4923295e+01 +5.8579493e-01 +7.2191515e-01 +1.5872027e+00 +2.0758284e+00 +2.9288033e+00 +3.0443966e+00 +4.7458140e+00 +4.7899399e+00 +6.5261901e+00 +6.9460491e+00 
-5.3003629e+01 -5.3002867e+01 -5.3002688e+01 -2.4946231e+01 -2.4944424e+01 -2.4941730e+01 -2.4933454e+01 -2.4931722e+01 -2.4926450e+01 -2.4925488e+01 -2.4925000e+01 -2.4923417e+01 +6.4564912e-01 +7.8284525e-01 +1.6457874e+00 +2.1335885e+00 +2.9804081e+00 +3.0837544e+00 +4.5035786e+00 +4.5208400e+00 +6.5664970e+00 +6.9897708e+00 
-5.3003614e+01 -5.3002848e+01 -5.3002682e+01 -2.4945725e+01 -2.4944029e+01 -2.4941322e+01 -2.4934153e+01 -2.4932452e+01 -2.4926386e+01 -2.4925860e+01 -2.4925562e+01 -2.4923508e+01 +7.1179453e-01 +8.5017806e-01 +1.7105443e+00 +2.1947853e+00 +3.0331335e+00 +3.1143313e+00 +4.2623042e+00 +4.2746567e+00 +6.6089312e+00 +7.0459540e+00 
-5.3003599e+01 -5.3002830e+01 -5.3002676e+01 -2.4945189e+01 -2.4943619e+01 -2.4940901e+01 -2.4934885e+01 -2.4933191e+01 -2.4926898e+01 -2.4926142e+01 -2.4925692e+01 -2.4923556e+01 +7.8421695e-01 +9.2393080e-01 +1.7813103e+00 +2.2574060e+00 +3.0819858e+00 +3.1228953e+00 +4.0219467e+00 +4.0745061e+00 +6.6499624e+00 +6.9332048e+00 
-5.3003584e+01 -5.3002812e+01 -5.3002672e+01 -2.4944632e+01 -2.4943200e+01 -2.4940483e+01 -2.4935625e+01 -2.4933918e+01 -2.4927816e+01 -2.4926003e+01 -2.4925881e+01 -2.4923557e+01 +8.6289278e-01 +1.0040853e+00 +1.8577461e+00 +2.3174710e+00 +3.0869855e+00 +3.1155631e+00 +3.8153356e+00 +3.9271327e+00 +6.6450186e+00 +6.6833219e+00 
-5.3003570e+01 -5.3002793e+01 -5.3002670e+01 -2.4944070e+01 -2.4942778e+01 -2.4940098e+01 -2.4936330e+01 -2.4934605e+01 -2.4928748e+01 -2.4926126e+01 -2.4925823e+01 -2.4923515e+01 +9.4778170e-01 +1.0905805e+00 +1.9391281e+00 +2.3664503e+00 +2.9860671e+00 +3.1115137e+00 +3.6732993e+00 +3.8544759e+00 +6.3657591e+00 +6.6971160e+00 
-5.3003558e+01 -5.3002775e+01 -5.3002670e+01 -2.4943527e+01 -2.4942352e+01 -2.4939813e+01 -2.4936925e+01 -2.4935218e+01 -2.4929656e+01 -2.4926421e+01 -2.4925620e+01 -2.4923436e+01 +1.0388077e+00 +1.1833119e+00 +2.0236881e+00 +2.3857132e+00 +2.8269468e+00 +3.0592742e+00 +3.6249385e+00 +3.8519925e+00 +6.0951011e+00 +6.6717681e+00 
-5.3003547e+01 -5.3002758e+01 -5.3002674e+01 -2.4943051e+01 -2.4941905e+01 -2.4939745e+01 -2.4937282e+01 -2.4935714e+01 -2.4930516e+01 -2.4926757e+01 -2.4925401e+01 -2.4923328e+01 +1.1358053e+00 +1.2821320e+00 +2.1057229e+00 +2.3438687e+00 +2.6395069e+00 +3.0086674e+00 +3.6518536e+00 +3.8961908e+00 +5.8325279e+00 +6.5888020e+00 
-5.3003540e+01 -5.3002742e+01 -5.3002680e+01 -2.4942705e+01 -2.4941402e+01 -2.4939980e+01 -2.4937321e+01 -2.4936052e+01 -2.4931294e+01 -2.4927122e+01 -2.4925169e+01 -2.4923198e+01 +1.2383548e+00 +1.3868410e+00 +2.1573482e+00 +2.2240414e+00 +2.4715975e+00 +3.0129274e+00 +3.7178458e+00 +3.9683230e+00 +5.5775257e+00 +6.4508853e+00 
-5.3003535e+01 -5.3002726e+01 -5.3002690e+01 -2.4942530e+01 -2.4940824e+01 -2.4940421e+01 -2.4937159e+01 -2.4936207e+01 -2.4931948e+01 -2.4927509e+01 -2.4924929e+01 -2.4923052e+01 +1.3451885e+00 +1.4971497e+00 +2.0487956e+00 +2.0789241e+00 +2.4350142e+00 +3.0689933e+00 +3.8035155e+00 +4.0584634e+00 +5.3296212e+00 +6.2785988e+00 
-5.3003534e+01 -5.3002712e+01 -5.3002703e+01 -2.4942512e+01 -2.4940927e+01 -2.4940182e+01 -2.4936978e+01 -2.4936181e+01 -2.4932419e+01 -2.4927905e+01 -2.4924684e+01 -2.4922894e+01 +1.4510298e+00 +1.6123808e+00 +1.8472052e+00 +1.8980396e+00 +2.5131321e+00 +3.1560927e+00 +3.9005996e+00 +4.1617625e+00 +5.0884323e+00 +6.0907928e+00 
-5.3003536e+01 -5.3002719e+01 -5.3002700e+01 -2.4942604e+01 -2.4941422e+01 -2.4939498e+01 -2.4936910e+01 -2.4936004e+01 -2.4932637e+01 -2.4928299e+01 -2.4924436e+01 -2.4922729e+01 +1.5154801e+00 +1.6305525e+00 +1.7369141e+00 +1.7418430e+00 +2.6222126e+00 +3.2612919e+00 +4.0049803e+00 +4.2756616e+00 +4.8537507e+00 +5.8993390e+00 
-5.3003536e+01 -5.3002719e+01 -5.3002700e+01 -2.4942604e+01 -2.4941422e+01 -2.4939498e+01 -2.4936910e+01 -2.4936004e+01 -2.4932637e+01 -2.4928299e+01 -2.4924436e+01 -2.4922729e+01 +1.5154801e+00 +1.6305525e+00 +1.7369141e+00 +1.7418430e+00 +2.6222126e+00 +3.2612919e+00 +4.0049803e+00 +4.2756616e+00 +4.8537507e+00 +5.8993390e+00 
-5.3003542e+01 -5.3002737e+01 -5.3002689e+01 -2.4942752e+01 -2.4941859e+01 -2.4938811e+01 -2.4937004e+01 -2.4935733e+01 -2.4932578e+01 -2.4928661e+01 -2.4924194e+01 -2.4922565e+01 +1.4010953e+00 +1.4228056e+00 +1.7704603e+00 +1.8566087e+00 +2.7399125e+00 +3.3742303e+00 +4.1104047e+00 +4.3942868e+00 +4.6328486e+00 +5.7177395e+00 
-5.3003552e+01 -5.3002758e+01 -5.3002680e+01 -2.4942918e+01 -2.4942239e+01 -2.4938116e+01 -2.4937228e+01 -2.4935410e+01 -2.4932286e+01 -2.4928984e+01 -2.4923952e+01 -2.4922398e+01 +1.2071759e+00 +1.2137926e+00 +1.8863504e+00 +1.9817090e+00 +2.8655141e+00 +3.4941748e+00 +4.2171315e+00 +4.4117786e+00 +4.5267661e+00 +5.5466454e+00 
-5.3003565e+01 -5.3002782e+01 -5.3002672e+01 -2.4943070e+01 -2.4942553e+01 -2.4937516e+01 -2.4937431e+01 -2.4935072e+01 -2.4931832e+01 -2.4929239e+01 -2.4923709e+01 -2.4922231e+01 +1.0044301e+00 +1.0068383e+00 +2.0203561e+00 +2.1099892e+00 +2.9978027e+00 +3.6179540e+00 +4.2040686e+00 +4.3210012e+00 +4.6590121e+00 +5.3941314e+00 
-5.3003583e+01 -5.3002810e+01 -5.3002667e+01 -2.4943185e+01 -2.4942793e+01 -2.4937806e+01 -2.4936793e+01 -2.4934744e+01 -2.4931276e+01 -2.4929393e+01 -2.4923467e+01 -2.4922065e+01 +8.0249052e-01 +8.0316038e-01 +2.1634340e+00 +2.2402695e+00 +3.1363136e+00 +3.7415447e+00 +4.0000424e+00 +4.4151393e+00 +4.8003767e+00 +5.2725043e+00 
-5.3003605e+01 -5.3002841e+01 -5.3002664e+01 -2.4943245e+01 -2.4942953e+01 -2.4938058e+01 -2.4936270e+01 -2.4934408e+01 -2.4930659e+01 -2.4929412e+01 -2.4923226e+01 -2.4921901e+01 +6.0351390e-01 +6.0376520e-01 +2.3134092e+00 +2.3708912e+00 +3.2807897e+00 +3.8018867e+00 +3.8580518e+00 +4.4901355e+00 +4.9485781e+00 +5.2001897e+00 
-5.3003631e+01 -5.3002876e+01 -5.3002664e+01 -2.4943235e+01 -2.4943025e+01 -2.4938248e+01 -2.4935969e+01 -2.4933994e+01 -2.4930007e+01 -2.4929279e+01 -2.4922987e+01 -2.4921740e+01 +4.0840751e-01 +4.0922062e-01 +2.4694283e+00 +2.4992561e+00 +3.4301612e+00 +3.6109066e+00 +3.9546988e+00 +4.5440170e+00 +5.1032402e+00 +5.1950224e+00 
-5.3003661e+01 -5.3002915e+01 -5.3002665e+01 -2.4943145e+01 -2.4943003e+01 -2.4938362e+01 -2.4935946e+01 -2.4933451e+01 -2.4929336e+01 -2.4929000e+01 -2.4922751e+01 -2.4921584e+01 +2.1818927e-01 +2.1936359e-01 +2.6211674e+00 +2.6310572e+00 +3.4195516e+00 +3.5921573e+00 +4.0135237e+00 +4.6001438e+00 +5.2562135e+00 +5.2641485e+00 
-5.3003696e+01 -5.3002958e+01 -5.3002670e+01 -2.4942968e+01 -2.4942883e+01 -2.4938392e+01 -2.4936151e+01 -2.4932811e+01 -2.4928657e+01 -2.4928602e+01 -2.4922517e+01 -2.4921432e+01 +3.3098519e-02 +3.4505133e-02 +2.7299024e+00 +2.7979645e+00 +3.2410530e+00 +3.7537809e+00 +4.0289530e+00 +4.6899351e+00 +5.3649241e+00 +5.4311456e+00 
-5.3003734e+01 -5.3003004e+01 -5.3002676e+01 -2.4942699e+01 -2.4942663e+01 -2.4938336e+01 -2.4936512e+01 -2.4932124e+01 -2.4928118e+01 -2.4927979e+01 -2.4922287e+01 -2.4921286e+01 -1.4669657e-01 -1.4514493e-01 +2.8154551e+00 +2.9680466e+00 +3.0695726e+00 +3.9229239e+00 +4.0241472e+00 +4.8181971e+00 +5.5033156e+00 +5.6041033e+00 
-5.3003775e+01 -5.3003054e+01 -5.3002686e+01 -2.4942342e+01 -2.4942337e+01 -2.4938194e+01 -2.4936974e+01 -2.4931420e+01 -2.4927576e+01 -2.4927308e+01 -2.4922061e+01 -2.4921146e+01 -3.2107176e-01 -3.1943542e-01 +2.8657445e+00 +2.8970019e+00 +3.1505386e+00 +4.0326795e+00 +4.0984024e+00 +4.9737904e+00 +5.6609663e+00 +5.7829016e+00 
-5.3003820e+01 -5.3003107e+01 -5.3002698e+01 -2.4941923e+01 -2.4941883e+01 -2.4937967e+01 -2.4937507e+01 -2.4930715e+01 -2.4926998e+01 -2.4926648e+01 -2.4921838e+01 -2.4921011e+01 -4.8992841e-01 -4.8825060e-01 +2.7357365e+00 +2.8721170e+00 +3.3331560e+00 +4.0778008e+00 +4.2800281e+00 +5.1473279e+00 +5.8323808e+00 +5.9674015e+00 
-5.3003867e+01 -5.3003162e+01 -5.3002712e+01 -2.4941409e+01 -2.4941340e+01 -2.4938088e+01 -2.4937657e+01 -2.4930019e+01 -2.4926400e+01 -2.4926006e+01 -2.4921619e+01 -2.4920882e+01 -6.5318199e-01 -6.5149594e-01 +2.5799726e+00 +2.8357335e+00 +3.5217223e+00 +4.1662695e+00 +4.4676936e+00 +5.3334413e+00 +6.0144850e+00 +6.1574121e+00 
-5.3003916e+01 -5.3003220e+01 -5.3002729e+01 -2.4940806e+01 -2.4940713e+01 -2.4938704e+01 -2.4937266e+01 -2.4929337e+01 -2.4925793e+01 -2.4925383e+01 -2.4921401e+01 -2.4920758e+01 -8.1075591e-01 -8.0908923e-01 +2.4300878e+00 +2.7663550e+00 +3.7158707e+00 +4.2925850e+00 +4.6613136e+00 +5.5290249e+00 +6.2053411e+00 +6.3526499e+00 
-5.3003967e+01 -5.3003279e+01 -5.3002748e+01 -2.4940119e+01 -2.4940020e+01 -2.4939333e+01 -2.4936795e+01 -2.4928673e+01 -2.4925186e+01 -2.4924786e+01 -2.4921184e+01 -2.4920638e+01 -9.6257888e-01 -9.6095573e-01 +2.2860871e+00 +2.6755040e+00 +3.9156258e+00 +4.4476620e+00 +4.8608208e+00 +5.7319496e+00 +6.4035743e+00 +6.5526917e+00 
-5.3004020e+01 -5.3003339e+01 -5.3002770e+01 -2.4940036e+01 -2.4939357e+01 -2.4939200e+01 -2.4936246e+01 -2.4928029e+01 -2.4924585e+01 -2.4924218e+01 -2.4920964e+01 -2.4920523e+01 -1.1085847e+00 -1.1070264e+00 +2.1479340e+00 +2.5722502e+00 +4.1210870e+00 +4.6239479e+00 +5.0661689e+00 +5.9403757e+00 +6.6081332e+00 +6.7569081e+00 
-5.3004074e+01 -5.3003401e+01 -5.3002794e+01 -2.4940698e+01 -2.4938526e+01 -2.4938369e+01 -2.4935622e+01 -2.4927409e+01 -2.4923995e+01 -2.4923684e+01 -2.4920738e+01 -2.4920409e+01 -1.2487138e+00 -1.2472385e+00 +2.0155926e+00 +2.4627119e+00 +4.3323923e+00 +4.8163579e+00 +5.2773359e+00 +6.1524000e+00 +6.8181949e+00 +6.9643504e+00 
-5.3004129e+01 -5.3003462e+01 -5.3002820e+01 -2.4941375e+01 -2.4937637e+01 -2.4937474e+01 -2.4934926e+01 -2.4926812e+01 -2.4923422e+01 -2.4923189e+01 -2.4920503e+01 -2.4920296e+01 -1.3829148e+00 -1.3815370e+00 +1.8890402e+00 +2.3508443e+00 +4.5497031e+00 +5.0217017e+00 +5.4943253e+00 +6.3659075e+00 +7.0331158e+00 +7.1735347e+00 
-5.3004185e+01 -5.3003524e+01 -5.3002848e+01 -2.4942053e+01 -2.4936697e+01 -2.4936532e+01 -2.4934164e+01 -2.4926242e+01 -2.4922868e+01 -2.4922736e+01 -2.4920254e+01 -2.4920181e+01 -1.5111470e+00 -1.5098754e+00 +1.7682727e+00 +2.2392268e+00 +4.7731917e+00 +5.2380022e+00 +5.7171688e+00 +6.5785613e+00 +7.2523724e+00 +7.3820277e+00 
-5.3004242e+01 -5.3003585e+01 -5.3002877e+01 -2.4942728e+01 -2.4935717e+01 -2.4935554e+01 -2.4933342e+01 -2.4925699e+01 -2.4922339e+01 -2.4922330e+01 -2.4920059e+01 -2.4919988e+01 -1.6333794e+00 -1.6322165e+00 +1.6533066e+00 +2.1295965e+00 +5.0030259e+00 +5.4640110e+00 +5.9459280e+00 +6.7878390e+00 +7.4754571e+00 +7.5857046e+00 
-5.3004299e+01 -5.3003646e+01 -5.3002908e+01 -2.4943395e+01 -2.4934707e+01 -2.4934551e+01 -2.4932468e+01 -2.4925183e+01 -2.4921969e+01 -2.4921838e+01 -2.4919926e+01 -2.4919704e+01 -1.7495893e+00 -1.7485298e+00 +1.5441760e+00 +2.0231737e+00 +5.2393474e+00 +5.6989011e+00 +6.1806914e+00 +6.9909626e+00 +7.7017164e+00 +7.7776324e+00 
-5.3004356e+01 -5.3003706e+01 -5.3002940e+01 -2.4944050e+01 -2.4933677e+01 -2.4933537e+01 -2.4931553e+01 -2.4924693e+01 -2.4921648e+01 -2.4921370e+01 -2.4919775e+01 -2.4919404e+01 -1.8597568e+00 -1.8587887e+00 +1.4409264e+00 +1.9208536e+00 +5.4822384e+00 +5.9420717e+00 +6.4215505e+00 +7.1845571e+00 +7.9301251e+00 +7.9471335e+00 
-5.3004411e+01 -5.3003765e+01 -5.3002974e+01 -2.4944688e+01 -2.4932642e+01 -2.4932524e+01 -2.4930608e+01 -2.4924229e+01 -2.4921360e+01 -2.4920938e+01 -2.4919601e+01 -2.4919094e+01 -1.9638597e+00 -1.9629659e+00 +1.3436060e+00 +1.8233142e+00 +5.7316649e+00 +6.1930223e+00 +6.6685261e+00 +7.3640273e+00 +8.0813308e+00 +8.1590397e+00 
-5.3004466e+01 -5.3003822e+01 -5.3003008e+01 -2.4945307e+01 -2.4931612e+01 -2.4931528e+01 -2.4929647e+01 -2.4923787e+01 -2.4921092e+01 -2.4920546e+01 -2.4919398e+01 -2.4918783e+01 -2.0618691e+00 -2.0610306e+00 +1.2522563e+00 +1.7310700e+00 +5.9873848e+00 +6.4512738e+00 +6.9213693e+00 +7.5230561e+00 +8.1721495e+00 +8.3861534e+00 
-5.3004519e+01 -5.3003878e+01 -5.3003043e+01 -2.4945902e+01 -2.4930605e+01 -2.4930566e+01 -2.4928681e+01 -2.4923365e+01 -2.4920832e+01 -2.4920192e+01 -2.4919166e+01 -2.4918477e+01 -2.1537481e+00 -2.1529469e+00 +1.1669069e+00 +1.6444886e+00 +6.2487914e+00 +6.7163149e+00 +7.1790383e+00 +7.6542762e+00 +8.2244157e+00 +8.6093586e+00 
-5.3004571e+01 -5.3003932e+01 -5.3003079e+01 -2.4946471e+01 -2.4929654e+01 -2.4929636e+01 -2.4927723e+01 -2.4922960e+01 -2.4920567e+01 -2.4919868e+01 -2.4918909e+01 -2.4918183e+01 -2.2394538e+00 -2.2386755e+00 +1.0875722e+00 +1.5637851e+00 +6.5146132e+00 +6.9875058e+00 +7.4382034e+00 +7.7521855e+00 +8.2554499e+00 +8.8292798e+00 
-5.3004620e+01 -5.3003983e+01 -5.3003115e+01 -2.4947010e+01 -2.4928806e+01 -2.4928722e+01 -2.4926784e+01 -2.4922570e+01 -2.4920288e+01 -2.4919561e+01 -2.4918640e+01 -2.4917907e+01 -2.3189410e+00 -2.3181764e+00 +1.0142524e+00 +1.4890147e+00 +6.7822355e+00 +7.2636135e+00 +7.6886067e+00 +7.8172577e+00 +8.2921475e+00 +9.0513031e+00 
-5.3004667e+01 -5.3004031e+01 -5.3003152e+01 -2.4947514e+01 -2.4928038e+01 -2.4927880e+01 -2.4925875e+01 -2.4922195e+01 -2.4919986e+01 -2.4919255e+01 -2.4918372e+01 -2.4917649e+01 -2.3921671e+00 -2.3914127e+00 +9.4693500e-01 +1.4200887e+00 +7.0459844e+00 +7.5396399e+00 +7.8597676e+00 +7.9021624e+00 +8.3792166e+00 +9.2827720e+00 
-5.3004711e+01 -5.3004076e+01 -5.3003189e+01 -2.4947982e+01 -2.4927356e+01 -2.4927125e+01 -2.4925002e+01 -2.4921839e+01 -2.4919654e+01 -2.4918937e+01 -2.4918114e+01 -2.4917412e+01 -2.4590960e+00 -2.4583544e+00 +8.8559744e-01 +1.3568289e+00 +7.2928206e+00 +7.7673011e+00 +7.9362679e+00 +8.0496198e+00 +8.5667411e+00 +9.5284509e+00 
-5.3004752e+01 -5.3004117e+01 -5.3003224e+01 -2.4948411e+01 -2.4926767e+01 -2.4926469e+01 -2.4924175e+01 -2.4921507e+01 -2.4919291e+01 -2.4918599e+01 -2.4917874e+01 -2.4917196e+01 -2.5197010e+00 -2.5189786e+00 +8.3021049e-01 +1.2990552e+00 +7.4953785e+00 +7.8204260e+00 +8.1788164e+00 +8.1809155e+00 +8.8400998e+00 +9.7897872e+00 
-5.3004790e+01 -5.3004154e+01 -5.3003257e+01 -2.4948798e+01 -2.4926268e+01 -2.4925917e+01 -2.4923400e+01 -2.4921205e+01 -2.4918902e+01 -2.4918240e+01 -2.4917654e+01 -2.4917000e+01 -2.5739649e+00 -2.5732677e+00 +7.8074234e-01 +1.2466718e+00 +7.6219891e+00 +7.8174845e+00 +8.3651548e+00 +8.4815042e+00 +9.1606729e+00 +1.0066434e+01 
-5.3004825e+01 -5.3004187e+01 -5.3003288e+01 -2.4949141e+01 -2.4925853e+01 -2.4925467e+01 -2.4922685e+01 -2.4920939e+01 -2.4918500e+01 -2.4917870e+01 -2.4917455e+01 -2.4916827e+01 -2.6218763e+00 -2.6212065e+00 +7.3716298e-01 +1.1997140e+00 +7.6773863e+00 +7.8035319e+00 +8.6250872e+00 +8.7973889e+00 +9.5126732e+00 +1.0357398e+01 
-5.3004855e+01 -5.3004215e+01 -5.3003314e+01 -2.4949439e+01 -2.4925513e+01 -2.4925109e+01 -2.4922038e+01 -2.4920710e+01 -2.4918104e+01 -2.4917509e+01 -2.4917274e+01 -2.4916676e+01 -2.6634258e+00 -2.6627793e+00 +6.9944715e-01 +1.1583410e+00 +7.6926308e+00 +7.7858440e+00 +8.9368509e+00 +9.1240880e+00 +9.8932331e+00 +1.0661433e+01 
-5.3004882e+01 -5.3004238e+01 -5.3003337e+01 -2.4949693e+01 -2.4925240e+01 -2.4924831e+01 -2.4921470e+01 -2.4920519e+01 -2.4917733e+01 -2.4917206e+01 -2.4917081e+01 -2.4916550e+01 -2.6986029e+00 -2.6979710e+00 +6.6757466e-01 +1.1227906e+00 +7.6897972e+00 +7.7674154e+00 +9.2830837e+00 +9.4599196e+00 +1.0305042e+01 +1.0977015e+01 
-5.3004903e+01 -5.3004257e+01 -5.3003355e+01 -2.4949901e+01 -2.4925026e+01 -2.4924619e+01 -2.4920989e+01 -2.4920365e+01 -2.4917408e+01 -2.4917036e+01 -2.4916823e+01 -2.4916447e+01 -2.7273973e+00 -2.7267686e+00 +6.4152872e-01 +1.0933224e+00 +7.6798469e+00 +7.7500899e+00 +9.6539160e+00 +9.8027073e+00 +1.0753108e+01 +1.1302051e+01 
-5.3004921e+01 -5.3004270e+01 -5.3003369e+01 -2.4950062e+01 -2.4924863e+01 -2.4924462e+01 -2.4920605e+01 -2.4920247e+01 -2.4917143e+01 -2.4916927e+01 -2.4916586e+01 -2.4916369e+01 -2.7498004e+00 -2.7491641e+00 +6.2129405e-01 +1.0701718e+00 +7.6683237e+00 +7.7352141e+00 +1.0039409e+01 +1.0148449e+01 +1.1239534e+01 +1.1622831e+01 
-5.3004933e+01 -5.3004280e+01 -5.3003379e+01 -2.4950178e+01 -2.4924749e+01 -2.4924355e+01 -2.4920325e+01 -2.4920163e+01 -2.4916947e+01 -2.4916850e+01 -2.4916412e+01 -2.4916314e+01 -2.7658061e+00 -2.7651556e+00 +6.0685587e-01 +1.0535209e+00 +7.6583219e+00 +7.7238237e+00 +1.0424121e+01 +1.0489562e+01 +1.1530520e+01 +1.1557190e+01 
-5.3004941e+01 -5.3004285e+01 -5.3003385e+01 -2.4950247e+01 -2.4924680e+01 -2.4924292e+01 -2.4920154e+01 -2.4920113e+01 -2.4916827e+01 -2.4916803e+01 -2.4916306e+01 -2.4916282e+01 -2.7754107e+00 -2.7747466e+00 +5.9820027e-01 +1.0434893e+00 +7.6516627e+00 +7.7166776e+00 +1.0784489e+01 +1.0811282e+01 +1.1361827e+01 +1.1378402e+01 
-5.3004943e+01 -5.3004287e+01 -5.3003387e+01 -2.4950270e+01 -2.4924657e+01 -2.4924271e+01 -2.4920097e+01 -2.4920097e+01 -2.4916787e+01 -2.4916787e+01 -2.4916271e+01 -2.4916271e+01 -2.7786125e+00 -2.7779427e+00 +5.9531647e-01 +1.0401392e+00 +7.6493370e+00 +7.7142430e+00 +1.1039058e+01 +1.1039058e+01 +1.1188423e+01 +1.1188423e+01 
-5.3004946e+01 -5.3004282e+01 -5.3003389e+01 -2.4950207e+01 -2.4925825e+01 -2.4923171e+01 -2.4920090e+01 -2.4920090e+01 -2.4916857e+01 -2.4916857e+01 -2.4916211e+01 -2.4916211e+01 -2.8517204e+00 -2.6986169e+00 +5.0697874e-01 +1.1339778e+00 +7.3400775e+00 +8.0303496e+00 +1.1042528e+01 +1.1042528e+01 +1.1189835e+01 +1.1189835e+01 
-5.3004954e+01 -5.3004266e+01 -5.3003395e+01 -2.4950016e+01 -2.4927220e+01 -2.4921977e+01 -2.4920069e+01 -2.4920069e+01 -2.4917012e+01 -2.4917012e+01 -2.4916084e+01 -2.4916084e+01 -2.9189148e+00 -2.6127666e+00 +3.3419625e-01 +1.3232426e+00 +7.0056017e+00 +8.3864297e+00 +1.1052569e+01 +1.1052569e+01 +1.1194774e+01 +1.1194774e+01 
-5.3004967e+01 -5.3004240e+01 -5.3003405e+01 -2.4949701e+01 -2.4928663e+01 -2.4920869e+01 -2.4920036e+01 -2.4920036e+01 -2.4917201e+01 -2.4917201e+01 -2.4915942e+01 -2.4915942e+01 -2.9798301e+00 -2.5207509e+00 +1.4401466e-01 +1.5408414e+00 +6.6744434e+00 +8.7571244e+00 +1.1067858e+01 +1.1067858e+01 +1.1205513e+01 +1.1205513e+01 
-5.3004983e+01 -5.3004208e+01 -5.3003419e+01 -2.4949261e+01 -2.4930139e+01 -2.4919992e+01 -2.4919992e+01 -2.4919858e+01 -2.4917402e+01 -2.4917402e+01 -2.4915807e+01 -2.4915807e+01 -3.0344311e+00 -2.4225939e+00 -4.7933005e-02 +1.7711116e+00 +6.3464392e+00 +9.1477869e+00 +1.1085791e+01 +1.1085791e+01 +1.1226064e+01 +1.1226064e+01 
-5.3005001e+01 -5.3004169e+01 -5.3003436e+01 -2.4948702e+01 -2.4931637e+01 -2.4919936e+01 -2.4919936e+01 -2.4918954e+01 -2.4917610e+01 -2.4917610e+01 -2.4915683e+01 -2.4915683e+01 -3.0826810e+00 -2.3183186e+00 -2.3721224e-01 +2.0096679e+00 +6.0215378e+00 +9.5653415e+00 +1.1103316e+01 +1.1103316e+01 +1.1261137e+01 +1.1261137e+01 
-5.3005020e+01 -5.3004126e+01 -5.3003456e+01 -2.4948024e+01 -2.4933144e+01 -2.4919870e+01 -2.4919870e+01 -2.4918161e+01 -2.4917820e+01 -2.4917820e+01 -2.4915575e+01 -2.4915575e+01 -3.1245445e+00 -2.2079470e+00 -4.2217772e-01 +2.2550456e+00 +5.6999467e+00 +1.0017419e+01 +1.1119257e+01 +1.1119257e+01 +1.1313615e+01 +1.1313615e+01 
-5.3005039e+01 -5.3004082e+01 -5.3003479e+01 -2.4947233e+01 -2.4934649e+01 -2.4919794e+01 -2.4919794e+01 -2.4918028e+01 -2.4918028e+01 -2.4917484e+01 -2.4915484e+01 -2.4915484e+01 -3.1599923e+00 -2.0915015e+00 -6.0212328e-01 +2.5068557e+00 +5.3820730e+00 +1.0511234e+01 +1.1134944e+01 +1.1134944e+01 +1.1383752e+01 +1.1383752e+01 
-5.3005058e+01 -5.3004039e+01 -5.3003503e+01 -2.4946334e+01 -2.4936142e+01 -2.4919707e+01 -2.4919707e+01 -2.4918231e+01 -2.4918231e+01 -2.4916923e+01 -2.4915410e+01 -2.4915410e+01 -3.1890045e+00 -1.9690078e+00 -7.7672706e-01 +2.7651658e+00 +5.0684326e+00 +1.1051982e+01 +1.1152556e+01 +1.1152556e+01 +1.1470596e+01 +1.1470596e+01 
-5.3005074e+01 -5.3003999e+01 -5.3003527e+01 -2.4945332e+01 -2.4937612e+01 -2.4919612e+01 -2.4919612e+01 -2.4918421e+01 -2.4918421e+01 -2.4916480e+01 -2.4915353e+01 -2.4915353e+01 -3.2115714e+00 -1.8404969e+00 -9.4583221e-01 +3.0301744e+00 +4.7595639e+00 +1.1173987e+01 +1.1173987e+01 +1.1446579e+01 +1.1446579e+01 +1.1573906e+01 
-5.3005087e+01 -5.3003966e+01 -5.3003547e+01 -2.4944237e+01 -2.4939045e+01 -2.4919514e+01 -2.4919514e+01 -2.4918591e+01 -2.4918591e+01 -2.4916159e+01 -2.4915312e+01 -2.4915312e+01 -3.2276902e+00 -1.7060077e+00 -1.1093449e+00 +3.3020134e+00 +4.4559728e+00 +1.1200674e+01 +1.1200674e+01 +1.1380031e+01 +1.1380031e+01 +1.1691773e+01 
-5.3005095e+01 -5.3003943e+01 -5.3003562e+01 -2.4943060e+01 -2.4940425e+01 -2.4919429e+01 -2.4919429e+01 -2.4918719e+01 -2.4918719e+01 -2.4915964e+01 -2.4915288e+01 -2.4915288e+01 -3.2373612e+00 -1.5655878e+00 -1.2671895e+00 +3.5806408e+00 +4.1581381e+00 +1.1233674e+01 +1.1233674e+01 +1.1322957e+01 +1.1322957e+01 +1.1821173e+01 
-5.3005098e+01 -5.3003935e+01 -5.3003567e+01 -2.4941999e+01 -2.4941554e+01 -2.4919392e+01 -2.4919392e+01 -2.4918771e+01 -2.4918771e+01 -2.4915898e+01 -2.4915281e+01 -2.4915281e+01 -3.2405849e+00 -1.4193172e+00 -1.4192701e+00 +3.8569415e+00 +3.8754108e+00 +1.1269834e+01 +1.1269834e+01 +1.1278749e+01 +1.1278749e+01 +1.1918435e+01 
-5.3005096e+01 -5.3003933e+01 -5.3003566e+01 -2.4941991e+01 -2.4941546e+01 -2.4919440e+01 -2.4919410e+01 -2.4918811e+01 -2.4918782e+01 -2.4915908e+01 -2.4915343e+01 -2.4915295e+01 -3.2374033e+00 -1.4162422e+00 -1.4161819e+00 +3.8600049e+00 +3.8782232e+00 +1.0942030e+01 +1.0971867e+01 +1.1483379e+01 +1.1491136e+01 +1.1661925e+01 
-5.3005091e+01 -5.3003927e+01 -5.3003562e+01 -2.4941969e+01 -2.4941522e+01 -2.4919581e+01 -2.4919464e+01 -2.4918927e+01 -2.4918817e+01 -2.4915935e+01 -2.4915530e+01 -2.4915337e+01 -3.2278618e+00 -1.4070180e+00 -1.4069194e+00 +3.8691601e+00 +3.8866433e+00 +1.0546873e+01 +1.0640418e+01 +1.1155438e+01 +1.1347335e+01 +1.1654716e+01 
-5.3005082e+01 -5.3003917e+01 -5.3003554e+01 -2.4941930e+01 -2.4941479e+01 -2.4919810e+01 -2.4919568e+01 -2.4919108e+01 -2.4918883e+01 -2.4915982e+01 -2.4915833e+01 -2.4915405e+01 -3.2119681e+00 -1.3916477e+00 -1.3914895e+00 +3.8842971e+00 +3.9006165e+00 +1.0135077e+01 +1.0292626e+01 +1.0696638e+01 +1.1042181e+01 +1.1703927e+01 
-5.3005067e+01 -5.3003903e+01 -5.3003542e+01 -2.4941874e+01 -2.4941419e+01 -2.4920125e+01 -2.4919757e+01 -2.4919319e+01 -2.4918987e+01 -2.4916243e+01 -2.4916046e+01 -2.4915499e+01 -3.1897324e+00 -1.3701374e+00 -1.3699053e+00 +3.9052218e+00 +3.9200441e+00 +9.7314236e+00 +9.9334278e+00 +1.0257841e+01 +1.0730390e+01 +1.1730436e+01 
-5.3005048e+01 -5.3003885e+01 -5.3003524e+01 -2.4941801e+01 -2.4941342e+01 -2.4920520e+01 -2.4920075e+01 -2.4919511e+01 -2.4919137e+01 -2.4916745e+01 -2.4916130e+01 -2.4915617e+01 -3.1611642e+00 -1.3424957e+00 -1.3421866e+00 +3.9316521e+00 +3.9447783e+00 +9.3451785e+00 +9.5671441e+00 +9.8595548e+00 +1.0420427e+01 +1.1743851e+01 
-5.3005023e+01 -5.3003863e+01 -5.3003501e+01 -2.4941713e+01 -2.4941250e+01 -2.4920992e+01 -2.4920518e+01 -2.4919686e+01 -2.4919350e+01 -2.4917313e+01 -2.4916235e+01 -2.4915758e+01 -3.1262721e+00 -1.3087335e+00 -1.3083588e+00 +3.9632318e+00 +3.9746254e+00 +8.9778186e+00 +9.2023118e+00 +9.4972778e+00 +1.0114527e+01 +1.1747656e+01 
-5.3004992e+01 -5.3003837e+01 -5.3003473e+01 -2.4941613e+01 -2.4941145e+01 -2.4921534e+01 -2.4921055e+01 -2.4919866e+01 -2.4919657e+01 -2.4917907e+01 -2.4916361e+01 -2.4915920e+01 -3.0850643e+00 -1.2688630e+00 -1.2684507e+00 +3.9995735e+00 +4.0093687e+00 +8.6277530e+00 +8.8469369e+00 +9.1595563e+00 +9.8140855e+00 +1.1736827e+01 
-5.3004957e+01 -5.3003808e+01 -5.3003441e+01 -2.4941504e+01 -2.4941031e+01 -2.4922138e+01 -2.4921665e+01 -2.4920110e+01 -2.4920062e+01 -2.4918466e+01 -2.4916511e+01 -2.4916101e+01 -3.0375521e+00 -1.2228980e+00 -1.2224905e+00 +4.0403297e+00 +4.0488102e+00 +8.2926441e+00 +8.5043527e+00 +8.8382975e+00 +9.5202948e+00 +1.1626913e+01 
-5.3004917e+01 -5.3003775e+01 -5.3003407e+01 -2.4941390e+01 -2.4940913e+01 -2.4922794e+01 -2.4922330e+01 -2.4920749e+01 -2.4920280e+01 -2.4918940e+01 -2.4916689e+01 -2.4916298e+01 -2.9837525e+00 -1.1708535e+00 -1.1705019e+00 +4.0852633e+00 +4.0928164e+00 +7.9703589e+00 +8.1748349e+00 +8.5292620e+00 +9.2342178e+00 +1.1276592e+01 
-5.3004873e+01 -5.3003740e+01 -5.3003370e+01 -2.4941275e+01 -2.4940797e+01 -2.4923490e+01 -2.4923037e+01 -2.4921559e+01 -2.4920522e+01 -2.4919335e+01 -2.4916896e+01 -2.4916507e+01 -2.9236900e+00 -1.1127452e+00 -1.1125007e+00 +4.1342645e+00 +4.1413348e+00 +7.6592598e+00 +7.8577017e+00 +8.2303249e+00 +8.9567219e+00 +1.0911143e+01 
-5.3004826e+01 -5.3003702e+01 -5.3003332e+01 -2.4941164e+01 -2.4940689e+01 -2.4924212e+01 -2.4923771e+01 -2.4922489e+01 -2.4920790e+01 -2.4919691e+01 -2.4917137e+01 -2.4916724e+01 -2.8573961e+00 -1.0485884e+00 -1.0484943e+00 +4.1872791e+00 +4.1943570e+00 +7.3582214e+00 +7.5521913e+00 +7.9404276e+00 +8.6883867e+00 +1.0555906e+01 
-5.3004775e+01 -5.3003662e+01 -5.3003294e+01 -2.4941065e+01 -2.4940597e+01 -2.4924951e+01 -2.4924519e+01 -2.4923495e+01 -2.4921083e+01 -2.4920039e+01 -2.4917412e+01 -2.4916950e+01 -2.7849068e+00 -9.7848221e-01 -9.7839759e-01 +4.2441651e+00 +4.2518331e+00 +7.0665407e+00 +7.2576689e+00 +7.6591307e+00 +8.4294621e+00 +1.0217254e+01 
-5.3004722e+01 -5.3003621e+01 -5.3003254e+01 -2.4940985e+01 -2.4940529e+01 -2.4925701e+01 -2.4925266e+01 -2.4924537e+01 -2.4921402e+01 -2.4920394e+01 -2.4917721e+01 -2.4917186e+01 -2.7062601e+00 -9.0246064e-01 -9.0218696e-01 +4.3045285e+00 +4.3135703e+00 +6.7838163e+00 +6.9736326e+00 +7.3864353e+00 +8.1799147e+00 +9.8955709e+00 
-5.3004666e+01 -5.3003579e+01 -5.3003215e+01 -2.4940931e+01 -2.4940495e+01 -2.4926478e+01 -2.4925996e+01 -2.4925563e+01 -2.4921747e+01 -2.4920767e+01 -2.4918061e+01 -2.4917432e+01 -2.6214932e+00 -8.2042804e-01 -8.1997091e-01 +4.3675724e+00 +4.3791386e+00 +6.5098389e+00 +6.6996993e+00 +7.1227372e+00 +7.9395492e+00 +9.5893734e+00 
-5.3004607e+01 -5.3003536e+01 -5.3003175e+01 -2.4940913e+01 -2.4940502e+01 -2.4927348e+01 -2.4926692e+01 -2.4926475e+01 -2.4922115e+01 -2.4921160e+01 -2.4918433e+01 -2.4917690e+01 -2.5306400e+00 -7.3239053e-01 -7.3176491e-01 +4.4319425e+00 +4.4477730e+00 +6.2445299e+00 +6.4356134e+00 +6.8688928e+00 +7.7081707e+00 +9.2968124e+00 
-5.3004547e+01 -5.3003493e+01 -5.3003135e+01 -2.4940939e+01 -2.4940558e+01 -2.4928358e+01 -2.4927339e+01 -2.4927194e+01 -2.4922505e+01 -2.4921576e+01 -2.4918834e+01 -2.4917961e+01 -2.4337303e+00 -6.3836473e-01 -6.3758670e-01 +4.4954926e+00 +4.5182209e+00 +5.9879620e+00 +6.1812820e+00 +6.6264292e+00 +7.4857651e+00 +9.0162845e+00 
-5.3004484e+01 -5.3003449e+01 -5.3003095e+01 -2.4941015e+01 -2.4940668e+01 -2.4929452e+01 -2.4927925e+01 -2.4927750e+01 -2.4922913e+01 -2.4922015e+01 -2.4919264e+01 -2.4918246e+01 -2.3307889e+00 -5.3837737e-01 -5.3745800e-01 +4.5548308e+00 +4.5884260e+00 +5.7405345e+00 +5.9368322e+00 +6.3979835e+00 +7.2727234e+00 +8.7466351e+00 
-5.3004419e+01 -5.3003405e+01 -5.3003056e+01 -2.4941142e+01 -2.4940833e+01 -2.4930572e+01 -2.4928442e+01 -2.4928182e+01 -2.4923336e+01 -2.4922477e+01 -2.4919720e+01 -2.4918544e+01 -2.2218374e+00 -4.3246288e-01 -4.3140692e-01 +4.6044551e+00 +4.6547514e+00 +5.5035573e+00 +5.7026834e+00 +6.1881124e+00 +7.0701574e+00 +8.4871400e+00 
-5.3004352e+01 -5.3003361e+01 -5.3003018e+01 -2.4941320e+01 -2.4941050e+01 -2.4931688e+01 -2.4928889e+01 -2.4928506e+01 -2.4923766e+01 -2.4922960e+01 -2.4920202e+01 -2.4918855e+01 -2.1068963e+00 -3.2066050e-01 -3.1947043e-01 +4.6354132e+00 +4.7095824e+00 +5.2813473e+00 +5.4795850e+00 +6.0045603e+00 +6.8803468e+00 +8.2373883e+00 
-5.3004283e+01 -5.3003317e+01 -5.3002981e+01 -2.4941540e+01 -2.4941311e+01 -2.4932786e+01 -2.4929272e+01 -2.4928732e+01 -2.4924197e+01 -2.4923462e+01 -2.4920706e+01 -2.4919180e+01 -1.9859874e+00 -2.0301315e-01 -2.0169639e-01 +4.6344332e+00 +4.7317524e+00 +5.0903606e+00 +5.2683818e+00 +5.8592723e+00 +6.7073060e+00 +7.9971715e+00 
-5.3004214e+01 -5.3003273e+01 -5.3002945e+01 -2.4941793e+01 -2.4941604e+01 -2.4933854e+01 -2.4929606e+01 -2.4928871e+01 -2.4924618e+01 -2.4923980e+01 -2.4921230e+01 -2.4919517e+01 -1.8591378e+00 -7.9568994e-02 -7.8145322e-02 +4.5872671e+00 +4.6657783e+00 +4.9794593e+00 +5.0689855e+00 +5.7659546e+00 +6.5573276e+00 +7.7664432e+00 
-5.3004144e+01 -5.3003231e+01 -5.3002910e+01 -2.4942067e+01 -2.4941915e+01 -2.4934883e+01 -2.4929910e+01 -2.4928938e+01 -2.4925018e+01 -2.4924510e+01 -2.4921771e+01 -2.4919868e+01 -1.7263810e+00 +4.9614216e-02 +5.1107608e-02 +4.4891384e+00 +4.5041888e+00 +4.8787740e+00 +4.9475072e+00 +5.7310749e+00 +6.4390045e+00 +7.5453877e+00 
-5.3004076e+01 -5.3003190e+01 -5.3002877e+01 -2.4942348e+01 -2.4942228e+01 -2.4935862e+01 -2.4930209e+01 -2.4928951e+01 -2.4925386e+01 -2.4925044e+01 -2.4922323e+01 -2.4920230e+01 -1.5877589e+00 +1.8446344e-01 +1.8596949e-01 +4.3116854e+00 +4.3507173e+00 +4.6932002e+00 +4.9206651e+00 +5.7470547e+00 +6.3616627e+00 +7.3346325e+00 
-5.3004010e+01 -5.3003150e+01 -5.3002845e+01 -2.4942622e+01 -2.4942528e+01 -2.4936779e+01 -2.4930527e+01 -2.4928932e+01 -2.4925713e+01 -2.4925571e+01 -2.4922879e+01 -2.4920604e+01 -1.4433205e+00 +3.2488390e-01 +3.2632447e-01 +4.1142458e+00 +4.1886603e+00 +4.5090990e+00 +4.8669900e+00 +5.7979839e+00 +6.3315516e+00 +7.1357210e+00 
-5.3003948e+01 -5.3003112e+01 -5.3002815e+01 -2.4942878e+01 -2.4942803e+01 -2.4937622e+01 -2.4930888e+01 -2.4928912e+01 -2.4926070e+01 -2.4925997e+01 -2.4923425e+01 -2.4920988e+01 -1.2931200e+00 +4.7075196e-01 +4.7202517e-01 +3.9185168e+00 +4.0155733e+00 +4.3259254e+00 +4.7806228e+00 +5.8673914e+00 +6.3482068e+00 +6.9521858e+00 
-5.3003889e+01 -5.3003075e+01 -5.3002788e+01 -2.4943103e+01 -2.4943043e+01 -2.4938380e+01 -2.4931304e+01 -2.4928937e+01 -2.4926501e+01 -2.4926254e+01 -2.4923940e+01 -2.4921379e+01 -1.1372149e+00 +6.2190553e-01 +6.2287880e-01 +3.7266572e+00 +3.8386988e+00 +4.1445018e+00 +4.6663530e+00 +5.9382509e+00 +6.4050435e+00 +6.7921210e+00 
-5.3003835e+01 -5.3003038e+01 -5.3002763e+01 -2.4943290e+01 -2.4943236e+01 -2.4939044e+01 -2.4931783e+01 -2.4929074e+01 -2.4926809e+01 -2.4926520e+01 -2.4924390e+01 -2.4921777e+01 -9.7566382e-01 +7.7812906e-01 +7.7862414e-01 +3.5395691e+00 +3.6619321e+00 +3.9659187e+00 +4.5324201e+00 +5.9867515e+00 +6.4933368e+00 +6.6734339e+00 
-5.3003786e+01 -5.3003003e+01 -5.3002741e+01 -2.4943429e+01 -2.4943379e+01 -2.4939605e+01 -2.4932319e+01 -2.4929370e+01 -2.4926947e+01 -2.4926845e+01 -2.4924732e+01 -2.4922175e+01 -8.0852606e-01 +9.3889214e-01 +9.3912722e-01 +3.3577267e+00 +3.4874728e+00 +3.7911717e+00 +4.3865371e+00 +5.9803419e+00 +6.5346820e+00 +6.6062235e+00 
-5.3003741e+01 -5.3002968e+01 -5.3002721e+01 -2.4943514e+01 -2.4943464e+01 -2.4940059e+01 -2.4932906e+01 -2.4929815e+01 -2.4927266e+01 -2.4926933e+01 -2.4924946e+01 -2.4922566e+01 -6.3586208e-01 +1.1031341e+00 +1.1044769e+00 +3.1814529e+00 +3.3167315e+00 +3.6211620e+00 +4.2346889e+00 +5.9063648e+00 +6.3452675e+00 +6.6531989e+00 
-5.3003701e+01 -5.3002933e+01 -5.3002705e+01 -2.4943540e+01 -2.4943487e+01 -2.4940402e+01 -2.4933533e+01 -2.4930356e+01 -2.4927777e+01 -2.4926819e+01 -2.4925057e+01 -2.4922939e+01 -4.5773512e-01 +1.2704822e+00 +1.2735358e+00 +3.0110537e+00 +3.1508126e+00 +3.4568227e+00 +4.0813148e+00 +5.7888278e+00 +6.1629179e+00 +6.7304727e+00 
-5.3003665e+01 -5.3002900e+01 -5.3002692e+01 -2.4943505e+01 -2.4943448e+01 -2.4940633e+01 -2.4934190e+01 -2.4930951e+01 -2.4928350e+01 -2.4926648e+01 -2.4925119e+01 -2.4923271e+01 -2.7421391e-01 +1.4394583e+00 +1.4452562e+00 +2.8469522e+00 +2.9908347e+00 +3.2993376e+00 +3.9298521e+00 +5.6528988e+00 +5.9877788e+00 +6.8214765e+00 
-5.3003634e+01 -5.3002869e+01 -5.3002682e+01 -2.4943408e+01 -2.4943345e+01 -2.4940753e+01 -2.4934866e+01 -2.4931573e+01 -2.4928955e+01 -2.4926445e+01 -2.4925201e+01 -2.4923526e+01 -8.5376353e-02 +1.6073120e+00 +1.6177591e+00 +2.6899634e+00 +2.8382852e+00 +3.1505709e+00 +3.7833038e+00 +5.5113518e+00 +5.8197196e+00 +6.8968441e+00 
-5.3003607e+01 -5.3002840e+01 -5.3002675e+01 -2.4943255e+01 -2.4943180e+01 -2.4940761e+01 -2.4935550e+01 -2.4932204e+01 -2.4929571e+01 -2.4926224e+01 -2.4925362e+01 -2.4923664e+01 +1.0868470e-01 +1.7683934e+00 +1.7871591e+00 +2.5421504e+00 +2.6956566e+00 +3.0141171e+00 +3.6448576e+00 +5.3698863e+00 +5.6586198e+00 +6.9289164e+00 
-5.3003585e+01 -5.3002813e+01 -5.3002671e+01 -2.4943055e+01 -2.4942961e+01 -2.4940659e+01 -2.4936230e+01 -2.4932828e+01 -2.4930181e+01 -2.4925994e+01 -2.4925622e+01 -2.4923680e+01 +3.0785057e-01 +1.9100193e+00 +1.9431567e+00 +2.4105619e+00 +2.5676821e+00 +2.8982210e+00 +3.5187734e+00 +5.2311944e+00 +5.5043803e+00 +6.9052242e+00 
-5.3003566e+01 -5.3002789e+01 -5.3002670e+01 -2.4942825e+01 -2.4942696e+01 -2.4940452e+01 -2.4936893e+01 -2.4933431e+01 -2.4930770e+01 -2.4925959e+01 -2.4925761e+01 -2.4923604e+01 +5.1195170e-01 +2.0046484e+00 +2.0466620e+00 +2.3281875e+00 +2.4617087e+00 +2.8232304e+00 +3.4119735e+00 +5.0967069e+00 +5.3569234e+00 +6.8383978e+00 
-5.3003553e+01 -5.3002768e+01 -5.3002673e+01 -2.4942590e+01 -2.4942403e+01 -2.4940144e+01 -2.4937520e+01 -2.4933996e+01 -2.4931323e+01 -2.4926340e+01 -2.4925530e+01 -2.4923473e+01 +7.2070116e-01 +2.0175436e+00 +2.0181589e+00 +2.3629496e+00 +2.3756996e+00 +2.8259045e+00 +3.3368443e+00 +4.9673391e+00 +5.2161872e+00 +6.7479712e+00 
-5.3003543e+01 -5.3002750e+01 -5.3002678e+01 -2.4942389e+01 -2.4942102e+01 -2.4939741e+01 -2.4938085e+01 -2.4934502e+01 -2.4931820e+01 -2.4926745e+01 -2.4925303e+01 -2.4923313e+01 +9.3348912e-01 +1.9160240e+00 +1.9570981e+00 +2.2871512e+00 +2.4372768e+00 +2.9201060e+00 +3.3135819e+00 +4.8438655e+00 +5.0821159e+00 +6.6470187e+00 
-5.3003537e+01 -5.3002733e+01 -5.3002686e+01 -2.4942274e+01 -2.4941818e+01 -2.4939253e+01 -2.4938556e+01 -2.4934919e+01 -2.4932239e+01 -2.4927159e+01 -2.4925084e+01 -2.4923139e+01 +1.1485795e+00 +1.8037931e+00 +1.8628482e+00 +2.1878289e+00 +2.4697977e+00 +3.0739056e+00 +3.3620035e+00 +4.7271996e+00 +4.9546484e+00 +6.5426519e+00 
-5.3003534e+01 -5.3002719e+01 -5.3002697e+01 -2.4942302e+01 -2.4941583e+01 -2.4938903e+01 -2.4938690e+01 -2.4935211e+01 -2.4932550e+01 -2.4927575e+01 -2.4924872e+01 -2.4922959e+01 +1.3580185e+00 +1.7022400e+00 +1.7580192e+00 +2.0837707e+00 +2.4491781e+00 +3.2566997e+00 +3.4806419e+00 +4.6187750e+00 +4.8337112e+00 +6.4388852e+00 
-5.3003534e+01 -5.3002709e+01 -5.3002707e+01 -2.4942502e+01 -2.4941432e+01 -2.4939128e+01 -2.4938068e+01 -2.4935333e+01 -2.4932723e+01 -2.4927988e+01 -2.4924669e+01 -2.4922779e+01 +1.4871536e+00 +1.6517032e+00 +1.6883765e+00 +1.9798736e+00 +2.3934788e+00 +3.4516000e+00 +3.6487634e+00 +4.5213808e+00 +4.7192306e+00 +6.3383586e+00 
-5.3003534e+01 -5.3002709e+01 -5.3002707e+01 -2.4942502e+01 -2.4941432e+01 -2.4939128e+01 -2.4938068e+01 -2.4935333e+01 -2.4932723e+01 -2.4927988e+01 -2.4924669e+01 -2.4922779e+01 +1.4871536e+00 +1.6517032e+00 +1.6883765e+00 +1.9798736e+00 +2.3934788e+00 +3.4516000e+00 +3.6487634e+00 +4.5213808e+00 +4.7192306e+00 +6.3383586e+00 
-5.3003538e+01 -5.3002723e+01 -5.3002696e+01 -2.4942855e+01 -2.4941396e+01 -2.4939288e+01 -2.4937400e+01 -2.4935245e+01 -2.4932724e+01 -2.4928396e+01 -2.4924474e+01 -2.4922603e+01 +1.4286153e+00 +1.5466057e+00 +1.8690662e+00 +1.8776947e+00 +2.3221346e+00 +3.6472898e+00 +3.8491247e+00 +4.4409297e+00 +4.6102085e+00 +6.2422770e+00 
-5.3003544e+01 -5.3002739e+01 -5.3002688e+01 -2.4943310e+01 -2.4941488e+01 -2.4939448e+01 -2.4936708e+01 -2.4934929e+01 -2.4932534e+01 -2.4928793e+01 -2.4924287e+01 -2.4922433e+01 +1.3349843e+00 +1.4454232e+00 +1.7794717e+00 +2.0731106e+00 +2.2635066e+00 +3.8198561e+00 +4.0687110e+00 +4.3967259e+00 +4.5079150e+00 +6.1535142e+00 
-5.3003553e+01 -5.3002757e+01 -5.3002683e+01 -2.4943822e+01 -2.4941693e+01 -2.4939653e+01 -2.4936006e+01 -2.4934406e+01 -2.4932159e+01 -2.4929176e+01 -2.4924108e+01 -2.4922273e+01 +1.2410825e+00 +1.3489971e+00 +1.6858430e+00 +2.1140455e+00 +2.3737503e+00 +3.9243307e+00 +4.3013063e+00 +4.4128976e+00 +4.4307377e+00 +6.0740898e+00 
-5.3003564e+01 -5.3002776e+01 -5.3002680e+01 -2.4944360e+01 -2.4941984e+01 -2.4939912e+01 -2.4935294e+01 -2.4933726e+01 -2.4931625e+01 -2.4929542e+01 -2.4923936e+01 -2.4922122e+01 +1.1511313e+00 +1.2577692e+00 +1.5971502e+00 +2.0438716e+00 +2.5979046e+00 +3.9355634e+00 +4.3262330e+00 +4.5435459e+00 +4.5646672e+00 +6.0066987e+00 
-5.3003577e+01 -5.3002795e+01 -5.3002680e+01 -2.4944906e+01 -2.4942332e+01 -2.4940215e+01 -2.4934570e+01 -2.4932946e+01 -2.4930977e+01 -2.4929885e+01 -2.4923768e+01 -2.4921982e+01 +1.0662170e+00 +1.1719786e+00 +1.5136034e+00 +1.9663287e+00 +2.8301841e+00 +3.8949874e+00 +4.2500677e+00 +4.7518328e+00 +4.7933523e+00 +5.9559297e+00 
-5.3003592e+01 -5.3002816e+01 -5.3002681e+01 -2.4945446e+01 -2.4942713e+01 -2.4940544e+01 -2.4933836e+01 -2.4932116e+01 -2.4930384e+01 -2.4930073e+01 -2.4923603e+01 -2.4921853e+01 +9.8675910e-01 +1.0917654e+00 +1.4353718e+00 +1.8903848e+00 +3.0576176e+00 +3.8373893e+00 +4.1882512e+00 +4.9479293e+00 +5.0494704e+00 +5.9308113e+00 
-5.3003609e+01 -5.3002837e+01 -5.3002683e+01 -2.4945972e+01 -2.4943107e+01 -2.4940885e+01 -2.4933098e+01 -2.4931271e+01 -2.4930581e+01 -2.4929408e+01 -2.4923442e+01 -2.4921736e+01 +9.1296500e-01 +1.0172308e+00 +1.3626195e+00 +1.8179552e+00 +3.2697152e+00 +3.7759309e+00 +4.1487199e+00 +5.1220764e+00 +5.3108020e+00 +5.9488296e+00 
-5.3003626e+01 -5.3002858e+01 -5.3002688e+01 -2.4946475e+01 -2.4943500e+01 -2.4941226e+01 -2.4932365e+01 -2.4930869e+01 -2.4930440e+01 -2.4928618e+01 -2.4923285e+01 -2.4921633e+01 +8.4495325e-01 +9.4846726e-01 +1.2955024e+00 +1.7499021e+00 +3.4479305e+00 +3.7155488e+00 +4.1477846e+00 +5.2449793e+00 +5.5755941e+00 +6.0343804e+00 
-5.3003644e+01 -5.3002879e+01 -5.3002693e+01 -2.4946951e+01 -2.4943883e+01 -2.4941556e+01 -2.4931647e+01 -2.4931143e+01 -2.4929643e+01 -2.4927830e+01 -2.4923134e+01 -2.4921546e+01 +7.8279531e-01 +8.8556529e-01 +1.2341484e+00 +1.6868183e+00 +3.5654994e+00 +3.6584065e+00 +4.2092427e+00 +5.3052609e+00 +5.8382468e+00 +6.1969430e+00 
-5.3003662e+01 -5.3002899e+01 -5.3002700e+01 -2.4947393e+01 -2.4944247e+01 -2.4941871e+01 -2.4931397e+01 -2.4930956e+01 -2.4928895e+01 -2.4927066e+01 -2.4922991e+01 -2.4921478e+01 +7.2653377e-01 +8.2860705e-01 +1.1786442e+00 +1.6291787e+00 +3.6055972e+00 +3.6140244e+00 +4.3372540e+00 +5.3203097e+00 +6.0691173e+00 +6.3143526e+00 
-5.3003679e+01 -5.3002919e+01 -5.3002707e+01 -2.4947798e+01 -2.4944585e+01 -2.4942164e+01 -2.4931629e+01 -2.4930301e+01 -2.4928207e+01 -2.4926338e+01 -2.4922857e+01 -2.4921430e+01 +6.7619304e-01 +7.7765962e-01 +1.1290370e+00 +1.5773550e+00 +3.5577350e+00 +3.6178144e+00 +4.5015934e+00 +5.3123660e+00 +6.1891496e+00 +6.5005165e+00 
-5.3003696e+01 -5.3002937e+01 -5.3002714e+01 -2.4948163e+01 -2.4944893e+01 -2.4942432e+01 -2.4931838e+01 -2.4929695e+01 -2.4927588e+01 -2.4925659e+01 -2.4922734e+01 -2.4921405e+01 +6.3178642e-01 +7.3277202e-01 +1.0853447e+00 +1.5316117e+00 +3.5151902e+00 +3.6019615e+00 +4.6695999e+00 +5.2949245e+00 +6.2625276e+00 +6.7723710e+00 
-5.3003712e+01 -5.3002954e+01 -5.3002721e+01 -2.4948484e+01 -2.4945167e+01 -2.4942670e+01 -2.4932022e+01 -2.4929147e+01 -2.4927043e+01 -2.4925034e+01 -2.4922625e+01 -2.4921404e+01 +5.9332053e-01 +6.9397509e-01 +1.0475679e+00 +1.4921100e+00 +3.4781939e+00 +3.5795400e+00 +4.8202046e+00 +5.2748251e+00 +6.3595051e+00 +7.0665269e+00 
-5.3003727e+01 -5.3002969e+01 -5.3002728e+01 -2.4948759e+01 -2.4945403e+01 -2.4942876e+01 -2.4932179e+01 -2.4928667e+01 -2.4926575e+01 -2.4924471e+01 -2.4922531e+01 -2.4921431e+01 +5.6079706e-01 +6.6128073e-01 +1.0156973e+00 +1.4589189e+00 +3.4468864e+00 +3.5565152e+00 +4.9418693e+00 +5.2555364e+00 +6.4962287e+00 +7.3702599e+00 
-5.3003740e+01 -5.3002982e+01 -5.3002734e+01 -2.4948987e+01 -2.4945599e+01 -2.4943047e+01 -2.4932310e+01 -2.4928262e+01 -2.4926189e+01 -2.4923976e+01 -2.4922457e+01 -2.4921485e+01 +5.3421293e-01 +6.3467793e-01 +9.8971476e-01 +1.4320255e+00 +3.4213400e+00 +3.5357299e+00 +5.0313934e+00 +5.2388524e+00 +6.6739031e+00 +7.6782973e+00 
-5.3003750e+01 -5.3002993e+01 -5.3002738e+01 -2.4949165e+01 -2.4945754e+01 -2.4943180e+01 -2.4932412e+01 -2.4927941e+01 -2.4925884e+01 -2.4923553e+01 -2.4922403e+01 -2.4921565e+01 +5.1355977e-01 +6.1412634e-01 +9.6959014e-01 +1.4113460e+00 +3.4015676e+00 +3.5186385e+00 +5.0920184e+00 +5.2256532e+00 +6.8850312e+00 +7.9822527e+00 
-5.3003758e+01 -5.3003001e+01 -5.3002742e+01 -2.4949293e+01 -2.4945865e+01 -2.4943275e+01 -2.4932486e+01 -2.4927707e+01 -2.4925663e+01 -2.4923212e+01 -2.4922368e+01 -2.4921662e+01 +4.9882446e-01 +5.9955349e-01 +9.5527845e-01 +1.3967448e+00 +3.3875307e+00 +3.5060252e+00 +5.1297207e+00 +5.2162702e+00 +7.1143780e+00 +8.2403855e+00 
-5.3003763e+01 -5.3003006e+01 -5.3002744e+01 -2.4949370e+01 -2.4945932e+01 -2.4943332e+01 -2.4932531e+01 -2.4927566e+01 -2.4925529e+01 -2.4922976e+01 -2.4922349e+01 -2.4921754e+01 +4.8999177e-01 +5.9086619e-01 +9.4672451e-01 +1.3880680e+00 +3.3791570e+00 +3.4983164e+00 +5.1499943e+00 +5.2107160e+00 +7.3293041e+00 +8.2322487e+00 
-5.3003765e+01 -5.3003008e+01 -5.3002745e+01 -2.4949396e+01 -2.4945955e+01 -2.4943351e+01 -2.4932545e+01 -2.4927518e+01 -2.4925484e+01 -2.4922888e+01 -2.4922343e+01 -2.4921794e+01 +4.8704917e-01 +5.8798164e-01 +9.4387977e-01 +1.3851916e+00 +3.3763756e+00 +3.4957252e+00 +5.1563582e+00 +5.2088840e+00 +7.4357437e+00 +8.1396483e+00 
-5.3003764e+01 -5.3003008e+01 -5.3002744e+01 -2.4949361e+01 -2.4946031e+01 -2.4943293e+01 -2.4932575e+01 -2.4927505e+01 -2.4925470e+01 -2.4922885e+01 -2.4922485e+01 -2.4921664e+01 +4.8970481e-01 +5.9003242e-01 +9.0566626e-01 +1.4308726e+00 +3.2934529e+00 +3.5775820e+00 +4.9401291e+00 +5.4322984e+00 +7.4388411e+00 +8.1373806e+00 
-5.3003762e+01 -5.3003008e+01 -5.3002742e+01 -2.4949256e+01 -2.4946233e+01 -2.4943150e+01 -2.4932652e+01 -2.4927464e+01 -2.4925437e+01 -2.4922872e+01 -2.4922758e+01 -2.4921425e+01 +4.9735100e-01 +5.9518036e-01 +8.2101090e-01 +1.5392330e+00 +3.1724763e+00 +3.6910423e+00 +4.7153426e+00 +5.6827427e+00 +7.4480959e+00 +8.1259846e+00 
-5.3003760e+01 -5.3003007e+01 -5.3002739e+01 -2.4949085e+01 -2.4946506e+01 -2.4942983e+01 -2.4932746e+01 -2.4927396e+01 -2.4925411e+01 -2.4923062e+01 -2.4922843e+01 -2.4921177e+01 +5.0803203e-01 +5.9740365e-01 +7.3115461e-01 +1.6769505e+00 +3.0514216e+00 +3.7793074e+00 +4.5269183e+00 +5.9334359e+00 +7.4633921e+00 +8.0900830e+00 
-5.3003757e+01 -5.3003007e+01 -5.3002735e+01 -2.4948856e+01 -2.4946802e+01 -2.4942846e+01 -2.4932818e+01 -2.4927303e+01 -2.4925421e+01 -2.4923375e+01 -2.4922787e+01 -2.4920940e+01 +5.0673165e-01 +5.7857356e-01 +6.8282639e-01 +1.8303617e+00 +2.9342461e+00 +3.7895983e+00 +4.4257106e+00 +6.1810711e+00 +7.4845234e+00 +8.0081437e+00 
-5.3003764e+01 -5.3003022e+01 -5.3002731e+01 -2.4948639e+01 -2.4946576e+01 -2.4942766e+01 -2.4933284e+01 -2.4927271e+01 -2.4925194e+01 -2.4923309e+01 -2.4922680e+01 -2.4920922e+01 +3.7876751e-01 +3.9004838e-01 +8.2924767e-01 +2.0313607e+00 +3.1368590e+00 +3.5982138e+00 +4.2503550e+00 +6.3447965e+00 +7.4894949e+00 +8.0906338e+00 
-5.3003777e+01 -5.3003042e+01 -5.3002728e+01 -2.4948314e+01 -2.4946247e+01 -2.4942595e+01 -2.4933807e+01 -2.4927215e+01 -2.4924948e+01 -2.4923218e+01 -2.4922564e+01 -2.4920882e+01 +1.9821003e-01 +2.0275178e-01 +1.0368053e+00 +2.2422239e+00 +3.3424013e+00 +3.4129858e+00 +4.0837579e+00 +6.5068934e+00 +7.4981938e+00 +8.1695318e+00 
-5.3003796e+01 -5.3003069e+01 -5.3002727e+01 -2.4947885e+01 -2.4945820e+01 -2.4942337e+01 -2.4934372e+01 -2.4927135e+01 -2.4924689e+01 -2.4923103e+01 -2.4922443e+01 -2.4920821e+01 +1.6794126e-02 +1.9246837e-02 +1.2532328e+00 +2.4603580e+00 +3.2325983e+00 +3.5420112e+00 +3.9372342e+00 +6.6667226e+00 +7.5105682e+00 +8.2475881e+00 
-5.3003819e+01 -5.3003101e+01 -5.3002728e+01 -2.4947356e+01 -2.4945296e+01 -2.4941994e+01 -2.4934967e+01 -2.4927031e+01 -2.4924424e+01 -2.4922967e+01 -2.4922321e+01 -2.4920739e+01 -1.6108072e-01 -1.5949769e-01 +1.4732978e+00 +2.6839478e+00 +3.0589179e+00 +3.6500740e+00 +3.8967076e+00 +6.8236186e+00 +7.5266654e+00 +8.3259662e+00 
-5.3003848e+01 -5.3003138e+01 -5.3002732e+01 -2.4946732e+01 -2.4944682e+01 -2.4941568e+01 -2.4935575e+01 -2.4926903e+01 -2.4924157e+01 -2.4922811e+01 -2.4922200e+01 -2.4920638e+01 -3.3421936e-01 -3.3304048e-01 +1.6939788e+00 +2.8868797e+00 +2.9146952e+00 +3.5662244e+00 +4.0676217e+00 +6.9768548e+00 +7.5466922e+00 +8.4039756e+00 
-5.3003882e+01 -5.3003180e+01 -5.3002739e+01 -2.4946022e+01 -2.4943987e+01 -2.4941069e+01 -2.4936179e+01 -2.4926751e+01 -2.4923891e+01 -2.4922638e+01 -2.4922084e+01 -2.4920519e+01 -5.0211095e-01 -5.0113443e-01 +1.9108871e+00 +2.7287681e+00 +3.1292584e+00 +3.4637462e+00 +4.2915160e+00 +7.1256754e+00 +7.5710624e+00 +8.4790069e+00 
-5.3003919e+01 -5.3003226e+01 -5.3002748e+01 -2.4945238e+01 -2.4943220e+01 -2.4940512e+01 -2.4936746e+01 -2.4926574e+01 -2.4923629e+01 -2.4922449e+01 -2.4921972e+01 -2.4920382e+01 -6.6449387e-01 -6.6362136e-01 +2.1153942e+00 +2.5730862e+00 +3.2492859e+00 +3.4806294e+00 +4.5284175e+00 +7.2693561e+00 +7.6004076e+00 +8.5467112e+00 
-5.3003960e+01 -5.3003275e+01 -5.3002760e+01 -2.4944397e+01 -2.4942400e+01 -2.4939941e+01 -2.4937214e+01 -2.4926373e+01 -2.4923372e+01 -2.4922247e+01 -2.4921866e+01 -2.4920231e+01 -8.2121863e-01 -8.2039726e-01 +2.2890703e+00 +2.4234860e+00 +3.2254190e+00 +3.6861930e+00 +4.7727171e+00 +7.4072424e+00 +7.6355333e+00 +8.6018334e+00 
-5.3004004e+01 -5.3003326e+01 -5.3002775e+01 -2.4943533e+01 -2.4941559e+01 -2.4939452e+01 -2.4937432e+01 -2.4926148e+01 -2.4923119e+01 -2.4922033e+01 -2.4921764e+01 -2.4920066e+01 -9.7219299e-01 -9.7139457e-01 +2.2788097e+00 +2.4007782e+00 +3.2404799e+00 +3.9311581e+00 +5.0227378e+00 +7.5387210e+00 +7.6773172e+00 +8.6398476e+00 
-5.3004050e+01 -5.3003379e+01 -5.3002793e+01 -2.4942729e+01 -2.4940774e+01 -2.4939112e+01 -2.4937197e+01 -2.4925899e+01 -2.4922871e+01 -2.4921808e+01 -2.4921668e+01 -2.4919890e+01 -1.1173586e+00 -1.1165684e+00 +2.1409030e+00 +2.4247151e+00 +3.3472237e+00 +4.1870952e+00 +5.2776617e+00 +7.6630856e+00 +7.7265729e+00 +8.6585865e+00 
-5.3004099e+01 -5.3003434e+01 -5.3002813e+01 -2.4942193e+01 -2.4940108e+01 -2.4938618e+01 -2.4936560e+01 -2.4925627e+01 -2.4922627e+01 -2.4921574e+01 -2.4921573e+01 -2.4919704e+01 -1.2566781e+00 -1.2558859e+00 +2.0086321e+00 +2.3807576e+00 +3.5310591e+00 +4.4498831e+00 +5.5369614e+00 +7.7792619e+00 +7.7839218e+00 +8.6587954e+00 
-5.3004149e+01 -5.3003489e+01 -5.3002835e+01 -2.4942158e+01 -2.4939340e+01 -2.4937784e+01 -2.4935722e+01 -2.4925335e+01 -2.4922386e+01 -2.4921482e+01 -2.4921326e+01 -2.4919511e+01 -1.3901255e+00 -1.3893200e+00 +1.8821532e+00 +2.3021811e+00 +3.7596265e+00 +4.7182722e+00 +5.8002530e+00 +7.8497158e+00 +7.8853532e+00 +8.6435321e+00 
-5.3004201e+01 -5.3003546e+01 -5.3002859e+01 -2.4942500e+01 -2.4938356e+01 -2.4936770e+01 -2.4934788e+01 -2.4925024e+01 -2.4922146e+01 -2.4921389e+01 -2.4921070e+01 -2.4919313e+01 -1.5176756e+00 -1.5168457e+00 +1.7615148e+00 +2.2091331e+00 +4.0130374e+00 +4.9916391e+00 +6.0672411e+00 +7.9240305e+00 +7.9780671e+00 +8.6169885e+00 
-5.3004254e+01 -5.3003603e+01 -5.3002885e+01 -2.4943008e+01 -2.4937250e+01 -2.4935679e+01 -2.4933802e+01 -2.4924698e+01 -2.4921905e+01 -2.4921291e+01 -2.4920802e+01 -2.4919111e+01 -1.6392980e+00 -1.6384383e+00 +1.6467693e+00 +2.1110513e+00 +4.2818664e+00 +5.2695705e+00 +6.3376782e+00 +8.0067206e+00 +8.0525023e+00 +8.5831449e+00 
-5.3004307e+01 -5.3003660e+01 -5.3002913e+01 -2.4943581e+01 -2.4936083e+01 -2.4934554e+01 -2.4932788e+01 -2.4924360e+01 -2.4921660e+01 -2.4921187e+01 -2.4920525e+01 -2.4918906e+01 -1.7549545e+00 -1.7540714e+00 +1.5379698e+00 +2.0123998e+00 +4.5616301e+00 +5.5517682e+00 +6.6113121e+00 +8.0975050e+00 +8.1034624e+00 +8.5446508e+00 
-5.3004361e+01 -5.3003718e+01 -5.3002943e+01 -2.4944179e+01 -2.4934890e+01 -2.4933421e+01 -2.4931766e+01 -2.4924013e+01 -2.4921409e+01 -2.4921072e+01 -2.4920239e+01 -2.4918699e+01 -1.8646024e+00 -1.8637143e+00 +1.4351607e+00 +1.9154854e+00 +4.8500733e+00 +5.8380003e+00 +6.8878006e+00 +8.1288294e+00 +8.1960478e+00 +8.5027276e+00 
-5.3004415e+01 -5.3003775e+01 -5.3002974e+01 -2.4944780e+01 -2.4933692e+01 -2.4932299e+01 -2.4930747e+01 -2.4923661e+01 -2.4921147e+01 -2.4920942e+01 -2.4919947e+01 -2.4918491e+01 -1.9681997e+00 -1.9673306e+00 +1.3383711e+00 +1.8216473e+00 +5.1459842e+00 +6.1280070e+00 +7.1665137e+00 +8.1321466e+00 +8.3020184e+00 +8.4584913e+00 
-5.3004468e+01 -5.3003831e+01 -5.3003007e+01 -2.4945372e+01 -2.4932509e+01 -2.4931211e+01 -2.4929741e+01 -2.4923308e+01 -2.4920870e+01 -2.4920792e+01 -2.4919651e+01 -2.4918281e+01 -2.0657078e+00 -2.0648787e+00 +1.2476126e+00 +1.7317572e+00 +5.4486236e+00 +6.4213058e+00 +7.4458393e+00 +8.1214895e+00 +8.4143999e+00 +8.4151322e+00 
-5.3004520e+01 -5.3003886e+01 -5.3003042e+01 -2.4945949e+01 -2.4931362e+01 -2.4930179e+01 -2.4928753e+01 -2.4922957e+01 -2.4920628e+01 -2.4920562e+01 -2.4919354e+01 -2.4918072e+01 -2.1570933e+00 -2.1563133e+00 +1.1628803e+00 +1.6464276e+00 +5.7573993e+00 +6.7167673e+00 +7.7193619e+00 +8.1093969e+00 +8.3750867e+00 +8.5351811e+00 
-5.3004570e+01 -5.3003938e+01 -5.3003078e+01 -2.4946504e+01 -2.4930272e+01 -2.4929223e+01 -2.4927784e+01 -2.4922614e+01 -2.4920424e+01 -2.4920242e+01 -2.4919060e+01 -2.4917864e+01 -2.2423255e+00 -2.2415886e+00 +1.0841572e+00 +1.5660974e+00 +6.0716068e+00 +7.0115579e+00 +7.9404786e+00 +8.1430081e+00 +8.3515601e+00 +8.6620578e+00 
-5.3004619e+01 -5.3003988e+01 -5.3003115e+01 -2.4947032e+01 -2.4929258e+01 -2.4928361e+01 -2.4926837e+01 -2.4922280e+01 -2.4920186e+01 -2.4919893e+01 -2.4918771e+01 -2.4917660e+01 -2.3213733e+00 -2.3206629e+00 +1.0114174e+00 +1.4910677e+00 +6.3900583e+00 +7.2981737e+00 +7.9906827e+00 +8.2759052e+00 +8.4241360e+00 +8.7957697e+00 
-5.3004666e+01 -5.3004035e+01 -5.3003153e+01 -2.4947529e+01 -2.4928342e+01 -2.4927598e+01 -2.4925918e+01 -2.4921961e+01 -2.4919908e+01 -2.4919521e+01 -2.4918491e+01 -2.4917463e+01 -2.3942030e+00 -2.3935025e+00 +9.4462997e-01 +1.4215225e+00 +6.7102360e+00 +7.5561106e+00 +7.9827440e+00 +8.3298497e+00 +8.6871987e+00 +8.9364397e+00 
-5.3004711e+01 -5.3004079e+01 -5.3003189e+01 -2.4947993e+01 -2.4927541e+01 -2.4926931e+01 -2.4925035e+01 -2.4921659e+01 -2.4919587e+01 -2.4919129e+01 -2.4918223e+01 -2.4917274e+01 -2.4607797e+00 -2.4600817e+00 +8.8376095e-01 +1.3575492e+00 +7.0258441e+00 +7.7392868e+00 +7.9836554e+00 +8.4447782e+00 +8.9917133e+00 +9.0842964e+00 
-5.3004752e+01 -5.3004119e+01 -5.3003225e+01 -2.4948418e+01 -2.4926864e+01 -2.4926352e+01 -2.4924197e+01 -2.4921378e+01 -2.4919229e+01 -2.4918723e+01 -2.4917971e+01 -2.4917095e+01 -2.5210732e+00 -2.5203793e+00 +8.2877665e-01 +1.2991716e+00 +7.3190101e+00 +7.8117491e+00 +8.0271161e+00 +8.6714660e+00 +9.2396658e+00 +9.3122903e+00 
-5.3004790e+01 -5.3004155e+01 -5.3003258e+01 -2.4948803e+01 -2.4926312e+01 -2.4925854e+01 -2.4923413e+01 -2.4921120e+01 -2.4918845e+01 -2.4918308e+01 -2.4917737e+01 -2.4916930e+01 -2.5750606e+00 -2.5743767e+00 +7.7964669e-01 +1.2463963e+00 +7.5436051e+00 +7.8175878e+00 +8.1502758e+00 +8.9827809e+00 +9.4029755e+00 +9.6457099e+00 
-5.3004825e+01 -5.3004187e+01 -5.3003288e+01 -2.4949146e+01 -2.4925869e+01 -2.4925436e+01 -2.4922691e+01 -2.4920887e+01 -2.4918452e+01 -2.4917896e+01 -2.4917525e+01 -2.4916780e+01 -2.6227257e+00 -2.6220574e+00 +7.3634678e-01 +1.1992628e+00 +7.6546544e+00 +7.8040657e+00 +8.3912122e+00 +9.3445667e+00 +9.5747772e+00 +9.9892262e+00 
-5.3004855e+01 -5.3004215e+01 -5.3003315e+01 -2.4949443e+01 -2.4925517e+01 -2.4925095e+01 -2.4922039e+01 -2.4920682e+01 -2.4918068e+01 -2.4917502e+01 -2.4917336e+01 -2.4916648e+01 -2.6640565e+00 -2.6634059e+00 +6.9885939e-01 +1.1578759e+00 +7.6872006e+00 +7.7859488e+00 +8.7205206e+00 +9.7434621e+00 +9.7557856e+00 +1.0336234e+01 
-5.3004882e+01 -5.3004238e+01 -5.3003337e+01 -2.4949696e+01 -2.4925240e+01 -2.4924825e+01 -2.4921468e+01 -2.4920506e+01 -2.4917711e+01 -2.4917172e+01 -2.4917143e+01 -2.4916534e+01 -2.6990437e+00 -2.6984074e+00 +6.6717177e-01 +1.1224039e+00 +7.6886007e+00 +7.7673259e+00 +9.0968591e+00 +9.9469240e+00 +1.0177572e+01 +1.0673143e+01 
-5.3004904e+01 -5.3004257e+01 -5.3003355e+01 -2.4949903e+01 -2.4925024e+01 -2.4924616e+01 -2.4920987e+01 -2.4920360e+01 -2.4917396e+01 -2.4917036e+01 -2.4916835e+01 -2.4916439e+01 -2.7276800e+00 -2.7270489e+00 +6.4127279e-01 +1.0930496e+00 +7.6795566e+00 +7.7499645e+00 +9.5028313e+00 +1.0149358e+01 +1.0648431e+01 +1.0978657e+01 
-5.3004921e+01 -5.3004271e+01 -5.3003369e+01 -2.4950063e+01 -2.4924862e+01 -2.4924461e+01 -2.4920603e+01 -2.4920245e+01 -2.4917138e+01 -2.4916928e+01 -2.4916588e+01 -2.4916366e+01 -2.7499593e+00 -2.7493223e+00 +6.2115064e-01 +1.0700104e+00 +7.6682164e+00 +7.7351171e+00 +9.9286965e+00 +1.0364475e+01 +1.1134775e+01 +1.1243681e+01 
-5.3004933e+01 -5.3004280e+01 -5.3003379e+01 -2.4950178e+01 -2.4924748e+01 -2.4924354e+01 -2.4920324e+01 -2.4920163e+01 -2.4916946e+01 -2.4916850e+01 -2.4916412e+01 -2.4916313e+01 -2.7658767e+00 -2.7652260e+00 +6.0679225e-01 +1.0534476e+00 +7.6582742e+00 +7.7237735e+00 +1.0359846e+01 +1.0593660e+01 +1.1335914e+01 +1.1714247e+01 
-5.3004941e+01 -5.3004285e+01 -5.3003385e+01 -2.4950247e+01 -2.4924680e+01 -2.4924292e+01 -2.4920154e+01 -2.4920113e+01 -2.4916827e+01 -2.4916803e+01 -2.4916306e+01 -2.4916282e+01 -2.7754284e+00 -2.7747642e+00 +5.9818438e-01 +1.0434708e+00 +7.6516500e+00 +7.7166643e+00 +1.0765769e+01 +1.0836677e+01 +1.1322222e+01 +1.1412059e+01 
-5.3004943e+01 -5.3004287e+01 -5.3003387e+01 -2.4950270e+01 -2.4924657e+01 -2.4924271e+01 -2.4920097e+01 -2.4920097e+01 -2.4916787e+01 -2.4916787e+01 -2.4916271e+01 -2.4916271e+01 -2.7786125e+00 -2.7779427e+00 +5.9531647e-01 +1.0401392e+00 +7.6493370e+00 +7.7142430e+00 +1.1039058e+01 +1.1039058e+01 +1.1188423e+01 +1.1188423e+01 
-5.3003734e+01 -5.3002978e+01 -5.3002730e+01 -2.4948818e+01 -2.4946560e+01 -2.4943914e+01 -2.4930364e+01 -2.4927681e+01 -2.4926124e+01 -2.4925527e+01 -2.4922330e+01 -2.4919992e+01 +3.3075338e-01 +4.6035155e-01 +1.3393937e+00 +1.8123417e+00 +2.6913436e+00 +2.8192561e+00 +6.0317442e+00 +6.1893187e+00 +7.2956648e+00 +7.7672569e+00 
-5.3003735e+01 -5.3002978e+01 -5.3002730e+01 -2.4948790e+01 -2.4946641e+01 -2.4943840e+01 -2.4930492e+01 -2.4927558e+01 -2.4926205e+01 -2.4925430e+01 -2.4922345e+01 -2.4920008e+01 +3.3369601e-01 +4.6347104e-01 +1.3022224e+00 +1.8554724e+00 +2.6063308e+00 +2.9093764e+00 +5.8464738e+00 +6.3773083e+00 +7.2632512e+00 +7.7318352e+00 
-5.3003736e+01 -5.3002980e+01 -5.3002729e+01 -2.4948707e+01 -2.4946850e+01 -2.4943650e+01 -2.4930813e+01 -2.4927252e+01 -2.4926373e+01 -2.4925216e+01 -2.4922388e+01 -2.4920054e+01 +3.4251406e-01 +4.7279092e-01 +1.2159340e+00 +1.9596246e+00 +2.4836290e+00 +3.0472153e+00 +5.6039779e+00 +6.6278462e+00 +7.1747458e+00 +7.6902086e+00 
-5.3003738e+01 -5.3002984e+01 -5.3002729e+01 -2.4948578e+01 -2.4947122e+01 -2.4943405e+01 -2.4931228e+01 -2.4926866e+01 -2.4926558e+01 -2.4924954e+01 -2.4922451e+01 -2.4920131e+01 +3.5717574e-01 +4.8819214e-01 +1.1117638e+00 +2.0934438e+00 +2.3620909e+00 +3.1934108e+00 +5.3624897e+00 +6.8823527e+00 +7.0472904e+00 +7.6499268e+00 
-5.3003741e+01 -5.3002988e+01 -5.3002730e+01 -2.4948431e+01 -2.4947384e+01 -2.4943162e+01 -2.4931661e+01 -2.4926739e+01 -2.4926470e+01 -2.4924665e+01 -2.4922527e+01 -2.4920237e+01 +3.7761925e-01 +5.0944680e-01 +1.0036150e+00 +2.2307907e+00 +2.2574281e+00 +3.3432431e+00 +5.1265254e+00 +6.8950446e+00 +7.1359166e+00 +7.6110428e+00 
-5.3003744e+01 -5.3002993e+01 -5.3002730e+01 -2.4948352e+01 -2.4947523e+01 -2.4942961e+01 -2.4932066e+01 -2.4926908e+01 -2.4926108e+01 -2.4924357e+01 -2.4922607e+01 -2.4920373e+01 +4.0373052e-01 +5.3608720e-01 +8.9722229e-01 +2.1308493e+00 +2.4060153e+00 +3.4928984e+00 +4.8998029e+00 +6.7273825e+00 +7.3844741e+00 +7.5741345e+00 
-5.3003748e+01 -5.3002998e+01 -5.3002731e+01 -2.4948449e+01 -2.4947419e+01 -2.4942832e+01 -2.4932407e+01 -2.4927060e+01 -2.4925804e+01 -2.4924036e+01 -2.4922681e+01 -2.4920536e+01 +4.3526493e-01 +5.6679386e-01 +7.9622275e-01 +2.0245414e+00 +2.5751022e+00 +3.6349019e+00 +4.6897128e+00 +6.5501133e+00 +7.5401214e+00 +7.6220568e+00 
-5.3003753e+01 -5.3003003e+01 -5.3002733e+01 -2.4948649e+01 -2.4947145e+01 -2.4942793e+01 -2.4932662e+01 -2.4927193e+01 -2.4925573e+01 -2.4923707e+01 -2.4922743e+01 -2.4920726e+01 +4.7145539e-01 +5.9478107e-01 +7.0899952e-01 +1.9241840e+00 +2.7515500e+00 +3.7498197e+00 +4.5156401e+00 +6.3671180e+00 +7.5099716e+00 +7.8372614e+00 
-5.3003757e+01 -5.3003007e+01 -5.3002735e+01 -2.4948856e+01 -2.4946802e+01 -2.4942846e+01 -2.4932818e+01 -2.4927303e+01 -2.4925421e+01 -2.4923375e+01 -2.4922787e+01 -2.4920940e+01 +5.0673166e-01 +5.7857356e-01 +6.8282639e-01 +1.8303617e+00 +2.9342461e+00 +3.7895983e+00 +4.4257106e+00 +6.1810711e+00 +7.4845234e+00 +8.0081437e+00 
