# num high symmetry points
12
# label high symmetry points
G M K G A L H A L M K H 
# indices high symmetry points
1 39 61 105 126 164 186 230 231 252 253 274 
# nk, nb, ns
274 19 1
# k-points (frac coords)
+0.0000000e+00 +0.0000000e+00 +0.0000000e+00 
+1.3157895e-02 +0.0000000e+00 +0.0000000e+00 
+2.6315789e-02 +0.0000000e+00 +0.0000000e+00 
+3.9473684e-02 +0.0000000e+00 +0.0000000e+00 
+5.2631579e-02 +0.0000000e+00 +0.0000000e+00 
+6.5789474e-02 +0.0000000e+00 +0.0000000e+00 
+7.8947368e-02 +0.0000000e+00 +0.0000000e+00 
+9.2105263e-02 +0.0000000e+00 +0.0000000e+00 
+1.0526316e-01 +0.0000000e+00 +0.0000000e+00 
+1.1842105e-01 +0.0000000e+00 +0.0000000e+00 
+1.3157895e-01 +0.0000000e+00 +0.0000000e+00 
+1.4473684e-01 +0.0000000e+00 +0.0000000e+00 
+1.5789474e-01 +0.0000000e+00 +0.0000000e+00 
+1.7105263e-01 +0.0000000e+00 +0.0000000e+00 
+1.8421053e-01 +0.0000000e+00 +0.0000000e+00 
+1.9736842e-01 +0.0000000e+00 +0.0000000e+00 
+2.1052632e-01 +0.0000000e+00 +0.0000000e+00 
+2.2368421e-01 +0.0000000e+00 +0.0000000e+00 
+2.3684211e-01 +0.0000000e+00 +0.0000000e+00 
+2.5000000e-01 +0.0000000e+00 +0.0000000e+00 
+2.6315789e-01 +0.0000000e+00 +0.0000000e+00 
+2.7631579e-01 +0.0000000e+00 +0.0000000e+00 
+2.8947368e-01 +0.0000000e+00 +0.0000000e+00 
+3.0263158e-01 +0.0000000e+00 +0.0000000e+00 
+3.1578947e-01 +0.0000000e+00 +0.0000000e+00 
+3.2894737e-01 +0.0000000e+00 +0.0000000e+00 
+3.4210526e-01 +0.0000000e+00 +0.0000000e+00 
+3.5526316e-01 +0.0000000e+00 +0.0000000e+00 
+3.6842105e-01 +0.0000000e+00 +0.0000000e+00 
+3.8157895e-01 +0.0000000e+00 +0.0000000e+00 
+3.9473684e-01 +0.0000000e+00 +0.0000000e+00 
+4.0789474e-01 +0.0000000e+00 +0.0000000e+00 
+4.2105263e-01 +0.0000000e+00 +0.0000000e+00 
+4.3421053e-01 +0.0000000e+00 +0.0000000e+00 
+4.4736842e-01 +0.0000000e+00 +0.0000000e+00 
+4.6052632e-01 +0.0000000e+00 +0.0000000e+00 
+4.7368421e-01 +0.0000000e+00 +0.0000000e+00 
+4.8684211e-01 +0.0000000e+00 +0.0000000e+00 
+5.0000000e-01 +0.0000000e+00 +0.0000000e+00 
+4.9242424e-01 -1.5151515e-02 +0.0000000e+00 
+4.8484848e-01 -3.0303030e-02 +0.0000000e+00 
+4.7727273e-01 -4.5454545e-02 +0.0000000e+00 
+4.6969697e-01 -6.0606061e-02 +0.0000000e+00 
+4.6212121e-01 -7.5757576e-02 +0.0000000e+00 
+4.5454545e-01 -9.0909091e-02 +0.0000000e+00 
+4.4696970e-01 -1.0606061e-01 +0.0000000e+00 
+4.3939394e-01 -1.2121212e-01 +0.0000000e+00 
+4.3181818e-01 -1.3636364e-01 +0.0000000e+00 
+4.2424242e-01 -1.5151515e-01 +0.0000000e+00 
+4.1666667e-01 -1.6666667e-01 +0.0000000e+00 
+4.0909091e-01 -1.8181818e-01 +0.0000000e+00 
+4.0151515e-01 -1.9696970e-01 +0.0000000e+00 
+3.9393939e-01 -2.1212121e-01 +0.0000000e+00 
+3.8636364e-01 -2.2727273e-01 +0.0000000e+00 
+3.7878788e-01 -2.4242424e-01 +0.0000000e+00 
+3.7121212e-01 -2.5757576e-01 +0.0000000e+00 
+3.6363636e-01 -2.7272727e-01 +0.0000000e+00 
+3.5606061e-01 -2.8787879e-01 +0.0000000e+00 
+3.4848485e-01 -3.0303030e-01 +0.0000000e+00 
+3.4090909e-01 -3.1818182e-01 +0.0000000e+00 
+3.3333333e-01 -3.3333333e-01 +0.0000000e+00 
+3.2575758e-01 -3.2575758e-01 +0.0000000e+00 
+3.1818182e-01 -3.1818182e-01 +0.0000000e+00 
+3.1060606e-01 -3.1060606e-01 +0.0000000e+00 
+3.0303030e-01 -3.0303030e-01 +0.0000000e+00 
+2.9545455e-01 -2.9545455e-01 +0.0000000e+00 
+2.8787879e-01 -2.8787879e-01 +0.0000000e+00 
+2.8030303e-01 -2.8030303e-01 +0.0000000e+00 
+2.7272727e-01 -2.7272727e-01 +0.0000000e+00 
+2.6515152e-01 -2.6515152e-01 +0.0000000e+00 
+2.5757576e-01 -2.5757576e-01 +0.0000000e+00 
+2.5000000e-01 -2.5000000e-01 +0.0000000e+00 
+2.4242424e-01 -2.4242424e-01 +0.0000000e+00 
+2.3484848e-01 -2.3484848e-01 +0.0000000e+00 
+2.2727273e-01 -2.2727273e-01 +0.0000000e+00 
+2.1969697e-01 -2.1969697e-01 +0.0000000e+00 
+2.1212121e-01 -2.1212121e-01 +0.0000000e+00 
+2.0454545e-01 -2.0454545e-01 +0.0000000e+00 
+1.9696970e-01 -1.9696970e-01 +0.0000000e+00 
+1.8939394e-01 -1.8939394e-01 +0.0000000e+00 
+1.8181818e-01 -1.8181818e-01 +0.0000000e+00 
+1.7424242e-01 -1.7424242e-01 +0.0000000e+00 
+1.6666667e-01 -1.6666667e-01 +0.0000000e+00 
+1.5909091e-01 -1.5909091e-01 +0.0000000e+00 
+1.5151515e-01 -1.5151515e-01 +0.0000000e+00 
+1.4393939e-01 -1.4393939e-01 +0.0000000e+00 
+1.3636364e-01 -1.3636364e-01 +0.0000000e+00 
+1.2878788e-01 -1.2878788e-01 +0.0000000e+00 
+1.2121212e-01 -1.2121212e-01 +0.0000000e+00 
+1.1363636e-01 -1.1363636e-01 +0.0000000e+00 
+1.0606061e-01 -1.0606061e-01 +0.0000000e+00 
+9.8484848e-02 -9.8484848e-02 +0.0000000e+00 
+9.0909091e-02 -9.0909091e-02 +0.0000000e+00 
+8.3333333e-02 -8.3333333e-02 +0.0000000e+00 
+7.5757576e-02 -7.5757576e-02 +0.0000000e+00 
+6.8181818e-02 -6.8181818e-02 +0.0000000e+00 
+6.0606061e-02 -6.0606061e-02 +0.0000000e+00 
+5.3030303e-02 -5.3030303e-02 +0.0000000e+00 
+4.5454545e-02 -4.5454545e-02 +0.0000000e+00 
+3.7878788e-02 -3.7878788e-02 +0.0000000e+00 
+3.0303030e-02 -3.0303030e-02 +0.0000000e+00 
+2.2727273e-02 -2.2727273e-02 +0.0000000e+00 
+1.5151515e-02 -1.5151515e-02 +0.0000000e+00 
+7.5757576e-03 -7.5757576e-03 +0.0000000e+00 
+0.0000000e+00 +0.0000000e+00 +0.0000000e+00 
+0.0000000e+00 +0.0000000e+00 -2.3809524e-02 
+0.0000000e+00 +0.0000000e+00 -4.7619048e-02 
+0.0000000e+00 +0.0000000e+00 -7.1428571e-02 
+0.0000000e+00 +0.0000000e+00 -9.5238095e-02 
+0.0000000e+00 +0.0000000e+00 -1.1904762e-01 
+0.0000000e+00 +0.0000000e+00 -1.4285714e-01 
+0.0000000e+00 +0.0000000e+00 -1.6666667e-01 
+0.0000000e+00 +0.0000000e+00 -1.9047619e-01 
+0.0000000e+00 +0.0000000e+00 -2.1428571e-01 
+0.0000000e+00 +0.0000000e+00 -2.3809524e-01 
+0.0000000e+00 +0.0000000e+00 -2.6190476e-01 
+0.0000000e+00 +0.0000000e+00 -2.8571429e-01 
+0.0000000e+00 +0.0000000e+00 -3.0952381e-01 
+0.0000000e+00 +0.0000000e+00 -3.3333333e-01 
+0.0000000e+00 +0.0000000e+00 -3.5714286e-01 
+0.0000000e+00 +0.0000000e+00 -3.8095238e-01 
+0.0000000e+00 +0.0000000e+00 -4.0476190e-01 
+0.0000000e+00 +0.0000000e+00 -4.2857143e-01 
+0.0000000e+00 +0.0000000e+00 -4.5238095e-01 
+0.0000000e+00 +0.0000000e+00 -4.7619048e-01 
+0.0000000e+00 +0.0000000e+00 -5.0000000e-01 
+1.3157895e-02 +0.0000000e+00 -5.0000000e-01 
+2.6315789e-02 +0.0000000e+00 -5.0000000e-01 
+3.9473684e-02 +0.0000000e+00 -5.0000000e-01 
+5.2631579e-02 +0.0000000e+00 -5.0000000e-01 
+6.5789474e-02 +0.0000000e+00 -5.0000000e-01 
+7.8947368e-02 +0.0000000e+00 -5.0000000e-01 
+9.2105263e-02 +0.0000000e+00 -5.0000000e-01 
+1.0526316e-01 +0.0000000e+00 -5.0000000e-01 
+1.1842105e-01 +0.0000000e+00 -5.0000000e-01 
+1.3157895e-01 +0.0000000e+00 -5.0000000e-01 
+1.4473684e-01 +0.0000000e+00 -5.0000000e-01 
+1.5789474e-01 +0.0000000e+00 -5.0000000e-01 
+1.7105263e-01 +0.0000000e+00 -5.0000000e-01 
+1.8421053e-01 +0.0000000e+00 -5.0000000e-01 
+1.9736842e-01 +0.0000000e+00 -5.0000000e-01 
+2.1052632e-01 +0.0000000e+00 -5.0000000e-01 
+2.2368421e-01 +0.0000000e+00 -5.0000000e-01 
+2.3684211e-01 +0.0000000e+00 -5.0000000e-01 
+2.5000000e-01 +0.0000000e+00 -5.0000000e-01 
+2.6315789e-01 +0.0000000e+00 -5.0000000e-01 
+2.7631579e-01 +0.0000000e+00 -5.0000000e-01 
+2.8947368e-01 +0.0000000e+00 -5.0000000e-01 
+3.0263158e-01 +0.0000000e+00 -5.0000000e-01 
+3.1578947e-01 +0.0000000e+00 -5.0000000e-01 
+3.2894737e-01 +0.0000000e+00 -5.0000000e-01 
+3.4210526e-01 +0.0000000e+00 -5.0000000e-01 
+3.5526316e-01 +0.0000000e+00 -5.0000000e-01 
+3.6842105e-01 +0.0000000e+00 -5.0000000e-01 
+3.8157895e-01 +0.0000000e+00 -5.0000000e-01 
+3.9473684e-01 +0.0000000e+00 -5.0000000e-01 
+4.0789474e-01 +0.0000000e+00 -5.0000000e-01 
+4.2105263e-01 +0.0000000e+00 -5.0000000e-01 
+4.3421053e-01 +0.0000000e+00 -5.0000000e-01 
+4.4736842e-01 +0.0000000e+00 -5.0000000e-01 
+4.6052632e-01 +0.0000000e+00 -5.0000000e-01 
+4.7368421e-01 +0.0000000e+00 -5.0000000e-01 
+4.8684211e-01 +0.0000000e+00 -5.0000000e-01 
+5.0000000e-01 +0.0000000e+00 -5.0000000e-01 
+4.9242424e-01 -1.5151515e-02 -5.0000000e-01 
+4.8484848e-01 -3.0303030e-02 -5.0000000e-01 
+4.7727273e-01 -4.5454545e-02 -5.0000000e-01 
+4.6969697e-01 -6.0606061e-02 -5.0000000e-01 
+4.6212121e-01 -7.5757576e-02 -5.0000000e-01 
+4.5454545e-01 -9.0909091e-02 -5.0000000e-01 
+4.4696970e-01 -1.0606061e-01 -5.0000000e-01 
+4.3939394e-01 -1.2121212e-01 -5.0000000e-01 
+4.3181818e-01 -1.3636364e-01 -5.0000000e-01 
+4.2424242e-01 -1.5151515e-01 -5.0000000e-01 
+4.1666667e-01 -1.6666667e-01 -5.0000000e-01 
+4.0909091e-01 -1.8181818e-01 -5.0000000e-01 
+4.0151515e-01 -1.9696970e-01 -5.0000000e-01 
+3.9393939e-01 -2.1212121e-01 -5.0000000e-01 
+3.8636364e-01 -2.2727273e-01 -5.0000000e-01 
+3.7878788e-01 -2.4242424e-01 -5.0000000e-01 
+3.7121212e-01 -2.5757576e-01 -5.0000000e-01 
+3.6363636e-01 -2.7272727e-01 -5.0000000e-01 
+3.5606061e-01 -2.8787879e-01 -5.0000000e-01 
+3.4848485e-01 -3.0303030e-01 -5.0000000e-01 
+3.4090909e-01 -3.1818182e-01 -5.0000000e-01 
+3.3333333e-01 -3.3333333e-01 -5.0000000e-01 
+3.2575758e-01 -3.2575758e-01 -5.0000000e-01 
+3.1818182e-01 -3.1818182e-01 -5.0000000e-01 
+3.1060606e-01 -3.1060606e-01 -5.0000000e-01 
+3.0303030e-01 -3.0303030e-01 -5.0000000e-01 
+2.9545455e-01 -2.9545455e-01 -5.0000000e-01 
+2.8787879e-01 -2.8787879e-01 -5.0000000e-01 
+2.8030303e-01 -2.8030303e-01 -5.0000000e-01 
+2.7272727e-01 -2.7272727e-01 -5.0000000e-01 
+2.6515152e-01 -2.6515152e-01 -5.0000000e-01 
+2.5757576e-01 -2.5757576e-01 -5.0000000e-01 
+2.5000000e-01 -2.5000000e-01 -5.0000000e-01 
+2.4242424e-01 -2.4242424e-01 -5.0000000e-01 
+2.3484848e-01 -2.3484848e-01 -5.0000000e-01 
+2.2727273e-01 -2.2727273e-01 -5.0000000e-01 
+2.1969697e-01 -2.1969697e-01 -5.0000000e-01 
+2.1212121e-01 -2.1212121e-01 -5.0000000e-01 
+2.0454545e-01 -2.0454545e-01 -5.0000000e-01 
+1.9696970e-01 -1.9696970e-01 -5.0000000e-01 
+1.8939394e-01 -1.8939394e-01 -5.0000000e-01 
+1.8181818e-01 -1.8181818e-01 -5.0000000e-01 
+1.7424242e-01 -1.7424242e-01 -5.0000000e-01 
+1.6666667e-01 -1.6666667e-01 -5.0000000e-01 
+1.5909091e-01 -1.5909091e-01 -5.0000000e-01 
+1.5151515e-01 -1.5151515e-01 -5.0000000e-01 
+1.4393939e-01 -1.4393939e-01 -5.0000000e-01 
+1.3636364e-01 -1.3636364e-01 -5.0000000e-01 
+1.2878788e-01 -1.2878788e-01 -5.0000000e-01 
+1.2121212e-01 -1.2121212e-01 -5.0000000e-01 
+1.1363636e-01 -1.1363636e-01 -5.0000000e-01 
+1.0606061e-01 -1.0606061e-01 -5.0000000e-01 
+9.8484848e-02 -9.8484848e-02 -5.0000000e-01 
+9.0909091e-02 -9.0909091e-02 -5.0000000e-01 
+8.3333333e-02 -8.3333333e-02 -5.0000000e-01 
+7.5757576e-02 -7.5757576e-02 -5.0000000e-01 
+6.8181818e-02 -6.8181818e-02 -5.0000000e-01 
+6.0606061e-02 -6.0606061e-02 -5.0000000e-01 
+5.3030303e-02 -5.3030303e-02 -5.0000000e-01 
+4.5454545e-02 -4.5454545e-02 -5.0000000e-01 
+3.7878788e-02 -3.7878788e-02 -5.0000000e-01 
+3.0303030e-02 -3.0303030e-02 -5.0000000e-01 
+2.2727273e-02 -2.2727273e-02 -5.0000000e-01 
+1.5151515e-02 -1.5151515e-02 -5.0000000e-01 
+7.5757576e-03 -7.5757576e-03 -5.0000000e-01 
+0.0000000e+00 +0.0000000e+00 -5.0000000e-01 
+5.0000000e-01 +0.0000000e+00 -5.0000000e-01 
+5.0000000e-01 +0.0000000e+00 -4.7619048e-01 
+5.0000000e-01 +0.0000000e+00 -4.5238095e-01 
+5.0000000e-01 +0.0000000e+00 -4.2857143e-01 
+5.0000000e-01 +0.0000000e+00 -4.0476190e-01 
+5.0000000e-01 +0.0000000e+00 -3.8095238e-01 
+5.0000000e-01 +0.0000000e+00 -3.5714286e-01 
+5.0000000e-01 +0.0000000e+00 -3.3333333e-01 
+5.0000000e-01 +0.0000000e+00 -3.0952381e-01 
+5.0000000e-01 +0.0000000e+00 -2.8571429e-01 
+5.0000000e-01 +0.0000000e+00 -2.6190476e-01 
+5.0000000e-01 +0.0000000e+00 -2.3809524e-01 
+5.0000000e-01 +0.0000000e+00 -2.1428571e-01 
+5.0000000e-01 +0.0000000e+00 -1.9047619e-01 
+5.0000000e-01 +0.0000000e+00 -1.6666667e-01 
+5.0000000e-01 +0.0000000e+00 -1.4285714e-01 
+5.0000000e-01 +0.0000000e+00 -1.1904762e-01 
+5.0000000e-01 +0.0000000e+00 -9.5238095e-02 
+5.0000000e-01 +0.0000000e+00 -7.1428571e-02 
+5.0000000e-01 +0.0000000e+00 -4.7619048e-02 
+5.0000000e-01 +0.0000000e+00 -2.3809524e-02 
+5.0000000e-01 +0.0000000e+00 +0.0000000e+00 
+3.3333333e-01 -3.3333333e-01 +0.0000000e+00 
+3.3333333e-01 -3.3333333e-01 -2.3809524e-02 
+3.3333333e-01 -3.3333333e-01 -4.7619048e-02 
+3.3333333e-01 -3.3333333e-01 -7.1428571e-02 
+3.3333333e-01 -3.3333333e-01 -9.5238095e-02 
+3.3333333e-01 -3.3333333e-01 -1.1904762e-01 
+3.3333333e-01 -3.3333333e-01 -1.4285714e-01 
+3.3333333e-01 -3.3333333e-01 -1.6666667e-01 
+3.3333333e-01 -3.3333333e-01 -1.9047619e-01 
+3.3333333e-01 -3.3333333e-01 -2.1428571e-01 
+3.3333333e-01 -3.3333333e-01 -2.3809524e-01 
+3.3333333e-01 -3.3333333e-01 -2.6190476e-01 
+3.3333333e-01 -3.3333333e-01 -2.8571429e-01 
+3.3333333e-01 -3.3333333e-01 -3.0952381e-01 
+3.3333333e-01 -3.3333333e-01 -3.3333333e-01 
+3.3333333e-01 -3.3333333e-01 -3.5714286e-01 
+3.3333333e-01 -3.3333333e-01 -3.8095238e-01 
+3.3333333e-01 -3.3333333e-01 -4.0476190e-01 
+3.3333333e-01 -3.3333333e-01 -4.2857143e-01 
+3.3333333e-01 -3.3333333e-01 -4.5238095e-01 
+3.3333333e-01 -3.3333333e-01 -4.7619048e-01 
+3.3333333e-01 -3.3333333e-01 -5.0000000e-01 
# energies (kpt,band,spin)
# spin = 1
-4.8933603e+01 -4.8858342e+01 -2.8039179e+01 -2.7694361e+01 -2.7694359e+01 -2.7624684e+01 -2.7624681e+01 -2.7586996e+01 -5.0941526e+00 -1.6561827e+00 +6.9963591e-01 +1.5146487e+00 +1.5146524e+00 +1.7934674e+00 +1.9632977e+00 +1.9633374e+00 +2.2229534e+00 +2.2230093e+00 +3.5797298e+00 
-4.8933517e+01 -4.8858314e+01 -2.8038944e+01 -2.7694806e+01 -2.7694519e+01 -2.7625158e+01 -2.7624736e+01 -2.7587108e+01 -5.0903657e+00 -1.6529839e+00 +6.9561629e-01 +1.5047655e+00 +1.5173988e+00 +1.8013807e+00 +1.9608821e+00 +1.9657787e+00 +2.2195587e+00 +2.2205266e+00 +3.5811693e+00 
-4.8933261e+01 -4.8858229e+01 -2.8038237e+01 -2.7696145e+01 -2.7694995e+01 -2.7626578e+01 -2.7624901e+01 -2.7587444e+01 -5.0790142e+00 -1.6434105e+00 +6.8366237e-01 +1.4777379e+00 +1.5256352e+00 +1.8224882e+00 +1.9537028e+00 +1.9731245e+00 +2.2094867e+00 +2.2132563e+00 +3.5854628e+00 
-4.8932835e+01 -4.8858089e+01 -2.8037063e+01 -2.7698366e+01 -2.7695782e+01 -2.7628932e+01 -2.7625176e+01 -2.7588005e+01 -5.0601248e+00 -1.6275320e+00 +6.6408073e-01 +1.4385551e+00 +1.5393411e+00 +1.8516434e+00 +1.9421920e+00 +1.9853393e+00 +2.1934306e+00 +2.2013160e+00 +3.5924710e+00 
-4.8932241e+01 -4.8857895e+01 -2.8035424e+01 -2.7701456e+01 -2.7696873e+01 -2.7632200e+01 -2.7625560e+01 -2.7588789e+01 -5.0337423e+00 -1.6054658e+00 +6.3735519e-01 +1.3911288e+00 +1.5584840e+00 +1.8832069e+00 +1.9285105e+00 +2.0023801e+00 +2.1722907e+00 +2.1849553e+00 +3.6019785e+00 
-4.8931483e+01 -4.8857650e+01 -2.8033327e+01 -2.7705396e+01 -2.7698258e+01 -2.7636356e+01 -2.7626056e+01 -2.7589797e+01 -4.9999295e+00 -1.5773796e+00 +6.0411109e-01 +1.3378103e+00 +1.5830179e+00 +1.8937790e+00 +1.9342990e+00 +2.0241864e+00 +2.1470368e+00 +2.1644972e+00 +3.6137127e+00 
-4.8930565e+01 -4.8857356e+01 -2.8030779e+01 -2.7710161e+01 -2.7699923e+01 -2.7641365e+01 -2.7626661e+01 -2.7591029e+01 -4.9587674e+00 -1.5434939e+00 +5.6507324e-01 +1.2799732e+00 +1.6128831e+00 +1.8728775e+00 +1.9694049e+00 +2.0506800e+00 +2.1185703e+00 +2.1403173e+00 +3.6273630e+00 
-4.8929492e+01 -4.8857016e+01 -2.8027789e+01 -2.7715720e+01 -2.7701854e+01 -2.7647186e+01 -2.7627376e+01 -2.7592486e+01 -4.9103553e+00 -1.5040875e+00 +5.2102330e-01 +1.2184923e+00 +1.6480058e+00 +1.8447735e+00 +2.0095547e+00 +2.0817646e+00 +2.0876507e+00 +2.1128235e+00 +3.6425969e+00 
-4.8928268e+01 -4.8856636e+01 -2.8024367e+01 -2.7722039e+01 -2.7704033e+01 -2.7653773e+01 -2.7628199e+01 -2.7594166e+01 -4.8548110e+00 -1.4595018e+00 +4.7276129e-01 +1.1540058e+00 +1.6882977e+00 +1.8128644e+00 +2.0517019e+00 +2.0548798e+00 +2.0824380e+00 +2.1173252e+00 +3.6590839e+00 
-4.8926902e+01 -4.8856218e+01 -2.8020526e+01 -2.7729078e+01 -2.7706442e+01 -2.7661072e+01 -2.7629129e+01 -2.7596070e+01 -4.7922713e+00 -1.4101487e+00 +4.2107404e-01 +1.0870466e+00 +1.7336545e+00 +1.7780996e+00 +2.0207173e+00 +2.0495830e+00 +2.0954570e+00 +2.1572281e+00 +3.6765029e+00 
-4.8925399e+01 -4.8855768e+01 -2.8016279e+01 -2.7736792e+01 -2.7709060e+01 -2.7669025e+01 -2.7630161e+01 -2.7598197e+01 -4.7228923e+00 -1.3565179e+00 +3.6671202e-01 +1.0181057e+00 +1.7411913e+00 +1.7839562e+00 +1.9855110e+00 +2.0146703e+00 +2.1408001e+00 +2.2013198e+00 +3.6945547e+00 
-4.8923768e+01 -4.8855291e+01 -2.8011640e+01 -2.7745131e+01 -2.7711867e+01 -2.7677569e+01 -2.7631293e+01 -2.7600546e+01 -4.6468496e+00 -1.2991870e+00 +3.1037404e-01 +9.4766176e-01 +1.7028404e+00 +1.8390648e+00 +1.9495284e+00 +1.9780944e+00 +2.1878138e+00 +2.2494267e+00 +3.7129666e+00 
-4.8922017e+01 -4.8854793e+01 -2.8006628e+01 -2.7754042e+01 -2.7714840e+01 -2.7686638e+01 -2.7632518e+01 -2.7603117e+01 -4.5643395e+00 -1.2388320e+00 +2.5269891e-01 +8.7619398e-01 +1.6637836e+00 +1.8988237e+00 +1.9129839e+00 +1.9402282e+00 +2.2366157e+00 +2.3013545e+00 +3.7314972e+00 
-4.8920155e+01 -4.8854281e+01 -2.8001259e+01 -2.7763466e+01 -2.7717956e+01 -2.7696163e+01 -2.7633830e+01 -2.7605907e+01 -4.4755793e+00 -1.1762385e+00 +1.9426244e-01 +8.0418584e-01 +1.6248073e+00 +1.8760598e+00 +1.9014210e+00 +1.9630557e+00 +2.2873341e+00 +2.3568875e+00 +3.7499359e+00 
-4.8918193e+01 -4.8853759e+01 -2.7995553e+01 -2.7773344e+01 -2.7721193e+01 -2.7706070e+01 -2.7635222e+01 -2.7608915e+01 -4.3808086e+00 -1.1123128e+00 +1.3557823e-01 +7.3212444e-01 +1.5867529e+00 +1.8389208e+00 +1.8619983e+00 +2.0315612e+00 +2.3400986e+00 +2.4157880e+00 +3.7681026e+00 
-4.8916140e+01 -4.8853236e+01 -2.7989531e+01 -2.7783608e+01 -2.7724528e+01 -2.7716286e+01 -2.7636686e+01 -2.7612138e+01 -4.2802899e+00 -1.0480905e+00 +7.7100837e-02 +6.6049739e-01 +1.5505179e+00 +1.8017232e+00 +1.8222620e+00 +2.1041156e+00 +2.3950372e+00 +2.4777962e+00 +3.7858464e+00 
-4.8914008e+01 -4.8852716e+01 -2.7983217e+01 -2.7794191e+01 -2.7727935e+01 -2.7726736e+01 -2.7638211e+01 -2.7615572e+01 -4.1743106e+00 -9.8473951e-01 +1.9230422e-02 +5.8978732e-01 +1.5170521e+00 +1.7646209e+00 +1.7824912e+00 +2.1804662e+00 +2.4522769e+00 +2.5426294e+00 +3.8030430e+00 
-4.8911808e+01 -4.8852208e+01 -2.7976632e+01 -2.7805022e+01 -2.7737345e+01 -2.7731393e+01 -2.7639788e+01 -2.7619213e+01 -4.0631838e+00 -9.2355266e-01 -3.7682015e-02 +5.2046484e-01 +1.4873459e+00 +1.7277678e+00 +1.7429442e+00 +2.2603284e+00 +2.5119449e+00 +2.6099825e+00 +3.8195925e+00 
-4.8909551e+01 -4.8851718e+01 -2.7969805e+01 -2.7816027e+01 -2.7748040e+01 -2.7734877e+01 -2.7641405e+01 -2.7623056e+01 -3.9472507e+00 -8.6592373e-01 -9.3329228e-02 +4.5297777e-01 +1.4624056e+00 +1.6913191e+00 +1.7038590e+00 +2.3433815e+00 +2.5741724e+00 +2.6795285e+00 +3.8354167e+00 
-4.8907250e+01 -4.8851252e+01 -2.7962761e+01 -2.7827131e+01 -2.7758745e+01 -2.7738364e+01 -2.7643052e+01 -2.7627093e+01 -3.8268825e+00 -8.1329958e-01 -1.4744262e-01 +3.8773607e-01 +1.4432119e+00 +1.6554313e+00 +1.6654556e+00 +2.4292626e+00 +2.6390972e+00 +2.7509194e+00 +3.8504564e+00 
-4.8904917e+01 -4.8850817e+01 -2.7955529e+01 -2.7838256e+01 -2.7769388e+01 -2.7741831e+01 -2.7644715e+01 -2.7631316e+01 -3.7024827e+00 -7.6710207e-01 -1.9978744e-01 +3.2509106e-01 +1.4306550e+00 +1.6202613e+00 +1.6279366e+00 +2.5175596e+00 +2.7068662e+00 +2.8237889e+00 +3.8646692e+00 
-4.8902566e+01 -4.8850418e+01 -2.7948141e+01 -2.7849325e+01 -2.7779899e+01 -2.7745256e+01 -2.7646382e+01 -2.7635714e+01 -3.5744900e+00 -7.2862029e-01 -2.5015851e-01 +2.6530882e-01 +1.4254502e+00 +1.5859652e+00 +1.5914889e+00 +2.6078023e+00 +2.7776371e+00 +2.8977559e+00 +3.8780269e+00 
-4.8900209e+01 -4.8850062e+01 -2.7940630e+01 -2.7860261e+01 -2.7790209e+01 -2.7748616e+01 -2.7648040e+01 -2.7640275e+01 -3.4433810e+00 -6.9888360e-01 -2.9837643e-01 +2.0854123e-01 +1.4280396e+00 +1.5526970e+00 +1.5562844e+00 +2.6994511e+00 +2.8515790e+00 +2.9724300e+00 +3.8905133e+00 
-4.8897860e+01 -4.8849753e+01 -2.7933032e+01 -2.7870988e+01 -2.7800253e+01 -2.7751891e+01 -2.7649678e+01 -2.7644983e+01 -3.3096742e+00 -6.7854060e-01 -3.4428421e-01 +1.5480210e-01 +1.4385006e+00 +1.5206078e+00 +1.5224816e+00 +2.7918834e+00 +2.9288695e+00 +3.0474202e+00 +3.9021226e+00 
-4.8895534e+01 -4.8849495e+01 -2.7925386e+01 -2.7881428e+01 -2.7809966e+01 -2.7755060e+01 -2.7651281e+01 -2.7649819e+01 -3.1739335e+00 -6.6777951e-01 -3.8774446e-01 +1.0396059e-01 +1.4564852e+00 +1.4898437e+00 +1.4902258e+00 +2.8843759e+00 +3.0096903e+00 +3.1223459e+00 +3.9128572e+00 
-4.8893243e+01 -4.8849292e+01 -2.7917734e+01 -2.7891508e+01 -2.7819289e+01 -2.7758103e+01 -2.7654760e+01 -2.7652837e+01 -3.0367726e+00 -6.6632193e-01 -4.2863687e-01 +5.5763686e-02 +1.4596495e+00 +1.4605465e+00 +1.4812109e+00 +2.9760862e+00 +3.0942186e+00 +3.1968513e+00 +3.9227260e+00 
-4.8891004e+01 -4.8849147e+01 -2.7910124e+01 -2.7901158e+01 -2.7828164e+01 -2.7761001e+01 -2.7659777e+01 -2.7654334e+01 -2.8988607e+00 -6.7350140e-01 -4.6685614e-01 +9.8915505e-03 +1.4308752e+00 +1.4328492e+00 +1.5115129e+00 +3.0660342e+00 +3.1826163e+00 +3.2706185e+00 +3.9317433e+00 
-4.8888832e+01 -4.8849060e+01 -2.7910308e+01 -2.7902607e+01 -2.7836538e+01 -2.7763737e+01 -2.7664837e+01 -2.7655760e+01 -2.7609291e+00 -6.8840700e-01 -5.0231018e-01 -3.3963580e-02 +1.4040132e+00 +1.4068795e+00 +1.5459469e+00 +3.1530952e+00 +3.2750157e+00 +3.3433728e+00 +3.9399270e+00 
-4.8886742e+01 -4.8849030e+01 -2.7918894e+01 -2.7895242e+01 -2.7844359e+01 -2.7766294e+01 -2.7669896e+01 -2.7657104e+01 -2.6237798e+00 -7.1004932e-01 -5.3491856e-01 -7.6014872e-02 +1.3791637e+00 +1.3827560e+00 +1.5829195e+00 +3.2360228e+00 +3.3715049e+00 +3.4148592e+00 +3.9472978e+00 
-4.8884752e+01 -4.8849055e+01 -2.7926855e+01 -2.7888097e+01 -2.7851581e+01 -2.7768656e+01 -2.7674904e+01 -2.7658355e+01 -2.4882993e+00 -7.3750252e-01 -5.6461128e-01 -1.1631477e-01 +1.3564171e+00 +1.3605886e+00 +1.6208204e+00 +3.3135293e+00 +3.4721119e+00 +3.4847666e+00 +3.9538779e+00 
-4.8882881e+01 -4.8849130e+01 -2.7934135e+01 -2.7881247e+01 -2.7858162e+01 -2.7770809e+01 -2.7679800e+01 -2.7659502e+01 -2.3554798e+00 -7.6998906e-01 -5.9132765e-01 -1.5471734e-01 +1.3358539e+00 +1.3404784e+00 +1.6581352e+00 +3.3844326e+00 +3.5525910e+00 +3.5767898e+00 +3.9596898e+00 
-4.8881148e+01 -4.8849248e+01 -2.7940684e+01 -2.7874781e+01 -2.7864062e+01 -2.7772740e+01 -2.7684508e+01 -2.7660537e+01 -2.2264560e+00 -8.0688858e-01 -6.1501542e-01 -1.9087224e-01 +1.3175455e+00 +1.3225161e+00 +1.6935273e+00 +3.4478195e+00 +3.6174943e+00 +3.6853922e+00 +3.9647561e+00 
-4.8879574e+01 -4.8849399e+01 -2.7946454e+01 -2.7869247e+01 -2.7868799e+01 -2.7774438e+01 -2.7688942e+01 -2.7661452e+01 -2.1025723e+00 -8.4765793e-01 -6.3563002e-01 -2.2424802e-01 +1.3015543e+00 +1.3067828e+00 +1.7258850e+00 +3.5031264e+00 +3.6782493e+00 +3.7976397e+00 +3.9690981e+00 
-4.8878181e+01 -4.8849570e+01 -2.7951407e+01 -2.7873686e+01 -2.7863414e+01 -2.7775891e+01 -2.7692998e+01 -2.7662239e+01 -1.9855092e+00 -8.9164127e-01 -6.5313390e-01 -2.5418153e-01 +1.2879338e+00 +1.2933494e+00 +1.7543384e+00 +3.5500852e+00 +3.7333422e+00 +3.9130253e+00 +3.9727357e+00 
-4.8876995e+01 -4.8849745e+01 -2.7955506e+01 -2.7877354e+01 -2.7858751e+01 -2.7777093e+01 -2.7696561e+01 -2.7662891e+01 -1.8775260e+00 -9.3772572e-01 -6.6749610e-01 -2.7994759e-01 +1.2767289e+00 +1.2822760e+00 +1.7782480e+00 +3.5885945e+00 +3.7811588e+00 +3.9756865e+00 +4.0305863e+00 
-4.8876039e+01 -4.8849907e+01 -2.7958724e+01 -2.7880229e+01 -2.7854938e+01 -2.7778034e+01 -2.7699510e+01 -2.7663404e+01 -1.7819174e+00 -9.8376231e-01 -6.7869180e-01 -3.0083805e-01 +1.2679764e+00 +1.2736118e+00 +1.7971760e+00 +3.6186115e+00 +3.8201673e+00 +3.9779654e+00 +4.1482749e+00 
-4.8875336e+01 -4.8850039e+01 -2.7961039e+01 -2.7882294e+01 -2.7852102e+01 -2.7778711e+01 -2.7701725e+01 -2.7663773e+01 -1.7037729e+00 -1.0256845e+00 -6.8670199e-01 -3.1623575e-01 +1.2617045e+00 +1.2673958e+00 +1.8108458e+00 +3.6400994e+00 +3.8490532e+00 +3.9795845e+00 +4.2610881e+00 
-4.8874905e+01 -4.8850125e+01 -2.7962434e+01 -2.7883538e+01 -2.7850351e+01 -2.7779119e+01 -2.7703102e+01 -2.7663996e+01 -1.6506998e+00 -1.0566845e+00 -6.9151326e-01 -3.2567014e-01 +1.2579335e+00 +1.2636552e+00 +1.8190989e+00 +3.6530199e+00 +3.8668122e+00 +3.9805526e+00 +4.3551997e+00 
-4.8874760e+01 -4.8850154e+01 -2.7962899e+01 -2.7883952e+01 -2.7849758e+01 -2.7779254e+01 -2.7703569e+01 -2.7664070e+01 -1.6315378e+00 -1.0684277e+00 -6.9311764e-01 -3.2884975e-01 +1.2566753e+00 +1.2624068e+00 +1.8218573e+00 +3.6573425e+00 +3.8728146e+00 +3.9808750e+00 +4.3963957e+00 
-4.8874713e+01 -4.8850163e+01 -2.7962726e+01 -2.7883790e+01 -2.7849574e+01 -2.7779572e+01 -2.7703712e+01 -2.7664475e+01 -1.6286162e+00 -1.0660089e+00 -6.9228565e-01 -3.2996523e-01 +1.2548100e+00 +1.2615020e+00 +1.8225334e+00 +3.6584076e+00 +3.8676445e+00 +3.9795080e+00 +4.3972733e+00 
-4.8874574e+01 -4.8850190e+01 -2.7962206e+01 -2.7883304e+01 -2.7849021e+01 -2.7780519e+01 -2.7704141e+01 -2.7665685e+01 -1.6198786e+00 -1.0587954e+00 -6.8980223e-01 -3.3329151e-01 +1.2492573e+00 +1.2587942e+00 +1.8245602e+00 +3.6615612e+00 +3.8526370e+00 +3.9754600e+00 +4.3999686e+00 
-4.8874343e+01 -4.8850235e+01 -2.7961344e+01 -2.7882497e+01 -2.7848101e+01 -2.7782083e+01 -2.7704856e+01 -2.7667687e+01 -1.6054109e+00 -1.0469129e+00 -6.8570638e-01 -3.3876158e-01 +1.2401434e+00 +1.2543034e+00 +1.8279421e+00 +3.6666073e+00 +3.8291147e+00 +3.9688838e+00 +4.4046092e+00 
-4.8874022e+01 -4.8850299e+01 -2.7960146e+01 -2.7881376e+01 -2.7846818e+01 -2.7784242e+01 -2.7705857e+01 -2.7670460e+01 -1.5853558e+00 -1.0305726e+00 -6.8006338e-01 -3.4626608e-01 +1.2276761e+00 +1.2480632e+00 +1.8326868e+00 +3.6732254e+00 +3.7988996e+00 +3.9600221e+00 +4.4114054e+00 
-4.8873614e+01 -4.8850384e+01 -2.7958621e+01 -2.7879948e+01 -2.7845177e+01 -2.7786966e+01 -2.7707143e+01 -2.7673971e+01 -1.5599131e+00 -1.0100725e+00 -6.7296528e-01 -3.5565667e-01 +1.2121413e+00 +1.2401215e+00 +1.8388048e+00 +3.6809802e+00 +3.7639615e+00 +3.9491913e+00 +4.4206439e+00 
-4.8873121e+01 -4.8850493e+01 -2.7956781e+01 -2.7878224e+01 -2.7843182e+01 -2.7790218e+01 -2.7708716e+01 -2.7678183e+01 -1.5293395e+00 -9.8580008e-01 -6.6453139e-01 -3.6675055e-01 +1.1938972e+00 +1.2305422e+00 +1.8463085e+00 +3.6893385e+00 +3.7261716e+00 +3.9367617e+00 +4.4326769e+00 
-4.8872547e+01 -4.8850628e+01 -2.7954641e+01 -2.7876220e+01 -2.7840841e+01 -2.7793949e+01 -2.7710575e+01 -2.7683046e+01 -1.4939483e+00 -9.5823503e-01 -6.5490875e-01 -3.7933584e-01 +1.1733690e+00 +1.2194058e+00 +1.8552108e+00 +3.6871817e+00 +3.6976948e+00 +3.9231361e+00 +4.4479044e+00 
-4.8871896e+01 -4.8850791e+01 -2.7952219e+01 -2.7873952e+01 -2.7838162e+01 -2.7798106e+01 -2.7712720e+01 -2.7688505e+01 -1.4541076e+00 -9.2795134e-01 -6.4427236e-01 -3.9317804e-01 +1.1510411e+00 +1.2068108e+00 +1.8655221e+00 +3.6483952e+00 +3.7054012e+00 +3.9087292e+00 +4.4667490e+00 
-4.8871175e+01 -4.8850986e+01 -2.7949540e+01 -2.7871442e+01 -2.7835154e+01 -2.7802622e+01 -2.7715150e+01 -2.7694494e+01 -1.4102390e+00 -8.9561908e-01 -6.3282500e-01 -4.0802722e-01 +1.1274496e+00 +1.1928742e+00 +1.8772446e+00 +3.6109776e+00 +3.7118146e+00 +3.8939487e+00 +4.4896247e+00 
-4.8870387e+01 -4.8851217e+01 -2.7946632e+01 -2.7868717e+01 -2.7831828e+01 -2.7807426e+01 -2.7717866e+01 -2.7700938e+01 -1.3628146e+00 -8.6200377e-01 -6.2079618e-01 -4.2362663e-01 +1.1031734e+00 +1.1777322e+00 +1.8903650e+00 +3.5758968e+00 +3.7163346e+00 +3.8791795e+00 +4.5169028e+00 
-4.8869539e+01 -4.8851487e+01 -2.7943528e+01 -2.7865809e+01 -2.7828195e+01 -2.7812435e+01 -2.7720866e+01 -2.7707753e+01 -1.3123517e+00 -8.2796207e-01 -6.0844002e-01 -4.3972337e-01 +1.0788247e+00 +1.1615398e+00 +1.9048426e+00 +3.5439586e+00 +3.7184456e+00 +3.8647717e+00 +4.5488847e+00 
-4.8868638e+01 -4.8851801e+01 -2.7940272e+01 -2.7862758e+01 -2.7824267e+01 -2.7817554e+01 -2.7724149e+01 -2.7714844e+01 -1.2594073e+00 -7.9443084e-01 -5.9603130e-01 -4.5608279e-01 +1.0550376e+00 +1.1444707e+00 +1.9205939e+00 +3.5158434e+00 +3.7177442e+00 +3.8510320e+00 +4.5857850e+00 
-4.8867689e+01 -4.8852162e+01 -2.7936915e+01 -2.7859617e+01 -2.7822679e+01 -2.7820058e+01 -2.7727715e+01 -2.7722101e+01 -1.2045691e+00 -7.6240553e-01 -5.8385944e-01 -4.7250917e-01 +1.0324560e+00 +1.1267158e+00 +1.9374732e+00 +3.4921358e+00 +3.7139516e+00 +3.8382184e+00 +4.6277324e+00 
-4.8866701e+01 -4.8852575e+01 -2.7933523e+01 -2.7856449e+01 -2.7827690e+01 -2.7815582e+01 -2.7731562e+01 -2.7729401e+01 -1.1484446e+00 -7.3290285e-01 -5.7221974e-01 -4.8887665e-01 +1.0117188e+00 +1.1084814e+00 +1.9552505e+00 +3.4733503e+00 +3.7069095e+00 +3.8265380e+00 +4.6747870e+00 
-4.8865680e+01 -4.8853045e+01 -2.7930176e+01 -2.7853339e+01 -2.7832450e+01 -2.7810853e+01 -2.7736599e+01 -2.7735686e+01 -1.0916486e+00 -7.0690296e-01 -5.6140176e-01 -5.0517287e-01 +9.9344371e-01 +1.0899874e+00 +1.9735877e+00 +3.4599477e+00 +3.6965632e+00 +3.8161470e+00 +4.7269686e+00 
-4.8864634e+01 -4.8853575e+01 -2.7926973e+01 -2.7850393e+01 -2.7836805e+01 -2.7805888e+01 -2.7743526e+01 -2.7740087e+01 -1.0347874e+00 -6.8527601e-01 -5.5167487e-01 -5.2154953e-01 +9.7820827e-01 +1.0714639e+00 +1.9920180e+00 +3.4523420e+00 +3.6829396e+00 +3.8071528e+00 +4.7842896e+00 
-4.8863571e+01 -4.8854171e+01 -2.7924029e+01 -2.7847750e+01 -2.7840581e+01 -2.7800702e+01 -2.7749984e+01 -2.7744761e+01 -9.7844327e-01 -6.6873166e-01 -5.4327179e-01 -5.3834019e-01 +9.6653016e-01 +1.0531493e+00 +2.0099336e+00 +3.4508929e+00 +3.6661232e+00 +3.7996173e+00 +4.8467810e+00 
-4.8862498e+01 -4.8854835e+01 -2.7921473e+01 -2.7845580e+01 -2.7843595e+01 -2.7795312e+01 -2.7755739e+01 -2.7749704e+01 -9.2315795e-01 -6.5792807e-01 -5.5590876e-01 -5.3637139e-01 +9.5884739e-01 +1.0352860e+00 +2.0265878e+00 +3.4558767e+00 +3.6462370e+00 +3.7935612e+00 +4.9144981e+00 
-4.8861423e+01 -4.8855573e+01 -2.7919431e+01 -2.7845669e+01 -2.7844080e+01 -2.7789737e+01 -2.7760538e+01 -2.7754911e+01 -8.6941723e-01 -6.5411040e-01 -5.7396050e-01 -5.3108282e-01 +9.5550046e-01 +1.0181182e+00 +2.0411184e+00 +3.4674340e+00 +3.6234276e+00 +3.7889686e+00 +4.9874713e+00 
-4.8860354e+01 -4.8856388e+01 -2.7917994e+01 -2.7846658e+01 -2.7843442e+01 -2.7783992e+01 -2.7764128e+01 -2.7760378e+01 -8.1763868e-01 -6.6071368e-01 -5.8988406e-01 -5.2743322e-01 +9.5671877e-01 +1.0018885e+00 +2.0525951e+00 +3.4854903e+00 +3.5978552e+00 +3.7857923e+00 +5.0654454e+00 
-4.8859299e+01 -4.8857284e+01 -2.7917186e+01 -2.7846489e+01 -2.7843802e+01 -2.7778097e+01 -2.7766320e+01 -2.7766098e+01 -7.6816308e-01 -6.8288209e-01 -5.9917801e-01 -5.2536125e-01 +9.6261330e-01 +9.8683498e-01 +2.0600882e+00 +3.5096591e+00 +3.5696877e+00 +3.7839584e+00 +5.1461596e+00 
-4.8858264e+01 -4.8858263e+01 -2.7916945e+01 -2.7845178e+01 -2.7845178e+01 -2.7772072e+01 -2.7772063e+01 -2.7767042e+01 -7.2125241e-01 -7.2123491e-01 -6.0163663e-01 -5.2471728e-01 +9.7317048e-01 +9.7319496e-01 +2.0627499e+00 +3.5390944e+00 +3.5391445e+00 +3.7833714e+00 +5.1965483e+00 
-4.8859330e+01 -4.8857256e+01 -2.7917129e+01 -2.7847449e+01 -2.7842826e+01 -2.7778278e+01 -2.7766366e+01 -2.7765921e+01 -7.7331857e-01 -6.7707198e-01 -5.9988975e-01 -5.2527280e-01 +9.6115534e-01 +9.8830898e-01 +2.0598891e+00 +3.5062984e+00 +3.5725874e+00 +3.7839184e+00 +5.1185719e+00 
-4.8860484e+01 -4.8856284e+01 -2.7917547e+01 -2.7850384e+01 -2.7839583e+01 -2.7784714e+01 -2.7764478e+01 -2.7759683e+01 -8.3764616e-01 -6.3576741e-01 -5.9526570e-01 -5.2672814e-01 +9.5097897e-01 +1.0077590e+00 +2.0510314e+00 +3.4713817e+00 +3.6083102e+00 +3.7854733e+00 +5.0185477e+00 
-4.8861728e+01 -4.8855354e+01 -2.7918000e+01 -2.7853713e+01 -2.7835615e+01 -2.7791371e+01 -2.7761606e+01 -2.7753368e+01 -9.1355570e-01 -5.9737798e-01 -5.8805383e-01 -5.2873496e-01 +9.4283807e-01 +1.0312512e+00 +2.0359467e+00 +3.4345624e+00 +3.6440316e+00 +3.7879002e+00 +4.9215173e+00 
-4.8863064e+01 -4.8854470e+01 -2.7918304e+01 -2.7857177e+01 -2.7831077e+01 -2.7798239e+01 -2.7757973e+01 -2.7746994e+01 -1.0004755e+00 -5.7819496e-01 -5.6191859e-01 -5.3091300e-01 +9.3691488e-01 +1.0584328e+00 +2.0146509e+00 +3.3960094e+00 +3.6772338e+00 +3.7910571e+00 +4.8284369e+00 
-4.8864492e+01 -4.8853639e+01 -2.7918301e+01 -2.7860557e+01 -2.7826102e+01 -2.7805307e+01 -2.7753767e+01 -2.7740578e+01 -1.0977231e+00 -5.6554012e-01 -5.3286773e-01 -5.2938242e-01 +9.3337569e-01 +1.0889107e+00 +1.9873848e+00 +3.3558866e+00 +3.7053555e+00 +3.7947983e+00 +4.7385221e+00 
-4.8866011e+01 -4.8852866e+01 -2.7917867e+01 -2.7863675e+01 -2.7820796e+01 -2.7812561e+01 -2.7749139e+01 -2.7734139e+01 -1.2044726e+00 -5.4993345e-01 -5.3420579e-01 -4.9976092e-01 +9.3237007e-01 +1.1222692e+00 +1.9545841e+00 +3.3143524e+00 +3.7260561e+00 +3.7989768e+00 +4.6507310e+00 
-4.8867622e+01 -4.8852155e+01 -2.7916902e+01 -2.7866397e+01 -2.7819988e+01 -2.7815248e+01 -2.7744205e+01 -2.7727693e+01 -1.3197822e+00 -5.3454750e-01 -5.3123723e-01 -4.7306399e-01 +9.3403008e-01 +1.1580841e+00 +1.9168453e+00 +3.2715598e+00 +3.7374390e+00 +3.8034467e+00 +4.5640563e+00 
-4.8869322e+01 -4.8851511e+01 -2.7915328e+01 -2.7868617e+01 -2.7827574e+01 -2.7809526e+01 -2.7739053e+01 -2.7721259e+01 -1.4426368e+00 -5.3353603e-01 -5.0933842e-01 -4.4933907e-01 +9.3846973e-01 +1.1959341e+00 +1.8748976e+00 +3.2276562e+00 +3.7381662e+00 +3.8080645e+00 +4.4776228e+00 
-4.8871110e+01 -4.8850935e+01 -2.7913090e+01 -2.7870256e+01 -2.7835304e+01 -2.7803687e+01 -2.7733755e+01 -2.7714851e+01 -1.5719903e+00 -5.3084364e-01 -4.8414924e-01 -4.2868829e-01 +9.4578455e-01 +1.2354091e+00 +1.8295794e+00 +3.1827848e+00 +3.7274635e+00 +3.8126912e+00 +4.3907280e+00 
-4.8872982e+01 -4.8850432e+01 -2.7910148e+01 -2.7871256e+01 -2.7843162e+01 -2.7797776e+01 -2.7728366e+01 -2.7708487e+01 -1.7067998e+00 -5.2617547e-01 -4.5560631e-01 -4.1128280e-01 +9.5605126e-01 +1.2761165e+00 +1.7818205e+00 +3.1370849e+00 +3.7050461e+00 +3.8171927e+00 +4.3028538e+00 
-4.8874936e+01 -4.8850002e+01 -2.7906476e+01 -2.7871576e+01 -2.7851129e+01 -2.7791831e+01 -2.7722930e+01 -2.7702181e+01 -1.8460522e+00 -5.1927143e-01 -4.2366942e-01 -3.9737305e-01 +9.6932750e-01 +1.3176853e+00 +1.7326293e+00 +3.0906929e+00 +3.6710203e+00 +3.8214414e+00 +4.2136607e+00 
-4.8876966e+01 -4.8849648e+01 -2.7902060e+01 -2.7871187e+01 -2.7859188e+01 -2.7785884e+01 -2.7717487e+01 -2.7695949e+01 -1.9887815e+00 -5.0990665e-01 -3.8832068e-01 -3.8729346e-01 +9.8565164e-01 +1.3597690e+00 +1.6830801e+00 +3.0437425e+00 +3.6257980e+00 +3.8253168e+00 +4.1229719e+00 
-4.8879069e+01 -4.8849369e+01 -2.7896900e+01 -2.7870074e+01 -2.7867320e+01 -2.7779961e+01 -2.7712066e+01 -2.7689805e+01 -2.1340795e+00 -4.9789115e-01 -3.8145953e-01 -3.4956361e-01 +1.0050426e+00 +1.4020476e+00 +1.6342983e+00 +2.9963652e+00 +3.5700364e+00 +3.8287060e+00 +4.0307528e+00 
-4.8881238e+01 -4.8849166e+01 -2.7891003e+01 -2.7875506e+01 -2.7868233e+01 -2.7774084e+01 -2.7706695e+01 -2.7683762e+01 -2.2811008e+00 -4.8306879e-01 -3.8035408e-01 -3.0742325e-01 +1.0274996e+00 +1.4442288e+00 +1.5874397e+00 +2.9486902e+00 +3.5045967e+00 +3.8315042e+00 +3.9370865e+00 
-4.8883466e+01 -4.8849037e+01 -2.7884390e+01 -2.7883724e+01 -2.7865667e+01 -2.7768272e+01 -2.7701397e+01 -2.7677832e+01 -2.4290639e+00 -4.6531623e-01 -3.8450183e-01 -2.6194547e-01 +1.0530021e+00 +1.4860491e+00 +1.5436610e+00 +2.9008442e+00 +3.4305085e+00 +3.8336154e+00 +3.8421517e+00 
-4.8885748e+01 -4.8848982e+01 -2.7891953e+01 -2.7877088e+01 -2.7862392e+01 -2.7762540e+01 -2.7696192e+01 -2.7672027e+01 -2.5772491e+00 -4.4454160e-01 -3.9442941e-01 -2.1319736e-01 +1.0815096e+00 +1.5040777e+00 +1.5272739e+00 +2.8529511e+00 +3.3489319e+00 +3.7462003e+00 +3.8349518e+00 
-4.8888076e+01 -4.8848998e+01 -2.7900173e+01 -2.7869134e+01 -2.7858427e+01 -2.7756901e+01 -2.7691098e+01 -2.7666360e+01 -2.7249951e+00 -4.2068336e-01 -4.1061341e-01 -1.6126720e-01 +1.1129613e+00 +1.4697128e+00 +1.5676982e+00 +2.8051315e+00 +3.2611136e+00 +3.6495386e+00 +3.8354351e+00 
-4.8890441e+01 -4.8849083e+01 -2.7908360e+01 -2.7860574e+01 -2.7853802e+01 -2.7751364e+01 -2.7686131e+01 -2.7660839e+01 -2.8716948e+00 -4.3342119e-01 -3.9370938e-01 -1.0626476e-01 +1.1472759e+00 +1.4414383e+00 +1.6071467e+00 +2.7575023e+00 +3.1683401e+00 +3.5525105e+00 +3.8349958e+00 
-4.8892834e+01 -4.8849232e+01 -2.7916493e+01 -2.7851461e+01 -2.7848554e+01 -2.7745936e+01 -2.7681306e+01 -2.7655476e+01 -3.0167901e+00 -4.6305394e-01 -3.6361615e-01 -4.8321659e-02 +1.1843513e+00 +1.4199203e+00 +1.6454741e+00 +2.7101760e+00 +3.0718919e+00 +3.4554838e+00 +3.8335734e+00 
-4.8895248e+01 -4.8849443e+01 -2.7924547e+01 -2.7842723e+01 -2.7841860e+01 -2.7740619e+01 -2.7676634e+01 -2.7650277e+01 -3.1597672e+00 -4.9950320e-01 -3.3042848e-01 +1.2408435e-02 +1.2240644e+00 +1.4055769e+00 +1.6825644e+00 +2.6632602e+00 +2.9730032e+00 +3.3588384e+00 +3.8311169e+00 
-4.8897671e+01 -4.8849711e+01 -2.7932500e+01 -2.7836360e+01 -2.7831840e+01 -2.7735412e+01 -2.7672128e+01 -2.7645252e+01 -3.3001521e+00 -5.4253024e-01 -2.9419944e-01 +7.5749375e-02 +1.2662704e+00 +1.3985598e+00 +1.7183309e+00 +2.6168565e+00 +2.8728318e+00 +3.2629570e+00 +3.8275847e+00 
-4.8900095e+01 -4.8850031e+01 -2.7940330e+01 -2.7829516e+01 -2.7821480e+01 -2.7730310e+01 -2.7667796e+01 -2.7640408e+01 -3.4375058e+00 -5.9167275e-01 -2.5501075e-01 +1.4150249e-01 +1.3108026e+00 +1.3987618e+00 +1.7527155e+00 +2.5710608e+00 +2.7724375e+00 +3.1682179e+00 +3.8229447e+00 
-4.8902509e+01 -4.8850398e+01 -2.7948011e+01 -2.7822250e+01 -2.7810871e+01 -2.7725303e+01 -2.7663649e+01 -2.7635752e+01 -3.5714211e+00 -6.4627554e-01 -2.1297356e-01 +2.0944622e-01 +1.3574718e+00 +1.4058481e+00 +1.7856884e+00 +2.5259617e+00 +2.6727710e+00 +3.0749890e+00 +3.8171750e+00 
-4.8904903e+01 -4.8850806e+01 -2.7955522e+01 -2.7814624e+01 -2.7800112e+01 -2.7720373e+01 -2.7659695e+01 -2.7631288e+01 -3.7015189e+00 -7.0553704e-01 -1.6822975e-01 +2.7933646e-01 +1.4060657e+00 +1.4193031e+00 +1.8172466e+00 +2.4816405e+00 +2.5746700e+00 +2.9836233e+00 +3.8102642e+00 
-4.8907267e+01 -4.8851249e+01 -2.7962839e+01 -2.7806705e+01 -2.7789311e+01 -2.7715494e+01 -2.7655940e+01 -2.7627023e+01 -3.8274454e+00 -7.6856096e-01 -1.2095372e-01 +3.5090669e-01 +1.4384810e+00 +1.4563483e+00 +1.8474128e+00 +2.4381707e+00 +2.4788621e+00 +2.8944555e+00 +3.8022124e+00 
-4.8909589e+01 -4.8851722e+01 -2.7969939e+01 -2.7798559e+01 -2.7778595e+01 -2.7710627e+01 -2.7652391e+01 -2.7622961e+01 -3.9488696e+00 -8.3440481e-01 -7.1354728e-02 +4.2386862e-01 +1.4626524e+00 +1.5080589e+00 +1.8762346e+00 +2.3859715e+00 +2.3956169e+00 +2.8077990e+00 +3.7930319e+00 
-4.8911859e+01 -4.8852217e+01 -2.7976800e+01 -2.7790260e+01 -2.7768101e+01 -2.7705723e+01 -2.7649053e+01 -2.7619106e+01 -4.0654815e+00 -9.0211948e-01 -1.9679820e-02 +4.9791319e-01 +1.4910423e+00 +1.5609118e+00 +1.9037817e+00 +2.2965293e+00 +2.3540345e+00 +2.7239444e+00 +3.7827491e+00 
-4.8914067e+01 -4.8852729e+01 -2.7983401e+01 -2.7781879e+01 -2.7757985e+01 -2.7700715e+01 -2.7645931e+01 -2.7615461e+01 -4.1769903e+00 -9.7077864e-01 +3.3782731e-02 +5.7271179e-01 +1.5228547e+00 +1.6145945e+00 +1.9301448e+00 +2.2109865e+00 +2.3134691e+00 +2.6431584e+00 +3.7714059e+00 
-4.8916203e+01 -4.8853250e+01 -2.7989719e+01 -2.7773490e+01 -2.7748415e+01 -2.7695523e+01 -2.7643030e+01 -2.7612030e+01 -4.2831234e+00 -1.0394984e+00 +8.8699408e-02 +6.4791850e-01 +1.5572861e+00 +1.6687673e+00 +1.9554319e+00 +2.1297304e+00 +2.2739547e+00 +2.5656830e+00 +3.7590620e+00 
-4.8918255e+01 -4.8853775e+01 -2.7995736e+01 -2.7765168e+01 -2.7739563e+01 -2.7690064e+01 -2.7640352e+01 -2.7608814e+01 -4.3836250e+00 -1.1074494e+00 +1.4468703e-01 +7.2317222e-01 +1.5935228e+00 +1.7230618e+00 +1.9797651e+00 +2.0531089e+00 +2.2355119e+00 +2.4917375e+00 +3.7457979e+00 
-4.8920214e+01 -4.8854297e+01 -2.8001429e+01 -2.7756986e+01 -2.7731580e+01 -2.7684275e+01 -2.7637899e+01 -2.7605815e+01 -4.4782558e+00 -1.1738625e+00 +2.0130813e-01 +7.9809964e-01 +1.6307106e+00 +1.7770798e+00 +1.9814768e+00 +2.0032754e+00 +2.1981433e+00 +2.4215223e+00 +3.7317179e+00 
-4.8922071e+01 -4.8854809e+01 -2.8006783e+01 -2.7749019e+01 -2.7724566e+01 -2.7678141e+01 -2.7635672e+01 -2.7603035e+01 -4.5667926e+00 -1.2380312e+00 +2.5806652e-01 +8.7231838e-01 +1.6678400e+00 +1.8303918e+00 +1.9153229e+00 +2.0260951e+00 +2.1618246e+00 +2.3552283e+00 +3.7169536e+00 
-4.8923816e+01 -4.8855306e+01 -2.8011777e+01 -2.7741339e+01 -2.7718545e+01 -2.7671720e+01 -2.7633673e+01 -2.7600476e+01 -4.6490276e+00 -1.2993121e+00 +3.1440355e-01 +9.4544012e-01 +1.7032245e+00 +1.8558020e+00 +1.8825362e+00 +2.0483484e+00 +2.1264887e+00 +2.2930547e+00 +3.7016679e+00 
-4.8925441e+01 -4.8855781e+01 -2.8016396e+01 -2.7734017e+01 -2.7713464e+01 -2.7665146e+01 -2.7631898e+01 -2.7598138e+01 -4.7247688e+00 -1.3571230e+00 +3.6969609e-01 +1.0170730e+00 +1.7307722e+00 +1.8084715e+00 +1.9330182e+00 +2.0701370e+00 +2.0919969e+00 +2.2352415e+00 +3.6860591e+00 
-4.8926937e+01 -4.8856229e+01 -2.8020624e+01 -2.7727123e+01 -2.7709222e+01 -2.7658595e+01 -2.7630344e+01 -2.7596021e+01 -4.7938397e+00 -1.4109413e+00 +4.2325725e-01 +1.0868219e+00 +1.7227604e+00 +1.8005254e+00 +1.9813108e+00 +2.0580966e+00 +2.0915210e+00 +2.1821189e+00 +3.6703634e+00 
-4.8928297e+01 -4.8856645e+01 -2.8024446e+01 -2.7720723e+01 -2.7705701e+01 -2.7652255e+01 -2.7629007e+01 -2.7594127e+01 -4.8560794e+00 -1.4603014e+00 +4.7434050e-01 +1.1542845e+00 +1.6853077e+00 +1.8253300e+00 +2.0243838e+00 +2.0268560e+00 +2.1124934e+00 +2.1341579e+00 +3.6548577e+00 
-4.8929514e+01 -4.8857024e+01 -2.8027850e+01 -2.7714883e+01 -2.7702793e+01 -2.7646299e+01 -2.7627878e+01 -2.7592456e+01 -4.9113431e+00 -1.5047932e+00 +5.2215165e-01 +1.2190384e+00 +1.6468198e+00 +1.8539866e+00 +1.9903424e+00 +2.0690696e+00 +2.0919526e+00 +2.1329506e+00 +3.6398592e+00 
-4.8930582e+01 -4.8857362e+01 -2.8030825e+01 -2.7709666e+01 -2.7700409e+01 -2.7640877e+01 -2.7626946e+01 -2.7591007e+01 -4.9595022e+00 -1.5440591e+00 +5.6586437e-01 +1.2806113e+00 +1.6122840e+00 +1.8810456e+00 +1.9555770e+00 +2.0560293e+00 +2.1073494e+00 +2.1526555e+00 +3.6257210e+00 
-4.8931495e+01 -4.8857654e+01 -2.8033359e+01 -2.7705129e+01 -2.7698480e+01 -2.7636107e+01 -2.7626198e+01 -2.7589782e+01 -5.0004442e+00 -1.5777932e+00 +6.0464761e-01 +1.3384170e+00 +1.5826642e+00 +1.9051194e+00 +1.9201924e+00 +2.0265416e+00 +2.1410881e+00 +2.1712110e+00 +3.6128235e+00 
-4.8932249e+01 -4.8857898e+01 -2.8035445e+01 -2.7701329e+01 -2.7696958e+01 -2.7632086e+01 -2.7625620e+01 -2.7588779e+01 -5.0340736e+00 -1.6057389e+00 +6.3769705e-01 +1.3916252e+00 +1.5582656e+00 +1.8850065e+00 +1.9255272e+00 +2.0031994e+00 +2.1696930e+00 +2.1880412e+00 +3.6015593e+00 
-4.8932839e+01 -4.8858091e+01 -2.8037074e+01 -2.7698315e+01 -2.7695805e+01 -2.7628887e+01 -2.7625193e+01 -2.7587999e+01 -5.0603119e+00 -1.6276884e+00 +6.6427462e-01 +1.4388992e+00 +1.5392161e+00 +1.8515631e+00 +1.9418206e+00 +1.9855296e+00 +2.1926123e+00 +2.2024122e+00 +3.5923106e+00 
-4.8933263e+01 -4.8858230e+01 -2.8038243e+01 -2.7696128e+01 -2.7694998e+01 -2.7626564e+01 -2.7624903e+01 -2.7587442e+01 -5.0790976e+00 -1.6434806e+00 +6.8374969e-01 +1.4779211e+00 +1.5255784e+00 +1.8223564e+00 +1.9536795e+00 +1.9731369e+00 +2.2093657e+00 +2.2135035e+00 +3.5854216e+00 
-4.8933518e+01 -4.8858314e+01 -2.8038945e+01 -2.7694803e+01 -2.7694519e+01 -2.7625156e+01 -2.7624736e+01 -2.7587108e+01 -5.0903866e+00 -1.6530016e+00 +6.9563834e-01 +1.5048176e+00 +1.5173851e+00 +1.8013388e+00 +1.9608822e+00 +1.9657787e+00 +2.2195778e+00 +2.2205390e+00 +3.5811683e+00 
-4.8933603e+01 -4.8858342e+01 -2.8039179e+01 -2.7694361e+01 -2.7694359e+01 -2.7624684e+01 -2.7624681e+01 -2.7586996e+01 -5.0941526e+00 -1.6561827e+00 +6.9963591e-01 +1.5146487e+00 +1.5146524e+00 +1.7934674e+00 +1.9632977e+00 +1.9633374e+00 +2.2229534e+00 +2.2230093e+00 +3.5797298e+00 
-4.8933499e+01 -4.8858448e+01 -2.8038570e+01 -2.7694264e+01 -2.7694262e+01 -2.7624782e+01 -2.7624779e+01 -2.7587653e+01 -5.0902649e+00 -1.6610411e+00 +6.9663825e-01 +1.5120310e+00 +1.5120346e+00 +1.7908786e+00 +1.9607273e+00 +1.9607670e+00 +2.2283566e+00 +2.2284123e+00 +3.5803490e+00 
-4.8933187e+01 -4.8858766e+01 -2.8036745e+01 -2.7693973e+01 -2.7693971e+01 -2.7625075e+01 -2.7625072e+01 -2.7589619e+01 -5.0786116e+00 -1.6756773e+00 +6.8796175e-01 +1.5044783e+00 +1.5044817e+00 +1.7831315e+00 +1.9530891e+00 +1.9531288e+00 +2.2442491e+00 +2.2443041e+00 +3.5821285e+00 
-4.8932667e+01 -4.8859293e+01 -2.8033712e+01 -2.7693491e+01 -2.7693489e+01 -2.7625562e+01 -2.7625558e+01 -2.7592882e+01 -5.0592216e+00 -1.7002622e+00 +6.7451770e-01 +1.4928005e+00 +1.4928038e+00 +1.7702811e+00 +1.9405954e+00 +1.9406350e+00 +2.2697724e+00 +2.2698266e+00 +3.5848417e+00 
-4.8931945e+01 -4.8860027e+01 -2.8029489e+01 -2.7692820e+01 -2.7692818e+01 -2.7626239e+01 -2.7626235e+01 -2.7597421e+01 -5.0321429e+00 -1.7350360e+00 +6.5770080e-01 +1.4780992e+00 +1.4781023e+00 +1.7524195e+00 +1.9235817e+00 +1.9236212e+00 +2.3037438e+00 +2.3037971e+00 +3.5881310e+00 
-4.8931022e+01 -4.8860964e+01 -2.8024095e+01 -2.7691963e+01 -2.7691961e+01 -2.7627103e+01 -2.7627099e+01 -2.7603209e+01 -4.9974434e+00 -1.7802461e+00 +6.3922604e-01 +1.4615428e+00 +1.4615460e+00 +1.7296759e+00 +1.9024829e+00 +1.9025224e+00 +2.3448818e+00 +2.3449342e+00 +3.5915355e+00 
-4.8929905e+01 -4.8862098e+01 -2.8017558e+01 -2.7690925e+01 -2.7690923e+01 -2.7628149e+01 -2.7628145e+01 -2.7610209e+01 -4.9552108e+00 -1.8360728e+00 +6.2094047e-01 +1.4442126e+00 +1.4442161e+00 +1.7022162e+00 +1.8778060e+00 +1.8778453e+00 +2.3919596e+00 +2.3920109e+00 +3.5945222e+00 
-4.8928600e+01 -4.8863422e+01 -2.8009911e+01 -2.7689712e+01 -2.7689710e+01 -2.7629371e+01 -2.7629368e+01 -2.7618378e+01 -4.9055528e+00 -1.9025536e+00 +6.0464003e-01 +1.4270315e+00 +1.4270354e+00 +1.6702434e+00 +1.8501019e+00 +1.8501409e+00 +2.4438770e+00 +2.4439271e+00 +3.5965191e+00 
-4.8927112e+01 -4.8864929e+01 -2.8001193e+01 -2.7688331e+01 -2.7688330e+01 -2.7630762e+01 -2.7630759e+01 -2.7627665e+01 -4.8485980e+00 -1.9795230e+00 +5.9191651e-01 +1.4107491e+00 +1.4107538e+00 +1.6339969e+00 +1.8199411e+00 +1.8199797e+00 +2.4996747e+00 +2.4997237e+00 +3.5969454e+00 
-4.8925452e+01 -4.8866611e+01 -2.7991448e+01 -2.7686790e+01 -2.7686788e+01 -2.7638013e+01 -2.7632315e+01 -2.7632312e+01 -4.7844962e+00 -2.0665761e+00 +5.8405245e-01 +1.3959575e+00 +1.3959631e+00 +1.5937519e+00 +1.7878936e+00 +1.7879318e+00 +2.5585200e+00 +2.5585677e+00 +3.5952378e+00 
-4.8923628e+01 -4.8868458e+01 -2.7980726e+01 -2.7685096e+01 -2.7685094e+01 -2.7649359e+01 -2.7634019e+01 -2.7634017e+01 -4.7134196e+00 -2.1630662e+00 +5.8197102e-01 +1.3831153e+00 +1.3831220e+00 +1.5498187e+00 +1.7545134e+00 +1.7545510e+00 +2.6196824e+00 +2.6197288e+00 +3.5908723e+00 
-4.8921649e+01 -4.8870459e+01 -2.7969082e+01 -2.7683259e+01 -2.7683258e+01 -2.7661634e+01 -2.7635867e+01 -2.7635865e+01 -4.6355633e+00 -2.2681312e+00 +5.8623498e-01 +1.3725728e+00 +1.3725807e+00 +1.5025407e+00 +1.7203280e+00 +1.7203649e+00 +2.6825095e+00 +2.6825546e+00 +3.5833798e+00 
-4.8919527e+01 -4.8872603e+01 -2.7956575e+01 -2.7681290e+01 -2.7681289e+01 -2.7674764e+01 -2.7637848e+01 -2.7637845e+01 -4.5511473e+00 -2.3807430e+00 +5.9708263e-01 +1.3645933e+00 +1.3646026e+00 +1.4522931e+00 +1.6858318e+00 +1.6858678e+00 +2.7464069e+00 +2.7464504e+00 +3.5723586e+00 
-4.8917273e+01 -4.8874878e+01 -2.7943272e+01 -2.7688670e+01 -2.7679199e+01 -2.7679198e+01 -2.7639949e+01 -2.7639947e+01 -4.4604174e+00 -2.4997656e+00 +6.1448501e-01 +1.3593704e+00 +1.3593812e+00 +1.3994807e+00 +1.6514823e+00 +1.6515174e+00 +2.8108221e+00 +2.8108639e+00 +3.5574824e+00 
-4.8914901e+01 -4.8877271e+01 -2.7929242e+01 -2.7703268e+01 -2.7676998e+01 -2.7676997e+01 -2.7642160e+01 -2.7642158e+01 -4.3636474e+00 -2.6240131e+00 +6.3820868e-01 +1.3445354e+00 +1.3570402e+00 +1.3570525e+00 +1.6176990e+00 +1.6177331e+00 +2.8752337e+00 +2.8752736e+00 +3.5385042e+00 
-4.8912422e+01 -4.8879768e+01 -2.7914557e+01 -2.7718473e+01 -2.7674699e+01 -2.7674699e+01 -2.7644468e+01 -2.7644466e+01 -4.2611416e+00 -2.7522991e+00 +6.6787439e-01 +1.2879140e+00 +1.3576916e+00 +1.3577055e+00 +1.5848632e+00 +1.5848961e+00 +2.9391440e+00 +2.9391818e+00 +3.5152584e+00 
-4.8909851e+01 -4.8882356e+01 -2.7899297e+01 -2.7734196e+01 -2.7672316e+01 -2.7672315e+01 -2.7646860e+01 -2.7646859e+01 -4.1532373e+00 -2.8834735e+00 +7.0300588e-01 +1.2300953e+00 +1.3613732e+00 +1.3613888e+00 +1.5533192e+00 +1.5533508e+00 +3.0020745e+00 +3.0021099e+00 +3.4876599e+00 
-4.8907202e+01 -4.8885019e+01 -2.7883542e+01 -2.7750343e+01 -2.7669860e+01 -2.7669860e+01 -2.7649323e+01 -2.7649321e+01 -4.0403082e+00 -3.0164478e+00 +7.4306710e-01 +1.1715780e+00 +1.3680985e+00 +1.3681158e+00 +1.5233758e+00 +1.5234060e+00 +3.0635639e+00 +3.0635968e+00 +3.4557013e+00 
-4.8904490e+01 -4.8887743e+01 -2.7867377e+01 -2.7766823e+01 -2.7667346e+01 -2.7667346e+01 -2.7651842e+01 -2.7651841e+01 -3.9227683e+00 -3.1502093e+00 +7.8748886e-01 +1.1128783e+00 +1.3778490e+00 +1.3778680e+00 +1.4953080e+00 +1.4953368e+00 +3.1231690e+00 +3.1231992e+00 +3.4194486e+00 
-4.8901729e+01 -4.8890512e+01 -2.7850889e+01 -2.7783541e+01 -2.7664788e+01 -2.7664788e+01 -2.7654404e+01 -2.7654403e+01 -3.8010764e+00 -3.2838276e+00 +8.3568643e-01 +1.0545280e+00 +1.3905773e+00 +1.3905980e+00 +1.4693589e+00 +1.4693862e+00 +3.1804666e+00 +3.1804937e+00 +3.3790359e+00 
-4.8898935e+01 -4.8893311e+01 -2.7834169e+01 -2.7800401e+01 -2.7662201e+01 -2.7662200e+01 -2.7656994e+01 -2.7656993e+01 -3.6757410e+00 -3.4164550e+00 +8.8707129e-01 +9.9707276e-01 +1.4062080e+00 +1.4062304e+00 +1.4457413e+00 +1.4457670e+00 +3.2350564e+00 +3.2350803e+00 +3.3346585e+00 
-4.8896124e+01 -4.8896124e+01 -2.7817308e+01 -2.7817308e+01 -2.7659598e+01 -2.7659598e+01 -2.7659597e+01 -2.7659597e+01 -3.5473264e+00 -3.5473230e+00 +9.4105777e-01 +9.4107084e-01 +1.4246391e+00 +1.4246391e+00 +1.4246631e+00 +1.4246632e+00 +3.2865664e+00 +3.2865667e+00 +3.2865872e+00 
-4.8896066e+01 -4.8896066e+01 -2.7817444e+01 -2.7817444e+01 -2.7659850e+01 -2.7659850e+01 -2.7659705e+01 -2.7659705e+01 -3.5440172e+00 -3.5440139e+00 +9.3846591e-01 +9.3847885e-01 +1.4240026e+00 +1.4240027e+00 +1.4267260e+00 +1.4267260e+00 +3.2861595e+00 +3.2861596e+00 +3.2872455e+00 
-4.8895895e+01 -4.8895895e+01 -2.7817855e+01 -2.7817855e+01 -2.7660601e+01 -2.7660601e+01 -2.7660026e+01 -2.7660026e+01 -3.5341037e+00 -3.5341004e+00 +9.3076990e-01 +9.3078249e-01 +1.4220219e+00 +1.4220223e+00 +1.4329191e+00 +1.4329191e+00 +3.2849354e+00 +3.2849356e+00 +3.2892520e+00 
-4.8895610e+01 -4.8895610e+01 -2.7818552e+01 -2.7818552e+01 -2.7661831e+01 -2.7661831e+01 -2.7660559e+01 -2.7660559e+01 -3.5176279e+00 -3.5176246e+00 +9.1819608e-01 +9.1820817e-01 +1.4185560e+00 +1.4185567e+00 +1.4431945e+00 +1.4431946e+00 +3.2829364e+00 +3.2829364e+00 +3.2926489e+00 
-4.8895215e+01 -4.8895215e+01 -2.7819554e+01 -2.7819554e+01 -2.7663507e+01 -2.7663507e+01 -2.7661300e+01 -2.7661300e+01 -3.4946597e+00 -3.4946564e+00 +9.0108779e-01 +9.0109916e-01 +1.4133983e+00 +1.4133995e+00 +1.4574817e+00 +1.4574818e+00 +3.2802245e+00 +3.2802480e+00 +3.2975057e+00 
-4.8894711e+01 -4.8894711e+01 -2.7820886e+01 -2.7820886e+01 -2.7665585e+01 -2.7665585e+01 -2.7662244e+01 -2.7662244e+01 -3.4652981e+00 -3.4652949e+00 +8.7986528e-01 +8.7987589e-01 +1.4063290e+00 +1.4063309e+00 +1.4756806e+00 +1.4756807e+00 +3.2768868e+00 +3.2768877e+00 +3.3039037e+00 
-4.8894101e+01 -4.8894101e+01 -2.7822578e+01 -2.7822578e+01 -2.7668009e+01 -2.7668009e+01 -2.7663384e+01 -2.7663384e+01 -3.4296717e+00 -3.4296685e+00 +8.5498708e-01 +8.5499682e-01 +1.3971608e+00 +1.3971632e+00 +1.4976604e+00 +1.4976605e+00 +3.2730359e+00 +3.2730372e+00 +3.3119218e+00 
-4.8893392e+01 -4.8893392e+01 -2.7824666e+01 -2.7824666e+01 -2.7670713e+01 -2.7670713e+01 -2.7664712e+01 -2.7664712e+01 -3.3879394e+00 -3.3879362e+00 +8.2691806e-01 +8.2692688e-01 +1.3857753e+00 +1.3857783e+00 +1.5232578e+00 +1.5232579e+00 +3.2688107e+00 +3.2688112e+00 +3.3216236e+00 
-4.8892586e+01 -4.8892586e+01 -2.7827189e+01 -2.7827189e+01 -2.7673623e+01 -2.7673623e+01 -2.7666220e+01 -2.7666220e+01 -3.3402918e+00 -3.3402887e+00 +7.9610820e-01 +7.9611609e-01 +1.3721479e+00 +1.3721515e+00 +1.5522752e+00 +1.5522753e+00 +3.2643766e+00 +3.2643776e+00 +3.3330460e+00 
-4.8891689e+01 -4.8891689e+01 -2.7830188e+01 -2.7830188e+01 -2.7676660e+01 -2.7676660e+01 -2.7667895e+01 -2.7667895e+01 -3.2869529e+00 -3.2869497e+00 +7.6298087e-01 +7.6298781e-01 +1.3563592e+00 +1.3563634e+00 +1.5844781e+00 +1.5844782e+00 +3.2599269e+00 +3.2599280e+00 +3.3461908e+00 
-4.8890708e+01 -4.8890708e+01 -2.7833701e+01 -2.7833701e+01 -2.7679742e+01 -2.7679742e+01 -2.7669728e+01 -2.7669728e+01 -3.2281813e+00 -3.2281782e+00 +7.2792862e-01 +7.2793464e-01 +1.3385947e+00 +1.3385994e+00 +1.6195927e+00 +1.6195928e+00 +3.2556832e+00 +3.2556841e+00 +3.3610212e+00 
-4.8889648e+01 -4.8889648e+01 -2.7837759e+01 -2.7837759e+01 -2.7682790e+01 -2.7682790e+01 -2.7671705e+01 -2.7671705e+01 -3.1642729e+00 -3.1642698e+00 +6.9131438e-01 +6.9131951e-01 +1.3191361e+00 +1.3191412e+00 +1.6573033e+00 +1.6573034e+00 +3.2518963e+00 +3.2518966e+00 +3.3774623e+00 
-4.8888518e+01 -4.8888518e+01 -2.7842386e+01 -2.7842386e+01 -2.7685728e+01 -2.7685728e+01 -2.7673813e+01 -2.7673813e+01 -3.0955623e+00 -3.0955594e+00 +6.5347584e-01 +6.5348013e-01 +1.2983466e+00 +1.2983520e+00 +1.6972493e+00 +1.6972495e+00 +3.2488473e+00 +3.2488475e+00 +3.3954053e+00 
-4.8887325e+01 -4.8887325e+01 -2.7847593e+01 -2.7847593e+01 -2.7688493e+01 -2.7688493e+01 -2.7676036e+01 -2.7676036e+01 -3.0224261e+00 -3.0224233e+00 +6.1473150e-01 +6.1473499e-01 +1.2766526e+00 +1.2766582e+00 +1.7390236e+00 +1.7390238e+00 +3.2468465e+00 +3.2468466e+00 +3.4147144e+00 
-4.8886077e+01 -4.8886077e+01 -2.7853375e+01 -2.7853375e+01 -2.7691033e+01 -2.7691033e+01 -2.7678360e+01 -2.7678360e+01 -2.9452850e+00 -2.9452822e+00 +5.7538723e-01 +5.7538998e-01 +1.2545245e+00 +1.2545303e+00 +1.7821711e+00 +1.7821714e+00 +3.2462334e+00 +3.2462334e+00 +3.4352356e+00 
-4.8884783e+01 -4.8884783e+01 -2.7859712e+01 -2.7859712e+01 -2.7693310e+01 -2.7693310e+01 -2.7680769e+01 -2.7680769e+01 -2.8646063e+00 -2.8646036e+00 +5.3574245e-01 +5.3574453e-01 +1.2324576e+00 +1.2324635e+00 +1.8261902e+00 +1.8261905e+00 +3.2473722e+00 +3.2473723e+00 +3.4568063e+00 
-4.8883450e+01 -4.8883450e+01 -2.7866564e+01 -2.7866564e+01 -2.7695301e+01 -2.7695301e+01 -2.7683245e+01 -2.7683245e+01 -2.7809069e+00 -2.7809043e+00 +4.9609537e-01 +4.9609686e-01 +1.2109552e+00 +1.2109612e+00 +1.8705361e+00 +1.8705364e+00 +3.2506465e+00 +3.2506466e+00 +3.4792642e+00 
-4.8882089e+01 -4.8882089e+01 -2.7873880e+01 -2.7873880e+01 -2.7696999e+01 -2.7696999e+01 -2.7685773e+01 -2.7685773e+01 -2.6947549e+00 -2.6947524e+00 +4.5674652e-01 +4.5674756e-01 +1.1905141e+00 +1.1905201e+00 +1.9146292e+00 +1.9146295e+00 +3.2564482e+00 +3.2564483e+00 +3.5024556e+00 
-4.8880709e+01 -4.8880709e+01 -2.7881592e+01 -2.7881592e+01 -2.7698406e+01 -2.7698406e+01 -2.7688334e+01 -2.7688334e+01 -2.6067711e+00 -2.6067688e+00 +4.1800037e-01 +4.1800118e-01 +1.1716123e+00 +1.1716183e+00 +1.9578691e+00 +1.9578694e+00 +3.2651613e+00 +3.2651614e+00 +3.5262426e+00 
-4.8879319e+01 -4.8879319e+01 -2.7889626e+01 -2.7889626e+01 -2.7699536e+01 -2.7699535e+01 -2.7690911e+01 -2.7690911e+01 -2.5176288e+00 -2.5176266e+00 +3.8016473e-01 +3.8016561e-01 +1.1546994e+00 +1.1547054e+00 +1.9996543e+00 +1.9996546e+00 +3.2771399e+00 +3.2771400e+00 +3.5505081e+00 
-4.8877928e+01 -4.8877928e+01 -2.7897898e+01 -2.7897898e+01 -2.7700408e+01 -2.7700408e+01 -2.7693486e+01 -2.7693486e+01 -2.4280517e+00 -2.4280497e+00 +3.4354788e-01 +3.4354901e-01 +1.1401892e+00 +1.1401951e+00 +2.0394091e+00 +2.0394095e+00 +3.2926787e+00 +3.2926788e+00 +3.5751597e+00 
-4.8876546e+01 -4.8876546e+01 -2.7906322e+01 -2.7906322e+01 -2.7701049e+01 -2.7701049e+01 -2.7696043e+01 -2.7696043e+01 -2.3388091e+00 -2.3388072e+00 +3.0845311e-01 +3.0845453e-01 +1.1284518e+00 +1.1284576e+00 +2.0766148e+00 +2.0766152e+00 +3.3119808e+00 +3.3119809e+00 +3.6001311e+00 
-4.8875183e+01 -4.8875183e+01 -2.7914808e+01 -2.7914808e+01 -2.7701484e+01 -2.7701484e+01 -2.7698563e+01 -2.7698563e+01 -2.2507070e+00 -2.2507054e+00 +2.7517110e-01 +2.7517281e-01 +1.1198062e+00 +1.1198120e+00 +2.1108414e+00 +2.1108418e+00 +3.3351234e+00 +3.3351235e+00 +3.6253818e+00 
-4.8873847e+01 -4.8873847e+01 -2.7923270e+01 -2.7923270e+01 -2.7701742e+01 -2.7701742e+01 -2.7701029e+01 -2.7701029e+01 -2.1645753e+00 -2.1645738e+00 +2.4397051e-01 +2.4397249e-01 +1.1145109e+00 +1.1145166e+00 +2.1417757e+00 +2.1417761e+00 +3.3620293e+00 +3.3620294e+00 +3.6508945e+00 
-4.8872549e+01 -4.8872549e+01 -2.7931620e+01 -2.7931620e+01 -2.7703424e+01 -2.7703424e+01 -2.7701851e+01 -2.7701851e+01 -2.0812488e+00 -2.0812475e+00 +2.1508718e-01 +2.1508941e-01 +1.1127513e+00 +1.1127569e+00 +2.1692392e+00 +2.1692396e+00 +3.3924487e+00 +3.3924488e+00 +3.6766698e+00 
-4.8871296e+01 -4.8871296e+01 -2.7939776e+01 -2.7939776e+01 -2.7705733e+01 -2.7705733e+01 -2.7701837e+01 -2.7701837e+01 -2.0015439e+00 -2.0015428e+00 +1.8871265e-01 +1.8871509e-01 +1.1146244e+00 +1.1146301e+00 +2.1931923e+00 +2.1931928e+00 +3.4259550e+00 +3.4259551e+00 +3.7027175e+00 
-4.8870098e+01 -4.8870098e+01 -2.7947660e+01 -2.7947660e+01 -2.7707940e+01 -2.7707940e+01 -2.7701726e+01 -2.7701726e+01 -1.9262300e+00 -1.9262291e+00 +1.6498325e-01 +1.6498588e-01 +1.1201199e+00 +1.1201258e+00 +2.2137243e+00 +2.2137248e+00 +3.4619575e+00 +3.4619576e+00 +3.7290444e+00 
-4.8868962e+01 -4.8868962e+01 -2.7955196e+01 -2.7955196e+01 -2.7710029e+01 -2.7710029e+01 -2.7701541e+01 -2.7701541e+01 -1.8559991e+00 -1.8559984e+00 +1.4397104e-01 +1.4397381e-01 +1.1290999e+00 +1.1291061e+00 +2.2310304e+00 +2.2310310e+00 +3.4997265e+00 +3.4997266e+00 +3.7556377e+00 
-4.8867897e+01 -4.8867897e+01 -2.7962315e+01 -2.7962315e+01 -2.7711987e+01 -2.7711987e+01 -2.7701304e+01 -2.7701304e+01 -1.7914359e+00 -1.7914353e+00 +1.2567820e-01 +1.2568112e-01 +1.1412788e+00 +1.1412851e+00 +2.2453834e+00 +2.2453839e+00 +3.5384276e+00 +3.5384277e+00 +3.7824440e+00 
-4.8866910e+01 -4.8866910e+01 -2.7968953e+01 -2.7968953e+01 -2.7713801e+01 -2.7713801e+01 -2.7701033e+01 -2.7701033e+01 -1.7329923e+00 -1.7329919e+00 +1.1003657e-01 +1.1003962e-01 +1.1562091e+00 +1.1562156e+00 +2.2571020e+00 +2.2571025e+00 +3.5771596e+00 +3.5771596e+00 +3.8093425e+00 
-4.8866008e+01 -4.8866008e+01 -2.7975052e+01 -2.7975052e+01 -2.7715458e+01 -2.7715458e+01 -2.7700745e+01 -2.7700745e+01 -1.6809728e+00 -1.6809724e+00 +9.6912968e-02 +9.6916154e-02 +1.1732758e+00 +1.1732826e+00 +2.2665232e+00 +2.2665237e+00 +3.6149911e+00 +3.6149912e+00 +3.8361165e+00 
-4.8865196e+01 -4.8865196e+01 -2.7980559e+01 -2.7980559e+01 -2.7716947e+01 -2.7716947e+01 -2.7700457e+01 -2.7700457e+01 -1.6355312e+00 -1.6355308e+00 +8.6120732e-02 +8.6124022e-02 +1.1917058e+00 +1.1917128e+00 +2.2739795e+00 +2.2739800e+00 +3.6509953e+00 +3.6509954e+00 +3.8624221e+00 
-4.8864481e+01 -4.8864481e+01 -2.7985427e+01 -2.7985427e+01 -2.7718259e+01 -2.7718259e+01 -2.7700181e+01 -2.7700181e+01 -1.5966824e+00 -1.5966820e+00 +7.7435965e-02 +7.7439355e-02 +1.2105934e+00 +1.2106007e+00 +2.2797822e+00 +2.2797827e+00 +3.6842795e+00 +3.6842796e+00 +3.8877633e+00 
-4.8863867e+01 -4.8863867e+01 -2.7989616e+01 -2.7989616e+01 -2.7719383e+01 -2.7719383e+01 -2.7699928e+01 -2.7699928e+01 -1.5643277e+00 -1.5643274e+00 +7.0616976e-02 +7.0620459e-02 +1.2289453e+00 +1.2289528e+00 +2.2842104e+00 +2.2842109e+00 +3.7140119e+00 +3.7140120e+00 +3.9114798e+00 
-4.8863359e+01 -4.8863359e+01 -2.7993090e+01 -2.7993090e+01 -2.7720314e+01 -2.7720314e+01 -2.7699709e+01 -2.7699709e+01 -1.5382896e+00 -1.5382892e+00 +6.5424122e-02 +6.5427673e-02 +1.2457410e+00 +1.2457487e+00 +2.2875041e+00 +2.2875047e+00 +3.7394448e+00 +3.7394448e+00 +3.9327600e+00 
-4.8862960e+01 -4.8862960e+01 -2.7995822e+01 -2.7995822e+01 -2.7721044e+01 -2.7721044e+01 -2.7699530e+01 -2.7699530e+01 -1.5183511e+00 -1.5183507e+00 +6.1637830e-02 +6.1641426e-02 +1.2600034e+00 +1.2600112e+00 +2.2898612e+00 +2.2898617e+00 +3.7599349e+00 +3.7599349e+00 +3.9506902e+00 
-4.8862673e+01 -4.8862673e+01 -2.7997789e+01 -2.7997789e+01 -2.7721569e+01 -2.7721569e+01 -2.7699399e+01 -2.7699398e+01 -1.5042958e+00 -1.5042954e+00 +5.9073420e-02 +5.9077049e-02 +1.2708738e+00 +1.2708817e+00 +2.2914353e+00 +2.2914359e+00 +3.7749616e+00 +3.7749616e+00 +3.9643458e+00 
-4.8862500e+01 -4.8862500e+01 -2.7998975e+01 -2.7998975e+01 -2.7721886e+01 -2.7721886e+01 -2.7699318e+01 -2.7699318e+01 -1.4959420e+00 -1.4959416e+00 +5.7592012e-02 +5.7595662e-02 +1.2776809e+00 +1.2776889e+00 +2.2923361e+00 +2.2923367e+00 +3.7841415e+00 +3.7841415e+00 +3.9729176e+00 
-4.8862441e+01 -4.8862441e+01 -2.7999371e+01 -2.7999371e+01 -2.7721991e+01 -2.7721991e+01 -2.7699290e+01 -2.7699290e+01 -1.4931696e+00 -1.4931692e+00 +5.7107677e-02 +5.7111334e-02 +1.2799978e+00 +1.2800058e+00 +2.2926292e+00 +2.2926298e+00 +3.7872398e+00 +3.7872398e+00 +3.9758478e+00 
-4.8862423e+01 -4.8862423e+01 -2.7999185e+01 -2.7999185e+01 -2.7723207e+01 -2.7723207e+01 -2.7698431e+01 -2.7698431e+01 -1.4899928e+00 -1.4899925e+00 +5.8324759e-02 +5.8328409e-02 +1.2711557e+00 +1.2711637e+00 +2.2960807e+00 +2.2960813e+00 +3.7813552e+00 +3.7813554e+00 +3.9864068e+00 
-4.8862366e+01 -4.8862366e+01 -2.7998626e+01 -2.7998626e+01 -2.7726434e+01 -2.7726434e+01 -2.7696271e+01 -2.7696271e+01 -1.4804814e+00 -1.4804811e+00 +6.1951452e-02 +6.1955103e-02 +1.2453661e+00 +1.2453738e+00 +2.3056593e+00 +2.3056601e+00 +3.7669310e+00 +3.7669315e+00 +4.0149844e+00 
-4.8862273e+01 -4.8862273e+01 -2.7997698e+01 -2.7997698e+01 -2.7730969e+01 -2.7730969e+01 -2.7693498e+01 -2.7693498e+01 -1.4646949e+00 -1.4646945e+00 +6.7918701e-02 +6.7922351e-02 +1.2045868e+00 +1.2045942e+00 +2.3193325e+00 +2.3193334e+00 +3.7493792e+00 +3.7493802e+00 +4.0564022e+00 
-4.8862144e+01 -4.8862144e+01 -2.7996410e+01 -2.7996410e+01 -2.7736354e+01 -2.7736354e+01 -2.7690552e+01 -2.7690552e+01 -1.4427322e+00 -1.4427318e+00 +7.6110418e-02 +7.6114054e-02 +1.1514057e+00 +1.1514125e+00 +2.3344884e+00 +2.3344896e+00 +3.7321938e+00 +3.7321953e+00 +4.1074507e+00 
-4.8861981e+01 -4.8861981e+01 -2.7994772e+01 -2.7994772e+01 -2.7742344e+01 -2.7742344e+01 -2.7687646e+01 -2.7687646e+01 -1.4147312e+00 -1.4147308e+00 +8.6362180e-02 +8.6365797e-02 +1.0884779e+00 +1.0884843e+00 +2.3486220e+00 +2.3486234e+00 +3.7169544e+00 +3.7169565e+00 +4.1667562e+00 
-4.8861788e+01 -4.8861788e+01 -2.7992797e+01 -2.7992797e+01 -2.7748805e+01 -2.7748805e+01 -2.7684877e+01 -2.7684877e+01 -1.3808689e+00 -1.3808685e+00 +9.8459680e-02 +9.8463273e-02 +1.0181883e+00 +1.0181941e+00 +2.3597952e+00 +2.3597966e+00 +3.7040982e+00 +3.7041008e+00 +4.2338783e+00 
-4.8861568e+01 -4.8861568e+01 -2.7990503e+01 -2.7990503e+01 -2.7755644e+01 -2.7755644e+01 -2.7682291e+01 -2.7682291e+01 -1.3413602e+00 -1.3413598e+00 +1.1213724e-01 +1.1214079e-01 +9.4252762e-01 +9.4253301e-01 +2.3668403e+00 +2.3668417e+00 +3.6934025e+00 +3.6934054e+00 +4.3087360e+00 
-4.8861323e+01 -4.8861323e+01 -2.7987912e+01 -2.7987912e+01 -2.7762789e+01 -2.7762789e+01 -2.7679905e+01 -2.7679905e+01 -1.2964578e+00 -1.2964573e+00 +1.2707668e-01 +1.2708018e-01 +8.6309701e-01 +8.6310193e-01 +2.3693666e+00 +2.3693680e+00 +3.6842720e+00 +3.6842753e+00 +4.3912953e+00 
-4.8861059e+01 -4.8861059e+01 -2.7985050e+01 -2.7985050e+01 -2.7770172e+01 -2.7770172e+01 -2.7677723e+01 -2.7677723e+01 -1.2464513e+00 -1.2464508e+00 +1.4290693e-01 +1.4291036e-01 +7.8116459e-01 +7.8116905e-01 +2.3676419e+00 +2.3676432e+00 +3.6759497e+00 +3.6759533e+00 +4.4814014e+00 
-4.8860779e+01 -4.8860779e+01 -2.7981948e+01 -2.7981948e+01 -2.7777722e+01 -2.7777722e+01 -2.7675744e+01 -2.7675744e+01 -1.1916669e+00 -1.1916664e+00 +1.5920384e-01 +1.5920717e-01 +6.9773566e-01 +6.9773968e-01 +2.3624118e+00 +2.3624130e+00 +3.6676816e+00 +3.6676853e+00 +4.5787048e+00 
-4.8860489e+01 -4.8860489e+01 -2.7978645e+01 -2.7978645e+01 -2.7785363e+01 -2.7785363e+01 -2.7673962e+01 -2.7673962e+01 -1.1324672e+00 -1.1324666e+00 +1.7548781e-01 +1.7549099e-01 +6.1362231e-01 +6.1362589e-01 +2.3547076e+00 +2.3547086e+00 +3.6588337e+00 +3.6588373e+00 +4.6826411e+00 
-4.8860193e+01 -4.8860193e+01 -2.7975186e+01 -2.7975186e+01 -2.7793009e+01 -2.7793009e+01 -2.7672370e+01 -2.7672370e+01 -1.0692518e+00 -1.0692512e+00 +1.9120877e-01 +1.9121175e-01 +5.2952012e-01 +5.2952325e-01 +2.3456738e+00 +2.3456747e+00 +3.6489608e+00 +3.6489646e+00 +4.7924411e+00 
-4.8859898e+01 -4.8859898e+01 -2.7971627e+01 -2.7971627e+01 -2.7800565e+01 -2.7800565e+01 -2.7670960e+01 -2.7670960e+01 -1.0024598e+00 -1.0024592e+00 +2.0567216e-01 +2.0567483e-01 +4.4613997e-01 +4.4614259e-01 +2.3364288e+00 +2.3364296e+00 +3.6378357e+00 +3.6378394e+00 +4.9071401e+00 
-4.8859609e+01 -4.8859609e+01 -2.7968034e+01 -2.7968034e+01 -2.7807921e+01 -2.7807920e+01 -2.7669724e+01 -2.7669724e+01 -9.3257527e-01 -9.3257464e-01 +2.1763142e-01 +2.1763355e-01 +3.6467301e-01 +3.6467490e-01 +2.3279589e+00 +2.3279595e+00 +3.6254510e+00 +3.6254544e+00 +5.0255664e+00 
-4.8859332e+01 -4.8859332e+01 -2.7964486e+01 -2.7964486e+01 -2.7814954e+01 -2.7814954e+01 -2.7668655e+01 -2.7668655e+01 -8.6013938e-01 -8.6013873e-01 +2.2162449e-01 +2.2162484e-01 +2.9051630e-01 +2.9051632e-01 +2.3210384e+00 +2.3210388e+00 +3.6120081e+00 +3.6120112e+00 +5.1462853e+00 
-4.8859073e+01 -4.8859073e+01 -2.7961076e+01 -2.7961076e+01 -2.7821525e+01 -2.7821525e+01 -2.7667746e+01 -2.7667746e+01 -7.8577548e-01 -7.8577483e-01 +1.8326854e-01 +1.8327113e-01 +2.5804213e-01 +2.5804512e-01 +2.3161715e+00 +2.3161718e+00 +3.5979008e+00 +3.5979037e+00 +5.2674773e+00 
-4.8858838e+01 -4.8858838e+01 -2.7957914e+01 -2.7957914e+01 -2.7827482e+01 -2.7827482e+01 -2.7666991e+01 -2.7666991e+01 -7.1024404e-01 -7.1024340e-01 +1.1055448e-01 +1.1055674e-01 +2.5941909e-01 +2.5942174e-01 +2.3135522e+00 +2.3135523e+00 +3.5836970e+00 +3.5836995e+00 +5.3867172e+00 
-4.8858633e+01 -4.8858633e+01 -2.7955120e+01 -2.7955120e+01 -2.7832658e+01 -2.7832658e+01 -2.7666384e+01 -2.7666384e+01 -6.3456944e-01 -6.3456881e-01 +3.5136748e-02 +3.5138547e-02 +2.6345909e-01 +2.6346124e-01 +2.3130437e+00 +2.3130438e+00 +3.5701161e+00 +3.5701183e+00 +5.5006016e+00 
-4.8858464e+01 -4.8858464e+01 -2.7952817e+01 -2.7952817e+01 -2.7836885e+01 -2.7836885e+01 -2.7665920e+01 -2.7665920e+01 -5.6036712e-01 -5.6036652e-01 -3.8074250e-02 -3.8072878e-02 +2.6638722e-01 +2.6638888e-01 +2.3141853e+00 +2.3141854e+00 +3.5579990e+00 +3.5580007e+00 +5.6041860e+00 
-4.8858337e+01 -4.8858337e+01 -2.7951115e+01 -2.7951115e+01 -2.7840011e+01 -2.7840011e+01 -2.7665594e+01 -2.7665594e+01 -4.9081407e-01 -4.9081348e-01 -1.0592988e-01 -1.0592891e-01 +2.6783707e-01 +2.6783822e-01 +2.3162305e+00 +2.3162307e+00 +3.5482614e+00 +3.5482625e+00 +5.6903060e+00 
-4.8858256e+01 -4.8858256e+01 -2.7950089e+01 -2.7950089e+01 -2.7841920e+01 -2.7841920e+01 -2.7665401e+01 -2.7665401e+01 -4.3384202e-01 -4.3384141e-01 -1.6114110e-01 -1.6114058e-01 +2.6813865e-01 +2.6813924e-01 +2.3182244e+00 +2.3182247e+00 +3.5418254e+00 +3.5418262e+00 +5.7493388e+00 
-4.8858228e+01 -4.8858228e+01 -2.7949755e+01 -2.7949755e+01 -2.7842556e+01 -2.7842556e+01 -2.7665338e+01 -2.7665338e+01 -4.0912134e-01 -4.0912069e-01 -1.8500519e-01 -1.8500517e-01 +2.6801554e-01 +2.6801556e-01 +2.3191192e+00 +2.3191194e+00 +3.5395266e+00 +3.5395266e+00 +5.7708764e+00 
-4.8858258e+01 -4.8858258e+01 -2.7950059e+01 -2.7950059e+01 -2.7841939e+01 -2.7841939e+01 -2.7665400e+01 -2.7665400e+01 -4.3318203e-01 -4.3318149e-01 -1.6230936e-01 -1.6230896e-01 +2.6858565e-01 +2.6858629e-01 +2.3179147e+00 +2.3179150e+00 +3.5419909e+00 +3.5419915e+00 +5.7484178e+00 
-4.8858350e+01 -4.8858350e+01 -2.7950884e+01 -2.7950884e+01 -2.7840154e+01 -2.7840154e+01 -2.7665582e+01 -2.7665582e+01 -4.8749967e-01 -4.8749933e-01 -1.1338860e-01 -1.1338790e-01 +2.7149350e-01 +2.7149486e-01 +2.3138142e+00 +2.3138144e+00 +3.5495592e+00 +3.5495604e+00 +5.6838776e+00 
-4.8858507e+01 -4.8858507e+01 -2.7952065e+01 -2.7952065e+01 -2.7837337e+01 -2.7837337e+01 -2.7665881e+01 -2.7665881e+01 -5.5339103e-01 -5.5339094e-01 -5.9414287e-02 -5.9413200e-02 +2.7906125e-01 +2.7906336e-01 +2.3063384e+00 +2.3063386e+00 +3.5621736e+00 +3.5621756e+00 +5.5862328e+00 
-4.8858734e+01 -4.8858734e+01 -2.7953421e+01 -2.7953421e+01 -2.7833646e+01 -2.7833646e+01 -2.7666290e+01 -2.7666290e+01 -6.2410590e-01 -6.2410582e-01 -1.0281143e-02 -1.0279722e-02 +2.9425427e-01 +2.9425704e-01 +2.2953946e+00 +2.2953948e+00 +3.5793626e+00 +3.5793653e+00 +5.4661823e+00 
-4.8859034e+01 -4.8859034e+01 -2.7954776e+01 -2.7954776e+01 -2.7829239e+01 -2.7829239e+01 -2.7666804e+01 -2.7666804e+01 -6.9744651e-01 -6.9744629e-01 +2.8865008e-02 +2.8866562e-02 +3.1981776e-01 +3.1982098e-01 +2.2812754e+00 +2.2812755e+00 +3.6002797e+00 +3.6002830e+00 +5.3325338e+00 
-4.8859409e+01 -4.8859409e+01 -2.7955973e+01 -2.7955973e+01 -2.7824260e+01 -2.7824260e+01 -2.7667417e+01 -2.7667417e+01 -7.7267467e-01 -7.7267434e-01 +5.6364068e-02 +5.6365458e-02 +3.5644393e-01 +3.5644724e-01 +2.2645964e+00 +2.2645966e+00 +3.6237979e+00 +3.6238018e+00 +5.1914873e+00 
-4.8859861e+01 -4.8859861e+01 -2.7956879e+01 -2.7956879e+01 -2.7818836e+01 -2.7818836e+01 -2.7668123e+01 -2.7668123e+01 -8.4958255e-01 -8.4958214e-01 +7.3966977e-02 +7.3967969e-02 +4.0192252e-01 +4.0192564e-01 +2.2461982e+00 +2.2461984e+00 +3.6486326e+00 +3.6486371e+00 +5.0471723e+00 
-4.8860391e+01 -4.8860391e+01 -2.7957386e+01 -2.7957386e+01 -2.7813071e+01 -2.7813071e+01 -2.7668913e+01 -2.7668913e+01 -9.2817576e-01 -9.2817532e-01 +8.5024915e-02 +8.5025415e-02 +4.5264876e-01 +4.5265154e-01 +2.2270345e+00 +2.2270348e+00 +3.6734672e+00 +3.6734722e+00 +4.9023293e+00 
-4.8861001e+01 -4.8861001e+01 -2.7957409e+01 -2.7957409e+01 -2.7807056e+01 -2.7807056e+01 -2.7669780e+01 -2.7669780e+01 -1.0085448e+00 -1.0085443e+00 +9.2598466e-02 +9.2598480e-02 +5.0540725e-01 +5.0540961e-01 +2.2080671e+00 +2.2080674e+00 +3.6970586e+00 +3.6970641e+00 +4.7588186e+00 
-4.8861688e+01 -4.8861688e+01 -2.7956888e+01 -2.7956888e+01 -2.7800865e+01 -2.7800865e+01 -2.7670712e+01 -2.7670712e+01 -1.0908031e+00 -1.0908027e+00 +9.8857325e-02 +9.8857777e-02 +5.5793805e-01 +5.5793996e-01 +2.1901743e+00 +2.1901747e+00 +3.7183146e+00 +3.7183205e+00 +4.6179553e+00 
-4.8862454e+01 -4.8862454e+01 -2.7955776e+01 -2.7955776e+01 -2.7794558e+01 -2.7794558e+01 -2.7671700e+01 -2.7671700e+01 -1.1750525e+00 -1.1750522e+00 +1.0521564e-01 +1.0521647e-01 +6.0880023e-01 +6.0880168e-01 +2.1740754e+00 +2.1740758e+00 +3.7363398e+00 +3.7363461e+00 +4.4807214e+00 
-4.8863296e+01 -4.8863296e+01 -2.7954048e+01 -2.7954048e+01 -2.7788188e+01 -2.7788188e+01 -2.7672730e+01 -2.7672730e+01 -1.2613619e+00 -1.2613617e+00 +1.1258042e-01 +1.1258158e-01 +6.5713277e-01 +6.5713372e-01 +2.1602709e+00 +2.1602714e+00 +3.7504530e+00 +3.7504595e+00 +4.3479054e+00 
-4.8864213e+01 -4.8864213e+01 -2.7951690e+01 -2.7951690e+01 -2.7781801e+01 -2.7781801e+01 -2.7673790e+01 -2.7673790e+01 -1.3497532e+00 -1.3497532e+00 +1.2153588e-01 +1.2153734e-01 +7.0248391e-01 +7.0248436e-01 +2.1489982e+00 +2.1489988e+00 +3.7601772e+00 +3.7601840e+00 +4.2201992e+00 
-4.8865200e+01 -4.8865200e+01 -2.7948702e+01 -2.7948702e+01 -2.7775433e+01 -2.7775433e+01 -2.7674863e+01 -2.7674863e+01 -1.4401924e+00 -1.4401923e+00 +1.3245690e-01 +1.3245857e-01 +7.4470640e-01 +7.4470649e-01 +2.1402052e+00 +2.1402058e+00 +3.7651970e+00 +3.7652041e+00 +4.0982858e+00 
-4.8866256e+01 -4.8866256e+01 -2.7945097e+01 -2.7945097e+01 -2.7769119e+01 -2.7769119e+01 -2.7675934e+01 -2.7675934e+01 -1.5325851e+00 -1.5325849e+00 +1.4557613e-01 +1.4557797e-01 +7.8388751e-01 +7.8388815e-01 +2.1335437e+00 +2.1335444e+00 +3.7652324e+00 +3.7652399e+00 +3.9829807e+00 
-4.8867374e+01 -4.8867374e+01 -2.7940896e+01 -2.7940896e+01 -2.7762888e+01 -2.7762888e+01 -2.7676983e+01 -2.7676983e+01 -1.6267754e+00 -1.6267750e+00 +1.6102519e-01 +1.6102713e-01 +8.2029413e-01 +8.2029534e-01 +2.1283853e+00 +2.1283859e+00 +3.7594414e+00 +3.7594498e+00 +3.8758247e+00 
-4.8868552e+01 -4.8868552e+01 -2.7936134e+01 -2.7936134e+01 -2.7756767e+01 -2.7756767e+01 -2.7677990e+01 -2.7677990e+01 -1.7225481e+00 -1.7225474e+00 +1.7886032e-01 +1.7886231e-01 +8.5431821e-01 +8.5432000e-01 +2.1238593e+00 +2.1238599e+00 +3.7393594e+00 +3.7393674e+00 +3.7861257e+00 
-4.8869783e+01 -4.8869783e+01 -2.7930853e+01 -2.7930853e+01 -2.7750777e+01 -2.7750777e+01 -2.7678932e+01 -2.7678932e+01 -1.8196329e+00 -1.8196320e+00 +1.9907961e-01 +1.9908160e-01 +8.8642450e-01 +8.8642686e-01 +2.1189142e+00 +2.1189148e+00 +3.6689865e+00 +3.6689973e+00 +3.7508377e+00 
-4.8871060e+01 -4.8871060e+01 -2.7925104e+01 -2.7925104e+01 -2.7744941e+01 -2.7744941e+01 -2.7679785e+01 -2.7679785e+01 -1.9177113e+00 -1.9177102e+00 +2.2163496e-01 +2.2163689e-01 +9.1710043e-01 +9.1710333e-01 +2.1123987e+00 +2.1123993e+00 +3.5870172e+00 +3.5870209e+00 +3.7322790e+00 
-4.8872379e+01 -4.8872379e+01 -2.7918948e+01 -2.7918948e+01 -2.7739276e+01 -2.7739276e+01 -2.7680524e+01 -2.7680524e+01 -2.0164236e+00 -2.0164223e+00 +2.4644091e-01 +2.4644272e-01 +9.4681244e-01 +9.4681586e-01 +2.1031637e+00 +2.1031642e+00 +3.5122011e+00 +3.5122018e+00 +3.7127011e+00 
-4.8873732e+01 -4.8873732e+01 -2.7912452e+01 -2.7912452e+01 -2.7733800e+01 -2.7733800e+01 -2.7681120e+01 -2.7681120e+01 -2.1153778e+00 -2.1153763e+00 +2.7338135e-01 +2.7338296e-01 +9.7597135e-01 +9.7597524e-01 +2.0901775e+00 +2.0901780e+00 +3.4465709e+00 +3.4465714e+00 +3.6909702e+00 
-4.8875110e+01 -4.8875110e+01 -2.7905690e+01 -2.7905690e+01 -2.7728526e+01 -2.7728526e+01 -2.7681545e+01 -2.7681545e+01 -2.2141571e+00 -2.2141554e+00 +3.0231472e-01 +3.0231610e-01 +1.0049082e+00 +1.0049125e+00 +2.0726451e+00 +2.0726456e+00 +3.3906815e+00 +3.3906823e+00 +3.6672284e+00 
-4.8876508e+01 -4.8876508e+01 -2.7898742e+01 -2.7898742e+01 -2.7723465e+01 -2.7723465e+01 -2.7681769e+01 -2.7681769e+01 -2.3123284e+00 -2.3123265e+00 +3.3307819e-01 +3.3307926e-01 +1.0338600e+00 +1.0338647e+00 +2.0501083e+00 +2.0501087e+00 +3.3445777e+00 +3.3445779e+00 +3.6418369e+00 
-4.8877916e+01 -4.8877916e+01 -2.7891694e+01 -2.7891694e+01 -2.7718628e+01 -2.7718628e+01 -2.7681767e+01 -2.7681767e+01 -2.4094493e+00 -2.4094473e+00 +3.6549083e-01 +3.6549157e-01 +1.0629641e+00 +1.0629691e+00 +2.0225021e+00 +2.0225024e+00 +3.3079075e+00 +3.3079077e+00 +3.6152125e+00 
-4.8879326e+01 -4.8879326e+01 -2.7884633e+01 -2.7884633e+01 -2.7714017e+01 -2.7714017e+01 -2.7681514e+01 -2.7681514e+01 -2.5050750e+00 -2.5050728e+00 +3.9935605e-01 +3.9935635e-01 +1.0922592e+00 +1.0922645e+00 +1.9901489e+00 +1.9901492e+00 +3.2799727e+00 +3.2799741e+00 +3.5877828e+00 
-4.8880730e+01 -4.8880730e+01 -2.7877649e+01 -2.7877649e+01 -2.7709630e+01 -2.7709630e+01 -2.7680993e+01 -2.7680993e+01 -2.5987632e+00 -2.5987609e+00 +4.3446297e-01 +4.3446316e-01 +1.1216912e+00 +1.1216967e+00 +1.9536918e+00 +1.9536921e+00 +3.2598096e+00 +3.2598109e+00 +3.5599685e+00 
-4.8882120e+01 -4.8882120e+01 -2.7870828e+01 -2.7870828e+01 -2.7705458e+01 -2.7705458e+01 -2.7680199e+01 -2.7680199e+01 -2.6900797e+00 -2.6900772e+00 +4.7058758e-01 +4.7058832e-01 +1.1511225e+00 +1.1511281e+00 +1.9139891e+00 +1.9139893e+00 +3.2462972e+00 +3.2462981e+00 +3.5321752e+00 
-4.8883487e+01 -4.8883487e+01 -2.7864255e+01 -2.7864255e+01 -2.7701481e+01 -2.7701481e+01 -2.7679138e+01 -2.7679138e+01 -2.7786016e+00 -2.7785990e+00 +5.0749335e-01 +5.0749470e-01 +1.1803444e+00 +1.1803501e+00 +1.8720013e+00 +1.8720015e+00 +3.2382681e+00 +3.2382689e+00 +3.5047868e+00 
-4.8884822e+01 -4.8884822e+01 -2.7858006e+01 -2.7858006e+01 -2.7697673e+01 -2.7697673e+01 -2.7677835e+01 -2.7677835e+01 -2.8639209e+00 -2.8639182e+00 +5.4492998e-01 +5.4493199e-01 +1.2090911e+00 +1.2090967e+00 +1.8286969e+00 +1.8286971e+00 +3.2345983e+00 +3.2345991e+00 +3.4781613e+00 
-4.8886116e+01 -4.8886116e+01 -2.7852147e+01 -2.7852147e+01 -2.7693999e+01 -2.7693999e+01 -2.7676330e+01 -2.7676330e+01 -2.9456471e+00 -2.9456443e+00 +5.8263256e-01 +5.8263529e-01 +1.2370554e+00 +1.2370610e+00 +1.7849866e+00 +1.7849868e+00 +3.2342674e+00 +3.2342681e+00 +3.4526256e+00 
-4.8887363e+01 -4.8887363e+01 -2.7846732e+01 -2.7846732e+01 -2.7690425e+01 -2.7690425e+01 -2.7674674e+01 -2.7674674e+01 -3.0234092e+00 -3.0234063e+00 +6.2031987e-01 +6.2032337e-01 +1.2639066e+00 +1.2639120e+00 +1.7416879e+00 +1.7416880e+00 +3.2363882e+00 +3.2363887e+00 +3.4284705e+00 
-4.8888554e+01 -4.8888554e+01 -2.7841799e+01 -2.7841799e+01 -2.7686926e+01 -2.7686926e+01 -2.7672925e+01 -2.7672925e+01 -3.0968571e+00 -3.0968542e+00 +6.5769214e-01 +6.5769646e-01 +1.2893089e+00 +1.2893140e+00 +1.6995112e+00 +1.6995113e+00 +3.2402144e+00 +3.2402149e+00 +3.4059459e+00 
-4.8889680e+01 -4.8889680e+01 -2.7837369e+01 -2.7837369e+01 -2.7683489e+01 -2.7683489e+01 -2.7671144e+01 -2.7671144e+01 -3.1656635e+00 -3.1656605e+00 +6.9442837e-01 +6.9443355e-01 +1.3129414e+00 +1.3129463e+00 +1.6590611e+00 +1.6590611e+00 +3.2451343e+00 +3.2451347e+00 +3.3852549e+00 
-4.8890735e+01 -4.8890735e+01 -2.7833448e+01 -2.7833448e+01 -2.7680119e+01 -2.7680119e+01 -2.7669382e+01 -2.7669382e+01 -3.2295242e+00 -3.2295211e+00 +7.3018354e-01 +7.3018961e-01 +1.3345181e+00 +1.3345226e+00 +1.6208443e+00 +1.6208444e+00 +3.2506567e+00 +3.2506569e+00 +3.3665492e+00 
-4.8891712e+01 -4.8891712e+01 -2.7830028e+01 -2.7830027e+01 -2.7676839e+01 -2.7676839e+01 -2.7667687e+01 -2.7667687e+01 -3.2881597e+00 -3.2881566e+00 +7.6458572e-01 +7.6459271e-01 +1.3538071e+00 +1.3538112e+00 +1.5852820e+00 +1.5852820e+00 +3.2563945e+00 +3.2563948e+00 +3.3499250e+00 
-4.8892605e+01 -4.8892605e+01 -2.7827089e+01 -2.7827089e+01 -2.7673691e+01 -2.7673691e+01 -2.7666097e+01 -2.7666097e+01 -3.3413152e+00 -3.3413120e+00 +7.9723403e-01 +7.9724198e-01 +1.3706477e+00 +1.3706512e+00 +1.5527210e+00 +1.5527210e+00 +3.2620480e+00 +3.2620487e+00 +3.3354220e+00 
-4.8893407e+01 -4.8893407e+01 -2.7824603e+01 -2.7824603e+01 -2.7670723e+01 -2.7670723e+01 -2.7664641e+01 -2.7664641e+01 -3.3887615e+00 -3.3887583e+00 +8.2769787e-01 +8.2770675e-01 +1.3849635e+00 +1.3849665e+00 +1.5234450e+00 +1.5234450e+00 +3.2673894e+00 +3.2673910e+00 +3.3230248e+00 
-4.8894113e+01 -4.8894113e+01 -2.7822539e+01 -2.7822539e+01 -2.7667995e+01 -2.7667995e+01 -2.7663343e+01 -2.7663343e+01 -3.4302957e+00 -3.4302924e+00 +8.5551909e-01 +8.5552887e-01 +1.3967699e+00 +1.3967723e+00 +1.4976839e+00 +1.4976840e+00 +3.2722497e+00 +3.2722539e+00 +3.3126684e+00 
-4.8894719e+01 -4.8894719e+01 -2.7820863e+01 -2.7820863e+01 -2.7665565e+01 -2.7665565e+01 -2.7662221e+01 -2.7662221e+01 -3.4657408e+00 -3.4657376e+00 +8.8021867e-01 +8.8022932e-01 +1.4061721e+00 +1.4061740e+00 +1.4756213e+00 +1.4756214e+00 +3.2765062e+00 +3.2765081e+00 +3.3042479e+00 
-4.8895220e+01 -4.8895220e+01 -2.7819541e+01 -2.7819541e+01 -2.7663490e+01 -2.7663490e+01 -2.7661288e+01 -2.7661288e+01 -3.4949469e+00 -3.4949436e+00 +9.0131018e-01 +9.0132161e-01 +1.4133538e+00 +1.4133551e+00 +1.4574005e+00 +1.4574006e+00 +3.2800731e+00 +3.2800740e+00 +3.2976318e+00 
-4.8895613e+01 -4.8895613e+01 -2.7818545e+01 -2.7818545e+01 -2.7661820e+01 -2.7661820e+01 -2.7660553e+01 -2.7660553e+01 -3.5177908e+00 -3.5177875e+00 +9.1832167e-01 +9.1833379e-01 +1.4185526e+00 +1.4185534e+00 +1.4431296e+00 +1.4431297e+00 +3.2828925e+00 +3.2828963e+00 +3.2926786e+00 
-4.8895896e+01 -4.8895896e+01 -2.7817852e+01 -2.7817852e+01 -2.7660596e+01 -2.7660596e+01 -2.7660023e+01 -2.7660023e+01 -3.5341765e+00 -3.5341732e+00 +9.3082650e-01 +9.3083916e-01 +1.4220246e+00 +1.4220250e+00 +1.4328862e+00 +1.4328863e+00 +3.2849275e+00 +3.2849748e+00 +3.2892539e+00 
-4.8896067e+01 -4.8896067e+01 -2.7817443e+01 -2.7817443e+01 -2.7659849e+01 -2.7659849e+01 -2.7659704e+01 -2.7659704e+01 -3.5440354e+00 -3.5440321e+00 +9.3848030e-01 +9.3849327e-01 +1.4239998e+00 +1.4240000e+00 +1.4267212e+00 +1.4267212e+00 +3.2861560e+00 +3.2861683e+00 +3.2872474e+00 
-4.8896124e+01 -4.8896124e+01 -2.7817308e+01 -2.7817308e+01 -2.7659598e+01 -2.7659598e+01 -2.7659597e+01 -2.7659597e+01 -3.5473264e+00 -3.5473230e+00 +9.4105777e-01 +9.4107084e-01 +1.4246391e+00 +1.4246391e+00 +1.4246631e+00 +1.4246632e+00 +3.2865664e+00 +3.2865667e+00 +3.2865872e+00 
-4.8862441e+01 -4.8862441e+01 -2.7999371e+01 -2.7999371e+01 -2.7721991e+01 -2.7721991e+01 -2.7699290e+01 -2.7699290e+01 -1.4931696e+00 -1.4931692e+00 +5.7107677e-02 +5.7111334e-02 +1.2799978e+00 +1.2800058e+00 +2.2926292e+00 +2.2926298e+00 +3.7872398e+00 +3.7872398e+00 +3.9758478e+00 
-4.8863361e+01 -4.8861522e+01 -2.8002579e+01 -2.7995540e+01 -2.7726293e+01 -2.7717685e+01 -2.7704506e+01 -2.7694713e+01 -1.5200004e+00 -1.4646321e+00 +4.1671074e-02 +6.3311024e-02 +1.2705303e+00 +1.2955593e+00 +2.2028785e+00 +2.3851055e+00 +3.7808345e+00 +3.7936752e+00 +3.9431645e+00 
-4.8864275e+01 -4.8860608e+01 -2.8005142e+01 -2.7991116e+01 -2.7730567e+01 -2.7713400e+01 -2.7710336e+01 -2.7690793e+01 -1.5448867e+00 -1.4346636e+00 +1.8660095e-02 +5.9073169e-02 +1.2689023e+00 +1.3149965e+00 +2.1161322e+00 +2.4799930e+00 +3.7745135e+00 +3.8000913e+00 +3.9183067e+00 
-4.8865180e+01 -4.8859704e+01 -2.8007041e+01 -2.7986132e+01 -2.7734790e+01 -2.7716750e+01 -2.7709160e+01 -2.7687541e+01 -1.5676258e+00 -1.4035778e+00 -1.0070781e-02 +4.3896307e-02 +1.2761385e+00 +1.3359716e+00 +2.0326395e+00 +2.5769355e+00 +3.7683368e+00 +3.8064421e+00 +3.9020311e+00 
-4.8866069e+01 -4.8858816e+01 -2.8008267e+01 -2.7980630e+01 -2.7738937e+01 -2.7723713e+01 -2.7704988e+01 -2.7684963e+01 -1.5880515e+00 -1.3717278e+00 -4.2697761e-02 +1.8097799e-02 +1.2923813e+00 +1.3563012e+00 +1.9526226e+00 +2.6755274e+00 +3.7623717e+00 +3.8126846e+00 +3.8948849e+00 
-4.8866938e+01 -4.8857949e+01 -2.8008813e+01 -2.7974657e+01 -2.7742987e+01 -2.7731181e+01 -2.7700907e+01 -2.7683054e+01 -1.6060333e+00 -1.3395060e+00 -7.7546665e-02 -1.7277809e-02 +1.3169742e+00 +1.3741485e+00 +1.8762805e+00 +2.7753033e+00 +3.7566980e+00 +3.8187787e+00 +3.8971376e+00 
-4.8867782e+01 -4.8857106e+01 -2.8008682e+01 -2.7968266e+01 -2.7746916e+01 -2.7739107e+01 -2.7696942e+01 -2.7681806e+01 -1.6214778e+00 -1.3073438e+00 -1.1314215e-01 -6.0691886e-02 +1.3486929e+00 +1.3881305e+00 +1.8037919e+00 +2.8757249e+00 +3.7514126e+00 +3.8246868e+00 +3.9087196e+00 
-4.8868597e+01 -4.8856294e+01 -2.8007883e+01 -2.7961517e+01 -2.7750704e+01 -2.7747438e+01 -2.7693114e+01 -2.7681199e+01 -1.6343302e+00 -1.2757073e+00 -1.4821367e-01 -1.1037881e-01 +1.3860184e+00 +1.3973594e+00 +1.7353176e+00 +2.9761622e+00 +3.7466407e+00 +3.8303741e+00 +3.9291879e+00 
-4.8869377e+01 -4.8855516e+01 -2.8006432e+01 -2.7954479e+01 -2.7756114e+01 -2.7754328e+01 -2.7689445e+01 -2.7681206e+01 -1.6445770e+00 -1.2450891e+00 -1.8168398e-01 -1.6455780e-01 +1.4014314e+00 +1.4273593e+00 +1.6710020e+00 +3.0758652e+00 +3.7425554e+00 +3.8358077e+00 +3.9577241e+00 
-4.8870118e+01 -4.8854777e+01 -2.8004353e+01 -2.7947225e+01 -2.7765067e+01 -2.7757770e+01 -2.7685956e+01 -2.7681788e+01 -1.6522490e+00 -1.2159936e+00 -2.2155802e-01 -2.1265729e-01 +1.4003760e+00 +1.4711909e+00 +1.6109748e+00 +3.1739184e+00 +3.7394137e+00 +3.8409576e+00 +3.9931676e+00 
-4.8870817e+01 -4.8854081e+01 -2.8001683e+01 -2.7939840e+01 -2.7774223e+01 -2.7761010e+01 -2.7682899e+01 -2.7682667e+01 -1.6574260e+00 -1.1889137e+00 -2.7986927e-01 -2.4041598e-01 +1.3945810e+00 +1.5161221e+00 +1.5553525e+00 +3.2691581e+00 +3.7376296e+00 +3.8457959e+00 +4.0340806e+00 
-4.8871468e+01 -4.8853431e+01 -2.7998466e+01 -2.7932417e+01 -2.7783497e+01 -2.7764031e+01 -2.7684477e+01 -2.7679597e+01 -1.6602419e+00 -1.1642986e+00 -3.3814487e-01 -2.6442943e-01 +1.3847056e+00 +1.5042394e+00 +1.5609160e+00 +3.3600130e+00 +3.7379260e+00 +3.8502971e+00 +4.0788314e+00 
-4.8872070e+01 -4.8852832e+01 -2.7994765e+01 -2.7925061e+01 -2.7792794e+01 -2.7766817e+01 -2.7686449e+01 -2.7676763e+01 -1.6608903e+00 -1.1425142e+00 -3.9517965e-01 -2.8437303e-01 +1.3715951e+00 +1.4577282e+00 +1.6044860e+00 +3.4441772e+00 +3.7416561e+00 +3.8544381e+00 +4.1256865e+00 
-4.8872617e+01 -4.8852287e+01 -2.7990657e+01 -2.7917886e+01 -2.7802000e+01 -2.7769351e+01 -2.7688729e+01 -2.7674182e+01 -1.6596305e+00 -1.1238028e+00 -4.4987940e-01 -3.0015032e-01 +1.3562052e+00 +1.4159013e+00 +1.6458837e+00 +3.5180200e+00 +3.7513926e+00 +3.8581981e+00 +4.1728980e+00 
-4.8873108e+01 -4.8851799e+01 -2.7986244e+01 -2.7911021e+01 -2.7810986e+01 -2.7771620e+01 -2.7691213e+01 -2.7671869e+01 -1.6567914e+00 -1.1082515e+00 -5.0123046e-01 -3.1190668e-01 +1.3395404e+00 +1.3788307e+00 +1.6842848e+00 +3.5762652e+00 +3.7712548e+00 +3.8615587e+00 +4.2187814e+00 
-4.8873539e+01 -4.8851370e+01 -2.7981657e+01 -2.7904606e+01 -2.7819592e+01 -2.7773612e+01 -2.7693786e+01 -2.7669836e+01 -1.6527733e+00 -1.0957809e+00 -5.4827509e-01 -3.2002205e-01 +1.3226046e+00 +1.3465793e+00 +1.7189771e+00 +3.6147987e+00 +3.8041191e+00 +3.8645036e+00 +4.2617783e+00 
-4.8873907e+01 -4.8851003e+01 -2.7977065e+01 -2.7898790e+01 -2.7827627e+01 -2.7775317e+01 -2.7696316e+01 -2.7668095e+01 -1.6480426e+00 -1.0861607e+00 -5.9009707e-01 -3.2507401e-01 +1.3063613e+00 +1.3192005e+00 +1.7493519e+00 +3.6361584e+00 +3.8461598e+00 +3.8670188e+00 +4.3005032e+00 
-4.8874212e+01 -4.8850700e+01 -2.7972682e+01 -2.7893731e+01 -2.7834854e+01 -2.7776724e+01 -2.7698663e+01 -2.7666657e+01 -1.6431167e+00 -1.0790515e+00 -6.2582116e-01 -3.2777125e-01 +1.2917005e+00 +1.2967394e+00 +1.7748983e+00 +3.6471050e+00 +3.8690926e+00 +3.8893279e+00 +4.3337743e+00 
-4.8874451e+01 -4.8850462e+01 -2.7968774e+01 -2.7889586e+01 -2.7840992e+01 -2.7777827e+01 -2.7700684e+01 -2.7665530e+01 -1.6385346e+00 -1.0740636e+00 -6.5463018e-01 -3.2886670e-01 +1.2792323e+00 +1.2794072e+00 +1.7951996e+00 +3.6527064e+00 +3.8707154e+00 +3.9273316e+00 +4.3606292e+00 
-4.8874622e+01 -4.8850291e+01 -2.7965648e+01 -2.7886501e+01 -2.7845722e+01 -2.7778618e+01 -2.7702244e+01 -2.7664720e+01 -1.6348117e+00 -1.0708192e+00 -6.7580093e-01 -3.2906462e-01 +1.2667073e+00 +1.2701320e+00 +1.8099321e+00 +3.6555749e+00 +3.8718799e+00 +3.9564791e+00 +4.3803287e+00 
-4.8874725e+01 -4.8850189e+01 -2.7963609e+01 -2.7884596e+01 -2.7848726e+01 -2.7779095e+01 -2.7703231e+01 -2.7664233e+01 -1.6323821e+00 -1.0690080e+00 -6.8875561e-01 -3.2893553e-01 +1.2591843e+00 +1.2643640e+00 +1.8188643e+00 +3.6569392e+00 +3.8725806e+00 +3.9746902e+00 +4.3923533e+00 
-4.8874760e+01 -4.8850154e+01 -2.7962899e+01 -2.7883952e+01 -2.7849758e+01 -2.7779254e+01 -2.7703569e+01 -2.7664070e+01 -1.6315378e+00 -1.0684277e+00 -6.9311764e-01 -3.2884975e-01 +1.2566753e+00 +1.2624068e+00 +1.8218573e+00 +3.6573425e+00 +3.8728146e+00 +3.9808750e+00 +4.3963957e+00 
-4.8858264e+01 -4.8858263e+01 -2.7916945e+01 -2.7845178e+01 -2.7845178e+01 -2.7772072e+01 -2.7772063e+01 -2.7767042e+01 -7.2125241e-01 -7.2123491e-01 -6.0163663e-01 -5.2471728e-01 +9.7317048e-01 +9.7319496e-01 +2.0627499e+00 +3.5390944e+00 +3.5391445e+00 +3.7833714e+00 +5.1965483e+00 
-4.8858264e+01 -4.8858263e+01 -2.7916739e+01 -2.7846588e+01 -2.7846587e+01 -2.7770651e+01 -2.7770642e+01 -2.7767254e+01 -7.1941404e-01 -7.1939660e-01 -6.0085401e-01 -5.2388646e-01 +9.7019033e-01 +9.7021485e-01 +2.0623888e+00 +3.5396056e+00 +3.5396558e+00 +3.7734741e+00 +5.1986012e+00 
-4.8858264e+01 -4.8858262e+01 -2.7916120e+01 -2.7850501e+01 -2.7850500e+01 -2.7767891e+01 -2.7766701e+01 -2.7766693e+01 -7.1390859e-01 -7.1389137e-01 -5.9851572e-01 -5.2141367e-01 +9.6130164e-01 +9.6132621e-01 +2.0613396e+00 +3.5410871e+00 +3.5411373e+00 +3.7446295e+00 +5.2047704e+00 
-4.8858263e+01 -4.8858261e+01 -2.7915094e+01 -2.7856228e+01 -2.7856227e+01 -2.7768949e+01 -2.7760915e+01 -2.7760907e+01 -7.0476541e-01 -7.0474853e-01 -5.9465058e-01 -5.1735764e-01 +9.4665660e-01 +9.4668125e-01 +2.0597037e+00 +3.5433863e+00 +3.5434364e+00 +3.6990884e+00 +5.2150804e+00 
-4.8858262e+01 -4.8858260e+01 -2.7913664e+01 -2.7863091e+01 -2.7863089e+01 -2.7770421e+01 -2.7753972e+01 -2.7753965e+01 -6.9203385e-01 -6.9201744e-01 -5.8930673e-01 -5.1181573e-01 +9.2649950e-01 +9.2652425e-01 +2.0576486e+00 +3.5462689e+00 +3.5463189e+00 +3.6398402e+00 +5.2295636e+00 
-4.8858260e+01 -4.8858258e+01 -2.7911838e+01 -2.7870583e+01 -2.7870581e+01 -2.7772299e+01 -2.7746380e+01 -2.7746373e+01 -6.7578404e-01 -6.7576824e-01 -5.8255173e-01 -5.0492312e-01 +9.0115413e-01 +9.0117895e-01 +2.0554048e+00 +3.5494454e+00 +3.5494953e+00 +3.5699710e+00 +5.2482385e+00 
-4.8858258e+01 -4.8858257e+01 -2.7909628e+01 -2.7878359e+01 -2.7878357e+01 -2.7774571e+01 -2.7738486e+01 -2.7738480e+01 -6.5610811e-01 -6.5609302e-01 -5.7447278e-01 -4.9685140e-01 +8.7100891e-01 +8.7103379e-01 +2.0532622e+00 +3.4922705e+00 +3.5526038e+00 +3.5526531e+00 +5.2710928e+00 
-4.8858256e+01 -4.8858254e+01 -2.7907043e+01 -2.7886183e+01 -2.7886181e+01 -2.7777225e+01 -2.7730528e+01 -2.7730522e+01 -6.3312191e-01 -6.3310765e-01 -5.6517678e-01 -4.8780659e-01 +8.3650197e-01 +8.3652683e-01 +2.0515655e+00 +3.4090876e+00 +3.5554423e+00 +3.5554910e+00 +5.2980564e+00 
-4.8858253e+01 -4.8858252e+01 -2.7904098e+01 -2.7893891e+01 -2.7893889e+01 -2.7780246e+01 -2.7722676e+01 -2.7722670e+01 -6.0696764e-01 -6.0695430e-01 -5.5479045e-01 -4.7802617e-01 +7.9810766e-01 +7.9813242e-01 +2.0507073e+00 +3.3223350e+00 +3.5577004e+00 +3.5577481e+00 +5.3289797e+00 
-4.8858251e+01 -4.8858250e+01 -2.7901358e+01 -2.7901356e+01 -2.7900810e+01 -2.7783615e+01 -2.7715055e+01 -2.7715049e+01 -5.7781760e-01 -5.7780526e-01 -5.4346034e-01 -4.6777514e-01 +7.5632665e-01 +7.5635120e-01 +2.0511207e+00 +3.2335543e+00 +3.5591829e+00 +3.5592293e+00 +5.3636094e+00 
-4.8858248e+01 -4.8858247e+01 -2.7908491e+01 -2.7908488e+01 -2.7897195e+01 -2.7787313e+01 -2.7707763e+01 -2.7707758e+01 -5.4587986e-01 -5.4586855e-01 -5.3135247e-01 -4.5734060e-01 +7.1168050e-01 +7.1170470e-01 +2.0532703e+00 +3.1439972e+00 +3.5597749e+00 +3.5598196e+00 +5.4015693e+00 
-4.8858245e+01 -4.8858244e+01 -2.7915211e+01 -2.7915209e+01 -2.7893274e+01 -2.7791318e+01 -2.7700881e+01 -2.7700877e+01 -5.1865202e-01 -5.1140662e-01 -5.1139640e-01 -4.4702518e-01 +6.6471212e-01 +6.6473582e-01 +2.0576412e+00 +3.0546927e+00 +3.5594479e+00 +3.5594904e+00 +5.4423413e+00 
-4.8858243e+01 -4.8858242e+01 -2.7921457e+01 -2.7921455e+01 -2.7889067e+01 -2.7795608e+01 -2.7694476e+01 -2.7694473e+01 -5.0556175e-01 -4.7470759e-01 -4.7469840e-01 -4.3713859e-01 +6.1599365e-01 +6.1601667e-01 +2.0647274e+00 +2.9665040e+00 +3.5582565e+00 +3.5582964e+00 +5.4852502e+00 
-4.8858240e+01 -4.8858239e+01 -2.7927174e+01 -2.7927172e+01 -2.7884597e+01 -2.7800159e+01 -2.7688605e+01 -2.7688602e+01 -4.9230133e-01 -4.3616995e-01 -4.3616174e-01 -4.2798821e-01 +5.6614420e-01 +5.6616633e-01 +2.0750183e+00 +2.8801683e+00 +3.5563278e+00 +3.5563646e+00 +5.5294476e+00 
-4.8858238e+01 -4.8858237e+01 -2.7932318e+01 -2.7932317e+01 -2.7879889e+01 -2.7804942e+01 -2.7683316e+01 -2.7683313e+01 -4.7910439e-01 -4.1986844e-01 -3.9629150e-01 -3.9628415e-01 +5.1586182e-01 +5.1588283e-01 +2.0889847e+00 +2.7963267e+00 +3.5538451e+00 +3.5538784e+00 +5.5738988e+00 
-4.8858235e+01 -4.8858235e+01 -2.7936851e+01 -2.7936849e+01 -2.7874969e+01 -2.7809932e+01 -2.7678650e+01 -2.7678647e+01 -4.6621554e-01 -4.1304946e-01 -3.5573362e-01 -3.5572697e-01 +4.6597741e-01 +4.6599703e-01 +2.1070640e+00 +2.7155435e+00 +3.5510297e+00 +3.5510590e+00 +5.6173714e+00 
-4.8858233e+01 -4.8858233e+01 -2.7940739e+01 -2.7940738e+01 -2.7869862e+01 -2.7815100e+01 -2.7674643e+01 -2.7674641e+01 -4.5388614e-01 -4.0776652e-01 -3.1540774e-01 -3.1540164e-01 +4.1754274e-01 +4.1756060e-01 +2.1296468e+00 +2.6383188e+00 +3.5481201e+00 +3.5481451e+00 +5.6584347e+00 
-4.8858232e+01 -4.8858231e+01 -2.7943956e+01 -2.7943955e+01 -2.7864598e+01 -2.7820417e+01 -2.7671326e+01 -2.7671324e+01 -4.4236889e-01 -4.0420990e-01 -2.7661226e-01 -2.7660665e-01 +3.7196959e-01 +3.7198527e-01 +2.1570643e+00 +2.5650958e+00 +3.5453536e+00 +3.5453740e+00 +5.6954843e+00 
-4.8858230e+01 -4.8858230e+01 -2.7946481e+01 -2.7946480e+01 -2.7859206e+01 -2.7825852e+01 -2.7668720e+01 -2.7668719e+01 -4.3191118e-01 -4.0251722e-01 -2.4122912e-01 -2.4122414e-01 +3.3122877e-01 +3.3124169e-01 +2.1895775e+00 +2.4962624e+00 +3.5429488e+00 +3.5429643e+00 +5.7268087e+00 
-4.8858229e+01 -4.8858229e+01 -2.7948296e+01 -2.7948295e+01 -2.7853714e+01 -2.7831374e+01 -2.7666846e+01 -2.7666845e+01 -4.2274738e-01 -4.0276814e-01 -2.1192475e-01 -2.1192084e-01 +2.9805323e-01 +2.9806263e-01 +2.2273701e+00 +2.4321509e+00 +3.5410911e+00 +3.5411015e+00 +5.7507190e+00 
-4.8858229e+01 -4.8858229e+01 -2.7949389e+01 -2.7949389e+01 -2.7848154e+01 -2.7836953e+01 -2.7665716e+01 -2.7665715e+01 -4.1509016e-01 -4.0498234e-01 -1.9209340e-01 -1.9209118e-01 +2.7588321e-01 +2.7588823e-01 +2.2705442e+00 +2.3730339e+00 +3.5399211e+00 +3.5399264e+00 +5.7657466e+00 
-4.8858228e+01 -4.8858228e+01 -2.7949755e+01 -2.7949755e+01 -2.7842556e+01 -2.7842556e+01 -2.7665338e+01 -2.7665338e+01 -4.0912134e-01 -4.0912069e-01 -1.8500519e-01 -1.8500517e-01 +2.6801554e-01 +2.6801556e-01 +2.3191192e+00 +2.3191194e+00 +3.5395266e+00 +3.5395266e+00 +5.7708764e+00 
