# num high symmetry points
12
# label high symmetry points
G M K G A L H A L M K H 
# indices high symmetry points
1 32 50 86 108 139 157 193 194 216 217 239 
# nk, nb, ns
239 10 1
# k-points (frac coords)
+0.0000000e+00 +0.0000000e+00 +0.0000000e+00 
+1.6129032e-02 +0.0000000e+00 +0.0000000e+00 
+3.2258065e-02 +0.0000000e+00 +0.0000000e+00 
+4.8387097e-02 +0.0000000e+00 +0.0000000e+00 
+6.4516129e-02 +0.0000000e+00 +0.0000000e+00 
+8.0645161e-02 +0.0000000e+00 +0.0000000e+00 
+9.6774194e-02 +0.0000000e+00 +0.0000000e+00 
+1.1290323e-01 +0.0000000e+00 +0.0000000e+00 
+1.2903226e-01 +0.0000000e+00 +0.0000000e+00 
+1.4516129e-01 +0.0000000e+00 +0.0000000e+00 
+1.6129032e-01 +0.0000000e+00 +0.0000000e+00 
+1.7741935e-01 +0.0000000e+00 +0.0000000e+00 
+1.9354839e-01 +0.0000000e+00 +0.0000000e+00 
+2.0967742e-01 +0.0000000e+00 +0.0000000e+00 
+2.2580645e-01 +0.0000000e+00 +0.0000000e+00 
+2.4193548e-01 +0.0000000e+00 +0.0000000e+00 
+2.5806452e-01 +0.0000000e+00 +0.0000000e+00 
+2.7419355e-01 +0.0000000e+00 +0.0000000e+00 
+2.9032258e-01 +0.0000000e+00 +0.0000000e+00 
+3.0645161e-01 +0.0000000e+00 +0.0000000e+00 
+3.2258065e-01 +0.0000000e+00 +0.0000000e+00 
+3.3870968e-01 +0.0000000e+00 +0.0000000e+00 
+3.5483871e-01 +0.0000000e+00 +0.0000000e+00 
+3.7096774e-01 +0.0000000e+00 +0.0000000e+00 
+3.8709677e-01 +0.0000000e+00 +0.0000000e+00 
+4.0322581e-01 +0.0000000e+00 +0.0000000e+00 
+4.1935484e-01 +0.0000000e+00 +0.0000000e+00 
+4.3548387e-01 +0.0000000e+00 +0.0000000e+00 
+4.5161290e-01 +0.0000000e+00 +0.0000000e+00 
+4.6774194e-01 +0.0000000e+00 +0.0000000e+00 
+4.8387097e-01 +0.0000000e+00 +0.0000000e+00 
+5.0000000e-01 +0.0000000e+00 +0.0000000e+00 
+4.9074074e-01 +1.8518519e-02 +0.0000000e+00 
+4.8148148e-01 +3.7037037e-02 +0.0000000e+00 
+4.7222222e-01 +5.5555556e-02 +0.0000000e+00 
+4.6296296e-01 +7.4074074e-02 +0.0000000e+00 
+4.5370370e-01 +9.2592593e-02 +0.0000000e+00 
+4.4444444e-01 +1.1111111e-01 +0.0000000e+00 
+4.3518519e-01 +1.2962963e-01 +0.0000000e+00 
+4.2592593e-01 +1.4814815e-01 +0.0000000e+00 
+4.1666667e-01 +1.6666667e-01 +0.0000000e+00 
+4.0740741e-01 +1.8518519e-01 +0.0000000e+00 
+3.9814815e-01 +2.0370370e-01 +0.0000000e+00 
+3.8888889e-01 +2.2222222e-01 +0.0000000e+00 
+3.7962963e-01 +2.4074074e-01 +0.0000000e+00 
+3.7037037e-01 +2.5925926e-01 +0.0000000e+00 
+3.6111111e-01 +2.7777778e-01 +0.0000000e+00 
+3.5185185e-01 +2.9629630e-01 +0.0000000e+00 
+3.4259259e-01 +3.1481481e-01 +0.0000000e+00 
+3.3333333e-01 +3.3333333e-01 +0.0000000e+00 
+3.2407407e-01 +3.2407407e-01 +0.0000000e+00 
+3.1481481e-01 +3.1481481e-01 +0.0000000e+00 
+3.0555556e-01 +3.0555556e-01 +0.0000000e+00 
+2.9629630e-01 +2.9629630e-01 +0.0000000e+00 
+2.8703704e-01 +2.8703704e-01 +0.0000000e+00 
+2.7777778e-01 +2.7777778e-01 +0.0000000e+00 
+2.6851852e-01 +2.6851852e-01 +0.0000000e+00 
+2.5925926e-01 +2.5925926e-01 +0.0000000e+00 
+2.5000000e-01 +2.5000000e-01 +0.0000000e+00 
+2.4074074e-01 +2.4074074e-01 +0.0000000e+00 
+2.3148148e-01 +2.3148148e-01 +0.0000000e+00 
+2.2222222e-01 +2.2222222e-01 +0.0000000e+00 
+2.1296296e-01 +2.1296296e-01 +0.0000000e+00 
+2.0370370e-01 +2.0370370e-01 +0.0000000e+00 
+1.9444444e-01 +1.9444444e-01 +0.0000000e+00 
+1.8518519e-01 +1.8518519e-01 +0.0000000e+00 
+1.7592593e-01 +1.7592593e-01 +0.0000000e+00 
+1.6666667e-01 +1.6666667e-01 +0.0000000e+00 
+1.5740741e-01 +1.5740741e-01 +0.0000000e+00 
+1.4814815e-01 +1.4814815e-01 +0.0000000e+00 
+1.3888889e-01 +1.3888889e-01 +0.0000000e+00 
+1.2962963e-01 +1.2962963e-01 +0.0000000e+00 
+1.2037037e-01 +1.2037037e-01 +0.0000000e+00 
+1.1111111e-01 +1.1111111e-01 +0.0000000e+00 
+1.0185185e-01 +1.0185185e-01 +0.0000000e+00 
+9.2592593e-02 +9.2592593e-02 +0.0000000e+00 
+8.3333333e-02 +8.3333333e-02 +0.0000000e+00 
+7.4074074e-02 +7.4074074e-02 +0.0000000e+00 
+6.4814815e-02 +6.4814815e-02 +0.0000000e+00 
+5.5555556e-02 +5.5555556e-02 +0.0000000e+00 
+4.6296296e-02 +4.6296296e-02 +0.0000000e+00 
+3.7037037e-02 +3.7037037e-02 +0.0000000e+00 
+2.7777778e-02 +2.7777778e-02 +0.0000000e+00 
+1.8518519e-02 +1.8518519e-02 +0.0000000e+00 
+9.2592593e-03 +9.2592593e-03 +0.0000000e+00 
+0.0000000e+00 +0.0000000e+00 +0.0000000e+00 
+0.0000000e+00 +0.0000000e+00 +2.2727273e-02 
+0.0000000e+00 +0.0000000e+00 +4.5454545e-02 
+0.0000000e+00 +0.0000000e+00 +6.8181818e-02 
+0.0000000e+00 +0.0000000e+00 +9.0909091e-02 
+0.0000000e+00 +0.0000000e+00 +1.1363636e-01 
+0.0000000e+00 +0.0000000e+00 +1.3636364e-01 
+0.0000000e+00 +0.0000000e+00 +1.5909091e-01 
+0.0000000e+00 +0.0000000e+00 +1.8181818e-01 
+0.0000000e+00 +0.0000000e+00 +2.0454545e-01 
+0.0000000e+00 +0.0000000e+00 +2.2727273e-01 
+0.0000000e+00 +0.0000000e+00 +2.5000000e-01 
+0.0000000e+00 +0.0000000e+00 +2.7272727e-01 
+0.0000000e+00 +0.0000000e+00 +2.9545455e-01 
+0.0000000e+00 +0.0000000e+00 +3.1818182e-01 
+0.0000000e+00 +0.0000000e+00 +3.4090909e-01 
+0.0000000e+00 +0.0000000e+00 +3.6363636e-01 
+0.0000000e+00 +0.0000000e+00 +3.8636364e-01 
+0.0000000e+00 +0.0000000e+00 +4.0909091e-01 
+0.0000000e+00 +0.0000000e+00 +4.3181818e-01 
+0.0000000e+00 +0.0000000e+00 +4.5454545e-01 
+0.0000000e+00 +0.0000000e+00 +4.7727273e-01 
+0.0000000e+00 +0.0000000e+00 +5.0000000e-01 
+1.6129032e-02 +0.0000000e+00 +5.0000000e-01 
+3.2258065e-02 +0.0000000e+00 +5.0000000e-01 
+4.8387097e-02 +0.0000000e+00 +5.0000000e-01 
+6.4516129e-02 +0.0000000e+00 +5.0000000e-01 
+8.0645161e-02 +0.0000000e+00 +5.0000000e-01 
+9.6774194e-02 +0.0000000e+00 +5.0000000e-01 
+1.1290323e-01 +0.0000000e+00 +5.0000000e-01 
+1.2903226e-01 +0.0000000e+00 +5.0000000e-01 
+1.4516129e-01 +0.0000000e+00 +5.0000000e-01 
+1.6129032e-01 +0.0000000e+00 +5.0000000e-01 
+1.7741935e-01 +0.0000000e+00 +5.0000000e-01 
+1.9354839e-01 +0.0000000e+00 +5.0000000e-01 
+2.0967742e-01 +0.0000000e+00 +5.0000000e-01 
+2.2580645e-01 +0.0000000e+00 +5.0000000e-01 
+2.4193548e-01 +0.0000000e+00 +5.0000000e-01 
+2.5806452e-01 +0.0000000e+00 +5.0000000e-01 
+2.7419355e-01 +0.0000000e+00 +5.0000000e-01 
+2.9032258e-01 +0.0000000e+00 +5.0000000e-01 
+3.0645161e-01 +0.0000000e+00 +5.0000000e-01 
+3.2258065e-01 +0.0000000e+00 +5.0000000e-01 
+3.3870968e-01 +0.0000000e+00 +5.0000000e-01 
+3.5483871e-01 +0.0000000e+00 +5.0000000e-01 
+3.7096774e-01 +0.0000000e+00 +5.0000000e-01 
+3.8709677e-01 +0.0000000e+00 +5.0000000e-01 
+4.0322581e-01 +0.0000000e+00 +5.0000000e-01 
+4.1935484e-01 +0.0000000e+00 +5.0000000e-01 
+4.3548387e-01 +0.0000000e+00 +5.0000000e-01 
+4.5161290e-01 +0.0000000e+00 +5.0000000e-01 
+4.6774194e-01 +0.0000000e+00 +5.0000000e-01 
+4.8387097e-01 +0.0000000e+00 +5.0000000e-01 
+5.0000000e-01 +0.0000000e+00 +5.0000000e-01 
+4.9074074e-01 +1.8518519e-02 +5.0000000e-01 
+4.8148148e-01 +3.7037037e-02 +5.0000000e-01 
+4.7222222e-01 +5.5555556e-02 +5.0000000e-01 
+4.6296296e-01 +7.4074074e-02 +5.0000000e-01 
+4.5370370e-01 +9.2592593e-02 +5.0000000e-01 
+4.4444444e-01 +1.1111111e-01 +5.0000000e-01 
+4.3518519e-01 +1.2962963e-01 +5.0000000e-01 
+4.2592593e-01 +1.4814815e-01 +5.0000000e-01 
+4.1666667e-01 +1.6666667e-01 +5.0000000e-01 
+4.0740741e-01 +1.8518519e-01 +5.0000000e-01 
+3.9814815e-01 +2.0370370e-01 +5.0000000e-01 
+3.8888889e-01 +2.2222222e-01 +5.0000000e-01 
+3.7962963e-01 +2.4074074e-01 +5.0000000e-01 
+3.7037037e-01 +2.5925926e-01 +5.0000000e-01 
+3.6111111e-01 +2.7777778e-01 +5.0000000e-01 
+3.5185185e-01 +2.9629630e-01 +5.0000000e-01 
+3.4259259e-01 +3.1481481e-01 +5.0000000e-01 
+3.3333333e-01 +3.3333333e-01 +5.0000000e-01 
+3.2407407e-01 +3.2407407e-01 +5.0000000e-01 
+3.1481481e-01 +3.1481481e-01 +5.0000000e-01 
+3.0555556e-01 +3.0555556e-01 +5.0000000e-01 
+2.9629630e-01 +2.9629630e-01 +5.0000000e-01 
+2.8703704e-01 +2.8703704e-01 +5.0000000e-01 
+2.7777778e-01 +2.7777778e-01 +5.0000000e-01 
+2.6851852e-01 +2.6851852e-01 +5.0000000e-01 
+2.5925926e-01 +2.5925926e-01 +5.0000000e-01 
+2.5000000e-01 +2.5000000e-01 +5.0000000e-01 
+2.4074074e-01 +2.4074074e-01 +5.0000000e-01 
+2.3148148e-01 +2.3148148e-01 +5.0000000e-01 
+2.2222222e-01 +2.2222222e-01 +5.0000000e-01 
+2.1296296e-01 +2.1296296e-01 +5.0000000e-01 
+2.0370370e-01 +2.0370370e-01 +5.0000000e-01 
+1.9444444e-01 +1.9444444e-01 +5.0000000e-01 
+1.8518519e-01 +1.8518519e-01 +5.0000000e-01 
+1.7592593e-01 +1.7592593e-01 +5.0000000e-01 
+1.6666667e-01 +1.6666667e-01 +5.0000000e-01 
+1.5740741e-01 +1.5740741e-01 +5.0000000e-01 
+1.4814815e-01 +1.4814815e-01 +5.0000000e-01 
+1.3888889e-01 +1.3888889e-01 +5.0000000e-01 
+1.2962963e-01 +1.2962963e-01 +5.0000000e-01 
+1.2037037e-01 +1.2037037e-01 +5.0000000e-01 
+1.1111111e-01 +1.1111111e-01 +5.0000000e-01 
+1.0185185e-01 +1.0185185e-01 +5.0000000e-01 
+9.2592593e-02 +9.2592593e-02 +5.0000000e-01 
+8.3333333e-02 +8.3333333e-02 +5.0000000e-01 
+7.4074074e-02 +7.4074074e-02 +5.0000000e-01 
+6.4814815e-02 +6.4814815e-02 +5.0000000e-01 
+5.5555556e-02 +5.5555556e-02 +5.0000000e-01 
+4.6296296e-02 +4.6296296e-02 +5.0000000e-01 
+3.7037037e-02 +3.7037037e-02 +5.0000000e-01 
+2.7777778e-02 +2.7777778e-02 +5.0000000e-01 
+1.8518519e-02 +1.8518519e-02 +5.0000000e-01 
+9.2592593e-03 +9.2592593e-03 +5.0000000e-01 
+0.0000000e+00 +0.0000000e+00 +5.0000000e-01 
+5.0000000e-01 +0.0000000e+00 +5.0000000e-01 
+5.0000000e-01 +0.0000000e+00 +4.7727273e-01 
+5.0000000e-01 +0.0000000e+00 +4.5454545e-01 
+5.0000000e-01 +0.0000000e+00 +4.3181818e-01 
+5.0000000e-01 +0.0000000e+00 +4.0909091e-01 
+5.0000000e-01 +0.0000000e+00 +3.8636364e-01 
+5.0000000e-01 +0.0000000e+00 +3.6363636e-01 
+5.0000000e-01 +0.0000000e+00 +3.4090909e-01 
+5.0000000e-01 +0.0000000e+00 +3.1818182e-01 
+5.0000000e-01 +0.0000000e+00 +2.9545455e-01 
+5.0000000e-01 +0.0000000e+00 +2.7272727e-01 
+5.0000000e-01 +0.0000000e+00 +2.5000000e-01 
+5.0000000e-01 +0.0000000e+00 +2.2727273e-01 
+5.0000000e-01 +0.0000000e+00 +2.0454545e-01 
+5.0000000e-01 +0.0000000e+00 +1.8181818e-01 
+5.0000000e-01 +0.0000000e+00 +1.5909091e-01 
+5.0000000e-01 +0.0000000e+00 +1.3636364e-01 
+5.0000000e-01 +0.0000000e+00 +1.1363636e-01 
+5.0000000e-01 +0.0000000e+00 +9.0909091e-02 
+5.0000000e-01 +0.0000000e+00 +6.8181818e-02 
+5.0000000e-01 +0.0000000e+00 +4.5454545e-02 
+5.0000000e-01 +0.0000000e+00 +2.2727273e-02 
+5.0000000e-01 +0.0000000e+00 +0.0000000e+00 
+3.3333333e-01 +3.3333333e-01 +0.0000000e+00 
+3.3333333e-01 +3.3333333e-01 +2.2727273e-02 
+3.3333333e-01 +3.3333333e-01 +4.5454545e-02 
+3.3333333e-01 +3.3333333e-01 +6.8181818e-02 
+3.3333333e-01 +3.3333333e-01 +9.0909091e-02 
+3.3333333e-01 +3.3333333e-01 +1.1363636e-01 
+3.3333333e-01 +3.3333333e-01 +1.3636364e-01 
+3.3333333e-01 +3.3333333e-01 +1.5909091e-01 
+3.3333333e-01 +3.3333333e-01 +1.8181818e-01 
+3.3333333e-01 +3.3333333e-01 +2.0454545e-01 
+3.3333333e-01 +3.3333333e-01 +2.2727273e-01 
+3.3333333e-01 +3.3333333e-01 +2.5000000e-01 
+3.3333333e-01 +3.3333333e-01 +2.7272727e-01 
+3.3333333e-01 +3.3333333e-01 +2.9545455e-01 
+3.3333333e-01 +3.3333333e-01 +3.1818182e-01 
+3.3333333e-01 +3.3333333e-01 +3.4090909e-01 
+3.3333333e-01 +3.3333333e-01 +3.6363636e-01 
+3.3333333e-01 +3.3333333e-01 +3.8636364e-01 
+3.3333333e-01 +3.3333333e-01 +4.0909091e-01 
+3.3333333e-01 +3.3333333e-01 +4.3181818e-01 
+3.3333333e-01 +3.3333333e-01 +4.5454545e-01 
+3.3333333e-01 +3.3333333e-01 +4.7727273e-01 
+3.3333333e-01 +3.3333333e-01 +5.0000000e-01 
# energies (kpt,band,spin)
# spin = 1
-8.4334737e+00 -7.5288680e+00 +1.8034960e+00 +6.9264255e+00 +9.0519912e+00 +9.0520800e+00 +1.0210152e+01 +1.0573807e+01 +1.0573915e+01 +1.1218898e+01 
-8.4812147e+00 -7.5295639e+00 +1.8051489e+00 +6.9115449e+00 +9.0266873e+00 +9.0433902e+00 +1.0135453e+01 +1.0160791e+01 +1.0606826e+01 +1.1383193e+01 
-8.5862703e+00 -7.5316137e+00 +1.8102198e+00 +6.8678434e+00 +8.8263013e+00 +8.9562999e+00 +9.2537175e+00 +1.0023968e+01 +1.0700124e+01 +1.1565090e+01 
-8.6898589e+00 -7.5349125e+00 +1.8190495e+00 +6.7964929e+00 +7.5454782e+00 +8.8535193e+00 +9.1245023e+00 +9.8266964e+00 +1.0841239e+01 +1.1646708e+01 
-8.7670707e+00 -7.5393209e+00 +1.8321839e+00 +6.3464292e+00 +6.7204460e+00 +8.7306673e+00 +9.1145547e+00 +9.5985596e+00 +1.1018084e+01 +1.1647033e+01 
-8.8175928e+00 -7.5447069e+00 +1.8502717e+00 +5.5188611e+00 +6.6080549e+00 +8.5967298e+00 +9.1052658e+00 +9.3625937e+00 +1.1222011e+01 +1.1617516e+01 
-8.8476130e+00 -7.5509772e+00 +1.8739062e+00 +4.9519826e+00 +6.4884184e+00 +8.4575530e+00 +9.0877718e+00 +9.1326859e+00 +1.1447618e+01 +1.1595027e+01 
-8.8628572e+00 -7.5580920e+00 +1.9034973e+00 +4.5545648e+00 +6.3608104e+00 +8.3168331e+00 +8.9148839e+00 +9.0600633e+00 +1.1592280e+01 +1.1691748e+01 
-8.8674032e+00 -7.5660654e+00 +1.9392334e+00 +4.2633453e+00 +6.2282437e+00 +8.1769378e+00 +8.7100083e+00 +9.0224258e+00 +1.1608592e+01 +1.1952603e+01 
-8.8639851e+00 -7.5749587e+00 +1.9811189e+00 +4.0395964e+00 +6.0935764e+00 +8.0394383e+00 +8.5161299e+00 +8.9761794e+00 +1.1637353e+01 +1.2229054e+01 
-8.8544451e+00 -7.5848703e+00 +2.0290412e+00 +3.8597486e+00 +5.9593113e+00 +7.9054295e+00 +8.3303464e+00 +8.9229805e+00 +1.1669106e+01 +1.2519912e+01 
-8.8400667e+00 -7.5959242e+00 +2.0828279e+00 +3.7092129e+00 +5.8275867e+00 +7.7757165e+00 +8.1498128e+00 +8.8644436e+00 +1.1692982e+01 +1.2822787e+01 
-8.8217867e+00 -7.6082538e+00 +2.1422841e+00 +3.5787764e+00 +5.7001926e+00 +7.6509199e+00 +7.9722116e+00 +8.8019953e+00 +1.1698187e+01 +1.3131708e+01 
-8.8003224e+00 -7.6219777e+00 +2.2072097e+00 +3.4625262e+00 +5.5785870e+00 +7.5315336e+00 +7.7958823e+00 +8.7368609e+00 +1.1676317e+01 +1.3322720e+01 
-8.7762420e+00 -7.6371659e+00 +2.2774034e+00 +3.3566340e+00 +5.4639040e+00 +7.4179534e+00 +7.6197835e+00 +8.6701094e+00 +1.1623758e+01 +1.3120095e+01 
-8.7500009e+00 -7.6538015e+00 +2.3526604e+00 +3.2586285e+00 +5.3569531e+00 +7.3104916e+00 +7.4433899e+00 +8.6027061e+00 +1.1542418e+01 +1.2936275e+01 
-8.7219572e+00 -7.6717579e+00 +2.4327639e+00 +3.1669522e+00 +5.2582205e+00 +7.2093858e+00 +7.2665797e+00 +8.5355490e+00 +1.1438086e+01 +1.2768523e+01 
-8.6923877e+00 -7.6908166e+00 +2.5174751e+00 +3.0806912e+00 +5.1678849e+00 +7.0895355e+00 +7.1148070e+00 +8.4694794e+00 +1.1317847e+01 +1.2614746e+01 
-8.6615167e+00 -7.7107288e+00 +2.6065198e+00 +2.9994072e+00 +5.0858637e+00 +6.9126674e+00 +7.0268683e+00 +8.4052739e+00 +1.1188235e+01 +1.2473391e+01 
-8.6295562e+00 -7.7312888e+00 +2.6995710e+00 +2.9230213e+00 +5.0118848e+00 +6.7365598e+00 +6.9456350e+00 +8.3436297e+00 +1.1054505e+01 +1.2343354e+01 
-8.5967430e+00 -7.7523720e+00 +2.7962269e+00 +2.8517160e+00 +4.9455683e+00 +6.5619399e+00 +6.8711332e+00 +8.2851557e+00 +1.0920648e+01 +1.2223897e+01 
-8.5633605e+00 -7.7739190e+00 +2.7858396e+00 +2.8959798e+00 +4.8864952e+00 +6.3896693e+00 +6.8033576e+00 +8.2303758e+00 +1.0789662e+01 +1.2114571e+01 
-8.5297446e+00 -7.7958838e+00 +2.7258134e+00 +2.9981732e+00 +4.8342531e+00 +6.2207589e+00 +6.7422774e+00 +8.1797394e+00 +1.0663864e+01 +1.2015154e+01 
-8.4962871e+00 -7.8181769e+00 +2.6720468e+00 +3.1019389e+00 +4.7884609e+00 +6.0564128e+00 +6.6878404e+00 +8.1336325e+00 +1.0545147e+01 +1.1925593e+01 
-8.4634457e+00 -7.8406158e+00 +2.6248674e+00 +3.2061046e+00 +4.7487795e+00 +5.8981086e+00 +6.6399782e+00 +8.0923844e+00 +1.0435171e+01 +1.1845953e+01 
-8.4317687e+00 -7.8628842e+00 +2.5844711e+00 +3.3090586e+00 +4.7149164e+00 +5.7477256e+00 +6.5986135e+00 +8.0562675e+00 +1.0335488e+01 +1.1776377e+01 
-8.4019338e+00 -7.8844893e+00 +2.5508953e+00 +3.4085559e+00 +4.6866276e+00 +5.6077361e+00 +6.5636717e+00 +8.0254946e+00 +1.0247615e+01 +1.1717050e+01 
-8.3748001e+00 -7.9047155e+00 +2.5240214e+00 +3.5014632e+00 +4.6637174e+00 +5.4814597e+00 +6.5350940e+00 +8.0002159e+00 +1.0173044e+01 +1.1668170e+01 
-8.3514555e+00 -7.9225831e+00 +2.5036065e+00 +3.5834931e+00 +4.6460361e+00 +5.3733311e+00 +6.5128489e+00 +7.9805217e+00 +1.0113211e+01 +1.1629927e+01 
-8.3332154e+00 -7.9368567e+00 +2.4893421e+00 +3.6491216e+00 +4.6334763e+00 +5.2889848e+00 +6.4969348e+00 +7.9664525e+00 +1.0069405e+01 +1.1602485e+01 
-8.3214862e+00 -7.9461843e+00 +2.4809291e+00 +3.6921230e+00 +4.6259669e+00 +5.2347230e+00 +6.4873708e+00 +7.9580156e+00 +1.0042666e+01 +1.1585967e+01 
-8.3174238e+00 -7.9494427e+00 +2.4781510e+00 +3.7071758e+00 +4.6234680e+00 +5.2159119e+00 +6.4841795e+00 +7.9552046e+00 +1.0033674e+01 +1.1580452e+01 
-8.3172403e+00 -7.9503344e+00 +2.4785637e+00 +3.7099567e+00 +4.6239853e+00 +5.2156362e+00 +6.4428085e+00 +8.0076351e+00 +1.0011554e+01 +1.1523358e+01 
-8.3166908e+00 -7.9530086e+00 +2.4798504e+00 +3.7182995e+00 +4.6254988e+00 +5.2147523e+00 +6.3332435e+00 +8.1504721e+00 +9.9483684e+00 +1.1373993e+01 
-8.3157789e+00 -7.9574611e+00 +2.4821432e+00 +3.7322048e+00 +4.6278940e+00 +5.2130882e+00 +6.1831292e+00 +8.3563540e+00 +9.8521224e+00 +1.1172537e+01 
-8.3145092e+00 -7.9636804e+00 +2.4856161e+00 +3.7516738e+00 +4.6309835e+00 +5.2103512e+00 +6.0141748e+00 +8.6040554e+00 +9.7325292e+00 +1.0948840e+01 
-8.3128852e+00 -7.9716432e+00 +2.4904307e+00 +3.7767078e+00 +4.6345128e+00 +5.2061185e+00 +5.8394377e+00 +8.8812216e+00 +9.5986162e+00 +1.0719859e+01 
-8.3109047e+00 -7.9813102e+00 +2.4966791e+00 +3.8073085e+00 +4.6381703e+00 +5.1998218e+00 +5.6664346e+00 +9.1812862e+00 +9.4577781e+00 +1.0494925e+01 
-8.3085504e+00 -7.9926235e+00 +2.5043382e+00 +3.8434775e+00 +4.6416026e+00 +5.1907251e+00 +5.4997062e+00 +9.3157686e+00 +9.5009450e+00 +1.0279550e+01 
-8.3057740e+00 -8.0055064e+00 +2.5132415e+00 +3.8852158e+00 +4.6444360e+00 +5.1778951e+00 +5.3422346e+00 +9.1770212e+00 +9.8387892e+00 +1.0077407e+01 
-8.3024738e+00 -8.0198655e+00 +2.5230712e+00 +3.9325233e+00 +4.6463027e+00 +5.1601732e+00 +5.1961698e+00 +9.0449781e+00 +9.8912794e+00 +1.0194640e+01 
-8.2984659e+00 -8.0355941e+00 +2.5333717e+00 +3.9853981e+00 +4.6468709e+00 +5.0631983e+00 +5.1361702e+00 +8.9223280e+00 +9.7234587e+00 +1.0569245e+01 
-8.2934612e+00 -8.0525767e+00 +2.5435833e+00 +4.0438349e+00 +4.6458727e+00 +4.9447266e+00 +5.1043303e+00 +8.8111561e+00 +9.5758286e+00 +1.0964152e+01 
-8.2870599e+00 -8.0706945e+00 +2.5530962e+00 +4.1078243e+00 +4.6431266e+00 +4.8419586e+00 +5.0631263e+00 +8.7130366e+00 +9.4497363e+00 +1.1381647e+01 
-8.2787845e+00 -8.0898306e+00 +2.5613248e+00 +4.1773512e+00 +4.6385497e+00 +4.7559065e+00 +5.0114010e+00 +8.6291020e+00 +9.3457717e+00 +1.1824635e+01 
-8.2681551e+00 -8.1098755e+00 +2.5677989e+00 +4.2523930e+00 +4.6321626e+00 +4.6873571e+00 +4.9487425e+00 +8.5601075e+00 +9.2636291e+00 +1.2296239e+01 
-8.2547900e+00 -8.1307307e+00 +2.5722607e+00 +4.3329177e+00 +4.6240926e+00 +4.6368135e+00 +4.8756516e+00 +8.5064915e+00 +9.2022178e+00 +1.2798512e+01 
-8.2384926e+00 -8.1523122e+00 +2.5747518e+00 +4.4188815e+00 +4.6044339e+00 +4.6145814e+00 +4.7933393e+00 +8.4684240e+00 +9.1600278e+00 +1.3328425e+01 
-8.2192863e+00 -8.1745516e+00 +2.5756664e+00 +4.5102269e+00 +4.5899932e+00 +4.6039945e+00 +4.7032803e+00 +8.4458325e+00 +9.1355621e+00 +1.3864545e+01 
-8.1973992e+00 -8.1973861e+00 +2.5757516e+00 +4.5928082e+00 +4.5929026e+00 +4.6067930e+00 +4.6069108e+00 +8.4384082e+00 +9.1276137e+00 +1.4323620e+01 
-8.2207977e+00 -8.1731620e+00 +2.5760516e+00 +4.5051118e+00 +4.5817853e+00 +4.6120584e+00 +4.7086682e+00 +8.4456147e+00 +9.1353284e+00 +1.3971198e+01 
-8.2447468e+00 -8.1470100e+00 +2.5777537e+00 +4.3987942e+00 +4.5714528e+00 +4.6464627e+00 +4.8156600e+00 +8.4666747e+00 +9.1580952e+00 +1.3639660e+01 
-8.2692154e+00 -8.1193895e+00 +2.5820366e+00 +4.2886291e+00 +4.5627018e+00 +4.6946449e+00 +4.9276505e+00 +8.5006145e+00 +9.1954545e+00 +1.3331176e+01 
-8.2941956e+00 -8.0907448e+00 +2.5898585e+00 +4.1752337e+00 +4.5563465e+00 +4.7551893e+00 +5.0445088e+00 +8.5462853e+00 +9.2470081e+00 +1.3046477e+01 
-8.3196912e+00 -8.0615038e+00 +2.6017795e+00 +4.0592258e+00 +4.5531742e+00 +4.8267605e+00 +5.1660929e+00 +8.6023863e+00 +9.3123776e+00 +1.2785621e+01 
-8.3457186e+00 -8.0320679e+00 +2.6178856e+00 +3.9412467e+00 +4.5539103e+00 +4.9082113e+00 +5.2922491e+00 +8.6674693e+00 +9.3911878e+00 +1.2548449e+01 
-8.3723022e+00 -8.0028010e+00 +2.6378703e+00 +3.8219635e+00 +4.5591951e+00 +4.9986468e+00 +5.4228114e+00 +8.7399172e+00 +9.4830612e+00 +1.2334881e+01 
-8.3994623e+00 -7.9740131e+00 +2.6612596e+00 +3.7020599e+00 +4.5695715e+00 +5.0974228e+00 +5.5575985e+00 +8.8178948e+00 +9.5876177e+00 +1.2145122e+01 
-8.4271991e+00 -7.9459392e+00 +2.6876665e+00 +3.5822181e+00 +4.5854845e+00 +5.2040794e+00 +5.6964102e+00 +8.8992752e+00 +9.7044771e+00 +1.1979819e+01 
-8.4554798e+00 -7.9187144e+00 +2.7169499e+00 +3.4631003e+00 +4.6072904e+00 +5.3182475e+00 +5.8390219e+00 +8.9815575e+00 +9.8332660e+00 +1.1840161e+01 
-8.4842344e+00 -7.8923506e+00 +2.7492264e+00 +3.3453313e+00 +4.6352799e+00 +5.4395720e+00 +5.9851788e+00 +9.0618039e+00 +9.9736281e+00 +1.1727941e+01 
-8.5133581e+00 -7.8667312e+00 +2.7847836e+00 +3.2294863e+00 +4.6697151e+00 +5.5676745e+00 +6.1345890e+00 +9.1366516e+00 +1.0125237e+01 +1.1645510e+01 
-8.5427174e+00 -7.8416446e+00 +2.8239722e+00 +3.1160845e+00 +4.7108744e+00 +5.7021493e+00 +6.2869174e+00 +9.2024777e+00 +1.0287812e+01 +1.1595588e+01 
-8.5721561e+00 -7.8168693e+00 +2.8671327e+00 +3.0055881e+00 +4.7590902e+00 +5.8425786e+00 +6.4417795e+00 +9.2557916e+00 +1.0461126e+01 +1.1580856e+01 
-8.6015016e+00 -7.7922862e+00 +2.8984055e+00 +2.9145701e+00 +4.8147560e+00 +5.9885489e+00 +6.5987389e+00 +9.2938333e+00 +1.0645027e+01 +1.1603381e+01 
-8.6305721e+00 -7.7679586e+00 +2.7948975e+00 +2.9665666e+00 +4.8782867e+00 +6.1396644e+00 +6.7573085e+00 +9.3151876e+00 +1.0839442e+01 +1.1664058e+01 
-8.6591839e+00 -7.7441247e+00 +2.6953837e+00 +3.0234146e+00 +4.9500453e+00 +6.2955530e+00 +6.9169601e+00 +9.3201057e+00 +1.1044402e+01 +1.1732366e+01 
-8.6871562e+00 -7.7211132e+00 +2.6001508e+00 +3.0854547e+00 +5.0302634e+00 +6.4558666e+00 +7.0771467e+00 +9.3103517e+00 +1.1260056e+01 +1.1659989e+01 
-8.7143101e+00 -7.6992394e+00 +2.5094599e+00 +3.1531117e+00 +5.1189928e+00 +6.6202764e+00 +7.2373414e+00 +9.2886813e+00 +1.1486701e+01 +1.1598927e+01 
-8.7404557e+00 -7.6787373e+00 +2.4235535e+00 +3.2269354e+00 +5.2160915e+00 +6.7884641e+00 +7.3971015e+00 +9.2582401e+00 +1.1548284e+01 +1.1724827e+01 
-8.7653721e+00 -7.6597395e+00 +2.3426613e+00 +3.3076668e+00 +5.3212354e+00 +6.9601059e+00 +7.5561594e+00 +9.2221058e+00 +1.1507150e+01 +1.1975175e+01 
-8.7887832e+00 -7.6422902e+00 +2.2670050e+00 +3.3963582e+00 +5.4339328e+00 +7.1348495e+00 +7.7145440e+00 +9.1830397e+00 +1.1474681e+01 +1.2238820e+01 
-8.8103372e+00 -7.6263694e+00 +2.1968005e+00 +3.4945757e+00 +5.5535283e+00 +7.3122780e+00 +7.8727249e+00 +9.1434041e+00 +1.1450204e+01 +1.2517285e+01 
-8.8295860e+00 -7.6119171e+00 +2.1322566e+00 +3.6047195e+00 +5.6791898e+00 +7.4918576e+00 +8.0317600e+00 +9.1051778e+00 +1.1433326e+01 +1.2812678e+01 
-8.8459600e+00 -7.5988507e+00 +2.0735689e+00 +3.7305144e+00 +5.8098789e+00 +7.6728670e+00 +8.1934119e+00 +9.0700138e+00 +1.1424051e+01 +1.3127855e+01 
-8.8587266e+00 -7.5870785e+00 +2.0209067e+00 +3.8777774e+00 +5.9443048e+00 +7.8543072e+00 +8.3601750e+00 +9.0393035e+00 +1.1422875e+01 +1.2981786e+01 
-8.8669183e+00 -7.5765078e+00 +1.9743927e+00 +4.0556595e+00 +6.0808666e+00 +8.0347946e+00 +8.5351366e+00 +9.0142275e+00 +1.1430828e+01 +1.2580585e+01 
-8.8692099e+00 -7.5670524e+00 +1.9340747e+00 +4.2787402e+00 +6.2175833e+00 +8.2124478e+00 +8.7215871e+00 +8.9957761e+00 +1.1449436e+01 +1.2211009e+01 
-8.8637136e+00 -7.5586391e+00 +1.8998950e+00 +4.5706394e+00 +6.3520211e+00 +8.3847904e+00 +8.9222948e+00 +8.9847266e+00 +1.1480408e+01 +1.1872863e+01 
-8.8476546e+00 -7.5512159e+00 +1.8716645e+00 +4.9701882e+00 +6.4812257e+00 +8.5487237e+00 +8.9815516e+00 +9.1383807e+00 +1.1524625e+01 +1.1565968e+01 
-8.8169351e+00 -7.5447610e+00 +1.8490542e+00 +5.5408418e+00 +6.6016842e+00 +8.7007087e+00 +8.9862310e+00 +9.3677625e+00 +1.1291505e+01 +1.1579167e+01 
-8.7658600e+00 -7.5392916e+00 +1.8316128e+00 +6.3772873e+00 +6.7093525e+00 +8.8376773e+00 +8.9979332e+00 +9.6031964e+00 +1.1052428e+01 +1.1629823e+01 
-8.6883718e+00 -7.5348678e+00 +1.8188156e+00 +6.7998069e+00 +7.5607231e+00 +8.9625752e+00 +9.0145829e+00 +9.8301968e+00 +1.0853720e+01 +1.1640368e+01 
-8.5850161e+00 -7.5315858e+00 +1.8101370e+00 +6.8685809e+00 +8.7981117e+00 +9.0324919e+00 +9.2193699e+00 +1.0025892e+01 +1.0702396e+01 +1.1562539e+01 
-8.4807191e+00 -7.5295561e+00 +1.8051300e+00 +6.9117131e+00 +9.0240212e+00 +9.0465912e+00 +1.0139562e+01 +1.0161337e+01 +1.0606692e+01 +1.1381910e+01 
-8.4334737e+00 -7.5288680e+00 +1.8034960e+00 +6.9264255e+00 +9.0519912e+00 +9.0520800e+00 +1.0210152e+01 +1.0573807e+01 +1.0573915e+01 +1.1218898e+01 
-8.5649489e+00 -7.5313912e+00 +1.8040940e+00 +6.9352158e+00 +9.0546344e+00 +9.0547231e+00 +9.4613902e+00 +1.0574546e+01 +1.0574655e+01 +1.1145897e+01 
-8.7441170e+00 -7.5389044e+00 +1.8059208e+00 +6.9615153e+00 +7.4835887e+00 +9.0625763e+00 +9.0626645e+00 +1.0576740e+01 +1.0576849e+01 +1.1086576e+01 
-8.8443537e+00 -7.5512532e+00 +1.8090727e+00 +5.9323286e+00 +7.0051112e+00 +9.0758556e+00 +9.0759432e+00 +1.0580331e+01 +1.0580442e+01 +1.1057160e+01 
-8.8913556e+00 -7.5682174e+00 +1.8137041e+00 +5.0910510e+00 +7.0656554e+00 +9.0945438e+00 +9.0946305e+00 +1.0585263e+01 +1.0585374e+01 +1.1033538e+01 
-8.9110444e+00 -7.5895484e+00 +1.8200192e+00 +4.6133060e+00 +7.1426724e+00 +9.1187476e+00 +9.1188333e+00 +1.0591526e+01 +1.0591638e+01 +1.1008436e+01 
-8.9160015e+00 -7.6149955e+00 +1.8282610e+00 +4.3064029e+00 +7.2355701e+00 +9.1486045e+00 +9.1486890e+00 +1.0599203e+01 +1.0599317e+01 +1.0979718e+01 
-8.9116754e+00 -7.6443179e+00 +1.8387002e+00 +4.0831213e+00 +7.3436494e+00 +9.1842649e+00 +9.1843482e+00 +1.0608492e+01 +1.0608606e+01 +1.0947173e+01 
-8.9000752e+00 -7.6772846e+00 +1.8516240e+00 +3.9031977e+00 +7.4661134e+00 +9.2258630e+00 +9.2259450e+00 +1.0619657e+01 +1.0619771e+01 +1.0911618e+01 
-8.8819150e+00 -7.7136671e+00 +1.8673261e+00 +3.7480677e+00 +7.6020734e+00 +9.2734849e+00 +9.2735658e+00 +1.0632919e+01 +1.0633033e+01 +1.0874294e+01 
-8.8578457e+00 -7.7532296e+00 +1.8860998e+00 +3.6092716e+00 +7.7505501e+00 +9.3271435e+00 +9.3272232e+00 +1.0648262e+01 +1.0648373e+01 +1.0836271e+01 
-8.8287405e+00 -7.7957171e+00 +1.9082331e+00 +3.4825000e+00 +7.9104701e+00 +9.3867667e+00 +9.3868455e+00 +1.0665202e+01 +1.0665310e+01 +1.0798049e+01 
-8.7954986e+00 -7.8408430e+00 +1.9340071e+00 +3.3649253e+00 +8.0806552e+00 +9.4522001e+00 +9.4522779e+00 +1.0682570e+01 +1.0682674e+01 +1.0759460e+01 
-8.7588780e+00 -7.8882770e+00 +1.9636959e+00 +3.2544005e+00 +8.2598040e+00 +9.5232154e+00 +9.5232923e+00 +1.0698346e+01 +1.0698442e+01 +1.0719742e+01 
-8.7194695e+00 -7.9376327e+00 +1.9975665e+00 +3.1493329e+00 +8.4464656e+00 +9.5995201e+00 +9.5995960e+00 +1.0677584e+01 +1.0709607e+01 +1.0709693e+01 
-8.6777394e+00 -7.9884622e+00 +2.0358768e+00 +3.0486401e+00 +8.6390034e+00 +9.6807588e+00 +9.6808334e+00 +1.0631097e+01 +1.0712689e+01 +1.0712761e+01 
-8.6340766e+00 -8.0402639e+00 +2.0788659e+00 +2.9516614e+00 +8.8355527e+00 +9.7665045e+00 +9.7665775e+00 +1.0577786e+01 +1.0703680e+01 +1.0703735e+01 
-8.5888246e+00 -8.0925148e+00 +2.1267350e+00 +2.8580486e+00 +9.0339714e+00 +9.8562369e+00 +9.8563079e+00 +1.0514623e+01 +1.0679291e+01 +1.0679327e+01 
-8.5422956e+00 -8.1447303e+00 +2.1796192e+00 +2.7676706e+00 +9.2317955e+00 +9.9493056e+00 +9.9493738e+00 +1.0438319e+01 +1.0637850e+01 +1.0637866e+01 
-8.4947697e+00 -8.1965377e+00 +2.2375552e+00 +2.6805446e+00 +9.4262118e+00 +1.0044876e+01 +1.0044941e+01 +1.0345834e+01 +1.0579833e+01 +1.0579837e+01 
-8.4464811e+00 -8.2477298e+00 +2.3004606e+00 +2.5967933e+00 +9.6140759e+00 +1.0141857e+01 +1.0141916e+01 +1.0234997e+01 +1.0507573e+01 +1.0507594e+01 
-8.3975965e+00 -8.2982627e+00 +2.3681364e+00 +2.5166212e+00 +9.7920141e+00 +1.0105017e+01 +1.0238803e+01 +1.0238857e+01 +1.0424417e+01 +1.0424451e+01 
-8.3481945e+00 -8.3481945e+00 +2.4402976e+00 +2.4402976e+00 +9.9566558e+00 +9.9566558e+00 +1.0333811e+01 +1.0333811e+01 +1.0333856e+01 +1.0333856e+01 
-8.3481680e+00 -8.3481680e+00 +2.4390146e+00 +2.4390146e+00 +9.9080211e+00 +9.9080211e+00 +1.0315136e+01 +1.0315136e+01 +1.0366510e+01 +1.0366510e+01 
-8.3480878e+00 -8.3480878e+00 +2.4351943e+00 +2.4351943e+00 +9.7945387e+00 +9.7945387e+00 +1.0261688e+01 +1.0261688e+01 +1.0429751e+01 +1.0429751e+01 
-8.3479495e+00 -8.3479495e+00 +2.4289218e+00 +2.4289218e+00 +9.6508676e+00 +9.6508676e+00 +1.0180170e+01 +1.0180170e+01 +1.0482956e+01 +1.0482956e+01 
-8.3477391e+00 -8.3477391e+00 +2.4203353e+00 +2.4203353e+00 +9.4896052e+00 +9.4896052e+00 +1.0078482e+01 +1.0078482e+01 +1.0508062e+01 +1.0508062e+01 
-8.3474233e+00 -8.3474233e+00 +2.4096188e+00 +2.4096188e+00 +9.3149873e+00 +9.3149873e+00 +9.9637115e+00 +9.9637115e+00 +1.0501296e+01 +1.0501296e+01 
-8.3469381e+00 -8.3469381e+00 +2.3969915e+00 +2.3969915e+00 +9.1290527e+00 +9.1290527e+00 +9.8413860e+00 +9.8413860e+00 +1.0469393e+01 +1.0469393e+01 
-8.3461779e+00 -8.3461779e+00 +2.3826918e+00 +2.3826918e+00 +8.9337252e+00 +8.9337252e+00 +9.7155317e+00 +9.7155317e+00 +1.0424271e+01 +1.0424271e+01 
-8.3449895e+00 -8.3449895e+00 +2.3669582e+00 +2.3669582e+00 +8.7314336e+00 +8.7314336e+00 +9.5889993e+00 +9.5889993e+00 +1.0377310e+01 +1.0377310e+01 
-8.3431740e+00 -8.3431740e+00 +2.3500086e+00 +2.3500086e+00 +8.5250611e+00 +8.5250611e+00 +9.4637948e+00 +9.4637948e+00 +1.0336566e+01 +1.0336566e+01 
-8.3404998e+00 -8.3404998e+00 +2.3320240e+00 +2.3320240e+00 +8.3176279e+00 +8.3176279e+00 +9.3413385e+00 +9.3413385e+00 +1.0306679e+01 +1.0306679e+01 
-8.3367263e+00 -8.3367263e+00 +2.3131416e+00 +2.3131416e+00 +8.1119721e+00 +8.1119721e+00 +9.2226478e+00 +9.2226478e+00 +1.0289793e+01 +1.0289793e+01 
-8.3316345e+00 -8.3316345e+00 +2.2934623e+00 +2.2934623e+00 +7.9105438e+00 +7.9105438e+00 +9.1084618e+00 +9.1084618e+00 +1.0286491e+01 +1.0286491e+01 
-8.3250591e+00 -8.3250591e+00 +2.2730711e+00 +2.2730711e+00 +7.7153227e+00 +7.7153227e+00 +8.9993238e+00 +8.9993238e+00 +1.0296464e+01 +1.0296464e+01 
-8.3169140e+00 -8.3169140e+00 +2.2520648e+00 +2.2520648e+00 +7.5278236e+00 +7.5278236e+00 +8.8956347e+00 +8.8956347e+00 +1.0318936e+01 +1.0318936e+01 
-8.3072074e+00 -8.3072074e+00 +2.2305769e+00 +2.2305769e+00 +7.3491523e+00 +7.3491523e+00 +8.7976865e+00 +8.7976865e+00 +1.0352925e+01 +1.0352925e+01 
-8.2960436e+00 -8.2960436e+00 +2.2087921e+00 +2.2087921e+00 +7.1800833e+00 +7.1800833e+00 +8.7056819e+00 +8.7056819e+00 +1.0397411e+01 +1.0397411e+01 
-8.2836114e+00 -8.2836114e+00 +2.1869443e+00 +2.1869443e+00 +7.0211411e+00 +7.0211411e+00 +8.6197432e+00 +8.6197432e+00 +1.0451429e+01 +1.0451429e+01 
-8.2701649e+00 -8.2701649e+00 +2.1653029e+00 +2.1653029e+00 +6.8726720e+00 +6.8726720e+00 +8.5399155e+00 +8.5399155e+00 +1.0514125e+01 +1.0514125e+01 
-8.2560013e+00 -8.2560013e+00 +2.1441534e+00 +2.1441534e+00 +6.7349020e+00 +6.7349020e+00 +8.4661685e+00 +8.4661685e+00 +1.0584775e+01 +1.0584775e+01 
-8.2414423e+00 -8.2414423e+00 +2.1237783e+00 +2.1237783e+00 +6.6079791e+00 +6.6079791e+00 +8.3984021e+00 +8.3984021e+00 +1.0662772e+01 +1.0662772e+01 
-8.2268207e+00 -8.2268207e+00 +2.1044433e+00 +2.1044433e+00 +6.4920008e+00 +6.4920008e+00 +8.3364622e+00 +8.3364622e+00 +1.0747592e+01 +1.0747592e+01 
-8.2124701e+00 -8.2124701e+00 +2.0863884e+00 +2.0863884e+00 +6.3870322e+00 +6.3870322e+00 +8.2801708e+00 +8.2801708e+00 +1.0838738e+01 +1.0838738e+01 
-8.1987177e+00 -8.1987177e+00 +2.0698241e+00 +2.0698241e+00 +6.2931153e+00 +6.2931153e+00 +8.2293698e+00 +8.2293698e+00 +1.0935656e+01 +1.0935656e+01 
-8.1858757e+00 -8.1858757e+00 +2.0549288e+00 +2.0549288e+00 +6.2102748e+00 +6.2102748e+00 +8.1839673e+00 +8.1839673e+00 +1.1037616e+01 +1.1037616e+01 
-8.1742311e+00 -8.1742311e+00 +2.0418475e+00 +2.0418475e+00 +6.1385212e+00 +6.1385212e+00 +8.1439739e+00 +8.1439739e+00 +1.1143525e+01 +1.1143525e+01 
-8.1640341e+00 -8.1640341e+00 +2.0306897e+00 +2.0306897e+00 +6.0778527e+00 +6.0778527e+00 +8.1095118e+00 +8.1095118e+00 +1.1251625e+01 +1.1251625e+01 
-8.1554867e+00 -8.1554867e+00 +2.0215288e+00 +2.0215288e+00 +6.0282576e+00 +6.0282576e+00 +8.0807948e+00 +8.0807948e+00 +1.1358977e+01 +1.1358977e+01 
-8.1487353e+00 -8.1487353e+00 +2.0144041e+00 +2.0144041e+00 +5.9897173e+00 +5.9897173e+00 +8.0580848e+00 +8.0580848e+00 +1.1460610e+01 +1.1460610e+01 
-8.1438715e+00 -8.1438715e+00 +2.0093260e+00 +2.0093260e+00 +5.9622101e+00 +5.9622101e+00 +8.0416426e+00 +8.0416426e+00 +1.1548352e+01 +1.1548352e+01 
-8.1409420e+00 -8.1409420e+00 +2.0062874e+00 +2.0062874e+00 +5.9457155e+00 +5.9457155e+00 +8.0316835e+00 +8.0316835e+00 +1.1610163e+01 +1.1610163e+01 
-8.1399642e+00 -8.1399642e+00 +2.0052764e+00 +2.0052764e+00 +5.9402190e+00 +5.9402190e+00 +8.0283477e+00 +8.0283477e+00 +1.1632848e+01 +1.1632848e+01 
-8.1398062e+00 -8.1398062e+00 +2.0072491e+00 +2.0072491e+00 +5.9178652e+00 +5.9178652e+00 +8.0524120e+00 +8.0524120e+00 +1.1633711e+01 +1.1633711e+01 
-8.1393144e+00 -8.1393144e+00 +2.0131391e+00 +2.0131391e+00 +5.8539863e+00 +5.8539863e+00 +8.1213590e+00 +8.1213590e+00 +1.1636048e+01 +1.1636048e+01 
-8.1384409e+00 -8.1384409e+00 +2.0228620e+00 +2.0228620e+00 +5.7564445e+00 +5.7564445e+00 +8.2271489e+00 +8.2271489e+00 +1.1639120e+01 +1.1639120e+01 
-8.1371225e+00 -8.1371225e+00 +2.0362797e+00 +2.0362797e+00 +5.6344797e+00 +5.6344797e+00 +8.3602840e+00 +8.3602840e+00 +1.1641758e+01 +1.1641758e+01 
-8.1353006e+00 -8.1353006e+00 +2.0532043e+00 +2.0532043e+00 +5.4963884e+00 +5.4963884e+00 +8.5121854e+00 +8.5121854e+00 +1.1642451e+01 +1.1642451e+01 
-8.1329409e+00 -8.1329409e+00 +2.0734011e+00 +2.0734011e+00 +5.3487818e+00 +5.3487818e+00 +8.6760080e+00 +8.6760080e+00 +1.1639470e+01 +1.1639470e+01 
-8.1300467e+00 -8.1300467e+00 +2.0965887e+00 +2.0965887e+00 +5.1967444e+00 +5.1967444e+00 +8.8465649e+00 +8.8465649e+00 +1.1631006e+01 +1.1631006e+01 
-8.1266624e+00 -8.1266624e+00 +2.1224315e+00 +2.1224315e+00 +5.0442583e+00 +5.0442583e+00 +9.0199837e+00 +9.0199837e+00 +1.1615311e+01 +1.1615311e+01 
-8.1228697e+00 -8.1228697e+00 +2.1505172e+00 +2.1505172e+00 +4.8946000e+00 +4.8946000e+00 +9.1933670e+00 +9.1933670e+00 +1.1590828e+01 +1.1590828e+01 
-8.1187796e+00 -8.1187796e+00 +2.1803194e+00 +2.1803194e+00 +4.7506321e+00 +4.7506321e+00 +9.3645114e+00 +9.3645114e+00 +1.1556328e+01 +1.1556328e+01 
-8.1145258e+00 -8.1145258e+00 +2.2111461e+00 +2.2111461e+00 +4.6149926e+00 +4.6149926e+00 +9.5316582e+00 +9.5316582e+00 +1.1511045e+01 +1.1511045e+01 
-8.1102593e+00 -8.1102593e+00 +2.2420871e+00 +2.2420871e+00 +4.4902113e+00 +4.4902113e+00 +9.6932226e+00 +9.6932226e+00 +1.1454872e+01 +1.1454872e+01 
-8.1061451e+00 -8.1061451e+00 +2.2719803e+00 +2.2719803e+00 +4.3787756e+00 +4.3787756e+00 +9.8474366e+00 +9.8474366e+00 +1.1388638e+01 +1.1388638e+01 
-8.1023597e+00 -8.1023597e+00 +2.2994236e+00 +2.2994236e+00 +4.2831495e+00 +4.2831495e+00 +9.9918049e+00 +9.9918049e+00 +1.1314575e+01 +1.1314575e+01 
-8.0990879e+00 -8.0990879e+00 +2.3228601e+00 +2.3228601e+00 +4.2057271e+00 +4.2057271e+00 +1.0122195e+01 +1.0122195e+01 +1.1237134e+01 +1.1237134e+01 
-8.0965202e+00 -8.0965202e+00 +2.3407601e+00 +2.3407601e+00 +4.1486961e+00 +4.1486961e+00 +1.0231337e+01 +1.0231337e+01 +1.1164366e+01 +1.1164366e+01 
-8.0948471e+00 -8.0948471e+00 +2.3518913e+00 +2.3518913e+00 +4.1138070e+00 +4.1138070e+00 +1.0307149e+01 +1.0307149e+01 +1.1109448e+01 +1.1109448e+01 
-8.0942517e+00 -8.0942517e+00 +2.3556151e+00 +2.3556151e+00 +4.1020964e+00 +4.1020964e+00 +1.0334767e+01 +1.0334767e+01 +1.1088509e+01 +1.1088509e+01 
-8.0948964e+00 -8.0948964e+00 +2.3520821e+00 +2.3520821e+00 +4.1136768e+00 +4.1136768e+00 +1.0308073e+01 +1.0308073e+01 +1.1108946e+01 +1.1108946e+01 
-8.0969080e+00 -8.0969080e+00 +2.3422459e+00 +2.3422459e+00 +4.1476572e+00 +4.1476572e+00 +1.0237921e+01 +1.0237921e+01 +1.1161172e+01 +1.1161172e+01 
-8.1003533e+00 -8.1003533e+00 +2.3276019e+00 +2.3276019e+00 +4.2023178e+00 +4.2023178e+00 +1.0141806e+01 +1.0141806e+01 +1.1228854e+01 +1.1228854e+01 
-8.1052262e+00 -8.1052262e+00 +2.3098182e+00 +2.3098182e+00 +4.2754061e+00 +4.2754061e+00 +1.0033210e+01 +1.0033210e+01 +1.1299564e+01 +1.1299564e+01 
-8.1114626e+00 -8.1114626e+00 +2.2903991e+00 +2.2903991e+00 +4.3645170e+00 +4.3645170e+00 +9.9204148e+00 +9.9204148e+00 +1.1365907e+01 +1.1365907e+01 
-8.1189939e+00 -8.1189939e+00 +2.2705291e+00 +2.2705291e+00 +4.4674526e+00 +4.4674526e+00 +9.8082768e+00 +9.8082768e+00 +1.1423668e+01 +1.1423668e+01 
-8.1278057e+00 -8.1278057e+00 +2.2511140e+00 +2.2511140e+00 +4.5824610e+00 +4.5824610e+00 +9.6996738e+00 +9.6996738e+00 +1.1470329e+01 +1.1470329e+01 
-8.1379445e+00 -8.1379445e+00 +2.2329049e+00 +2.2329049e+00 +4.7082869e+00 +4.7082869e+00 +9.5963830e+00 +9.5963830e+00 +1.1504266e+01 +1.1504266e+01 
-8.1494653e+00 -8.1494653e+00 +2.2165742e+00 +2.2165742e+00 +4.8440711e+00 +4.8440711e+00 +9.4995913e+00 +9.4995913e+00 +1.1524430e+01 +1.1524430e+01 
-8.1623660e+00 -8.1623660e+00 +2.2027097e+00 +2.2027097e+00 +4.9892013e+00 +4.9892013e+00 +9.4101673e+00 +9.4101673e+00 +1.1530332e+01 +1.1530332e+01 
-8.1765504e+00 -8.1765504e+00 +2.1917727e+00 +2.1917727e+00 +5.1431968e+00 +5.1431968e+00 +9.3287815e+00 +9.3287815e+00 +1.1522113e+01 +1.1522113e+01 
-8.1918212e+00 -8.1918212e+00 +2.1840673e+00 +2.1840673e+00 +5.3056447e+00 +5.3056447e+00 +9.2559462e+00 +9.2559462e+00 +1.1500575e+01 +1.1500575e+01 
-8.2078879e+00 -8.2078879e+00 +2.1797373e+00 +2.1797373e+00 +5.4761755e+00 +5.4761755e+00 +9.1920270e+00 +9.1920270e+00 +1.1467100e+01 +1.1467100e+01 
-8.2243821e+00 -8.2243821e+00 +2.1787828e+00 +2.1787828e+00 +5.6544540e+00 +5.6544540e+00 +9.1372538e+00 +9.1372538e+00 +1.1423487e+01 +1.1423487e+01 
-8.2408778e+00 -8.2408778e+00 +2.1810856e+00 +2.1810856e+00 +5.8401748e+00 +5.8401748e+00 +9.0917466e+00 +9.0917466e+00 +1.1371751e+01 +1.1371751e+01 
-8.2569225e+00 -8.2569225e+00 +2.1864347e+00 +2.1864347e+00 +6.0330568e+00 +6.0330568e+00 +9.0555580e+00 +9.0555580e+00 +1.1313949e+01 +1.1313949e+01 
-8.2720801e+00 -8.2720801e+00 +2.1945501e+00 +2.1945501e+00 +6.2328342e+00 +6.2328342e+00 +9.0287333e+00 +9.0287333e+00 +1.1252067e+01 +1.1252067e+01 
-8.2859803e+00 -8.2859803e+00 +2.2051025e+00 +2.2051025e+00 +6.4392439e+00 +6.4392439e+00 +9.0113775e+00 +9.0113775e+00 +1.1187955e+01 +1.1187955e+01 
-8.2983601e+00 -8.2983601e+00 +2.2177319e+00 +2.2177319e+00 +6.6520072e+00 +6.6520072e+00 +9.0037171e+00 +9.0037171e+00 +1.1123312e+01 +1.1123312e+01 
-8.3090839e+00 -8.3090839e+00 +2.2320644e+00 +2.2320644e+00 +6.8708029e+00 +6.8708029e+00 +9.0061389e+00 +9.0061389e+00 +1.1059689e+01 +1.1059689e+01 
-8.3181347e+00 -8.3181347e+00 +2.2477298e+00 +2.2477298e+00 +7.0952278e+00 +7.0952278e+00 +9.0191977e+00 +9.0191977e+00 +1.0998479e+01 +1.0998479e+01 
-8.3255855e+00 -8.3255855e+00 +2.2643753e+00 +2.2643753e+00 +7.3247373e+00 +7.3247373e+00 +9.0435981e+00 +9.0435981e+00 +1.0940881e+01 +1.0940881e+01 
-8.3315674e+00 -8.3315674e+00 +2.2816752e+00 +2.2816752e+00 +7.5585605e+00 +7.5585605e+00 +9.0801665e+00 +9.0801665e+00 +1.0887836e+01 +1.0887836e+01 
-8.3362439e+00 -8.3362439e+00 +2.2993320e+00 +2.2993320e+00 +7.7955798e+00 +7.7955798e+00 +9.1298344e+00 +9.1298344e+00 +1.0839941e+01 +1.0839941e+01 
-8.3397958e+00 -8.3397958e+00 +2.3170705e+00 +2.3170705e+00 +8.0341697e+00 +8.0341697e+00 +9.1936446e+00 +9.1936446e+00 +1.0797367e+01 +1.0797367e+01 
-8.3424117e+00 -8.3424117e+00 +2.3346259e+00 +2.3346259e+00 +8.2720076e+00 +8.2720076e+00 +9.2727602e+00 +9.2727602e+00 +1.0759796e+01 +1.0759796e+01 
-8.3442796e+00 -8.3442796e+00 +2.3517313e+00 +2.3517313e+00 +8.5059175e+00 +8.5059175e+00 +9.3683940e+00 +9.3683940e+00 +1.0726384e+01 +1.0726384e+01 
-8.3455772e+00 -8.3455772e+00 +2.3681095e+00 +2.3681095e+00 +8.7319393e+00 +8.7319393e+00 +9.4814423e+00 +9.4814423e+00 +1.0695748e+01 +1.0695748e+01 
-8.3464613e+00 -8.3464613e+00 +2.3834710e+00 +2.3834710e+00 +8.9459646e+00 +8.9459646e+00 +9.6114682e+00 +9.6114682e+00 +1.0665948e+01 +1.0665948e+01 
-8.3470602e+00 -8.3470602e+00 +2.3975215e+00 +2.3975215e+00 +9.1450938e+00 +9.1450938e+00 +9.7549240e+00 +9.7549240e+00 +1.0634468e+01 +1.0634468e+01 
-8.3474696e+00 -8.3474696e+00 +2.4099734e+00 +2.4099734e+00 +9.3288501e+00 +9.3288501e+00 +9.9036367e+00 +9.9036367e+00 +1.0598223e+01 +1.0598223e+01 
-8.3477546e+00 -8.3477546e+00 +2.4205602e+00 +2.4205602e+00 +9.4986720e+00 +9.4986720e+00 +1.0045444e+01 +1.0045444e+01 +1.0553802e+01 +1.0553802e+01 
-8.3479543e+00 -8.3479543e+00 +2.4290491e+00 +2.4290491e+00 +9.6555039e+00 +9.6555039e+00 +1.0167320e+01 +1.0167320e+01 +1.0498407e+01 +1.0498407e+01 
-8.3480892e+00 -8.3480892e+00 +2.4352515e+00 +2.4352515e+00 +9.7964221e+00 +9.7964221e+00 +1.0259047e+01 +1.0259047e+01 +1.0432477e+01 +1.0432477e+01 
-8.3481683e+00 -8.3481683e+00 +2.4390290e+00 +2.4390290e+00 +9.9085414e+00 +9.9085414e+00 +1.0315115e+01 +1.0315115e+01 +1.0366409e+01 +1.0366409e+01 
-8.3481945e+00 -8.3481945e+00 +2.4402976e+00 +2.4402976e+00 +9.9566558e+00 +9.9566558e+00 +1.0333811e+01 +1.0333811e+01 +1.0333856e+01 +1.0333856e+01 
-8.1399642e+00 -8.1399642e+00 +2.0052764e+00 +2.0052764e+00 +5.9402190e+00 +5.9402190e+00 +8.0283477e+00 +8.0283477e+00 +1.1632848e+01 +1.1632848e+01 
-8.1579523e+00 -8.1238403e+00 +1.9665787e+00 +2.0527326e+00 +5.7893701e+00 +6.0959262e+00 +7.8899437e+00 +8.1739075e+00 +1.1367812e+01 +1.1682289e+01 
-8.1775650e+00 -8.1097629e+00 +1.9365896e+00 +2.1089308e+00 +5.6432836e+00 +6.2565087e+00 +7.7585170e+00 +8.3267991e+00 +1.1035246e+01 +1.1480452e+01 
-8.1984976e+00 -8.0978326e+00 +1.9152012e+00 +2.1737797e+00 +5.5018149e+00 +6.4218539e+00 +7.6339041e+00 +8.4871701e+00 +1.0688604e+01 +1.1187903e+01 
-8.2203465e+00 -8.0880099e+00 +1.9022523e+00 +2.2471088e+00 +5.3647856e+00 +6.5916374e+00 +7.5159648e+00 +8.6551152e+00 +1.0341645e+01 +1.0881458e+01 
-8.2425630e+00 -8.0800293e+00 +1.8975302e+00 +2.3286766e+00 +5.2319897e+00 +6.7651961e+00 +7.4045848e+00 +8.8306705e+00 +9.9980386e+00 +1.0581750e+01 
-8.2644159e+00 -8.0733207e+00 +1.9007699e+00 +2.4181954e+00 +5.1031979e+00 +6.9413178e+00 +7.2996751e+00 +9.0138412e+00 +9.6591104e+00 +1.0294703e+01 
-8.2849949e+00 -8.0670085e+00 +1.9116532e+00 +2.5153736e+00 +4.9781667e+00 +7.1178321e+00 +7.2011693e+00 +9.2046575e+00 +9.3265506e+00 +1.0022216e+01 
-8.3032893e+00 -8.0600685e+00 +1.9298097e+00 +2.6199612e+00 +4.8566588e+00 +7.1090209e+00 +7.2905757e+00 +9.0043429e+00 +9.4032288e+00 +9.7649969e+00 
-8.3183615e+00 -8.0516499e+00 +1.9548181e+00 +2.7317862e+00 +4.7384765e+00 +7.0232005e+00 +7.4501120e+00 +8.7024207e+00 +9.5234265e+00 +9.6097669e+00 
-8.3295855e+00 -8.0414097e+00 +1.9862023e+00 +2.8507709e+00 +4.6235005e+00 +6.9436924e+00 +7.5700311e+00 +8.4484028e+00 +9.2978269e+00 +9.8245785e+00 
-8.3368389e+00 -8.0296310e+00 +2.0234184e+00 +2.9769280e+00 +4.5117255e+00 +6.8704918e+00 +7.5805901e+00 +8.3137104e+00 +9.0885309e+00 +1.0048043e+01 
-8.3405117e+00 -8.0170452e+00 +2.0658295e+00 +3.1103325e+00 +4.4032853e+00 +6.8036017e+00 +7.4301403e+00 +8.3517372e+00 +8.8958852e+00 +1.0280597e+01 
-8.3413148e+00 -8.0045074e+00 +2.1126692e+00 +3.2510711e+00 +4.2984766e+00 +6.7430307e+00 +7.1920826e+00 +8.4904955e+00 +8.7202395e+00 +1.0522723e+01 
-8.3400298e+00 -7.9927352e+00 +2.1629974e+00 +3.3991737e+00 +4.1977883e+00 +6.6887904e+00 +6.9291650e+00 +8.5619378e+00 +8.6680559e+00 +1.0774962e+01 
-8.3373470e+00 -7.9822009e+00 +2.2156452e+00 +3.5545425e+00 +4.1019506e+00 +6.6408940e+00 +6.6631693e+00 +8.4213140e+00 +8.8627498e+00 +1.1037915e+01 
-8.3338265e+00 -7.9731435e+00 +2.2691488e+00 +3.7168733e+00 +4.0120051e+00 +6.4016712e+00 +6.5993548e+00 +8.2986877e+00 +9.0663639e+00 +1.1312259e+01 
-8.3299284e+00 -7.9656344e+00 +2.3216729e+00 +3.8855283e+00 +3.9293909e+00 +6.1479884e+00 +6.5641846e+00 +8.1943581e+00 +9.2740779e+00 +1.1598724e+01 
-8.3260549e+00 -7.9596462e+00 +2.3709398e+00 +3.8560280e+00 +4.0592465e+00 +5.9043884e+00 +6.5353944e+00 +8.1085959e+00 +9.4809080e+00 +1.1898016e+01 
-8.3225731e+00 -7.9551068e+00 +2.4142106e+00 +3.7943488e+00 +4.2353516e+00 +5.6738893e+00 +6.5129929e+00 +8.0416351e+00 +9.6792063e+00 +1.2058504e+01 
-8.3198112e+00 -7.9519349e+00 +2.4484071e+00 +3.7471844e+00 +4.4072529e+00 +5.4631591e+00 +6.4969870e+00 +7.9936656e+00 +9.8552072e+00 +1.1813236e+01 
-8.3180361e+00 -7.9500619e+00 +2.4704944e+00 +3.7173894e+00 +4.5554619e+00 +5.2916729e+00 +6.4873816e+00 +7.9648270e+00 +9.9844717e+00 +1.1643144e+01 
-8.3174238e+00 -7.9494427e+00 +2.4781510e+00 +3.7071758e+00 +4.6234680e+00 +5.2159119e+00 +6.4841795e+00 +7.9552046e+00 +1.0033674e+01 +1.1580452e+01 
-8.1973992e+00 -8.1973861e+00 +2.5757516e+00 +4.5928082e+00 +4.5929026e+00 +4.6067930e+00 +4.6069108e+00 +8.4384082e+00 +9.1276137e+00 +1.4323620e+01 
-8.1968648e+00 -8.1968517e+00 +2.5788662e+00 +4.4095882e+00 +4.4096904e+00 +4.7974228e+00 +4.7975327e+00 +8.3440346e+00 +9.2290688e+00 +1.4319444e+01 
-8.1952509e+00 -8.1952379e+00 +2.5882109e+00 +4.2271518e+00 +4.2272506e+00 +5.0020976e+00 +5.0022104e+00 +8.1431558e+00 +9.4512259e+00 +1.4307209e+01 
-8.1925416e+00 -8.1925287e+00 +2.6037885e+00 +4.0524421e+00 +4.0525372e+00 +5.2139010e+00 +5.2140167e+00 +7.9112475e+00 +9.7187265e+00 +1.4287677e+01 
-8.1887542e+00 -8.1887413e+00 +2.6256041e+00 +3.8856744e+00 +3.8857655e+00 +5.4326659e+00 +5.4327844e+00 +7.6711589e+00 +1.0008964e+01 +1.4261790e+01 
-8.1839801e+00 -8.1839673e+00 +2.6536657e+00 +3.7270360e+00 +3.7271230e+00 +5.6582774e+00 +5.6583984e+00 +7.4299278e+00 +1.0315330e+01 +1.4230292e+01 
-8.1784131e+00 -8.1784002e+00 +2.6879849e+00 +3.5767007e+00 +3.5767834e+00 +5.8906600e+00 +5.8907834e+00 +7.1902563e+00 +1.0635807e+01 +1.4193383e+01 
-8.1723548e+00 -8.1723418e+00 +2.7285786e+00 +3.4348225e+00 +3.4349008e+00 +6.1297837e+00 +6.1299093e+00 +6.9534823e+00 +1.0970054e+01 +1.4150474e+01 
-8.1661969e+00 -8.1661837e+00 +2.7754698e+00 +3.3015233e+00 +3.3015971e+00 +6.3756711e+00 +6.3757987e+00 +6.7204876e+00 +1.1318550e+01 +1.4100044e+01 
-8.1603744e+00 -8.1603611e+00 +2.8286889e+00 +3.1768772e+00 +3.1769464e+00 +6.4919943e+00 +6.6284012e+00 +6.6285306e+00 +1.1682327e+01 +1.4039578e+01 
-8.1552852e+00 -8.1552717e+00 +2.8882740e+00 +3.0608953e+00 +3.0609598e+00 +6.2686463e+00 +6.8881065e+00 +6.8882377e+00 +1.2062932e+01 +1.3965557e+01 
-8.1511684e+00 -8.1511548e+00 +2.9535187e+00 +2.9535783e+00 +2.9542680e+00 +6.0510098e+00 +7.1549587e+00 +7.1550915e+00 +1.2462495e+01 +1.3873450e+01 
-8.1479590e+00 -8.1479456e+00 +2.8546301e+00 +2.8546848e+00 +3.0267117e+00 +5.8395548e+00 +7.4291396e+00 +7.4292741e+00 +1.2883881e+01 +1.3757770e+01 
-8.1451859e+00 -8.1451728e+00 +2.7640989e+00 +2.7641485e+00 +3.1056299e+00 +5.6346412e+00 +7.7108063e+00 +7.7109423e+00 +1.3330909e+01 +1.3612362e+01 
-8.1420298e+00 -8.1420175e+00 +2.6818576e+00 +2.6819021e+00 +3.1910160e+00 +5.4365189e+00 +8.0000646e+00 +8.0002021e+00 +1.3431083e+01 +1.3431186e+01 
-8.1376194e+00 -8.1376084e+00 +2.6079858e+00 +2.6080250e+00 +3.2828222e+00 +5.2453401e+00 +8.2969691e+00 +8.2971081e+00 +1.3208995e+01 +1.3209115e+01 
-8.1314596e+00 -8.1314501e+00 +2.5427508e+00 +2.5427846e+00 +3.3809721e+00 +5.0611773e+00 +8.6015398e+00 +8.6016801e+00 +1.2943951e+01 +1.2944085e+01 
-8.1237184e+00 -8.1237107e+00 +2.4865727e+00 +2.4866010e+00 +3.4853937e+00 +4.8840438e+00 +8.9137241e+00 +8.9138654e+00 +1.2638140e+01 +1.2638283e+01 
-8.1151862e+00 -8.1151802e+00 +2.4399267e+00 +2.4399494e+00 +3.5960553e+00 +4.7139117e+00 +9.2331326e+00 +9.2332742e+00 +1.2299004e+01 +1.2299152e+01 
-8.1069811e+00 -8.1069768e+00 +2.4032416e+00 +2.4032587e+00 +3.7129793e+00 +4.5507265e+00 +9.5580935e+00 +9.5582337e+00 +1.1939337e+01 +1.1939484e+01 
-8.1002195e+00 -8.1002167e+00 +2.3768400e+00 +2.3768515e+00 +3.8362323e+00 +4.3944171e+00 +9.8823393e+00 +9.8824733e+00 +1.1578249e+01 +1.1578389e+01 
-8.0957909e+00 -8.0957895e+00 +2.3609282e+00 +2.3609339e+00 +3.9659052e+00 +4.2449029e+00 +1.0180230e+01 +1.0180337e+01 +1.1252992e+01 +1.1253103e+01 
-8.0942517e+00 -8.0942517e+00 +2.3556151e+00 +2.3556151e+00 +4.1020964e+00 +4.1020964e+00 +1.0334767e+01 +1.0334767e+01 +1.1088509e+01 +1.1088509e+01 
