# num high symmetry points
8
# label high symmetry points
G X M G R X M R 
# indices high symmetry points
1 23 45 76 114 145 146 168 
# nk, nb, ns
168 36 1
# k-points (frac coords)
+0.0000000e+00 +0.0000000e+00 +0.0000000e+00 
+0.0000000e+00 +2.2727273e-02 +0.0000000e+00 
+0.0000000e+00 +4.5454545e-02 +0.0000000e+00 
+0.0000000e+00 +6.8181818e-02 +0.0000000e+00 
+0.0000000e+00 +9.0909091e-02 +0.0000000e+00 
+0.0000000e+00 +1.1363636e-01 +0.0000000e+00 
+0.0000000e+00 +1.3636364e-01 +0.0000000e+00 
+0.0000000e+00 +1.5909091e-01 +0.0000000e+00 
+0.0000000e+00 +1.8181818e-01 +0.0000000e+00 
+0.0000000e+00 +2.0454545e-01 +0.0000000e+00 
+0.0000000e+00 +2.2727273e-01 +0.0000000e+00 
+0.0000000e+00 +2.5000000e-01 +0.0000000e+00 
+0.0000000e+00 +2.7272727e-01 +0.0000000e+00 
+0.0000000e+00 +2.9545455e-01 +0.0000000e+00 
+0.0000000e+00 +3.1818182e-01 +0.0000000e+00 
+0.0000000e+00 +3.4090909e-01 +0.0000000e+00 
+0.0000000e+00 +3.6363636e-01 +0.0000000e+00 
+0.0000000e+00 +3.8636364e-01 +0.0000000e+00 
+0.0000000e+00 +4.0909091e-01 +0.0000000e+00 
+0.0000000e+00 +4.3181818e-01 +0.0000000e+00 
+0.0000000e+00 +4.5454545e-01 +0.0000000e+00 
+0.0000000e+00 +4.7727273e-01 +0.0000000e+00 
+0.0000000e+00 +5.0000000e-01 +0.0000000e+00 
+2.2727273e-02 +5.0000000e-01 +0.0000000e+00 
+4.5454545e-02 +5.0000000e-01 +0.0000000e+00 
+6.8181818e-02 +5.0000000e-01 +0.0000000e+00 
+9.0909091e-02 +5.0000000e-01 +0.0000000e+00 
+1.1363636e-01 +5.0000000e-01 +0.0000000e+00 
+1.3636364e-01 +5.0000000e-01 +0.0000000e+00 
+1.5909091e-01 +5.0000000e-01 +0.0000000e+00 
+1.8181818e-01 +5.0000000e-01 +0.0000000e+00 
+2.0454545e-01 +5.0000000e-01 +0.0000000e+00 
+2.2727273e-01 +5.0000000e-01 +0.0000000e+00 
+2.5000000e-01 +5.0000000e-01 +0.0000000e+00 
+2.7272727e-01 +5.0000000e-01 +0.0000000e+00 
+2.9545455e-01 +5.0000000e-01 +0.0000000e+00 
+3.1818182e-01 +5.0000000e-01 +0.0000000e+00 
+3.4090909e-01 +5.0000000e-01 +0.0000000e+00 
+3.6363636e-01 +5.0000000e-01 +0.0000000e+00 
+3.8636364e-01 +5.0000000e-01 +0.0000000e+00 
+4.0909091e-01 +5.0000000e-01 +0.0000000e+00 
+4.3181818e-01 +5.0000000e-01 +0.0000000e+00 
+4.5454545e-01 +5.0000000e-01 +0.0000000e+00 
+4.7727273e-01 +5.0000000e-01 +0.0000000e+00 
+5.0000000e-01 +5.0000000e-01 +0.0000000e+00 
+4.8387097e-01 +4.8387097e-01 +0.0000000e+00 
+4.6774194e-01 +4.6774194e-01 +0.0000000e+00 
+4.5161290e-01 +4.5161290e-01 +0.0000000e+00 
+4.3548387e-01 +4.3548387e-01 +0.0000000e+00 
+4.1935484e-01 +4.1935484e-01 +0.0000000e+00 
+4.0322581e-01 +4.0322581e-01 +0.0000000e+00 
+3.8709677e-01 +3.8709677e-01 +0.0000000e+00 
+3.7096774e-01 +3.7096774e-01 +0.0000000e+00 
+3.5483871e-01 +3.5483871e-01 +0.0000000e+00 
+3.3870968e-01 +3.3870968e-01 +0.0000000e+00 
+3.2258065e-01 +3.2258065e-01 +0.0000000e+00 
+3.0645161e-01 +3.0645161e-01 +0.0000000e+00 
+2.9032258e-01 +2.9032258e-01 +0.0000000e+00 
+2.7419355e-01 +2.7419355e-01 +0.0000000e+00 
+2.5806452e-01 +2.5806452e-01 +0.0000000e+00 
+2.4193548e-01 +2.4193548e-01 +0.0000000e+00 
+2.2580645e-01 +2.2580645e-01 +0.0000000e+00 
+2.0967742e-01 +2.0967742e-01 +0.0000000e+00 
+1.9354839e-01 +1.9354839e-01 +0.0000000e+00 
+1.7741935e-01 +1.7741935e-01 +0.0000000e+00 
+1.6129032e-01 +1.6129032e-01 +0.0000000e+00 
+1.4516129e-01 +1.4516129e-01 +0.0000000e+00 
+1.2903226e-01 +1.2903226e-01 +0.0000000e+00 
+1.1290323e-01 +1.1290323e-01 +0.0000000e+00 
+9.6774194e-02 +9.6774194e-02 +0.0000000e+00 
+8.0645161e-02 +8.0645161e-02 +0.0000000e+00 
+6.4516129e-02 +6.4516129e-02 +0.0000000e+00 
+4.8387097e-02 +4.8387097e-02 +0.0000000e+00 
+3.2258065e-02 +3.2258065e-02 +0.0000000e+00 
+1.6129032e-02 +1.6129032e-02 +0.0000000e+00 
+0.0000000e+00 +0.0000000e+00 +0.0000000e+00 
+1.3157895e-02 +1.3157895e-02 +1.3157895e-02 
+2.6315789e-02 +2.6315789e-02 +2.6315789e-02 
+3.9473684e-02 +3.9473684e-02 +3.9473684e-02 
+5.2631579e-02 +5.2631579e-02 +5.2631579e-02 
+6.5789474e-02 +6.5789474e-02 +6.5789474e-02 
+7.8947368e-02 +7.8947368e-02 +7.8947368e-02 
+9.2105263e-02 +9.2105263e-02 +9.2105263e-02 
+1.0526316e-01 +1.0526316e-01 +1.0526316e-01 
+1.1842105e-01 +1.1842105e-01 +1.1842105e-01 
+1.3157895e-01 +1.3157895e-01 +1.3157895e-01 
+1.4473684e-01 +1.4473684e-01 +1.4473684e-01 
+1.5789474e-01 +1.5789474e-01 +1.5789474e-01 
+1.7105263e-01 +1.7105263e-01 +1.7105263e-01 
+1.8421053e-01 +1.8421053e-01 +1.8421053e-01 
+1.9736842e-01 +1.9736842e-01 +1.9736842e-01 
+2.1052632e-01 +2.1052632e-01 +2.1052632e-01 
+2.2368421e-01 +2.2368421e-01 +2.2368421e-01 
+2.3684211e-01 +2.3684211e-01 +2.3684211e-01 
+2.5000000e-01 +2.5000000e-01 +2.5000000e-01 
+2.6315789e-01 +2.6315789e-01 +2.6315789e-01 
+2.7631579e-01 +2.7631579e-01 +2.7631579e-01 
+2.8947368e-01 +2.8947368e-01 +2.8947368e-01 
+3.0263158e-01 +3.0263158e-01 +3.0263158e-01 
+3.1578947e-01 +3.1578947e-01 +3.1578947e-01 
+3.2894737e-01 +3.2894737e-01 +3.2894737e-01 
+3.4210526e-01 +3.4210526e-01 +3.4210526e-01 
+3.5526316e-01 +3.5526316e-01 +3.5526316e-01 
+3.6842105e-01 +3.6842105e-01 +3.6842105e-01 
+3.8157895e-01 +3.8157895e-01 +3.8157895e-01 
+3.9473684e-01 +3.9473684e-01 +3.9473684e-01 
+4.0789474e-01 +4.0789474e-01 +4.0789474e-01 
+4.2105263e-01 +4.2105263e-01 +4.2105263e-01 
+4.3421053e-01 +4.3421053e-01 +4.3421053e-01 
+4.4736842e-01 +4.4736842e-01 +4.4736842e-01 
+4.6052632e-01 +4.6052632e-01 +4.6052632e-01 
+4.7368421e-01 +4.7368421e-01 +4.7368421e-01 
+4.8684211e-01 +4.8684211e-01 +4.8684211e-01 
+5.0000000e-01 +5.0000000e-01 +5.0000000e-01 
+4.8387097e-01 +5.0000000e-01 +4.8387097e-01 
+4.6774194e-01 +5.0000000e-01 +4.6774194e-01 
+4.5161290e-01 +5.0000000e-01 +4.5161290e-01 
+4.3548387e-01 +5.0000000e-01 +4.3548387e-01 
+4.1935484e-01 +5.0000000e-01 +4.1935484e-01 
+4.0322581e-01 +5.0000000e-01 +4.0322581e-01 
+3.8709677e-01 +5.0000000e-01 +3.8709677e-01 
+3.7096774e-01 +5.0000000e-01 +3.7096774e-01 
+3.5483871e-01 +5.0000000e-01 +3.5483871e-01 
+3.3870968e-01 +5.0000000e-01 +3.3870968e-01 
+3.2258065e-01 +5.0000000e-01 +3.2258065e-01 
+3.0645161e-01 +5.0000000e-01 +3.0645161e-01 
+2.9032258e-01 +5.0000000e-01 +2.9032258e-01 
+2.7419355e-01 +5.0000000e-01 +2.7419355e-01 
+2.5806452e-01 +5.0000000e-01 +2.5806452e-01 
+2.4193548e-01 +5.0000000e-01 +2.4193548e-01 
+2.2580645e-01 +5.0000000e-01 +2.2580645e-01 
+2.0967742e-01 +5.0000000e-01 +2.0967742e-01 
+1.9354839e-01 +5.0000000e-01 +1.9354839e-01 
+1.7741935e-01 +5.0000000e-01 +1.7741935e-01 
+1.6129032e-01 +5.0000000e-01 +1.6129032e-01 
+1.4516129e-01 +5.0000000e-01 +1.4516129e-01 
+1.2903226e-01 +5.0000000e-01 +1.2903226e-01 
+1.1290323e-01 +5.0000000e-01 +1.1290323e-01 
+9.6774194e-02 +5.0000000e-01 +9.6774194e-02 
+8.0645161e-02 +5.0000000e-01 +8.0645161e-02 
+6.4516129e-02 +5.0000000e-01 +6.4516129e-02 
+4.8387097e-02 +5.0000000e-01 +4.8387097e-02 
+3.2258065e-02 +5.0000000e-01 +3.2258065e-02 
+1.6129032e-02 +5.0000000e-01 +1.6129032e-02 
+0.0000000e+00 +5.0000000e-01 +0.0000000e+00 
+5.0000000e-01 +5.0000000e-01 +0.0000000e+00 
+5.0000000e-01 +5.0000000e-01 +2.2727273e-02 
+5.0000000e-01 +5.0000000e-01 +4.5454545e-02 
+5.0000000e-01 +5.0000000e-01 +6.8181818e-02 
+5.0000000e-01 +5.0000000e-01 +9.0909091e-02 
+5.0000000e-01 +5.0000000e-01 +1.1363636e-01 
+5.0000000e-01 +5.0000000e-01 +1.3636364e-01 
+5.0000000e-01 +5.0000000e-01 +1.5909091e-01 
+5.0000000e-01 +5.0000000e-01 +1.8181818e-01 
+5.0000000e-01 +5.0000000e-01 +2.0454545e-01 
+5.0000000e-01 +5.0000000e-01 +2.2727273e-01 
+5.0000000e-01 +5.0000000e-01 +2.5000000e-01 
+5.0000000e-01 +5.0000000e-01 +2.7272727e-01 
+5.0000000e-01 +5.0000000e-01 +2.9545455e-01 
+5.0000000e-01 +5.0000000e-01 +3.1818182e-01 
+5.0000000e-01 +5.0000000e-01 +3.4090909e-01 
+5.0000000e-01 +5.0000000e-01 +3.6363636e-01 
+5.0000000e-01 +5.0000000e-01 +3.8636364e-01 
+5.0000000e-01 +5.0000000e-01 +4.0909091e-01 
+5.0000000e-01 +5.0000000e-01 +4.3181818e-01 
+5.0000000e-01 +5.0000000e-01 +4.5454545e-01 
+5.0000000e-01 +5.0000000e-01 +4.7727273e-01 
+5.0000000e-01 +5.0000000e-01 +5.0000000e-01 
# energies (kpt,band,spin)
# spin = 1
-1.7260852e+01 -1.7260852e+01 -1.7260852e+01 -1.7176098e+01 -1.7176098e+01 -1.7176098e+01 -1.7127131e+01 -1.7127131e+01 -1.7127131e+01 -1.7004100e+01 -1.7004100e+01 -1.6897644e+01 -1.6897644e+01 -1.6897644e+01 -1.6864568e+01 -1.6864568e+01 -1.6864568e+01 -1.6864568e+01 -1.6864568e+01 -1.6864568e+01 -1.1497691e+01 -6.9804638e+00 -6.9804638e+00 -6.9804638e+00 -3.0568744e+00 -3.0568744e+00 -3.0568744e+00 +2.0930303e+00 +2.0930303e+00 +2.0930303e+00 +2.0930303e+00 +2.0930303e+00 +2.0930303e+00 +6.7130719e+00 +6.7130719e+00 +6.7130720e+00 
-1.7260678e+01 -1.7260387e+01 -1.7260387e+01 -1.7175839e+01 -1.7175825e+01 -1.7175825e+01 -1.7127299e+01 -1.7126813e+01 -1.7126813e+01 -1.7004264e+01 -1.7003962e+01 -1.6897835e+01 -1.6897835e+01 -1.6897749e+01 -1.6865094e+01 -1.6865094e+01 -1.6864929e+01 -1.6864929e+01 -1.6864574e+01 -1.6864574e+01 -1.1494632e+01 -6.9967913e+00 -6.9800233e+00 -6.9800232e+00 -3.0531339e+00 -3.0531338e+00 -3.0358866e+00 +2.0731080e+00 +2.0731080e+00 +2.0768095e+00 +2.0768095e+00 +2.0960757e+00 +2.0960757e+00 +6.7157958e+00 +6.7533774e+00 +6.7533774e+00 
-1.7260154e+01 -1.7258992e+01 -1.7258992e+01 -1.7175061e+01 -1.7175005e+01 -1.7175005e+01 -1.7127802e+01 -1.7125861e+01 -1.7125861e+01 -1.7004753e+01 -1.7003549e+01 -1.6898418e+01 -1.6898418e+01 -1.6898072e+01 -1.6866683e+01 -1.6866683e+01 -1.6866009e+01 -1.6866009e+01 -1.6864592e+01 -1.6864592e+01 -1.1485442e+01 -7.0447191e+00 -6.9787088e+00 -6.9787088e+00 -3.0418683e+00 -3.0418682e+00 -2.9739880e+00 +2.0150484e+00 +2.0150484e+00 +2.0295158e+00 +2.0295159e+00 +2.1052337e+00 +2.1052337e+00 +6.7240301e+00 +6.8722410e+00 +6.8722411e+00 
-1.7259285e+01 -1.7256674e+01 -1.7256674e+01 -1.7173770e+01 -1.7173647e+01 -1.7173647e+01 -1.7128636e+01 -1.7124279e+01 -1.7124278e+01 -1.7005557e+01 -1.7002863e+01 -1.6899415e+01 -1.6899415e+01 -1.6898622e+01 -1.6869359e+01 -1.6869359e+01 -1.6867799e+01 -1.6867799e+01 -1.6864621e+01 -1.6864621e+01 -1.1470086e+01 -7.1213531e+00 -6.9765421e+00 -6.9765421e+00 -3.0229899e+00 -3.0229899e+00 -2.8741026e+00 +1.9233967e+00 +1.9233967e+00 +1.9549109e+00 +1.9549109e+00 +2.1205764e+00 +2.1205764e+00 +6.7379636e+00 +6.9561966e+00 +7.0080928e+00 
-1.7258074e+01 -1.7253446e+01 -1.7253446e+01 -1.7171975e+01 -1.7171762e+01 -1.7171762e+01 -1.7129796e+01 -1.7122072e+01 -1.7122072e+01 -1.7006660e+01 -1.7001907e+01 -1.6900854e+01 -1.6900854e+01 -1.6899416e+01 -1.6873130e+01 -1.6873130e+01 -1.6870288e+01 -1.6870288e+01 -1.6864663e+01 -1.6864663e+01 -1.1448521e+01 -7.2226251e+00 -6.9735579e+00 -6.9735579e+00 -2.9964386e+00 -2.9964386e+00 -2.7403500e+00 +1.8041987e+00 +1.8041988e+00 +1.8582854e+00 +1.8582854e+00 +2.1422428e+00 +2.1422429e+00 +6.7579149e+00 +6.8306167e+00 +6.9188002e+00 
-1.7256528e+01 -1.7249322e+01 -1.7249322e+01 -1.7169689e+01 -1.7169366e+01 -1.7169366e+01 -1.7131277e+01 -1.7119252e+01 -1.7119252e+01 -1.7008052e+01 -1.7000686e+01 -1.6902757e+01 -1.6902757e+01 -1.6900463e+01 -1.6877982e+01 -1.6877982e+01 -1.6873455e+01 -1.6873455e+01 -1.6864716e+01 -1.6864716e+01 -1.1420707e+01 -7.3440361e+00 -6.9698042e+00 -6.9698042e+00 -2.9622079e+00 -2.9622078e+00 -2.5773021e+00 +1.6636675e+00 +1.6636675e+00 +1.7454586e+00 +1.7454586e+00 +2.1704571e+00 +2.1704571e+00 +6.6766520e+00 +6.7843370e+00 +6.8080652e+00 
-1.7254654e+01 -1.7244323e+01 -1.7244323e+01 -1.7166927e+01 -1.7166480e+01 -1.7166480e+01 -1.7133069e+01 -1.7115829e+01 -1.7115829e+01 -1.7009728e+01 -1.6999207e+01 -1.6905131e+01 -1.6905131e+01 -1.6901772e+01 -1.6883884e+01 -1.6883884e+01 -1.6877279e+01 -1.6877279e+01 -1.6864781e+01 -1.6864781e+01 -1.1386611e+01 -7.4812312e+00 -6.9653420e+00 -6.9653420e+00 -2.9203340e+00 -2.9203340e+00 -2.3894098e+00 +1.5073338e+00 +1.5073338e+00 +1.6219811e+00 +1.6219812e+00 +2.2055339e+00 +2.2055339e+00 +6.4971900e+00 +6.6785126e+00 +6.6785126e+00 
-1.7252463e+01 -1.7238472e+01 -1.7238472e+01 -1.7163708e+01 -1.7163132e+01 -1.7163132e+01 -1.7135163e+01 -1.7111819e+01 -1.7111819e+01 -1.7011694e+01 -1.6997476e+01 -1.6907969e+01 -1.6907969e+01 -1.6903344e+01 -1.6890791e+01 -1.6890791e+01 -1.6881731e+01 -1.6881731e+01 -1.6864858e+01 -1.6864858e+01 -1.1346216e+01 -7.6303253e+00 -6.9602459e+00 -6.9602459e+00 -2.8708785e+00 -2.8708785e+00 -2.1806800e+00 +1.3397184e+00 +1.3397184e+00 +1.4926863e+00 +1.4926863e+00 +2.2478607e+00 +2.2478608e+00 +6.2941238e+00 +6.5329385e+00 +6.5329385e+00 
-1.7249965e+01 -1.7231794e+01 -1.7231794e+01 -1.7160055e+01 -1.7159355e+01 -1.7159355e+01 -1.7137546e+01 -1.7107240e+01 -1.7107240e+01 -1.7013973e+01 -1.6995504e+01 -1.6911244e+01 -1.6911244e+01 -1.6905172e+01 -1.6898655e+01 -1.6898655e+01 -1.6886779e+01 -1.6886779e+01 -1.6864946e+01 -1.6864946e+01 -1.1299524e+01 -7.7880216e+00 -6.9546049e+00 -6.9546049e+00 -2.8139169e+00 -2.8139169e+00 -1.9545581e+00 +1.1643402e+00 +1.1643402e+00 +1.3615515e+00 +1.3615515e+00 +2.2978534e+00 +2.2978535e+00 +6.0689204e+00 +6.3741445e+00 +6.3741445e+00 
-1.7247174e+01 -1.7224320e+01 -1.7224320e+01 -1.7155992e+01 -1.7155194e+01 -1.7155194e+01 -1.7140207e+01 -1.7102111e+01 -1.7102111e+01 -1.7016596e+01 -1.6993299e+01 -1.6914916e+01 -1.6914916e+01 -1.6907419e+01 -1.6907419e+01 -1.6907250e+01 -1.6892392e+01 -1.6892392e+01 -1.6865045e+01 -1.6865045e+01 -1.1246554e+01 -7.9516029e+00 -6.9485226e+00 -6.9485226e+00 -2.7495336e+00 -2.7495336e+00 -1.7139382e+00 +9.8387447e-01 +9.8387450e-01 +1.2317499e+00 +1.2317500e+00 +2.3558944e+00 +2.3558944e+00 +5.8235855e+00 +6.2048024e+00 +6.2048024e+00 
-1.7244105e+01 -1.7216080e+01 -1.7216080e+01 -1.7151548e+01 -1.7150697e+01 -1.7150697e+01 -1.7143130e+01 -1.7096457e+01 -1.7096457e+01 -1.7019593e+01 -1.6990874e+01 -1.6918932e+01 -1.6918932e+01 -1.6917023e+01 -1.6917023e+01 -1.6909566e+01 -1.6898536e+01 -1.6898536e+01 -1.6865154e+01 -1.6865154e+01 -1.1187340e+01 -8.1188645e+00 -6.9421157e+00 -6.9421157e+00 -2.6778204e+00 -2.6778204e+00 -1.4612306e+00 +8.0034434e-01 +8.0034437e-01 +1.1057790e+00 +1.1057791e+00 +2.4222727e+00 +2.4222727e+00 +5.5612224e+00 +6.0273626e+00 +6.0273627e+00 
-1.7240773e+01 -1.7207108e+01 -1.7207108e+01 -1.7146754e+01 -1.7146302e+01 -1.7145926e+01 -1.7145926e+01 -1.7090302e+01 -1.7090302e+01 -1.7022986e+01 -1.6988240e+01 -1.6927404e+01 -1.6927404e+01 -1.6923232e+01 -1.6923232e+01 -1.6912106e+01 -1.6905173e+01 -1.6905173e+01 -1.6865272e+01 -1.6865272e+01 -1.1121923e+01 -8.2880285e+00 -6.9355125e+00 -6.9355125e+00 -2.5988761e+00 -2.5988761e+00 -1.1984431e+00 +6.1529203e-01 +6.1529206e-01 +9.8559614e-01 +9.8559615e-01 +2.4971464e+00 +2.4971465e+00 +5.2857525e+00 +5.8440088e+00 +5.8440088e+00 
-1.7237197e+01 -1.7197441e+01 -1.7197441e+01 -1.7149707e+01 -1.7141642e+01 -1.7140951e+01 -1.7140951e+01 -1.7083676e+01 -1.7083676e+01 -1.7026779e+01 -1.6985411e+01 -1.6938496e+01 -1.6938496e+01 -1.6927747e+01 -1.6927747e+01 -1.6914856e+01 -1.6912270e+01 -1.6912270e+01 -1.6865396e+01 -1.6865396e+01 -1.1050347e+01 -8.4576634e+00 -6.9288495e+00 -6.9288495e+00 -2.5128072e+00 -2.5128072e+00 -9.2725594e-01 +4.2991474e-01 +4.2991477e-01 +8.7273221e-01 +8.7273223e-01 +2.5805364e+00 +2.5805364e+00 +5.0011240e+00 +5.6566523e+00 +5.6566523e+00 
-1.7233395e+01 -1.7187116e+01 -1.7187116e+01 -1.7153329e+01 -1.7136247e+01 -1.7135855e+01 -1.7135855e+01 -1.7076609e+01 -1.7076609e+01 -1.7030958e+01 -1.6982401e+01 -1.6950228e+01 -1.6950228e+01 -1.6932398e+01 -1.6932398e+01 -1.6919787e+01 -1.6919787e+01 -1.6917798e+01 -1.6865526e+01 -1.6865526e+01 -1.0972650e+01 -8.6266145e+00 -6.9222682e+00 -6.9222682e+00 -2.4197288e+00 -2.4197288e+00 -6.4908106e-01 +2.4516471e-01 +2.4516474e-01 +7.6837897e-01 +7.6837898e-01 +2.6723465e+00 +2.6723466e+00 +4.7106176e+00 +5.4669538e+00 +5.4669539e+00 
-1.7229389e+01 -1.7176175e+01 -1.7176174e+01 -1.7157151e+01 -1.7130733e+01 -1.7130733e+01 -1.7130605e+01 -1.7069134e+01 -1.7069134e+01 -1.7035501e+01 -1.6979226e+01 -1.6962530e+01 -1.6962530e+01 -1.6937095e+01 -1.6937095e+01 -1.6927686e+01 -1.6927686e+01 -1.6920917e+01 -1.6865658e+01 -1.6865658e+01 -1.0888870e+01 -8.7939476e+00 -6.9159110e+00 -6.9159110e+00 -2.3197652e+00 -2.3197651e+00 -3.6510840e-01 +6.1820077e-02 +6.1820107e-02 +6.7345391e-01 +6.7345392e-01 +2.7723998e+00 +2.7723998e+00 +4.4165551e+00 +5.2763572e+00 +5.2763573e+00 
-1.7225199e+01 -1.7164660e+01 -1.7164660e+01 -1.7161158e+01 -1.7125693e+01 -1.7125693e+01 -1.7124752e+01 -1.7061288e+01 -1.7061288e+01 -1.7040375e+01 -1.6975902e+01 -1.6975327e+01 -1.6975327e+01 -1.6941736e+01 -1.6941736e+01 -1.6935924e+01 -1.6935924e+01 -1.6924194e+01 -1.6865789e+01 -1.6865789e+01 -1.0799044e+01 -8.9589036e+00 -6.9099171e+00 -6.9099171e+00 -2.2130513e+00 -2.2130513e+00 -1.1946642e-01 -1.1946639e-01 -7.6344018e-02 +5.8865029e-01 +5.8865030e-01 +2.8804743e+00 +2.8804744e+00 +4.1203590e+00 +5.0861231e+00 +5.0861232e+00 
-1.7220850e+01 -1.7165331e+01 -1.7152620e+01 -1.7152620e+01 -1.7120861e+01 -1.7120861e+01 -1.7118725e+01 -1.7053107e+01 -1.7053107e+01 -1.7045547e+01 -1.6988543e+01 -1.6988543e+01 -1.6972447e+01 -1.6946203e+01 -1.6946203e+01 -1.6944458e+01 -1.6944458e+01 -1.6927611e+01 -1.6865915e+01 -1.6865915e+01 -1.0703215e+01 -9.1208611e+00 -6.9044191e+00 -6.9044191e+00 -2.0997338e+00 -2.0997338e+00 -2.9813443e-01 -2.9813440e-01 +2.1635439e-01 +5.1447794e-01 +5.1447795e-01 +2.9963317e+00 +2.9963318e+00 +3.8227773e+00 +4.8973565e+00 +4.8973565e+00 
-1.7216365e+01 -1.7169653e+01 -1.7140104e+01 -1.7140104e+01 -1.7116376e+01 -1.7116376e+01 -1.7112561e+01 -1.7050983e+01 -1.7044632e+01 -1.7044632e+01 -1.7002104e+01 -1.7002104e+01 -1.6968877e+01 -1.6953244e+01 -1.6953244e+01 -1.6950365e+01 -1.6950365e+01 -1.6931150e+01 -1.6866031e+01 -1.6866031e+01 -1.0601432e+01 -9.2793074e+00 -6.8995393e+00 -6.8995393e+00 -1.9799716e+00 -1.9799716e+00 -4.7369383e-01 -4.7369380e-01 +4.5129943e-01 +4.5129944e-01 +5.1224236e-01 +3.1197341e+00 +3.1197341e+00 +3.5241324e+00 +4.7110260e+00 +4.7110260e+00 
-1.7211769e+01 -1.7174104e+01 -1.7127166e+01 -1.7127166e+01 -1.7112391e+01 -1.7112391e+01 -1.7106297e+01 -1.7056647e+01 -1.7035902e+01 -1.7035902e+01 -1.7015930e+01 -1.7015930e+01 -1.6965212e+01 -1.6962235e+01 -1.6962235e+01 -1.6954075e+01 -1.6954075e+01 -1.6934790e+01 -1.6866135e+01 -1.6866135e+01 -1.0493757e+01 -9.4338138e+00 -6.8953867e+00 -6.8953867e+00 -1.8539375e+00 -1.8539374e+00 -6.4570960e-01 -6.4570957e-01 +3.9936351e-01 +3.9936351e-01 +8.1065521e-01 +3.2245273e+00 +3.2504497e+00 +3.2504497e+00 +4.5279773e+00 +4.5279773e+00 
-1.7207088e+01 -1.7178666e+01 -1.7113862e+01 -1.7113862e+01 -1.7109064e+01 -1.7109064e+01 -1.7099969e+01 -1.7062508e+01 -1.7029947e+01 -1.7029947e+01 -1.7026961e+01 -1.7026961e+01 -1.6971385e+01 -1.6971385e+01 -1.6961471e+01 -1.6957181e+01 -1.6957181e+01 -1.6938514e+01 -1.6866220e+01 -1.6866220e+01 -1.0380264e+01 -9.5840174e+00 -6.8920548e+00 -6.8920548e+00 -1.7218182e+00 -1.7218181e+00 -8.1379130e-01 -8.1379127e-01 +3.5883541e-01 +3.5883542e-01 +1.1109808e+00 +2.9239951e+00 +3.3882505e+00 +3.3882505e+00 +4.3489430e+00 +4.3489430e+00 
-1.7202348e+01 -1.7183317e+01 -1.7106550e+01 -1.7106550e+01 -1.7100254e+01 -1.7100254e+01 -1.7093610e+01 -1.7068530e+01 -1.7044077e+01 -1.7044077e+01 -1.7017852e+01 -1.7017852e+01 -1.6980645e+01 -1.6980645e+01 -1.6959534e+01 -1.6959534e+01 -1.6957672e+01 -1.6942300e+01 -1.6866284e+01 -1.6866284e+01 -1.0261047e+01 -9.7296084e+00 -6.8896189e+00 -6.8896189e+00 -1.5838156e+00 -1.5838155e+00 -9.7758540e-01 -9.7758537e-01 +3.2982199e-01 +3.2982199e-01 +1.4126432e+00 +2.6225945e+00 +3.5329041e+00 +3.5329041e+00 +4.1745513e+00 +4.1745513e+00 
-1.7197576e+01 -1.7188035e+01 -1.7104980e+01 -1.7104980e+01 -1.7087255e+01 -1.7086403e+01 -1.7086403e+01 -1.7074683e+01 -1.7058245e+01 -1.7058245e+01 -1.7008620e+01 -1.7008620e+01 -1.6989970e+01 -1.6989970e+01 -1.6961004e+01 -1.6961004e+01 -1.6953835e+01 -1.6946129e+01 -1.6866324e+01 -1.6866324e+01 -1.0136220e+01 -9.8703199e+00 -6.8881347e+00 -6.8881347e+00 -1.4401473e+00 -1.4401473e+00 -1.1367695e+00 -1.1367695e+00 +3.1238963e-01 +3.1238963e-01 +1.7150995e+00 +2.3204654e+00 +3.6841620e+00 +3.6841620e+00 +4.0053357e+00 +4.0053357e+00 
-1.7192796e+01 -1.7192796e+01 -1.7104447e+01 -1.7104447e+01 -1.7080935e+01 -1.7080935e+01 -1.7072377e+01 -1.7072377e+01 -1.7072377e+01 -1.7072377e+01 -1.6999310e+01 -1.6999310e+01 -1.6999310e+01 -1.6999310e+01 -1.6961505e+01 -1.6961505e+01 -1.6949981e+01 -1.6949981e+01 -1.6866338e+01 -1.6866338e+01 -1.0005923e+01 -1.0005923e+01 -6.8876361e+00 -6.8876361e+00 -1.2910478e+00 -1.2910478e+00 -1.2910477e+00 -1.2910477e+00 +3.0657492e-01 +3.0657492e-01 +2.0178515e+00 +2.0178515e+00 +3.8417463e+00 +3.8417463e+00 +3.8417463e+00 +3.8417463e+00 
-1.7192464e+01 -1.7192464e+01 -1.7105070e+01 -1.7105070e+01 -1.7080882e+01 -1.7080882e+01 -1.7072335e+01 -1.7072335e+01 -1.7071564e+01 -1.7071564e+01 -1.6999962e+01 -1.6999962e+01 -1.6999347e+01 -1.6999347e+01 -1.6961558e+01 -1.6961558e+01 -1.6949501e+01 -1.6949501e+01 -1.6866645e+01 -1.6866645e+01 -1.0003068e+01 -1.0003068e+01 -6.8931365e+00 -6.8931365e+00 -1.3044886e+00 -1.3044886e+00 -1.2873196e+00 -1.2873196e+00 +3.3406175e-01 +3.3406175e-01 +1.9930502e+00 +1.9930502e+00 +3.8213888e+00 +3.8213888e+00 +3.8607754e+00 +3.8607754e+00 
-1.7191468e+01 -1.7191468e+01 -1.7106763e+01 -1.7106763e+01 -1.7080726e+01 -1.7080726e+01 -1.7072208e+01 -1.7072208e+01 -1.7069301e+01 -1.7069301e+01 -1.7001824e+01 -1.7001824e+01 -1.6999458e+01 -1.6999458e+01 -1.6961715e+01 -1.6961715e+01 -1.6948150e+01 -1.6948150e+01 -1.6867605e+01 -1.6867605e+01 -9.9944987e+00 -9.9944987e+00 -6.9095864e+00 -6.9095864e+00 -1.3417631e+00 -1.3417631e+00 -1.2761400e+00 -1.2761400e+00 +4.1343400e-01 +4.1343400e-01 +1.9222016e+00 +1.9222016e+00 +3.7619237e+00 +3.7619237e+00 +3.9146245e+00 +3.9146245e+00 
-1.7189814e+01 -1.7189814e+01 -1.7109153e+01 -1.7109153e+01 -1.7080486e+01 -1.7080486e+01 -1.7072000e+01 -1.7072000e+01 -1.7065967e+01 -1.7065967e+01 -1.7004662e+01 -1.7004662e+01 -1.6999640e+01 -1.6999640e+01 -1.6961970e+01 -1.6961970e+01 -1.6946150e+01 -1.6946150e+01 -1.6869296e+01 -1.6869296e+01 -9.9801990e+00 -9.9801990e+00 -6.9368308e+00 -6.9368308e+00 -1.3955511e+00 -1.3955511e+00 -1.2575255e+00 -1.2575255e+00 +5.3724754e-01 +5.3724754e-01 +1.8139872e+00 +1.8139872e+00 +3.6677046e+00 +3.6677046e+00 +3.9954820e+00 +3.9954820e+00 
-1.7187509e+01 -1.7187509e+01 -1.7111895e+01 -1.7111895e+01 -1.7080191e+01 -1.7080191e+01 -1.7071713e+01 -1.7071713e+01 -1.7061917e+01 -1.7061917e+01 -1.7008191e+01 -1.7008191e+01 -1.6999891e+01 -1.6999891e+01 -1.6962313e+01 -1.6962313e+01 -1.6943757e+01 -1.6943757e+01 -1.6871768e+01 -1.6871768e+01 -9.9601544e+00 -9.9601544e+00 -6.9746094e+00 -6.9746094e+00 -1.4576720e+00 -1.4576720e+00 -1.2315065e+00 -1.2315065e+00 +6.9710505e-01 +6.9710505e-01 +1.6784116e+00 +1.6784116e+00 +3.5447022e+00 +3.5447022e+00 +4.0945642e+00 +4.0945642e+00 
-1.7184564e+01 -1.7184564e+01 -1.7114748e+01 -1.7114748e+01 -1.7079892e+01 -1.7079892e+01 -1.7071353e+01 -1.7071353e+01 -1.7057410e+01 -1.7057410e+01 -1.7012137e+01 -1.7012137e+01 -1.7000206e+01 -1.7000206e+01 -1.6962727e+01 -1.6962727e+01 -1.6941198e+01 -1.6941198e+01 -1.6875030e+01 -1.6875030e+01 -9.9343607e+00 -9.9343607e+00 -7.0225553e+00 -7.0225553e+00 -1.5212594e+00 -1.5212594e+00 -1.1981270e+00 -1.1981270e+00 +8.8581052e-01 +8.8581052e-01 +1.5242278e+00 +1.5242278e+00 +3.3992832e+00 +3.3992832e+00 +4.2044567e+00 +4.2044567e+00 
-1.7180995e+01 -1.7180995e+01 -1.7117555e+01 -1.7117555e+01 -1.7079657e+01 -1.7079657e+01 -1.7070931e+01 -1.7070931e+01 -1.7052626e+01 -1.7052626e+01 -1.7016252e+01 -1.7016252e+01 -1.7000578e+01 -1.7000578e+01 -1.6963191e+01 -1.6963191e+01 -1.6938649e+01 -1.6938649e+01 -1.6879056e+01 -1.6879056e+01 -9.9028307e+00 -9.9028307e+00 -7.0801946e+00 -7.0801946e+00 -1.5813013e+00 -1.5813013e+00 -1.1574417e+00 -1.1574417e+00 +1.0978794e+00 +1.0978794e+00 +1.3581512e+00 +1.3581512e+00 +3.2373261e+00 +3.2373261e+00 +4.3197149e+00 +4.3197149e+00 
-1.7176821e+01 -1.7176821e+01 -1.7120215e+01 -1.7120215e+01 -1.7079581e+01 -1.7079581e+01 -1.7070456e+01 -1.7070456e+01 -1.7047701e+01 -1.7047701e+01 -1.7020308e+01 -1.7020308e+01 -1.7000997e+01 -1.7000997e+01 -1.6963677e+01 -1.6963677e+01 -1.6936241e+01 -1.6936241e+01 -1.6883804e+01 -1.6883804e+01 -9.8655976e+00 -9.8655976e+00 -7.1469505e+00 -7.1469505e+00 -1.6343880e+00 -1.6343880e+00 -1.1095129e+00 -1.1095129e+00 +1.1850326e+00 +1.1850326e+00 +1.3292481e+00 +1.3292481e+00 +3.0637834e+00 +3.0637834e+00 +4.4365815e+00 +4.4365815e+00 
-1.7172069e+01 -1.7172069e+01 -1.7122659e+01 -1.7122659e+01 -1.7079784e+01 -1.7079784e+01 -1.7069943e+01 -1.7069943e+01 -1.7042749e+01 -1.7042749e+01 -1.7024085e+01 -1.7024085e+01 -1.7001451e+01 -1.7001451e+01 -1.6964150e+01 -1.6964150e+01 -1.6934070e+01 -1.6934070e+01 -1.6889222e+01 -1.6889222e+01 -9.8227142e+00 -9.8227142e+00 -7.2221509e+00 -7.2221509e+00 -1.6782932e+00 -1.6782932e+00 -1.0544077e+00 -1.0544077e+00 +1.0082998e+00 +1.0082998e+00 +1.5768172e+00 +1.5768172e+00 +2.8825886e+00 +2.8825886e+00 +4.5524955e+00 +4.5524955e+00 
-1.7166768e+01 -1.7166768e+01 -1.7124838e+01 -1.7124838e+01 -1.7080400e+01 -1.7080400e+01 -1.7069407e+01 -1.7069407e+01 -1.7037875e+01 -1.7037875e+01 -1.7027372e+01 -1.7027372e+01 -1.7001926e+01 -1.7001926e+01 -1.6964567e+01 -1.6964567e+01 -1.6932206e+01 -1.6932206e+01 -1.6895255e+01 -1.6895255e+01 -9.7742516e+00 -9.7742516e+00 -7.3050414e+00 -7.3050414e+00 -1.7116209e+00 -1.7116209e+00 -9.9219752e-01 -9.9219752e-01 +8.3037688e-01 +8.3037688e-01 +1.8380644e+00 +1.8380644e+00 +2.6967541e+00 +2.6967541e+00 +4.6656519e+00 +4.6656519e+00 
-1.7160958e+01 -1.7160958e+01 -1.7126716e+01 -1.7126716e+01 -1.7081556e+01 -1.7081556e+01 -1.7068870e+01 -1.7068870e+01 -1.7033182e+01 -1.7033182e+01 -1.7029985e+01 -1.7029985e+01 -1.7002401e+01 -1.7002401e+01 -1.6964875e+01 -1.6964875e+01 -1.6930700e+01 -1.6930700e+01 -1.6901840e+01 -1.6901840e+01 -9.7202980e+00 -9.7202980e+00 -7.3948022e+00 -7.3948022e+00 -1.7335523e+00 -1.7335523e+00 -9.2295683e-01 -9.2295683e-01 +6.5301015e-01 +6.5301015e-01 +2.1107607e+00 +2.1107607e+00 +2.5085427e+00 +2.5085427e+00 +4.7746602e+00 +4.7746602e+00 
-1.7154684e+01 -1.7154684e+01 -1.7128266e+01 -1.7128266e+01 -1.7083339e+01 -1.7083339e+01 -1.7068357e+01 -1.7068357e+01 -1.7031795e+01 -1.7031795e+01 -1.7028780e+01 -1.7028780e+01 -1.7002852e+01 -1.7002852e+01 -1.6965009e+01 -1.6965009e+01 -1.6929588e+01 -1.6929588e+01 -1.6908910e+01 -1.6908910e+01 -9.6609573e+00 -9.6609573e+00 -7.4905679e+00 -7.4905679e+00 -1.7436754e+00 -1.7436754e+00 -8.4676410e-01 -8.4676410e-01 +4.7749939e-01 +4.7749939e-01 +2.3196436e+00 +2.3196436e+00 +2.3927599e+00 +2.3927599e+00 +4.8782873e+00 +4.8782873e+00 
-1.7148002e+01 -1.7148002e+01 -1.7129467e+01 -1.7129467e+01 -1.7085757e+01 -1.7085757e+01 -1.7067897e+01 -1.7067897e+01 -1.7032763e+01 -1.7032763e+01 -1.7024783e+01 -1.7024783e+01 -1.7003248e+01 -1.7003248e+01 -1.6964893e+01 -1.6964893e+01 -1.6928896e+01 -1.6928896e+01 -1.6916391e+01 -1.6916391e+01 -9.5963498e+00 -9.5963498e+00 -7.5914486e+00 -7.5914486e+00 -1.7418667e+00 -1.7418667e+00 -7.6370221e-01 -7.6370221e-01 +3.0485513e-01 +3.0485513e-01 +2.1313245e+00 +2.1313245e+00 +2.6818157e+00 +2.6818157e+00 +4.9752650e+00 +4.9752650e+00 
-1.7140976e+01 -1.7140976e+01 -1.7130304e+01 -1.7130304e+01 -1.7088741e+01 -1.7088741e+01 -1.7067529e+01 -1.7067529e+01 -1.7032936e+01 -1.7032936e+01 -1.7021306e+01 -1.7021306e+01 -1.7003551e+01 -1.7003551e+01 -1.6964445e+01 -1.6964445e+01 -1.6928635e+01 -1.6928635e+01 -1.6924203e+01 -1.6924203e+01 -9.5266120e+00 -9.5266120e+00 -7.6965504e+00 -7.6965504e+00 -1.7282079e+00 -1.7282079e+00 -6.7385944e-01 -6.7385944e-01 +1.3589981e-01 +1.3589981e-01 +1.9445494e+00 +1.9445494e+00 +2.9753945e+00 +2.9753945e+00 +5.0641476e+00 +5.0641476e+00 
-1.7133685e+01 -1.7133685e+01 -1.7130763e+01 -1.7130763e+01 -1.7092164e+01 -1.7092164e+01 -1.7067300e+01 -1.7067300e+01 -1.7032429e+01 -1.7032429e+01 -1.7018454e+01 -1.7018454e+01 -1.7003713e+01 -1.7003713e+01 -1.6963587e+01 -1.6963587e+01 -1.6932252e+01 -1.6932252e+01 -1.6928811e+01 -1.6928811e+01 -9.4518983e+00 -9.4518983e+00 -7.8049931e+00 -7.8049931e+00 -1.7029236e+00 -1.7029236e+00 -5.7733041e-01 -5.7733041e-01 -2.8671192e-02 -2.8671192e-02 +1.7600671e+00 +1.7600671e+00 +3.2704723e+00 +3.2704723e+00 +5.1432147e+00 +5.1432147e+00 
-1.7130839e+01 -1.7130839e+01 -1.7126218e+01 -1.7126218e+01 -1.7095878e+01 -1.7095878e+01 -1.7067266e+01 -1.7067266e+01 -1.7031381e+01 -1.7031381e+01 -1.7016307e+01 -1.7016307e+01 -1.7003675e+01 -1.7003675e+01 -1.6962266e+01 -1.6962266e+01 -1.6940434e+01 -1.6940434e+01 -1.6929418e+01 -1.6929418e+01 -9.3723823e+00 -9.3723823e+00 -7.9159260e+00 -7.9159260e+00 -1.6663336e+00 -1.6663336e+00 -4.7421704e-01 -4.7421704e-01 -1.8825507e-01 -1.8825507e-01 +1.5784739e+00 +1.5784739e+00 +3.5633292e+00 +3.5633292e+00 +5.2104147e+00 +5.2104147e+00 
-1.7130525e+01 -1.7130525e+01 -1.7118685e+01 -1.7118685e+01 -1.7099741e+01 -1.7099741e+01 -1.7067500e+01 -1.7067500e+01 -1.7029931e+01 -1.7029931e+01 -1.7014897e+01 -1.7014897e+01 -1.7003363e+01 -1.7003363e+01 -1.6960467e+01 -1.6960467e+01 -1.6948633e+01 -1.6948633e+01 -1.6930442e+01 -1.6930442e+01 -9.2882594e+00 -9.2882594e+00 -8.0285398e+00 -8.0285398e+00 -1.6188175e+00 -1.6188175e+00 -3.6462949e-01 -3.6462949e-01 -3.4232235e-01 -3.4232235e-01 +1.4002572e+00 +1.4002572e+00 +3.8493960e+00 +3.8493960e+00 +5.2633469e+00 +5.2633469e+00 
-1.7129822e+01 -1.7129822e+01 -1.7111212e+01 -1.7111212e+01 -1.7103630e+01 -1.7103630e+01 -1.7068088e+01 -1.7068088e+01 -1.7028203e+01 -1.7028203e+01 -1.7014204e+01 -1.7014204e+01 -1.7002686e+01 -1.7002686e+01 -1.6958229e+01 -1.6958229e+01 -1.6956711e+01 -1.6956711e+01 -1.6931863e+01 -1.6931863e+01 -9.1997481e+00 -9.1997481e+00 -8.1420748e+00 -8.1420748e+00 -1.5607877e+00 -1.5607877e+00 -4.9040467e-01 -4.9040467e-01 -2.4868696e-01 -2.4868696e-01 +1.2258263e+00 +1.2258263e+00 +4.1232408e+00 +4.1232408e+00 +5.2992736e+00 +5.2992736e+00 
-1.7128730e+01 -1.7128730e+01 -1.7107446e+01 -1.7107446e+01 -1.7103944e+01 -1.7103944e+01 -1.7069134e+01 -1.7069134e+01 -1.7026302e+01 -1.7026302e+01 -1.7014163e+01 -1.7014163e+01 -1.7001537e+01 -1.7001537e+01 -1.6964520e+01 -1.6964520e+01 -1.6955629e+01 -1.6955629e+01 -1.6933653e+01 -1.6933653e+01 -9.1070925e+00 -9.1070925e+00 -8.2558264e+00 -8.2558264e+00 -1.4926692e+00 -1.4926692e+00 -6.3208449e-01 -6.3208449e-01 -1.2651851e-01 -1.2651851e-01 +1.0555331e+00 +1.0555331e+00 +4.3788086e+00 +4.3788086e+00 +5.3151538e+00 +5.3151538e+00 
-1.7127256e+01 -1.7127256e+01 -1.7111110e+01 -1.7111110e+01 -1.7097045e+01 -1.7097045e+01 -1.7070753e+01 -1.7070753e+01 -1.7024317e+01 -1.7024317e+01 -1.7014680e+01 -1.7014680e+01 -1.6999793e+01 -1.6999793e+01 -1.6971893e+01 -1.6971893e+01 -1.6952773e+01 -1.6952773e+01 -1.6935779e+01 -1.6935779e+01 -9.0105640e+00 -9.0105640e+00 -8.3691474e+00 -8.3691474e+00 -1.4148858e+00 -1.4148858e+00 -7.6698425e-01 -7.6698425e-01 +1.7361561e-03 +1.7361561e-03 +8.8968607e-01 +8.8968607e-01 +4.6099787e+00 +4.6099787e+00 +5.3076984e+00 +5.3076984e+00 
-1.7125406e+01 -1.7125406e+01 -1.7114559e+01 -1.7114559e+01 -1.7090681e+01 -1.7090681e+01 -1.7073065e+01 -1.7073065e+01 -1.7022325e+01 -1.7022325e+01 -1.7015653e+01 -1.7015653e+01 -1.6997328e+01 -1.6997328e+01 -1.6978663e+01 -1.6978663e+01 -1.6949772e+01 -1.6949772e+01 -1.6938201e+01 -1.6938201e+01 -8.9104625e+00 -8.9104625e+00 -8.4814478e+00 -8.4814478e+00 -1.3278495e+00 -1.3278495e+00 -8.9475449e-01 -8.9475449e-01 +1.3592594e-01 +1.3592594e-01 +7.2856028e-01 +7.2856028e-01 +4.8113743e+00 +4.8113743e+00 +5.2734726e+00 +5.2734726e+00 
-1.7123194e+01 -1.7123194e+01 -1.7117746e+01 -1.7117746e+01 -1.7085012e+01 -1.7085012e+01 -1.7076177e+01 -1.7076177e+01 -1.7020394e+01 -1.7020394e+01 -1.7016986e+01 -1.7016986e+01 -1.6994028e+01 -1.6994028e+01 -1.6984676e+01 -1.6984676e+01 -1.6946729e+01 -1.6946729e+01 -1.6940872e+01 -1.6940872e+01 -8.8071186e+00 -8.8071186e+00 -8.5921920e+00 -8.5921920e+00 -1.2319544e+00 -1.2319544e+00 -1.0150612e+00 -1.0150612e+00 +2.7588743e-01 +2.7588743e-01 +5.7240411e-01 +5.7240411e-01 +4.9791810e+00 +4.9791810e+00 +5.2091024e+00 +5.2091024e+00 
-1.7120633e+01 -1.7120633e+01 -1.7120633e+01 -1.7120633e+01 -1.7080157e+01 -1.7080157e+01 -1.7080157e+01 -1.7080157e+01 -1.7018591e+01 -1.7018591e+01 -1.7018591e+01 -1.7018591e+01 -1.6989816e+01 -1.6989816e+01 -1.6989816e+01 -1.6989816e+01 -1.6943737e+01 -1.6943737e+01 -1.6943737e+01 -1.6943737e+01 -8.7008955e+00 -8.7008955e+00 -8.7008955e+00 -8.7008955e+00 -1.1275739e+00 -1.1275739e+00 -1.1275739e+00 -1.1275739e+00 +4.2144393e-01 +4.2144393e-01 +4.2144393e-01 +4.2144393e-01 +5.1116515e+00 +5.1116515e+00 +5.1116515e+00 +5.1116515e+00 
-1.7124569e+01 -1.7120239e+01 -1.7120239e+01 -1.7116829e+01 -1.7086218e+01 -1.7081245e+01 -1.7081245e+01 -1.7073669e+01 -1.7020844e+01 -1.7018969e+01 -1.7018969e+01 -1.7015972e+01 -1.6996469e+01 -1.6988873e+01 -1.6988873e+01 -1.6983192e+01 -1.6948396e+01 -1.6943381e+01 -1.6943381e+01 -1.6940053e+01 -8.8536935e+00 -8.6980715e+00 -8.6980715e+00 -8.5487498e+00 -1.2738132e+00 -1.1270152e+00 -1.1270152e+00 -9.6607463e-01 +2.1358362e-01 +4.2428623e-01 +4.2428623e-01 +6.3450830e-01 +4.9482580e+00 +5.0771862e+00 +5.0771862e+00 +5.2736237e+00 
-1.7128625e+01 -1.7119078e+01 -1.7119078e+01 -1.7113170e+01 -1.7091845e+01 -1.7084376e+01 -1.7084376e+01 -1.7066769e+01 -1.7022733e+01 -1.7020056e+01 -1.7020056e+01 -1.7012987e+01 -1.7003135e+01 -1.6986178e+01 -1.6986178e+01 -1.6976614e+01 -1.6954013e+01 -1.6942342e+01 -1.6942342e+01 -1.6937352e+01 -9.0062525e+00 -8.6896032e+00 -8.6896032e+00 -8.3982328e+00 -1.4039281e+00 -1.1254040e+00 -1.1254040e+00 -7.9008754e-01 +1.1031162e-02 +4.3280248e-01 +4.3280248e-01 +8.5269275e-01 +4.7845515e+00 +4.9765820e+00 +4.9765820e+00 +5.4329960e+00 
-1.7132792e+01 -1.7117213e+01 -1.7117213e+01 -1.7109672e+01 -1.7097034e+01 -1.7089212e+01 -1.7089212e+01 -1.7059472e+01 -1.7024267e+01 -1.7021722e+01 -1.7021722e+01 -1.7009797e+01 -1.7009641e+01 -1.6982063e+01 -1.6982063e+01 -1.6970098e+01 -1.6960557e+01 -1.6940699e+01 -1.6940699e+01 -1.6935628e+01 -9.1577641e+00 -8.6755024e+00 -8.6755024e+00 -8.2504047e+00 -1.5169635e+00 -1.1229389e+00 -1.1229389e+00 -6.0029548e-01 -1.8609767e-01 +4.4696068e-01 +4.4696068e-01 +1.0759432e+00 +4.6215312e+00 +4.8176098e+00 +4.8176098e+00 +5.5885694e+00 
-1.7137061e+01 -1.7114760e+01 -1.7114760e+01 -1.7106352e+01 -1.7101783e+01 -1.7095359e+01 -1.7095359e+01 -1.7051801e+01 -1.7025454e+01 -1.7023762e+01 -1.7023762e+01 -1.7016438e+01 -1.7005944e+01 -1.6976914e+01 -1.6976914e+01 -1.6967990e+01 -1.6963660e+01 -1.6938558e+01 -1.6938558e+01 -1.6934862e+01 -9.3075012e+00 -8.6557893e+00 -8.6557893e+00 -8.1064018e+00 -1.6118856e+00 -1.1199663e+00 -1.1199663e+00 -3.9729816e-01 -3.7768096e-01 +4.6670729e-01 +4.6670729e-01 +1.3042470e+00 +4.4600632e+00 +4.6114468e+00 +4.6114468e+00 +5.7391780e+00 
-1.7141423e+01 -1.7111899e+01 -1.7111899e+01 -1.7106097e+01 -1.7103233e+01 -1.7102462e+01 -1.7102462e+01 -1.7043779e+01 -1.7026308e+01 -1.7025906e+01 -1.7025906e+01 -1.7023039e+01 -1.7001913e+01 -1.6976260e+01 -1.6971075e+01 -1.6971075e+01 -1.6957316e+01 -1.6936037e+01 -1.6936037e+01 -1.6935023e+01 -9.4548153e+00 -8.6304948e+00 -8.6304948e+00 -7.9674199e+00 -1.6876043e+00 -1.1170009e+00 -1.1170009e+00 -5.6359474e-01 -1.8161825e-01 +4.9196703e-01 +4.9196703e-01 +1.5376461e+00 +4.3008730e+00 +4.3707264e+00 +4.3707264e+00 +5.8837379e+00 
-1.7145870e+01 -1.7110241e+01 -1.7110241e+01 -1.7109982e+01 -1.7108890e+01 -1.7108890e+01 -1.7100336e+01 -1.7035437e+01 -1.7029584e+01 -1.7027817e+01 -1.7027817e+01 -1.7026843e+01 -1.6997570e+01 -1.6985308e+01 -1.6964812e+01 -1.6964812e+01 -1.6951081e+01 -1.6936064e+01 -1.6933243e+01 -1.6933243e+01 -9.5991342e+00 -8.5996616e+00 -8.5996616e+00 -7.8346841e+00 -1.7430107e+00 -1.1147519e+00 -1.1147519e+00 -7.4371562e-01 +4.6293655e-02 +5.2264257e-01 +5.2264257e-01 +1.7762481e+00 +4.1078283e+00 +4.1078283e+00 +4.1445545e+00 +6.0212844e+00 
-1.7150396e+01 -1.7118484e+01 -1.7118484e+01 -1.7113448e+01 -1.7106088e+01 -1.7106088e+01 -1.7097687e+01 -1.7036054e+01 -1.7029088e+01 -1.7029088e+01 -1.7027075e+01 -1.7026808e+01 -1.6995061e+01 -1.6992943e+01 -1.6958320e+01 -1.6958320e+01 -1.6944968e+01 -1.6937926e+01 -1.6930270e+01 -1.6930270e+01 -9.7399587e+00 -8.5633463e+00 -8.5633463e+00 -7.7094059e+00 -1.7770292e+00 -1.1141513e+00 -1.1141513e+00 -9.1792230e-01 +2.8605525e-01 +5.5861435e-01 +5.5861435e-01 +2.0202334e+00 +3.8337789e+00 +3.8337789e+00 +3.9915888e+00 +6.1509917e+00 
-1.7154994e+01 -1.7127031e+01 -1.7127031e+01 -1.7116510e+01 -1.7103916e+01 -1.7103916e+01 -1.7095312e+01 -1.7042432e+01 -1.7029262e+01 -1.7029262e+01 -1.7027023e+01 -1.7017929e+01 -1.7005439e+01 -1.6988061e+01 -1.6951740e+01 -1.6951740e+01 -1.6940538e+01 -1.6938994e+01 -1.6927196e+01 -1.6927196e+01 -9.8768570e+00 -8.5216218e+00 -8.5216218e+00 -7.5927259e+00 -1.7886848e+00 -1.1163834e+00 -1.1163834e+00 -1.0860964e+00 +5.3734858e-01 +5.9974058e-01 +5.9974058e-01 +2.2698526e+00 +3.5578055e+00 +3.5578055e+00 +3.8423702e+00 +6.2721768e+00 
-1.7159660e+01 -1.7135758e+01 -1.7135758e+01 -1.7119184e+01 -1.7102794e+01 -1.7102794e+01 -1.7093238e+01 -1.7048700e+01 -1.7027910e+01 -1.7027910e+01 -1.7026710e+01 -1.7016352e+01 -1.7008843e+01 -1.6982962e+01 -1.6945174e+01 -1.6945174e+01 -1.6943815e+01 -1.6933170e+01 -1.6924081e+01 -1.6924081e+01 -1.0009458e+01 -8.4745792e+00 -8.4745792e+00 -7.4856477e+00 -1.7771821e+00 -1.2481227e+00 -1.1229086e+00 -1.1229086e+00 +6.4585743e-01 +6.4585743e-01 +7.9991437e-01 +2.5254069e+00 +3.2873772e+00 +3.2873772e+00 +3.6972326e+00 +6.3842927e+00 
-1.7164392e+01 -1.7144570e+01 -1.7144570e+01 -1.7121489e+01 -1.7103006e+01 -1.7103006e+01 -1.7091498e+01 -1.7054840e+01 -1.7027698e+01 -1.7026157e+01 -1.7024760e+01 -1.7024760e+01 -1.6999592e+01 -1.6977681e+01 -1.6947661e+01 -1.6938695e+01 -1.6938695e+01 -1.6927512e+01 -1.6920971e+01 -1.6920971e+01 -1.0137445e+01 -8.4223314e+00 -8.4223314e+00 -7.3889704e+00 -1.7419888e+00 -1.4038889e+00 -1.1354718e+00 -1.1354718e+00 +6.9677958e-01 +6.9677958e-01 +1.0735429e+00 +2.7872032e+00 +3.0285023e+00 +3.0285023e+00 +3.5564730e+00 +6.4869258e+00 
-1.7169191e+01 -1.7153385e+01 -1.7153385e+01 -1.7123445e+01 -1.7104598e+01 -1.7104598e+01 -1.7090122e+01 -1.7060835e+01 -1.7039366e+01 -1.7025391e+01 -1.7019789e+01 -1.7019789e+01 -1.6990227e+01 -1.6972259e+01 -1.6951969e+01 -1.6932357e+01 -1.6932357e+01 -1.6922031e+01 -1.6917901e+01 -1.6917901e+01 -1.0260547e+01 -8.3650160e+00 -8.3650160e+00 -7.3032280e+00 -1.6829125e+00 -1.5532856e+00 -1.1560776e+00 -1.1560776e+00 +7.5230111e-01 +7.5230111e-01 +1.3580605e+00 +2.7860850e+00 +2.7860850e+00 +3.0554761e+00 +3.4203702e+00 +6.5798083e+00 
-1.7174061e+01 -1.7162138e+01 -1.7162138e+01 -1.7125076e+01 -1.7107408e+01 -1.7107408e+01 -1.7089147e+01 -1.7066668e+01 -1.7051234e+01 -1.7024437e+01 -1.7013202e+01 -1.7013202e+01 -1.6980797e+01 -1.6966735e+01 -1.6956622e+01 -1.6926203e+01 -1.6926203e+01 -1.6916739e+01 -1.6914897e+01 -1.6914897e+01 -1.0378530e+01 -8.3028001e+00 -8.3028001e+00 -7.2286468e+00 -1.6962056e+00 -1.6001565e+00 -1.1869105e+00 -1.1869105e+00 +8.1219657e-01 +8.1219657e-01 +1.6533090e+00 +2.5642134e+00 +2.5642134e+00 +3.2891973e+00 +3.3302725e+00 +6.6628536e+00 
-1.7179009e+01 -1.7170770e+01 -1.7170770e+01 -1.7126407e+01 -1.7111169e+01 -1.7111169e+01 -1.7088610e+01 -1.7072321e+01 -1.7063172e+01 -1.7023323e+01 -1.7005318e+01 -1.7005318e+01 -1.6971356e+01 -1.6961497e+01 -1.6961150e+01 -1.6920264e+01 -1.6920264e+01 -1.6911976e+01 -1.6911976e+01 -1.6911650e+01 -1.0491199e+01 -8.2358862e+00 -8.2358862e+00 -7.1651285e+00 -1.8325438e+00 -1.4943353e+00 -1.2301731e+00 -1.2301731e+00 +8.7622205e-01 +8.7622205e-01 +1.9591188e+00 +2.3663042e+00 +2.3663042e+00 +3.1632309e+00 +3.6113004e+00 +6.7362028e+00 
-1.7184048e+01 -1.7179229e+01 -1.7179229e+01 -1.7127460e+01 -1.7115611e+01 -1.7115611e+01 -1.7088547e+01 -1.7077777e+01 -1.7075037e+01 -1.7022079e+01 -1.6996469e+01 -1.6996469e+01 -1.6966462e+01 -1.6961960e+01 -1.6955546e+01 -1.6914564e+01 -1.6914564e+01 -1.6909149e+01 -1.6909149e+01 -1.6906773e+01 -1.0598382e+01 -8.1645188e+00 -8.1645188e+00 -7.1122617e+00 -1.9621969e+00 -1.3664329e+00 -1.2878355e+00 -1.2878355e+00 +9.4411565e-01 +9.4411565e-01 +2.1950841e+00 +2.1950841e+00 +2.2752709e+00 +3.0427572e+00 +3.8977613e+00 +6.8002556e+00 
-1.7189194e+01 -1.7187469e+01 -1.7187469e+01 -1.7128264e+01 -1.7120502e+01 -1.7120502e+01 -1.7088993e+01 -1.7086680e+01 -1.7083020e+01 -1.7020733e+01 -1.6986960e+01 -1.6986960e+01 -1.6971389e+01 -1.6952669e+01 -1.6949965e+01 -1.6909122e+01 -1.6909122e+01 -1.6906420e+01 -1.6906420e+01 -1.6902121e+01 -1.0699935e+01 -8.0889938e+00 -8.0889938e+00 -7.0693602e+00 -2.0850632e+00 -1.3613161e+00 -1.3613161e+00 -1.2177004e+00 +1.0155967e+00 +1.0155967e+00 +2.0524366e+00 +2.0524366e+00 +2.6014470e+00 +2.9280759e+00 +4.1881962e+00 +6.8556556e+00 
-1.7195447e+01 -1.7195447e+01 -1.7194466e+01 -1.7128842e+01 -1.7125654e+01 -1.7125654e+01 -1.7097950e+01 -1.7089972e+01 -1.7088034e+01 -1.7019314e+01 -1.6977054e+01 -1.6977054e+01 -1.6976151e+01 -1.6944450e+01 -1.6943540e+01 -1.6903955e+01 -1.6903955e+01 -1.6903786e+01 -1.6903786e+01 -1.6897702e+01 -1.0795736e+01 -8.0096692e+00 -8.0096692e+00 -7.0355227e+00 -2.2010425e+00 -1.4511681e+00 -1.4511681e+00 -1.0495179e+00 +1.0903626e+00 +1.0903626e+00 +1.9391996e+00 +1.9391996e+00 +2.8195049e+00 +2.9371637e+00 +4.4803943e+00 +6.9032238e+00 
-1.7203122e+01 -1.7203122e+01 -1.7199880e+01 -1.7130923e+01 -1.7130923e+01 -1.7129221e+01 -1.7108699e+01 -1.7092803e+01 -1.7091496e+01 -1.7017848e+01 -1.6980638e+01 -1.6966987e+01 -1.6966987e+01 -1.6939043e+01 -1.6934635e+01 -1.6901239e+01 -1.6901239e+01 -1.6899074e+01 -1.6899074e+01 -1.6893527e+01 -1.0885678e+01 -7.9269785e+00 -7.9269785e+00 -7.0097057e+00 -2.3100364e+00 -1.5568700e+00 -1.5568700e+00 -8.6327725e-01 +1.1680823e+00 +1.1680823e+00 +1.8550258e+00 +1.8550258e+00 +2.7173830e+00 +3.2816884e+00 +4.7714111e+00 +6.9438589e+00 
-1.7210457e+01 -1.7210457e+01 -1.7205448e+01 -1.7136192e+01 -1.7136192e+01 -1.7129427e+01 -1.7118794e+01 -1.7097313e+01 -1.7093552e+01 -1.7016362e+01 -1.6984758e+01 -1.6956971e+01 -1.6956971e+01 -1.6933791e+01 -1.6926014e+01 -1.6898758e+01 -1.6898758e+01 -1.6894487e+01 -1.6894487e+01 -1.6889606e+01 -1.0969674e+01 -7.8414471e+00 -7.8414471e+00 -6.9908005e+00 -2.4119481e+00 -1.6768026e+00 -1.6768026e+00 -6.6034638e-01 +1.2483843e+00 +1.2483843e+00 +1.7983966e+00 +1.7983966e+00 +2.6220721e+00 +3.6339358e+00 +5.0577275e+00 +6.9784412e+00 
-1.7217415e+01 -1.7217415e+01 -1.7211168e+01 -1.7141364e+01 -1.7141364e+01 -1.7129487e+01 -1.7128121e+01 -1.7101550e+01 -1.7096104e+01 -1.7014878e+01 -1.6988447e+01 -1.6947210e+01 -1.6947210e+01 -1.6928739e+01 -1.6917739e+01 -1.6896310e+01 -1.6896310e+01 -1.6890203e+01 -1.6890203e+01 -1.6885946e+01 -1.1047647e+01 -7.7537102e+00 -7.7537102e+00 -6.9776998e+00 -2.5066835e+00 -1.8084136e+00 -1.8084136e+00 -4.4212613e-01 +1.3308370e+00 +1.3308370e+00 +1.7668071e+00 +1.7668071e+00 +2.5339565e+00 +3.9923453e+00 +5.3355381e+00 +7.0077681e+00 
-1.7223963e+01 -1.7223963e+01 -1.7217013e+01 -1.7146360e+01 -1.7146360e+01 -1.7136597e+01 -1.7129427e+01 -1.7105501e+01 -1.7099083e+01 -1.7013419e+01 -1.6991672e+01 -1.6937910e+01 -1.6937910e+01 -1.6923935e+01 -1.6909871e+01 -1.6893843e+01 -1.6893843e+01 -1.6886227e+01 -1.6886227e+01 -1.6882555e+01 -1.1119530e+01 -7.6645351e+00 -7.6645351e+00 -6.9693470e+00 -2.5941507e+00 -1.9485006e+00 -1.9485006e+00 -2.1015875e-01 +1.4149200e+00 +1.4149200e+00 +1.7570582e+00 +1.7570582e+00 +2.4534358e+00 +4.3547422e+00 +5.6011093e+00 +7.0325283e+00 
-1.7230065e+01 -1.7230065e+01 -1.7222927e+01 -1.7151114e+01 -1.7151114e+01 -1.7144170e+01 -1.7129272e+01 -1.7109152e+01 -1.7102394e+01 -1.7012005e+01 -1.6994427e+01 -1.6929284e+01 -1.6929284e+01 -1.6919425e+01 -1.6902469e+01 -1.6891280e+01 -1.6891280e+01 -1.6882564e+01 -1.6882564e+01 -1.6879442e+01 -1.1185267e+01 -7.5748440e+00 -7.5748440e+00 -6.9647652e+00 -2.6742613e+00 -2.0935075e+00 -2.0935075e+00 +3.3755931e-02 +1.4999837e+00 +1.4999837e+00 +1.7655658e+00 +1.7655658e+00 +2.3809083e+00 +4.7181890e+00 +5.8511114e+00 +7.0533054e+00 
-1.7235692e+01 -1.7235692e+01 -1.7228821e+01 -1.7155566e+01 -1.7155566e+01 -1.7150826e+01 -1.7129046e+01 -1.7112492e+01 -1.7105921e+01 -1.7010657e+01 -1.6996733e+01 -1.6921560e+01 -1.6921560e+01 -1.6915258e+01 -1.6895589e+01 -1.6888521e+01 -1.6888521e+01 -1.6879219e+01 -1.6879219e+01 -1.6876614e+01 -1.1244805e+01 -7.4857383e+00 -7.4857383e+00 -6.9630720e+00 -2.7469305e+00 -2.2397606e+00 -2.2397606e+00 +2.8743867e-01 +1.5852002e+00 +1.5852002e+00 +1.7886164e+00 +1.7886164e+00 +2.3167417e+00 +5.0788370e+00 +6.0828339e+00 +7.0705967e+00 
-1.7240813e+01 -1.7240813e+01 -1.7234580e+01 -1.7159669e+01 -1.7159669e+01 -1.7156581e+01 -1.7128774e+01 -1.7115510e+01 -1.7109532e+01 -1.7009393e+01 -1.6998626e+01 -1.6914955e+01 -1.6914955e+01 -1.6911478e+01 -1.6889289e+01 -1.6885462e+01 -1.6885462e+01 -1.6876198e+01 -1.6876198e+01 -1.6874075e+01 -1.1298098e+01 -7.3985197e+00 -7.3985197e+00 -6.9634853e+00 -2.8120781e+00 -2.3836141e+00 -2.3836141e+00 +5.4816423e-01 +1.6695078e+00 +1.6695078e+00 +1.8225426e+00 +1.8225426e+00 +2.2612253e+00 +5.4317979e+00 +6.2942392e+00 +7.0848346e+00 
-1.7245401e+01 -1.7245401e+01 -1.7240070e+01 -1.7163381e+01 -1.7163381e+01 -1.7161476e+01 -1.7128478e+01 -1.7118197e+01 -1.7113091e+01 -1.7008229e+01 -1.7000152e+01 -1.6909618e+01 -1.6909618e+01 -1.6908125e+01 -1.6883619e+01 -1.6882060e+01 -1.6882060e+01 -1.6873510e+01 -1.6873510e+01 -1.6871833e+01 -1.1345104e+01 -7.3147048e+00 -7.3147048e+00 -6.9653238e+00 -2.8696299e+00 -2.5215200e+00 -2.5215200e+00 +8.1239779e-01 +1.7515586e+00 +1.7515586e+00 +1.8638159e+00 +1.8638159e+00 +2.2145061e+00 +5.7710801e+00 +6.4838665e+00 +7.0964040e+00 
-1.7249430e+01 -1.7249430e+01 -1.7245153e+01 -1.7166667e+01 -1.7166667e+01 -1.7165566e+01 -1.7128178e+01 -1.7120544e+01 -1.7116462e+01 -1.7007184e+01 -1.7001360e+01 -1.6905551e+01 -1.6905551e+01 -1.6905232e+01 -1.6878626e+01 -1.6878405e+01 -1.6878405e+01 -1.6871161e+01 -1.6871161e+01 -1.6869890e+01 -1.1385792e+01 -7.2360241e+00 -7.2360241e+00 -6.9680055e+00 -2.9195201e+00 -2.6500503e+00 -2.6500503e+00 +1.0753921e+00 +1.8296815e+00 +1.8296815e+00 +1.9090748e+00 +1.9090748e+00 +2.1765127e+00 +6.0896599e+00 +6.6506513e+00 +7.1056521e+00 
-1.7252879e+01 -1.7252879e+01 -1.7249695e+01 -1.7169496e+01 -1.7169496e+01 -1.7168910e+01 -1.7127892e+01 -1.7122543e+01 -1.7119522e+01 -1.7006272e+01 -1.7002294e+01 -1.6902818e+01 -1.6902600e+01 -1.6902600e+01 -1.6874733e+01 -1.6874733e+01 -1.6874352e+01 -1.6869160e+01 -1.6869160e+01 -1.6868251e+01 -1.1420144e+01 -7.1643960e+00 -7.1643960e+00 -6.9710431e+00 -2.9616958e+00 -2.7659091e+00 -2.7659091e+00 +1.3306347e+00 +1.9018753e+00 +1.9018753e+00 +1.9551027e+00 +1.9551027e+00 +2.1468849e+00 +6.3797418e+00 +6.7937347e+00 +7.1128925e+00 
-1.7255728e+01 -1.7255728e+01 -1.7253578e+01 -1.7171845e+01 -1.7171845e+01 -1.7171564e+01 -1.7127636e+01 -1.7124188e+01 -1.7122162e+01 -1.7005506e+01 -1.7002997e+01 -1.6900889e+01 -1.6900537e+01 -1.6900537e+01 -1.6871338e+01 -1.6871338e+01 -1.6870831e+01 -1.6867514e+01 -1.6867514e+01 -1.6866915e+01 -1.1448166e+01 -7.1018633e+00 -7.1018633e+00 -6.9740391e+00 -2.9961248e+00 -2.8659651e+00 -2.8659651e+00 +1.5692087e+00 +1.9658538e+00 +1.9658538e+00 +1.9987868e+00 +1.9987868e+00 +2.1249359e+00 +6.6331502e+00 +6.9123267e+00 +7.0446398e+00 
-1.7257960e+01 -1.7257960e+01 -1.7256702e+01 -1.7173694e+01 -1.7173694e+01 -1.7173577e+01 -1.7127423e+01 -1.7125472e+01 -1.7124296e+01 -1.7004898e+01 -1.7003503e+01 -1.6899432e+01 -1.6899149e+01 -1.6899149e+01 -1.6868477e+01 -1.6868477e+01 -1.6868086e+01 -1.6866228e+01 -1.6866228e+01 -1.6865883e+01 -1.1469888e+01 -7.0504830e+00 -7.0504830e+00 -6.9766796e+00 -3.0228058e+00 -2.9473268e+00 -2.9473268e+00 +1.7793032e+00 +2.0191656e+00 +2.0191656e+00 +2.0370967e+00 +2.0370967e+00 +2.1096832e+00 +6.8417218e+00 +6.9034601e+00 +6.9034601e+00 
-1.7259564e+01 -1.7259564e+01 -1.7258990e+01 -1.7175026e+01 -1.7175026e+01 -1.7174987e+01 -1.7127264e+01 -1.7126393e+01 -1.7125859e+01 -1.7004457e+01 -1.7003842e+01 -1.6898425e+01 -1.6898273e+01 -1.6898273e+01 -1.6866333e+01 -1.6866333e+01 -1.6866128e+01 -1.6865307e+01 -1.6865307e+01 -1.6865150e+01 -1.1485354e+01 -7.0121653e+00 -7.0121653e+00 -6.9787285e+00 -3.0417765e+00 -3.0074715e+00 -3.0074715e+00 +1.9464223e+00 +2.0594038e+00 +2.0594038e+00 +2.0671443e+00 +2.0671443e+00 +2.0999720e+00 +6.7990020e+00 +6.7990020e+00 +6.8687986e+00 
-1.7260530e+01 -1.7260530e+01 -1.7260384e+01 -1.7175830e+01 -1.7175830e+01 -1.7175822e+01 -1.7127165e+01 -1.7126947e+01 -1.7126812e+01 -1.7004190e+01 -1.7004037e+01 -1.6897837e+01 -1.6897795e+01 -1.6897795e+01 -1.6865013e+01 -1.6865013e+01 -1.6864958e+01 -1.6864753e+01 -1.6864753e+01 -1.6864714e+01 -1.1494610e+01 -6.9884799e+00 -6.9884799e+00 -6.9800221e+00 -3.0531080e+00 -3.0444133e+00 -3.0444133e+00 +2.0551558e+00 +2.0844974e+00 +2.0844974e+00 +2.0863922e+00 +2.0863922e+00 +2.0946912e+00 +6.7347602e+00 +6.7347602e+00 +6.7533742e+00 
-1.7260852e+01 -1.7260852e+01 -1.7260852e+01 -1.7176098e+01 -1.7176098e+01 -1.7176098e+01 -1.7127131e+01 -1.7127131e+01 -1.7127131e+01 -1.7004100e+01 -1.7004100e+01 -1.6897644e+01 -1.6897644e+01 -1.6897644e+01 -1.6864568e+01 -1.6864568e+01 -1.6864568e+01 -1.6864568e+01 -1.6864568e+01 -1.6864568e+01 -1.1497691e+01 -6.9804638e+00 -6.9804638e+00 -6.9804638e+00 -3.0568744e+00 -3.0568744e+00 -3.0568744e+00 +2.0930303e+00 +2.0930303e+00 +2.0930303e+00 +2.0930303e+00 +2.0930303e+00 +2.0930303e+00 +6.7130719e+00 +6.7130719e+00 +6.7130720e+00 
-1.7260482e+01 -1.7260482e+01 -1.7260482e+01 -1.7175827e+01 -1.7175827e+01 -1.7175827e+01 -1.7127120e+01 -1.7126902e+01 -1.7126902e+01 -1.7004113e+01 -1.7004113e+01 -1.6897809e+01 -1.6897809e+01 -1.6897809e+01 -1.6864948e+01 -1.6864948e+01 -1.6864948e+01 -1.6864785e+01 -1.6864785e+01 -1.6864785e+01 -1.1494615e+01 -6.9856553e+00 -6.9856553e+00 -6.9856553e+00 -3.0473266e+00 -3.0473266e+00 -3.0473266e+00 +2.0687567e+00 +2.0687567e+00 +2.0687567e+00 +2.0951708e+00 +2.0951708e+00 +2.0951708e+00 +6.7408863e+00 +6.7408863e+00 +6.7408864e+00 
-1.7259376e+01 -1.7259376e+01 -1.7259376e+01 -1.7175014e+01 -1.7175014e+01 -1.7175014e+01 -1.7127081e+01 -1.7126220e+01 -1.7126220e+01 -1.7004149e+01 -1.7004149e+01 -1.6898328e+01 -1.6898328e+01 -1.6898328e+01 -1.6866085e+01 -1.6866085e+01 -1.6866085e+01 -1.6865424e+01 -1.6865424e+01 -1.6865424e+01 -1.1485375e+01 -7.0010395e+00 -7.0010395e+00 -7.0010395e+00 -3.0189509e+00 -3.0189509e+00 -3.0189509e+00 +1.9982665e+00 +1.9982665e+00 +1.9982665e+00 +2.1019499e+00 +2.1019499e+00 +2.1019499e+00 +6.8215287e+00 +6.8215287e+00 +6.8215288e+00 
-1.7257553e+01 -1.7257553e+01 -1.7257553e+01 -1.7173654e+01 -1.7173654e+01 -1.7173654e+01 -1.7127010e+01 -1.7125099e+01 -1.7125099e+01 -1.7004197e+01 -1.7004197e+01 -1.6899263e+01 -1.6899263e+01 -1.6899263e+01 -1.6867975e+01 -1.6867975e+01 -1.6867975e+01 -1.6866448e+01 -1.6866448e+01 -1.6866448e+01 -1.1469937e+01 -7.0260641e+00 -7.0260641e+00 -7.0260641e+00 -2.9725427e+00 -2.9725427e+00 -2.9725427e+00 +1.8878652e+00 +1.8878652e+00 +1.8878652e+00 +2.1142661e+00 +2.1142661e+00 +2.1142661e+00 +6.8026449e+00 +6.9466174e+00 +6.9466174e+00 
-1.7255042e+01 -1.7255042e+01 -1.7255042e+01 -1.7171742e+01 -1.7171742e+01 -1.7171742e+01 -1.7126899e+01 -1.7123564e+01 -1.7123564e+01 -1.7004239e+01 -1.7004239e+01 -1.6900705e+01 -1.6900705e+01 -1.6900705e+01 -1.6870607e+01 -1.6870606e+01 -1.6870606e+01 -1.6867793e+01 -1.6867793e+01 -1.6867793e+01 -1.1448253e+01 -7.0598656e+00 -7.0598656e+00 -7.0598656e+00 -2.9094048e+00 -2.9094047e+00 -2.9094047e+00 +1.7462203e+00 +1.7462203e+00 +1.7462203e+00 +2.1331751e+00 +2.1331751e+00 +2.1331751e+00 +6.5632259e+00 +7.0512635e+00 +7.0512635e+00 
-1.7251884e+01 -1.7251884e+01 -1.7251884e+01 -1.7169273e+01 -1.7169273e+01 -1.7169273e+01 -1.7126746e+01 -1.7121652e+01 -1.7121652e+01 -1.7004249e+01 -1.7004249e+01 -1.6902755e+01 -1.6902755e+01 -1.6902755e+01 -1.6873962e+01 -1.6873962e+01 -1.6873962e+01 -1.6869365e+01 -1.6869365e+01 -1.6869365e+01 -1.1420277e+01 -7.1013490e+00 -7.1013490e+00 -7.1013490e+00 -2.8313212e+00 -2.8313211e+00 -2.8313211e+00 +1.5827007e+00 +1.5827007e+00 +1.5827007e+00 +2.1595590e+00 +2.1595590e+00 +2.1595590e+00 +6.2698025e+00 +7.0102295e+00 +7.0102295e+00 
-1.7248132e+01 -1.7248132e+01 -1.7248132e+01 -1.7166237e+01 -1.7166237e+01 -1.7166237e+01 -1.7126560e+01 -1.7119409e+01 -1.7119409e+01 -1.7004194e+01 -1.7004194e+01 -1.6905513e+01 -1.6905513e+01 -1.6905513e+01 -1.6878016e+01 -1.6878016e+01 -1.6878016e+01 -1.6871053e+01 -1.6871053e+01 -1.6871053e+01 -1.1385981e+01 -7.1492792e+00 -7.1492792e+00 -7.1492792e+00 -2.7405448e+00 -2.7405447e+00 -2.7405447e+00 +1.4062587e+00 +1.4062587e+00 +1.4062588e+00 +2.1939822e+00 +2.1939822e+00 +2.1939822e+00 +5.9308085e+00 +6.9616671e+00 +6.9616672e+00 
-1.7243848e+01 -1.7243848e+01 -1.7243848e+01 -1.7162627e+01 -1.7162627e+01 -1.7162627e+01 -1.7126354e+01 -1.7116893e+01 -1.7116893e+01 -1.7004030e+01 -1.7004030e+01 -1.6909058e+01 -1.6909058e+01 -1.6909058e+01 -1.6882734e+01 -1.6882734e+01 -1.6882734e+01 -1.6872750e+01 -1.6872750e+01 -1.6872750e+01 -1.1345360e+01 -7.2023717e+00 -7.2023717e+00 -7.2023717e+00 -2.6398207e+00 -2.6398207e+00 -2.6398207e+00 +1.2249614e+00 +1.2249614e+00 +1.2249614e+00 +2.2367014e+00 +2.2367014e+00 +2.2367014e+00 +5.5552527e+00 +6.9064285e+00 +6.9064285e+00 
-1.7239104e+01 -1.7239104e+01 -1.7239104e+01 -1.7158436e+01 -1.7158436e+01 -1.7158436e+01 -1.7126153e+01 -1.7114174e+01 -1.7114174e+01 -1.7003706e+01 -1.7003706e+01 -1.6913435e+01 -1.6913435e+01 -1.6913435e+01 -1.6888072e+01 -1.6888072e+01 -1.6888072e+01 -1.6874371e+01 -1.6874371e+01 -1.6874371e+01 -1.1298434e+01 -7.2593658e+00 -7.2593658e+00 -7.2593658e+00 -2.5324696e+00 -2.5324696e+00 -2.5324696e+00 +1.0460141e+00 +1.0460141e+00 +1.0460141e+00 +2.2877431e+00 +2.2877431e+00 +2.2877431e+00 +5.1523270e+00 +6.8454308e+00 +6.8454308e+00 
-1.7233979e+01 -1.7233979e+01 -1.7233979e+01 -1.7153665e+01 -1.7153665e+01 -1.7153665e+01 -1.7125977e+01 -1.7111332e+01 -1.7111332e+01 -1.7003163e+01 -1.7003163e+01 -1.6918644e+01 -1.6918644e+01 -1.6918644e+01 -1.6893976e+01 -1.6893976e+01 -1.6893976e+01 -1.6875868e+01 -1.6875868e+01 -1.6875868e+01 -1.1245237e+01 -7.3190780e+00 -7.3190780e+00 -7.3190780e+00 -2.4225402e+00 -2.4225401e+00 -2.4225401e+00 +8.7608561e-01 +8.7608561e-01 +8.7608562e-01 +2.3469850e+00 +2.3469850e+00 +2.3469851e+00 +4.7308821e+00 +6.7796190e+00 +6.7796190e+00 
-1.7228554e+01 -1.7228554e+01 -1.7228554e+01 -1.7148322e+01 -1.7148322e+01 -1.7148322e+01 -1.7125851e+01 -1.7108459e+01 -1.7108459e+01 -1.7002334e+01 -1.7002334e+01 -1.6924645e+01 -1.6924645e+01 -1.6924645e+01 -1.6900381e+01 -1.6900381e+01 -1.6900381e+01 -1.6877227e+01 -1.6877227e+01 -1.6877227e+01 -1.1185809e+01 -7.3804334e+00 -7.3804334e+00 -7.3804334e+00 -2.3150171e+00 -2.3150170e+00 -2.3150170e+00 +7.2177305e-01 +7.2177305e-01 +7.2177306e-01 +2.4142161e+00 +2.4142161e+00 +2.4142161e+00 +4.2989281e+00 +6.7099304e+00 +6.7099304e+00 
-1.7222912e+01 -1.7222912e+01 -1.7222912e+01 -1.7142428e+01 -1.7142428e+01 -1.7142428e+01 -1.7125790e+01 -1.7105650e+01 -1.7105650e+01 -1.7001148e+01 -1.7001148e+01 -1.6931371e+01 -1.6931371e+01 -1.6931371e+01 -1.6907211e+01 -1.6907211e+01 -1.6907211e+01 -1.6878455e+01 -1.6878455e+01 -1.6878455e+01 -1.1120193e+01 -7.4424801e+00 -7.4424801e+00 -7.4424801e+00 -2.2160050e+00 -2.2160050e+00 -2.2160050e+00 +5.9005365e-01 +5.9005365e-01 +5.9005366e-01 +2.4891748e+00 +2.4891748e+00 +2.4891748e+00 +3.8632450e+00 +6.6372656e+00 +6.6372656e+00 
-1.7217128e+01 -1.7217128e+01 -1.7217128e+01 -1.7136024e+01 -1.7136024e+01 -1.7136024e+01 -1.7125811e+01 -1.7103007e+01 -1.7103007e+01 -1.6999533e+01 -1.6999533e+01 -1.6938740e+01 -1.6938740e+01 -1.6938740e+01 -1.6914377e+01 -1.6914377e+01 -1.6914377e+01 -1.6879573e+01 -1.6879573e+01 -1.6879573e+01 -1.1048436e+01 -7.5043917e+00 -7.5043917e+00 -7.5043917e+00 -2.1326950e+00 -2.1326949e+00 -2.1326949e+00 +4.8849165e-01 +4.8849165e-01 +4.8849166e-01 +2.5715709e+00 +2.5715709e+00 +2.5715709e+00 +3.4291450e+00 +6.5624687e+00 +6.5624687e+00 
-1.7211275e+01 -1.7211275e+01 -1.7211275e+01 -1.7129176e+01 -1.7129176e+01 -1.7129176e+01 -1.7125922e+01 -1.7100623e+01 -1.7100623e+01 -1.6997427e+01 -1.6997427e+01 -1.6946665e+01 -1.6946665e+01 -1.6946665e+01 -1.6921772e+01 -1.6921772e+01 -1.6921772e+01 -1.6880601e+01 -1.6880601e+01 -1.6880601e+01 -1.0970594e+01 -7.5654629e+00 -7.5654629e+00 -7.5654629e+00 -2.0727732e+00 -2.0727732e+00 -2.0727732e+00 +4.2484787e-01 +4.2484787e-01 +4.2484788e-01 +2.6610960e+00 +2.6610960e+00 +2.6610960e+00 +3.0004265e+00 +6.4863160e+00 +6.4863160e+00 
-1.7205412e+01 -1.7205412e+01 -1.7205412e+01 -1.7126129e+01 -1.7121981e+01 -1.7121981e+01 -1.7121981e+01 -1.7098583e+01 -1.7098583e+01 -1.6994778e+01 -1.6994778e+01 -1.6955058e+01 -1.6955058e+01 -1.6955058e+01 -1.6929267e+01 -1.6929267e+01 -1.6929267e+01 -1.6881560e+01 -1.6881560e+01 -1.6881560e+01 -1.0886732e+01 -7.6251003e+00 -7.6251003e+00 -7.6251003e+00 -2.0429854e+00 -2.0429854e+00 -2.0429854e+00 +4.0579782e-01 +4.0579782e-01 +4.0579783e-01 +2.5795176e+00 +2.7574285e+00 +2.7574285e+00 +2.7574285e+00 +6.4095140e+00 +6.4095140e+00 
-1.7199590e+01 -1.7199590e+01 -1.7199590e+01 -1.7126435e+01 -1.7114576e+01 -1.7114576e+01 -1.7114576e+01 -1.7096949e+01 -1.7096949e+01 -1.6991558e+01 -1.6991558e+01 -1.6963836e+01 -1.6963836e+01 -1.6963836e+01 -1.6936710e+01 -1.6936710e+01 -1.6936710e+01 -1.6882467e+01 -1.6882467e+01 -1.6882467e+01 -1.0796934e+01 -7.6828123e+00 -7.6828123e+00 -7.6828123e+00 -2.0471625e+00 -2.0471625e+00 -2.0471625e+00 +4.3506504e-01 +4.3506504e-01 +4.3506505e-01 +2.1677475e+00 +2.8602348e+00 +2.8602348e+00 +2.8602348e+00 +6.3327033e+00 +6.3327033e+00 
-1.7193851e+01 -1.7193851e+01 -1.7193851e+01 -1.7126840e+01 -1.7107146e+01 -1.7107146e+01 -1.7107146e+01 -1.7095759e+01 -1.7095759e+01 -1.6987766e+01 -1.6987766e+01 -1.6972915e+01 -1.6972915e+01 -1.6972915e+01 -1.6943907e+01 -1.6943907e+01 -1.6943907e+01 -1.6883334e+01 -1.6883334e+01 -1.6883334e+01 -1.0701302e+01 -7.7381982e+00 -7.7381982e+00 -7.7381982e+00 -2.0849030e+00 -2.0849030e+00 -2.0849030e+00 +5.1216757e-01 +5.1216757e-01 +5.1216758e-01 +1.7656653e+00 +2.9691687e+00 +2.9691687e+00 +2.9691687e+00 +6.2564661e+00 +6.2564661e+00 
-1.7188228e+01 -1.7188228e+01 -1.7188228e+01 -1.7127343e+01 -1.7099937e+01 -1.7099937e+01 -1.7099937e+01 -1.7095026e+01 -1.7095026e+01 -1.6983425e+01 -1.6983425e+01 -1.6982217e+01 -1.6982217e+01 -1.6982217e+01 -1.6950619e+01 -1.6950619e+01 -1.6950619e+01 -1.6884171e+01 -1.6884171e+01 -1.6884171e+01 -1.0599963e+01 -7.7909383e+00 -7.7909383e+00 -7.7909383e+00 -2.1519875e+00 -2.1519875e+00 -2.1519875e+00 +6.3286264e-01 +6.3286265e-01 +6.3286265e-01 +1.3733376e+00 +3.0838689e+00 +3.0838689e+00 +3.0838689e+00 +6.1813346e+00 +6.1813346e+00 
-1.7182747e+01 -1.7182747e+01 -1.7182747e+01 -1.7127939e+01 -1.7094737e+01 -1.7094737e+01 -1.7093261e+01 -1.7093261e+01 -1.7093261e+01 -1.6991663e+01 -1.6991663e+01 -1.6991663e+01 -1.6978586e+01 -1.6978586e+01 -1.6956548e+01 -1.6956548e+01 -1.6956548e+01 -1.6884982e+01 -1.6884982e+01 -1.6884982e+01 -1.0493072e+01 -7.8407846e+00 -7.8407846e+00 -7.8407846e+00 -2.2421496e+00 -2.2421496e+00 -2.2421496e+00 +7.9092312e-01 +7.9092312e-01 +7.9092312e-01 +9.9058700e-01 +3.2039563e+00 +3.2039563e+00 +3.2039563e+00 +6.1077989e+00 +6.1077989e+00 
-1.7177431e+01 -1.7177431e+01 -1.7177431e+01 -1.7128622e+01 -1.7094859e+01 -1.7094859e+01 -1.7087496e+01 -1.7087496e+01 -1.7087496e+01 -1.7001180e+01 -1.7001180e+01 -1.7001180e+01 -1.6973319e+01 -1.6973319e+01 -1.6961338e+01 -1.6961338e+01 -1.6961338e+01 -1.6885773e+01 -1.6885773e+01 -1.6885773e+01 -1.0380818e+01 -7.8875531e+00 -7.8875531e+00 -7.8875531e+00 -2.3488822e+00 -2.3488822e+00 -2.3488822e+00 +6.1716375e-01 +9.7993372e-01 +9.7993372e-01 +9.7993372e-01 +3.3290292e+00 +3.3290292e+00 +3.3290292e+00 +6.0363136e+00 +6.0363136e+00 
-1.7172300e+01 -1.7172300e+01 -1.7172300e+01 -1.7129386e+01 -1.7095347e+01 -1.7095347e+01 -1.7083053e+01 -1.7083053e+01 -1.7083053e+01 -1.7010693e+01 -1.7010693e+01 -1.7010693e+01 -1.6967706e+01 -1.6967706e+01 -1.6964603e+01 -1.6964603e+01 -1.6964603e+01 -1.6886544e+01 -1.6886544e+01 -1.6886544e+01 -1.0263429e+01 -7.9311163e+00 -7.9311163e+00 -7.9311163e+00 -2.4664778e+00 -2.4664777e+00 -2.4664777e+00 +2.5285686e-01 +1.1943111e+00 +1.1943111e+00 +1.1943111e+00 +3.4586575e+00 +3.4586575e+00 +3.4586575e+00 +5.9673034e+00 +5.9673034e+00 
-1.7167372e+01 -1.7167372e+01 -1.7167372e+01 -1.7130221e+01 -1.7096147e+01 -1.7096147e+01 -1.7080300e+01 -1.7080300e+01 -1.7080300e+01 -1.7020132e+01 -1.7020132e+01 -1.7020132e+01 -1.6966002e+01 -1.6966002e+01 -1.6966002e+01 -1.6961837e+01 -1.6961837e+01 -1.6887297e+01 -1.6887297e+01 -1.6887297e+01 -1.0141182e+01 -7.9713973e+00 -7.9713973e+00 -7.9713973e+00 -2.5903398e+00 -2.5903398e+00 -2.5903398e+00 -1.0244004e-01 +1.4295879e+00 +1.4295879e+00 +1.4295879e+00 +3.5923734e+00 +3.5923734e+00 +3.5923734e+00 +5.9011689e+00 +5.9011689e+00 
-1.7162669e+01 -1.7162669e+01 -1.7162669e+01 -1.7131118e+01 -1.7097202e+01 -1.7097202e+01 -1.7079446e+01 -1.7079446e+01 -1.7079446e+01 -1.7029427e+01 -1.7029427e+01 -1.7029427e+01 -1.6965357e+01 -1.6965357e+01 -1.6965357e+01 -1.6955804e+01 -1.6955804e+01 -1.6888030e+01 -1.6888030e+01 -1.6888030e+01 -1.0014408e+01 -8.0083645e+00 -8.0083645e+00 -8.0083645e+00 -2.7169068e+00 -2.7169068e+00 -2.7169068e+00 -4.4869318e-01 +1.6823000e+00 +1.6823000e+00 +1.6823000e+00 +3.7296576e+00 +3.7296576e+00 +3.7296576e+00 +5.8382919e+00 +5.8382920e+00 
-1.7158211e+01 -1.7158211e+01 -1.7158211e+01 -1.7132063e+01 -1.7098458e+01 -1.7098458e+01 -1.7080445e+01 -1.7080445e+01 -1.7080445e+01 -1.7038512e+01 -1.7038512e+01 -1.7038512e+01 -1.6962739e+01 -1.6962739e+01 -1.6962739e+01 -1.6949699e+01 -1.6949699e+01 -1.6888742e+01 -1.6888742e+01 -1.6888742e+01 -9.8835083e+00 -8.0420267e+00 -8.0420267e+00 -8.0420267e+00 -2.8434486e+00 -2.8434486e+00 -2.8434486e+00 -7.8571083e-01 +1.9497343e+00 +1.9497343e+00 +1.9497343e+00 +3.8699192e+00 +3.8699192e+00 +3.8699192e+00 +5.7790422e+00 +5.7790422e+00 
-1.7154023e+01 -1.7154023e+01 -1.7154023e+01 -1.7133045e+01 -1.7099861e+01 -1.7099861e+01 -1.7083017e+01 -1.7083017e+01 -1.7083017e+01 -1.7047321e+01 -1.7047321e+01 -1.7047321e+01 -1.6958451e+01 -1.6958451e+01 -1.6958451e+01 -1.6943610e+01 -1.6943610e+01 -1.6889430e+01 -1.6889430e+01 -1.6889430e+01 -9.7489701e+00 -8.0724289e+00 -8.0724289e+00 -8.0724289e+00 -2.9678609e+00 -2.9678609e+00 -2.9678609e+00 -1.1131336e+00 +2.2296565e+00 +2.2296565e+00 +2.2296565e+00 +4.0124675e+00 +4.0124675e+00 +4.0124676e+00 +5.7237810e+00 +5.7237811e+00 
-1.7150135e+01 -1.7150135e+01 -1.7150135e+01 -1.7134048e+01 -1.7101362e+01 -1.7101362e+01 -1.7086752e+01 -1.7086752e+01 -1.7086752e+01 -1.7055794e+01 -1.7055794e+01 -1.7055794e+01 -1.6952922e+01 -1.6952922e+01 -1.6952922e+01 -1.6937620e+01 -1.6937620e+01 -1.6890092e+01 -1.6890092e+01 -1.6890092e+01 -9.6113870e+00 -8.0996483e+00 -8.0996483e+00 -8.0996483e+00 -3.0884987e+00 -3.0884987e+00 -3.0884987e+00 -1.4304263e+00 +2.5200503e+00 +2.5200503e+00 +2.5200503e+00 +4.1564759e+00 +4.1564759e+00 +4.1564759e+00 +5.6728622e+00 +5.6728622e+00 
-1.7146586e+01 -1.7146586e+01 -1.7146586e+01 -1.7135059e+01 -1.7102917e+01 -1.7102917e+01 -1.7091216e+01 -1.7091216e+01 -1.7091216e+01 -1.7063874e+01 -1.7063874e+01 -1.7063874e+01 -1.6946595e+01 -1.6946595e+01 -1.6946595e+01 -1.6931808e+01 -1.6931808e+01 -1.6890725e+01 -1.6890725e+01 -1.6890725e+01 -9.4714870e+00 -8.1237900e+00 -8.1237900e+00 -8.1237900e+00 -3.2040513e+00 -3.2040513e+00 -3.2040513e+00 -1.7368660e+00 +2.8188628e+00 +2.8188628e+00 +2.8188628e+00 +4.3009397e+00 +4.3009397e+00 +4.3009397e+00 +5.6266256e+00 +5.6266256e+00 
-1.7143426e+01 -1.7143426e+01 -1.7143426e+01 -1.7136061e+01 -1.7104484e+01 -1.7104484e+01 -1.7096014e+01 -1.7096014e+01 -1.7096014e+01 -1.7071507e+01 -1.7071507e+01 -1.7071507e+01 -1.6939859e+01 -1.6939859e+01 -1.6939859e+01 -1.6926247e+01 -1.6926247e+01 -1.6891325e+01 -1.6891325e+01 -1.6891325e+01 -9.3301671e+00 -8.1449831e+00 -8.1449831e+00 -8.1449831e+00 -3.3134537e+00 -3.3134537e+00 -3.3134537e+00 -2.0315248e+00 +3.1237390e+00 +3.1237390e+00 +3.1237390e+00 +4.4446339e+00 +4.4446339e+00 +4.4446339e+00 +5.5853825e+00 +5.5853825e+00 
-1.7140725e+01 -1.7140725e+01 -1.7140725e+01 -1.7137040e+01 -1.7106028e+01 -1.7106028e+01 -1.7100797e+01 -1.7100797e+01 -1.7100797e+01 -1.7078643e+01 -1.7078643e+01 -1.7078643e+01 -1.6933037e+01 -1.6933037e+01 -1.6933037e+01 -1.6921004e+01 -1.6921004e+01 -1.6891888e+01 -1.6891888e+01 -1.6891888e+01 -9.1885362e+00 -8.1633763e+00 -8.1633763e+00 -8.1633763e+00 -3.4158250e+00 -3.4158250e+00 -3.4158250e+00 -2.3132425e+00 +3.4317337e+00 +3.4317337e+00 +3.4317337e+00 +4.5860787e+00 +4.5860787e+00 +4.5860787e+00 +5.5493888e+00 +5.5493888e+00 
-1.7138587e+01 -1.7138587e+01 -1.7138587e+01 -1.7137979e+01 -1.7107518e+01 -1.7107518e+01 -1.7105250e+01 -1.7105250e+01 -1.7105250e+01 -1.7085237e+01 -1.7085237e+01 -1.7085237e+01 -1.6926383e+01 -1.6926383e+01 -1.6926383e+01 -1.6916140e+01 -1.6916140e+01 -1.6892412e+01 -1.6892412e+01 -1.6892412e+01 -9.0479663e+00 -8.1791338e+00 -8.1791338e+00 -8.1791338e+00 -3.5104257e+00 -3.5104257e+00 -3.5104257e+00 -2.5805909e+00 +3.7390081e+00 +3.7390081e+00 +3.7390081e+00 +4.7235245e+00 +4.7235245e+00 +4.7235245e+00 +5.5188093e+00 +5.5188093e+00 
-1.7138865e+01 -1.7137145e+01 -1.7137145e+01 -1.7137145e+01 -1.7109074e+01 -1.7109074e+01 -1.7109074e+01 -1.7108924e+01 -1.7108924e+01 -1.7091249e+01 -1.7091249e+01 -1.7091249e+01 -1.6920099e+01 -1.6920099e+01 -1.6920099e+01 -1.6911708e+01 -1.6911708e+01 -1.6892891e+01 -1.6892891e+01 -1.6892891e+01 -8.9101501e+00 -8.1924310e+00 -8.1924310e+00 -8.1924310e+00 -3.5966305e+00 -3.5966305e+00 -3.5966305e+00 -2.8318279e+00 +4.0405557e+00 +4.0405557e+00 +4.0405557e+00 +4.8549668e+00 +4.8549668e+00 +4.8549668e+00 +5.4936736e+00 +5.4936736e+00 
-1.7139682e+01 -1.7136539e+01 -1.7136539e+01 -1.7136539e+01 -1.7112004e+01 -1.7112004e+01 -1.7112004e+01 -1.7110222e+01 -1.7110222e+01 -1.7096642e+01 -1.7096642e+01 -1.7096642e+01 -1.6914341e+01 -1.6914341e+01 -1.6914341e+01 -1.6907749e+01 -1.6907749e+01 -1.6893324e+01 -1.6893324e+01 -1.6893324e+01 -8.7771599e+00 -8.2034511e+00 -8.2034511e+00 -8.2034511e+00 -3.6739090e+00 -3.6739090e+00 -3.6739090e+00 -3.0648471e+00 +4.3300630e+00 +4.3300630e+00 +4.3300630e+00 +4.9781997e+00 +4.9781997e+00 +4.9781997e+00 +5.4738333e+00 +5.4738333e+00 
-1.7140418e+01 -1.7136810e+01 -1.7136810e+01 -1.7136810e+01 -1.7113904e+01 -1.7113904e+01 -1.7113904e+01 -1.7111391e+01 -1.7111391e+01 -1.7101383e+01 -1.7101383e+01 -1.7101383e+01 -1.6909226e+01 -1.6909226e+01 -1.6909226e+01 -1.6904298e+01 -1.6904298e+01 -1.6893706e+01 -1.6893706e+01 -1.6893706e+01 -8.6514977e+00 -8.2123839e+00 -8.2123839e+00 -8.2123839e+00 -3.7418123e+00 -3.7418123e+00 -3.7418123e+00 -3.2771324e+00 +4.6000653e+00 +4.6000653e+00 +4.6000653e+00 +5.0909083e+00 +5.0909083e+00 +5.0909083e+00 +5.4589319e+00 +5.4589319e+00 
-1.7141061e+01 -1.7137789e+01 -1.7137789e+01 -1.7137789e+01 -1.7114870e+01 -1.7114870e+01 -1.7114870e+01 -1.7112412e+01 -1.7112412e+01 -1.7105443e+01 -1.7105443e+01 -1.7105443e+01 -1.6904836e+01 -1.6904836e+01 -1.6904836e+01 -1.6901376e+01 -1.6901376e+01 -1.6894035e+01 -1.6894035e+01 -1.6894035e+01 -8.5361150e+00 -8.2194249e+00 -8.2194249e+00 -8.2194249e+00 -3.7999609e+00 -3.7999609e+00 -3.7999609e+00 -3.4657372e+00 +4.8425357e+00 +4.8425357e+00 +4.8425357e+00 +5.1907923e+00 +5.1907923e+00 +5.1907923e+00 +5.4484008e+00 +5.4484008e+00 
-1.7141601e+01 -1.7139132e+01 -1.7139132e+01 -1.7139132e+01 -1.7115189e+01 -1.7115189e+01 -1.7115189e+01 -1.7113268e+01 -1.7113268e+01 -1.7108799e+01 -1.7108799e+01 -1.7108799e+01 -1.6901222e+01 -1.6901222e+01 -1.6901222e+01 -1.6898992e+01 -1.6898992e+01 -1.6894307e+01 -1.6894307e+01 -1.6894307e+01 -8.4343720e+00 -8.2247761e+00 -8.2247761e+00 -8.2247761e+00 -3.8480331e+00 -3.8480331e+00 -3.8480331e+00 -3.6273227e+00 +5.0498676e+00 +5.0498676e+00 +5.0498676e+00 +5.2757017e+00 +5.2757017e+00 +5.2757017e+00 +5.4414931e+00 +5.4414931e+00 
-1.7142030e+01 -1.7140493e+01 -1.7140493e+01 -1.7140493e+01 -1.7115165e+01 -1.7115165e+01 -1.7115165e+01 -1.7113949e+01 -1.7113948e+01 -1.7111430e+01 -1.7111430e+01 -1.7111430e+01 -1.6898408e+01 -1.6898408e+01 -1.6898408e+01 -1.6897149e+01 -1.6897149e+01 -1.6894522e+01 -1.6894522e+01 -1.6894522e+01 -8.3498912e+00 -8.2286431e+00 -8.2286431e+00 -8.2286431e+00 -3.8857534e+00 -3.8857534e+00 -3.8857534e+00 -3.7582974e+00 +5.2159035e+00 +5.2159036e+00 +5.2159036e+00 +5.3437610e+00 +5.3437610e+00 +5.3437610e+00 +5.4373586e+00 +5.4373586e+00 
-1.7142342e+01 -1.7141615e+01 -1.7141615e+01 -1.7141615e+01 -1.7115021e+01 -1.7115021e+01 -1.7115021e+01 -1.7114442e+01 -1.7114442e+01 -1.7113321e+01 -1.7113321e+01 -1.7113321e+01 -1.6896402e+01 -1.6896402e+01 -1.6896402e+01 -1.6895841e+01 -1.6895841e+01 -1.6894677e+01 -1.6894677e+01 -1.6894677e+01 -8.2862684e+00 -8.2312249e+00 -8.2312249e+00 -8.2312249e+00 -3.9128884e+00 -3.9128884e+00 -3.9128884e+00 -3.8550993e+00 +5.3365148e+00 +5.3365149e+00 +5.3365149e+00 +5.3934626e+00 +5.3934626e+00 +5.3934626e+00 +5.4351515e+00 +5.4351515e+00 
-1.7142531e+01 -1.7142343e+01 -1.7142343e+01 -1.7142343e+01 -1.7114891e+01 -1.7114891e+01 -1.7114891e+01 -1.7114741e+01 -1.7114741e+01 -1.7114460e+01 -1.7114460e+01 -1.7114460e+01 -1.6895201e+01 -1.6895201e+01 -1.6895201e+01 -1.6895060e+01 -1.6895060e+01 -1.6894770e+01 -1.6894770e+01 -1.6894770e+01 -8.2466386e+00 -8.2326939e+00 -8.2326939e+00 -8.2326939e+00 -3.9292521e+00 -3.9292521e+00 -3.9292521e+00 -3.9146230e+00 +5.4094787e+00 +5.4094787e+00 +5.4094787e+00 +5.4237179e+00 +5.4237179e+00 +5.4237179e+00 +5.4341516e+00 +5.4341516e+00 
-1.7142594e+01 -1.7142594e+01 -1.7142594e+01 -1.7142594e+01 -1.7114841e+01 -1.7114841e+01 -1.7114841e+01 -1.7114841e+01 -1.7114841e+01 -1.7114841e+01 -1.7114841e+01 -1.7114841e+01 -1.6894801e+01 -1.6894801e+01 -1.6894801e+01 -1.6894801e+01 -1.6894801e+01 -1.6894801e+01 -1.6894801e+01 -1.6894801e+01 -8.2331693e+00 -8.2331693e+00 -8.2331693e+00 -8.2331693e+00 -3.9347212e+00 -3.9347212e+00 -3.9347212e+00 -3.9347212e+00 +5.4338751e+00 +5.4338751e+00 +5.4338751e+00 +5.4338751e+00 +5.4338752e+00 +5.4338752e+00 +5.4338752e+00 +5.4338752e+00 
-1.7142460e+01 -1.7142460e+01 -1.7142318e+01 -1.7142318e+01 -1.7114896e+01 -1.7114896e+01 -1.7114813e+01 -1.7114813e+01 -1.7114619e+01 -1.7114619e+01 -1.7114439e+01 -1.7114439e+01 -1.6895212e+01 -1.6895212e+01 -1.6895121e+01 -1.6895121e+01 -1.6894853e+01 -1.6894853e+01 -1.6894832e+01 -1.6894832e+01 -8.2414339e+00 -8.2414339e+00 -8.2309410e+00 -8.2309410e+00 -3.9310792e+00 -3.9310792e+00 -3.9200742e+00 -3.9200742e+00 +5.4039506e+00 +5.4039506e+00 +5.4247673e+00 +5.4247673e+00 +5.4272991e+00 +5.4272991e+00 +5.4278304e+00 +5.4278304e+00 
-1.7142070e+01 -1.7142070e+01 -1.7141510e+01 -1.7141510e+01 -1.7115061e+01 -1.7115061e+01 -1.7114722e+01 -1.7114722e+01 -1.7113957e+01 -1.7113957e+01 -1.7113221e+01 -1.7113221e+01 -1.6896449e+01 -1.6896449e+01 -1.6896080e+01 -1.6896080e+01 -1.6895011e+01 -1.6895011e+01 -1.6894925e+01 -1.6894925e+01 -8.2658417e+00 -8.2658417e+00 -8.2242374e+00 -8.2242374e+00 -3.9201607e+00 -3.9201607e+00 -3.8765266e+00 -3.8765266e+00 +5.3144911e+00 +5.3144911e+00 +5.3973586e+00 +5.3973586e+00 +5.4079295e+00 +5.4079295e+00 +5.4098467e+00 +5.4098467e+00 
-1.7141455e+01 -1.7141455e+01 -1.7140220e+01 -1.7140220e+01 -1.7115334e+01 -1.7115334e+01 -1.7114552e+01 -1.7114552e+01 -1.7112858e+01 -1.7112858e+01 -1.7111153e+01 -1.7111153e+01 -1.6898519e+01 -1.6898519e+01 -1.6897682e+01 -1.6897682e+01 -1.6895275e+01 -1.6895275e+01 -1.6895079e+01 -1.6895079e+01 -8.3052949e+00 -8.3052949e+00 -8.2130110e+00 -8.2130110e+00 -3.9019868e+00 -3.9019868e+00 -3.8051964e+00 -3.8051964e+00 +5.1670149e+00 +5.1670149e+00 +5.3513951e+00 +5.3513951e+00 +5.3767224e+00 +5.3767224e+00 +5.3803694e+00 +5.3803694e+00 
-1.7140671e+01 -1.7140671e+01 -1.7138527e+01 -1.7138527e+01 -1.7115713e+01 -1.7115713e+01 -1.7114267e+01 -1.7114267e+01 -1.7111329e+01 -1.7111329e+01 -1.7108188e+01 -1.7108188e+01 -1.6901427e+01 -1.6901427e+01 -1.6899930e+01 -1.6899930e+01 -1.6895651e+01 -1.6895651e+01 -1.6895296e+01 -1.6895296e+01 -8.3581454e+00 -8.3581454e+00 -8.1972087e+00 -8.1972087e+00 -3.8765880e+00 -3.8765880e+00 -3.7077622e+00 -3.7077622e+00 +4.9654537e+00 +4.9654537e+00 +5.2864638e+00 +5.2864638e+00 +5.3349362e+00 +5.3349362e+00 +5.3401200e+00 +5.3401200e+00 
-1.7139796e+01 -1.7139796e+01 -1.7136517e+01 -1.7136517e+01 -1.7116191e+01 -1.7116191e+01 -1.7113816e+01 -1.7113816e+01 -1.7109381e+01 -1.7109381e+01 -1.7104285e+01 -1.7104285e+01 -1.6905166e+01 -1.6905166e+01 -1.6902831e+01 -1.6902831e+01 -1.6896144e+01 -1.6896144e+01 -1.6895575e+01 -1.6895575e+01 -8.4224071e+00 -8.4224071e+00 -8.1767931e+00 -8.1767931e+00 -3.8439997e+00 -3.8439997e+00 -3.5862512e+00 -3.5862512e+00 +4.7168675e+00 +4.7168675e+00 +5.2020249e+00 +5.2020249e+00 +5.2838188e+00 +5.2838188e+00 +5.2900639e+00 +5.2900639e+00 
-1.7138932e+01 -1.7138932e+01 -1.7134271e+01 -1.7134271e+01 -1.7116760e+01 -1.7116760e+01 -1.7113130e+01 -1.7113130e+01 -1.7107026e+01 -1.7107026e+01 -1.7099425e+01 -1.7099425e+01 -1.6909708e+01 -1.6909708e+01 -1.6906390e+01 -1.6906390e+01 -1.6896759e+01 -1.6896759e+01 -1.6895912e+01 -1.6895912e+01 -8.4959627e+00 -8.4959627e+00 -8.1517565e+00 -8.1517565e+00 -3.8042596e+00 -3.8042596e+00 -3.4428355e+00 -3.4428355e+00 +4.4308905e+00 +4.4308905e+00 +5.0974929e+00 +5.0974929e+00 +5.2244244e+00 +5.2244244e+00 +5.2313680e+00 +5.2313680e+00 
-1.7138195e+01 -1.7138195e+01 -1.7131853e+01 -1.7131853e+01 -1.7117405e+01 -1.7117405e+01 -1.7112131e+01 -1.7112131e+01 -1.7104279e+01 -1.7104279e+01 -1.7093620e+01 -1.7093620e+01 -1.6915001e+01 -1.6915001e+01 -1.6910607e+01 -1.6910607e+01 -1.6897505e+01 -1.6897505e+01 -1.6896304e+01 -1.6896304e+01 -8.5767277e+00 -8.5767277e+00 -8.1221250e+00 -8.1221250e+00 -3.7574072e+00 -3.7574072e+00 -3.2796759e+00 -3.2796759e+00 +4.1181592e+00 +4.1181592e+00 +4.9723867e+00 +4.9723867e+00 +5.1576130e+00 +5.1576130e+00 +5.1653466e+00 +5.1653466e+00 
-1.7137705e+01 -1.7137705e+01 -1.7129300e+01 -1.7129300e+01 -1.7118112e+01 -1.7118112e+01 -1.7110744e+01 -1.7110744e+01 -1.7101158e+01 -1.7101158e+01 -1.7086920e+01 -1.7086920e+01 -1.6920966e+01 -1.6920966e+01 -1.6915471e+01 -1.6915471e+01 -1.6898390e+01 -1.6898390e+01 -1.6896742e+01 -1.6896742e+01 -8.6627580e+00 -8.6627580e+00 -8.0879581e+00 -8.0879581e+00 -3.7034873e+00 -3.7034873e+00 -3.0988222e+00 -3.0988222e+00 +3.7886435e+00 +3.7886435e+00 +4.8265481e+00 +4.8265481e+00 +5.0841730e+00 +5.0841730e+00 +5.0934022e+00 +5.0934022e+00 
-1.7137562e+01 -1.7137562e+01 -1.7126636e+01 -1.7126636e+01 -1.7118860e+01 -1.7118860e+01 -1.7108926e+01 -1.7108926e+01 -1.7097683e+01 -1.7097683e+01 -1.7079406e+01 -1.7079406e+01 -1.6927503e+01 -1.6927503e+01 -1.6920958e+01 -1.6920958e+01 -1.6899421e+01 -1.6899421e+01 -1.6897215e+01 -1.6897215e+01 -8.7523070e+00 -8.7523070e+00 -8.0493462e+00 -8.0493462e+00 -3.6425550e+00 -3.6425550e+00 -2.9021651e+00 -2.9021651e+00 +3.4506067e+00 +3.4506067e+00 +4.6603815e+00 +4.6603815e+00 +5.0049602e+00 +5.0049602e+00 +5.0169639e+00 +5.0169639e+00 
-1.7137827e+01 -1.7137827e+01 -1.7123870e+01 -1.7123870e+01 -1.7119628e+01 -1.7119628e+01 -1.7106679e+01 -1.7106679e+01 -1.7093877e+01 -1.7093877e+01 -1.7071186e+01 -1.7071186e+01 -1.6934491e+01 -1.6934491e+01 -1.6927029e+01 -1.6927029e+01 -1.6900606e+01 -1.6900606e+01 -1.6897705e+01 -1.6897705e+01 -8.8438447e+00 -8.8438447e+00 -8.0064100e+00 -8.0064100e+00 -3.5746796e+00 -3.5746796e+00 -2.6914238e+00 -2.6914238e+00 +3.1103176e+00 +3.1103176e+00 +4.4750384e+00 +4.4750384e+00 +4.9209740e+00 +4.9209740e+00 +4.9374285e+00 +4.9374285e+00 
-1.7138527e+01 -1.7138527e+01 -1.7121007e+01 -1.7121007e+01 -1.7120392e+01 -1.7120392e+01 -1.7104053e+01 -1.7104053e+01 -1.7089762e+01 -1.7089762e+01 -1.7062383e+01 -1.7062383e+01 -1.6941796e+01 -1.6941796e+01 -1.6933632e+01 -1.6933632e+01 -1.6901954e+01 -1.6901954e+01 -1.6898190e+01 -1.6898190e+01 -8.9360544e+00 -8.9360544e+00 -7.9593014e+00 -7.9593014e+00 -3.4999486e+00 -3.4999486e+00 -2.4681568e+00 -2.4681568e+00 +2.7722598e+00 +2.7722598e+00 +4.2724670e+00 +4.2724670e+00 +4.8333546e+00 +4.8333546e+00 +4.8561077e+00 +4.8561077e+00 
-1.7139660e+01 -1.7139660e+01 -1.7121126e+01 -1.7121126e+01 -1.7118054e+01 -1.7118054e+01 -1.7101132e+01 -1.7101132e+01 -1.7085366e+01 -1.7085366e+01 -1.7053134e+01 -1.7053134e+01 -1.6949270e+01 -1.6949270e+01 -1.6940707e+01 -1.6940707e+01 -1.6903468e+01 -1.6903468e+01 -1.6898640e+01 -1.6898640e+01 -9.0278162e+00 -9.0278162e+00 -7.9082061e+00 -7.9082061e+00 -3.4184691e+00 -3.4184691e+00 -2.2337850e+00 -2.2337850e+00 +2.4395361e+00 +2.4395361e+00 +4.0552945e+00 +4.0552945e+00 +4.7433269e+00 +4.7433269e+00 +4.7741865e+00 +4.7741865e+00 
-1.7141213e+01 -1.7141213e+01 -1.7121805e+01 -1.7121805e+01 -1.7115018e+01 -1.7115018e+01 -1.7098021e+01 -1.7098021e+01 -1.7080716e+01 -1.7080716e+01 -1.7043589e+01 -1.7043589e+01 -1.6956756e+01 -1.6956756e+01 -1.6948190e+01 -1.6948190e+01 -1.6905155e+01 -1.6905155e+01 -1.6899016e+01 -1.6899016e+01 -9.1181853e+00 -9.1181853e+00 -7.8533488e+00 -7.8533488e+00 -3.3303693e+00 -3.3303693e+00 -1.9896221e+00 -1.9896221e+00 +2.1142770e+00 +2.1142770e+00 +3.8265742e+00 +3.8265742e+00 +4.6521293e+00 +4.6521293e+00 +4.6926935e+00 +4.6926935e+00 
-1.7143168e+01 -1.7143168e+01 -1.7122400e+01 -1.7122400e+01 -1.7111910e+01 -1.7111910e+01 -1.7094835e+01 -1.7094835e+01 -1.7075841e+01 -1.7075841e+01 -1.7033908e+01 -1.7033908e+01 -1.6964086e+01 -1.6964086e+01 -1.6956012e+01 -1.6956012e+01 -1.6907017e+01 -1.6907017e+01 -1.6899271e+01 -1.6899271e+01 -9.2063687e+00 -9.2063687e+00 -7.7949989e+00 -7.7949989e+00 -3.2358000e+00 -3.2358000e+00 -1.7369062e+00 -1.7369062e+00 +1.7979742e+00 +1.7979742e+00 +3.5894774e+00 +3.5894774e+00 +4.5609549e+00 +4.5609549e+00 +4.6124874e+00 +4.6124874e+00 
-1.7145511e+01 -1.7145511e+01 -1.7122884e+01 -1.7122884e+01 -1.7108743e+01 -1.7108743e+01 -1.7091692e+01 -1.7091692e+01 -1.7070773e+01 -1.7070773e+01 -1.7024265e+01 -1.7024265e+01 -1.6971093e+01 -1.6971093e+01 -1.6964106e+01 -1.6964106e+01 -1.6909054e+01 -1.6909054e+01 -1.6899345e+01 -1.6899345e+01 -9.2917034e+00 -9.2917034e+00 -7.7334776e+00 -7.7334776e+00 -3.1349368e+00 -3.1349368e+00 -1.4768328e+00 -1.4768328e+00 +1.4917267e+00 +1.4917267e+00 +3.3470182e+00 +3.3470182e+00 +4.4709153e+00 +4.4709153e+00 +4.5342606e+00 +4.5342606e+00 
-1.7148225e+01 -1.7148225e+01 -1.7123228e+01 -1.7123228e+01 -1.7105537e+01 -1.7105537e+01 -1.7088708e+01 -1.7088708e+01 -1.7065542e+01 -1.7065542e+01 -1.7014842e+01 -1.7014842e+01 -1.6977606e+01 -1.6977606e+01 -1.6972403e+01 -1.6972403e+01 -1.6911265e+01 -1.6911265e+01 -1.6899166e+01 -1.6899166e+01 -9.3736355e+00 -9.3736355e+00 -7.6691666e+00 -7.6691666e+00 -3.0279847e+00 -3.0279847e+00 -1.2105878e+00 -1.2105878e+00 +1.1964120e+00 +1.1964120e+00 +3.1018651e+00 +3.1018651e+00 +4.3830281e+00 +4.3830281e+00 +4.4585592e+00 +4.4585592e+00 
-1.7151286e+01 -1.7151286e+01 -1.7123403e+01 -1.7123403e+01 -1.7102312e+01 -1.7102312e+01 -1.7085996e+01 -1.7085996e+01 -1.7060181e+01 -1.7060181e+01 -1.7005831e+01 -1.7005831e+01 -1.6983469e+01 -1.6983469e+01 -1.6980837e+01 -1.6980837e+01 -1.6913646e+01 -1.6913646e+01 -1.6898651e+01 -1.6898651e+01 -9.4517034e+00 -9.4517034e+00 -7.6025169e+00 -7.6025169e+00 -2.9151841e+00 -2.9151841e+00 -9.3938183e-01 -9.3938183e-01 +9.1280250e-01 +9.1280250e-01 +2.8562567e+00 +2.8562567e+00 +4.2982246e+00 +4.2982246e+00 +4.3858162e+00 +4.3858162e+00 
-1.7154665e+01 -1.7154665e+01 -1.7123381e+01 -1.7123381e+01 -1.7099092e+01 -1.7099092e+01 -1.7083655e+01 -1.7083655e+01 -1.7054723e+01 -1.7054723e+01 -1.6997427e+01 -1.6997427e+01 -1.6989343e+01 -1.6989343e+01 -1.6988544e+01 -1.6988544e+01 -1.6916191e+01 -1.6916191e+01 -1.6897714e+01 -1.6897714e+01 -9.5255221e+00 -9.5255221e+00 -7.5340587e+00 -7.5340587e+00 -2.7968208e+00 -2.7968208e+00 -6.6448728e-01 -6.6448728e-01 +6.4164425e-01 +6.4164425e-01 +2.6120028e+00 +2.6120028e+00 +4.2173696e+00 +4.2173696e+00 +4.3163901e+00 +4.3163901e+00 
-1.7158318e+01 -1.7158318e+01 -1.7123136e+01 -1.7123136e+01 -1.7095905e+01 -1.7095905e+01 -1.7081764e+01 -1.7081764e+01 -1.7049204e+01 -1.7049204e+01 -1.6997857e+01 -1.6997857e+01 -1.6992734e+01 -1.6992734e+01 -1.6989813e+01 -1.6989813e+01 -1.6918891e+01 -1.6918891e+01 -1.6896271e+01 -1.6896271e+01 -9.5947703e+00 -9.5947703e+00 -7.4644113e+00 -7.4644113e+00 -2.6732404e+00 -2.6732404e+00 -3.8728439e-01 -3.8728439e-01 +3.8371012e-01 +3.8371012e-01 +2.3705464e+00 +2.3705464e+00 +4.1412911e+00 +4.1412911e+00 +4.2506000e+00 +4.2506000e+00 
-1.7162186e+01 -1.7162186e+01 -1.7122642e+01 -1.7122642e+01 -1.7092780e+01 -1.7092780e+01 -1.7080365e+01 -1.7080365e+01 -1.7043659e+01 -1.7043659e+01 -1.7006317e+01 -1.7006317e+01 -1.6995993e+01 -1.6995993e+01 -1.6983144e+01 -1.6983144e+01 -1.6921735e+01 -1.6921735e+01 -1.6894267e+01 -1.6894267e+01 -9.6591797e+00 -9.6591797e+00 -7.3942926e+00 -7.3942926e+00 -2.5448690e+00 -2.5448690e+00 -1.0932152e-01 -1.0932152e-01 +1.3983678e-01 +1.3983678e-01 +2.1330579e+00 +2.1330579e+00 +4.0708162e+00 +4.0708162e+00 +4.1887498e+00 +4.1887498e+00 
-1.7166192e+01 -1.7166192e+01 -1.7121878e+01 -1.7121878e+01 -1.7089749e+01 -1.7089749e+01 -1.7079456e+01 -1.7079456e+01 -1.7038126e+01 -1.7038126e+01 -1.7014660e+01 -1.7014660e+01 -1.6998340e+01 -1.6998340e+01 -1.6977517e+01 -1.6977517e+01 -1.6924707e+01 -1.6924707e+01 -1.6891694e+01 -1.6891694e+01 -9.7185259e+00 -9.7185259e+00 -7.3245265e+00 -7.3245265e+00 -2.4122447e+00 -2.4122447e+00 -8.9050346e-02 -8.9050346e-02 +1.6759921e-01 +1.6759921e-01 +1.9005458e+00 +1.9005458e+00 +4.0068085e+00 +4.0068085e+00 +4.1311391e+00 +4.1311391e+00 
-1.7170246e+01 -1.7170246e+01 -1.7120827e+01 -1.7120827e+01 -1.7086847e+01 -1.7086847e+01 -1.7078991e+01 -1.7078991e+01 -1.7032649e+01 -1.7032649e+01 -1.7022825e+01 -1.7022825e+01 -1.6999857e+01 -1.6999857e+01 -1.6972958e+01 -1.6972958e+01 -1.6927787e+01 -1.6927787e+01 -1.6888612e+01 -1.6888612e+01 -9.7726212e+00 -9.7726212e+00 -7.2560482e+00 -7.2560482e+00 -2.2760646e+00 -2.2760646e+00 -3.0192141e-01 -3.0192141e-01 +4.4129791e-01 +4.4129791e-01 +1.6739766e+00 +1.6739766e+00 +3.9502052e+00 +3.9502052e+00 +4.0780624e+00 +4.0780624e+00 
-1.7174247e+01 -1.7174247e+01 -1.7119479e+01 -1.7119479e+01 -1.7084110e+01 -1.7084110e+01 -1.7078886e+01 -1.7078886e+01 -1.7030749e+01 -1.7030749e+01 -1.7027276e+01 -1.7027276e+01 -1.7000677e+01 -1.7000677e+01 -1.6969411e+01 -1.6969411e+01 -1.6930948e+01 -1.6930948e+01 -1.6885152e+01 -1.6885152e+01 -9.8213092e+00 -9.8213092e+00 -7.1899030e+00 -7.1899030e+00 -2.1372575e+00 -2.1372575e+00 -4.9763590e-01 -4.9763590e-01 +7.0904049e-01 +7.0904049e-01 +1.4544091e+00 +1.4544091e+00 +3.9020403e+00 +3.9020403e+00 +4.0298014e+00 +4.0298014e+00 
-1.7178087e+01 -1.7178087e+01 -1.7117831e+01 -1.7117831e+01 -1.7081575e+01 -1.7081575e+01 -1.7079041e+01 -1.7079041e+01 -1.7038367e+01 -1.7038367e+01 -1.7022065e+01 -1.7022065e+01 -1.7000964e+01 -1.7000964e+01 -1.6966758e+01 -1.6966758e+01 -1.6934153e+01 -1.6934153e+01 -1.6881504e+01 -1.6881504e+01 -9.8644605e+00 -9.8644605e+00 -7.1272373e+00 -7.1272373e+00 -1.9970985e+00 -1.9970985e+00 -6.7494730e-01 -6.7494730e-01 +9.6730456e-01 +9.6730456e-01 +1.2431563e+00 +1.2431563e+00 +3.8634300e+00 +3.8634300e+00 +3.9866166e+00 +3.9866166e+00 
-1.7181662e+01 -1.7181662e+01 -1.7115897e+01 -1.7115897e+01 -1.7079355e+01 -1.7079355e+01 -1.7079279e+01 -1.7079279e+01 -1.7045604e+01 -1.7045604e+01 -1.7017087e+01 -1.7017087e+01 -1.7000885e+01 -1.7000885e+01 -1.6964849e+01 -1.6964849e+01 -1.6937350e+01 -1.6937350e+01 -1.6877886e+01 -1.6877886e+01 -9.9019707e+00 -9.9019707e+00 -7.0692791e+00 -7.0692791e+00 -1.8573913e+00 -1.8573913e+00 -8.3252176e-01 -8.3252176e-01 +1.0420039e+00 +1.0420039e+00 +1.2115142e+00 +1.2115142e+00 +3.8354661e+00 +3.8354661e+00 +3.9487399e+00 +3.9487399e+00 
-1.7184869e+01 -1.7184869e+01 -1.7113711e+01 -1.7113711e+01 -1.7079739e+01 -1.7079739e+01 -1.7077259e+01 -1.7077259e+01 -1.7052372e+01 -1.7052372e+01 -1.7012431e+01 -1.7012431e+01 -1.7000594e+01 -1.7000594e+01 -1.6963524e+01 -1.6963524e+01 -1.6940468e+01 -1.6940468e+01 -1.6874515e+01 -1.6874515e+01 -9.9337606e+00 -9.9337606e+00 -7.0173037e+00 -7.0173037e+00 -1.7207595e+00 -1.7207595e+00 -9.6897445e-01 -9.6897445e-01 +8.5352710e-01 +8.5352710e-01 +1.4358422e+00 +1.4358422e+00 +3.8189304e+00 +3.8189304e+00 +3.9163702e+00 +3.9163702e+00 
-1.7187620e+01 -1.7187620e+01 -1.7111345e+01 -1.7111345e+01 -1.7080125e+01 -1.7080125e+01 -1.7075550e+01 -1.7075550e+01 -1.7058552e+01 -1.7058552e+01 -1.7008216e+01 -1.7008216e+01 -1.7000218e+01 -1.7000218e+01 -1.6962640e+01 -1.6962640e+01 -1.6943402e+01 -1.6943402e+01 -1.6871587e+01 -1.6871587e+01 -9.9597770e+00 -9.9597770e+00 -6.9725827e+00 -6.9725827e+00 -1.5910973e+00 -1.5910973e+00 -1.0829267e+00 -1.0829267e+00 +6.8155882e-01 +6.8155882e-01 +1.6332853e+00 +1.6332853e+00 +3.8137342e+00 +3.8137342e+00 +3.8896720e+00 +3.8896720e+00 
-1.7189840e+01 -1.7189840e+01 -1.7108933e+01 -1.7108933e+01 -1.7080463e+01 -1.7080463e+01 -1.7074184e+01 -1.7074184e+01 -1.7063972e+01 -1.7063972e+01 -1.7004596e+01 -1.7004596e+01 -1.6999852e+01 -1.6999852e+01 -1.6962075e+01 -1.6962075e+01 -1.6946012e+01 -1.6946012e+01 -1.6869254e+01 -1.6869254e+01 -9.9799939e+00 -9.9799939e+00 -6.9363194e+00 -6.9363194e+00 -1.4741922e+00 -1.4741922e+00 -1.1730846e+00 -1.1730846e+00 +5.3182473e-01 +5.3182473e-01 +1.7962644e+00 +1.7962644e+00 +3.8181208e+00 +3.8181208e+00 +3.8687763e+00 +3.8687763e+00 
-1.7191468e+01 -1.7191468e+01 -1.7106714e+01 -1.7106714e+01 -1.7080721e+01 -1.7080721e+01 -1.7073188e+01 -1.7073188e+01 -1.7068360e+01 -1.7068360e+01 -1.7001766e+01 -1.7001766e+01 -1.6999559e+01 -1.6999559e+01 -1.6961736e+01 -1.6961736e+01 -1.6948113e+01 -1.6948113e+01 -1.6867603e+01 -1.6867603e+01 -9.9944114e+00 -9.9944114e+00 -6.9095704e+00 -6.9095704e+00 -1.3783159e+00 -1.3783159e+00 -1.2383330e+00 -1.2383330e+00 +4.1254182e-01 +4.1254182e-01 +1.9177783e+00 +1.9177783e+00 +3.8280657e+00 +3.8280657e+00 +3.8537822e+00 +3.8537822e+00 
-1.7192462e+01 -1.7192462e+01 -1.7105069e+01 -1.7105069e+01 -1.7080881e+01 -1.7080881e+01 -1.7072581e+01 -1.7072581e+01 -1.7071316e+01 -1.7071316e+01 -1.6999943e+01 -1.6999943e+01 -1.6999373e+01 -1.6999373e+01 -1.6961559e+01 -1.6961559e+01 -1.6949496e+01 -1.6949496e+01 -1.6866647e+01 -1.6866647e+01 -1.0003047e+01 -1.0003047e+01 -6.8931654e+00 -6.8931654e+00 -1.3139442e+00 -1.3139442e+00 -1.2778262e+00 -1.2778262e+00 +3.3414382e-01 +3.3414382e-01 +1.9926124e+00 +1.9926124e+00 +3.8377595e+00 +3.8377595e+00 +3.8447586e+00 +3.8447586e+00 
-1.7192796e+01 -1.7192796e+01 -1.7104447e+01 -1.7104447e+01 -1.7080935e+01 -1.7080935e+01 -1.7072377e+01 -1.7072377e+01 -1.7072377e+01 -1.7072377e+01 -1.6999310e+01 -1.6999310e+01 -1.6999310e+01 -1.6999310e+01 -1.6961505e+01 -1.6961505e+01 -1.6949981e+01 -1.6949981e+01 -1.6866338e+01 -1.6866338e+01 -1.0005923e+01 -1.0005923e+01 -6.8876361e+00 -6.8876361e+00 -1.2910478e+00 -1.2910478e+00 -1.2910477e+00 -1.2910477e+00 +3.0657492e-01 +3.0657492e-01 +2.0178515e+00 +2.0178515e+00 +3.8417463e+00 +3.8417463e+00 +3.8417463e+00 +3.8417463e+00 
-1.7120633e+01 -1.7120633e+01 -1.7120633e+01 -1.7120633e+01 -1.7080157e+01 -1.7080157e+01 -1.7080157e+01 -1.7080157e+01 -1.7018591e+01 -1.7018591e+01 -1.7018591e+01 -1.7018591e+01 -1.6989816e+01 -1.6989816e+01 -1.6989816e+01 -1.6989816e+01 -1.6943737e+01 -1.6943737e+01 -1.6943737e+01 -1.6943737e+01 -8.7008955e+00 -8.7008955e+00 -8.7008955e+00 -8.7008955e+00 -1.1275739e+00 -1.1275739e+00 -1.1275739e+00 -1.1275739e+00 +4.2144393e-01 +4.2144393e-01 +4.2144393e-01 +4.2144393e-01 +5.1116515e+00 +5.1116515e+00 +5.1116515e+00 +5.1116515e+00 
-1.7120643e+01 -1.7120643e+01 -1.7120643e+01 -1.7120643e+01 -1.7080552e+01 -1.7080552e+01 -1.7080552e+01 -1.7080552e+01 -1.7020608e+01 -1.7020608e+01 -1.7020608e+01 -1.7020608e+01 -1.6987795e+01 -1.6987795e+01 -1.6987795e+01 -1.6987795e+01 -1.6943349e+01 -1.6943349e+01 -1.6943349e+01 -1.6943349e+01 -8.6989463e+00 -8.6989463e+00 -8.6989463e+00 -8.6989463e+00 -1.1701583e+00 -1.1701583e+00 -1.1701583e+00 -1.1701583e+00 +4.7138387e-01 +4.7138387e-01 +4.7138387e-01 +4.7138387e-01 +5.1128022e+00 +5.1128022e+00 +5.1128022e+00 +5.1128022e+00 
-1.7120674e+01 -1.7120674e+01 -1.7120674e+01 -1.7120674e+01 -1.7081716e+01 -1.7081716e+01 -1.7081716e+01 -1.7081716e+01 -1.7025510e+01 -1.7025510e+01 -1.7025510e+01 -1.7025510e+01 -1.6982879e+01 -1.6982879e+01 -1.6982879e+01 -1.6982879e+01 -1.6942210e+01 -1.6942210e+01 -1.6942210e+01 -1.6942210e+01 -8.6931191e+00 -8.6931191e+00 -8.6931191e+00 -8.6931191e+00 -1.2843498e+00 -1.2843498e+00 -1.2843498e+00 -1.2843498e+00 +6.0768000e-01 +6.0768000e-01 +6.0768000e-01 +6.0768000e-01 +5.1162430e+00 +5.1162430e+00 +5.1162430e+00 +5.1162430e+00 
-1.7120731e+01 -1.7120731e+01 -1.7120731e+01 -1.7120731e+01 -1.7083580e+01 -1.7083580e+01 -1.7083580e+01 -1.7083580e+01 -1.7031728e+01 -1.7031728e+01 -1.7031728e+01 -1.7031728e+01 -1.6976641e+01 -1.6976641e+01 -1.6976641e+01 -1.6976641e+01 -1.6940381e+01 -1.6940381e+01 -1.6940381e+01 -1.6940381e+01 -8.6834748e+00 -8.6834748e+00 -8.6834748e+00 -8.6834748e+00 -1.4438244e+00 -1.4438244e+00 -1.4438244e+00 -1.4438244e+00 +8.0411695e-01 +8.0411695e-01 +8.0411695e-01 +8.0411695e-01 +5.1219408e+00 +5.1219408e+00 +5.1219408e+00 +5.1219408e+00 
-1.7120822e+01 -1.7120822e+01 -1.7120822e+01 -1.7120822e+01 -1.7086044e+01 -1.7086044e+01 -1.7086044e+01 -1.7086044e+01 -1.7038459e+01 -1.7038459e+01 -1.7038459e+01 -1.7038459e+01 -1.6969883e+01 -1.6969883e+01 -1.6969883e+01 -1.6969883e+01 -1.6937956e+01 -1.6937956e+01 -1.6937956e+01 -1.6937956e+01 -8.6701166e+00 -8.6701166e+00 -8.6701166e+00 -8.6701166e+00 -1.6272983e+00 -1.6272983e+00 -1.6272983e+00 -1.6272983e+00 +1.0395699e+00 +1.0395699e+00 +1.0395699e+00 +1.0395699e+00 +5.1298410e+00 +5.1298410e+00 +5.1298410e+00 +5.1298410e+00 
-1.7120962e+01 -1.7120962e+01 -1.7120962e+01 -1.7120962e+01 -1.7088984e+01 -1.7088984e+01 -1.7088984e+01 -1.7088984e+01 -1.7045344e+01 -1.7045344e+01 -1.7045344e+01 -1.7045344e+01 -1.6962965e+01 -1.6962965e+01 -1.6962965e+01 -1.6962965e+01 -1.6935049e+01 -1.6935049e+01 -1.6935049e+01 -1.6935049e+01 -8.6531925e+00 -8.6531925e+00 -8.6531925e+00 -8.6531925e+00 -1.8216868e+00 -1.8216868e+00 -1.8216868e+00 -1.8216868e+00 +1.3011265e+00 +1.3011265e+00 +1.3011265e+00 +1.3011265e+00 +5.1398693e+00 +5.1398693e+00 +5.1398693e+00 +5.1398693e+00 
-1.7121171e+01 -1.7121171e+01 -1.7121171e+01 -1.7121171e+01 -1.7092259e+01 -1.7092259e+01 -1.7092259e+01 -1.7092259e+01 -1.7052204e+01 -1.7052204e+01 -1.7052204e+01 -1.7052204e+01 -1.6956070e+01 -1.6956070e+01 -1.6956070e+01 -1.6956070e+01 -1.6931779e+01 -1.6931779e+01 -1.6931779e+01 -1.6931779e+01 -8.6328982e+00 -8.6328982e+00 -8.6328982e+00 -8.6328982e+00 -2.0194024e+00 -2.0194024e+00 -2.0194024e+00 -2.0194024e+00 +1.5813283e+00 +1.5813283e+00 +1.5813283e+00 +1.5813283e+00 +5.1519337e+00 +5.1519337e+00 +5.1519337e+00 +5.1519337e+00 
-1.7121480e+01 -1.7121480e+01 -1.7121480e+01 -1.7121480e+01 -1.7095724e+01 -1.7095724e+01 -1.7095724e+01 -1.7095724e+01 -1.7058931e+01 -1.7058931e+01 -1.7058931e+01 -1.7058931e+01 -1.6949307e+01 -1.6949307e+01 -1.6949307e+01 -1.6949307e+01 -1.6928266e+01 -1.6928266e+01 -1.6928266e+01 -1.6928266e+01 -8.6094817e+00 -8.6094817e+00 -8.6094817e+00 -8.6094817e+00 -2.2159020e+00 -2.2159020e+00 -2.2159020e+00 -2.2159020e+00 +1.8756363e+00 +1.8756363e+00 +1.8756363e+00 +1.8756363e+00 +5.1659269e+00 +5.1659269e+00 +5.1659269e+00 +5.1659269e+00 
-1.7121937e+01 -1.7121937e+01 -1.7121937e+01 -1.7121937e+01 -1.7099221e+01 -1.7099221e+01 -1.7099221e+01 -1.7099221e+01 -1.7065451e+01 -1.7065451e+01 -1.7065451e+01 -1.7065451e+01 -1.6942755e+01 -1.6942755e+01 -1.6942755e+01 -1.6942755e+01 -1.6924626e+01 -1.6924626e+01 -1.6924626e+01 -1.6924626e+01 -8.5832472e+00 -8.5832472e+00 -8.5832472e+00 -8.5832472e+00 -2.4082714e+00 -2.4082714e+00 -2.4082714e+00 -2.4082714e+00 +2.1809088e+00 +2.1809088e+00 +2.1809088e+00 +2.1809088e+00 +5.1817292e+00 +5.1817292e+00 +5.1817292e+00 +5.1817292e+00 
-1.7122609e+01 -1.7122609e+01 -1.7122609e+01 -1.7122609e+01 -1.7102586e+01 -1.7102586e+01 -1.7102586e+01 -1.7102586e+01 -1.7071709e+01 -1.7071709e+01 -1.7071709e+01 -1.7071709e+01 -1.6936474e+01 -1.6936474e+01 -1.6936474e+01 -1.6936474e+01 -1.6920962e+01 -1.6920962e+01 -1.6920962e+01 -1.6920962e+01 -8.5545608e+00 -8.5545608e+00 -8.5545608e+00 -8.5545608e+00 -2.5944792e+00 -2.5944792e+00 -2.5944792e+00 -2.5944792e+00 +2.4945275e+00 +2.4945275e+00 +2.4945275e+00 +2.4945275e+00 +5.1992100e+00 +5.1992100e+00 +5.1992100e+00 +5.1992100e+00 
-1.7123583e+01 -1.7123583e+01 -1.7123583e+01 -1.7123583e+01 -1.7105644e+01 -1.7105644e+01 -1.7105644e+01 -1.7105644e+01 -1.7077659e+01 -1.7077659e+01 -1.7077659e+01 -1.7077659e+01 -1.6930514e+01 -1.6930514e+01 -1.6930514e+01 -1.6930514e+01 -1.6917369e+01 -1.6917369e+01 -1.6917369e+01 -1.6917369e+01 -8.5238540e+00 -8.5238540e+00 -8.5238540e+00 -8.5238540e+00 -2.7729813e+00 -2.7729813e+00 -2.7729813e+00 -2.7729813e+00 +2.8138637e+00 +2.8138637e+00 +2.8138637e+00 +2.8138637e+00 +5.2182269e+00 +5.2182269e+00 +5.2182269e+00 +5.2182269e+00 
-1.7124941e+01 -1.7124941e+01 -1.7124941e+01 -1.7124941e+01 -1.7108236e+01 -1.7108236e+01 -1.7108236e+01 -1.7108236e+01 -1.7083262e+01 -1.7083262e+01 -1.7083262e+01 -1.7083262e+01 -1.6924920e+01 -1.6924920e+01 -1.6924920e+01 -1.6924920e+01 -1.6913925e+01 -1.6913925e+01 -1.6913925e+01 -1.6913925e+01 -8.4916274e+00 -8.4916274e+00 -8.4916274e+00 -8.4916274e+00 -2.9425067e+00 -2.9425067e+00 -2.9425067e+00 -2.9425067e+00 +3.1359285e+00 +3.1359285e+00 +3.1359285e+00 +3.1359285e+00 +5.2386198e+00 +5.2386198e+00 +5.2386198e+00 +5.2386198e+00 
-1.7126712e+01 -1.7126712e+01 -1.7126712e+01 -1.7126712e+01 -1.7110266e+01 -1.7110266e+01 -1.7110266e+01 -1.7110266e+01 -1.7088485e+01 -1.7088485e+01 -1.7088485e+01 -1.7088485e+01 -1.6919731e+01 -1.6919731e+01 -1.6919731e+01 -1.6919731e+01 -1.6910697e+01 -1.6910697e+01 -1.6910697e+01 -1.6910697e+01 -8.4584518e+00 -8.4584518e+00 -8.4584518e+00 -8.4584518e+00 -3.1019379e+00 -3.1019379e+00 -3.1019379e+00 -3.1019379e+00 +3.4571332e+00 +3.4571332e+00 +3.4571332e+00 +3.4571332e+00 +5.2601982e+00 +5.2601982e+00 +5.2601982e+00 +5.2601982e+00 
-1.7128826e+01 -1.7128826e+01 -1.7128826e+01 -1.7128826e+01 -1.7111747e+01 -1.7111747e+01 -1.7111747e+01 -1.7111747e+01 -1.7093300e+01 -1.7093300e+01 -1.7093300e+01 -1.7093300e+01 -1.6914982e+01 -1.6914982e+01 -1.6914982e+01 -1.6914982e+01 -1.6907730e+01 -1.6907730e+01 -1.6907730e+01 -1.6907730e+01 -8.4249655e+00 -8.4249655e+00 -8.4249655e+00 -8.4249655e+00 -3.2502441e+00 -3.2502441e+00 -3.2502441e+00 -3.2502441e+00 +3.7731287e+00 +3.7731287e+00 +3.7731287e+00 +3.7731287e+00 +5.2827193e+00 +5.2827193e+00 +5.2827193e+00 +5.2827193e+00 
-1.7131134e+01 -1.7131134e+01 -1.7131134e+01 -1.7131134e+01 -1.7112777e+01 -1.7112777e+01 -1.7112777e+01 -1.7112777e+01 -1.7097681e+01 -1.7097681e+01 -1.7097681e+01 -1.7097681e+01 -1.6910703e+01 -1.6910703e+01 -1.6910703e+01 -1.6910703e+01 -1.6905056e+01 -1.6905056e+01 -1.6905056e+01 -1.6905056e+01 -8.3918691e+00 -8.3918691e+00 -8.3918691e+00 -8.3918691e+00 -3.3864440e+00 -3.3864440e+00 -3.3864440e+00 -3.3864440e+00 +4.0787127e+00 +4.0787127e+00 +4.0787127e+00 +4.0787127e+00 +5.3058582e+00 +5.3058582e+00 +5.3058582e+00 +5.3058582e+00 
-1.7133468e+01 -1.7133468e+01 -1.7133468e+01 -1.7133468e+01 -1.7113481e+01 -1.7113481e+01 -1.7113481e+01 -1.7113481e+01 -1.7101604e+01 -1.7101604e+01 -1.7101604e+01 -1.7101604e+01 -1.6906918e+01 -1.6906918e+01 -1.6906918e+01 -1.6906918e+01 -1.6902687e+01 -1.6902687e+01 -1.6902687e+01 -1.6902687e+01 -8.3599154e+00 -8.3599154e+00 -8.3599154e+00 -8.3599154e+00 -3.5095876e+00 -3.5095876e+00 -3.5095876e+00 -3.5095876e+00 +4.3678405e+00 +4.3678405e+00 +4.3678405e+00 +4.3678405e+00 +5.3291748e+00 +5.3291748e+00 +5.3291748e+00 +5.3291748e+00 
-1.7135688e+01 -1.7135688e+01 -1.7135688e+01 -1.7135688e+01 -1.7113962e+01 -1.7113962e+01 -1.7113962e+01 -1.7113962e+01 -1.7105050e+01 -1.7105050e+01 -1.7105050e+01 -1.7105050e+01 -1.6903646e+01 -1.6903646e+01 -1.6903646e+01 -1.6903646e+01 -1.6900627e+01 -1.6900627e+01 -1.6900627e+01 -1.6900627e+01 -8.3298954e+00 -8.3298954e+00 -8.3298954e+00 -8.3298954e+00 -3.6187501e+00 -3.6187501e+00 -3.6187501e+00 -3.6187501e+00 +4.6338194e+00 +4.6338194e+00 +4.6338194e+00 +4.6338194e+00 +5.3520838e+00 +5.3520838e+00 +5.3520838e+00 +5.3520838e+00 
-1.7137691e+01 -1.7137691e+01 -1.7137691e+01 -1.7137691e+01 -1.7114291e+01 -1.7114291e+01 -1.7114291e+01 -1.7114291e+01 -1.7108001e+01 -1.7108001e+01 -1.7108001e+01 -1.7108001e+01 -1.6900895e+01 -1.6900895e+01 -1.6900895e+01 -1.6900895e+01 -1.6898873e+01 -1.6898873e+01 -1.6898873e+01 -1.6898873e+01 -8.3026199e+00 -8.3026199e+00 -8.3026199e+00 -8.3026199e+00 -3.7130360e+00 -3.7130360e+00 -3.7130360e+00 -3.7130360e+00 +4.8697852e+00 +4.8697852e+00 +4.8697852e+00 +4.8697852e+00 +5.3738426e+00 +5.3738426e+00 +5.3738426e+00 +5.3738426e+00 
-1.7139405e+01 -1.7139405e+01 -1.7139405e+01 -1.7139405e+01 -1.7114518e+01 -1.7114518e+01 -1.7114518e+01 -1.7114518e+01 -1.7110441e+01 -1.7110441e+01 -1.7110441e+01 -1.7110441e+01 -1.6898669e+01 -1.6898669e+01 -1.6898669e+01 -1.6898669e+01 -1.6897426e+01 -1.6897426e+01 -1.6897426e+01 -1.6897426e+01 -8.2788936e+00 -8.2788936e+00 -8.2788936e+00 -8.2788936e+00 -3.7915931e+00 -3.7915931e+00 -3.7915931e+00 -3.7915931e+00 +5.0694573e+00 +5.0694573e+00 +5.0694573e+00 +5.0694573e+00 +5.3935694e+00 +5.3935694e+00 +5.3935694e+00 +5.3935694e+00 
-1.7140779e+01 -1.7140779e+01 -1.7140779e+01 -1.7140779e+01 -1.7114670e+01 -1.7114670e+01 -1.7114670e+01 -1.7114670e+01 -1.7112356e+01 -1.7112356e+01 -1.7112356e+01 -1.7112356e+01 -1.6896959e+01 -1.6896959e+01 -1.6896959e+01 -1.6896959e+01 -1.6896288e+01 -1.6896288e+01 -1.6896288e+01 -1.6896288e+01 -8.2594808e+00 -8.2594808e+00 -8.2594808e+00 -8.2594808e+00 -3.8536387e+00 -3.8536387e+00 -3.8536387e+00 -3.8536387e+00 +5.2279468e+00 +5.2279468e+00 +5.2279468e+00 +5.2279468e+00 +5.4103012e+00 +5.4103012e+00 +5.4103012e+00 +5.4103012e+00 
-1.7141781e+01 -1.7141781e+01 -1.7141781e+01 -1.7141781e+01 -1.7114768e+01 -1.7114768e+01 -1.7114768e+01 -1.7114768e+01 -1.7113733e+01 -1.7113733e+01 -1.7113733e+01 -1.7113733e+01 -1.6895753e+01 -1.6895753e+01 -1.6895753e+01 -1.6895753e+01 -1.6895466e+01 -1.6895466e+01 -1.6895466e+01 -1.6895466e+01 -8.2450601e+00 -8.2450601e+00 -8.2450601e+00 -8.2450601e+00 -3.8984956e+00 -3.8984956e+00 -3.8984956e+00 -3.8984956e+00 +5.3422241e+00 +5.3422241e+00 +5.3422241e+00 +5.3422241e+00 +5.4230909e+00 +5.4230909e+00 +5.4230909e+00 +5.4230909e+00 
-1.7142390e+01 -1.7142390e+01 -1.7142390e+01 -1.7142390e+01 -1.7114823e+01 -1.7114823e+01 -1.7114823e+01 -1.7114823e+01 -1.7114563e+01 -1.7114563e+01 -1.7114563e+01 -1.7114563e+01 -1.6895038e+01 -1.6895038e+01 -1.6895038e+01 -1.6895038e+01 -1.6894968e+01 -1.6894968e+01 -1.6894968e+01 -1.6894968e+01 -8.2361725e+00 -8.2361725e+00 -8.2361725e+00 -8.2361725e+00 -3.9256357e+00 -3.9256357e+00 -3.9256357e+00 -3.9256357e+00 +5.4109641e+00 +5.4109641e+00 +5.4109641e+00 +5.4109641e+00 +5.4311308e+00 +5.4311308e+00 +5.4311308e+00 +5.4311308e+00 
-1.7142594e+01 -1.7142594e+01 -1.7142594e+01 -1.7142594e+01 -1.7114841e+01 -1.7114841e+01 -1.7114841e+01 -1.7114841e+01 -1.7114841e+01 -1.7114841e+01 -1.7114841e+01 -1.7114841e+01 -1.6894801e+01 -1.6894801e+01 -1.6894801e+01 -1.6894801e+01 -1.6894801e+01 -1.6894801e+01 -1.6894801e+01 -1.6894801e+01 -8.2331693e+00 -8.2331693e+00 -8.2331693e+00 -8.2331693e+00 -3.9347212e+00 -3.9347212e+00 -3.9347212e+00 -3.9347212e+00 +5.4338751e+00 +5.4338751e+00 +5.4338751e+00 +5.4338751e+00 +5.4338752e+00 +5.4338752e+00 +5.4338752e+00 +5.4338752e+00 
