# num high symmetry points
8
# label high symmetry points
G X M G R X M R 
# indices high symmetry points
1 28 55 93 140 178 179 206 
# nk, nb, ns
206 14 1
# k-points (frac coords)
+0.0000000e+00 +0.0000000e+00 +0.0000000e+00 
+0.0000000e+00 +1.8518519e-02 +0.0000000e+00 
+0.0000000e+00 +3.7037037e-02 +0.0000000e+00 
+0.0000000e+00 +5.5555556e-02 +0.0000000e+00 
+0.0000000e+00 +7.4074074e-02 +0.0000000e+00 
+0.0000000e+00 +9.2592593e-02 +0.0000000e+00 
+0.0000000e+00 +1.1111111e-01 +0.0000000e+00 
+0.0000000e+00 +1.2962963e-01 +0.0000000e+00 
+0.0000000e+00 +1.4814815e-01 +0.0000000e+00 
+0.0000000e+00 +1.6666667e-01 +0.0000000e+00 
+0.0000000e+00 +1.8518519e-01 +0.0000000e+00 
+0.0000000e+00 +2.0370370e-01 +0.0000000e+00 
+0.0000000e+00 +2.2222222e-01 +0.0000000e+00 
+0.0000000e+00 +2.4074074e-01 +0.0000000e+00 
+0.0000000e+00 +2.5925926e-01 +0.0000000e+00 
+0.0000000e+00 +2.7777778e-01 +0.0000000e+00 
+0.0000000e+00 +2.9629630e-01 +0.0000000e+00 
+0.0000000e+00 +3.1481481e-01 +0.0000000e+00 
+0.0000000e+00 +3.3333333e-01 +0.0000000e+00 
+0.0000000e+00 +3.5185185e-01 +0.0000000e+00 
+0.0000000e+00 +3.7037037e-01 +0.0000000e+00 
+0.0000000e+00 +3.8888889e-01 +0.0000000e+00 
+0.0000000e+00 +4.0740741e-01 +0.0000000e+00 
+0.0000000e+00 +4.2592593e-01 +0.0000000e+00 
+0.0000000e+00 +4.4444444e-01 +0.0000000e+00 
+0.0000000e+00 +4.6296296e-01 +0.0000000e+00 
+0.0000000e+00 +4.8148148e-01 +0.0000000e+00 
+0.0000000e+00 +5.0000000e-01 +0.0000000e+00 
+1.8518519e-02 +5.0000000e-01 +0.0000000e+00 
+3.7037037e-02 +5.0000000e-01 +0.0000000e+00 
+5.5555556e-02 +5.0000000e-01 +0.0000000e+00 
+7.4074074e-02 +5.0000000e-01 +0.0000000e+00 
+9.2592593e-02 +5.0000000e-01 +0.0000000e+00 
+1.1111111e-01 +5.0000000e-01 +0.0000000e+00 
+1.2962963e-01 +5.0000000e-01 +0.0000000e+00 
+1.4814815e-01 +5.0000000e-01 +0.0000000e+00 
+1.6666667e-01 +5.0000000e-01 +0.0000000e+00 
+1.8518519e-01 +5.0000000e-01 +0.0000000e+00 
+2.0370370e-01 +5.0000000e-01 +0.0000000e+00 
+2.2222222e-01 +5.0000000e-01 +0.0000000e+00 
+2.4074074e-01 +5.0000000e-01 +0.0000000e+00 
+2.5925926e-01 +5.0000000e-01 +0.0000000e+00 
+2.7777778e-01 +5.0000000e-01 +0.0000000e+00 
+2.9629630e-01 +5.0000000e-01 +0.0000000e+00 
+3.1481481e-01 +5.0000000e-01 +0.0000000e+00 
+3.3333333e-01 +5.0000000e-01 +0.0000000e+00 
+3.5185185e-01 +5.0000000e-01 +0.0000000e+00 
+3.7037037e-01 +5.0000000e-01 +0.0000000e+00 
+3.8888889e-01 +5.0000000e-01 +0.0000000e+00 
+4.0740741e-01 +5.0000000e-01 +0.0000000e+00 
+4.2592593e-01 +5.0000000e-01 +0.0000000e+00 
+4.4444444e-01 +5.0000000e-01 +0.0000000e+00 
+4.6296296e-01 +5.0000000e-01 +0.0000000e+00 
+4.8148148e-01 +5.0000000e-01 +0.0000000e+00 
+5.0000000e-01 +5.0000000e-01 +0.0000000e+00 
+4.8684211e-01 +4.8684211e-01 +0.0000000e+00 
+4.7368421e-01 +4.7368421e-01 +0.0000000e+00 
+4.6052632e-01 +4.6052632e-01 +0.0000000e+00 
+4.4736842e-01 +4.4736842e-01 +0.0000000e+00 
+4.3421053e-01 +4.3421053e-01 +0.0000000e+00 
+4.2105263e-01 +4.2105263e-01 +0.0000000e+00 
+4.0789474e-01 +4.0789474e-01 +0.0000000e+00 
+3.9473684e-01 +3.9473684e-01 +0.0000000e+00 
+3.8157895e-01 +3.8157895e-01 +0.0000000e+00 
+3.6842105e-01 +3.6842105e-01 +0.0000000e+00 
+3.5526316e-01 +3.5526316e-01 +0.0000000e+00 
+3.4210526e-01 +3.4210526e-01 +0.0000000e+00 
+3.2894737e-01 +3.2894737e-01 +0.0000000e+00 
+3.1578947e-01 +3.1578947e-01 +0.0000000e+00 
+3.0263158e-01 +3.0263158e-01 +0.0000000e+00 
+2.8947368e-01 +2.8947368e-01 +0.0000000e+00 
+2.7631579e-01 +2.7631579e-01 +0.0000000e+00 
+2.6315789e-01 +2.6315789e-01 +0.0000000e+00 
+2.5000000e-01 +2.5000000e-01 +0.0000000e+00 
+2.3684211e-01 +2.3684211e-01 +0.0000000e+00 
+2.2368421e-01 +2.2368421e-01 +0.0000000e+00 
+2.1052632e-01 +2.1052632e-01 +0.0000000e+00 
+1.9736842e-01 +1.9736842e-01 +0.0000000e+00 
+1.8421053e-01 +1.8421053e-01 +0.0000000e+00 
+1.7105263e-01 +1.7105263e-01 +0.0000000e+00 
+1.5789474e-01 +1.5789474e-01 +0.0000000e+00 
+1.4473684e-01 +1.4473684e-01 +0.0000000e+00 
+1.3157895e-01 +1.3157895e-01 +0.0000000e+00 
+1.1842105e-01 +1.1842105e-01 +0.0000000e+00 
+1.0526316e-01 +1.0526316e-01 +0.0000000e+00 
+9.2105263e-02 +9.2105263e-02 +0.0000000e+00 
+7.8947368e-02 +7.8947368e-02 +0.0000000e+00 
+6.5789474e-02 +6.5789474e-02 +0.0000000e+00 
+5.2631579e-02 +5.2631579e-02 +0.0000000e+00 
+3.9473684e-02 +3.9473684e-02 +0.0000000e+00 
+2.6315789e-02 +2.6315789e-02 +0.0000000e+00 
+1.3157895e-02 +1.3157895e-02 +0.0000000e+00 
+0.0000000e+00 +0.0000000e+00 +0.0000000e+00 
+1.0638298e-02 +1.0638298e-02 +1.0638298e-02 
+2.1276596e-02 +2.1276596e-02 +2.1276596e-02 
+3.1914894e-02 +3.1914894e-02 +3.1914894e-02 
+4.2553191e-02 +4.2553191e-02 +4.2553191e-02 
+5.3191489e-02 +5.3191489e-02 +5.3191489e-02 
+6.3829787e-02 +6.3829787e-02 +6.3829787e-02 
+7.4468085e-02 +7.4468085e-02 +7.4468085e-02 
+8.5106383e-02 +8.5106383e-02 +8.5106383e-02 
+9.5744681e-02 +9.5744681e-02 +9.5744681e-02 
+1.0638298e-01 +1.0638298e-01 +1.0638298e-01 
+1.1702128e-01 +1.1702128e-01 +1.1702128e-01 
+1.2765957e-01 +1.2765957e-01 +1.2765957e-01 
+1.3829787e-01 +1.3829787e-01 +1.3829787e-01 
+1.4893617e-01 +1.4893617e-01 +1.4893617e-01 
+1.5957447e-01 +1.5957447e-01 +1.5957447e-01 
+1.7021277e-01 +1.7021277e-01 +1.7021277e-01 
+1.8085106e-01 +1.8085106e-01 +1.8085106e-01 
+1.9148936e-01 +1.9148936e-01 +1.9148936e-01 
+2.0212766e-01 +2.0212766e-01 +2.0212766e-01 
+2.1276596e-01 +2.1276596e-01 +2.1276596e-01 
+2.2340426e-01 +2.2340426e-01 +2.2340426e-01 
+2.3404255e-01 +2.3404255e-01 +2.3404255e-01 
+2.4468085e-01 +2.4468085e-01 +2.4468085e-01 
+2.5531915e-01 +2.5531915e-01 +2.5531915e-01 
+2.6595745e-01 +2.6595745e-01 +2.6595745e-01 
+2.7659574e-01 +2.7659574e-01 +2.7659574e-01 
+2.8723404e-01 +2.8723404e-01 +2.8723404e-01 
+2.9787234e-01 +2.9787234e-01 +2.9787234e-01 
+3.0851064e-01 +3.0851064e-01 +3.0851064e-01 
+3.1914894e-01 +3.1914894e-01 +3.1914894e-01 
+3.2978723e-01 +3.2978723e-01 +3.2978723e-01 
+3.4042553e-01 +3.4042553e-01 +3.4042553e-01 
+3.5106383e-01 +3.5106383e-01 +3.5106383e-01 
+3.6170213e-01 +3.6170213e-01 +3.6170213e-01 
+3.7234043e-01 +3.7234043e-01 +3.7234043e-01 
+3.8297872e-01 +3.8297872e-01 +3.8297872e-01 
+3.9361702e-01 +3.9361702e-01 +3.9361702e-01 
+4.0425532e-01 +4.0425532e-01 +4.0425532e-01 
+4.1489362e-01 +4.1489362e-01 +4.1489362e-01 
+4.2553191e-01 +4.2553191e-01 +4.2553191e-01 
+4.3617021e-01 +4.3617021e-01 +4.3617021e-01 
+4.4680851e-01 +4.4680851e-01 +4.4680851e-01 
+4.5744681e-01 +4.5744681e-01 +4.5744681e-01 
+4.6808511e-01 +4.6808511e-01 +4.6808511e-01 
+4.7872340e-01 +4.7872340e-01 +4.7872340e-01 
+4.8936170e-01 +4.8936170e-01 +4.8936170e-01 
+5.0000000e-01 +5.0000000e-01 +5.0000000e-01 
+4.8684211e-01 +5.0000000e-01 +4.8684211e-01 
+4.7368421e-01 +5.0000000e-01 +4.7368421e-01 
+4.6052632e-01 +5.0000000e-01 +4.6052632e-01 
+4.4736842e-01 +5.0000000e-01 +4.4736842e-01 
+4.3421053e-01 +5.0000000e-01 +4.3421053e-01 
+4.2105263e-01 +5.0000000e-01 +4.2105263e-01 
+4.0789474e-01 +5.0000000e-01 +4.0789474e-01 
+3.9473684e-01 +5.0000000e-01 +3.9473684e-01 
+3.8157895e-01 +5.0000000e-01 +3.8157895e-01 
+3.6842105e-01 +5.0000000e-01 +3.6842105e-01 
+3.5526316e-01 +5.0000000e-01 +3.5526316e-01 
+3.4210526e-01 +5.0000000e-01 +3.4210526e-01 
+3.2894737e-01 +5.0000000e-01 +3.2894737e-01 
+3.1578947e-01 +5.0000000e-01 +3.1578947e-01 
+3.0263158e-01 +5.0000000e-01 +3.0263158e-01 
+2.8947368e-01 +5.0000000e-01 +2.8947368e-01 
+2.7631579e-01 +5.0000000e-01 +2.7631579e-01 
+2.6315789e-01 +5.0000000e-01 +2.6315789e-01 
+2.5000000e-01 +5.0000000e-01 +2.5000000e-01 
+2.3684211e-01 +5.0000000e-01 +2.3684211e-01 
+2.2368421e-01 +5.0000000e-01 +2.2368421e-01 
+2.1052632e-01 +5.0000000e-01 +2.1052632e-01 
+1.9736842e-01 +5.0000000e-01 +1.9736842e-01 
+1.8421053e-01 +5.0000000e-01 +1.8421053e-01 
+1.7105263e-01 +5.0000000e-01 +1.7105263e-01 
+1.5789474e-01 +5.0000000e-01 +1.5789474e-01 
+1.4473684e-01 +5.0000000e-01 +1.4473684e-01 
+1.3157895e-01 +5.0000000e-01 +1.3157895e-01 
+1.1842105e-01 +5.0000000e-01 +1.1842105e-01 
+1.0526316e-01 +5.0000000e-01 +1.0526316e-01 
+9.2105263e-02 +5.0000000e-01 +9.2105263e-02 
+7.8947368e-02 +5.0000000e-01 +7.8947368e-02 
+6.5789474e-02 +5.0000000e-01 +6.5789474e-02 
+5.2631579e-02 +5.0000000e-01 +5.2631579e-02 
+3.9473684e-02 +5.0000000e-01 +3.9473684e-02 
+2.6315789e-02 +5.0000000e-01 +2.6315789e-02 
+1.3157895e-02 +5.0000000e-01 +1.3157895e-02 
+0.0000000e+00 +5.0000000e-01 +0.0000000e+00 
+5.0000000e-01 +5.0000000e-01 +0.0000000e+00 
+5.0000000e-01 +5.0000000e-01 +1.8518519e-02 
+5.0000000e-01 +5.0000000e-01 +3.7037037e-02 
+5.0000000e-01 +5.0000000e-01 +5.5555556e-02 
+5.0000000e-01 +5.0000000e-01 +7.4074074e-02 
+5.0000000e-01 +5.0000000e-01 +9.2592593e-02 
+5.0000000e-01 +5.0000000e-01 +1.1111111e-01 
+5.0000000e-01 +5.0000000e-01 +1.2962963e-01 
+5.0000000e-01 +5.0000000e-01 +1.4814815e-01 
+5.0000000e-01 +5.0000000e-01 +1.6666667e-01 
+5.0000000e-01 +5.0000000e-01 +1.8518519e-01 
+5.0000000e-01 +5.0000000e-01 +2.0370370e-01 
+5.0000000e-01 +5.0000000e-01 +2.2222222e-01 
+5.0000000e-01 +5.0000000e-01 +2.4074074e-01 
+5.0000000e-01 +5.0000000e-01 +2.5925926e-01 
+5.0000000e-01 +5.0000000e-01 +2.7777778e-01 
+5.0000000e-01 +5.0000000e-01 +2.9629630e-01 
+5.0000000e-01 +5.0000000e-01 +3.1481481e-01 
+5.0000000e-01 +5.0000000e-01 +3.3333333e-01 
+5.0000000e-01 +5.0000000e-01 +3.5185185e-01 
+5.0000000e-01 +5.0000000e-01 +3.7037037e-01 
+5.0000000e-01 +5.0000000e-01 +3.8888889e-01 
+5.0000000e-01 +5.0000000e-01 +4.0740741e-01 
+5.0000000e-01 +5.0000000e-01 +4.2592593e-01 
+5.0000000e-01 +5.0000000e-01 +4.4444444e-01 
+5.0000000e-01 +5.0000000e-01 +4.6296296e-01 
+5.0000000e-01 +5.0000000e-01 +4.8148148e-01 
+5.0000000e-01 +5.0000000e-01 +5.0000000e-01 
# energies (kpt,band,spin)
# spin = 1
-1.0983529e+01 -2.9063836e+00 -2.9063836e+00 -2.9063836e+00 -1.4165334e+00 -1.4165334e+00 -1.4165334e+00 +5.4543304e+00 +5.4543305e+00 +5.4543305e+00 +5.7732296e+00 +5.7732296e+00 +5.7732296e+00 +5.7732296e+00 
-1.0981476e+01 -2.9700155e+00 -2.9035047e+00 -2.9035047e+00 -1.4137392e+00 -1.4137391e+00 -1.3474878e+00 +5.2606122e+00 +5.2606122e+00 +5.4579513e+00 +5.7512288e+00 +5.7512289e+00 +5.7756034e+00 +5.7756034e+00 
-1.0975492e+01 -3.1345179e+00 -2.8948654e+00 -2.8948653e+00 -1.4053587e+00 -1.4053587e+00 -1.1667192e+00 +4.9690029e+00 +4.9690030e+00 +5.4688043e+00 +5.6867629e+00 +5.6867630e+00 +5.7827347e+00 +5.7827347e+00 
-1.0965975e+01 -3.3557207e+00 -2.8804573e+00 -2.8804573e+00 -1.3913988e+00 -1.3913988e+00 -9.1832509e-01 +4.6714889e+00 +4.6714889e+00 +5.4868606e+00 +5.5840444e+00 +5.5840444e+00 +5.7946526e+00 +5.7946526e+00 
-1.0953222e+01 -3.6046992e+00 -2.8602670e+00 -2.8602670e+00 -1.3718700e+00 -1.3718700e+00 -6.3111504e-01 +4.3763983e+00 +4.3763984e+00 +5.4489894e+00 +5.4489894e+00 +5.5120722e+00 +5.8114041e+00 +5.8114041e+00 
-1.0937059e+01 -3.8666578e+00 -2.8342758e+00 -2.8342757e+00 -1.3467856e+00 -1.3467856e+00 -3.1973699e-01 +4.0855641e+00 +4.0855641e+00 +5.2881271e+00 +5.2881271e+00 +5.5443718e+00 +5.8330516e+00 +5.8330517e+00 
-1.0916666e+01 -4.1341106e+00 -2.8024602e+00 -2.8024601e+00 -1.3161607e+00 -1.3161607e+00 +8.4923517e-03 +3.7996477e+00 +3.7996478e+00 +5.1077460e+00 +5.1077461e+00 +5.5836730e+00 +5.8596703e+00 +5.8596703e+00 
-1.0890766e+01 -4.4030284e+00 -2.7647925e+00 -2.7647925e+00 -1.2800116e+00 -1.2800116e+00 +3.4972105e-01 +3.5190006e+00 +3.5190006e+00 +4.9133898e+00 +4.9133899e+00 +5.6298710e+00 +5.8913442e+00 +5.8913442e+00 
-1.0858042e+01 -4.6710689e+00 -2.7212415e+00 -2.7212414e+00 -1.2383555e+00 -1.2383555e+00 +7.0177861e-01 +3.2438820e+00 +3.2438820e+00 +4.7096425e+00 +4.7096426e+00 +5.6828436e+00 +5.9281630e+00 +5.9281630e+00 
-1.0817515e+01 -4.9367653e+00 -2.6717734e+00 -2.6717734e+00 -1.1912113e+00 -1.1912113e+00 +1.0633535e+00 +2.9745248e+00 +2.9745248e+00 +4.5001003e+00 +4.5001003e+00 +5.7424535e+00 +5.9702181e+00 +5.9702181e+00 
-1.0768680e+01 -5.1991380e+00 -2.6163536e+00 -2.6163536e+00 -1.1386019e+00 -1.1386019e+00 +1.4335963e+00 +2.7111526e+00 +2.7111526e+00 +4.2874438e+00 +4.2874438e+00 +5.8085513e+00 +6.0175992e+00 +6.0175992e+00 
-1.0711445e+01 -5.4574992e+00 -2.5549486e+00 -2.5549486e+00 -1.0805573e+00 -1.0805573e+00 +1.8119205e+00 +2.4539783e+00 +2.4539783e+00 +4.0735604e+00 +4.0735604e+00 +5.8809791e+00 +6.0703908e+00 +6.0703908e+00 
-1.0645980e+01 -5.7113486e+00 -2.4875285e+00 -2.4875284e+00 -1.0171183e+00 -1.0171183e+00 +2.1978977e+00 +2.2031952e+00 +2.2031953e+00 +3.8596888e+00 +3.8596888e+00 +5.9595755e+00 +6.1286692e+00 +6.1286693e+00 
-1.0572587e+01 -5.9603136e+00 -2.4140703e+00 -2.4140703e+00 -9.4834133e-01 -9.4834130e-01 +1.9589674e+00 +1.9589674e+00 +2.5912044e+00 +3.6465723e+00 +3.6465724e+00 +6.0441813e+00 +6.1925002e+00 +6.1925003e+00 
-1.0491605e+01 -6.2041138e+00 -2.3345623e+00 -2.3345623e+00 -8.7430348e-01 -8.7430345e-01 +1.7214204e+00 +1.7214205e+00 +2.9915956e+00 +3.4346124e+00 +3.4346124e+00 +6.1346455e+00 +6.2619369e+00 +6.2619369e+00 
-1.0403365e+01 -6.4425362e+00 -2.2490073e+00 -2.2490073e+00 -7.9510830e-01 -7.9510827e-01 +1.4906360e+00 +1.4906361e+00 +3.2240167e+00 +3.2240167e+00 +3.3988950e+00 +6.2308317e+00 +6.3370185e+00 +6.3370185e+00 
-1.0308165e+01 -6.6754185e+00 -2.1574273e+00 -2.1574273e+00 -7.1089368e-01 -7.1089364e-01 +1.2666487e+00 +1.2666487e+00 +3.0149412e+00 +3.0149413e+00 +3.8129952e+00 +6.3326247e+00 +6.4177704e+00 +6.4177705e+00 
-1.0206261e+01 -6.9026362e+00 -2.0598666e+00 -2.0598665e+00 -6.2184440e-01 -6.2184436e-01 +1.0494456e+00 +1.0494456e+00 +2.8076253e+00 +2.8076253e+00 +4.2338638e+00 +6.4399355e+00 +6.5042049e+00 +6.5042049e+00 
-1.0097872e+01 -7.1240928e+00 -1.9563933e+00 -1.9563933e+00 -5.2821406e-01 -5.2821403e-01 +8.3896898e-01 +8.3896901e-01 +2.6025206e+00 +2.6025206e+00 +4.6615499e+00 +6.5527071e+00 +6.5963233e+00 +6.5963233e+00 
-9.9831767e+00 -7.3397130e+00 -1.8470994e+00 -1.8470994e+00 -4.3036481e-01 -4.3036477e-01 +6.3511981e-01 +6.3511985e-01 +2.4004168e+00 +2.4004168e+00 +5.0961851e+00 +6.6709170e+00 +6.6941194e+00 +6.6941195e+00 
-9.8623218e+00 -7.5494382e+00 -1.7320976e+00 -1.7320975e+00 -3.2883976e-01 -3.2883972e-01 +4.3776320e-01 +4.3776323e-01 +2.2025657e+00 +2.2025657e+00 +5.5379679e+00 +6.7945797e+00 +6.7975842e+00 +6.7975843e+00 
-9.7354235e+00 -7.7532240e+00 -1.6115146e+00 -1.6115146e+00 -2.2449573e-01 -2.2449570e-01 +2.4673491e-01 +2.4673494e-01 +2.0108205e+00 +2.0108205e+00 +5.9871189e+00 +6.9067107e+00 +6.9067108e+00 +6.9237465e+00 
-9.6025713e+00 -7.9510395e+00 -1.4854833e+00 -1.4854833e+00 -1.1874860e-01 -1.1874857e-01 +6.1849171e-02 +6.1849205e-02 +1.8278312e+00 +1.8278313e+00 +6.4437896e+00 +7.0215000e+00 +7.0215000e+00 +7.0585037e+00 
-9.4638296e+00 -8.1428675e+00 -1.3541310e+00 -1.3541310e+00 -1.1709224e-01 -1.1709221e-01 -1.4030094e-02 -1.4030063e-02 +1.6573997e+00 +1.6573997e+00 +6.9079092e+00 +7.1419662e+00 +7.1419663e+00 +7.1989685e+00 
-9.3192392e+00 -8.3287056e+00 -1.2175675e+00 -1.2175675e+00 -2.9028968e-01 -2.9028965e-01 +8.5377943e-02 +8.5377971e-02 +1.5051759e+00 +1.5051760e+00 +7.2681412e+00 +7.2681412e+00 +7.3452833e+00 +7.3789639e+00 
-9.1688187e+00 -8.5085659e+00 -1.0758737e+00 -1.0758737e+00 -4.5793441e-01 -4.5793437e-01 +1.7199492e-01 +1.7199494e-01 +1.3798634e+00 +1.3798634e+00 +7.4000764e+00 +7.4000765e+00 +7.4976084e+00 +7.8557255e+00 
-9.0125659e+00 -8.6824732e+00 -9.2909130e-01 -9.2909127e-01 -6.2019698e-01 -6.2019695e-01 +2.3389775e-01 +2.3389777e-01 +1.2943402e+00 +1.2943402e+00 +7.5378443e+00 +7.5378443e+00 +7.6561133e+00 +7.8312559e+00 
-8.8504611e+00 -8.8504611e+00 -7.7721644e-01 -7.7721644e-01 -7.7721641e-01 -7.7721641e-01 +2.5689643e-01 +2.5689643e-01 +1.2633996e+00 +1.2633996e+00 +7.6815356e+00 +7.6815356e+00 +7.6815357e+00 +7.6815357e+00 
-8.8474150e+00 -8.8474150e+00 -8.4446726e-01 -8.4446726e-01 -7.7444304e-01 -7.7444304e-01 +3.0466973e-01 +3.0466973e-01 +1.2935621e+00 +1.2935621e+00 +7.4252586e+00 +7.4252586e+00 +7.6596198e+00 +7.6596198e+00 
-8.8382727e+00 -8.8382727e+00 -1.0128025e+00 -1.0128025e+00 -7.6611950e-01 -7.6611950e-01 +4.1153197e-01 +4.1153197e-01 +1.3867127e+00 +1.3867127e+00 +7.1166871e+00 +7.1166871e+00 +7.5953885e+00 +7.5953885e+00 
-8.8230226e+00 -8.8230226e+00 -1.2324871e+00 -1.2324871e+00 -7.5223542e-01 -7.5223542e-01 +5.2408332e-01 +5.2408332e-01 +1.5454742e+00 +1.5454742e+00 +6.8119429e+00 +6.8119429e+00 +7.4930231e+00 +7.4930231e+00 
-8.8016483e+00 -8.8016483e+00 -1.4754971e+00 -1.4754971e+00 -7.3277344e-01 -7.3277344e-01 +6.1918037e-01 +6.1918037e-01 +1.7635003e+00 +1.7635003e+00 +6.5129087e+00 +6.5129087e+00 +7.3584561e+00 +7.3584561e+00 
-8.7741308e+00 -8.7741308e+00 -1.7289734e+00 -1.7289734e+00 -7.0770922e-01 -7.0770922e-01 +6.9670908e-01 +6.9670908e-01 +2.0264677e+00 +2.0264677e+00 +6.2200264e+00 +6.2200264e+00 +7.1983080e+00 +7.1983080e+00 
-8.7404528e+00 -8.7404528e+00 -1.9868654e+00 -1.9868654e+00 -6.7701156e-01 -6.7701156e-01 +7.6351184e-01 +7.6351184e-01 +2.3200845e+00 +2.3200845e+00 +5.9334900e+00 +5.9334900e+00 +7.0189932e+00 +7.0189932e+00 
-8.7006016e+00 -8.7006016e+00 -2.2460898e+00 -2.2460898e+00 -6.4064285e-01 -6.4064285e-01 +8.2567890e-01 +8.2567890e-01 +2.6341532e+00 +2.6341532e+00 +5.6534117e+00 +5.6534117e+00 +6.8261361e+00 +6.8261361e+00 
-8.6545726e+00 -8.6545726e+00 -2.5049071e+00 -2.5049071e+00 -5.9855991e-01 -5.9855991e-01 +8.8722082e-01 +8.8722082e-01 +2.9623494e+00 +2.9623494e+00 +5.3798586e+00 +5.3798586e+00 +6.6242905e+00 +6.6242905e+00 
-8.6023710e+00 -8.6023710e+00 -2.7622112e+00 -2.7622112e+00 -5.5071514e-01 -5.5071514e-01 +9.5058224e-01 +9.5058224e-01 +3.3009599e+00 +3.3009599e+00 +5.1128631e+00 +5.1128631e+00 +6.4168920e+00 +6.4168920e+00 
-8.5440135e+00 -8.5440135e+00 -3.0172074e+00 -3.0172074e+00 -4.9705811e-01 -4.9705811e-01 +1.0172390e+00 +1.0172390e+00 +3.6478562e+00 +3.6478562e+00 +4.8524264e+00 +4.8524264e+00 +6.2063620e+00 +6.2063620e+00 
-8.4795284e+00 -8.4795284e+00 -3.2692669e+00 -3.2692669e+00 -4.3753715e-01 -4.3753715e-01 +1.0880854e+00 +1.0880854e+00 +4.0018238e+00 +4.0018238e+00 +4.5985206e+00 +4.5985206e+00 +5.9942983e+00 +5.9942983e+00 
-8.4089538e+00 -8.4089538e+00 -3.5178599e+00 -3.5178599e+00 -3.7210086e-01 -3.7210086e-01 +1.1636580e+00 +1.1636580e+00 +4.3510917e+00 +4.3510917e+00 +4.3621434e+00 +4.3621434e+00 +5.7817044e+00 +5.7817044e+00 
-8.3323345e+00 -8.3323345e+00 -3.7625267e+00 -3.7625267e+00 -3.0069917e-01 -3.0069917e-01 +1.2442641e+00 +1.2442641e+00 +4.1100624e+00 +4.1100624e+00 +4.7283308e+00 +4.7283308e+00 +5.5692282e+00 +5.5692282e+00 
-8.2497163e+00 -8.2497163e+00 -4.0028645e+00 -4.0028645e+00 -2.2328384e-01 -2.2328384e-01 +1.3300616e+00 +1.3300616e+00 +3.8753358e+00 +3.8753358e+00 +5.0999764e+00 +5.0999764e+00 +5.3573767e+00 +5.3573767e+00 
-8.1611389e+00 -8.1611389e+00 -4.2385212e+00 -4.2385212e+00 -1.3980832e-01 -1.3980832e-01 +1.4211134e+00 +1.4211134e+00 +3.6467985e+00 +3.6467985e+00 +5.1466779e+00 +5.1466779e+00 +5.4766488e+00 +5.4766488e+00 
-8.0666294e+00 -8.0666294e+00 -4.4691940e+00 -4.4691940e+00 -5.0227477e-02 -5.0227477e-02 +1.5174271e+00 +1.5174271e+00 +3.4243251e+00 +3.4243251e+00 +4.9377641e+00 +4.9377641e+00 +5.8578372e+00 +5.8578372e+00 
-7.9661982e+00 -7.9661982e+00 -4.6946274e+00 -4.6946274e+00 +4.5502531e-02 +4.5502531e-02 +1.6189832e+00 +1.6189832e+00 +3.2077809e+00 +3.2077809e+00 +4.7313683e+00 +4.7313683e+00 +6.2429124e+00 +6.2429124e+00 
-7.8598387e+00 -7.8598387e+00 -4.9146120e+00 -4.9146120e+00 +1.4742332e-01 +1.4742332e-01 +1.7257529e+00 +1.7257529e+00 +2.9970265e+00 +2.9970265e+00 +4.5282566e+00 +4.5282566e+00 +6.6310814e+00 +6.6310814e+00 
-7.7475299e+00 -7.7475299e+00 -5.1289818e+00 -5.1289818e+00 +2.5557173e-01 +2.5557173e-01 +1.8377078e+00 +1.8377078e+00 +2.7919221e+00 +2.7919221e+00 +4.3291343e+00 +4.3291343e+00 +7.0213032e+00 +7.0213032e+00 
-7.6292429e+00 -7.6292429e+00 -5.3376092e+00 -5.3376092e+00 +3.6997533e-01 +3.6997533e-01 +1.9548230e+00 +1.9548230e+00 +2.5923335e+00 +2.5923335e+00 +4.1345713e+00 +4.1345713e+00 +7.4121187e+00 +7.4121187e+00 
-7.5049458e+00 -7.5049458e+00 -5.5403998e+00 -5.5403998e+00 +4.9064607e-01 +4.9064607e-01 +2.0770770e+00 +2.0770770e+00 +2.3981396e+00 +2.3981396e+00 +3.9449671e+00 +3.9449671e+00 +7.8013293e+00 +7.8013293e+00 
-7.3746096e+00 -7.3746096e+00 -5.7372848e+00 -5.7372848e+00 +6.1757299e-01 +6.1757299e-01 +2.2044519e+00 +2.2044519e+00 +2.2092418e+00 +2.2092418e+00 +3.7605579e+00 +3.7605579e+00 +8.1854269e+00 +8.1854269e+00 
-7.2382105e+00 -7.2382105e+00 -5.9282149e+00 -5.9282149e+00 +7.5071536e-01 +7.5071536e-01 +2.0255742e+00 +2.0255742e+00 +2.3369337e+00 +2.3369337e+00 +3.5814504e+00 +3.5814504e+00 +8.5586573e+00 +8.5586573e+00 
-7.0957320e+00 -7.0957320e+00 -6.1131535e+00 -6.1131535e+00 +8.8999807e-01 +8.8999807e-01 +1.8471128e+00 +1.8471128e+00 +2.4745133e+00 +2.4745133e+00 +3.4076643e+00 +3.4076643e+00 +8.9116374e+00 +8.9116374e+00 
-6.9471653e+00 -6.9471653e+00 -6.2920728e+00 -6.2920728e+00 +1.0353112e+00 +1.0353112e+00 +1.6738821e+00 +1.6738821e+00 +2.6171889e+00 +2.6171889e+00 +3.2391712e+00 +3.2391712e+00 +9.2298510e+00 +9.2298510e+00 
-6.7925087e+00 -6.7925087e+00 -6.4649500e+00 -6.4649500e+00 +1.1865150e+00 +1.1865150e+00 +1.5059556e+00 +1.5059556e+00 +2.7649680e+00 +2.7649680e+00 +3.0759228e+00 +3.0759228e+00 +9.4937202e+00 +9.4937202e+00 
-6.6317669e+00 -6.6317669e+00 -6.6317669e+00 -6.6317669e+00 +1.3434506e+00 +1.3434506e+00 +1.3434506e+00 +1.3434506e+00 +2.9178691e+00 +2.9178691e+00 +2.9178691e+00 +2.9178691e+00 +9.6838740e+00 +9.6838740e+00 
-6.8615782e+00 -6.6285577e+00 -6.6285577e+00 -6.3961071e+00 +1.1195184e+00 +1.3460316e+00 +1.3460316e+00 +1.5734641e+00 +2.6995542e+00 +2.9204586e+00 +2.9204586e+00 +3.1414134e+00 +9.4749016e+00 +9.5997392e+00 
-7.0855050e+00 -6.6189381e+00 -6.6189381e+00 -6.1546401e+00 +9.0185117e-01 +1.3537934e+00 +1.3537934e+00 +1.8093253e+00 +2.4864763e+00 +2.9282684e+00 +2.9282684e+00 +3.3701596e+00 +9.2716582e+00 +9.3774613e+00 
-7.3035170e+00 -6.6029318e+00 -6.6029318e+00 -5.9074128e+00 +6.9055903e-01 +1.3667881e+00 +1.3667881e+00 +2.0507843e+00 +2.2786133e+00 +2.9414233e+00 +2.9414233e+00 +3.6040700e+00 +9.0721662e+00 +9.0721662e+00 
-7.5155895e+00 -6.5805797e+00 -6.5805797e+00 -5.6544769e+00 +4.8567138e-01 +1.3850913e+00 +1.3850913e+00 +2.0759040e+00 +2.2976106e+00 +2.9601303e+00 +2.9601303e+00 +3.8431053e+00 +8.7245530e+00 +8.7245530e+00 
-7.7217030e+00 -6.5519400e+00 -6.5519400e+00 -5.3958904e+00 +2.8714598e-01 +1.4087902e+00 +1.4087902e+00 +1.8782413e+00 +2.5496232e+00 +2.9846700e+00 +2.9846700e+00 +4.0872318e+00 +8.3572831e+00 +8.3572831e+00 
-7.9218422e+00 -6.5170874e+00 -6.5170874e+00 -5.1317205e+00 +9.4891082e-02 +1.4379743e+00 +1.4379743e+00 +1.6854741e+00 +2.8067084e+00 +3.0153714e+00 +3.0153714e+00 +4.3364286e+00 +7.9820927e+00 +7.9820927e+00 
-8.1159952e+00 -6.4761100e+00 -6.4761100e+00 -4.8620495e+00 -9.1206282e-02 +1.4727305e+00 +1.4727305e+00 +1.4974208e+00 +3.0525614e+00 +3.0525614e+00 +3.0688248e+00 +4.5906938e+00 +7.6050218e+00 +7.6050218e+00 
-8.3041517e+00 -6.4291018e+00 -6.4291018e+00 -4.5869854e+00 -2.7125316e-01 +1.3139020e+00 +1.5131435e+00 +1.5131435e+00 +3.0964888e+00 +3.0964888e+00 +3.3359971e+00 +4.8500502e+00 +7.2291961e+00 +7.2291961e+00 
-8.4863017e+00 -6.3761531e+00 -6.3761531e+00 -4.3066748e+00 -4.4533009e-01 +1.1347942e+00 +1.5592986e+00 +1.5592986e+00 +3.1472318e+00 +3.1472318e+00 +3.6083029e+00 +5.1145485e+00 +6.8562467e+00 +6.8562467e+00 
-8.6624332e+00 -6.3173395e+00 -6.3173395e+00 -4.0213151e+00 -6.1347996e-01 +9.6010161e-01 +1.6112852e+00 +1.6112852e+00 +3.2046060e+00 +3.2046060e+00 +3.8858581e+00 +5.3842659e+00 +6.4870605e+00 +6.4870605e+00 
-8.8325310e+00 -6.2527135e+00 -6.2527135e+00 -3.7311569e+00 -7.7570663e-01 +7.9002994e-01 +1.6691993e+00 +1.6691993e+00 +3.2680930e+00 +3.2680930e+00 +4.1688043e+00 +5.6592982e+00 +6.1222044e+00 +6.1222044e+00 
-8.9965745e+00 -6.1823015e+00 -6.1823015e+00 -3.4364905e+00 -9.3198161e-01 +6.2503923e-01 +1.7331429e+00 +1.7331429e+00 +3.3367822e+00 +3.3367822e+00 +4.4573022e+00 +5.7622136e+00 +5.7622136e+00 +5.9397409e+00 
-9.1545368e+00 -6.1061068e+00 -6.1061068e+00 -3.1376155e+00 -1.0822563e+00 +4.6584971e-01 +1.8032216e+00 +1.8032216e+00 +3.4092650e+00 +3.4092650e+00 +4.7515308e+00 +5.4078819e+00 +5.4078819e+00 +6.2256592e+00 
-9.3063836e+00 -6.0241176e+00 -6.0241176e+00 -2.8348106e+00 -1.2264768e+00 +3.1338879e-01 +1.8795402e+00 +1.8795402e+00 +3.4832776e+00 +3.4832776e+00 +5.0516911e+00 +5.0607830e+00 +5.0607830e+00 +6.5170477e+00 
-9.4520728e+00 -5.9363160e+00 -5.9363160e+00 -2.5283408e+00 -1.3645981e+00 +1.6870076e-01 +1.9621980e+00 +1.9621980e+00 +3.5544132e+00 +3.5544132e+00 +4.7246906e+00 +4.7246906e+00 +5.3580123e+00 +6.8137852e+00 
-9.5915540e+00 -5.8426861e+00 -5.8426861e+00 -2.2185565e+00 -1.4965952e+00 +3.2892571e-02 +2.0512835e+00 +2.0512835e+00 +3.6110214e+00 +3.6110214e+00 +4.4107706e+00 +4.4107706e+00 +5.6707538e+00 +7.0205421e+00 
-9.7247688e+00 -5.7432196e+00 -5.7432196e+00 -1.9061823e+00 -1.6224689e+00 -9.2735334e-02 +2.1468706e+00 +2.1468706e+00 +3.6128038e+00 +3.6128038e+00 +4.1590297e+00 +4.1590297e+00 +5.9901991e+00 +6.9051628e+00 
-9.8516501e+00 -5.6379191e+00 -5.6379191e+00 -1.7422462e+00 -1.5930746e+00 -2.0603130e-01 +2.2490161e+00 +2.2490161e+00 +3.4715293e+00 +3.4715293e+00 +4.0576046e+00 +4.0576046e+00 +6.3166374e+00 +6.7962110e+00 
-9.9721213e+00 -5.5268012e+00 -5.5268012e+00 -1.8559748e+00 -1.2846374e+00 -3.0158844e-01 +2.3577575e+00 +2.3577575e+00 +3.2079066e+00 +3.2079066e+00 +4.0858628e+00 +4.0858628e+00 +6.6503316e+00 +6.6935904e+00 
-1.0086095e+01 -5.4098986e+00 -5.4098986e+00 -1.9637141e+00 -9.9996905e-01 -3.6053602e-01 +2.4731124e+00 +2.4731124e+00 +2.9055741e+00 +2.9055741e+00 +4.1603691e+00 +4.1603691e+00 +6.5971572e+00 +6.9914789e+00 
-1.0193469e+01 -5.2872643e+00 -5.2872643e+00 -2.0655256e+00 -8.0904469e-01 -3.1326406e-01 +2.5942387e+00 +2.5942387e+00 +2.5950776e+00 +2.5950776e+00 +4.2516930e+00 +4.2516930e+00 +6.5067345e+00 +7.3401710e+00 
-1.0294126e+01 -5.1589763e+00 -5.1589763e+00 -2.1614645e+00 -7.7991626e-01 -9.2139979e-02 +2.2826464e+00 +2.2826464e+00 +2.7236293e+00 +2.7236293e+00 +4.3513827e+00 +4.3513827e+00 +6.4221287e+00 +7.6963650e+00 
-1.0387924e+01 -5.0251432e+00 -5.0251432e+00 -2.2515737e+00 -8.2648587e-01 +2.1631565e-01 +1.9741515e+00 +1.9741515e+00 +2.8587223e+00 +2.8587223e+00 +4.4563449e+00 +4.4563449e+00 +6.3431467e+00 +8.0598717e+00 
-1.0474704e+01 -4.8859110e+00 -4.8859110e+00 -2.3358818e+00 -8.9072324e-01 +5.5366128e-01 +1.6704008e+00 +1.6704008e+00 +3.0002896e+00 +3.0002896e+00 +4.5651119e+00 +4.5651119e+00 +6.2696103e+00 +8.0923789e+00 
-1.0554284e+01 -4.7414711e+00 -4.7414711e+00 -2.4144033e+00 -9.5750424e-01 +9.0435712e-01 +1.3723716e+00 +1.3723716e+00 +3.1482420e+00 +3.1482420e+00 +4.6767595e+00 +4.6767595e+00 +6.2013664e+00 +7.9715083e+00 
-1.0626483e+01 -4.5920704e+00 -4.5920704e+00 -2.4871410e+00 -1.0222975e+00 +1.0807374e+00 +1.0807374e+00 +1.2634141e+00 +3.3024681e+00 +3.3024681e+00 +4.7905001e+00 +4.7905001e+00 +6.1382930e+00 +7.8550029e+00 
-1.0691147e+01 -4.4380260e+00 -4.4380260e+00 -2.5540898e+00 -1.0833843e+00 +7.9603059e-01 +7.9603059e-01 +1.6285628e+00 +3.4628345e+00 +3.4628345e+00 +4.9054833e+00 +4.9054833e+00 +6.0803000e+00 +7.7403720e+00 
-1.0748207e+01 -4.2797488e+00 -4.2797488e+00 -2.6152395e+00 -1.1399893e+00 +5.1874155e-01 +5.1874155e-01 +1.9983289e+00 +3.6291875e+00 +3.6291875e+00 +5.0206726e+00 +5.0206726e+00 +6.0273272e+00 +7.6247009e+00 
-1.0797756e+01 -4.1177818e+00 -4.1177818e+00 -2.6705789e+00 -1.1917157e+00 +2.4940347e-01 +2.4940347e-01 +2.3714171e+00 +3.8013554e+00 +3.8013554e+00 +5.1347638e+00 +5.1347638e+00 +5.9793406e+00 +7.5046175e+00 
-1.0840108e+01 -3.9528657e+00 -3.9528657e+00 -2.7200973e+00 -1.2383390e+00 -1.1307488e-02 -1.1307488e-02 +2.7464673e+00 +3.9791508e+00 +3.9791508e+00 +5.2461377e+00 +5.2461377e+00 +5.9363270e+00 +7.3762833e+00 
-1.0875806e+01 -3.7860525e+00 -3.7860525e+00 -2.7637869e+00 -1.2797202e+00 -2.6243115e-01 -2.6243115e-01 +3.1219494e+00 +4.1623714e+00 +4.1623714e+00 +5.3528521e+00 +5.3528521e+00 +5.8982901e+00 +7.2354759e+00 
-1.0905533e+01 -3.6189020e+00 -3.6189020e+00 -2.8016431e+00 -1.3157638e+00 -5.0250343e-01 -5.0250343e-01 +3.4961195e+00 +4.3507922e+00 +4.3507922e+00 +5.4526768e+00 +5.4526768e+00 +5.8652451e+00 +7.0778409e+00 
-1.0929940e+01 -3.4538296e+00 -3.4538296e+00 -2.8336650e+00 -1.3463971e+00 -7.2919253e-01 -7.2919253e-01 +3.8669911e+00 +4.5441365e+00 +4.5441365e+00 +5.5431713e+00 +5.5431713e+00 +5.8372157e+00 +6.8364770e+00 
-1.0949509e+01 -3.2947166e+00 -3.2947166e+00 -2.8598548e+00 -1.3715587e+00 -9.3867814e-01 -9.3867814e-01 +4.2322619e+00 +4.7419842e+00 +4.7419842e+00 +5.6218043e+00 +5.6218043e+00 +5.8142294e+00 +6.5832992e+00 
-1.0964521e+01 -3.1479457e+00 -3.1479457e+00 -2.8802166e+00 -1.3911947e+00 -1.1246145e+00 -1.1246145e+00 +4.5890671e+00 +4.9434810e+00 +4.9434810e+00 +5.6861081e+00 +5.6861081e+00 +5.7963145e+00 +6.3389411e+00 
-1.0975129e+01 -3.0238773e+00 -3.0238773e+00 -2.8947557e+00 -1.4052584e+00 -1.2766574e+00 -1.2766574e+00 +4.9330526e+00 +5.1462308e+00 +5.1462308e+00 +5.7338619e+00 +5.7338619e+00 +5.7834970e+00 +6.1056768e+00 
-1.0981437e+01 -2.9377558e+00 -2.9377558e+00 -2.9034769e+00 -1.4137126e+00 -1.3795653e+00 -1.3795653e+00 +5.2529419e+00 +5.3401508e+00 +5.3401508e+00 +5.7632874e+00 +5.7632874e+00 +5.7757976e+00 +5.8934907e+00 
-1.0983529e+01 -2.9063836e+00 -2.9063836e+00 -2.9063836e+00 -1.4165334e+00 -1.4165334e+00 -1.4165334e+00 +5.4543304e+00 +5.4543305e+00 +5.4543305e+00 +5.7732296e+00 +5.7732296e+00 +5.7732296e+00 +5.7732296e+00 
-1.0981472e+01 -2.9261126e+00 -2.9261126e+00 -2.9261125e+00 -1.3912748e+00 -1.3912748e+00 -1.3912748e+00 +5.3093448e+00 +5.3093448e+00 +5.3093448e+00 +5.7756918e+00 +5.7756918e+00 +5.7756919e+00 +5.9078983e+00 
-1.0975198e+01 -2.9816324e+00 -2.9816324e+00 -2.9816324e+00 -1.3191730e+00 -1.3191730e+00 -1.3191730e+00 +5.0636596e+00 +5.0636597e+00 +5.0636597e+00 +5.7830809e+00 +5.7830809e+00 +5.7830809e+00 +6.1226531e+00 
-1.0964445e+01 -3.0644006e+00 -3.0644006e+00 -3.0644005e+00 -1.2087903e+00 -1.2087903e+00 -1.2087903e+00 +4.7972989e+00 +4.7972989e+00 +4.7972989e+00 +5.7954040e+00 +5.7954040e+00 +5.7954040e+00 +6.3375941e+00 
-1.0948887e+01 -3.1653244e+00 -3.1653244e+00 -3.1653244e+00 -1.0692460e+00 -1.0692460e+00 -1.0692460e+00 +4.5214326e+00 +4.5214326e+00 +4.5214326e+00 +5.8126735e+00 +5.8126735e+00 +5.8126735e+00 +6.5419426e+00 
-1.0928201e+01 -3.2771450e+00 -3.2771450e+00 -3.2771449e+00 -9.0782709e-01 -9.0782707e-01 -9.0782707e-01 +4.2397582e+00 +4.2397582e+00 +4.2397582e+00 +5.8349079e+00 +5.8349079e+00 +5.8349079e+00 +6.7328584e+00 
-1.0902070e+01 -3.3947589e+00 -3.3947589e+00 -3.3947588e+00 -7.2966116e-01 -7.2966114e-01 -7.2966114e-01 +3.9544537e+00 +3.9544538e+00 +3.9544538e+00 +5.8621330e+00 +5.8621330e+00 +5.8621330e+00 +6.9096362e+00 
-1.0870177e+01 -3.5147438e+00 -3.5147438e+00 -3.5147438e+00 -5.3819210e-01 -5.3819208e-01 -5.3819208e-01 +3.6672125e+00 +3.6672125e+00 +3.6672125e+00 +5.8943841e+00 +5.8943841e+00 +5.8943841e+00 +7.0727082e+00 
-1.0832206e+01 -3.6348191e+00 -3.6348191e+00 -3.6348191e+00 -3.3572759e-01 -3.3572757e-01 -3.3572757e-01 +3.3795079e+00 +3.3795079e+00 +3.3795079e+00 +5.9317086e+00 +5.9317086e+00 +5.9317087e+00 +7.2232898e+00 
-1.0787871e+01 -3.7534420e+00 -3.7534420e+00 -3.7534420e+00 -1.2386378e-01 -1.2386377e-01 -1.2386377e-01 +3.0926766e+00 +3.0926766e+00 +3.0926766e+00 +5.9741696e+00 +5.9741696e+00 +5.9741696e+00 +7.3631212e+00 
-1.0736951e+01 -3.8695405e+00 -3.8695405e+00 -3.8695405e+00 +9.6201555e-02 +9.6201569e-02 +9.6201569e-02 +2.8079679e+00 +2.8079679e+00 +2.8079679e+00 +6.0218489e+00 +6.0218489e+00 +6.0218489e+00 +7.4942350e+00 
-1.0679306e+01 -3.9823435e+00 -3.9823435e+00 -3.9823435e+00 +3.2339232e-01 +3.2339233e-01 +3.2339233e-01 +2.5266418e+00 +2.5266418e+00 +2.5266418e+00 +6.0748494e+00 +6.0748494e+00 +6.0748494e+00 +7.6187623e+00 
-1.0614871e+01 -4.0912739e+00 -4.0912739e+00 -4.0912739e+00 +5.5635335e-01 +5.5635336e-01 +5.5635336e-01 +2.2502598e+00 +2.2502598e+00 +2.2502598e+00 +6.1332945e+00 +6.1332945e+00 +6.1332945e+00 +7.7387918e+00 
-1.0543643e+01 -4.1958811e+00 -4.1958811e+00 -4.1958811e+00 +7.9235099e-01 +7.9235100e-01 +7.9235100e-01 +1.9817242e+00 +1.9817242e+00 +1.9817242e+00 +6.1973226e+00 +6.1973226e+00 +6.1973227e+00 +7.8562828e+00 
-1.0465663e+01 -4.2958002e+00 -4.2958002e+00 -4.2958002e+00 +1.0219234e+00 +1.0219234e+00 +1.0219234e+00 +1.7306029e+00 +1.7306029e+00 +1.7306029e+00 +6.2670770e+00 +6.2670770e+00 +6.2670770e+00 +7.9504113e+00 
-1.0381003e+01 -4.3907278e+00 -4.3907278e+00 -4.3907278e+00 +1.1829041e+00 +1.1829041e+00 +1.1829041e+00 +1.5591064e+00 +1.5591064e+00 +1.5591064e+00 +6.3426887e+00 +6.3426887e+00 +6.3426887e+00 +7.5162427e+00 
-1.0289748e+01 -4.4804107e+00 -4.4804107e+00 -4.4804107e+00 +1.0797205e+00 +1.0797205e+00 +1.0797205e+00 +1.6628055e+00 +1.6628055e+00 +1.6628055e+00 +6.4242570e+00 +6.4242570e+00 +6.4242571e+00 +7.0814874e+00 
-1.0191993e+01 -4.5646436e+00 -4.5646436e+00 -4.5646436e+00 +8.5173794e-01 +8.5173795e-01 +8.5173795e-01 +1.9023172e+00 +1.9023172e+00 +1.9023172e+00 +6.5118291e+00 +6.5118291e+00 +6.5118291e+00 +6.6468081e+00 
-1.0087830e+01 -4.6432716e+00 -4.6432716e+00 -4.6432716e+00 +6.0763888e-01 +6.0763889e-01 +6.0763889e-01 +2.1689603e+00 +2.1689603e+00 +2.1689603e+00 +6.2127110e+00 +6.6053831e+00 +6.6053831e+00 +6.6053831e+00 
-9.9773410e+00 -4.7161934e+00 -4.7161934e+00 -4.7161934e+00 +3.6275173e-01 +3.6275174e-01 +3.6275174e-01 +2.4474582e+00 +2.4474582e+00 +2.4474582e+00 +5.7795548e+00 +6.7048198e+00 +6.7048198e+00 +6.7048198e+00 
-9.8605963e+00 -4.7833616e+00 -4.7833616e+00 -4.7833616e+00 +1.2064703e-01 +1.2064703e-01 +1.2064703e-01 +2.7343595e+00 +2.7343595e+00 +2.7343595e+00 +5.3475792e+00 +6.8099643e+00 +6.8099643e+00 +6.8099643e+00 
-9.7376480e+00 -4.8447745e+00 -4.8447745e+00 -4.8447745e+00 -1.1731675e-01 -1.1731674e-01 -1.1731674e-01 +3.0284846e+00 +3.0284846e+00 +3.0284846e+00 +4.9169497e+00 +6.9205787e+00 +6.9205787e+00 +6.9205787e+00 
-9.6085315e+00 -4.9004623e+00 -4.9004623e+00 -4.9004622e+00 -3.5042141e-01 -3.5042140e-01 -3.5042140e-01 +3.3293219e+00 +3.3293219e+00 +3.3293219e+00 +4.4878164e+00 +7.0363859e+00 +7.0363859e+00 +7.0363860e+00 
-9.4732666e+00 -4.9504689e+00 -4.9504689e+00 -4.9504689e+00 -5.7820746e-01 -5.7820746e-01 -5.7820746e-01 +3.6365985e+00 +3.6365985e+00 +3.6365985e+00 +4.0603854e+00 +7.1571016e+00 +7.1571016e+00 +7.1571016e+00 
-9.3318603e+00 -4.9948361e+00 -4.9948361e+00 -4.9948361e+00 -8.0036198e-01 -8.0036198e-01 -8.0036198e-01 +3.6349944e+00 +3.9501215e+00 +3.9501215e+00 +3.9501215e+00 +7.2824719e+00 +7.2824719e+00 +7.2824719e+00 
-9.1843110e+00 -5.0335923e+00 -5.0335923e+00 -5.0335923e+00 -1.0166785e+00 -1.0166785e+00 -1.0166785e+00 +3.2121809e+00 +4.2697055e+00 +4.2697055e+00 +4.2697055e+00 +7.4123141e+00 +7.4123141e+00 +7.4123142e+00 
-9.0306130e+00 -5.0667481e+00 -5.0667481e+00 -5.0667481e+00 -1.2270352e+00 -1.2270352e+00 -1.2270352e+00 +2.7927260e+00 +4.5951379e+00 +4.5951379e+00 +4.5951379e+00 +7.5465538e+00 +7.5465538e+00 +7.5465538e+00 
-8.8707608e+00 -5.0942974e+00 -5.0942974e+00 -5.0942974e+00 -1.4313765e+00 -1.4313765e+00 -1.4313765e+00 +2.3776552e+00 +4.9261654e+00 +4.9261654e+00 +4.9261654e+00 +7.6852543e+00 +7.6852543e+00 +7.6852544e+00 
-8.7047537e+00 -5.1162213e+00 -5.1162213e+00 -5.1162213e+00 -1.6296988e+00 -1.6296988e+00 -1.6296988e+00 +1.9681813e+00 +5.2624943e+00 +5.2624943e+00 +5.2624943e+00 +7.8286322e+00 +7.8286322e+00 +7.8286322e+00 
-8.5325982e+00 -5.1324926e+00 -5.1324926e+00 -5.1324926e+00 -1.8220390e+00 -1.8220390e+00 -1.8220390e+00 +1.5655905e+00 +5.6038002e+00 +5.6038003e+00 +5.6038003e+00 +7.9770537e+00 +7.9770537e+00 +7.9770537e+00 
-8.3543095e+00 -5.1430804e+00 -5.1430804e+00 -5.1430804e+00 -2.0084687e+00 -2.0084687e+00 -2.0084687e+00 +1.1710891e+00 +5.9497463e+00 +5.9497463e+00 +5.9497463e+00 +8.1310107e+00 +8.1310107e+00 +8.1310107e+00 
-8.1699102e+00 -5.1479532e+00 -5.1479532e+00 -5.1479532e+00 -2.1890887e+00 -2.1890887e+00 -2.1890887e+00 +7.8564349e-01 +6.3000100e+00 +6.3000100e+00 +6.3000100e+00 +8.2910799e+00 +8.2910799e+00 +8.2910799e+00 
-7.9794285e+00 -5.1470813e+00 -5.1470813e+00 -5.1470812e+00 -2.3640214e+00 -2.3640214e+00 -2.3640214e+00 +4.0985446e-01 +6.6543181e+00 +6.6543181e+00 +6.6543181e+00 +8.4578704e+00 +8.4578704e+00 +8.4578704e+00 
-7.7828939e+00 -5.1404386e+00 -5.1404386e+00 -5.1404386e+00 -2.5333983e+00 -2.5333983e+00 -2.5333983e+00 +4.3895597e-02 +7.0124823e+00 +7.0124823e+00 +7.0124823e+00 +8.6319710e+00 +8.6319710e+00 +8.6319710e+00 
-7.5803343e+00 -5.1280060e+00 -5.1280060e+00 -5.1280060e+00 -2.6973419e+00 -2.6973419e+00 -2.6973419e+00 -3.1247320e-01 +7.3744253e+00 +7.3744254e+00 +7.3744254e+00 +8.8139060e+00 +8.8139060e+00 +8.8139060e+00 
-7.3717735e+00 -5.1097739e+00 -5.1097739e+00 -5.1097739e+00 -2.8559448e+00 -2.8559448e+00 -2.8559448e+00 -6.5982752e-01 +7.7401796e+00 +7.7401796e+00 +7.7401796e+00 +9.0041040e+00 +9.0041040e+00 +9.0041041e+00 
-7.1572311e+00 -5.0857484e+00 -5.0857484e+00 -5.0857484e+00 -3.0092499e+00 -3.0092499e+00 -3.0092499e+00 -9.9896088e-01 +8.1098389e+00 +8.1098389e+00 +8.1098389e+00 +9.2028814e+00 +9.2028814e+00 +9.2028814e+00 
-6.9367250e+00 -5.0559583e+00 -5.0559583e+00 -5.0559583e+00 -3.1572360e+00 -3.1572360e+00 -3.1572360e+00 -1.3307563e+00 +8.4834462e+00 +8.4834462e+00 +8.4834462e+00 +9.4104365e+00 +9.4104365e+00 +9.4104365e+00 
-6.7102774e+00 -5.0204676e+00 -5.0204676e+00 -5.0204676e+00 -3.2998082e+00 -3.2998082e+00 -3.2998082e+00 -1.6560702e+00 +8.8608066e+00 +8.8608067e+00 +8.8608067e+00 +9.6268493e+00 +9.6268493e+00 +9.6268494e+00 
-6.4779258e+00 -4.9793940e+00 -4.9793940e+00 -4.9793940e+00 -3.4367899e+00 -3.4367899e+00 -3.4367899e+00 -1.9756407e+00 +9.2412204e+00 +9.2412204e+00 +9.2412204e+00 +9.8520792e+00 +9.8520792e+00 +9.8520792e+00 
-6.2397418e+00 -4.9329405e+00 -4.9329405e+00 -4.9329405e+00 -3.5679088e+00 -3.5679087e+00 -3.5679087e+00 -2.2900217e+00 +9.6231457e+00 +9.6231457e+00 +9.6231457e+00 +1.0085955e+01 +1.0085955e+01 +1.0085955e+01 
-5.9958621e+00 -4.8814511e+00 -4.8814511e+00 -4.8814511e+00 -3.6927588e+00 -3.6927588e+00 -3.6927588e+00 -2.5995354e+00 +1.0003813e+01 +1.0003813e+01 +1.0003813e+01 +1.0328152e+01 +1.0328152e+01 +1.0328152e+01 
-5.7465487e+00 -4.8255173e+00 -4.8255173e+00 -4.8255173e+00 -3.8107098e+00 -3.8107098e+00 -3.8107098e+00 -2.9042195e+00 +1.0378834e+01 +1.0378834e+01 +1.0378834e+01 +1.0578147e+01 +1.0578147e+01 +1.0578147e+01 
-5.4923225e+00 -4.7661994e+00 -4.7661994e+00 -4.7661994e+00 -3.9206936e+00 -3.9206936e+00 -3.9206936e+00 -3.2037184e+00 +1.0741851e+01 +1.0741851e+01 +1.0741851e+01 +1.0835115e+01 +1.0835115e+01 +1.0835115e+01 
-5.2343312e+00 -4.7055304e+00 -4.7055304e+00 -4.7055304e+00 -4.0206988e+00 -4.0206988e+00 -4.0206988e+00 -3.4969483e+00 +1.1084196e+01 +1.1084196e+01 +1.1084196e+01 +1.1097637e+01 +1.1097637e+01 +1.1097637e+01 
-4.9756939e+00 -4.6477232e+00 -4.6477232e+00 -4.6477232e+00 -4.1065538e+00 -4.1065538e+00 -4.1065538e+00 -3.7807908e+00 +1.1362571e+01 +1.1362571e+01 +1.1362571e+01 +1.1393954e+01 +1.1393954e+01 +1.1393954e+01 
-4.7289613e+00 -4.6017506e+00 -4.6017506e+00 -4.6017506e+00 -4.1693316e+00 -4.1693316e+00 -4.1693316e+00 -4.0426665e+00 +1.1618400e+01 +1.1618400e+01 +1.1618400e+01 +1.1649792e+01 +1.1649792e+01 +1.1649792e+01 
-4.5830575e+00 -4.5830575e+00 -4.5830575e+00 -4.5830575e+00 -4.1936220e+00 -4.1936220e+00 -4.1936220e+00 -4.1936220e+00 +1.1775453e+01 +1.1775453e+01 +1.1775453e+01 +1.1775453e+01 +1.1775453e+01 +1.1775453e+01 
-4.6892736e+00 -4.6892736e+00 -4.5800519e+00 -4.5800519e+00 -4.1908494e+00 -4.1908494e+00 -4.0820463e+00 -4.0820463e+00 +1.1614754e+01 +1.1614754e+01 +1.1620313e+01 +1.1620313e+01 +1.1660443e+01 +1.1660443e+01 
-4.8823920e+00 -4.8823920e+00 -4.5710353e+00 -4.5710353e+00 -4.1825121e+00 -4.1825121e+00 -3.8728639e+00 -3.8728639e+00 +1.1331324e+01 +1.1331324e+01 +1.1338477e+01 +1.1338477e+01 +1.1458992e+01 +1.1458992e+01 
-5.0889462e+00 -5.0889462e+00 -4.5560094e+00 -4.5560094e+00 -4.1685576e+00 -4.1685576e+00 -3.6395847e+00 -3.6395847e+00 +1.0995723e+01 +1.0995723e+01 +1.1036075e+01 +1.1036075e+01 +1.1246524e+01 +1.1246524e+01 
-5.2955493e+00 -5.2955493e+00 -4.5349786e+00 -4.5349786e+00 -4.1489133e+00 -4.1489133e+00 -3.3956610e+00 -3.3956610e+00 +1.0632397e+01 +1.0632397e+01 +1.0720875e+01 +1.0720875e+01 +1.1035536e+01 +1.1035536e+01 
-5.4986640e+00 -5.4986640e+00 -4.5079519e+00 -4.5079519e+00 -4.1235035e+00 -4.1235035e+00 -3.1447087e+00 -3.1447087e+00 +1.0251913e+01 +1.0251913e+01 +1.0397679e+01 +1.0397679e+01 +1.0829589e+01 +1.0829589e+01 
-5.6969638e+00 -5.6969638e+00 -4.4749441e+00 -4.4749441e+00 -4.0922633e+00 -4.0922633e+00 -2.8881303e+00 -2.8881303e+00 +9.8622776e+00 +9.8622776e+00 +1.0069338e+01 +1.0069338e+01 +1.0630287e+01 +1.0630287e+01 
-5.8898336e+00 -5.8898336e+00 -4.4359751e+00 -4.4359751e+00 -4.0551478e+00 -4.0551478e+00 -2.6265928e+00 -2.6265928e+00 +9.4695164e+00 +9.4695164e+00 +9.7378328e+00 +9.7378328e+00 +1.0438548e+01 +1.0438548e+01 
-6.0769506e+00 -6.0769506e+00 -4.3910692e+00 -4.3910692e+00 -4.0121345e+00 -4.0121345e+00 -2.3604198e+00 -2.3604198e+00 +9.0778462e+00 +9.0778462e+00 +9.4045543e+00 +9.4045543e+00 +1.0254936e+01 +1.0254936e+01 
-6.2581352e+00 -6.2581352e+00 -4.3402527e+00 -4.3402527e+00 -3.9632226e+00 -3.9632226e+00 -2.0897088e+00 -2.0897088e+00 +8.6899470e+00 +8.6899470e+00 +9.0704501e+00 +9.0704501e+00 +1.0079776e+01 +1.0079776e+01 
-6.4332874e+00 -6.4332874e+00 -4.2835516e+00 -4.2835516e+00 -3.9084280e+00 -3.9084280e+00 -1.8143677e+00 -1.8143677e+00 +8.3073195e+00 +8.3073195e+00 +8.7361332e+00 +8.7361332e+00 +9.9132049e+00 +9.9132049e+00 
-6.6023546e+00 -6.6023546e+00 -4.2209899e+00 -4.2209899e+00 -3.8477782e+00 -3.8477782e+00 -1.5341333e+00 -1.5341333e+00 +7.9306431e+00 +7.9306431e+00 +8.4019795e+00 +8.4019795e+00 +9.7552014e+00 +9.7552014e+00 
-6.7653140e+00 -6.7653140e+00 -4.1525873e+00 -4.1525873e+00 -3.7813064e+00 -3.7813064e+00 -1.2486022e+00 -1.2486022e+00 +7.5600812e+00 +7.5600812e+00 +8.0682144e+00 +8.0682144e+00 +9.6056049e+00 +9.6056049e+00 
-6.9221601e+00 -6.9221601e+00 -4.0783581e+00 -4.0783581e+00 -3.7090470e+00 -3.7090470e+00 -9.5728401e-01 -9.5728401e-01 +7.1955135e+00 +7.1955135e+00 +7.7349867e+00 +7.7349867e+00 +9.4641306e+00 +9.4641306e+00 
-7.0728967e+00 -7.0728967e+00 -3.9983099e+00 -3.9983099e+00 -3.6310316e+00 -3.6310316e+00 -6.5967721e-01 -6.5967721e-01 +6.8367004e+00 +6.8367004e+00 +7.4024301e+00 +7.4024301e+00 +9.3303830e+00 +9.3303830e+00 
-7.2175306e+00 -7.2175306e+00 -3.9124436e+00 -3.9124436e+00 -3.5472869e+00 -3.5472869e+00 -3.5535379e-01 -3.5535379e-01 +6.4833890e+00 +6.4833890e+00 +7.0707133e+00 +7.0707133e+00 +9.2038720e+00 +9.2038720e+00 
-7.3560681e+00 -7.3560681e+00 -3.8207534e+00 -3.8207534e+00 -3.4578357e+00 -3.4578357e+00 -4.4038293e-02 -4.4038293e-02 +6.1353761e+00 +6.1353761e+00 +6.7400783e+00 +6.7400783e+00 +9.0840346e+00 +9.0840346e+00 
-7.4885123e+00 -7.4885123e+00 -3.7232283e+00 -3.7232283e+00 -3.3626997e+00 -3.3626997e+00 +2.7433095e-01 +2.7433095e-01 +5.7925387e+00 +5.7925387e+00 +6.4108673e+00 +6.4108673e+00 +8.9702658e+00 +8.9702658e+00 
-7.6148631e+00 -7.6148631e+00 -3.6198547e+00 -3.6198547e+00 -3.2619059e+00 -3.2619059e+00 +5.9956588e-01 +5.9956588e-01 +5.4548398e+00 +5.4548398e+00 +6.0835377e+00 +6.0835377e+00 +8.8619578e+00 +8.8619578e+00 
-7.7351170e+00 -7.7351170e+00 -3.5106211e+00 -3.5106211e+00 -3.1554953e+00 -3.1554953e+00 +9.3122454e-01 +9.3122454e-01 +5.1223168e+00 +5.1223168e+00 +5.7586653e+00 +5.7586653e+00 +8.7585434e+00 +8.7585434e+00 
-7.8492680e+00 -7.8492680e+00 -3.3955233e+00 -3.3955233e+00 -3.0435323e+00 -3.0435323e+00 +1.2686470e+00 +1.2686470e+00 +4.7950565e+00 +4.7950565e+00 +5.4369371e+00 +5.4369371e+00 +8.6595399e+00 +8.6595399e+00 
-7.9573084e+00 -7.9573084e+00 -3.2745724e+00 -3.2745724e+00 -2.9261155e+00 -2.9261155e+00 +1.6110369e+00 +1.6110369e+00 +4.4731634e+00 +4.4731634e+00 +5.1191313e+00 +5.1191313e+00 +8.5645839e+00 +8.5645839e+00 
-8.0592289e+00 -8.0592289e+00 -3.1478019e+00 -3.1478019e+00 -2.8033857e+00 -2.8033857e+00 +1.9575817e+00 +1.9575817e+00 +4.1567288e+00 +4.1567288e+00 +4.8060869e+00 +4.8060869e+00 +8.4734534e+00 +8.4734534e+00 
-8.1550198e+00 -8.1550198e+00 -3.0152752e+00 -3.0152752e+00 -2.6755325e+00 -2.6755325e+00 +2.3075849e+00 +2.3075849e+00 +3.8458087e+00 +3.8458087e+00 +4.4986598e+00 +4.4986598e+00 +8.3860742e+00 +8.3860742e+00 
-8.2446702e+00 -8.2446702e+00 -2.8770924e+00 -2.8770924e+00 -2.5427992e+00 -2.5427992e+00 +2.6605705e+00 +2.6605705e+00 +3.5404182e+00 +3.5404182e+00 +4.1976683e+00 +4.1976683e+00 +8.3025087e+00 +8.3025087e+00 
-8.3281687e+00 -8.3281687e+00 -2.7333943e+00 -2.7333943e+00 -2.4054890e+00 -2.4054890e+00 +3.0163253e+00 +3.0163253e+00 +3.2405452e+00 +3.2405452e+00 +3.9038318e+00 +3.9038318e+00 +8.2229344e+00 +8.2229344e+00 
-8.4055036e+00 -8.4055036e+00 -2.5843660e+00 -2.5843660e+00 -2.2639774e+00 -2.2639774e+00 +2.9461833e+00 +2.9461833e+00 +3.3748667e+00 +3.3748667e+00 +3.6177183e+00 +3.6177183e+00 +8.1476130e+00 +8.1476130e+00 
-8.4766631e+00 -8.4766631e+00 -2.4302398e+00 -2.4302398e+00 -2.1187332e+00 -2.1187332e+00 +2.6573787e+00 +2.6573787e+00 +3.3397265e+00 +3.3397265e+00 +3.7363503e+00 +3.7363503e+00 +8.0768593e+00 +8.0768593e+00 
-8.5416358e+00 -8.5416358e+00 -2.2713003e+00 -2.2713003e+00 -1.9703524e+00 -1.9703524e+00 +2.3742822e+00 +2.3742822e+00 +3.0701331e+00 +3.0701331e+00 +4.1009444e+00 +4.1009444e+00 +8.0110111e+00 +8.0110111e+00 
-8.6004118e+00 -8.6004118e+00 -2.1078978e+00 -2.1078978e+00 -1.8196075e+00 -1.8196075e+00 +2.0972026e+00 +2.0972026e+00 +2.8092256e+00 +2.8092256e+00 +4.4686982e+00 +4.4686982e+00 +7.9504049e+00 +7.9504049e+00 
-8.6529835e+00 -8.6529835e+00 -1.9404790e+00 -1.9404790e+00 -1.6675230e+00 -1.6675230e+00 +1.8266625e+00 +1.8266625e+00 +2.5575221e+00 +2.5575221e+00 +4.8394221e+00 +4.8394221e+00 +7.8953580e+00 +7.8953580e+00 
-8.6993463e+00 -8.6993463e+00 -1.7696513e+00 -1.7696513e+00 -1.5154930e+00 -1.5154930e+00 +1.5634687e+00 +1.5634687e+00 +2.3160544e+00 +2.3160544e+00 +5.2125847e+00 +5.2125847e+00 +7.8461568e+00 +7.8461568e+00 
-8.7394999e+00 -8.7394999e+00 -1.5963163e+00 -1.5963163e+00 -1.3654739e+00 -1.3654739e+00 +1.3088331e+00 +1.3088331e+00 +2.0866944e+00 +2.0866944e+00 +5.5872276e+00 +5.5872276e+00 +7.8030500e+00 +7.8030500e+00 
-8.7734482e+00 -8.7734482e+00 -1.4219429e+00 -1.4219429e+00 -1.2202911e+00 -1.2202911e+00 +1.0646169e+00 +1.0646169e+00 +1.8725189e+00 +1.8725189e+00 +5.9618943e+00 +5.9618943e+00 +7.7662471e+00 +7.7662471e+00 
-8.8011994e+00 -8.8011994e+00 -1.2491422e+00 -1.2491422e+00 -1.0840886e+00 -1.0840886e+00 +8.3386667e-01 +8.3386667e-01 +1.6782315e+00 +1.6782315e+00 +6.3345672e+00 +6.3345672e+00 +7.7359184e+00 +7.7359184e+00 
-8.8227645e+00 -8.8227645e+00 -1.0829256e+00 -1.0829256e+00 -9.6288023e-01 -9.6288023e-01 +6.2202868e-01 +6.2202868e-01 +1.5106115e+00 +1.5106115e+00 +6.7025960e+00 +6.7025960e+00 +7.7121979e+00 +7.7121979e+00 
-8.8381561e+00 -8.8381561e+00 -9.3346029e-01 -9.3346029e-01 -8.6491405e-01 -8.6491405e-01 +4.3966121e-01 +4.3966121e-01 +1.3787330e+00 +1.3787330e+00 +7.0625230e+00 +7.0625230e+00 +7.6951859e+00 +7.6951859e+00 
-8.8473856e+00 -8.8473856e+00 -8.2104225e-01 -8.2104225e-01 -8.0006695e-01 -8.0006695e-01 +3.0736951e-01 +3.0736951e-01 +1.2932034e+00 +1.2932034e+00 +7.4089338e+00 +7.4089338e+00 +7.6849515e+00 +7.6849515e+00 
-8.8504611e+00 -8.8504611e+00 -7.7721644e-01 -7.7721644e-01 -7.7721641e-01 -7.7721641e-01 +2.5689643e-01 +2.5689643e-01 +1.2633996e+00 +1.2633996e+00 +7.6815356e+00 +7.6815356e+00 +7.6815357e+00 +7.6815357e+00 
-6.6317669e+00 -6.6317669e+00 -6.6317669e+00 -6.6317669e+00 +1.3434506e+00 +1.3434506e+00 +1.3434506e+00 +1.3434506e+00 +2.9178691e+00 +2.9178691e+00 +2.9178691e+00 +2.9178691e+00 +9.6838740e+00 +9.6838740e+00 
-6.6287360e+00 -6.6287360e+00 -6.6287360e+00 -6.6287360e+00 +1.2805864e+00 +1.2805864e+00 +1.2805864e+00 +1.2805864e+00 +2.9866031e+00 +2.9866031e+00 +2.9866031e+00 +2.9866031e+00 +9.6866907e+00 +9.6866907e+00 
-6.6196377e+00 -6.6196377e+00 -6.6196377e+00 -6.6196377e+00 +1.1173784e+00 +1.1173784e+00 +1.1173784e+00 +1.1173784e+00 +3.1674345e+00 +3.1674345e+00 +3.1674345e+00 +3.1674345e+00 +9.6951430e+00 +9.6951430e+00 
-6.6044562e+00 -6.6044562e+00 -6.6044562e+00 -6.6044562e+00 +8.9742732e-01 +8.9742732e-01 +8.9742732e-01 +8.9742732e-01 +3.4167940e+00 +3.4167940e+00 +3.4167940e+00 +3.4167940e+00 +9.7092402e+00 +9.7092402e+00 
-6.5831697e+00 -6.5831697e+00 -6.5831697e+00 -6.5831697e+00 +6.5038390e-01 +6.5038390e-01 +6.5038390e-01 +6.5038390e-01 +3.7050536e+00 +3.7050536e+00 +3.7050536e+00 +3.7050536e+00 +9.7290060e+00 +9.7290060e+00 
-6.5557558e+00 -6.5557558e+00 -6.5557558e+00 -6.5557558e+00 +3.9191688e-01 +3.9191688e-01 +3.9191688e-01 +3.9191688e-01 +4.0165223e+00 +4.0165223e+00 +4.0165223e+00 +4.0165223e+00 +9.7544880e+00 +9.7544880e+00 
-6.5221959e+00 -6.5221959e+00 -6.5221959e+00 -6.5221959e+00 +1.3008228e-01 +1.3008228e-01 +1.3008228e-01 +1.3008228e-01 +4.3430421e+00 +4.3430421e+00 +4.3430421e+00 +4.3430421e+00 +9.7857659e+00 +9.7857659e+00 
-6.4824781e+00 -6.4824781e+00 -6.4824781e+00 -6.4824781e+00 -1.3084903e-01 -1.3084903e-01 -1.3084903e-01 -1.3084903e-01 +4.6801352e+00 +4.6801352e+00 +4.6801352e+00 +4.6801352e+00 +9.8229546e+00 +9.8229546e+00 
-6.4365984e+00 -6.4365984e+00 -6.4365984e+00 -6.4365984e+00 -3.8856297e-01 -3.8856297e-01 -3.8856297e-01 -3.8856297e-01 +5.0251650e+00 +5.0251650e+00 +5.0251650e+00 +5.0251650e+00 +9.8662004e+00 +9.8662004e+00 
-6.3845599e+00 -6.3845599e+00 -6.3845599e+00 -6.3845599e+00 -6.4182640e-01 -6.4182640e-01 -6.4182640e-01 -6.4182640e-01 +5.3764666e+00 +5.3764666e+00 +5.3764666e+00 +5.3764666e+00 +9.9156704e+00 +9.9156704e+00 
-6.3263712e+00 -6.3263712e+00 -6.3263712e+00 -6.3263712e+00 -8.9003776e-01 -8.9003776e-01 -8.9003776e-01 -8.9003776e-01 +5.7329195e+00 +5.7329195e+00 +5.7329195e+00 +5.7329195e+00 +9.9715372e+00 +9.9715372e+00 
-6.2620452e+00 -6.2620452e+00 -6.2620452e+00 -6.2620452e+00 -1.1329748e+00 -1.1329748e+00 -1.1329748e+00 -1.1329748e+00 +6.0937307e+00 +6.0937307e+00 +6.0937307e+00 +6.0937307e+00 +1.0033962e+01 +1.0033962e+01 
-6.1915977e+00 -6.1915977e+00 -6.1915977e+00 -6.1915977e+00 -1.3706396e+00 -1.3706396e+00 -1.3706396e+00 -1.3706396e+00 +6.4583234e+00 +6.4583234e+00 +6.4583234e+00 +6.4583234e+00 +1.0103082e+01 +1.0103082e+01 
-6.1150470e+00 -6.1150470e+00 -6.1150470e+00 -6.1150470e+00 -1.6031551e+00 -1.6031551e+00 -1.6031551e+00 -1.6031551e+00 +6.8262826e+00 +6.8262826e+00 +6.8262826e+00 +6.8262826e+00 +1.0178998e+01 +1.0178998e+01 
-6.0324149e+00 -6.0324149e+00 -6.0324149e+00 -6.0324149e+00 -1.8306938e+00 -1.8306938e+00 -1.8306938e+00 -1.8306938e+00 +7.1973250e+00 +7.1973250e+00 +7.1973250e+00 +7.1973250e+00 +1.0261772e+01 +1.0261772e+01 
-5.9437283e+00 -5.9437283e+00 -5.9437283e+00 -5.9437283e+00 -2.0534267e+00 -2.0534267e+00 -2.0534267e+00 -2.0534267e+00 +7.5712759e+00 +7.5712759e+00 +7.5712759e+00 +7.5712759e+00 +1.0351426e+01 +1.0351426e+01 
-5.8490224e+00 -5.8490224e+00 -5.8490224e+00 -5.8490224e+00 -2.2714878e+00 -2.2714878e+00 -2.2714878e+00 -2.2714878e+00 +7.9480317e+00 +7.9480317e+00 +7.9480317e+00 +7.9480317e+00 +1.0447941e+01 +1.0447941e+01 
-5.7483455e+00 -5.7483455e+00 -5.7483455e+00 -5.7483455e+00 -2.4849512e+00 -2.4849512e+00 -2.4849512e+00 -2.4849512e+00 +8.3274933e+00 +8.3274933e+00 +8.3274933e+00 +8.3274933e+00 +1.0551255e+01 +1.0551255e+01 
-5.6417670e+00 -5.6417670e+00 -5.6417670e+00 -5.6417670e+00 -2.6938155e+00 -2.6938155e+00 -2.6938155e+00 -2.6938155e+00 +8.7094535e+00 +8.7094535e+00 +8.7094535e+00 +8.7094535e+00 +1.0661259e+01 +1.0661259e+01 
-5.5293892e+00 -5.5293892e+00 -5.5293892e+00 -5.5293892e+00 -2.8979934e+00 -2.8979934e+00 -2.8979934e+00 -2.8979934e+00 +9.0934319e+00 +9.0934319e+00 +9.0934319e+00 +9.0934319e+00 +1.0777786e+01 +1.0777786e+01 
-5.4113681e+00 -5.4113681e+00 -5.4113681e+00 -5.4113681e+00 -3.0972984e+00 -3.0972984e+00 -3.0972984e+00 -3.0972984e+00 +9.4784524e+00 +9.4784524e+00 +9.4784524e+00 +9.4784524e+00 +1.0900598e+01 +1.0900598e+01 
-5.2879526e+00 -5.2879526e+00 -5.2879526e+00 -5.2879526e+00 -3.2914174e+00 -3.2914174e+00 -3.2914174e+00 -3.2914174e+00 +9.8627752e+00 +9.8627752e+00 +9.8627752e+00 +9.8627752e+00 +1.1029345e+01 +1.1029345e+01 
-5.1595647e+00 -5.1595647e+00 -5.1595647e+00 -5.1595647e+00 -3.4798437e+00 -3.4798437e+00 -3.4798437e+00 -3.4798437e+00 +1.0243602e+01 +1.0243602e+01 +1.0243602e+01 +1.0243602e+01 +1.1163513e+01 +1.1163513e+01 
-5.0269878e+00 -5.0269878e+00 -5.0269878e+00 -5.0269878e+00 -3.6617012e+00 -3.6617012e+00 -3.6617012e+00 -3.6617012e+00 +1.0616766e+01 +1.0616766e+01 +1.0616766e+01 +1.0616766e+01 +1.1302256e+01 +1.1302256e+01 
-4.8918771e+00 -4.8918771e+00 -4.8918771e+00 -4.8918771e+00 -3.8352460e+00 -3.8352460e+00 -3.8352460e+00 -3.8352460e+00 +1.0976346e+01 +1.0976346e+01 +1.0976346e+01 +1.0976346e+01 +1.1443966e+01 +1.1443966e+01 
-4.7584266e+00 -4.7584266e+00 -4.7584266e+00 -4.7584266e+00 -3.9962079e+00 -3.9962079e+00 -3.9962079e+00 -3.9962079e+00 +1.1313615e+01 +1.1313615e+01 +1.1313615e+01 +1.1313615e+01 +1.1584763e+01 +1.1584763e+01 
-4.6400754e+00 -4.6400754e+00 -4.6400754e+00 -4.6400754e+00 -4.1310898e+00 -4.1310898e+00 -4.1310898e+00 -4.1310898e+00 +1.1610653e+01 +1.1610653e+01 +1.1610653e+01 +1.1610653e+01 +1.1711876e+01 +1.1711876e+01 
-4.5830575e+00 -4.5830575e+00 -4.5830575e+00 -4.5830575e+00 -4.1936220e+00 -4.1936220e+00 -4.1936220e+00 -4.1936220e+00 +1.1775453e+01 +1.1775453e+01 +1.1775453e+01 +1.1775453e+01 +1.1775453e+01 +1.1775453e+01 
