# num high symmetry points
8
# label high symmetry points
G X M G R X M R 
# indices high symmetry points
1 34 67 114 171 218 219 252 
# nk, nb, ns
252 20 1
# k-points (frac coords)
+0.0000000e+00 +0.0000000e+00 +0.0000000e+00 
+0.0000000e+00 +1.5151515e-02 +0.0000000e+00 
+0.0000000e+00 +3.0303030e-02 +0.0000000e+00 
+0.0000000e+00 +4.5454545e-02 +0.0000000e+00 
+0.0000000e+00 +6.0606061e-02 +0.0000000e+00 
+0.0000000e+00 +7.5757576e-02 +0.0000000e+00 
+0.0000000e+00 +9.0909091e-02 +0.0000000e+00 
+0.0000000e+00 +1.0606061e-01 +0.0000000e+00 
+0.0000000e+00 +1.2121212e-01 +0.0000000e+00 
+0.0000000e+00 +1.3636364e-01 +0.0000000e+00 
+0.0000000e+00 +1.5151515e-01 +0.0000000e+00 
+0.0000000e+00 +1.6666667e-01 +0.0000000e+00 
+0.0000000e+00 +1.8181818e-01 +0.0000000e+00 
+0.0000000e+00 +1.9696970e-01 +0.0000000e+00 
+0.0000000e+00 +2.1212121e-01 +0.0000000e+00 
+0.0000000e+00 +2.2727273e-01 +0.0000000e+00 
+0.0000000e+00 +2.4242424e-01 +0.0000000e+00 
+0.0000000e+00 +2.5757576e-01 +0.0000000e+00 
+0.0000000e+00 +2.7272727e-01 +0.0000000e+00 
+0.0000000e+00 +2.8787879e-01 +0.0000000e+00 
+0.0000000e+00 +3.0303030e-01 +0.0000000e+00 
+0.0000000e+00 +3.1818182e-01 +0.0000000e+00 
+0.0000000e+00 +3.3333333e-01 +0.0000000e+00 
+0.0000000e+00 +3.4848485e-01 +0.0000000e+00 
+0.0000000e+00 +3.6363636e-01 +0.0000000e+00 
+0.0000000e+00 +3.7878788e-01 +0.0000000e+00 
+0.0000000e+00 +3.9393939e-01 +0.0000000e+00 
+0.0000000e+00 +4.0909091e-01 +0.0000000e+00 
+0.0000000e+00 +4.2424242e-01 +0.0000000e+00 
+0.0000000e+00 +4.3939394e-01 +0.0000000e+00 
+0.0000000e+00 +4.5454545e-01 +0.0000000e+00 
+0.0000000e+00 +4.6969697e-01 +0.0000000e+00 
+0.0000000e+00 +4.8484848e-01 +0.0000000e+00 
+0.0000000e+00 +5.0000000e-01 +0.0000000e+00 
+1.5151515e-02 +5.0000000e-01 +0.0000000e+00 
+3.0303030e-02 +5.0000000e-01 +0.0000000e+00 
+4.5454545e-02 +5.0000000e-01 +0.0000000e+00 
+6.0606061e-02 +5.0000000e-01 +0.0000000e+00 
+7.5757576e-02 +5.0000000e-01 +0.0000000e+00 
+9.0909091e-02 +5.0000000e-01 +0.0000000e+00 
+1.0606061e-01 +5.0000000e-01 +0.0000000e+00 
+1.2121212e-01 +5.0000000e-01 +0.0000000e+00 
+1.3636364e-01 +5.0000000e-01 +0.0000000e+00 
+1.5151515e-01 +5.0000000e-01 +0.0000000e+00 
+1.6666667e-01 +5.0000000e-01 +0.0000000e+00 
+1.8181818e-01 +5.0000000e-01 +0.0000000e+00 
+1.9696970e-01 +5.0000000e-01 +0.0000000e+00 
+2.1212121e-01 +5.0000000e-01 +0.0000000e+00 
+2.2727273e-01 +5.0000000e-01 +0.0000000e+00 
+2.4242424e-01 +5.0000000e-01 +0.0000000e+00 
+2.5757576e-01 +5.0000000e-01 +0.0000000e+00 
+2.7272727e-01 +5.0000000e-01 +0.0000000e+00 
+2.8787879e-01 +5.0000000e-01 +0.0000000e+00 
+3.0303030e-01 +5.0000000e-01 +0.0000000e+00 
+3.1818182e-01 +5.0000000e-01 +0.0000000e+00 
+3.3333333e-01 +5.0000000e-01 +0.0000000e+00 
+3.4848485e-01 +5.0000000e-01 +0.0000000e+00 
+3.6363636e-01 +5.0000000e-01 +0.0000000e+00 
+3.7878788e-01 +5.0000000e-01 +0.0000000e+00 
+3.9393939e-01 +5.0000000e-01 +0.0000000e+00 
+4.0909091e-01 +5.0000000e-01 +0.0000000e+00 
+4.2424242e-01 +5.0000000e-01 +0.0000000e+00 
+4.3939394e-01 +5.0000000e-01 +0.0000000e+00 
+4.5454545e-01 +5.0000000e-01 +0.0000000e+00 
+4.6969697e-01 +5.0000000e-01 +0.0000000e+00 
+4.8484848e-01 +5.0000000e-01 +0.0000000e+00 
+5.0000000e-01 +5.0000000e-01 +0.0000000e+00 
+4.8936170e-01 +4.8936170e-01 +0.0000000e+00 
+4.7872340e-01 +4.7872340e-01 +0.0000000e+00 
+4.6808511e-01 +4.6808511e-01 +0.0000000e+00 
+4.5744681e-01 +4.5744681e-01 +0.0000000e+00 
+4.4680851e-01 +4.4680851e-01 +0.0000000e+00 
+4.3617021e-01 +4.3617021e-01 +0.0000000e+00 
+4.2553191e-01 +4.2553191e-01 +0.0000000e+00 
+4.1489362e-01 +4.1489362e-01 +0.0000000e+00 
+4.0425532e-01 +4.0425532e-01 +0.0000000e+00 
+3.9361702e-01 +3.9361702e-01 +0.0000000e+00 
+3.8297872e-01 +3.8297872e-01 +0.0000000e+00 
+3.7234043e-01 +3.7234043e-01 +0.0000000e+00 
+3.6170213e-01 +3.6170213e-01 +0.0000000e+00 
+3.5106383e-01 +3.5106383e-01 +0.0000000e+00 
+3.4042553e-01 +3.4042553e-01 +0.0000000e+00 
+3.2978723e-01 +3.2978723e-01 +0.0000000e+00 
+3.1914894e-01 +3.1914894e-01 +0.0000000e+00 
+3.0851064e-01 +3.0851064e-01 +0.0000000e+00 
+2.9787234e-01 +2.9787234e-01 +0.0000000e+00 
+2.8723404e-01 +2.8723404e-01 +0.0000000e+00 
+2.7659574e-01 +2.7659574e-01 +0.0000000e+00 
+2.6595745e-01 +2.6595745e-01 +0.0000000e+00 
+2.5531915e-01 +2.5531915e-01 +0.0000000e+00 
+2.4468085e-01 +2.4468085e-01 +0.0000000e+00 
+2.3404255e-01 +2.3404255e-01 +0.0000000e+00 
+2.2340426e-01 +2.2340426e-01 +0.0000000e+00 
+2.1276596e-01 +2.1276596e-01 +0.0000000e+00 
+2.0212766e-01 +2.0212766e-01 +0.0000000e+00 
+1.9148936e-01 +1.9148936e-01 +0.0000000e+00 
+1.8085106e-01 +1.8085106e-01 +0.0000000e+00 
+1.7021277e-01 +1.7021277e-01 +0.0000000e+00 
+1.5957447e-01 +1.5957447e-01 +0.0000000e+00 
+1.4893617e-01 +1.4893617e-01 +0.0000000e+00 
+1.3829787e-01 +1.3829787e-01 +0.0000000e+00 
+1.2765957e-01 +1.2765957e-01 +0.0000000e+00 
+1.1702128e-01 +1.1702128e-01 +0.0000000e+00 
+1.0638298e-01 +1.0638298e-01 +0.0000000e+00 
+9.5744681e-02 +9.5744681e-02 +0.0000000e+00 
+8.5106383e-02 +8.5106383e-02 +0.0000000e+00 
+7.4468085e-02 +7.4468085e-02 +0.0000000e+00 
+6.3829787e-02 +6.3829787e-02 +0.0000000e+00 
+5.3191489e-02 +5.3191489e-02 +0.0000000e+00 
+4.2553191e-02 +4.2553191e-02 +0.0000000e+00 
+3.1914894e-02 +3.1914894e-02 +0.0000000e+00 
+2.1276596e-02 +2.1276596e-02 +0.0000000e+00 
+1.0638298e-02 +1.0638298e-02 +0.0000000e+00 
+0.0000000e+00 +0.0000000e+00 +0.0000000e+00 
+8.7719298e-03 +8.7719298e-03 +8.7719298e-03 
+1.7543860e-02 +1.7543860e-02 +1.7543860e-02 
+2.6315789e-02 +2.6315789e-02 +2.6315789e-02 
+3.5087719e-02 +3.5087719e-02 +3.5087719e-02 
+4.3859649e-02 +4.3859649e-02 +4.3859649e-02 
+5.2631579e-02 +5.2631579e-02 +5.2631579e-02 
+6.1403509e-02 +6.1403509e-02 +6.1403509e-02 
+7.0175439e-02 +7.0175439e-02 +7.0175439e-02 
+7.8947368e-02 +7.8947368e-02 +7.8947368e-02 
+8.7719298e-02 +8.7719298e-02 +8.7719298e-02 
+9.6491228e-02 +9.6491228e-02 +9.6491228e-02 
+1.0526316e-01 +1.0526316e-01 +1.0526316e-01 
+1.1403509e-01 +1.1403509e-01 +1.1403509e-01 
+1.2280702e-01 +1.2280702e-01 +1.2280702e-01 
+1.3157895e-01 +1.3157895e-01 +1.3157895e-01 
+1.4035088e-01 +1.4035088e-01 +1.4035088e-01 
+1.4912281e-01 +1.4912281e-01 +1.4912281e-01 
+1.5789474e-01 +1.5789474e-01 +1.5789474e-01 
+1.6666667e-01 +1.6666667e-01 +1.6666667e-01 
+1.7543860e-01 +1.7543860e-01 +1.7543860e-01 
+1.8421053e-01 +1.8421053e-01 +1.8421053e-01 
+1.9298246e-01 +1.9298246e-01 +1.9298246e-01 
+2.0175439e-01 +2.0175439e-01 +2.0175439e-01 
+2.1052632e-01 +2.1052632e-01 +2.1052632e-01 
+2.1929825e-01 +2.1929825e-01 +2.1929825e-01 
+2.2807018e-01 +2.2807018e-01 +2.2807018e-01 
+2.3684211e-01 +2.3684211e-01 +2.3684211e-01 
+2.4561404e-01 +2.4561404e-01 +2.4561404e-01 
+2.5438596e-01 +2.5438596e-01 +2.5438596e-01 
+2.6315789e-01 +2.6315789e-01 +2.6315789e-01 
+2.7192982e-01 +2.7192982e-01 +2.7192982e-01 
+2.8070175e-01 +2.8070175e-01 +2.8070175e-01 
+2.8947368e-01 +2.8947368e-01 +2.8947368e-01 
+2.9824561e-01 +2.9824561e-01 +2.9824561e-01 
+3.0701754e-01 +3.0701754e-01 +3.0701754e-01 
+3.1578947e-01 +3.1578947e-01 +3.1578947e-01 
+3.2456140e-01 +3.2456140e-01 +3.2456140e-01 
+3.3333333e-01 +3.3333333e-01 +3.3333333e-01 
+3.4210526e-01 +3.4210526e-01 +3.4210526e-01 
+3.5087719e-01 +3.5087719e-01 +3.5087719e-01 
+3.5964912e-01 +3.5964912e-01 +3.5964912e-01 
+3.6842105e-01 +3.6842105e-01 +3.6842105e-01 
+3.7719298e-01 +3.7719298e-01 +3.7719298e-01 
+3.8596491e-01 +3.8596491e-01 +3.8596491e-01 
+3.9473684e-01 +3.9473684e-01 +3.9473684e-01 
+4.0350877e-01 +4.0350877e-01 +4.0350877e-01 
+4.1228070e-01 +4.1228070e-01 +4.1228070e-01 
+4.2105263e-01 +4.2105263e-01 +4.2105263e-01 
+4.2982456e-01 +4.2982456e-01 +4.2982456e-01 
+4.3859649e-01 +4.3859649e-01 +4.3859649e-01 
+4.4736842e-01 +4.4736842e-01 +4.4736842e-01 
+4.5614035e-01 +4.5614035e-01 +4.5614035e-01 
+4.6491228e-01 +4.6491228e-01 +4.6491228e-01 
+4.7368421e-01 +4.7368421e-01 +4.7368421e-01 
+4.8245614e-01 +4.8245614e-01 +4.8245614e-01 
+4.9122807e-01 +4.9122807e-01 +4.9122807e-01 
+5.0000000e-01 +5.0000000e-01 +5.0000000e-01 
+4.8936170e-01 +5.0000000e-01 +4.8936170e-01 
+4.7872340e-01 +5.0000000e-01 +4.7872340e-01 
+4.6808511e-01 +5.0000000e-01 +4.6808511e-01 
+4.5744681e-01 +5.0000000e-01 +4.5744681e-01 
+4.4680851e-01 +5.0000000e-01 +4.4680851e-01 
+4.3617021e-01 +5.0000000e-01 +4.3617021e-01 
+4.2553191e-01 +5.0000000e-01 +4.2553191e-01 
+4.1489362e-01 +5.0000000e-01 +4.1489362e-01 
+4.0425532e-01 +5.0000000e-01 +4.0425532e-01 
+3.9361702e-01 +5.0000000e-01 +3.9361702e-01 
+3.8297872e-01 +5.0000000e-01 +3.8297872e-01 
+3.7234043e-01 +5.0000000e-01 +3.7234043e-01 
+3.6170213e-01 +5.0000000e-01 +3.6170213e-01 
+3.5106383e-01 +5.0000000e-01 +3.5106383e-01 
+3.4042553e-01 +5.0000000e-01 +3.4042553e-01 
+3.2978723e-01 +5.0000000e-01 +3.2978723e-01 
+3.1914894e-01 +5.0000000e-01 +3.1914894e-01 
+3.0851064e-01 +5.0000000e-01 +3.0851064e-01 
+2.9787234e-01 +5.0000000e-01 +2.9787234e-01 
+2.8723404e-01 +5.0000000e-01 +2.8723404e-01 
+2.7659574e-01 +5.0000000e-01 +2.7659574e-01 
+2.6595745e-01 +5.0000000e-01 +2.6595745e-01 
+2.5531915e-01 +5.0000000e-01 +2.5531915e-01 
+2.4468085e-01 +5.0000000e-01 +2.4468085e-01 
+2.3404255e-01 +5.0000000e-01 +2.3404255e-01 
+2.2340426e-01 +5.0000000e-01 +2.2340426e-01 
+2.1276596e-01 +5.0000000e-01 +2.1276596e-01 
+2.0212766e-01 +5.0000000e-01 +2.0212766e-01 
+1.9148936e-01 +5.0000000e-01 +1.9148936e-01 
+1.8085106e-01 +5.0000000e-01 +1.8085106e-01 
+1.7021277e-01 +5.0000000e-01 +1.7021277e-01 
+1.5957447e-01 +5.0000000e-01 +1.5957447e-01 
+1.4893617e-01 +5.0000000e-01 +1.4893617e-01 
+1.3829787e-01 +5.0000000e-01 +1.3829787e-01 
+1.2765957e-01 +5.0000000e-01 +1.2765957e-01 
+1.1702128e-01 +5.0000000e-01 +1.1702128e-01 
+1.0638298e-01 +5.0000000e-01 +1.0638298e-01 
+9.5744681e-02 +5.0000000e-01 +9.5744681e-02 
+8.5106383e-02 +5.0000000e-01 +8.5106383e-02 
+7.4468085e-02 +5.0000000e-01 +7.4468085e-02 
+6.3829787e-02 +5.0000000e-01 +6.3829787e-02 
+5.3191489e-02 +5.0000000e-01 +5.3191489e-02 
+4.2553191e-02 +5.0000000e-01 +4.2553191e-02 
+3.1914894e-02 +5.0000000e-01 +3.1914894e-02 
+2.1276596e-02 +5.0000000e-01 +2.1276596e-02 
+1.0638298e-02 +5.0000000e-01 +1.0638298e-02 
+0.0000000e+00 +5.0000000e-01 +0.0000000e+00 
+5.0000000e-01 +5.0000000e-01 +0.0000000e+00 
+5.0000000e-01 +5.0000000e-01 +1.5151515e-02 
+5.0000000e-01 +5.0000000e-01 +3.0303030e-02 
+5.0000000e-01 +5.0000000e-01 +4.5454545e-02 
+5.0000000e-01 +5.0000000e-01 +6.0606061e-02 
+5.0000000e-01 +5.0000000e-01 +7.5757576e-02 
+5.0000000e-01 +5.0000000e-01 +9.0909091e-02 
+5.0000000e-01 +5.0000000e-01 +1.0606061e-01 
+5.0000000e-01 +5.0000000e-01 +1.2121212e-01 
+5.0000000e-01 +5.0000000e-01 +1.3636364e-01 
+5.0000000e-01 +5.0000000e-01 +1.5151515e-01 
+5.0000000e-01 +5.0000000e-01 +1.6666667e-01 
+5.0000000e-01 +5.0000000e-01 +1.8181818e-01 
+5.0000000e-01 +5.0000000e-01 +1.9696970e-01 
+5.0000000e-01 +5.0000000e-01 +2.1212121e-01 
+5.0000000e-01 +5.0000000e-01 +2.2727273e-01 
+5.0000000e-01 +5.0000000e-01 +2.4242424e-01 
+5.0000000e-01 +5.0000000e-01 +2.5757576e-01 
+5.0000000e-01 +5.0000000e-01 +2.7272727e-01 
+5.0000000e-01 +5.0000000e-01 +2.8787879e-01 
+5.0000000e-01 +5.0000000e-01 +3.0303030e-01 
+5.0000000e-01 +5.0000000e-01 +3.1818182e-01 
+5.0000000e-01 +5.0000000e-01 +3.3333333e-01 
+5.0000000e-01 +5.0000000e-01 +3.4848485e-01 
+5.0000000e-01 +5.0000000e-01 +3.6363636e-01 
+5.0000000e-01 +5.0000000e-01 +3.7878788e-01 
+5.0000000e-01 +5.0000000e-01 +3.9393939e-01 
+5.0000000e-01 +5.0000000e-01 +4.0909091e-01 
+5.0000000e-01 +5.0000000e-01 +4.2424242e-01 
+5.0000000e-01 +5.0000000e-01 +4.3939394e-01 
+5.0000000e-01 +5.0000000e-01 +4.5454545e-01 
+5.0000000e-01 +5.0000000e-01 +4.6969697e-01 
+5.0000000e-01 +5.0000000e-01 +4.8484848e-01 
+5.0000000e-01 +5.0000000e-01 +5.0000000e-01 
# energies (kpt,band,spin)
# spin = 1
-6.6732151e+01 -6.6532942e+01 -3.3627250e+01 -3.3627250e+01 -3.3627250e+01 -3.2824615e+01 -3.2824615e+01 -3.2824615e+01 -8.5768116e+00 -4.3347193e+00 -4.3347193e+00 +4.1778325e-01 +4.1778325e-01 +4.1778326e-01 +3.7607110e+00 +3.7607110e+00 +6.5783829e+00 +6.5783829e+00 +6.5783829e+00 +1.6077035e+01 
-6.6732022e+01 -6.6533038e+01 -3.3627383e+01 -3.3626827e+01 -3.3626827e+01 -3.2825649e+01 -3.2825065e+01 -3.2825065e+01 -8.5716755e+00 -4.3318976e+00 -4.3306377e+00 +4.1723341e-01 +4.1723341e-01 +4.2037276e-01 +3.7535188e+00 +3.7637146e+00 +6.5641955e+00 +6.5641955e+00 +6.5736851e+00 +1.6019765e+01 
-6.6731636e+01 -6.6533326e+01 -3.3627774e+01 -3.3625555e+01 -3.3625555e+01 -3.2828742e+01 -3.2826412e+01 -3.2826412e+01 -8.5562811e+00 -4.3234317e+00 -4.3184202e+00 +4.1560432e-01 +4.1560433e-01 +4.2813990e-01 +3.7319816e+00 +3.7727009e+00 +6.5219067e+00 +6.5219068e+00 +6.5596132e+00 +1.5849760e+01 
-6.6730995e+01 -6.6533806e+01 -3.3628407e+01 -3.3623436e+01 -3.3623436e+01 -3.2833874e+01 -3.2828655e+01 -3.2828655e+01 -8.5306700e+00 -4.3093187e+00 -4.2981495e+00 +4.1295703e-01 +4.1295704e-01 +4.4108050e-01 +3.6962187e+00 +3.7875973e+00 +6.4523241e+00 +6.4523242e+00 +6.5362316e+00 +1.5572327e+01 
-6.6730099e+01 -6.6534478e+01 -3.3629255e+01 -3.3620471e+01 -3.3620471e+01 -3.2841010e+01 -3.2831790e+01 -3.2831790e+01 -8.4949116e+00 -4.2895540e+00 -4.2699660e+00 +4.0939221e-01 +4.0939222e-01 +4.5918756e-01 +3.6464270e+00 +3.8082822e+00 +6.3567514e+00 +6.3567514e+00 +6.5036468e+00 +1.5195954e+01 
-6.6728952e+01 -6.6535340e+01 -3.3630278e+01 -3.3616660e+01 -3.3616659e+01 -3.2850103e+01 -3.2835809e+01 -3.2835809e+01 -8.4491023e+00 -4.2641313e+00 -4.2340713e+00 +4.0504864e-01 +4.0504865e-01 +4.8245115e-01 +3.5828799e+00 +3.8345844e+00 +6.2369295e+00 +6.2369295e+00 +6.4620066e+00 +1.4731805e+01 
-6.6727558e+01 -6.6536393e+01 -3.3631430e+01 -3.3612005e+01 -3.3612005e+01 -3.2861091e+01 -3.2840704e+01 -3.2840704e+01 -8.3933657e+00 -4.2330425e+00 -4.1907343e+00 +4.0010107e-01 +4.0010107e-01 +5.1085831e-01 +3.5059246e+00 +3.8662820e+00 +6.0949610e+00 +6.0949610e+00 +6.4114985e+00 +1.4193091e+01 
-6.6725920e+01 -6.6537635e+01 -3.3632653e+01 -3.3606509e+01 -3.3606509e+01 -3.2873902e+01 -3.2846468e+01 -3.2846468e+01 -8.3278517e+00 -4.1962780e+00 -4.1402998e+00 +3.9475771e-01 +3.9475771e-01 +5.4439291e-01 +3.4159789e+00 +3.9031016e+00 +5.9332235e+00 +5.9332235e+00 +6.3523483e+00 +1.3594354e+01 
-6.6724044e+01 -6.6539064e+01 -3.3633885e+01 -3.3600178e+01 -3.3600178e+01 -3.2888452e+01 -3.2853087e+01 -3.2853087e+01 -8.2527362e+00 -4.1538268e+00 -4.0832007e+00 +3.8925724e-01 +3.8925724e-01 +5.8303543e-01 +3.3135273e+00 +3.9447167e+00 +5.7542801e+00 +5.7542801e+00 +6.2848176e+00 +1.2950747e+01 
-6.6721934e+01 -6.6540680e+01 -3.3635056e+01 -3.3593015e+01 -3.3593015e+01 -3.2904647e+01 -3.2860548e+01 -3.2860548e+01 -8.1682205e+00 -4.1056768e+00 -4.0199737e+00 +3.8386555e-01 +3.8386556e-01 +6.2676278e-01 +3.1991163e+00 +3.9907465e+00 +5.5607898e+00 +5.5607898e+00 +6.2092020e+00 +1.2277348e+01 
-6.6719599e+01 -6.6542480e+01 -3.3636091e+01 -3.3585030e+01 -3.3585030e+01 -3.2922383e+01 -3.2868837e+01 -3.2868837e+01 -8.0745305e+00 -4.0518149e+00 -3.9512788e+00 +3.7887230e-01 +3.7887231e-01 +6.7554804e-01 +3.0733497e+00 +4.0407543e+00 +5.3554261e+00 +5.3554261e+00 +6.1258280e+00 +1.1588570e+01 
-6.6717044e+01 -6.6544462e+01 -3.3636914e+01 -3.3576233e+01 -3.3576233e+01 -3.2941548e+01 -3.2877937e+01 -3.2877937e+01 -7.9719165e+00 -3.9922271e+00 -3.8779232e+00 +3.7458727e-01 +3.7458728e-01 +7.2936016e-01 +2.9368821e+00 +4.0942462e+00 +5.1408049e+00 +5.1408049e+00 +6.0350504e+00 +1.0897693e+01 
-6.6714277e+01 -6.6546624e+01 -3.3637445e+01 -3.3566635e+01 -3.3566635e+01 -3.2962023e+01 -3.2887828e+01 -3.2887828e+01 -7.8606525e+00 -3.9268994e+00 -3.8008884e+00 +3.7133683e-01 +3.7133684e-01 +7.8816362e-01 +2.7904133e+00 +4.1506702e+00 +4.9194256e+00 +4.9194257e+00 +5.9372494e+00 +1.0216541e+01 
-6.6711307e+01 -6.6548962e+01 -3.3637604e+01 -3.3556251e+01 -3.3556251e+01 -3.2983684e+01 -3.2898492e+01 -3.2898492e+01 -7.7410356e+00 -3.8558178e+00 -3.7213585e+00 +3.6946037e-01 +3.6946038e-01 +8.5191813e-01 +2.6346814e+00 +4.2094155e+00 +4.6936258e+00 +4.6936258e+00 +5.8328272e+00 +9.5552903e+00 
-6.6708141e+01 -6.6551474e+01 -3.3637313e+01 -3.3545100e+01 -3.3545100e+01 -3.3006401e+01 -3.2909906e+01 -3.2909906e+01 -7.6133861e+00 -3.7789686e+00 -3.6407472e+00 +3.6930689e-01 +3.6930689e-01 +9.2057818e-01 +2.4704556e+00 +4.2698128e+00 +4.4655491e+00 +4.4655491e+00 +5.7222051e+00 +8.9224229e+00 
-6.6704791e+01 -6.6554157e+01 -3.3636493e+01 -3.3533201e+01 -3.3533201e+01 -3.3030042e+01 -3.2922045e+01 -3.2922045e+01 -7.4780470e+00 -3.6963396e+00 -3.5607200e+00 +3.7123183e-01 +3.7123184e-01 +9.9409263e-01 +2.2985294e+00 +4.2371260e+00 +4.2371260e+00 +4.3311357e+00 +5.6058201e+00 +8.3247693e+00 
-6.6701264e+01 -6.6557005e+01 -3.3635071e+01 -3.3520576e+01 -3.3520576e+01 -3.3054470e+01 -3.2934886e+01 -3.2934886e+01 -7.3353840e+00 -3.6079200e+00 -3.4832054e+00 +3.7559414e-01 +3.7559415e-01 +1.0724043e+00 +2.1197127e+00 +4.0100649e+00 +4.0100649e+00 +4.3926038e+00 +5.4841216e+00 +7.7676338e+00 
-6.6697573e+01 -6.6560015e+01 -3.3632974e+01 -3.3507253e+01 -3.3507253e+01 -3.3079550e+01 -3.2948400e+01 -3.2948400e+01 -7.1857863e+00 -3.5137018e+00 -3.4103876e+00 +3.8275361e-01 +3.8275362e-01 +1.1554492e+00 +1.9348249e+00 +3.7858528e+00 +3.7858528e+00 +4.4533870e+00 +5.3575685e+00 +7.2549592e+00 
-6.6693726e+01 -6.6563183e+01 -3.3630135e+01 -3.3493258e+01 -3.3493258e+01 -3.3105145e+01 -3.2962558e+01 -3.2962558e+01 -7.0296671e+00 -3.4136802e+00 -3.3446735e+00 +3.9306852e-01 +3.9306853e-01 +1.2431566e+00 +1.7446876e+00 +3.5657624e+00 +3.5657624e+00 +4.5126135e+00 +5.2266257e+00 +6.7895000e+00 
-6.6689735e+01 -6.6566503e+01 -3.3626489e+01 -3.3478623e+01 -3.3478623e+01 -3.3131119e+01 -3.2977331e+01 -3.2977331e+01 -6.8674645e+00 -3.3078546e+00 -3.2886268e+00 +4.0689368e-01 +4.0689369e-01 +1.3354476e+00 +1.5501175e+00 +3.3508643e+00 +3.3508643e+00 +4.5693799e+00 +5.0917612e+00 +6.3729774e+00 
-6.6685612e+01 -6.6569971e+01 -3.3621979e+01 -3.3463380e+01 -3.3463380e+01 -3.3157339e+01 -3.2992686e+01 -3.2992686e+01 -6.6996436e+00 -3.2448632e+00 -3.1962300e+00 +4.2457871e-01 +4.2457872e-01 +1.3519200e+00 +1.4322354e+00 +3.1420430e+00 +3.1420430e+00 +4.6227650e+00 +4.9534437e+00 +6.0061951e+00 
-6.6681368e+01 -6.6573580e+01 -3.3616550e+01 -3.3447565e+01 -3.3447565e+01 -3.3183675e+01 -3.3008590e+01 -3.3008590e+01 -6.5266984e+00 -3.2159083e+00 -3.0788179e+00 +4.4646667e-01 +4.4646668e-01 +1.1508832e+00 +1.5334241e+00 +2.9400143e+00 +2.9400143e+00 +4.6718488e+00 +4.8121391e+00 +5.6891062e+00 
-6.6677014e+01 -6.6577325e+01 -3.3610153e+01 -3.3431215e+01 -3.3431215e+01 -3.3209998e+01 -3.3025007e+01 -3.3025007e+01 -6.3491551e+00 -3.2040290e+00 -2.9556378e+00 +4.7289297e-01 +4.7289297e-01 +9.4777182e-01 +1.6389081e+00 +2.7453436e+00 +2.7453436e+00 +4.6683089e+00 +4.7157350e+00 +5.4208355e+00 
-6.6672563e+01 -6.6581199e+01 -3.3602745e+01 -3.3414368e+01 -3.3414368e+01 -3.3236187e+01 -3.3041902e+01 -3.3041902e+01 -6.1675763e+00 -3.2110584e+00 -2.8267188e+00 +5.0418456e-01 +5.0418457e-01 +7.4332311e-01 +1.7485718e+00 +2.5584644e+00 +2.5584644e+00 +4.5224071e+00 +4.7535795e+00 +5.1996750e+00 
-6.6668027e+01 -6.6585195e+01 -3.3594289e+01 -3.3397066e+01 -3.3397066e+01 -3.3262125e+01 -3.3059235e+01 -3.3059235e+01 -5.9825655e+00 -3.2382434e+00 -2.6921009e+00 +5.3824200e-01 +5.4065933e-01 +5.4065934e-01 +1.8622883e+00 +2.3796952e+00 +2.3796952e+00 +4.3748788e+00 +4.7846238e+00 +5.0230811e+00 
-6.6663418e+01 -6.6589307e+01 -3.3584754e+01 -3.3379351e+01 -3.3379351e+01 -3.3287700e+01 -3.3076968e+01 -3.3076968e+01 -5.7947740e+00 -3.2861466e+00 -2.5518373e+00 +3.3319793e-01 +5.8262568e-01 +5.8262569e-01 +1.9799194e+00 +2.2092563e+00 +2.2092563e+00 +4.2261581e+00 +4.8082351e+00 +4.8877055e+00 
-6.6658747e+01 -6.6593527e+01 -3.3574115e+01 -3.3361265e+01 -3.3361265e+01 -3.3312807e+01 -3.3095061e+01 -3.3095061e+01 -5.6049085e+00 -3.3546210e+00 -2.4059958e+00 +1.2882199e-01 +6.3038226e-01 +6.3038226e-01 +2.0472840e+00 +2.0472840e+00 +2.1013144e+00 +4.0766665e+00 +4.7894832e+00 +4.8239499e+00 
-6.6654028e+01 -6.6597847e+01 -3.3562354e+01 -3.3342855e+01 -3.3342855e+01 -3.3337347e+01 -3.3113471e+01 -3.3113471e+01 -5.4137407e+00 -3.4428656e+00 -2.2546614e+00 -7.4295070e-02 +6.8421771e-01 +6.8421772e-01 +1.8938442e+00 +1.8938442e+00 +2.2263093e+00 +3.9268115e+00 +4.7237827e+00 +4.8315246e+00 
-6.6649273e+01 -6.6602258e+01 -3.3549461e+01 -3.3361231e+01 -3.3324165e+01 -3.3324165e+01 -3.3132156e+01 -3.3132156e+01 -5.2221189e+00 -3.5495423e+00 -2.0979379e+00 -2.7560414e-01 +7.4441055e-01 +7.4441056e-01 +1.7489433e+00 +1.7489433e+00 +2.3547265e+00 +3.7769857e+00 +4.6856062e+00 +4.8309883e+00 
-6.6644493e+01 -6.6606751e+01 -3.3535431e+01 -3.3384373e+01 -3.3305241e+01 -3.3305241e+01 -3.3151072e+01 -3.3151072e+01 -5.0309810e+00 -3.6729299e+00 -1.9359509e+00 -4.7459845e-01 +8.1122892e-01 +8.1122892e-01 +1.6125386e+00 +1.6125386e+00 +2.4863741e+00 +3.6275658e+00 +4.6698129e+00 +4.8226996e+00 
-6.6639700e+01 -6.6611318e+01 -3.3520268e+01 -3.3406699e+01 -3.3286129e+01 -3.3286129e+01 -3.3170174e+01 -3.3170174e+01 -4.8413696e+00 -3.8110827e+00 -1.7688495e+00 -6.7081358e-01 +8.8493023e-01 +8.8493024e-01 +1.4845464e+00 +1.4845464e+00 +2.6210448e+00 +3.4789116e+00 +4.6713356e+00 +4.8074032e+00 
-6.6634906e+01 -6.6615949e+01 -3.3503984e+01 -3.3428140e+01 -3.3266878e+01 -3.3266878e+01 -3.3189418e+01 -3.3189418e+01 -4.6544479e+00 -3.9619707e+00 -1.5968094e+00 -8.6382694e-01 +9.6576067e-01 +9.6576068e-01 +1.3648491e+00 +1.3648492e+00 +2.7585157e+00 +3.3313660e+00 +4.6853669e+00 +4.7862858e+00 
-6.6630123e+01 -6.6620634e+01 -3.3486598e+01 -3.3448636e+01 -3.3247534e+01 -3.3247534e+01 -3.3208757e+01 -3.3208757e+01 -4.4715164e+00 -4.1235881e+00 -1.4200348e+00 -1.0532568e+00 +1.0539544e+00 +1.0539544e+00 +1.2533009e+00 +1.2533010e+00 +2.8985477e+00 +3.1852545e+00 +4.7075030e+00 +4.7610265e+00 
-6.6625362e+01 -6.6625362e+01 -3.3468137e+01 -3.3468137e+01 -3.3228145e+01 -3.3228145e+01 -3.3228145e+01 -3.3228145e+01 -4.2940262e+00 -4.2940262e+00 -1.2387610e+00 -1.2387610e+00 +1.1497324e+00 +1.1497324e+00 +1.1497324e+00 +1.1497324e+00 +3.0408850e+00 +3.0408850e+00 +4.7338396e+00 +4.7338396e+00 
-6.6625344e+01 -6.6625344e+01 -3.3471292e+01 -3.3471292e+01 -3.3228085e+01 -3.3228085e+01 -3.3225300e+01 -3.3225300e+01 -4.2927447e+00 -4.2927447e+00 -1.2423613e+00 -1.2423613e+00 +1.1272255e+00 +1.1272255e+00 +1.1615745e+00 +1.1615745e+00 +3.0665221e+00 +3.0665221e+00 +4.7358422e+00 +4.7358422e+00 
-6.6625291e+01 -6.6625291e+01 -3.3480320e+01 -3.3480320e+01 -3.3227904e+01 -3.3227904e+01 -3.3217197e+01 -3.3217197e+01 -4.2890229e+00 -4.2890229e+00 -1.2525161e+00 -1.2525161e+00 +1.0632038e+00 +1.0632038e+00 +1.1965647e+00 +1.1965647e+00 +3.1399083e+00 +3.1399083e+00 +4.7418667e+00 +4.7418667e+00 
-6.6625203e+01 -6.6625203e+01 -3.3494163e+01 -3.3494163e+01 -3.3227606e+01 -3.3227606e+01 -3.3204884e+01 -3.3204884e+01 -4.2832263e+00 -4.2832263e+00 -1.2673923e+00 -1.2673923e+00 +9.6610625e-01 +9.6610625e-01 +1.2531988e+00 +1.2531988e+00 +3.2525284e+00 +3.2525284e+00 +4.7519638e+00 +4.7519638e+00 
-6.6625080e+01 -6.6625080e+01 -3.3511616e+01 -3.3511616e+01 -3.3227191e+01 -3.3227191e+01 -3.3189547e+01 -3.3189547e+01 -4.2759544e+00 -4.2759544e+00 -1.2842392e+00 -1.2842392e+00 +8.4544429e-01 +8.4544429e-01 +1.3292666e+00 +1.3292666e+00 +3.3947431e+00 +3.3947431e+00 +4.7662212e+00 +4.7662212e+00 
-6.6624925e+01 -6.6624925e+01 -3.3531634e+01 -3.3531634e+01 -3.3226665e+01 -3.3226665e+01 -3.3172205e+01 -3.3172205e+01 -4.2680223e+00 -4.2680223e+00 -1.2997202e+00 -1.2997202e+00 +7.0932262e-01 +7.0932262e-01 +1.4221684e+00 +1.4221684e+00 +3.5582707e+00 +3.5582707e+00 +4.7847675e+00 +4.7847675e+00 
-6.6624738e+01 -6.6624738e+01 -3.3553417e+01 -3.3553417e+01 -3.3226030e+01 -3.3226030e+01 -3.3153624e+01 -3.3153624e+01 -4.2604271e+00 -4.2604271e+00 -1.3102147e+00 -1.3102147e+00 +5.6381205e-01 +5.6381205e-01 +1.5291883e+00 +1.5291883e+00 +3.7368144e+00 +3.7368144e+00 +4.8077783e+00 +4.8077783e+00 
-6.6624521e+01 -6.6624521e+01 -3.3576375e+01 -3.3576375e+01 -3.3225294e+01 -3.3225294e+01 -3.3134356e+01 -3.3134356e+01 -4.2542942e+00 -4.2542942e+00 -1.3120489e+00 -1.3120489e+00 +4.1322998e-01 +4.1322998e-01 +1.6476779e+00 +1.6476779e+00 +3.9257836e+00 +3.9257836e+00 +4.8354842e+00 +4.8354842e+00 
-6.6624276e+01 -6.6624276e+01 -3.3600072e+01 -3.3600072e+01 -3.3224462e+01 -3.3224462e+01 -3.3114787e+01 -3.3114787e+01 -4.2508009e+00 -4.2508009e+00 -1.3016583e+00 -1.3016583e+00 +2.6061292e-01 +2.6061292e-01 +1.7751519e+00 +1.7751519e+00 +4.1218233e+00 +4.1218233e+00 +4.8681806e+00 +4.8681806e+00 
-6.6624005e+01 -6.6624005e+01 -3.3624178e+01 -3.3624178e+01 -3.3223542e+01 -3.3223542e+01 -3.3095197e+01 -3.3095197e+01 -4.2510781e+00 -4.2510781e+00 -1.2757044e+00 -1.2757044e+00 +1.0811693e-01 +1.0811693e-01 +1.9093186e+00 +1.9093186e+00 +4.3224152e+00 +4.3224152e+00 +4.9062383e+00 +4.9062383e+00 
-6.6623711e+01 -6.6623711e+01 -3.3648431e+01 -3.3648431e+01 -3.3222542e+01 -3.3222542e+01 -3.3075789e+01 -3.3075789e+01 -4.2561019e+00 -4.2561019e+00 -1.2311601e+00 -1.2311601e+00 -4.2697552e-02 -4.2697552e-02 +2.0480733e+00 +2.0480733e+00 +4.5255957e+00 +4.5255957e+00 +4.9501172e+00 +4.9501172e+00 
-6.6623396e+01 -6.6623396e+01 -3.3672617e+01 -3.3672617e+01 -3.3221471e+01 -3.3221471e+01 -3.3056713e+01 -3.3056713e+01 -4.2665927e+00 -4.2665927e+00 -1.1653683e+00 -1.1653683e+00 -1.9067521e-01 -1.9067521e-01 +2.1894767e+00 +2.1894767e+00 +4.7297678e+00 +4.7297678e+00 +5.0003799e+00 +5.0003799e+00 
-6.6623064e+01 -6.6623064e+01 -3.3696549e+01 -3.3696549e+01 -3.3220338e+01 -3.3220338e+01 -3.3038085e+01 -3.3038085e+01 -4.2829424e+00 -4.2829424e+00 -1.0760657e+00 -1.0760657e+00 -3.3494057e-01 -3.3494057e-01 +2.3317320e+00 +2.3317320e+00 +4.9335789e+00 +4.9335789e+00 +5.0577077e+00 +5.0577077e+00 
-6.6622717e+01 -6.6622717e+01 -3.3720065e+01 -3.3720065e+01 -3.3219153e+01 -3.3219153e+01 -3.3019995e+01 -3.3019995e+01 -4.3051859e+00 -4.3051859e+00 -9.6136544e-01 -9.6136544e-01 -4.7481537e-01 -4.7481537e-01 +2.4731711e+00 +2.4731711e+00 +5.1229178e+00 +5.1229178e+00 +5.1358413e+00 +5.1358413e+00 
-6.6622358e+01 -6.6622358e+01 -3.3743014e+01 -3.3743014e+01 -3.3217927e+01 -3.3217927e+01 -3.3002516e+01 -3.3002516e+01 -4.3330213e+00 -4.3330213e+00 -8.1970276e-01 -8.1970276e-01 -6.0976338e-01 -6.0976338e-01 +2.6122547e+00 +2.6122547e+00 +5.1969851e+00 +5.1969851e+00 +5.3354802e+00 +5.3354802e+00 
-6.6621991e+01 -6.6621991e+01 -3.3765256e+01 -3.3765256e+01 -3.3216672e+01 -3.3216672e+01 -3.2985706e+01 -3.2985706e+01 -4.3658685e+00 -4.3658685e+00 -7.3935284e-01 -7.3935284e-01 -6.4975980e-01 -6.4975980e-01 +2.7475898e+00 +2.7475898e+00 +5.2810707e+00 +5.2810707e+00 +5.5315008e+00 +5.5315008e+00 
-6.6621619e+01 -6.6621619e+01 -3.3786657e+01 -3.3786657e+01 -3.3215397e+01 -3.3215397e+01 -3.2969614e+01 -3.2969614e+01 -4.4029497e+00 -4.4029497e+00 -8.6323060e-01 -8.6323060e-01 -4.5040098e-01 -4.5040098e-01 +2.8779648e+00 +2.8779648e+00 +5.3765695e+00 +5.3765695e+00 +5.7229656e+00 +5.7229656e+00 
-6.6621246e+01 -6.6621246e+01 -3.3807089e+01 -3.3807089e+01 -3.3214115e+01 -3.3214115e+01 -3.2954281e+01 -3.2954281e+01 -4.4433715e+00 -4.4433715e+00 -9.8110373e-01 -9.8110373e-01 -2.2065608e-01 -2.2065608e-01 +3.0024015e+00 +3.0024015e+00 +5.4851888e+00 +5.4851888e+00 +5.9089814e+00 +5.9089814e+00 
-6.6620875e+01 -6.6620875e+01 -3.3826428e+01 -3.3826428e+01 -3.3212837e+01 -3.3212837e+01 -3.2939741e+01 -3.2939741e+01 -4.4861971e+00 -4.4861971e+00 -1.0927264e+00 -1.0927264e+00 +4.0204221e-02 +4.0204221e-02 +3.1202199e+00 +3.1202199e+00 +5.6090853e+00 +5.6090853e+00 +6.0886902e+00 +6.0886902e+00 
-6.6620509e+01 -6.6620509e+01 -3.3844556e+01 -3.3844556e+01 -3.3211575e+01 -3.3211575e+01 -3.2926025e+01 -3.2926025e+01 -4.5305001e+00 -4.5305001e+00 -1.1978902e+00 -1.1978902e+00 +3.3244568e-01 +3.3244568e-01 +3.2311125e+00 +3.2311125e+00 +5.7510930e+00 +5.7510930e+00 +6.2612652e+00 +6.2612652e+00 
-6.6620152e+01 -6.6620152e+01 -3.3861359e+01 -3.3861359e+01 -3.3210341e+01 -3.3210341e+01 -3.2913158e+01 -3.2913158e+01 -4.5754002e+00 -4.5754002e+00 -1.2964170e+00 -1.2964170e+00 +6.5542972e-01 +6.5542972e-01 +3.3352293e+00 +3.3352293e+00 +5.9150805e+00 +5.9150805e+00 +6.4259090e+00 +6.4259090e+00 
-6.6619807e+01 -6.6619807e+01 -3.3876730e+01 -3.3876730e+01 -3.3209145e+01 -3.3209145e+01 -3.2901164e+01 -3.2901164e+01 -4.6200829e+00 -4.6200829e+00 -1.3881536e+00 -1.3881536e+00 +1.0068667e+00 +1.0068667e+00 +3.4332873e+00 +3.4332873e+00 +6.1064678e+00 +6.1064678e+00 +6.5818538e+00 +6.5818538e+00 
-6.6619478e+01 -6.6619478e+01 -3.3890574e+01 -3.3890574e+01 -3.3207999e+01 -3.3207999e+01 -3.2890062e+01 -3.2890062e+01 -4.6638081e+00 -4.6638081e+00 -1.4729678e+00 -1.4729678e+00 +1.3816814e+00 +1.3816814e+00 +3.5267338e+00 +3.5267338e+00 +6.3328800e+00 +6.3328800e+00 +6.7283633e+00 +6.7283633e+00 
-6.6619166e+01 -6.6619166e+01 -3.3902810e+01 -3.3902810e+01 -3.3206913e+01 -3.3206913e+01 -3.2879870e+01 -3.2879870e+01 -4.7059103e+00 -4.7059103e+00 -1.5507448e+00 -1.5507448e+00 +1.7705051e+00 +1.7705051e+00 +3.6180180e+00 +3.6180180e+00 +6.6047653e+00 +6.6047653e+00 +6.8647358e+00 +6.8647358e+00 
-6.6618876e+01 -6.6618876e+01 -3.3913380e+01 -3.3913380e+01 -3.3205897e+01 -3.3205897e+01 -3.2870604e+01 -3.2870604e+01 -4.7457945e+00 -4.7457945e+00 -1.6213852e+00 -1.6213852e+00 +2.1581275e+00 +2.1581275e+00 +3.7110068e+00 +3.7110068e+00 +6.9354580e+00 +6.9354580e+00 +6.9903081e+00 +6.9903081e+00 
-6.6618610e+01 -6.6618610e+01 -3.3922258e+01 -3.3922258e+01 -3.3204961e+01 -3.3204961e+01 -3.2862277e+01 -3.2862277e+01 -4.7829307e+00 -4.7829307e+00 -1.6848028e+00 -1.6848028e+00 +2.5229654e+00 +2.5229654e+00 +3.8113595e+00 +3.8113595e+00 +7.1044598e+00 +7.1044598e+00 +7.3396414e+00 +7.3396414e+00 
-6.6618370e+01 -6.6618370e+01 -3.3929459e+01 -3.3929459e+01 -3.3204113e+01 -3.3204113e+01 -3.2854903e+01 -3.2854903e+01 -4.8168472e+00 -4.8168472e+00 -1.7409236e+00 -1.7409236e+00 +2.8397848e+00 +2.8397848e+00 +3.9257703e+00 +3.9257703e+00 +7.2066182e+00 +7.2066182e+00 +7.8289201e+00 +7.8289201e+00 
-6.6618158e+01 -6.6618158e+01 -3.3935051e+01 -3.3935051e+01 -3.3203362e+01 -3.3203362e+01 -3.2848490e+01 -3.2848490e+01 -4.8471262e+00 -4.8471262e+00 -1.7896838e+00 -1.7896838e+00 +3.0882848e+00 +3.0882848e+00 +4.0576226e+00 +4.0576226e+00 +7.2962632e+00 +7.2962632e+00 +8.4043629e+00 +8.4043629e+00 
-6.6617976e+01 -6.6617976e+01 -3.3939165e+01 -3.3939165e+01 -3.3202713e+01 -3.3202713e+01 -3.2843049e+01 -3.2843049e+01 -4.8734003e+00 -4.8734003e+00 -1.8310301e+00 -1.8310301e+00 +3.2644051e+00 +3.2644051e+00 +4.2000459e+00 +4.2000459e+00 +7.3729320e+00 +7.3729320e+00 +9.0485751e+00 +9.0485751e+00 
-6.6617826e+01 -6.6617826e+01 -3.3941995e+01 -3.3941995e+01 -3.3202174e+01 -3.3202174e+01 -3.2838587e+01 -3.2838587e+01 -4.8953518e+00 -4.8953518e+00 -1.8649179e+00 -1.8649179e+00 +3.3809619e+00 +3.3809619e+00 +4.3367556e+00 +4.3367556e+00 +7.4362242e+00 +7.4362242e+00 +9.7214352e+00 +9.7214352e+00 
-6.6617709e+01 -6.6617709e+01 -3.3943784e+01 -3.3943784e+01 -3.3201750e+01 -3.3201750e+01 -3.2835110e+01 -3.2835110e+01 -4.9127136e+00 -4.9127136e+00 -1.8913116e+00 -1.8913116e+00 +3.4555271e+00 +3.4555271e+00 +4.4522485e+00 +4.4522485e+00 +7.4858055e+00 +7.4858055e+00 +1.0361990e+01 +1.0361990e+01 
-6.6617624e+01 -6.6617624e+01 -3.3944801e+01 -3.3944801e+01 -3.3201444e+01 -3.3201444e+01 -3.2832623e+01 -3.2832623e+01 -4.9252722e+00 -4.9252722e+00 -1.9101836e+00 -1.9101836e+00 +3.5013761e+00 +3.5013761e+00 +4.5376753e+00 +4.5376753e+00 +7.5214121e+00 +7.5214121e+00 +1.0896741e+01 +1.0896741e+01 
-6.6617574e+01 -6.6617574e+01 -3.3945292e+01 -3.3945292e+01 -3.3201259e+01 -3.3201259e+01 -3.2831130e+01 -3.2831130e+01 -4.9328712e+00 -4.9328712e+00 -1.9215145e+00 -1.9215145e+00 +3.5263256e+00 +3.5263256e+00 +4.5895387e+00 +4.5895387e+00 +7.5428530e+00 +7.5428530e+00 +1.1253611e+01 +1.1253611e+01 
-6.6617557e+01 -6.6617557e+01 -3.3945435e+01 -3.3945435e+01 -3.3201197e+01 -3.3201197e+01 -3.2830631e+01 -3.2830631e+01 -4.9354149e+00 -4.9354149e+00 -1.9252927e+00 -1.9252927e+00 +3.5342556e+00 +3.5342556e+00 +4.6068758e+00 +4.6068758e+00 +7.5500129e+00 +7.5500129e+00 +1.1379173e+01 +1.1379173e+01 
-6.6617684e+01 -6.6617463e+01 -3.3945343e+01 -3.3945241e+01 -3.3201714e+01 -3.3200803e+01 -3.2831620e+01 -3.2830625e+01 -4.9351075e+00 -4.9307126e+00 -1.9231500e+00 -1.9199849e+00 +3.5245024e+00 +3.5285196e+00 +4.5743075e+00 +4.6053464e+00 +7.5370500e+00 +7.5488662e+00 +1.1134558e+01 +1.1377698e+01 
-6.6618066e+01 -6.6617181e+01 -3.3944884e+01 -3.3944654e+01 -3.3203261e+01 -3.3199620e+01 -3.2834578e+01 -3.2830606e+01 -4.9342949e+00 -4.9166353e+00 -1.9167265e+00 -1.9040627e+00 +3.4954148e+00 +3.5107079e+00 +4.4778148e+00 +4.6007748e+00 +7.4983409e+00 +7.5454322e+00 +1.0455380e+01 +1.1373291e+01 
-6.6618702e+01 -6.6616713e+01 -3.3943660e+01 -3.3943589e+01 -3.3205830e+01 -3.3197653e+01 -3.2839491e+01 -3.2830575e+01 -4.9333008e+00 -4.8932728e+00 -1.9060359e+00 -1.8775305e+00 +3.4475042e+00 +3.4788038e+00 +4.3209218e+00 +4.5932093e+00 +7.4344183e+00 +7.5397287e+00 +9.4786683e+00 +1.1366003e+01 
-6.6619590e+01 -6.6616061e+01 -3.3942237e+01 -3.3940858e+01 -3.3209408e+01 -3.3194908e+01 -3.2846330e+01 -3.2830531e+01 -4.9326495e+00 -4.8607769e+00 -1.8911015e+00 -1.8403950e+00 +3.3816120e+00 +3.4286511e+00 +4.1091445e+00 +4.5827298e+00 +7.3461496e+00 +7.5317853e+00 +8.3658966e+00 +1.1355920e+01 
-6.6620726e+01 -6.6615227e+01 -3.3940359e+01 -3.3936135e+01 -3.3213975e+01 -3.3191396e+01 -3.2855056e+01 -3.2830475e+01 -4.9330472e+00 -4.8193646e+00 -1.8719559e+00 -1.7926651e+00 +3.2988917e+00 +3.3523472e+00 +3.8495179e+00 +4.5694461e+00 +7.2347072e+00 +7.2558257e+00 +7.5216431e+00 +1.1343161e+01 
-6.6622106e+01 -6.6614216e+01 -3.3937993e+01 -3.3929001e+01 -3.3219508e+01 -3.3187127e+01 -3.2865622e+01 -3.2830407e+01 -4.9353621e+00 -4.7693236e+00 -1.8486415e+00 -1.7343513e+00 +3.2007888e+00 +3.2352222e+00 +3.5500409e+00 +4.5534954e+00 +6.2483156e+00 +7.1015305e+00 +7.5093546e+00 +1.1327879e+01 
-6.6623725e+01 -6.6613031e+01 -3.3935108e+01 -3.3919208e+01 -3.3225976e+01 -3.3182119e+01 -3.2877967e+01 -3.2830327e+01 -4.9406048e+00 -4.7110188e+00 -1.8212106e+00 -1.6654647e+00 +3.0523872e+00 +3.0890154e+00 +3.2191161e+00 +4.5350403e+00 +5.4116713e+00 +6.9482810e+00 +7.4949831e+00 +1.1310264e+01 
-6.6625575e+01 -6.6611679e+01 -3.3931675e+01 -3.3906651e+01 -3.3233347e+01 -3.3176387e+01 -3.2892023e+01 -3.2830236e+01 -4.9499088e+00 -4.6449016e+00 -1.7897261e+00 -1.5860168e+00 +2.7748855e+00 +2.8650468e+00 +2.9655249e+00 +4.5142658e+00 +4.7893388e+00 +6.7767927e+00 +7.4786024e+00 +1.1290538e+01 
-6.6627647e+01 -6.6610164e+01 -3.3927665e+01 -3.3891334e+01 -3.3241580e+01 -3.3169954e+01 -3.2907714e+01 -3.2830133e+01 -4.9645076e+00 -4.5715211e+00 -1.7542612e+00 -1.4960182e+00 +2.4020942e+00 +2.4956342e+00 +2.8324878e+00 +4.3799485e+00 +4.4913755e+00 +6.5890222e+00 +7.4602962e+00 +1.1268958e+01 
-6.6629932e+01 -6.6608494e+01 -3.3923058e+01 -3.3873333e+01 -3.3250634e+01 -3.3162842e+01 -3.2924954e+01 -3.2830019e+01 -4.9857032e+00 -4.4915385e+00 -1.7149009e+00 -1.3954779e+00 +1.9809482e+00 +2.1178944e+00 +2.6922694e+00 +4.1268831e+00 +4.4665890e+00 +6.3869989e+00 +7.4401576e+00 +1.1245816e+01 
-6.6632420e+01 -6.6606675e+01 -3.3917841e+01 -3.3852766e+01 -3.3260460e+01 -3.3155079e+01 -3.2943649e+01 -3.2829895e+01 -5.0148208e+00 -4.4057443e+00 -1.6717415e+00 -1.2844031e+00 +1.5654398e+00 +1.7378919e+00 +2.5474132e+00 +3.9639793e+00 +4.4401373e+00 +6.1727791e+00 +7.4182885e+00 +1.1221439e+01 
-6.6635098e+01 -6.6604717e+01 -3.3912006e+01 -3.3829775e+01 -3.3271008e+01 -3.3146693e+01 -3.2963699e+01 -3.2829761e+01 -5.0531455e+00 -4.3150788e+00 -1.6248917e+00 -1.1627981e+00 +1.1861164e+00 +1.3606766e+00 +2.4006295e+00 +3.8486896e+00 +4.4122600e+00 +5.9484041e+00 +7.3947989e+00 +1.1196192e+01 
-6.6637955e+01 -6.6602628e+01 -3.3905556e+01 -3.3804513e+01 -3.3282224e+01 -3.3137718e+01 -3.2985000e+01 -3.2829618e+01 -5.1018410e+00 -4.2206544e+00 -1.5744731e+00 -1.0306646e+00 +8.5435615e-01 +9.9029993e-01 +2.2547906e+00 +3.7589283e+00 +4.3832012e+00 +5.7158649e+00 +7.3698061e+00 +1.1170475e+01 
-6.6640977e+01 -6.6600416e+01 -3.3898500e+01 -3.3777140e+01 -3.3294050e+01 -3.3128187e+01 -3.3007438e+01 -3.2829465e+01 -5.1618567e+00 -4.1237798e+00 -1.5206210e+00 -8.8800170e-01 +5.7214088e-01 +6.2988584e-01 +2.1129307e+00 +3.6835901e+00 +4.3532061e+00 +5.4770729e+00 +7.3434340e+00 +1.1144724e+01 
-6.6644151e+01 -6.6598092e+01 -3.3890856e+01 -3.3747821e+01 -3.3306426e+01 -3.3118140e+01 -3.3030897e+01 -3.2829304e+01 -5.2338359e+00 -4.0259815e+00 -1.4634846e+00 -7.3480665e-01 +2.8173560e-01 +3.3755255e-01 +1.9782492e+00 +3.6169433e+00 +4.3225178e+00 +5.2338369e+00 +7.3158124e+00 +1.1119418e+01 
-6.6647462e+01 -6.6595666e+01 -3.3882649e+01 -3.3716718e+01 -3.3319290e+01 -3.3107616e+01 -3.3055258e+01 -3.2829136e+01 -5.3180409e+00 -3.9290186e+00 -1.4032281e+00 -5.7107636e-01 -5.2552680e-02 +1.4718612e-01 +1.8541110e+00 +3.5559544e+00 +4.2913741e+00 +4.9878477e+00 +7.2870763e+00 +1.1095076e+01 
-6.6650895e+01 -6.6593148e+01 -3.3873911e+01 -3.3683999e+01 -3.3332575e+01 -3.3096658e+01 -3.3080396e+01 -3.2828960e+01 -5.4143135e+00 -3.8348823e+00 -1.3400311e+00 -3.9680964e-01 -3.7196231e-01 -2.8719343e-03 +1.7440350e+00 +3.4990271e+00 +4.2600047e+00 +4.7406670e+00 +7.2573646e+00 +1.1072263e+01 
-6.6654434e+01 -6.6590551e+01 -3.3864679e+01 -3.3649831e+01 -3.3346218e+01 -3.3106185e+01 -3.3085313e+01 -3.2828779e+01 -5.5220793e+00 -3.7457683e+00 -1.2740895e+00 -6.7594299e-01 -2.1201045e-01 -1.1666080e-01 +1.6516604e+00 +3.4453820e+00 +4.2286289e+00 +4.4937228e+00 +7.2268200e+00 +1.1051593e+01 
-6.6658064e+01 -6.6587884e+01 -3.3854996e+01 -3.3614383e+01 -3.3360149e+01 -3.3132498e+01 -3.3073628e+01 -3.2828592e+01 -5.6403952e+00 -3.6640107e+00 -1.2056157e+00 -9.6430749e-01 -1.9819235e-01 -1.6692558e-02 +1.5806749e+00 +3.3947358e+00 +4.1974533e+00 +4.2483084e+00 +7.1955875e+00 +1.1033736e+01 
-6.6661768e+01 -6.6585161e+01 -3.3844909e+01 -3.3577826e+01 -3.3374301e+01 -3.3159205e+01 -3.3061652e+01 -3.2828400e+01 -5.7680300e+00 -3.5919645e+00 -1.2371423e+00 -1.1348395e+00 -2.5137941e-01 +1.8911448e-01 +1.5346946e+00 +3.3471242e+00 +4.0055850e+00 +4.1666703e+00 +7.1638141e+00 +1.1019429e+01 
-6.6665529e+01 -6.6582393e+01 -3.3834471e+01 -3.3540336e+01 -3.3388605e+01 -3.3186176e+01 -3.3049438e+01 -3.2828204e+01 -5.9035596e+00 -3.5318364e+00 -1.4947327e+00 -1.0620084e+00 -2.7999142e-01 +4.0535752e-01 +1.5170902e+00 +3.3027992e+00 +3.7665877e+00 +4.1364563e+00 +7.1316478e+00 +1.1009482e+01 
-6.6669331e+01 -6.6579592e+01 -3.3823734e+01 -3.3502089e+01 -3.3402992e+01 -3.3213281e+01 -3.3037038e+01 -3.2828006e+01 -6.0454607e+00 -3.4854777e+00 -1.7375018e+00 -9.8738794e-01 -2.8762317e-01 +6.3195004e-01 +1.5307752e+00 +3.2621646e+00 +3.5322324e+00 +4.1069711e+00 +7.0992368e+00 +1.1004797e+01 
-6.6673156e+01 -6.6576772e+01 -3.3812757e+01 -3.3463264e+01 -3.3417393e+01 -3.3240391e+01 -3.3024507e+01 -3.2827805e+01 -6.1921903e+00 -3.4541775e+00 -1.9659617e+00 -9.1126186e-01 -2.7767425e-01 +8.6876009e-01 +1.5779878e+00 +3.2257329e+00 +3.3033248e+00 +4.0783567e+00 +7.0667290e+00 +1.1006389e+01 
-6.6676988e+01 -6.6573944e+01 -3.3801599e+01 -3.3431742e+01 -3.3424045e+01 -3.3267378e+01 -3.3011902e+01 -3.2827603e+01 -6.3422450e+00 -3.4385037e+00 -2.1806751e+00 -8.3393214e-01 -2.5333878e-01 +1.1155958e+00 +1.6601161e+00 +3.0805700e+00 +3.1940914e+00 +4.0507373e+00 +7.0342709e+00 +1.1015404e+01 
-6.6680808e+01 -6.6571121e+01 -3.3790320e+01 -3.3445970e+01 -3.3384615e+01 -3.3294114e+01 -3.2999279e+01 -3.2827401e+01 -6.4942005e+00 -3.4382409e+00 -2.3822269e+00 -7.5571879e-01 -2.1760283e-01 +1.3721881e+00 +1.7776092e+00 +2.8645821e+00 +3.1678717e+00 +4.0242192e+00 +7.0020072e+00 +1.1033158e+01 
-6.6684601e+01 -6.6568316e+01 -3.3778981e+01 -3.3460014e+01 -3.3345162e+01 -3.3320478e+01 -3.2986696e+01 -3.2827200e+01 -6.6467334e+00 -3.4524410e+00 -2.5712018e+00 -6.7695942e-01 -1.7324484e-01 +1.6381704e+00 +1.9299886e+00 +2.6558940e+00 +3.1477186e+00 +3.9988906e+00 +6.9700802e+00 +1.1061168e+01 
-6.6688349e+01 -6.6565541e+01 -3.3767646e+01 -3.3473808e+01 -3.3346345e+01 -3.3305873e+01 -3.2974209e+01 -3.2827000e+01 -6.7986302e+00 -3.4795715e+00 -2.7481689e+00 -5.9800848e-01 -1.2283425e-01 +1.9130560e+00 +2.1159397e+00 +2.4549666e+00 +3.1342550e+00 +3.9748224e+00 +6.9386289e+00 +1.1101202e+01 
-6.6692036e+01 -6.6562809e+01 -3.3756376e+01 -3.3487293e+01 -3.3371601e+01 -3.3266939e+01 -3.2961879e+01 -3.2826802e+01 -6.9487871e+00 -3.5177146e+00 -2.9136708e+00 -5.1923626e-01 -6.8724080e-02 +2.1962119e+00 +2.2621977e+00 +2.3334345e+00 +3.1280405e+00 +3.9520688e+00 +6.9077890e+00 +1.1155333e+01 
-6.6695645e+01 -6.6560133e+01 -3.3745234e+01 -3.3500409e+01 -3.3396129e+01 -3.3228550e+01 -3.2949761e+01 -3.2826609e+01 -7.0962052e+00 -3.5647703e+00 -3.0682164e+00 -4.4102750e-01 -1.3035401e-02 +2.0779302e+00 +2.4868308e+00 +2.5798353e+00 +3.1295246e+00 +3.9306683e+00 +6.8776917e+00 +1.1225988e+01 
-6.6699160e+01 -6.6557523e+01 -3.3734280e+01 -3.3513102e+01 -3.3419822e+01 -3.3190895e+01 -3.2937914e+01 -3.2826419e+01 -7.2399825e+00 -3.6186257e+00 -3.2122762e+00 -3.6377966e-01 +4.2365775e-02 +1.9024592e+00 +2.7839011e+00 +2.8519417e+00 +3.1389964e+00 +3.9106442e+00 +6.8484638e+00 +1.1316007e+01 
-6.6702566e+01 -6.6554993e+01 -3.3723577e+01 -3.3525317e+01 -3.3442576e+01 -3.3154162e+01 -3.2926393e+01 -3.2826235e+01 -7.3793050e+00 -3.6772752e+00 -3.3462801e+00 -2.8790077e-01 +9.5895708e-02 +1.7360388e+00 +3.0861764e+00 +3.1459716e+00 +3.1565340e+00 +3.8920067e+00 +6.8202268e+00 +1.1428679e+01 
-6.6705848e+01 -6.6552552e+01 -3.3713182e+01 -3.3537005e+01 -3.3464295e+01 -3.3118539e+01 -3.2915253e+01 -3.2826058e+01 -7.5134380e+00 -3.7388927e+00 -3.4706173e+00 -2.1380693e-01 +1.4627826e-01 +1.5788879e+00 +3.1819618e+00 +3.3921457e+00 +3.4574923e+00 +3.8747534e+00 +6.7930970e+00 +1.1567733e+01 
-6.6708991e+01 -6.6550214e+01 -3.3703155e+01 -3.3548122e+01 -3.3484887e+01 -3.3084207e+01 -3.2904550e+01 -3.2825887e+01 -7.6417179e+00 -3.8018648e+00 -3.5856362e+00 -1.4191941e-01 +1.9256126e-01 +1.4311953e+00 +3.2148215e+00 +3.7000066e+00 +3.7813385e+00 +3.8588713e+00 +6.7671849e+00 +1.1737253e+01 
-6.6711981e+01 -6.6547987e+01 -3.3693551e+01 -3.3558624e+01 -3.3504271e+01 -3.3051346e+01 -3.2894333e+01 -3.2825724e+01 -7.7635452e+00 -3.8647963e+00 -3.6916465e+00 -7.2661326e-02 +2.3411770e-01 +1.2931237e+00 +3.2543629e+00 +3.8443378e+00 +4.0076437e+00 +4.1115750e+00 +6.7425947e+00 +1.1941462e+01 
-6.6714806e+01 -6.6545883e+01 -3.3684422e+01 -3.3568475e+01 -3.3522373e+01 -3.3020129e+01 -3.2884654e+01 -3.2825570e+01 -7.8783785e+00 -3.9264996e+00 -3.7889206e+00 -6.4540087e-03 +2.7062811e-01 +1.1648141e+00 +3.2995589e+00 +3.8311230e+00 +4.3126160e+00 +4.4415709e+00 +6.7194245e+00 +1.2184299e+01 
-6.6717453e+01 -6.6543910e+01 -3.3675821e+01 -3.3577641e+01 -3.3539131e+01 -3.2990724e+01 -3.2875560e+01 -3.2825425e+01 -7.9857291e+00 -3.9859761e+00 -3.8776967e+00 +5.6286992e-02 +3.0204494e-01 +1.0463882e+00 +3.3491421e+00 +3.8191906e+00 +4.6121559e+00 +4.7642457e+00 +6.6977658e+00 +1.2468760e+01 
-6.6719910e+01 -6.6542077e+01 -3.3667796e+01 -3.3586091e+01 -3.3554492e+01 -3.2963289e+01 -3.2867096e+01 -3.2825290e+01 -8.0851571e+00 -4.0423929e+00 -3.9581808e+00 +1.1515615e-01 +3.2854285e-01 +9.3795154e-01 +3.4016599e+00 +3.8084997e+00 +4.9031843e+00 +5.0725067e+00 +6.6777031e+00 +1.2795978e+01 
-6.6722166e+01 -6.6540394e+01 -3.3660391e+01 -3.3593800e+01 -3.3568413e+01 -3.2937976e+01 -3.2859304e+01 -3.2825166e+01 -8.1762679e+00 -4.0950605e+00 -4.0305498e+00 +1.6976240e-01 +3.5046182e-01 +8.3959540e-01 +3.4555392e+00 +3.7990069e+00 +5.1823449e+00 +5.3598263e+00 +6.6593142e+00 +1.3164158e+01 
-6.6724213e+01 -6.6538867e+01 -3.3653649e+01 -3.3600746e+01 -3.3580867e+01 -3.2914924e+01 -3.2852222e+01 -3.2825054e+01 -8.2587098e+00 -4.1434118e+00 -4.0949543e+00 +2.1973374e-01 +3.6824968e-01 +7.5139860e-01 +3.5091550e+00 +3.7906671e+00 +5.4460601e+00 +5.6208218e+00 +6.6426698e+00 +1.3567545e+01 
-6.6726040e+01 -6.6537503e+01 -3.3647607e+01 -3.3606910e+01 -3.3591833e+01 -3.2894262e+01 -3.2845887e+01 -3.2824953e+01 -8.3321718e+00 -4.1869833e+00 -4.1515210e+00 +2.6472181e-01 +3.8240978e-01 +6.7342889e-01 +3.5608957e+00 +3.7834355e+00 +5.6906108e+00 +5.8516687e+00 +6.6278333e+00 +1.3995704e+01 
-6.6727640e+01 -6.6536309e+01 -3.3642299e+01 -3.3612277e+01 -3.3601306e+01 -3.2876109e+01 -3.2840330e+01 -3.2824865e+01 -8.3963818e+00 -4.2253992e+00 -4.2003552e+00 +3.0440642e-01 +3.9345703e-01 +6.0574410e-01 +3.6092210e+00 +3.7772688e+00 +5.9122390e+00 +6.0502196e+00 +6.6148608e+00 +1.4433372e+01 
-6.6729006e+01 -6.6535290e+01 -3.3637756e+01 -3.3616836e+01 -3.3609287e+01 -3.2860567e+01 -3.2835580e+01 -3.2824789e+01 -8.4511058e+00 -4.2583578e+00 -4.2415433e+00 +3.3849991e-01 +4.0188367e-01 +5.4839296e-01 +3.6527113e+00 +3.7721267e+00 +6.1072713e+00 +6.2158191e+00 +6.6038013e+00 +1.4861017e+01 
-6.6730131e+01 -6.6534449e+01 -3.3634003e+01 -3.3620577e+01 -3.3615787e+01 -3.2847725e+01 -3.2831659e+01 -3.2824727e+01 -8.4961469e+00 -4.2856207e+00 -4.2751546e+00 +3.6675121e-01 +4.0813418e-01 +5.0141577e-01 +3.6901072e+00 +3.7679729e+00 +6.2722563e+00 +6.3489060e+00 +6.5946960e+00 +1.5256142e+01 
-6.6731012e+01 -6.6533792e+01 -3.3631061e+01 -3.3623493e+01 -3.3620818e+01 -3.2837659e+01 -3.2828589e+01 -3.2824678e+01 -8.5313446e+00 -4.3070039e+00 -4.3012434e+00 +3.8894948e-01 +4.1258801e-01 +4.6484496e-01 +3.7203407e+00 +3.7647763e+00 +6.4041094e+00 +6.4505435e+00 +6.5875788e+00 +1.5595237e+01 
-6.6731644e+01 -6.6533320e+01 -3.3628948e+01 -3.3625580e+01 -3.3624397e+01 -3.2830427e+01 -3.2826385e+01 -3.2824643e+01 -8.5565745e+00 -4.3223709e+00 -4.3198503e+00 +4.0492727e-01 +4.1554844e-01 +4.3870539e-01 +3.7425591e+00 +3.7625115e+00 +6.5002542e+00 +6.5219866e+00 +6.5824763e+00 +1.5856179e+01 
-6.6732024e+01 -6.6533037e+01 -3.3627675e+01 -3.3626833e+01 -3.3626538e+01 -3.2826070e+01 -3.2825058e+01 -3.2824622e+01 -8.5717479e+00 -4.3316277e+00 -4.3310034e+00 +4.1456308e-01 +4.1723572e-01 +4.2301466e-01 +3.7561415e+00 +3.7611602e+00 +6.5587482e+00 +6.5643496e+00 +6.5794072e+00 +1.6020775e+01 
-6.6732151e+01 -6.6532942e+01 -3.3627250e+01 -3.3627250e+01 -3.3627250e+01 -3.2824615e+01 -3.2824615e+01 -3.2824615e+01 -8.5768116e+00 -4.3347193e+00 -4.3347193e+00 +4.1778325e-01 +4.1778325e-01 +4.1778326e-01 +3.7607110e+00 +3.7607110e+00 +6.5783829e+00 +6.5783829e+00 +6.5783829e+00 +1.6077035e+01 
-6.6732021e+01 -6.6533038e+01 -3.3627397e+01 -3.3627397e+01 -3.3626237e+01 -3.2826247e+01 -3.2824771e+01 -3.2824771e+01 -8.5716476e+00 -4.3312478e+00 -4.3312478e+00 +4.1540550e-01 +4.1540550e-01 +4.2402970e-01 +3.7586117e+00 +3.7586117e+00 +6.5532058e+00 +6.5743198e+00 +6.5743198e+00 +1.6019737e+01 
-6.6731634e+01 -6.6533328e+01 -3.3627836e+01 -3.3627836e+01 -3.3623196e+01 -3.2831129e+01 -3.2825238e+01 -3.2825238e+01 -8.5561751e+00 -4.3208375e+00 -4.3208375e+00 +4.0824746e-01 +4.0824747e-01 +4.4277332e-01 +3.7524010e+00 +3.7524010e+00 +6.4776149e+00 +6.5621702e+00 +6.5621702e+00 +1.5853005e+01 
-6.6730990e+01 -6.6533808e+01 -3.3628562e+01 -3.3628562e+01 -3.3618122e+01 -3.2839223e+01 -3.2826018e+01 -3.2826018e+01 -8.5304536e+00 -4.3035015e+00 -4.3035015e+00 +3.9623679e-01 +3.9623680e-01 +4.7402692e-01 +3.7423372e+00 +3.7423372e+00 +6.3515383e+00 +6.5420524e+00 +6.5420524e+00 +1.5591397e+01 
-6.6730093e+01 -6.6534477e+01 -3.3629566e+01 -3.3629566e+01 -3.3611010e+01 -3.2850463e+01 -3.2827114e+01 -3.2827114e+01 -8.4945805e+00 -4.2792614e+00 -4.2792614e+00 +3.7925943e-01 +3.7925943e-01 +5.1781179e-01 +3.7288391e+00 +3.7288391e+00 +6.1751973e+00 +6.5141606e+00 +6.5141606e+00 +1.5256306e+01 
-6.6728947e+01 -6.6535330e+01 -3.3630837e+01 -3.3630837e+01 -3.3601862e+01 -3.2864759e+01 -3.2828530e+01 -3.2828530e+01 -8.4486910e+00 -4.2481483e+00 -4.2481483e+00 +3.5716936e-01 +3.5716937e-01 +5.7415745e-01 +3.7124687e+00 +3.7124687e+00 +5.9495617e+00 +6.4787618e+00 +6.4787618e+00 +1.4872466e+01 
-6.6727558e+01 -6.6536363e+01 -3.3632359e+01 -3.3632359e+01 -3.3590687e+01 -3.2881998e+01 -3.2830271e+01 -3.2830271e+01 -8.3929552e+00 -4.2102029e+00 -4.2102029e+00 +3.2980199e-01 +3.2980200e-01 +6.4310154e-01 +3.6939078e+00 +3.6939078e+00 +5.6768505e+00 +6.4361903e+00 +6.4361903e+00 +1.4464358e+01 
-6.6725932e+01 -6.6537570e+01 -3.3634115e+01 -3.3634115e+01 -3.3577511e+01 -3.2902044e+01 -3.2832342e+01 -3.2832342e+01 -8.3275766e+00 -4.1654760e+00 -4.1654760e+00 +2.9699083e-01 +2.9699083e-01 +7.2468949e-01 +3.6739290e+00 +3.6739290e+00 +5.3609202e+00 +6.3868416e+00 +6.3868416e+00 +1.4053281e+01 
-6.6724078e+01 -6.6538944e+01 -3.3636083e+01 -3.3636083e+01 -3.3562374e+01 -3.2924740e+01 -3.2834749e+01 -3.2834749e+01 -8.2527889e+00 -4.1140301e+00 -4.1140301e+00 +2.5858664e-01 +2.5858664e-01 +8.1897427e-01 +3.6533629e+00 +3.6533629e+00 +5.0073743e+00 +6.3311656e+00 +6.3311657e+00 +1.3655539e+01 
-6.6722004e+01 -6.6540477e+01 -3.3638240e+01 -3.3638240e+01 -3.3545339e+01 -3.2949910e+01 -3.2837502e+01 -3.2837502e+01 -8.1688532e+00 -4.0559398e+00 -4.0559398e+00 +2.1447808e-01 +2.1447808e-01 +9.2601602e-01 +3.6330625e+00 +3.6330626e+00 +4.6233006e+00 +6.2696590e+00 +6.2696590e+00 +1.3281879e+01 
-6.6719721e+01 -6.6542161e+01 -3.3640560e+01 -3.3640560e+01 -3.3526488e+01 -3.2977362e+01 -3.2840606e+01 -3.2840606e+01 -8.0760545e+00 -3.9912937e+00 -3.9912937e+00 +1.6461218e-01 +1.6461218e-01 +1.0458817e+00 +3.6138674e+00 +3.6138674e+00 +4.2166842e+00 +6.2028573e+00 +6.2028573e+00 +1.2937963e+01 
-6.6717239e+01 -6.6543985e+01 -3.3643015e+01 -3.3643015e+01 -3.3505926e+01 -3.3006888e+01 -3.2844072e+01 -3.2844072e+01 -7.9746984e+00 -3.9201960e+00 -3.9201960e+00 +1.0901298e-01 +1.0901298e-01 +1.1786447e+00 +3.5965696e+00 +3.5965696e+00 +3.7956690e+00 +6.1313270e+00 +6.1313270e+00 +1.2625456e+01 
-6.6714570e+01 -6.6545941e+01 -3.3645574e+01 -3.3645574e+01 -3.3483775e+01 -3.3038267e+01 -3.2847909e+01 -3.2847909e+01 -7.8651069e+00 -3.8427690e+00 -3.8427690e+00 +4.7796492e-02 +4.7796498e-02 +1.3243844e+00 +3.3678781e+00 +3.5818838e+00 +3.5818838e+00 +6.0556579e+00 +6.0556579e+00 +1.2343302e+01 
-6.6711727e+01 -6.6548016e+01 -3.3648206e+01 -3.3648206e+01 -3.3460177e+01 -3.3071268e+01 -3.2852127e+01 -3.2852127e+01 -7.7476150e+00 -3.7591554e+00 -3.7591554e+00 -1.8819639e-02 -1.8819633e-02 +1.4831856e+00 +2.9399372e+00 +3.5704235e+00 +3.5704235e+00 +5.9764556e+00 +5.9764556e+00 +1.2088879e+01 
-6.6708724e+01 -6.6550199e+01 -3.3650876e+01 -3.3650876e+01 -3.3435292e+01 -3.3105651e+01 -3.2856735e+01 -3.2856735e+01 -7.6225667e+00 -3.6695215e+00 -3.6695215e+00 -9.0512784e-02 -9.0512778e-02 +1.6551381e+00 +2.5172473e+00 +3.5626850e+00 +3.5626850e+00 +5.8943350e+00 +5.8943350e+00 +1.1858865e+01 
-6.6705574e+01 -6.6552479e+01 -3.3653552e+01 -3.3653552e+01 -3.3409292e+01 -3.3141171e+01 -3.2861745e+01 -3.2861745e+01 -7.4903110e+00 -3.5740613e+00 -3.5740613e+00 -1.6685857e-01 -1.6685856e-01 +1.8403356e+00 +2.1039678e+00 +3.5590389e+00 +3.5590389e+00 +5.8099143e+00 +5.8099143e+00 +1.1649813e+01 
-6.6702293e+01 -6.6554841e+01 -3.3656196e+01 -3.3656196e+01 -3.3382363e+01 -3.3177576e+01 -3.2867165e+01 -3.2867165e+01 -7.3511989e+00 -3.4729998e+00 -3.4729998e+00 -2.4734023e-01 -2.4734023e-01 +1.7031376e+00 +2.0388746e+00 +3.5597296e+00 +3.5597296e+00 +5.7238099e+00 +5.7238099e+00 +1.1458473e+01 
-6.6698895e+01 -6.6557275e+01 -3.3658774e+01 -3.3658774e+01 -3.3354703e+01 -3.3214615e+01 -3.2873008e+01 -3.2873008e+01 -7.2055791e+00 -3.3665990e+00 -3.3665990e+00 -3.3136290e-01 -3.3136290e-01 +1.3168633e+00 +2.2508532e+00 +3.5648815e+00 +3.5648815e+00 +5.6366319e+00 +5.6366319e+00 +1.1281954e+01 
-6.6695396e+01 -6.6559765e+01 -3.3661249e+01 -3.3661249e+01 -3.3326518e+01 -3.3252035e+01 -3.2879281e+01 -3.2879281e+01 -7.0537954e+00 -3.2551619e+00 -3.2551619e+00 -4.1827118e-01 -4.1827118e-01 +9.4652257e-01 +2.4763679e+00 +3.5745098e+00 +3.5745098e+00 +5.5489813e+00 +5.5489813e+00 +1.1117765e+01 
-6.6691812e+01 -6.6562300e+01 -3.3663584e+01 -3.3663584e+01 -3.3298022e+01 -3.3289585e+01 -3.2885996e+01 -3.2885996e+01 -6.8961834e+00 -3.1390394e+00 -3.1390394e+00 -5.0736829e-01 -5.0736829e-01 +5.9295156e-01 +2.7155106e+00 +3.5885347e+00 +3.5885348e+00 +5.4614473e+00 +5.4614473e+00 +1.0963805e+01 
-6.6688160e+01 -6.6564865e+01 -3.3665743e+01 -3.3665743e+01 -3.3327018e+01 -3.3269434e+01 -3.2893160e+01 -3.2893160e+01 -6.7330680e+00 -3.0186354e+00 -3.0186354e+00 -5.9793515e-01 -5.9793514e-01 +2.5660335e-01 +2.9683631e+00 +3.6067974e+00 +3.6067974e+00 +5.3746059e+00 +5.3746059e+00 +1.0818327e+01 
-6.6684455e+01 -6.6567448e+01 -3.3667691e+01 -3.3667691e+01 -3.3364089e+01 -3.3240977e+01 -3.2900783e+01 -3.2900783e+01 -6.5647614e+00 -2.8944139e+00 -2.8944139e+00 -6.8924814e-01 -6.8924813e-01 -6.2327017e-02 +3.2349889e+00 +3.6290752e+00 +3.6290752e+00 +5.2890189e+00 +5.2890189e+00 +1.0679885e+01 
-6.6680714e+01 -6.6570035e+01 -3.3669392e+01 -3.3669392e+01 -3.3400563e+01 -3.3212875e+01 -3.2908870e+01 -3.2908870e+01 -6.3915610e+00 -2.7669046e+00 -2.7669046e+00 -7.8059465e-01 -7.8059465e-01 -3.6380825e-01 +3.5154223e+00 +3.6550966e+00 +3.6550966e+00 +5.2052335e+00 +5.2052335e+00 +1.0547283e+01 
-6.6676953e+01 -6.6572614e+01 -3.3670811e+01 -3.3670811e+01 -3.3436211e+01 -3.3185355e+01 -3.2917430e+01 -3.2917430e+01 -6.2137480e+00 -2.6367089e+00 -2.6367089e+00 -8.7128599e-01 -8.7128599e-01 -6.4790467e-01 +3.6845544e+00 +3.6845544e+00 +3.8096519e+00 +5.1237826e+00 +5.1237826e+00 +1.0419528e+01 
-6.6673188e+01 -6.6575171e+01 -3.3671917e+01 -3.3671917e+01 -3.3470813e+01 -3.3158639e+01 -3.2926466e+01 -3.2926466e+01 -6.0315869e+00 -2.5045046e+00 -2.5045046e+00 -9.6066742e-01 -9.6066742e-01 -9.1472912e-01 +3.7171171e+00 +3.7171171e+00 +4.1175979e+00 +5.0451847e+00 +5.0451847e+00 +1.0295792e+01 
-6.6669436e+01 -6.6577695e+01 -3.3672676e+01 -3.3672676e+01 -3.3504160e+01 -3.3132947e+01 -3.2935982e+01 -3.2935982e+01 -5.8453248e+00 -2.3710496e+00 -2.3710496e+00 -1.1644120e+00 -1.0481256e+00 -1.0481256e+00 +3.7524382e+00 +3.7524382e+00 +4.4390807e+00 +4.9699435e+00 +4.9699435e+00 +1.0175374e+01 
-6.6665710e+01 -6.6580173e+01 -3.3673059e+01 -3.3673059e+01 -3.3536053e+01 -3.3108494e+01 -3.2945981e+01 -3.2945981e+01 -5.6551922e+00 -2.2371826e+00 -2.2371826e+00 -1.3970827e+00 -1.1330935e+00 -1.1330935e+00 +3.7901637e+00 +3.7901637e+00 +4.7737774e+00 +4.8985471e+00 +4.8985471e+00 +1.0057676e+01 
-6.6662027e+01 -6.6582595e+01 -3.3673037e+01 -3.3673037e+01 -3.3566305e+01 -3.3085488e+01 -3.2956462e+01 -3.2956462e+01 -5.4614038e+00 -2.1038223e+00 -2.1038223e+00 -1.6128592e+00 -1.2150536e+00 -1.2150536e+00 +3.8299385e+00 +3.8299385e+00 +4.8314658e+00 +4.8314658e+00 +5.1211645e+00 +9.9421756e+00 
-6.6658401e+01 -6.6584950e+01 -3.3672582e+01 -3.3672582e+01 -3.3594745e+01 -3.3064127e+01 -3.2967426e+01 -3.2967426e+01 -5.2641608e+00 -1.9719615e+00 -1.9719615e+00 -1.8118449e+00 -1.2935388e+00 -1.2935388e+00 +3.8714109e+00 +3.8714109e+00 +4.7691489e+00 +4.7691489e+00 +5.4804412e+00 +9.8284112e+00 
-6.6654845e+01 -6.6587228e+01 -3.3671669e+01 -3.3671669e+01 -3.3621214e+01 -3.3044597e+01 -3.2978870e+01 -3.2978870e+01 -5.0636545e+00 -1.9941290e+00 -1.8426576e+00 -1.8426576e+00 -1.3681328e+00 -1.3681328e+00 +3.9142364e+00 +3.9142364e+00 +4.7120186e+00 +4.7120186e+00 +5.8504307e+00 +9.7159671e+00 
-6.6651373e+01 -6.6589420e+01 -3.3670275e+01 -3.3670275e+01 -3.3645568e+01 -3.3027074e+01 -3.2990787e+01 -3.2990787e+01 -4.8600714e+00 -2.1597904e+00 -1.7170179e+00 -1.7170179e+00 -1.4384691e+00 -1.4384691e+00 +3.9580807e+00 +3.9580807e+00 +4.6604622e+00 +4.6604622e+00 +6.2294566e+00 +9.6044637e+00 
-6.6647998e+01 -6.6591518e+01 -3.3668378e+01 -3.3668378e+01 -3.3667681e+01 -3.3011717e+01 -3.3003172e+01 -3.3003172e+01 -4.6536004e+00 -2.3089026e+00 -1.5961790e+00 -1.5961790e+00 -1.5042290e+00 -1.5042290e+00 +4.0026217e+00 +4.0026217e+00 +4.6148210e+00 +4.6148210e+00 +6.6151908e+00 +9.4935493e+00 
-6.6644729e+01 -6.6593514e+01 -3.3687442e+01 -3.3665960e+01 -3.3665960e+01 -3.3016016e+01 -3.3016016e+01 -3.2998669e+01 -4.4444431e+00 -2.4415407e+00 -1.5651400e+00 -1.5651400e+00 -1.4812809e+00 -1.4812809e+00 +4.0475514e+00 +4.0475514e+00 +4.5753777e+00 +4.5753777e+00 +7.0044776e+00 +9.3828961e+00 
-6.6641579e+01 -6.6595402e+01 -3.3704760e+01 -3.3663002e+01 -3.3663002e+01 -3.3029308e+01 -3.3029308e+01 -3.2988056e+01 -4.2328270e+00 -2.5577884e+00 -1.6209730e+00 -1.6209730e+00 -1.3734358e+00 -1.3734358e+00 +4.0925774e+00 +4.0925774e+00 +4.5423404e+00 +4.5423404e+00 +7.3931395e+00 +9.2721978e+00 
-6.6638557e+01 -6.6597177e+01 -3.3719563e+01 -3.3659490e+01 -3.3659490e+01 -3.3043034e+01 -3.3043034e+01 -3.2979983e+01 -4.0190230e+00 -2.6577446e+00 -1.6715401e+00 -1.6715401e+00 -1.2736934e+00 -1.2736934e+00 +4.1374236e+00 +4.1374236e+00 +4.5158267e+00 +4.5158267e+00 +7.7757852e+00 +9.1611683e+00 
-6.6635672e+01 -6.6598834e+01 -3.3731796e+01 -3.3655411e+01 -3.3655411e+01 -3.3057180e+01 -3.3057180e+01 -3.2974538e+01 -3.8033680e+00 -2.7415305e+00 -1.7166918e+00 -1.7166918e+00 -1.1830041e+00 -1.1830041e+00 +4.1818310e+00 +4.1818310e+00 +4.4958478e+00 +4.4958478e+00 +8.1456521e+00 +9.0495440e+00 
-6.6632932e+01 -6.6600370e+01 -3.3741429e+01 -3.3650752e+01 -3.3650752e+01 -3.3071728e+01 -3.3071728e+01 -3.2971782e+01 -3.5862922e+00 -2.8092961e+00 -1.7563148e+00 -1.7563147e+00 -1.1021837e+00 -1.1021837e+00 +4.2255588e+00 +4.2255588e+00 +4.4822949e+00 +4.4822949e+00 +8.4945331e+00 +8.9370856e+00 
-6.6630342e+01 -6.6601782e+01 -3.3748448e+01 -3.3645506e+01 -3.3645506e+01 -3.3086658e+01 -3.3086658e+01 -3.2971759e+01 -3.3683518e+00 -2.8612262e+00 -1.7903292e+00 -1.7903292e+00 -1.0318812e+00 -1.0318812e+00 +4.2683838e+00 +4.2683838e+00 +4.4749312e+00 +4.4749312e+00 +8.8128590e+00 +8.8235828e+00 
-6.6627910e+01 -6.6603070e+01 -3.3752860e+01 -3.3639664e+01 -3.3639664e+01 -3.3101950e+01 -3.3101950e+01 -3.2974486e+01 -3.1502663e+00 -2.8975452e+00 -1.8186870e+00 -1.8186870e+00 -9.7255482e-01 -9.7255481e-01 +4.3101015e+00 +4.3101015e+00 +4.4733894e+00 +4.4733894e+00 +8.7088600e+00 +9.0900132e+00 
-6.6625638e+01 -6.6604233e+01 -3.3754690e+01 -3.3633222e+01 -3.3633222e+01 -3.3117579e+01 -3.3117579e+01 -3.2979958e+01 -2.9329595e+00 -2.9185227e+00 -1.8413695e+00 -1.8413695e+00 -9.2445631e-01 -9.2445631e-01 +4.3505255e+00 +4.3505255e+00 +4.4771786e+00 +4.4771786e+00 +8.5927826e+00 +9.3149519e+00 
-6.6623531e+01 -6.6605272e+01 -3.3753978e+01 -3.3626177e+01 -3.3626177e+01 -3.3133520e+01 -3.3133520e+01 -3.2988148e+01 -2.9244772e+00 -2.7176013e+00 -1.8583860e+00 -1.8583860e+00 -8.8762726e-01 -8.8762726e-01 +4.3894873e+00 +4.3894873e+00 +4.4856991e+00 +4.4856991e+00 +8.4752659e+00 +9.4771594e+00 
-6.6621590e+01 -6.6606190e+01 -3.3750776e+01 -3.3618526e+01 -3.3618526e+01 -3.3149746e+01 -3.3149746e+01 -3.2999006e+01 -2.9157803e+00 -2.5056473e+00 -1.8697720e+00 -1.8697719e+00 -8.6190578e-01 -8.6190578e-01 +4.4268363e+00 +4.4268363e+00 +4.4982644e+00 +4.4982644e+00 +8.3562846e+00 +9.5678899e+00 
-6.6619815e+01 -6.6606989e+01 -3.3745145e+01 -3.3610272e+01 -3.3610272e+01 -3.3166227e+01 -3.3166227e+01 -3.3012456e+01 -2.8928605e+00 -2.2988720e+00 -1.8755879e+00 -1.8755879e+00 -8.4694330e-01 -8.4694330e-01 +4.4624385e+00 +4.4624385e+00 +4.5141301e+00 +4.5141301e+00 +8.2358845e+00 +9.5815362e+00 
-6.6618205e+01 -6.6607674e+01 -3.3737147e+01 -3.3601417e+01 -3.3601417e+01 -3.3182934e+01 -3.3182934e+01 -3.3028405e+01 -2.8562073e+00 -2.0993895e+00 -1.8759186e+00 -1.8759186e+00 -8.4222879e-01 -8.4222879e-01 +4.4961762e+00 +4.4961762e+00 +4.5325242e+00 +4.5325242e+00 +8.1141962e+00 +9.5168622e+00 
-6.6616758e+01 -6.6608250e+01 -3.3726848e+01 -3.3591966e+01 -3.3591966e+01 -3.3199833e+01 -3.3199833e+01 -3.3046737e+01 -2.8063757e+00 -1.9096561e+00 -1.8708721e+00 -1.8708721e+00 -8.4711771e-01 -8.4711771e-01 +4.5279468e+00 +4.5279468e+00 +4.5526784e+00 +4.5526784e+00 +7.9914512e+00 +9.3777876e+00 
-6.6615470e+01 -6.6608722e+01 -3.3714311e+01 -3.3581925e+01 -3.3581925e+01 -3.3216892e+01 -3.3216892e+01 -3.3067315e+01 -2.7439918e+00 -1.8605794e+00 -1.8605794e+00 -1.7324454e+00 -8.6086270e-01 -8.6086269e-01 +4.5576615e+00 +4.5576615e+00 +4.5738552e+00 +4.5738552e+00 +7.8680011e+00 +9.1734681e+00 
-6.6614336e+01 -6.6609099e+01 -3.3699600e+01 -3.3571303e+01 -3.3571303e+01 -3.3234076e+01 -3.3234076e+01 -3.3089988e+01 -2.6697605e+00 -1.8451944e+00 -1.8451944e+00 -1.5707872e+00 -8.8264357e-01 -8.8264357e-01 +4.5852443e+00 +4.5852444e+00 +4.5953714e+00 +4.5953714e+00 +7.7443405e+00 +8.9175778e+00 
-6.6613350e+01 -6.6609388e+01 -3.3682778e+01 -3.3560112e+01 -3.3560112e+01 -3.3251349e+01 -3.3251349e+01 -3.3114585e+01 -2.5844755e+00 -1.8248940e+00 -1.8248940e+00 -1.4278590e+00 -9.1159482e-01 -9.1159482e-01 +4.6106302e+00 +4.6106302e+00 +4.6166136e+00 +4.6166136e+00 +7.6211341e+00 +8.6269105e+00 
-6.6612503e+01 -6.6609597e+01 -3.3663915e+01 -3.3548365e+01 -3.3548365e+01 -3.3268675e+01 -3.3268675e+01 -3.3140922e+01 -2.4890335e+00 -1.7998784e+00 -1.7998784e+00 -1.3068196e+00 -9.4682935e-01 -9.4682935e-01 +4.6337638e+00 +4.6337638e+00 +4.6370488e+00 +4.6370489e+00 +7.4992495e+00 +8.3195928e+00 
-6.6611789e+01 -6.6609737e+01 -3.3643091e+01 -3.3536077e+01 -3.3536077e+01 -3.3286017e+01 -3.3286017e+01 -3.3168800e+01 -2.3844528e+00 -1.7703721e+00 -1.7703721e+00 -1.2105809e+00 -9.8745816e-01 -9.8745816e-01 +4.6545975e+00 +4.6545975e+00 +4.6562278e+00 +4.6562278e+00 +7.3797961e+00 +8.0132638e+00 
-6.6611199e+01 -6.6609817e+01 -3.3620400e+01 -3.3523266e+01 -3.3523266e+01 -3.3303337e+01 -3.3303337e+01 -3.3198012e+01 -2.2718995e+00 -1.7366246e+00 -1.7366246e+00 -1.1415276e+00 -1.0326058e+00 -1.0326058e+00 +4.6730904e+00 +4.6730904e+00 +4.6737835e+00 +4.6737835e+00 +7.2641697e+00 +7.7235261e+00 
-6.6610722e+01 -6.6609848e+01 -3.3595950e+01 -3.3509951e+01 -3.3509951e+01 -3.3320598e+01 -3.3320598e+01 -3.3228339e+01 -2.1527206e+00 -1.6989119e+00 -1.6989119e+00 -1.1012181e+00 -1.0814222e+00 -1.0814222e+00 +4.6892065e+00 +4.6892065e+00 +4.6894262e+00 +4.6894262e+00 +7.1541055e+00 +7.4628567e+00 
-6.6610349e+01 -6.6609841e+01 -3.3569872e+01 -3.3496153e+01 -3.3496153e+01 -3.3337763e+01 -3.3337763e+01 -3.3259556e+01 -2.0284859e+00 -1.6575378e+00 -1.6575378e+00 -1.1330911e+00 -1.1330911e+00 -1.0901249e+00 +4.7029135e+00 +4.7029135e+00 +4.7029351e+00 +4.7029351e+00 +7.0517353e+00 +7.2400398e+00 
-6.6610069e+01 -6.6609809e+01 -3.3542313e+01 -3.3481898e+01 -3.3481898e+01 -3.3354792e+01 -3.3354792e+01 -3.3291431e+01 -1.9010389e+00 -1.6128359e+00 -1.6128359e+00 -1.1868356e+00 -1.1868356e+00 -1.1074864e+00 +4.7141489e+00 +4.7141489e+00 +4.7141818e+00 +4.7141818e+00 +6.9596469e+00 +7.0600977e+00 
-6.6609872e+01 -6.6609762e+01 -3.3513439e+01 -3.3467209e+01 -3.3467209e+01 -3.3371650e+01 -3.3371650e+01 -3.3323731e+01 -1.7725526e+00 -1.5651712e+00 -1.5651712e+00 -1.2419219e+00 -1.2419219e+00 -1.1513244e+00 +4.7229560e+00 +4.7229560e+00 +4.7229842e+00 +4.7229842e+00 +6.8809390e+00 +6.9246361e+00 
-6.6609746e+01 -6.6609713e+01 -3.3483434e+01 -3.3452116e+01 -3.3452116e+01 -3.3388300e+01 -3.3388300e+01 -3.3356221e+01 -1.6455848e+00 -1.5149424e+00 -1.5149424e+00 -1.2976611e+00 -1.2976611e+00 -1.2186392e+00 +4.7292844e+00 +4.7292844e+00 +4.7292957e+00 +4.7292957e+00 +6.8192578e+00 +6.8324823e+00 
-6.6609679e+01 -6.6609675e+01 -3.3452495e+01 -3.3436647e+01 -3.3436647e+01 -3.3404706e+01 -3.3404706e+01 -3.3388665e+01 -1.5231184e+00 -1.4625842e+00 -1.4625842e+00 -1.3534097e+00 -1.3534097e+00 -1.3057313e+00 +4.7330929e+00 +4.7330929e+00 +4.7330945e+00 +4.7330946e+00 +6.7787941e+00 +6.7804679e+00 
-6.6609660e+01 -6.6609660e+01 -3.3420832e+01 -3.3420832e+01 -3.3420832e+01 -3.3420832e+01 -3.3420832e+01 -3.3420832e+01 -1.4085690e+00 -1.4085690e+00 -1.4085690e+00 -1.4085690e+00 -1.4085690e+00 -1.4085690e+00 +4.7343635e+00 +4.7343635e+00 +4.7343635e+00 +4.7343635e+00 +6.7642120e+00 +6.7642120e+00 
-6.6609677e+01 -6.6609677e+01 -3.3448041e+01 -3.3448041e+01 -3.3420623e+01 -3.3420623e+01 -3.3393280e+01 -3.3393280e+01 -1.5038413e+00 -1.5038413e+00 -1.4099960e+00 -1.4099960e+00 -1.3164746e+00 -1.3164746e+00 +4.7326374e+00 +4.7326374e+00 +4.7335966e+00 +4.7335966e+00 +6.7793234e+00 +6.7793234e+00 
-6.6609728e+01 -6.6609728e+01 -3.3474784e+01 -3.3474784e+01 -3.3419994e+01 -3.3419994e+01 -3.3365509e+01 -3.3365509e+01 -1.6017438e+00 -1.6017438e+00 -1.4142507e+00 -1.4142507e+00 -1.2281147e+00 -1.2281147e+00 +4.7274356e+00 +4.7274356e+00 +4.7312955e+00 +4.7312955e+00 +6.8245591e+00 +6.8245591e+00 
-6.6609814e+01 -6.6609814e+01 -3.3500944e+01 -3.3500944e+01 -3.3418949e+01 -3.3418949e+01 -3.3337647e+01 -3.3337647e+01 -1.7017437e+00 -1.7017437e+00 -1.4212559e+00 -1.4212559e+00 -1.1440462e+00 -1.1440462e+00 +4.7186889e+00 +4.7186889e+00 +4.7274634e+00 +4.7274634e+00 +6.8995995e+00 +6.8995995e+00 
-6.6609933e+01 -6.6609933e+01 -3.3526411e+01 -3.3526411e+01 -3.3417492e+01 -3.3417492e+01 -3.3309823e+01 -3.3309823e+01 -1.8033258e+00 -1.8033258e+00 -1.4308844e+00 -1.4308844e+00 -1.0648133e+00 -1.0648133e+00 +4.7062848e+00 +4.7062848e+00 +4.7221162e+00 +4.7221162e+00 +7.0038348e+00 +7.0038348e+00 
-6.6610086e+01 -6.6610086e+01 -3.3551079e+01 -3.3551079e+01 -3.3415629e+01 -3.3415629e+01 -3.3282170e+01 -3.3282170e+01 -1.9059946e+00 -1.9059946e+00 -1.4429630e+00 -1.4429630e+00 -9.9093104e-01 -9.9093104e-01 +4.6900723e+00 +4.6900723e+00 +4.7152942e+00 +4.7152942e+00 +7.1362581e+00 +7.1362581e+00 
-6.6610271e+01 -6.6610271e+01 -3.3574848e+01 -3.3574848e+01 -3.3413368e+01 -3.3413368e+01 -3.3254817e+01 -3.3254817e+01 -2.0092747e+00 -2.0092747e+00 -1.4572765e+00 -1.4572765e+00 -9.2286459e-01 -9.2286459e-01 +4.6698682e+00 +4.6698682e+00 +4.7070704e+00 +4.7070704e+00 +7.2953298e+00 +7.2953298e+00 
-6.6610487e+01 -6.6610487e+01 -3.3597628e+01 -3.3597628e+01 -3.3410718e+01 -3.3410718e+01 -3.3227896e+01 -3.3227896e+01 -2.1127125e+00 -2.1127125e+00 -1.4735724e+00 -1.4735724e+00 -8.6100641e-01 -8.6100641e-01 +4.6454636e+00 +4.6454636e+00 +4.6975552e+00 +4.6975552e+00 +7.4788281e+00 +7.4788281e+00 
-6.6610735e+01 -6.6610735e+01 -3.3619337e+01 -3.3619337e+01 -3.3407690e+01 -3.3407690e+01 -3.3201538e+01 -3.3201538e+01 -2.2158766e+00 -2.2158766e+00 -1.4915671e+00 -1.4915671e+00 -8.0565268e-01 -8.0565268e-01 +4.6166331e+00 +4.6166331e+00 +4.6868939e+00 +4.6868939e+00 +7.6836983e+00 +7.6836983e+00 
-6.6611012e+01 -6.6611012e+01 -3.3639901e+01 -3.3639901e+01 -3.3404297e+01 -3.3404297e+01 -3.3175872e+01 -3.3175872e+01 -2.3183601e+00 -2.3183601e+00 -1.5109514e+00 -1.5109514e+00 -7.5698101e-01 -7.5698101e-01 +4.5831427e+00 +4.5831427e+00 +4.6752618e+00 +4.6752618e+00 +7.9059211e+00 +7.9059211e+00 
-6.6611317e+01 -6.6611317e+01 -3.3659254e+01 -3.3659254e+01 -3.3400553e+01 -3.3400553e+01 -3.3151023e+01 -3.3151023e+01 -2.4197822e+00 -2.4197822e+00 -1.5313970e+00 -1.5313970e+00 -7.1503171e-01 -7.1503171e-01 +4.5447597e+00 +4.5447597e+00 +4.6628554e+00 +4.6628554e+00 +8.1404239e+00 +8.1404239e+00 
-6.6611650e+01 -6.6611650e+01 -3.3677342e+01 -3.3677342e+01 -3.3396474e+01 -3.3396474e+01 -3.3127114e+01 -3.3127114e+01 -2.5197913e+00 -2.5197913e+00 -1.5525625e+00 -1.5525625e+00 -6.7969439e-01 -6.7969439e-01 +4.5012611e+00 +4.5012611e+00 +4.6498833e+00 +4.6498833e+00 +8.3810631e+00 +8.3810631e+00 
-6.6612009e+01 -6.6612009e+01 -3.3694118e+01 -3.3694118e+01 -3.3392077e+01 -3.3392077e+01 -3.3104264e+01 -3.3104264e+01 -2.6180666e+00 -2.6180666e+00 -1.5740989e+00 -1.5740989e+00 -6.5070118e-01 -6.5070118e-01 +4.4524427e+00 +4.4524427e+00 +4.6365575e+00 +4.6365575e+00 +8.6207038e+00 +8.6207038e+00 
-6.6612392e+01 -6.6612392e+01 -3.3709541e+01 -3.3709541e+01 -3.3387379e+01 -3.3387379e+01 -3.3082588e+01 -3.3082588e+01 -2.7143211e+00 -2.7143211e+00 -1.5956554e+00 -1.5956554e+00 -6.2762716e-01 -6.2762716e-01 +4.3981268e+00 +4.3981268e+00 +4.6230848e+00 +4.6230848e+00 +8.8514211e+00 +8.8514211e+00 
-6.6612799e+01 -6.6612799e+01 -3.3723578e+01 -3.3723578e+01 -3.3382403e+01 -3.3382403e+01 -3.3062195e+01 -3.3062195e+01 -2.8083029e+00 -2.8083029e+00 -1.6168844e+00 -1.6168844e+00 -6.0989789e-01 -6.0989789e-01 +4.3381699e+00 +4.3381699e+00 +4.6096603e+00 +4.6096603e+00 +9.0648304e+00 +9.0648304e+00 
-6.6613227e+01 -6.6613227e+01 -3.3736201e+01 -3.3736201e+01 -3.3377168e+01 -3.3377168e+01 -3.3043188e+01 -3.3043188e+01 -2.8997965e+00 -2.8997965e+00 -1.6374453e+00 -1.6374453e+00 -5.9680340e-01 -5.9680340e-01 +4.2724690e+00 +4.2724690e+00 +4.5964613e+00 +4.5964613e+00 +9.2525348e+00 +9.2525348e+00 
-6.6613674e+01 -6.6613674e+01 -3.3747386e+01 -3.3747386e+01 -3.3371696e+01 -3.3371696e+01 -3.3025662e+01 -3.3025662e+01 -2.9886222e+00 -2.9886222e+00 -1.6570090e+00 -1.6570090e+00 -5.8751758e-01 -5.8751758e-01 +4.2009667e+00 +4.2009667e+00 +4.5836432e+00 +4.5836432e+00 +9.4066527e+00 +9.4066527e+00 
-6.6614140e+01 -6.6614140e+01 -3.3757109e+01 -3.3757109e+01 -3.3366013e+01 -3.3366013e+01 -3.3009708e+01 -3.3009708e+01 -3.0746359e+00 -3.0746359e+00 -1.6752606e+00 -1.6752606e+00 -5.8112159e-01 -5.8112159e-01 +4.1236556e+00 +4.1236556e+00 +4.5713360e+00 +4.5713360e+00 +9.5203640e+00 +9.5203640e+00 
-6.6614621e+01 -6.6614621e+01 -3.3765348e+01 -3.3765348e+01 -3.3360141e+01 -3.3360141e+01 -3.2995405e+01 -3.2995405e+01 -3.1577269e+00 -3.1577269e+00 -1.6919026e+00 -1.6919026e+00 -5.7662998e-01 -5.7662998e-01 +4.0405815e+00 +4.0405815e+00 +4.5596425e+00 +4.5596425e+00 +9.5884003e+00 +9.5884003e+00 
-6.6615116e+01 -6.6615116e+01 -3.3772080e+01 -3.3772080e+01 -3.3354107e+01 -3.3354107e+01 -3.2982826e+01 -3.2982826e+01 -3.2378149e+00 -3.2378149e+00 -1.7066569e+00 -1.7066569e+00 -5.7301786e-01 -5.7301786e-01 +3.9518454e+00 +3.9518454e+00 +4.5486363e+00 +4.5486363e+00 +9.6074059e+00 +9.6074059e+00 
-6.6615623e+01 -6.6615623e+01 -3.3777282e+01 -3.3777282e+01 -3.3347937e+01 -3.3347937e+01 -3.2972033e+01 -3.2972033e+01 -3.3148465e+00 -3.3148465e+00 -1.7192667e+00 -1.7192667e+00 -5.6924802e-01 -5.6924802e-01 +3.8576041e+00 +3.8576041e+00 +4.5383614e+00 +4.5383614e+00 +9.5761159e+00 +9.5761159e+00 
-6.6616138e+01 -6.6616138e+01 -3.3780932e+01 -3.3780932e+01 -3.3341657e+01 -3.3341657e+01 -3.2963080e+01 -3.2963080e+01 -3.3887916e+00 -3.3887916e+00 -1.7294980e+00 -1.7294980e+00 -5.6429645e-01 -5.6429645e-01 +3.7580711e+00 +3.7580711e+00 +4.5288318e+00 +4.5288318e+00 +9.4953287e+00 +9.4953287e+00 
-6.6616661e+01 -6.6616661e+01 -3.3783008e+01 -3.3783008e+01 -3.3335296e+01 -3.3335296e+01 -3.2956009e+01 -3.2956009e+01 -3.4596386e+00 -3.4596386e+00 -1.7371412e+00 -1.7371412e+00 -5.5717544e-01 -5.5717544e-01 +3.6535149e+00 +3.6535149e+00 +4.5200305e+00 +4.5200305e+00 +9.3676920e+00 +9.3676920e+00 
-6.6617188e+01 -6.6617188e+01 -3.3783491e+01 -3.3783491e+01 -3.3328882e+01 -3.3328882e+01 -3.2950853e+01 -3.2950853e+01 -3.5273909e+00 -3.5273909e+00 -1.7420119e+00 -1.7420119e+00 -5.4695341e-01 -5.4695341e-01 +3.5442580e+00 +3.5442580e+00 +4.5119092e+00 +4.5119092e+00 +9.1973453e+00 +9.1973453e+00 
-6.6617717e+01 -6.6617717e+01 -3.3782368e+01 -3.3782368e+01 -3.3322443e+01 -3.3322443e+01 -3.2947632e+01 -3.2947632e+01 -3.5920631e+00 -3.5920631e+00 -1.7439521e+00 -1.7439521e+00 -5.3277084e-01 -5.3277084e-01 +3.4306748e+00 +3.4306748e+00 +4.5043868e+00 +4.5043868e+00 +8.9894873e+00 +8.9894873e+00 
-6.6618245e+01 -6.6618245e+01 -3.3779629e+01 -3.3779629e+01 -3.3316008e+01 -3.3316008e+01 -3.2946355e+01 -3.2946355e+01 -3.6536772e+00 -3.6536772e+00 -1.7428318e+00 -1.7428318e+00 -5.1385232e-01 -5.1385232e-01 +3.3131890e+00 +3.3131890e+00 +4.4973466e+00 +4.4973466e+00 +8.7499309e+00 +8.7499309e+00 
-6.6618770e+01 -6.6618770e+01 -3.3775272e+01 -3.3775272e+01 -3.3309606e+01 -3.3309606e+01 -3.2947022e+01 -3.2947022e+01 -3.7122604e+00 -3.7122604e+00 -1.7385496e+00 -1.7385496e+00 -4.8951475e-01 -4.8951475e-01 +3.1922712e+00 +3.1922712e+00 +4.4906318e+00 +4.4906318e+00 +8.4847024e+00 +8.4847024e+00 
-6.6619290e+01 -6.6619290e+01 -3.3769304e+01 -3.3769304e+01 -3.3303266e+01 -3.3303266e+01 -3.2949617e+01 -3.2949617e+01 -3.7678430e+00 -3.7678430e+00 -1.7310353e+00 -1.7310353e+00 -4.5917202e-01 -4.5917202e-01 +3.0684359e+00 +3.0684359e+00 +4.4840377e+00 +4.4840377e+00 +8.1997196e+00 +8.1997196e+00 
-6.6619801e+01 -6.6619801e+01 -3.3761740e+01 -3.3761740e+01 -3.3297016e+01 -3.3297016e+01 -3.2954114e+01 -3.2954114e+01 -3.8204566e+00 -3.8204566e+00 -1.7202508e+00 -1.7202508e+00 -4.2233695e-01 -4.2233695e-01 +2.9422391e+00 +2.9422391e+00 +4.4772990e+00 +4.4772990e+00 +7.9005673e+00 +7.9005673e+00 
-6.6620301e+01 -6.6620301e+01 -3.3752609e+01 -3.3752609e+01 -3.3290885e+01 -3.3290885e+01 -3.2960476e+01 -3.2960476e+01 -3.8701334e+00 -3.8701334e+00 -1.7061938e+00 -1.7061938e+00 -3.7862110e-01 -3.7862110e-01 +2.8142765e+00 +2.8142765e+00 +4.4700687e+00 +4.4700687e+00 +7.5923700e+00 +7.5923700e+00 
-6.6620789e+01 -6.6620789e+01 -3.3741946e+01 -3.3741946e+01 -3.3284900e+01 -3.3284900e+01 -3.2968652e+01 -3.2968652e+01 -3.9169053e+00 -3.9169053e+00 -1.6888999e+00 -1.6888999e+00 -3.2773348e-01 -3.2773348e-01 +2.6851817e+00 +2.6851817e+00 +4.4618844e+00 +4.4618844e+00 +7.2797571e+00 +7.2797571e+00 
-6.6621261e+01 -6.6621261e+01 -3.3729801e+01 -3.3729801e+01 -3.3279091e+01 -3.3279091e+01 -3.2978577e+01 -3.2978577e+01 -3.9608037e+00 -3.9608037e+00 -1.6684475e+00 -1.6684475e+00 -2.6947903e-01 -2.6947903e-01 +2.5556255e+00 +2.5556255e+00 +4.4521123e+00 +4.4521123e+00 +6.9669120e+00 +6.9669120e+00 
-6.6621717e+01 -6.6621717e+01 -3.3716235e+01 -3.3716235e+01 -3.3273482e+01 -3.3273482e+01 -3.2990176e+01 -3.2990176e+01 -4.0018591e+00 -4.0018591e+00 -1.6449622e+00 -1.6449622e+00 -2.0375801e-01 -2.0375801e-01 +2.4263167e+00 +2.4263167e+00 +4.4398534e+00 +4.4398534e+00 +6.6577029e+00 +6.6577029e+00 
-6.6622153e+01 -6.6622153e+01 -3.3701323e+01 -3.3701323e+01 -3.3268101e+01 -3.3268101e+01 -3.3003359e+01 -3.3003359e+01 -4.0401016e+00 -4.0401016e+00 -1.6186231e+00 -1.6186231e+00 -1.3056748e-01 -1.3056748e-01 +2.2980035e+00 +2.2980035e+00 +4.4237856e+00 +4.4237856e+00 +6.3559064e+00 +6.3559064e+00 
-6.6622567e+01 -6.6622567e+01 -3.3685153e+01 -3.3685153e+01 -3.3262971e+01 -3.3262971e+01 -3.3018019e+01 -3.3018019e+01 -4.0755599e+00 -4.0755599e+00 -1.5896699e+00 -1.5896699e+00 -5.0006267e-02 -5.0006267e-02 +2.1714765e+00 +2.1714765e+00 +4.4018983e+00 +4.4018983e+00 +6.0655567e+00 +6.0655567e+00 
-6.6622959e+01 -6.6622959e+01 -3.3667829e+01 -3.3667829e+01 -3.3258118e+01 -3.3258118e+01 -3.3034035e+01 -3.3034035e+01 -4.1082623e+00 -4.1082623e+00 -1.5584116e+00 -1.5584116e+00 +3.7714646e-02 +3.7714646e-02 +2.0475737e+00 +2.0475737e+00 +4.3710666e+00 +4.3710666e+00 +5.7914630e+00 +5.7914630e+00 
-6.6623326e+01 -6.6623326e+01 -3.3649477e+01 -3.3649477e+01 -3.3253564e+01 -3.3253564e+01 -3.3051266e+01 -3.3051266e+01 -4.1382356e+00 -4.1382356e+00 -1.5252363e+00 -1.5252363e+00 +1.3225365e-01 +1.3225365e-01 +1.9271861e+00 +1.9271861e+00 +4.3264800e+00 +4.3264800e+00 +5.5398781e+00 +5.5398781e+00 
-6.6623667e+01 -6.6623667e+01 -3.3630241e+01 -3.3630241e+01 -3.3249329e+01 -3.3249329e+01 -3.3069549e+01 -3.3069549e+01 -4.1655058e+00 -4.1655058e+00 -1.4906213e+00 -1.4906213e+00 +2.3310814e-01 +2.3310814e-01 +1.8112656e+00 +1.8112656e+00 +4.2613207e+00 +4.2613207e+00 +5.3189234e+00 +5.3189234e+00 
-6.6623979e+01 -6.6623979e+01 -3.3610299e+01 -3.3610299e+01 -3.3245435e+01 -3.3245435e+01 -3.3088690e+01 -3.3088690e+01 -4.1900974e+00 -4.1900974e+00 -1.4551440e+00 -1.4551440e+00 +3.3956624e-01 +3.3956624e-01 +1.7008315e+00 +1.7008315e+00 +4.1680739e+00 +4.1680739e+00 +5.1373895e+00 +5.1373895e+00 
-6.6624263e+01 -6.6624263e+01 -3.3589865e+01 -3.3589865e+01 -3.3241900e+01 -3.3241900e+01 -3.3108458e+01 -3.3108458e+01 -4.2120334e+00 -4.2120334e+00 -1.4194905e+00 -1.4194905e+00 +4.5063169e-01 +4.5063169e-01 +1.5969776e+00 +1.5969776e+00 +4.0430316e+00 +4.0430316e+00 +5.0003633e+00 +5.0003633e+00 
-6.6624516e+01 -6.6624516e+01 -3.3569212e+01 -3.3569212e+01 -3.3238739e+01 -3.3238739e+01 -3.3128566e+01 -3.3128566e+01 -4.2313351e+00 -4.2313351e+00 -1.3844608e+00 -1.3844608e+00 +5.6490812e-01 +5.6490812e-01 +1.5008741e+00 +1.5008741e+00 +3.8909492e+00 +3.8909492e+00 +4.9047312e+00 +4.9047312e+00 
-6.6624738e+01 -6.6624738e+01 -3.3548688e+01 -3.3548688e+01 -3.3235969e+01 -3.3235969e+01 -3.3148650e+01 -3.3148650e+01 -4.2480219e+00 -4.2480219e+00 -1.3509649e+00 -1.3509649e+00 +6.8042380e-01 +6.8042380e-01 +1.4137627e+00 +1.4137627e+00 +3.7234507e+00 +3.7234507e+00 +4.8409876e+00 +4.8409876e+00 
-6.6624927e+01 -6.6624927e+01 -3.3528759e+01 -3.3528759e+01 -3.3233602e+01 -3.3233602e+01 -3.3168230e+01 -3.3168230e+01 -4.2621111e+00 -4.2621111e+00 -1.3200075e+00 -1.3200075e+00 +7.9437460e-01 +7.9437460e-01 +1.3369385e+00 +1.3369385e+00 +3.5535003e+00 +3.5535003e+00 +4.7990493e+00 +4.7990493e+00 
-6.6625083e+01 -6.6625083e+01 -3.3510058e+01 -3.3510058e+01 -3.3231650e+01 -3.3231650e+01 -3.3186662e+01 -3.3186662e+01 -4.2736176e+00 -4.2736176e+00 -1.2926523e+00 -1.2926523e+00 +9.0277645e-01 +9.0277645e-01 +1.2717134e+00 +1.2717134e+00 +3.3925900e+00 +3.3925900e+00 +4.7714398e+00 +4.7714398e+00 
-6.6625205e+01 -6.6625205e+01 -3.3493451e+01 -3.3493451e+01 -3.3230122e+01 -3.3230122e+01 -3.3203072e+01 -3.3203072e+01 -4.2825539e+00 -4.2825539e+00 -1.2699643e+00 -1.2699643e+00 +1.0000854e+00 +1.0000854e+00 +1.2193570e+00 +1.2193570e+00 +3.2510283e+00 +3.2510283e+00 +4.7533980e+00 +4.7533980e+00 
-6.6625292e+01 -6.6625292e+01 -3.3480071e+01 -3.3480071e+01 -3.3229025e+01 -3.3229025e+01 -3.3216316e+01 -3.3216316e+01 -4.2889298e+00 -4.2889298e+00 -1.2529278e+00 -1.2529278e+00 +1.0790398e+00 +1.0790398e+00 +1.1810138e+00 +1.1810138e+00 +3.1389174e+00 +3.1389174e+00 +4.7420735e+00 +4.7420735e+00 
-6.6625345e+01 -6.6625345e+01 -3.3471242e+01 -3.3471242e+01 -3.3228365e+01 -3.3228365e+01 -3.3225066e+01 -3.3225066e+01 -4.2927525e+00 -4.2927525e+00 -1.2423493e+00 -1.2423493e+00 +1.1313235e+00 +1.1313235e+00 +1.1576051e+00 +1.1576051e+00 +3.0661924e+00 +3.0661924e+00 +4.7358336e+00 +4.7358336e+00 
-6.6625362e+01 -6.6625362e+01 -3.3468137e+01 -3.3468137e+01 -3.3228145e+01 -3.3228145e+01 -3.3228145e+01 -3.3228145e+01 -4.2940262e+00 -4.2940262e+00 -1.2387610e+00 -1.2387610e+00 +1.1497324e+00 +1.1497324e+00 +1.1497324e+00 +1.1497324e+00 +3.0408850e+00 +3.0408850e+00 +4.7338396e+00 +4.7338396e+00 
-6.6617557e+01 -6.6617557e+01 -3.3945435e+01 -3.3945435e+01 -3.3201197e+01 -3.3201197e+01 -3.2830631e+01 -3.2830631e+01 -4.9354149e+00 -4.9354149e+00 -1.9252927e+00 -1.9252927e+00 +3.5342556e+00 +3.5342556e+00 +4.6068758e+00 +4.6068758e+00 +7.5500129e+00 +7.5500129e+00 +1.1379173e+01 +1.1379173e+01 
-6.6617539e+01 -6.6617539e+01 -3.3945032e+01 -3.3945032e+01 -3.3201710e+01 -3.3201710e+01 -3.2831307e+01 -3.2831307e+01 -4.9299665e+00 -4.9299665e+00 -1.9261756e+00 -1.9261756e+00 +3.5366708e+00 +3.5366708e+00 +4.6071610e+00 +4.6071610e+00 +7.5096506e+00 +7.5096506e+00 +1.1370994e+01 +1.1370994e+01 
-6.6617484e+01 -6.6617484e+01 -3.3943817e+01 -3.3943817e+01 -3.3203244e+01 -3.3203244e+01 -3.2833331e+01 -3.2833331e+01 -4.9136380e+00 -4.9136380e+00 -1.9287998e+00 -1.9287998e+00 +3.5439041e+00 +3.5439041e+00 +4.6080140e+00 +4.6080140e+00 +7.3902509e+00 +7.3902509e+00 +1.1346504e+01 +1.1346504e+01 
-6.6617395e+01 -6.6617395e+01 -3.3941769e+01 -3.3941769e+01 -3.3205784e+01 -3.3205784e+01 -3.2836701e+01 -3.2836701e+01 -4.8864795e+00 -4.8864795e+00 -1.9330933e+00 -1.9330933e+00 +3.5559191e+00 +3.5559191e+00 +4.6094276e+00 +4.6094276e+00 +7.1967014e+00 +7.1967014e+00 +1.1305848e+01 +1.1305848e+01 
-6.6617270e+01 -6.6617270e+01 -3.3938856e+01 -3.3938856e+01 -3.3209304e+01 -3.3209304e+01 -3.2841406e+01 -3.2841406e+01 -4.8485744e+00 -4.8485744e+00 -1.9389374e+00 -1.9389374e+00 +3.5726542e+00 +3.5726542e+00 +4.6113892e+00 +4.6113892e+00 +6.9366036e+00 +6.9366036e+00 +1.1249259e+01 +1.1249259e+01 
-6.6617112e+01 -6.6617112e+01 -3.3935037e+01 -3.3935037e+01 -3.3213770e+01 -3.3213770e+01 -3.2847437e+01 -3.2847437e+01 -4.8000393e+00 -4.8000393e+00 -1.9461695e+00 -1.9461695e+00 +3.5940223e+00 +3.5940223e+00 +4.6138818e+00 +4.6138818e+00 +6.6195587e+00 +6.6195587e+00 +1.1177062e+01 +1.1177062e+01 
-6.6616922e+01 -6.6616922e+01 -3.3930265e+01 -3.3930265e+01 -3.3219139e+01 -3.3219139e+01 -3.2854780e+01 -3.2854780e+01 -4.7410236e+00 -4.7410236e+00 -1.9545861e+00 -1.9545861e+00 +3.6199095e+00 +3.6199095e+00 +4.6168834e+00 +4.6168834e+00 +6.2563477e+00 +6.2563477e+00 +1.1089669e+01 +1.1089669e+01 
-6.6616701e+01 -6.6616701e+01 -3.3924492e+01 -3.3924492e+01 -3.3225358e+01 -3.3225358e+01 -3.2863416e+01 -3.2863416e+01 -4.6717100e+00 -4.6717100e+00 -1.9639466e+00 -1.9639466e+00 +3.6501738e+00 +3.6501738e+00 +4.6203678e+00 +4.6203678e+00 +5.8581231e+00 +5.8581231e+00 +1.0987571e+01 +1.0987571e+01 
-6.6616452e+01 -6.6616452e+01 -3.3917671e+01 -3.3917671e+01 -3.3232367e+01 -3.3232367e+01 -3.2873326e+01 -3.2873326e+01 -4.5923141e+00 -4.5923141e+00 -1.9739779e+00 -1.9739779e+00 +3.6846438e+00 +3.6846438e+00 +4.6243043e+00 +4.6243043e+00 +5.4357087e+00 +5.4357087e+00 +1.0871335e+01 +1.0871335e+01 
-6.6616177e+01 -6.6616177e+01 -3.3909760e+01 -3.3909760e+01 -3.3240097e+01 -3.3240097e+01 -3.2884487e+01 -3.2884487e+01 -4.5030857e+00 -4.5030857e+00 -1.9843788e+00 -1.9843788e+00 +3.7231165e+00 +3.7231165e+00 +4.6286583e+00 +4.6286583e+00 +4.9990661e+00 +4.9990661e+00 +1.0741597e+01 +1.0741597e+01 
-6.6615879e+01 -6.6615879e+01 -3.3900724e+01 -3.3900724e+01 -3.3248475e+01 -3.3248475e+01 -3.2896871e+01 -3.2896871e+01 -4.4043097e+00 -4.4043097e+00 -1.9948247e+00 -1.9948247e+00 +3.7653558e+00 +3.7653558e+00 +4.5569460e+00 +4.5569460e+00 +4.6333913e+00 +4.6333913e+00 +1.0599061e+01 +1.0599061e+01 
-6.6615560e+01 -6.6615560e+01 -3.3890534e+01 -3.3890534e+01 -3.3257419e+01 -3.3257419e+01 -3.2910450e+01 -3.2910450e+01 -4.2963083e+00 -4.2963083e+00 -2.0049728e+00 -2.0049728e+00 +3.8110901e+00 +3.8110901e+00 +4.1167125e+00 +4.1167125e+00 +4.6384613e+00 +4.6384613e+00 +1.0444493e+01 +1.0444493e+01 
-6.6615223e+01 -6.6615223e+01 -3.3879175e+01 -3.3879175e+01 -3.3266847e+01 -3.3266847e+01 -3.2925193e+01 -3.2925193e+01 -4.1794443e+00 -4.1794443e+00 -2.0144660e+00 -2.0144660e+00 +3.6843106e+00 +3.6843106e+00 +3.8600109e+00 +3.8600109e+00 +4.6438234e+00 +4.6438234e+00 +1.0278718e+01 +1.0278718e+01 
-6.6614871e+01 -6.6614871e+01 -3.3866638e+01 -3.3866638e+01 -3.3276667e+01 -3.3276667e+01 -3.2941063e+01 -3.2941063e+01 -4.0541255e+00 -4.0541255e+00 -2.0229376e+00 -2.0229376e+00 +3.2643359e+00 +3.2643359e+00 +3.9117702e+00 +3.9117702e+00 +4.6494298e+00 +4.6494298e+00 +1.0102619e+01 +1.0102619e+01 
-6.6614509e+01 -6.6614509e+01 -3.3852926e+01 -3.3852926e+01 -3.3286788e+01 -3.3286788e+01 -3.2958024e+01 -3.2958024e+01 -3.9208118e+00 -3.9208118e+00 -2.0300147e+00 -2.0300147e+00 +2.8601703e+00 +2.8601703e+00 +3.9659792e+00 +3.9659792e+00 +4.6552304e+00 +4.6552304e+00 +9.9171463e+00 +9.9171463e+00 
-6.6614138e+01 -6.6614138e+01 -3.3838050e+01 -3.3838050e+01 -3.3297117e+01 -3.3297117e+01 -3.2976036e+01 -3.2976036e+01 -3.7800238e+00 -3.7800238e+00 -2.0353215e+00 -2.0353215e+00 +2.4741516e+00 +2.4741516e+00 +4.0222069e+00 +4.0222069e+00 +4.6611732e+00 +4.6611732e+00 +9.7233132e+00 +9.7233132e+00 
-6.6613762e+01 -6.6613762e+01 -3.3822030e+01 -3.3822030e+01 -3.3307557e+01 -3.3307557e+01 -3.2995055e+01 -3.2995055e+01 -3.6323545e+00 -3.6323545e+00 -2.0384820e+00 -2.0384820e+00 +2.1077515e+00 +2.1077515e+00 +4.0799790e+00 +4.0799790e+00 +4.6672048e+00 +4.6672048e+00 +9.5222120e+00 +9.5222120e+00 
-6.6613385e+01 -6.6613385e+01 -3.3804895e+01 -3.3804895e+01 -3.3318013e+01 -3.3318013e+01 -3.3015037e+01 -3.3015037e+01 -3.4784840e+00 -3.4784840e+00 -2.0391219e+00 -2.0391219e+00 +1.7617473e+00 +1.7617473e+00 +4.1387776e+00 +4.1387776e+00 +4.6732708e+00 +4.6732708e+00 +9.3150247e+00 +9.3150247e+00 
-6.6613011e+01 -6.6613011e+01 -3.3786679e+01 -3.3786679e+01 -3.3328390e+01 -3.3328390e+01 -3.3035935e+01 -3.3035935e+01 -3.3191985e+00 -3.3191985e+00 -2.0368700e+00 -2.0368700e+00 +1.4363765e+00 +1.4363765e+00 +4.1980422e+00 +4.1980422e+00 +4.6793162e+00 +4.6793162e+00 +9.1030407e+00 +9.1030407e+00 
-6.6612642e+01 -6.6612642e+01 -3.3767425e+01 -3.3767425e+01 -3.3338594e+01 -3.3338594e+01 -3.3057698e+01 -3.3057698e+01 -3.1554124e+00 -3.1554124e+00 -2.0313593e+00 -2.0313593e+00 +1.1314716e+00 +1.1314716e+00 +4.2571711e+00 +4.2571711e+00 +4.6852860e+00 +4.6852860e+00 +8.8876784e+00 +8.8876784e+00 
-6.6612283e+01 -6.6612283e+01 -3.3747179e+01 -3.3747179e+01 -3.3348535e+01 -3.3348535e+01 -3.3080275e+01 -3.3080275e+01 -2.9881954e+00 -2.9881954e+00 -2.0222266e+00 -2.0222266e+00 +8.4657068e-01 +8.4657068e-01 +4.3155251e+00 +4.3155251e+00 +4.6911260e+00 +4.6911260e+00 +8.6705115e+00 +8.6705115e+00 
-6.6611935e+01 -6.6611935e+01 -3.3725992e+01 -3.3725992e+01 -3.3358125e+01 -3.3358125e+01 -3.3103612e+01 -3.3103612e+01 -2.8188026e+00 -2.8188026e+00 -2.0091128e+00 -2.0091128e+00 +5.8100858e-01 +5.8100858e-01 +4.3724333e+00 +4.3724333e+00 +4.6967826e+00 +4.6967826e+00 +8.4532973e+00 +8.4532973e+00 
-6.6611604e+01 -6.6611604e+01 -3.3703919e+01 -3.3703919e+01 -3.3367280e+01 -3.3367280e+01 -3.3127652e+01 -3.3127652e+01 -2.6487080e+00 -2.6487080e+00 -1.9916616e+00 -1.9916616e+00 +3.3398785e-01 +3.3398785e-01 +4.4272012e+00 +4.4272012e+00 +4.7022039e+00 +4.7022039e+00 +8.2380069e+00 +8.2380069e+00 
-6.6611290e+01 -6.6611290e+01 -3.3681019e+01 -3.3681019e+01 -3.3375919e+01 -3.3375919e+01 -3.3152337e+01 -3.3152337e+01 -2.4796382e+00 -2.4796382e+00 -1.9695182e+00 -1.9695182e+00 +1.0463385e-01 +1.0463385e-01 +4.4791236e+00 +4.4791236e+00 +4.7073402e+00 +4.7073402e+00 +8.0268528e+00 +8.0268528e+00 
-6.6610998e+01 -6.6610998e+01 -3.3657352e+01 -3.3657352e+01 -3.3383970e+01 -3.3383970e+01 -3.3177608e+01 -3.3177608e+01 -2.3136037e+00 -2.3136037e+00 -1.9423280e+00 -1.9423280e+00 -1.0796398e-01 -1.0796398e-01 +4.5275028e+00 +4.5275028e+00 +4.7121438e+00 +4.7121438e+00 +7.8223089e+00 +7.8223089e+00 
-6.6610730e+01 -6.6610730e+01 -3.3632983e+01 -3.3632983e+01 -3.3391364e+01 -3.3391364e+01 -3.3203404e+01 -3.3203404e+01 -2.1529206e+00 -2.1529206e+00 -1.9097338e+00 -1.9097338e+00 -3.0472181e-01 -3.0472181e-01 +4.5716741e+00 +4.5716741e+00 +4.7165704e+00 +4.7165704e+00 +7.6271144e+00 +7.6271144e+00 
-6.6610487e+01 -6.6610487e+01 -3.3607977e+01 -3.3607977e+01 -3.3398038e+01 -3.3398038e+01 -3.3229661e+01 -3.3229661e+01 -2.0002167e+00 -2.0002167e+00 -1.8713737e+00 -1.8713737e+00 -4.8653998e-01 -4.8653998e-01 +4.6110411e+00 +4.6110411e+00 +4.7205790e+00 +4.7205790e+00 +7.4442522e+00 +7.4442522e+00 
-6.6610273e+01 -6.6610273e+01 -3.3582401e+01 -3.3582401e+01 -3.3403937e+01 -3.3403937e+01 -3.3256315e+01 -3.3256315e+01 -1.8584080e+00 -1.8584080e+00 -1.8268782e+00 -1.8268782e+00 -6.5428840e-01 -6.5428840e-01 +4.6451198e+00 +4.6451198e+00 +4.7241321e+00 +4.7241321e+00 +7.2768892e+00 +7.2768892e+00 
-6.6610089e+01 -6.6610089e+01 -3.3556322e+01 -3.3556322e+01 -3.3409012e+01 -3.3409012e+01 -3.3283300e+01 -3.3283300e+01 -1.7758669e+00 -1.7758669e+00 -1.7306353e+00 -1.7306353e+00 -8.0879723e-01 -8.0879723e-01 +4.6735881e+00 +4.6735881e+00 +4.7271968e+00 +4.7271968e+00 +7.1282703e+00 +7.1282703e+00 
-6.6609936e+01 -6.6609936e+01 -3.3529810e+01 -3.3529810e+01 -3.3413221e+01 -3.3413221e+01 -3.3310551e+01 -3.3310551e+01 -1.7179454e+00 -1.7179454e+00 -1.6201469e+00 -1.6201469e+00 -9.5085153e-01 -9.5085153e-01 +4.6963305e+00 +4.6963305e+00 +4.7297443e+00 +4.7297443e+00 +7.0015637e+00 +7.0015637e+00 
-6.6609816e+01 -6.6609816e+01 -3.3502934e+01 -3.3502934e+01 -3.3416531e+01 -3.3416531e+01 -3.3337998e+01 -3.3337998e+01 -1.6527015e+00 -1.6527015e+00 -1.5301220e+00 -1.5301220e+00 -1.0811889e+00 -1.0811889e+00 +4.7134545e+00 +4.7134545e+00 +4.7317509e+00 +4.7317509e+00 +6.8996726e+00 +6.8996726e+00 
-6.6609729e+01 -6.6609729e+01 -3.3475766e+01 -3.3475766e+01 -3.3418914e+01 -3.3418914e+01 -3.3365574e+01 -3.3365574e+01 -1.5797018e+00 -1.5797018e+00 -1.4634395e+00 -1.4634395e+00 -1.2004992e+00 -1.2004992e+00 +4.7252560e+00 +4.7252560e+00 +4.7331978e+00 +4.7331978e+00 +6.8250444e+00 +6.8250444e+00 
-6.6609677e+01 -6.6609677e+01 -3.3448375e+01 -3.3448375e+01 -3.3420352e+01 -3.3420352e+01 -3.3393209e+01 -3.3393209e+01 -1.4984870e+00 -1.4984870e+00 -1.4224181e+00 -1.4224181e+00 -1.3094260e+00 -1.3094260e+00 +4.7321182e+00 +4.7321182e+00 +4.7340714e+00 +4.7340714e+00 +6.7795149e+00 +6.7795149e+00 
-6.6609660e+01 -6.6609660e+01 -3.3420832e+01 -3.3420832e+01 -3.3420832e+01 -3.3420832e+01 -3.3420832e+01 -3.3420832e+01 -1.4085690e+00 -1.4085690e+00 -1.4085690e+00 -1.4085690e+00 -1.4085690e+00 -1.4085690e+00 +4.7343635e+00 +4.7343635e+00 +4.7343635e+00 +4.7343635e+00 +6.7642120e+00 +6.7642120e+00 
